"Lon","Lat","Year","Month","Station","Rain"
115.77,-33.29,1942,1,"009657",NA
115.77,-33.29,1942,2,"009657",1.8
115.77,-33.29,1942,3,"009657",57.8
115.77,-33.29,1942,4,"009657",69.8
115.77,-33.29,1942,5,"009657",188.9
115.77,-33.29,1942,6,"009657",241.1
115.77,-33.29,1942,7,"009657",194.9
115.77,-33.29,1942,8,"009657",222.8
115.77,-33.29,1942,9,"009657",163.3
115.77,-33.29,1942,10,"009657",67.2
115.77,-33.29,1942,11,"009657",11.2
115.77,-33.29,1942,12,"009657",5.6
115.77,-33.29,1943,1,"009657",35.8
115.77,-33.29,1943,2,"009657",7.3
115.77,-33.29,1943,3,"009657",99.1
115.77,-33.29,1943,4,"009657",62
115.77,-33.29,1943,5,"009657",60.6
115.77,-33.29,1943,6,"009657",179.1
115.77,-33.29,1943,7,"009657",166.5
115.77,-33.29,1943,8,"009657",118.5
115.77,-33.29,1943,9,"009657",154.2
115.77,-33.29,1943,10,"009657",17.6
115.77,-33.29,1943,11,"009657",0
115.77,-33.29,1943,12,"009657",23.9
115.77,-33.29,1944,1,"009657",1.8
115.77,-33.29,1944,2,"009657",0
115.77,-33.29,1944,3,"009657",10.9
115.77,-33.29,1944,4,"009657",25.1
115.77,-33.29,1944,5,"009657",126.9
115.77,-33.29,1944,6,"009657",142.1
115.77,-33.29,1944,7,"009657",233.3
115.77,-33.29,1944,8,"009657",89.2
115.77,-33.29,1944,9,"009657",53
115.77,-33.29,1944,10,"009657",52.3
115.77,-33.29,1944,11,"009657",43.9
115.77,-33.29,1944,12,"009657",61.2
115.77,-33.29,1945,1,"009657",2.3
115.77,-33.29,1945,2,"009657",4
115.77,-33.29,1945,3,"009657",27.2
115.77,-33.29,1945,4,"009657",19.6
115.77,-33.29,1945,5,"009657",304.1
115.77,-33.29,1945,6,"009657",441.1
115.77,-33.29,1945,7,"009657",155.3
115.77,-33.29,1945,8,"009657",262.2
115.77,-33.29,1945,9,"009657",109.8
115.77,-33.29,1945,10,"009657",19.1
115.77,-33.29,1945,11,"009657",46.6
115.77,-33.29,1945,12,"009657",31.7
115.77,-33.29,1946,1,"009657",4.6
115.77,-33.29,1946,2,"009657",1.8
115.77,-33.29,1946,3,"009657",22.6
115.77,-33.29,1946,4,"009657",34
115.77,-33.29,1946,5,"009657",164.7
115.77,-33.29,1946,6,"009657",190.1
115.77,-33.29,1946,7,"009657",450.5
115.77,-33.29,1946,8,"009657",121.5
115.77,-33.29,1946,9,"009657",35
115.77,-33.29,1946,10,"009657",6.4
115.77,-33.29,1946,11,"009657",64.2
115.77,-33.29,1946,12,"009657",30.8
115.77,-33.29,1947,1,"009657",2.8
115.77,-33.29,1947,2,"009657",3.3
115.77,-33.29,1947,3,"009657",4
115.77,-33.29,1947,4,"009657",65.5
115.77,-33.29,1947,5,"009657",233.7
115.77,-33.29,1947,6,"009657",401.1
115.77,-33.29,1947,7,"009657",124.4
115.77,-33.29,1947,8,"009657",104.1
115.77,-33.29,1947,9,"009657",98.1
115.77,-33.29,1947,10,"009657",83.4
115.77,-33.29,1947,11,"009657",5.1
115.77,-33.29,1947,12,"009657",2.3
115.77,-33.29,1948,1,"009657",0
115.77,-33.29,1948,2,"009657",0
115.77,-33.29,1948,3,"009657",7.6
115.77,-33.29,1948,4,"009657",53.6
115.77,-33.29,1948,5,"009657",16.4
115.77,-33.29,1948,6,"009657",175.7
115.77,-33.29,1948,7,"009657",240.6
115.77,-33.29,1948,8,"009657",186
115.77,-33.29,1948,9,"009657",111.6
115.77,-33.29,1948,10,"009657",44.3
115.77,-33.29,1948,11,"009657",29.4
115.77,-33.29,1948,12,"009657",31.6
115.77,-33.29,1949,1,"009657",5.4
115.77,-33.29,1949,2,"009657",0
115.77,-33.29,1949,3,"009657",33.8
115.77,-33.29,1949,4,"009657",96.5
115.77,-33.29,1949,5,"009657",15.7
115.77,-33.29,1949,6,"009657",122.1
115.77,-33.29,1949,7,"009657",252.4
115.77,-33.29,1949,8,"009657",217.6
115.77,-33.29,1949,9,"009657",81.9
115.77,-33.29,1949,10,"009657",106.8
115.77,-33.29,1949,11,"009657",14.5
115.77,-33.29,1949,12,"009657",0
115.77,-33.29,1950,1,"009657",9.4
115.77,-33.29,1950,2,"009657",1.3
115.77,-33.29,1950,3,"009657",0
115.77,-33.29,1950,4,"009657",10.2
115.77,-33.29,1950,5,"009657",132.6
115.77,-33.29,1950,6,"009657",208.9
115.77,-33.29,1950,7,"009657",202.7
115.77,-33.29,1950,8,"009657",136.4
115.77,-33.29,1950,9,"009657",120.3
115.77,-33.29,1950,10,"009657",52.5
115.77,-33.29,1950,11,"009657",57.8
115.77,-33.29,1950,12,"009657",20.9
115.77,-33.29,1951,1,"009657",7.6
115.77,-33.29,1951,2,"009657",17.8
115.77,-33.29,1951,3,"009657",6.6
115.77,-33.29,1951,4,"009657",82.9
115.77,-33.29,1951,5,"009657",83
115.77,-33.29,1951,6,"009657",276.8
115.77,-33.29,1951,7,"009657",96
115.77,-33.29,1951,8,"009657",153.6
115.77,-33.29,1951,9,"009657",74.4
115.77,-33.29,1951,10,"009657",73.7
115.77,-33.29,1951,11,"009657",41.4
115.77,-33.29,1951,12,"009657",26
115.77,-33.29,1952,1,"009657",3
115.77,-33.29,1952,2,"009657",2.5
115.77,-33.29,1952,3,"009657",32.3
115.77,-33.29,1952,4,"009657",2.3
115.77,-33.29,1952,5,"009657",212.3
115.77,-33.29,1952,6,"009657",269.8
115.77,-33.29,1952,7,"009657",101.1
115.77,-33.29,1952,8,"009657",128.1
115.77,-33.29,1952,9,"009657",72.5
115.77,-33.29,1952,10,"009657",77.2
115.77,-33.29,1952,11,"009657",35.8
115.77,-33.29,1952,12,"009657",10.4
115.77,-33.29,1953,1,"009657",1.3
115.77,-33.29,1953,2,"009657",46.8
115.77,-33.29,1953,3,"009657",3.3
115.77,-33.29,1953,4,"009657",18.1
115.77,-33.29,1953,5,"009657",159.8
115.77,-33.29,1953,6,"009657",221.8
115.77,-33.29,1953,7,"009657",144.2
115.77,-33.29,1953,8,"009657",62.3
115.77,-33.29,1953,9,"009657",62.9
115.77,-33.29,1953,10,"009657",164
115.77,-33.29,1953,11,"009657",44.6
115.77,-33.29,1953,12,"009657",0
115.77,-33.29,1954,1,"009657",3.8
115.77,-33.29,1954,2,"009657",3
115.77,-33.29,1954,3,"009657",7.2
115.77,-33.29,1954,4,"009657",82.2
115.77,-33.29,1954,5,"009657",169.7
115.77,-33.29,1954,6,"009657",102.2
115.77,-33.29,1954,7,"009657",230.1
115.77,-33.29,1954,8,"009657",90.8
115.77,-33.29,1954,9,"009657",52.1
115.77,-33.29,1954,10,"009657",55.1
115.77,-33.29,1954,11,"009657",40.9
115.77,-33.29,1954,12,"009657",11.4
115.77,-33.29,1955,1,"009657",4.3
115.77,-33.29,1955,2,"009657",77.3
115.77,-33.29,1955,3,"009657",0
115.77,-33.29,1955,4,"009657",52.7
115.77,-33.29,1955,5,"009657",137
115.77,-33.29,1955,6,"009657",129.1
115.77,-33.29,1955,7,"009657",210.2
115.77,-33.29,1955,8,"009657",333.3
115.77,-33.29,1955,9,"009657",141.1
115.77,-33.29,1955,10,"009657",107
115.77,-33.29,1955,11,"009657",15.8
115.77,-33.29,1955,12,"009657",26.6
115.77,-33.29,1956,1,"009657",0
115.77,-33.29,1956,2,"009657",0
115.77,-33.29,1956,3,"009657",75.7
115.77,-33.29,1956,4,"009657",53.9
115.77,-33.29,1956,5,"009657",243.3
115.77,-33.29,1956,6,"009657",166
115.77,-33.29,1956,7,"009657",230.1
115.77,-33.29,1956,8,"009657",55.1
115.77,-33.29,1956,9,"009657",73.9
115.77,-33.29,1956,10,"009657",27.4
115.77,-33.29,1956,11,"009657",47.9
115.77,-33.29,1956,12,"009657",4
115.77,-33.29,1957,1,"009657",0
115.77,-33.29,1957,2,"009657",0
115.77,-33.29,1957,3,"009657",20.3
115.77,-33.29,1957,4,"009657",97.2
115.77,-33.29,1957,5,"009657",150.3
115.77,-33.29,1957,6,"009657",393.7
115.77,-33.29,1957,7,"009657",105.5
115.77,-33.29,1957,8,"009657",143.5
115.77,-33.29,1957,9,"009657",52.4
115.77,-33.29,1957,10,"009657",41.3
115.77,-33.29,1957,11,"009657",5.8
115.77,-33.29,1957,12,"009657",1.3
115.77,-33.29,1958,1,"009657",6.1
115.77,-33.29,1958,2,"009657",6.4
115.77,-33.29,1958,3,"009657",0.3
115.77,-33.29,1958,4,"009657",34.9
115.77,-33.29,1958,5,"009657",148.5
115.77,-33.29,1958,6,"009657",126.8
115.77,-33.29,1958,7,"009657",405.4
115.77,-33.29,1958,8,"009657",80.5
115.77,-33.29,1958,9,"009657",30.3
115.77,-33.29,1958,10,"009657",50
115.77,-33.29,1958,11,"009657",32.5
115.77,-33.29,1958,12,"009657",8.6
115.77,-33.29,1959,1,"009657",9.2
115.77,-33.29,1959,2,"009657",8.6
115.77,-33.29,1959,3,"009657",17.1
115.77,-33.29,1959,4,"009657",54.5
115.77,-33.29,1959,5,"009657",85.3
115.77,-33.29,1959,6,"009657",270.3
115.77,-33.29,1959,7,"009657",95
115.77,-33.29,1959,8,"009657",138.8
115.77,-33.29,1959,9,"009657",17.1
115.77,-33.29,1959,10,"009657",112.8
115.77,-33.29,1959,11,"009657",41.2
115.77,-33.29,1959,12,"009657",39.1
115.77,-33.29,1960,1,"009657",58.4
115.77,-33.29,1960,2,"009657",8.9
115.77,-33.29,1960,3,"009657",73.5
115.77,-33.29,1960,4,"009657",94.5
115.77,-33.29,1960,5,"009657",183.1
115.77,-33.29,1960,6,"009657",157.9
115.77,-33.29,1960,7,"009657",269.9
115.77,-33.29,1960,8,"009657",77.5
115.77,-33.29,1960,9,"009657",60.4
115.77,-33.29,1960,10,"009657",26.7
115.77,-33.29,1960,11,"009657",1.3
115.77,-33.29,1960,12,"009657",9.1
115.77,-33.29,1961,1,"009657",11.2
115.77,-33.29,1961,2,"009657",12.4
115.77,-33.29,1961,3,"009657",45.9
115.77,-33.29,1961,4,"009657",111.5
115.77,-33.29,1961,5,"009657",71
115.77,-33.29,1961,6,"009657",309.9
115.77,-33.29,1961,7,"009657",204.3
115.77,-33.29,1961,8,"009657",165.7
115.77,-33.29,1961,9,"009657",65.7
115.77,-33.29,1961,10,"009657",29.9
115.77,-33.29,1961,11,"009657",9.8
115.77,-33.29,1961,12,"009657",18.8
115.77,-33.29,1962,1,"009657",1
115.77,-33.29,1962,2,"009657",6.9
115.77,-33.29,1962,3,"009657",3.6
115.77,-33.29,1962,4,"009657",20.3
115.77,-33.29,1962,5,"009657",186.7
115.77,-33.29,1962,6,"009657",119.2
115.77,-33.29,1962,7,"009657",147.5
115.77,-33.29,1962,8,"009657",191.5
115.77,-33.29,1962,9,"009657",67.6
115.77,-33.29,1962,10,"009657",73.2
115.77,-33.29,1962,11,"009657",77.8
115.77,-33.29,1962,12,"009657",12.9
115.77,-33.29,1963,1,"009657",14.5
115.77,-33.29,1963,2,"009657",4.6
115.77,-33.29,1963,3,"009657",3.6
115.77,-33.29,1963,4,"009657",48.3
115.77,-33.29,1963,5,"009657",234.8
115.77,-33.29,1963,6,"009657",292.2
115.77,-33.29,1963,7,"009657",229.2
115.77,-33.29,1963,8,"009657",267.6
115.77,-33.29,1963,9,"009657",129.5
115.77,-33.29,1963,10,"009657",55.7
115.77,-33.29,1963,11,"009657",23.1
115.77,-33.29,1963,12,"009657",0
115.77,-33.29,1964,1,"009657",1.5
115.77,-33.29,1964,2,"009657",0
115.77,-33.29,1964,3,"009657",9.7
115.77,-33.29,1964,4,"009657",50.6
115.77,-33.29,1964,5,"009657",43.8
115.77,-33.29,1964,6,"009657",347.8
115.77,-33.29,1964,7,"009657",345.7
115.77,-33.29,1964,8,"009657",281
115.77,-33.29,1964,9,"009657",79.7
115.77,-33.29,1964,10,"009657",87.3
115.77,-33.29,1964,11,"009657",24.7
115.77,-33.29,1964,12,"009657",25.9
115.77,-33.29,1965,1,"009657",4.6
115.77,-33.29,1965,2,"009657",2
115.77,-33.29,1965,3,"009657",61.7
115.77,-33.29,1965,4,"009657",51
115.77,-33.29,1965,5,"009657",183.9
115.77,-33.29,1965,6,"009657",169.6
115.77,-33.29,1965,7,"009657",161.7
115.77,-33.29,1965,8,"009657",160.8
115.77,-33.29,1965,9,"009657",83.8
115.77,-33.29,1965,10,"009657",115.3
115.77,-33.29,1965,11,"009657",75.1
115.77,-33.29,1965,12,"009657",45.3
115.77,-33.29,1966,1,"009657",4.6
115.77,-33.29,1966,2,"009657",1.9
115.77,-33.29,1966,3,"009657",8.4
115.77,-33.29,1966,4,"009657",55.3
115.77,-33.29,1966,5,"009657",76
115.77,-33.29,1966,6,"009657",234.9
115.77,-33.29,1966,7,"009657",179.5
115.77,-33.29,1966,8,"009657",106.3
115.77,-33.29,1966,9,"009657",103.3
115.77,-33.29,1966,10,"009657",49.1
115.77,-33.29,1966,11,"009657",18.8
115.77,-33.29,1966,12,"009657",19.3
115.77,-33.29,1967,1,"009657",4.3
115.77,-33.29,1967,2,"009657",22.9
115.77,-33.29,1967,3,"009657",6.6
115.77,-33.29,1967,4,"009657",71.9
115.77,-33.29,1967,5,"009657",206.2
115.77,-33.29,1967,6,"009657",298.1
115.77,-33.29,1967,7,"009657",262.5
115.77,-33.29,1967,8,"009657",129.5
115.77,-33.29,1967,9,"009657",30.2
115.77,-33.29,1967,10,"009657",42.7
115.77,-33.29,1967,11,"009657",30.5
115.77,-33.29,1967,12,"009657",35.9
115.77,-33.29,1968,1,"009657",37.8
115.77,-33.29,1968,2,"009657",3.1
115.77,-33.29,1968,3,"009657",46.1
115.77,-33.29,1968,4,"009657",76.5
115.77,-33.29,1968,5,"009657",37.9
115.77,-33.29,1968,6,"009657",252.2
115.77,-33.29,1968,7,"009657",160.5
115.77,-33.29,1968,8,"009657",71.6
115.77,-33.29,1968,9,"009657",118
115.77,-33.29,1968,10,"009657",64
115.77,-33.29,1968,11,"009657",8.9
115.77,-33.29,1968,12,"009657",5.6
115.77,-33.29,1969,1,"009657",9.2
115.77,-33.29,1969,2,"009657",0
115.77,-33.29,1969,3,"009657",32.5
115.77,-33.29,1969,4,"009657",94.5
115.77,-33.29,1969,5,"009657",71.5
115.77,-33.29,1969,6,"009657",234.8
115.77,-33.29,1969,7,"009657",94.7
115.77,-33.29,1969,8,"009657",52.5
115.77,-33.29,1969,9,"009657",23.3
115.77,-33.29,1969,10,"009657",3.8
115.77,-33.29,1969,11,"009657",23.9
115.77,-33.29,1969,12,"009657",12.8
115.77,-33.29,1970,1,"009657",2.3
115.77,-33.29,1970,2,"009657",92.5
115.77,-33.29,1970,3,"009657",6.2
115.77,-33.29,1970,4,"009657",63
115.77,-33.29,1970,5,"009657",114.6
115.77,-33.29,1970,6,"009657",267.8
115.77,-33.29,1970,7,"009657",178.3
115.77,-33.29,1970,8,"009657",75.1
115.77,-33.29,1970,9,"009657",90.7
115.77,-33.29,1970,10,"009657",87.9
115.77,-33.29,1970,11,"009657",15.4
115.77,-33.29,1970,12,"009657",6.4
115.77,-33.29,1971,1,"009657",9.9
115.77,-33.29,1971,2,"009657",28
115.77,-33.29,1971,3,"009657",99.3
115.77,-33.29,1971,4,"009657",7.8
115.77,-33.29,1971,5,"009657",150.5
115.77,-33.29,1971,6,"009657",160.9
115.77,-33.29,1971,7,"009657",129.5
115.77,-33.29,1971,8,"009657",85.5
115.77,-33.29,1971,9,"009657",181.1
115.77,-33.29,1971,10,"009657",86.7
115.77,-33.29,1971,11,"009657",40.8
115.77,-33.29,1971,12,"009657",2.9
115.77,-33.29,1972,1,"009657",0.3
115.77,-33.29,1972,2,"009657",0
115.77,-33.29,1972,3,"009657",11.1
115.77,-33.29,1972,4,"009657",36.6
115.77,-33.29,1972,5,"009657",102.9
115.77,-33.29,1972,6,"009657",137.3
115.77,-33.29,1972,7,"009657",121.3
115.77,-33.29,1972,8,"009657",193.1
115.77,-33.29,1972,9,"009657",57.6
115.77,-33.29,1972,10,"009657",45.8
115.77,-33.29,1972,11,"009657",11.2
115.77,-33.29,1972,12,"009657",1.5
115.77,-33.29,1973,1,"009657",6.9
115.77,-33.29,1973,2,"009657",4.9
115.77,-33.29,1973,3,"009657",0
115.77,-33.29,1973,4,"009657",74.4
115.77,-33.29,1973,5,"009657",192.5
115.77,-33.29,1973,6,"009657",194.9
115.77,-33.29,1973,7,"009657",267.3
115.77,-33.29,1973,8,"009657",127.7
115.77,-33.29,1973,9,"009657",136
115.77,-33.29,1973,10,"009657",54.8
115.77,-33.29,1973,11,"009657",35.4
115.77,-33.29,1973,12,"009657",1.8
115.77,-33.29,1974,1,"009657",0.4
115.77,-33.29,1974,2,"009657",8.8
115.77,-33.29,1974,3,"009657",0
115.77,-33.29,1974,4,"009657",49.4
115.77,-33.29,1974,5,"009657",288.9
115.77,-33.29,1974,6,"009657",161.8
115.77,-33.29,1974,7,"009657",285.6
115.77,-33.29,1974,8,"009657",137
115.77,-33.29,1974,9,"009657",52.6
115.77,-33.29,1974,10,"009657",95.6
115.77,-33.29,1974,11,"009657",20.2
115.77,-33.29,1974,12,"009657",1.2
115.77,-33.29,1975,1,"009657",0.4
115.77,-33.29,1975,2,"009657",1
115.77,-33.29,1975,3,"009657",19
115.77,-33.29,1975,4,"009657",32.4
115.77,-33.29,1975,5,"009657",97.6
115.77,-33.29,1975,6,"009657",160.4
115.77,-33.29,1975,7,"009657",187.8
115.77,-33.29,1975,8,"009657",94.2
115.77,-33.29,1975,9,"009657",99.4
115.77,-33.29,1975,10,"009657",34.4
115.77,-33.29,1975,11,"009657",28.8
115.77,-33.29,1975,12,"009657",8.4
115.77,-33.29,1976,1,"009657",69.8
115.77,-33.29,1976,2,"009657",5.2
115.77,-33.29,1976,3,"009657",1
115.77,-33.29,1976,4,"009657",102.6
115.77,-33.29,1976,5,"009657",126.9
115.77,-33.29,1976,6,"009657",76
115.77,-33.29,1976,7,"009657",92
115.77,-33.29,1976,8,"009657",118.4
115.77,-33.29,1976,9,"009657",62.3
115.77,-33.29,1976,10,"009657",39.6
115.77,-33.29,1976,11,"009657",69.5
115.77,-33.29,1976,12,"009657",19.8
115.77,-33.29,1977,1,"009657",14.8
115.77,-33.29,1977,2,"009657",1.4
115.77,-33.29,1977,3,"009657",3.8
115.77,-33.29,1977,4,"009657",1
115.77,-33.29,1977,5,"009657",119.2
115.77,-33.29,1977,6,"009657",118.6
115.77,-33.29,1977,7,"009657",104
115.77,-33.29,1977,8,"009657",151
115.77,-33.29,1977,9,"009657",36.2
115.77,-33.29,1977,10,"009657",122.6
115.77,-33.29,1977,11,"009657",36.6
115.77,-33.29,1977,12,"009657",3.6
115.77,-33.29,1978,1,"009657",1.6
115.77,-33.29,1978,2,"009657",2.6
115.77,-33.29,1978,3,"009657",9.4
115.77,-33.29,1978,4,"009657",21.2
115.77,-33.29,1978,5,"009657",143.8
115.77,-33.29,1978,6,"009657",178.4
115.77,-33.29,1978,7,"009657",140.2
115.77,-33.29,1978,8,"009657",37.2
115.77,-33.29,1978,9,"009657",120
115.77,-33.29,1978,10,"009657",53.8
115.77,-33.29,1978,11,"009657",18.2
115.77,-33.29,1978,12,"009657",33.8
115.77,-33.29,1979,1,"009657",4.8
115.77,-33.29,1979,2,"009657",9.6
115.77,-33.29,1979,3,"009657",19.4
115.77,-33.29,1979,4,"009657",44.4
115.77,-33.29,1979,5,"009657",83.8
115.77,-33.29,1979,6,"009657",107.5
115.77,-33.29,1979,7,"009657",176.6
115.77,-33.29,1979,8,"009657",63.3
115.77,-33.29,1979,9,"009657",59.4
115.77,-33.29,1979,10,"009657",54.6
115.77,-33.29,1979,11,"009657",56.6
115.77,-33.29,1979,12,"009657",4.9
115.77,-33.29,1980,1,"009657",1
115.77,-33.29,1980,2,"009657",38.8
115.77,-33.29,1980,3,"009657",5.6
115.77,-33.29,1980,4,"009657",122.4
115.77,-33.29,1980,5,"009657",125.2
115.77,-33.29,1980,6,"009657",152.4
115.77,-33.29,1980,7,"009657",130.8
115.77,-33.29,1980,8,"009657",115.6
115.77,-33.29,1980,9,"009657",79.6
115.77,-33.29,1980,10,"009657",64.8
115.77,-33.29,1980,11,"009657",51.4
115.77,-33.29,1980,12,"009657",36.2
115.77,-33.29,1981,1,"009657",0
115.77,-33.29,1981,2,"009657",3.4
115.77,-33.29,1981,3,"009657",19.6
115.77,-33.29,1981,4,"009657",40.8
115.77,-33.29,1981,5,"009657",162.7
115.77,-33.29,1981,6,"009657",172.6
115.77,-33.29,1981,7,"009657",145.8
115.77,-33.29,1981,8,"009657",126.7
115.77,-33.29,1981,9,"009657",68.6
115.77,-33.29,1981,10,"009657",40.8
115.77,-33.29,1981,11,"009657",64.1
115.77,-33.29,1981,12,"009657",10.4
115.77,-33.29,1982,1,"009657",169.2
115.77,-33.29,1982,2,"009657",13.7
115.77,-33.29,1982,3,"009657",3.2
115.77,-33.29,1982,4,"009657",0
115.77,-33.29,1982,5,"009657",67.1
115.77,-33.29,1982,6,"009657",210.7
115.77,-33.29,1982,7,"009657",150.6
115.77,-33.29,1982,8,"009657",92.1
115.77,-33.29,1982,9,"009657",91.3
115.77,-33.29,1982,10,"009657",31.3
115.77,-33.29,1982,11,"009657",11.9
115.77,-33.29,1982,12,"009657",9.2
115.77,-33.29,1983,1,"009657",2
115.77,-33.29,1983,2,"009657",30.2
115.77,-33.29,1983,3,"009657",3
115.77,-33.29,1983,4,"009657",38.2
115.77,-33.29,1983,5,"009657",67.1
115.77,-33.29,1983,6,"009657",334
115.77,-33.29,1983,7,"009657",149.2
115.77,-33.29,1983,8,"009657",162.6
115.77,-33.29,1983,9,"009657",122
115.77,-33.29,1983,10,"009657",26.4
115.77,-33.29,1983,11,"009657",20.4
115.77,-33.29,1983,12,"009657",8.8
115.77,-33.29,1984,1,"009657",1.6
115.77,-33.29,1984,2,"009657",0.4
115.77,-33.29,1984,3,"009657",4.4
115.77,-33.29,1984,4,"009657",70.2
115.77,-33.29,1984,5,"009657",203.4
115.77,-33.29,1984,6,"009657",173.4
115.77,-33.29,1984,7,"009657",85.1
115.77,-33.29,1984,8,"009657",95.4
115.77,-33.29,1984,9,"009657",96.4
115.77,-33.29,1984,10,"009657",40
115.77,-33.29,1984,11,"009657",91.4
115.77,-33.29,1984,12,"009657",23
115.77,-33.29,1985,1,"009657",4
115.77,-33.29,1985,2,"009657",0.4
115.77,-33.29,1985,3,"009657",21.6
115.77,-33.29,1985,4,"009657",149.4
115.77,-33.29,1985,5,"009657",119
115.77,-33.29,1985,6,"009657",122
115.77,-33.29,1985,7,"009657",123.4
115.77,-33.29,1985,8,"009657",139
115.77,-33.29,1985,9,"009657",44.8
115.77,-33.29,1985,10,"009657",32.6
115.77,-33.29,1985,11,"009657",37.4
115.77,-33.29,1985,12,"009657",4.8
115.77,-33.29,1986,1,"009657",3
115.77,-33.29,1986,2,"009657",51.2
115.77,-33.29,1986,3,"009657",36.6
115.77,-33.29,1986,4,"009657",9.2
115.77,-33.29,1986,5,"009657",124.4
115.77,-33.29,1986,6,"009657",106
115.77,-33.29,1986,7,"009657",182
115.77,-33.29,1986,8,"009657",147.2
115.77,-33.29,1986,9,"009657",54
115.77,-33.29,1986,10,"009657",40.2
115.77,-33.29,1986,11,"009657",40.8
115.77,-33.29,1986,12,"009657",0.4
115.77,-33.29,1987,1,"009657",1.8
115.77,-33.29,1987,2,"009657",0
115.77,-33.29,1987,3,"009657",19.8
115.77,-33.29,1987,4,"009657",117.6
115.77,-33.29,1987,5,"009657",44.8
115.77,-33.29,1987,6,"009657",168
115.77,-33.29,1987,7,"009657",126
115.77,-33.29,1987,8,"009657",73.6
115.77,-33.29,1987,9,"009657",51.8
115.77,-33.29,1987,10,"009657",33
115.77,-33.29,1987,11,"009657",44.2
115.77,-33.29,1987,12,"009657",20.4
115.77,-33.29,1988,1,"009657",0
115.77,-33.29,1988,2,"009657",3.2
115.77,-33.29,1988,3,"009657",19.2
115.77,-33.29,1988,4,"009657",21.8
115.77,-33.29,1988,5,"009657",150.8
115.77,-33.29,1988,6,"009657",281.2
115.77,-33.29,1988,7,"009657",140.8
115.77,-33.29,1988,8,"009657",110.8
115.77,-33.29,1988,9,"009657",137.6
115.77,-33.29,1988,10,"009657",56.4
115.77,-33.29,1988,11,"009657",32.8
115.77,-33.29,1988,12,"009657",1.2
115.77,-33.29,1989,1,"009657",23.8
115.77,-33.29,1989,2,"009657",55
115.77,-33.29,1989,3,"009657",3.6
115.77,-33.29,1989,4,"009657",55.4
115.77,-33.29,1989,5,"009657",98.8
115.77,-33.29,1989,6,"009657",75.4
115.77,-33.29,1989,7,"009657",192.8
115.77,-33.29,1989,8,"009657",86.2
115.77,-33.29,1989,9,"009657",82.2
115.77,-33.29,1989,10,"009657",90
115.77,-33.29,1989,11,"009657",5.6
115.77,-33.29,1989,12,"009657",9.2
115.77,-33.29,1990,1,"009657",18.4
115.77,-33.29,1990,2,"009657",12.4
115.77,-33.29,1990,3,"009657",29.4
115.77,-33.29,1990,4,"009657",102.8
115.77,-33.29,1990,5,"009657",88.2
115.77,-33.29,1990,6,"009657",111
115.77,-33.29,1990,7,"009657",171
115.77,-33.29,1990,8,"009657",110.6
115.77,-33.29,1990,9,"009657",74.2
115.77,-33.29,1990,10,"009657",57.4
115.77,-33.29,1990,11,"009657",29.8
115.77,-33.29,1990,12,"009657",3.2
115.77,-33.29,1991,1,"009657",3.6
115.77,-33.29,1991,2,"009657",12.4
115.77,-33.29,1991,3,"009657",4.6
115.77,-33.29,1991,4,"009657",33.8
115.77,-33.29,1991,5,"009657",4.6
115.77,-33.29,1991,6,"009657",190
115.77,-33.29,1991,7,"009657",233.6
115.77,-33.29,1991,8,"009657",109.8
115.77,-33.29,1991,9,"009657",93.2
115.77,-33.29,1991,10,"009657",40.2
115.77,-33.29,1991,11,"009657",45.8
115.77,-33.29,1991,12,"009657",11.8
115.77,-33.29,1992,1,"009657",0.8
115.77,-33.29,1992,2,"009657",13.4
115.77,-33.29,1992,3,"009657",48
115.77,-33.29,1992,4,"009657",27.6
115.77,-33.29,1992,5,"009657",141
115.77,-33.29,1992,6,"009657",286.6
115.77,-33.29,1992,7,"009657",139.2
115.77,-33.29,1992,8,"009657",120
115.77,-33.29,1992,9,"009657",61.2
115.77,-33.29,1992,10,"009657",22
115.77,-33.29,1992,11,"009657",75
115.77,-33.29,1992,12,"009657",9.8
115.77,-33.29,1993,1,"009657",0.8
115.77,-33.29,1993,2,"009657",0
115.77,-33.29,1993,3,"009657",94.2
115.77,-33.29,1993,4,"009657",32
115.77,-33.29,1993,5,"009657",80.2
115.77,-33.29,1993,6,"009657",64.6
115.77,-33.29,1993,7,"009657",176
115.77,-33.29,1993,8,"009657",96.2
115.77,-33.29,1993,9,"009657",121.6
115.77,-33.29,1993,10,"009657",50.6
115.77,-33.29,1993,11,"009657",27.4
115.77,-33.29,1993,12,"009657",1
115.77,-33.29,1994,1,"009657",3
115.77,-33.29,1994,2,"009657",12.8
115.77,-33.29,1994,3,"009657",8.2
115.77,-33.29,1994,4,"009657",9.4
115.77,-33.29,1994,5,"009657",132.2
115.77,-33.29,1994,6,"009657",125.4
115.77,-33.29,1994,7,"009657",161.5
115.77,-33.29,1994,8,"009657",77.4
115.77,-33.29,1994,9,"009657",53.4
115.77,-33.29,1994,10,"009657",22.2
115.77,-33.29,1994,11,"009657",9.2
115.77,-33.29,1994,12,"009657",1
115.77,-33.29,1995,1,"009657",1
115.77,-33.29,1995,2,"009657",1.6
115.77,-33.29,1995,3,"009657",3.6
115.77,-33.29,1995,4,"009657",14.4
115.77,-33.29,1995,5,"009657",154.2
115.77,-33.29,1995,6,"009657",123
115.77,-33.29,1995,7,"009657",258.2
115.77,-33.29,1995,8,"009657",85.6
115.77,-33.29,1995,9,"009657",69.4
115.77,-33.29,1995,10,"009657",70.4
115.77,-33.29,1995,11,"009657",19.2
115.77,-33.29,1995,12,"009657",31
115.77,-33.29,1996,1,"009657",1.2
115.77,-33.29,1996,2,"009657",0
115.77,-33.29,1996,3,"009657",5.4
115.77,-33.29,1996,4,"009657",17.2
115.77,-33.29,1996,5,"009657",68.2
115.77,-33.29,1996,6,"009657",204.4
115.77,-33.29,1996,7,"009657",209.4
115.77,-33.29,1996,8,"009657",152.4
115.77,-33.29,1996,9,"009657",174.6
115.77,-33.29,1996,10,"009657",36
115.77,-33.29,1996,11,"009657",49.6
115.77,-33.29,1996,12,"009657",26.6
115.77,-33.29,1997,1,"009657",2.6
115.77,-33.29,1997,2,"009657",57.4
115.77,-33.29,1997,3,"009657",18
115.77,-33.29,1997,4,"009657",14.4
115.77,-33.29,1997,5,"009657",111.8
115.77,-33.29,1997,6,"009657",214.2
115.77,-33.29,1997,7,"009657",127.2
115.77,-33.29,1997,8,"009657",101.2
115.77,-33.29,1997,9,"009657",98
115.77,-33.29,1997,10,"009657",23.2
115.77,-33.29,1997,11,"009657",31.4
115.77,-33.29,1997,12,"009657",0
115.77,-33.29,1998,1,"009657",10.6
115.77,-33.29,1998,2,"009657",0
115.77,-33.29,1998,3,"009657",85.2
115.77,-33.29,1998,4,"009657",24.4
115.77,-33.29,1998,5,"009657",84.2
115.77,-33.29,1998,6,"009657",130
115.77,-33.29,1998,7,"009657",82
115.77,-33.29,1998,8,"009657",153.2
115.77,-33.29,1998,9,"009657",104.8
115.77,-33.29,1998,10,"009657",29.8
115.77,-33.29,1998,11,"009657",14.4
115.77,-33.29,1998,12,"009657",17.2
115.77,-33.29,1999,1,"009657",4
115.77,-33.29,1999,2,"009657",0
115.77,-33.29,1999,3,"009657",22.1
115.77,-33.29,1999,4,"009657",21.2
115.77,-33.29,1999,5,"009657",194.6
115.77,-33.29,1999,6,"009657",228.2
115.77,-33.29,1999,7,"009657",188
115.77,-33.29,1999,8,"009657",118.4
115.77,-33.29,1999,9,"009657",109.2
115.77,-33.29,1999,10,"009657",102
115.77,-33.29,1999,11,"009657",1
115.77,-33.29,1999,12,"009657",16
115.77,-33.29,2000,1,"009657",43.4
115.77,-33.29,2000,2,"009657",0.6
115.77,-33.29,2000,3,"009657",27.8
115.77,-33.29,2000,4,"009657",54.6
115.77,-33.29,2000,5,"009657",35.2
115.77,-33.29,2000,6,"009657",144.4
115.77,-33.29,2000,7,"009657",256.8
115.77,-33.29,2000,8,"009657",161.4
115.77,-33.29,2000,9,"009657",63.2
115.77,-33.29,2000,10,"009657",9.8
115.77,-33.29,2000,11,"009657",50.4
115.77,-33.29,2000,12,"009657",3.2
115.77,-33.29,2001,1,"009657",0
115.77,-33.29,2001,2,"009657",0.4
115.77,-33.29,2001,3,"009657",2.4
115.77,-33.29,2001,4,"009657",6.4
115.77,-33.29,2001,5,"009657",133
115.77,-33.29,2001,6,"009657",46.4
115.77,-33.29,2001,7,"009657",65
115.77,-33.29,2001,8,"009657",159.6
115.77,-33.29,2001,9,"009657",94
115.77,-33.29,2001,10,"009657",14.4
115.77,-33.29,2001,11,"009657",31
115.77,-33.29,2001,12,"009657",33
115.77,-33.29,2002,1,"009657",26
115.77,-33.29,2002,2,"009657",1.6
115.77,-33.29,2002,3,"009657",7
115.77,-33.29,2002,4,"009657",43
115.77,-33.29,2002,5,"009657",60.2
115.77,-33.29,2002,6,"009657",193.2
115.77,-33.29,2002,7,"009657",144.2
115.77,-33.29,2002,8,"009657",136.6
115.77,-33.29,2002,9,"009657",62.6
115.77,-33.29,2002,10,"009657",60.2
115.77,-33.29,2002,11,"009657",20.8
115.77,-33.29,2002,12,"009657",3
115.77,-33.29,2003,1,"009657",6.4
115.77,-33.29,2003,2,"009657",25.2
115.77,-33.29,2003,3,"009657",13.4
115.77,-33.29,2003,4,"009657",54.4
115.77,-33.29,2003,5,"009657",85.6
115.77,-33.29,2003,6,"009657",116.8
115.77,-33.29,2003,7,"009657",144.8
115.77,-33.29,2003,8,"009657",97.4
115.77,-33.29,2003,9,"009657",103
115.77,-33.29,2003,10,"009657",32
115.77,-33.29,2003,11,"009657",28
115.77,-33.29,2003,12,"009657",3.4
115.77,-33.29,2004,1,"009657",31.6
115.77,-33.29,2004,2,"009657",1.4
115.77,-33.29,2004,3,"009657",1.6
115.77,-33.29,2004,4,"009657",17.6
115.77,-33.29,2004,5,"009657",120.2
115.77,-33.29,2004,6,"009657",176.4
115.77,-33.29,2004,7,"009657",123.6
115.77,-33.29,2004,8,"009657",136
115.77,-33.29,2004,9,"009657",20.8
115.77,-33.29,2004,10,"009657",41
115.77,-33.29,2004,11,"009657",37.8
115.77,-33.29,2004,12,"009657",13.8
115.77,-33.29,2005,1,"009657",1
115.77,-33.29,2005,2,"009657",8
115.77,-33.29,2005,3,"009657",23.6
115.77,-33.29,2005,4,"009657",64.4
115.77,-33.29,2005,5,"009657",196.6
115.77,-33.29,2005,6,"009657",158.4
115.77,-33.29,2005,7,"009657",86
115.77,-33.29,2005,8,"009657",113.2
115.77,-33.29,2005,9,"009657",136.6
115.77,-33.29,2005,10,"009657",83.6
115.77,-33.29,2005,11,"009657",39.4
115.77,-33.29,2005,12,"009657",22.6
115.77,-33.29,2006,1,"009657",38
115.77,-33.29,2006,2,"009657",0.6
115.77,-33.29,2006,3,"009657",5
115.77,-33.29,2006,4,"009657",32.6
115.77,-33.29,2006,5,"009657",16.8
115.77,-33.29,2006,6,"009657",25
115.77,-33.29,2006,7,"009657",150.6
115.77,-33.29,2006,8,"009657",216
115.77,-33.29,2006,9,"009657",54.2
115.77,-33.29,2006,10,"009657",36.2
115.77,-33.29,2006,11,"009657",31.4
115.77,-33.29,2006,12,"009657",0
115.77,-33.29,2007,1,"009657",23
115.77,-33.29,2007,2,"009657",9.2
115.77,-33.29,2007,3,"009657",15.2
115.77,-33.29,2007,4,"009657",53.8
115.77,-33.29,2007,5,"009657",89.2
115.77,-33.29,2007,6,"009657",118.2
115.77,-33.29,2007,7,"009657",223.4
115.77,-33.29,2007,8,"009657",146.8
115.77,-33.29,2007,9,"009657",125.6
115.77,-33.29,2007,10,"009657",49.8
115.77,-33.29,2007,11,"009657",3
115.77,-33.29,2007,12,"009657",28.8
115.77,-33.29,2008,1,"009657",0.6
115.77,-33.29,2008,2,"009657",24.2
115.77,-33.29,2008,3,"009657",5.8
115.77,-33.29,2008,4,"009657",120.6
115.77,-33.29,2008,5,"009657",122.9
115.77,-33.29,2008,6,"009657",111.6
115.77,-33.29,2008,7,"009657",175.4
115.77,-33.29,2008,8,"009657",20.4
115.77,-33.29,2008,9,"009657",68.8
115.77,-33.29,2008,10,"009657",33
115.77,-33.29,2008,11,"009657",41.2
115.77,-33.29,2008,12,"009657",16.4
115.77,-33.29,2009,1,"009657",0
115.77,-33.29,2009,2,"009657",22.6
115.77,-33.29,2009,3,"009657",10.8
115.77,-33.29,2009,4,"009657",0
115.77,-33.29,2009,5,"009657",102.4
115.77,-33.29,2009,6,"009657",246
115.77,-33.29,2009,7,"009657",147.8
115.77,-33.29,2009,8,"009657",96.2
115.77,-33.29,2009,9,"009657",135.8
115.77,-33.29,2009,10,"009657",10.8
115.77,-33.29,2009,11,"009657",46.6
115.77,-33.29,2009,12,"009657",1.2
115.77,-33.29,2010,1,"009657",0
115.77,-33.29,2010,2,"009657",2
115.77,-33.29,2010,3,"009657",11.6
115.77,-33.29,2010,4,"009657",35.4
115.77,-33.29,2010,5,"009657",61.2
115.77,-33.29,2010,6,"009657",60.4
115.77,-33.29,2010,7,"009657",134.4
115.77,-33.29,2010,8,"009657",60.2
115.77,-33.29,2010,9,"009657",41.6
115.77,-33.29,2010,10,"009657",14.6
115.77,-33.29,2010,11,"009657",45
115.77,-33.29,2010,12,"009657",9.6
115.77,-33.29,2011,1,"009657",70.1
115.77,-33.29,2011,2,"009657",0.8
115.77,-33.29,2011,3,"009657",0
115.77,-33.29,2011,4,"009657",59.6
115.77,-33.29,2011,5,"009657",125
115.77,-33.29,2011,6,"009657",150
115.77,-33.29,2011,7,"009657",113.6
115.77,-33.29,2011,8,"009657",132.8
115.77,-33.29,2011,9,"009657",118.6
115.77,-33.29,2011,10,"009657",34.4
115.77,-33.29,2011,11,"009657",49.6
115.77,-33.29,2011,12,"009657",47.8
115.77,-33.29,2012,1,"009657",13.8
115.77,-33.29,2012,2,"009657",13
115.77,-33.29,2012,3,"009657",0
115.77,-33.29,2012,4,"009657",31
115.77,-33.29,2012,5,"009657",75.4
115.77,-33.29,2012,6,"009657",166.8
115.77,-33.29,2012,7,"009657",59.2
115.77,-33.29,2012,8,"009657",93
115.77,-33.29,2012,9,"009657",156.6
115.77,-33.29,2012,10,"009657",22.6
115.77,-33.29,2012,11,"009657",40.4
115.77,-33.29,2012,12,"009657",133
115.77,-33.29,2013,1,"009657",4.2
115.77,-33.29,2013,2,"009657",2.2
115.77,-33.29,2013,3,"009657",48.2
115.77,-33.29,2013,4,"009657",17.8
115.77,-33.29,2013,5,"009657",139.2
115.77,-33.29,2013,6,"009657",79.2
115.77,-33.29,2013,7,"009657",161.4
115.77,-33.29,2013,8,"009657",182.4
115.77,-33.29,2013,9,"009657",170
115.77,-33.29,2013,10,"009657",45.8
115.77,-33.29,2013,11,"009657",17.8
115.77,-33.29,2013,12,"009657",0.4
115.77,-33.29,2014,1,"009657",0
115.77,-33.29,2014,2,"009657",1
115.77,-33.29,2014,3,"009657",7.8
115.77,-33.29,2014,4,"009657",37.2
115.77,-33.29,2014,5,"009657",231.2
115.77,-33.29,2014,6,"009657",99.2
115.77,-33.29,2014,7,"009657",164.6
115.77,-33.29,2014,8,"009657",109.8
115.77,-33.29,2014,9,"009657",81.2
115.77,-33.29,2014,10,"009657",25.8
115.77,-33.29,2014,11,"009657",22.8
115.77,-33.29,2014,12,"009657",0.8
115.77,-33.29,2015,1,"009657",0
115.77,-33.29,2015,2,"009657",5.6
115.77,-33.29,2015,3,"009657",30.8
115.77,-33.29,2015,4,"009657",73.6
115.77,-33.29,2015,5,"009657",121.4
115.77,-33.29,2015,6,"009657",73.8
115.77,-33.29,2015,7,"009657",150.2
115.77,-33.29,2015,8,"009657",96.6
115.77,-33.29,2015,9,"009657",66.4
115.77,-33.29,2015,10,"009657",3.4
115.77,-33.29,2015,11,"009657",7.2
115.77,-33.29,2015,12,"009657",7.2
115.77,-33.29,2016,1,"009657",44.2
115.77,-33.29,2016,2,"009657",1.6
115.77,-33.29,2016,3,"009657",76.2
115.77,-33.29,2016,4,"009657",82.4
115.77,-33.29,2016,5,"009657",145.2
115.77,-33.29,2016,6,"009657",102
115.77,-33.29,2016,7,"009657",123.2
115.77,-33.29,2016,8,"009657",155.2
115.77,-33.29,2016,9,"009657",90.6
115.77,-33.29,2016,10,"009657",54.6
115.77,-33.29,2016,11,"009657",4
115.77,-33.29,2016,12,"009657",9.8
115.77,-33.29,2017,1,"009657",2.4
115.77,-33.29,2017,2,"009657",54.6
115.77,-33.29,2017,3,"009657",73.2
115.77,-33.29,2017,4,"009657",1.2
115.77,-33.29,2017,5,"009657",71.4
115.77,-33.29,2017,6,"009657",37
115.77,-33.29,2017,7,"009657",205.6
115.77,-33.29,2017,8,"009657",207
115.77,-33.29,2017,9,"009657",73.2
115.77,-33.29,2017,10,"009657",38.4
115.77,-33.29,2017,11,"009657",2.4
115.77,-33.29,2017,12,"009657",34.8
115.77,-33.29,2018,1,"009657",28.8
115.77,-33.29,2018,2,"009657",0
115.77,-33.29,2018,3,"009657",7.2
115.77,-33.29,2018,4,"009657",42.4
115.77,-33.29,2018,5,"009657",77.8
115.77,-33.29,2018,6,"009657",167
115.77,-33.29,2018,7,"009657",172
115.77,-33.29,2018,8,"009657",127.6
115.77,-33.29,2018,9,"009657",46.8
115.77,-33.29,2018,10,"009657",41
115.77,-33.29,2018,11,"009657",7.2
115.77,-33.29,2018,12,"009657",9.8
115.77,-33.29,2019,1,"009657",6.2
115.77,-33.29,2019,2,"009657",0
115.77,-33.29,2019,3,"009657",20.6
115.77,-33.29,2019,4,"009657",NA
115.77,-33.29,2019,5,"009657",NA
115.77,-33.29,2019,6,"009657",NA
115.77,-33.29,2019,7,"009657",NA
115.77,-33.29,2019,8,"009657",NA
115.77,-33.29,2019,9,"009657",NA
115.77,-33.29,2019,10,"009657",NA
115.77,-33.29,2019,11,"009657",NA
115.77,-33.29,2019,12,"009657",NA
