"Lon","Lat","Year","Month","Station","Rain"
125.66,-31.09,1983,1,"011045",0.4
125.66,-31.09,1983,2,"011045",4.4
125.66,-31.09,1983,3,"011045",80
125.66,-31.09,1983,4,"011045",27.1
125.66,-31.09,1983,5,"011045",1.8
125.66,-31.09,1983,6,"011045",3.7
125.66,-31.09,1983,7,"011045",4.8
125.66,-31.09,1983,8,"011045",12.2
125.66,-31.09,1983,9,"011045",11.6
125.66,-31.09,1983,10,"011045",12.9
125.66,-31.09,1983,11,"011045",18.1
125.66,-31.09,1983,12,"011045",56.2
125.66,-31.09,1984,1,"011045",3.8
125.66,-31.09,1984,2,"011045",2.1
125.66,-31.09,1984,3,"011045",57.4
125.66,-31.09,1984,4,"011045",16.4
125.66,-31.09,1984,5,"011045",29.3
125.66,-31.09,1984,6,"011045",0.1
125.66,-31.09,1984,7,"011045",40.7
125.66,-31.09,1984,8,"011045",27.1
125.66,-31.09,1984,9,"011045",44.6
125.66,-31.09,1984,10,"011045",33.4
125.66,-31.09,1984,11,"011045",5
125.66,-31.09,1984,12,"011045",10.6
125.66,-31.09,1985,1,"011045",11.6
125.66,-31.09,1985,2,"011045",3.2
125.66,-31.09,1985,3,"011045",23.3
125.66,-31.09,1985,4,"011045",0.1
125.66,-31.09,1985,5,"011045",13.1
125.66,-31.09,1985,6,"011045",2.2
125.66,-31.09,1985,7,"011045",18.8
125.66,-31.09,1985,8,"011045",32.7
125.66,-31.09,1985,9,"011045",5.4
125.66,-31.09,1985,10,"011045",14.8
125.66,-31.09,1985,11,"011045",14.1
125.66,-31.09,1985,12,"011045",1.6
125.66,-31.09,1986,1,"011045",0.4
125.66,-31.09,1986,2,"011045",2.7
125.66,-31.09,1986,3,"011045",8.7
125.66,-31.09,1986,4,"011045",3
125.66,-31.09,1986,5,"011045",20.2
125.66,-31.09,1986,6,"011045",90.9
125.66,-31.09,1986,7,"011045",18.8
125.66,-31.09,1986,8,"011045",14.4
125.66,-31.09,1986,9,"011045",13.8
125.66,-31.09,1986,10,"011045",44.2
125.66,-31.09,1986,11,"011045",16.2
125.66,-31.09,1986,12,"011045",17.4
125.66,-31.09,1987,1,"011045",64
125.66,-31.09,1987,2,"011045",14.6
125.66,-31.09,1987,3,"011045",4.8
125.66,-31.09,1987,4,"011045",9.2
125.66,-31.09,1987,5,"011045",23.7
125.66,-31.09,1987,6,"011045",24
125.66,-31.09,1987,7,"011045",3.3
125.66,-31.09,1987,8,"011045",8
125.66,-31.09,1987,9,"011045",8.4
125.66,-31.09,1987,10,"011045",7.6
125.66,-31.09,1987,11,"011045",8.6
125.66,-31.09,1987,12,"011045",26.8
125.66,-31.09,1988,1,"011045",0
125.66,-31.09,1988,2,"011045",41.8
125.66,-31.09,1988,3,"011045",2
125.66,-31.09,1988,4,"011045",10.9
125.66,-31.09,1988,5,"011045",25.4
125.66,-31.09,1988,6,"011045",24.8
125.66,-31.09,1988,7,"011045",5.2
125.66,-31.09,1988,8,"011045",4.6
125.66,-31.09,1988,9,"011045",6.6
125.66,-31.09,1988,10,"011045",0.1
125.66,-31.09,1988,11,"011045",9.6
125.66,-31.09,1988,12,"011045",81.6
125.66,-31.09,1989,1,"011045",16
125.66,-31.09,1989,2,"011045",23.4
125.66,-31.09,1989,3,"011045",31.1
125.66,-31.09,1989,4,"011045",32.5
125.66,-31.09,1989,5,"011045",20.6
125.66,-31.09,1989,6,"011045",39.5
125.66,-31.09,1989,7,"011045",19
125.66,-31.09,1989,8,"011045",7.7
125.66,-31.09,1989,9,"011045",0.6
125.66,-31.09,1989,10,"011045",2
125.66,-31.09,1989,11,"011045",7.3
125.66,-31.09,1989,12,"011045",11.8
125.66,-31.09,1990,1,"011045",59.9
125.66,-31.09,1990,2,"011045",17.8
125.66,-31.09,1990,3,"011045",0.4
125.66,-31.09,1990,4,"011045",18
125.66,-31.09,1990,5,"011045",32.5
125.66,-31.09,1990,6,"011045",24.4
125.66,-31.09,1990,7,"011045",10.2
125.66,-31.09,1990,8,"011045",26
125.66,-31.09,1990,9,"011045",9.4
125.66,-31.09,1990,10,"011045",22
125.66,-31.09,1990,11,"011045",0
125.66,-31.09,1990,12,"011045",19.2
125.66,-31.09,1991,1,"011045",3.8
125.66,-31.09,1991,2,"011045",0
125.66,-31.09,1991,3,"011045",2.2
125.66,-31.09,1991,4,"011045",7.8
125.66,-31.09,1991,5,"011045",26.6
125.66,-31.09,1991,6,"011045",50.7
125.66,-31.09,1991,7,"011045",19
125.66,-31.09,1991,8,"011045",2.6
125.66,-31.09,1991,9,"011045",2.8
125.66,-31.09,1991,10,"011045",8.6
125.66,-31.09,1991,11,"011045",2.6
125.66,-31.09,1991,12,"011045",14
125.66,-31.09,1992,1,"011045",0
125.66,-31.09,1992,2,"011045",68.8
125.66,-31.09,1992,3,"011045",31.6
125.66,-31.09,1992,4,"011045",60.4
125.66,-31.09,1992,5,"011045",80.4
125.66,-31.09,1992,6,"011045",92.7
125.66,-31.09,1992,7,"011045",8.2
125.66,-31.09,1992,8,"011045",54.8
125.66,-31.09,1992,9,"011045",24.8
125.66,-31.09,1992,10,"011045",50.2
125.66,-31.09,1992,11,"011045",11.3
125.66,-31.09,1992,12,"011045",35.6
125.66,-31.09,1993,1,"011045",16.2
125.66,-31.09,1993,2,"011045",17.9
125.66,-31.09,1993,3,"011045",18.6
125.66,-31.09,1993,4,"011045",18.2
125.66,-31.09,1993,5,"011045",58.1
125.66,-31.09,1993,6,"011045",21.4
125.66,-31.09,1993,7,"011045",22
125.66,-31.09,1993,8,"011045",52
125.66,-31.09,1993,9,"011045",24
125.66,-31.09,1993,10,"011045",10.9
125.66,-31.09,1993,11,"011045",21.7
125.66,-31.09,1993,12,"011045",24.8
125.66,-31.09,1994,1,"011045",10.2
125.66,-31.09,1994,2,"011045",68.4
125.66,-31.09,1994,3,"011045",4.1
125.66,-31.09,1994,4,"011045",0.2
125.66,-31.09,1994,5,"011045",4.2
125.66,-31.09,1994,6,"011045",7.2
125.66,-31.09,1994,7,"011045",0.6
125.66,-31.09,1994,8,"011045",3.4
125.66,-31.09,1994,9,"011045",33.2
125.66,-31.09,1994,10,"011045",1.2
125.66,-31.09,1994,11,"011045",6.2
125.66,-31.09,1994,12,"011045",167.6
125.66,-31.09,1995,1,"011045",15.4
125.66,-31.09,1995,2,"011045",111.2
125.66,-31.09,1995,3,"011045",35.2
125.66,-31.09,1995,4,"011045",39.8
125.66,-31.09,1995,5,"011045",20.6
125.66,-31.09,1995,6,"011045",21.6
125.66,-31.09,1995,7,"011045",38.4
125.66,-31.09,1995,8,"011045",3
125.66,-31.09,1995,9,"011045",61.2
125.66,-31.09,1995,10,"011045",3.6
125.66,-31.09,1995,11,"011045",11.8
125.66,-31.09,1995,12,"011045",63
125.66,-31.09,1996,1,"011045",3.2
125.66,-31.09,1996,2,"011045",4.2
125.66,-31.09,1996,3,"011045",91.2
125.66,-31.09,1996,4,"011045",52.8
125.66,-31.09,1996,5,"011045",2.2
125.66,-31.09,1996,6,"011045",53.1
125.66,-31.09,1996,7,"011045",43
125.66,-31.09,1996,8,"011045",36.8
125.66,-31.09,1996,9,"011045",25.2
125.66,-31.09,1996,10,"011045",5.9
125.66,-31.09,1996,11,"011045",1.6
125.66,-31.09,1996,12,"011045",13.6
125.66,-31.09,1997,1,"011045",3
125.66,-31.09,1997,2,"011045",6.8
125.66,-31.09,1997,3,"011045",1.6
125.66,-31.09,1997,4,"011045",7.4
125.66,-31.09,1997,5,"011045",56.6
125.66,-31.09,1997,6,"011045",6.2
125.66,-31.09,1997,7,"011045",13.2
125.66,-31.09,1997,8,"011045",14.8
125.66,-31.09,1997,9,"011045",28
125.66,-31.09,1997,10,"011045",5
125.66,-31.09,1997,11,"011045",54.6
125.66,-31.09,1997,12,"011045",101.6
125.66,-31.09,1998,1,"011045",2.6
125.66,-31.09,1998,2,"011045",0.2
125.66,-31.09,1998,3,"011045",11.9
125.66,-31.09,1998,4,"011045",36
125.66,-31.09,1998,5,"011045",19.8
125.66,-31.09,1998,6,"011045",36
125.66,-31.09,1998,7,"011045",40
125.66,-31.09,1998,8,"011045",18.6
125.66,-31.09,1998,9,"011045",14.6
125.66,-31.09,1998,10,"011045",33
125.66,-31.09,1998,11,"011045",76.8
125.66,-31.09,1998,12,"011045",10.4
125.66,-31.09,1999,1,"011045",16.8
125.66,-31.09,1999,2,"011045",1
125.66,-31.09,1999,3,"011045",59.4
125.66,-31.09,1999,4,"011045",2.7
125.66,-31.09,1999,5,"011045",9.8
125.66,-31.09,1999,6,"011045",18
125.66,-31.09,1999,7,"011045",8.9
125.66,-31.09,1999,8,"011045",12.6
125.66,-31.09,1999,9,"011045",17.4
125.66,-31.09,1999,10,"011045",0
125.66,-31.09,1999,11,"011045",71.5
125.66,-31.09,1999,12,"011045",22
125.66,-31.09,2000,1,"011045",101.2
125.66,-31.09,2000,2,"011045",60.4
125.66,-31.09,2000,3,"011045",99.8
125.66,-31.09,2000,4,"011045",12.8
125.66,-31.09,2000,5,"011045",2.4
125.66,-31.09,2000,6,"011045",9.8
125.66,-31.09,2000,7,"011045",7.7
125.66,-31.09,2000,8,"011045",15
125.66,-31.09,2000,9,"011045",9.4
125.66,-31.09,2000,10,"011045",50.4
125.66,-31.09,2000,11,"011045",67.4
125.66,-31.09,2000,12,"011045",1.6
125.66,-31.09,2001,1,"011045",24.4
125.66,-31.09,2001,2,"011045",130.6
125.66,-31.09,2001,3,"011045",2.6
125.66,-31.09,2001,4,"011045",0
125.66,-31.09,2001,5,"011045",29.2
125.66,-31.09,2001,6,"011045",25.6
125.66,-31.09,2001,7,"011045",24.8
125.66,-31.09,2001,8,"011045",18.3
125.66,-31.09,2001,9,"011045",21
125.66,-31.09,2001,10,"011045",22.2
125.66,-31.09,2001,11,"011045",15.6
125.66,-31.09,2001,12,"011045",73.4
125.66,-31.09,2002,1,"011045",5.3
125.66,-31.09,2002,2,"011045",19.4
125.66,-31.09,2002,3,"011045",3
125.66,-31.09,2002,4,"011045",31.1
125.66,-31.09,2002,5,"011045",11.4
125.66,-31.09,2002,6,"011045",11.6
125.66,-31.09,2002,7,"011045",1.2
125.66,-31.09,2002,8,"011045",2.2
125.66,-31.09,2002,9,"011045",5.3
125.66,-31.09,2002,10,"011045",1.4
125.66,-31.09,2002,11,"011045",14.2
125.66,-31.09,2002,12,"011045",35.2
125.66,-31.09,2003,1,"011045",19.8
125.66,-31.09,2003,2,"011045",49.4
125.66,-31.09,2003,3,"011045",NA
125.66,-31.09,2003,4,"011045",17.4
125.66,-31.09,2003,5,"011045",22.5
125.66,-31.09,2003,6,"011045",10.4
125.66,-31.09,2003,7,"011045",8.8
125.66,-31.09,2003,8,"011045",40.6
125.66,-31.09,2003,9,"011045",17.2
125.66,-31.09,2003,10,"011045",20.8
125.66,-31.09,2003,11,"011045",48
125.66,-31.09,2003,12,"011045",4.3
125.66,-31.09,2004,1,"011045",27.2
125.66,-31.09,2004,2,"011045",30.6
125.66,-31.09,2004,3,"011045",45.2
125.66,-31.09,2004,4,"011045",27.7
125.66,-31.09,2004,5,"011045",22.6
125.66,-31.09,2004,6,"011045",8.6
125.66,-31.09,2004,7,"011045",37
125.66,-31.09,2004,8,"011045",7.2
125.66,-31.09,2004,9,"011045",16.4
125.66,-31.09,2004,10,"011045",1.8
125.66,-31.09,2004,11,"011045",43
125.66,-31.09,2004,12,"011045",6.4
125.66,-31.09,2005,1,"011045",3
125.66,-31.09,2005,2,"011045",1.8
125.66,-31.09,2005,3,"011045",8
125.66,-31.09,2005,4,"011045",11
125.66,-31.09,2005,5,"011045",33.4
125.66,-31.09,2005,6,"011045",11.4
125.66,-31.09,2005,7,"011045",17.4
125.66,-31.09,2005,8,"011045",38.4
125.66,-31.09,2005,9,"011045",9.4
125.66,-31.09,2005,10,"011045",15.4
125.66,-31.09,2005,11,"011045",11.4
125.66,-31.09,2005,12,"011045",10.4
125.66,-31.09,2006,1,"011045",102
125.66,-31.09,2006,2,"011045",9
125.66,-31.09,2006,3,"011045",29.4
125.66,-31.09,2006,4,"011045",27.2
125.66,-31.09,2006,5,"011045",9.3
125.66,-31.09,2006,6,"011045",1.6
125.66,-31.09,2006,7,"011045",2.2
125.66,-31.09,2006,8,"011045",5
125.66,-31.09,2006,9,"011045",4
125.66,-31.09,2006,10,"011045",6.2
125.66,-31.09,2006,11,"011045",NA
125.66,-31.09,2006,12,"011045",30
125.66,-31.09,2007,1,"011045",18.2
125.66,-31.09,2007,2,"011045",3.6
125.66,-31.09,2007,3,"011045",88.1
125.66,-31.09,2007,4,"011045",62.6
125.66,-31.09,2007,5,"011045",7.6
125.66,-31.09,2007,6,"011045",22.4
125.66,-31.09,2007,7,"011045",12
125.66,-31.09,2007,8,"011045",16
125.66,-31.09,2007,9,"011045",1
125.66,-31.09,2007,10,"011045",22.4
125.66,-31.09,2007,11,"011045",3.8
125.66,-31.09,2007,12,"011045",17
125.66,-31.09,2008,1,"011045",0
125.66,-31.09,2008,2,"011045",40.2
125.66,-31.09,2008,3,"011045",0.6
125.66,-31.09,2008,4,"011045",23.6
125.66,-31.09,2008,5,"011045",0.6
125.66,-31.09,2008,6,"011045",33.8
125.66,-31.09,2008,7,"011045",15.6
125.66,-31.09,2008,8,"011045",3
125.66,-31.09,2008,9,"011045",1.6
125.66,-31.09,2008,10,"011045",25
125.66,-31.09,2008,11,"011045",50.8
125.66,-31.09,2008,12,"011045",51
125.66,-31.09,2009,1,"011045",16.4
125.66,-31.09,2009,2,"011045",3.6
125.66,-31.09,2009,3,"011045",36.2
125.66,-31.09,2009,4,"011045",21
125.66,-31.09,2009,5,"011045",1.2
125.66,-31.09,2009,6,"011045",30.6
125.66,-31.09,2009,7,"011045",39.2
125.66,-31.09,2009,8,"011045",27.2
125.66,-31.09,2009,9,"011045",17.6
125.66,-31.09,2009,10,"011045",3.4
125.66,-31.09,2009,11,"011045",29.4
125.66,-31.09,2009,12,"011045",33.2
125.66,-31.09,2010,1,"011045",NA
125.66,-31.09,2010,2,"011045",20
125.66,-31.09,2010,3,"011045",8.5
125.66,-31.09,2010,4,"011045",33
125.66,-31.09,2010,5,"011045",NA
125.66,-31.09,2010,6,"011045",NA
125.66,-31.09,2010,7,"011045",NA
125.66,-31.09,2010,8,"011045",NA
125.66,-31.09,2010,9,"011045",NA
125.66,-31.09,2010,10,"011045",NA
125.66,-31.09,2010,11,"011045",NA
125.66,-31.09,2010,12,"011045",NA
125.66,-31.09,2011,1,"011045",24.4
125.66,-31.09,2011,2,"011045",278.5
125.66,-31.09,2011,3,"011045",60
125.66,-31.09,2011,4,"011045",9.8
125.66,-31.09,2011,5,"011045",21
125.66,-31.09,2011,6,"011045",89.6
125.66,-31.09,2011,7,"011045",30.2
125.66,-31.09,2011,8,"011045",11.1
125.66,-31.09,2011,9,"011045",7.2
125.66,-31.09,2011,10,"011045",42.1
125.66,-31.09,2011,11,"011045",11.4
125.66,-31.09,2011,12,"011045",2.1
125.66,-31.09,2012,1,"011045",20.8
125.66,-31.09,2012,2,"011045",1
125.66,-31.09,2012,3,"011045",6.8
125.66,-31.09,2012,4,"011045",0
125.66,-31.09,2012,5,"011045",NA
125.66,-31.09,2012,6,"011045",NA
125.66,-31.09,2012,7,"011045",NA
125.66,-31.09,2012,8,"011045",NA
125.66,-31.09,2012,9,"011045",NA
125.66,-31.09,2012,10,"011045",NA
125.66,-31.09,2012,11,"011045",NA
125.66,-31.09,2012,12,"011045",NA
