"Lon","Lat","Year","Month","Station","Rain"
142.96,-27.03,2005,1,"045040",NA
142.96,-27.03,2005,2,"045040",NA
142.96,-27.03,2005,3,"045040",NA
142.96,-27.03,2005,4,"045040",NA
142.96,-27.03,2005,5,"045040",NA
142.96,-27.03,2005,6,"045040",NA
142.96,-27.03,2005,7,"045040",NA
142.96,-27.03,2005,8,"045040",0
142.96,-27.03,2005,9,"045040",0
142.96,-27.03,2005,10,"045040",22
142.96,-27.03,2005,11,"045040",21.3
142.96,-27.03,2005,12,"045040",0
142.96,-27.03,2006,1,"045040",NA
142.96,-27.03,2006,2,"045040",22
142.96,-27.03,2006,3,"045040",0
142.96,-27.03,2006,4,"045040",0
142.96,-27.03,2006,5,"045040",0
142.96,-27.03,2006,6,"045040",NA
142.96,-27.03,2006,7,"045040",NA
142.96,-27.03,2006,8,"045040",NA
142.96,-27.03,2006,9,"045040",NA
142.96,-27.03,2006,10,"045040",NA
142.96,-27.03,2006,11,"045040",NA
142.96,-27.03,2006,12,"045040",NA
142.96,-27.03,2007,1,"045040",98.9
142.96,-27.03,2007,2,"045040",0
142.96,-27.03,2007,3,"045040",0
142.96,-27.03,2007,4,"045040",0
142.96,-27.03,2007,5,"045040",12
142.96,-27.03,2007,6,"045040",0
142.96,-27.03,2007,7,"045040",0
142.96,-27.03,2007,8,"045040",0
142.96,-27.03,2007,9,"045040",0
142.96,-27.03,2007,10,"045040",NA
142.96,-27.03,2007,11,"045040",NA
142.96,-27.03,2007,12,"045040",NA
