"Lon","Lat","Year","Month","Station","Rain"
150.56,-32.34,1964,1,"061235",NA
150.56,-32.34,1964,2,"061235",NA
150.56,-32.34,1964,3,"061235",NA
150.56,-32.34,1964,4,"061235",NA
150.56,-32.34,1964,5,"061235",NA
150.56,-32.34,1964,6,"061235",NA
150.56,-32.34,1964,7,"061235",NA
150.56,-32.34,1964,8,"061235",NA
150.56,-32.34,1964,9,"061235",57.1
150.56,-32.34,1964,10,"061235",73
150.56,-32.34,1964,11,"061235",NA
150.56,-32.34,1964,12,"061235",NA
150.56,-32.34,1965,1,"061235",29.8
150.56,-32.34,1965,2,"061235",19.3
150.56,-32.34,1965,3,"061235",5.1
150.56,-32.34,1965,4,"061235",42.6
150.56,-32.34,1965,5,"061235",32.3
150.56,-32.34,1965,6,"061235",17.1
150.56,-32.34,1965,7,"061235",54
150.56,-32.34,1965,8,"061235",16.7
150.56,-32.34,1965,9,"061235",25.9
150.56,-32.34,1965,10,"061235",77.8
150.56,-32.34,1965,11,"061235",14.4
150.56,-32.34,1965,12,"061235",108.5
150.56,-32.34,1966,1,"061235",14
150.56,-32.34,1966,2,"061235",17.8
150.56,-32.34,1966,3,"061235",72.2
150.56,-32.34,1966,4,"061235",9.6
150.56,-32.34,1966,5,"061235",12.3
150.56,-32.34,1966,6,"061235",31.5
150.56,-32.34,1966,7,"061235",10.8
150.56,-32.34,1966,8,"061235",52.4
150.56,-32.34,1966,9,"061235",33.9
150.56,-32.34,1966,10,"061235",69.7
150.56,-32.34,1966,11,"061235",68.1
150.56,-32.34,1966,12,"061235",60.8
150.56,-32.34,1967,1,"061235",47
150.56,-32.34,1967,2,"061235",32.1
150.56,-32.34,1967,3,"061235",99.7
150.56,-32.34,1967,4,"061235",29.5
150.56,-32.34,1967,5,"061235",27.8
150.56,-32.34,1967,6,"061235",82.7
150.56,-32.34,1967,7,"061235",10.7
150.56,-32.34,1967,8,"061235",66.2
150.56,-32.34,1967,9,"061235",28.7
150.56,-32.34,1967,10,"061235",41.1
150.56,-32.34,1967,11,"061235",7.6
150.56,-32.34,1967,12,"061235",22.9
150.56,-32.34,1968,1,"061235",245.5
150.56,-32.34,1968,2,"061235",19.6
150.56,-32.34,1968,3,"061235",41.9
150.56,-32.34,1968,4,"061235",15.3
150.56,-32.34,1968,5,"061235",116.4
150.56,-32.34,1968,6,"061235",7.4
150.56,-32.34,1968,7,"061235",24.1
150.56,-32.34,1968,8,"061235",51.5
150.56,-32.34,1968,9,"061235",36.8
150.56,-32.34,1968,10,"061235",7.6
150.56,-32.34,1968,11,"061235",19
150.56,-32.34,1968,12,"061235",52.1
150.56,-32.34,1969,1,"061235",31.2
150.56,-32.34,1969,2,"061235",116.5
150.56,-32.34,1969,3,"061235",52.7
150.56,-32.34,1969,4,"061235",56.2
150.56,-32.34,1969,5,"061235",20.1
150.56,-32.34,1969,6,"061235",69.2
150.56,-32.34,1969,7,"061235",36.8
150.56,-32.34,1969,8,"061235",56.7
150.56,-32.34,1969,9,"061235",32
150.56,-32.34,1969,10,"061235",73.5
150.56,-32.34,1969,11,"061235",128.8
150.56,-32.34,1969,12,"061235",82.6
150.56,-32.34,1970,1,"061235",129
150.56,-32.34,1970,2,"061235",37.1
150.56,-32.34,1970,3,"061235",35.6
150.56,-32.34,1970,4,"061235",50.1
150.56,-32.34,1970,5,"061235",15.1
150.56,-32.34,1970,6,"061235",15.3
150.56,-32.34,1970,7,"061235",0.3
150.56,-32.34,1970,8,"061235",12.8
150.56,-32.34,1970,9,"061235",77.3
150.56,-32.34,1970,10,"061235",45.7
150.56,-32.34,1970,11,"061235",66.1
150.56,-32.34,1970,12,"061235",158.3
150.56,-32.34,1971,1,"061235",156.8
150.56,-32.34,1971,2,"061235",226
150.56,-32.34,1971,3,"061235",38.6
150.56,-32.34,1971,4,"061235",10.1
150.56,-32.34,1971,5,"061235",40.4
150.56,-32.34,1971,6,"061235",0.8
150.56,-32.34,1971,7,"061235",43.7
150.56,-32.34,1971,8,"061235",48.8
150.56,-32.34,1971,9,"061235",27.3
150.56,-32.34,1971,10,"061235",4.8
150.56,-32.34,1971,11,"061235",52.3
150.56,-32.34,1971,12,"061235",105.7
150.56,-32.34,1979,1,"061235",NA
150.56,-32.34,1979,2,"061235",NA
150.56,-32.34,1979,3,"061235",NA
150.56,-32.34,1979,4,"061235",NA
150.56,-32.34,1979,5,"061235",NA
150.56,-32.34,1979,6,"061235",NA
150.56,-32.34,1979,7,"061235",NA
150.56,-32.34,1979,8,"061235",NA
150.56,-32.34,1979,9,"061235",64.4
150.56,-32.34,1979,10,"061235",3.5
150.56,-32.34,1979,11,"061235",31.2
150.56,-32.34,1979,12,"061235",4.2
150.56,-32.34,1980,1,"061235",39.4
150.56,-32.34,1980,2,"061235",66
150.56,-32.34,1980,3,"061235",30.6
150.56,-32.34,1980,4,"061235",0
150.56,-32.34,1980,5,"061235",61.7
150.56,-32.34,1980,6,"061235",34.2
150.56,-32.34,1980,7,"061235",18
150.56,-32.34,1980,8,"061235",19.4
150.56,-32.34,1980,9,"061235",0
150.56,-32.34,1980,10,"061235",96
150.56,-32.34,1980,11,"061235",7.8
150.56,-32.34,1980,12,"061235",43.8
150.56,-32.34,1981,1,"061235",35.2
150.56,-32.34,1981,2,"061235",160.4
150.56,-32.34,1981,3,"061235",3.2
150.56,-32.34,1981,4,"061235",49.8
150.56,-32.34,1981,5,"061235",88.8
150.56,-32.34,1981,6,"061235",52.6
150.56,-32.34,1981,7,"061235",63.8
150.56,-32.34,1981,8,"061235",6.2
150.56,-32.34,1981,9,"061235",20.2
150.56,-32.34,1981,10,"061235",108.2
150.56,-32.34,1981,11,"061235",70.8
150.56,-32.34,1981,12,"061235",62.1
150.56,-32.34,1982,1,"061235",59.3
150.56,-32.34,1982,2,"061235",51
150.56,-32.34,1982,3,"061235",198
150.56,-32.34,1982,4,"061235",2.3
150.56,-32.34,1982,5,"061235",9.8
150.56,-32.34,1982,6,"061235",5.8
150.56,-32.34,1982,7,"061235",10
150.56,-32.34,1982,8,"061235",0
150.56,-32.34,1982,9,"061235",31.3
150.56,-32.34,1982,10,"061235",21.6
150.56,-32.34,1982,11,"061235",16.6
150.56,-32.34,1982,12,"061235",24.2
150.56,-32.34,1983,1,"061235",42.9
150.56,-32.34,1983,2,"061235",11.6
150.56,-32.34,1983,3,"061235",39
150.56,-32.34,1983,4,"061235",100.2
150.56,-32.34,1983,5,"061235",79.2
150.56,-32.34,1983,6,"061235",13.5
150.56,-32.34,1983,7,"061235",42.4
150.56,-32.34,1983,8,"061235",26.2
150.56,-32.34,1983,9,"061235",31.6
150.56,-32.34,1983,10,"061235",93.2
150.56,-32.34,1983,11,"061235",68.9
150.56,-32.34,1983,12,"061235",61.2
150.56,-32.34,1984,1,"061235",205.4
150.56,-32.34,1984,2,"061235",72.3
150.56,-32.34,1984,3,"061235",35.4
150.56,-32.34,1984,4,"061235",57.2
150.56,-32.34,1984,5,"061235",27.8
150.56,-32.34,1984,6,"061235",3.4
150.56,-32.34,1984,7,"061235",103.9
150.56,-32.34,1984,8,"061235",15.8
150.56,-32.34,1984,9,"061235",27
150.56,-32.34,1984,10,"061235",47.8
150.56,-32.34,1984,11,"061235",131.4
150.56,-32.34,1984,12,"061235",52.8
150.56,-32.34,1985,1,"061235",5
150.56,-32.34,1985,2,"061235",15.2
150.56,-32.34,1985,3,"061235",38
150.56,-32.34,1985,4,"061235",52.1
150.56,-32.34,1985,5,"061235",24.4
150.56,-32.34,1985,6,"061235",56.6
150.56,-32.34,1985,7,"061235",8.4
150.56,-32.34,1985,8,"061235",65.2
150.56,-32.34,1985,9,"061235",40.6
150.56,-32.34,1985,10,"061235",142.4
150.56,-32.34,1985,11,"061235",32.5
150.56,-32.34,1985,12,"061235",84
150.56,-32.34,1986,1,"061235",84.4
150.56,-32.34,1986,2,"061235",10.2
150.56,-32.34,1986,3,"061235",0
150.56,-32.34,1986,4,"061235",2.8
150.56,-32.34,1986,5,"061235",17.6
150.56,-32.34,1986,6,"061235",1.5
150.56,-32.34,1986,7,"061235",61.8
150.56,-32.34,1986,8,"061235",93.3
150.56,-32.34,1986,9,"061235",59.9
150.56,-32.34,1986,10,"061235",47.8
150.56,-32.34,1986,11,"061235",84.2
150.56,-32.34,1986,12,"061235",2.2
150.56,-32.34,1987,1,"061235",163
150.56,-32.34,1987,2,"061235",9.2
150.56,-32.34,1987,3,"061235",120.6
150.56,-32.34,1987,4,"061235",8
150.56,-32.34,1987,5,"061235",53.8
150.56,-32.34,1987,6,"061235",32.4
150.56,-32.34,1987,7,"061235",20.4
150.56,-32.34,1987,8,"061235",118.1
150.56,-32.34,1987,9,"061235",13.3
150.56,-32.34,1987,10,"061235",43.8
150.56,-32.34,1987,11,"061235",51.2
150.56,-32.34,1987,12,"061235",102
150.56,-32.34,1988,1,"061235",183.2
150.56,-32.34,1988,2,"061235",73.6
150.56,-32.34,1988,3,"061235",39
150.56,-32.34,1988,4,"061235",103.5
150.56,-32.34,1988,5,"061235",21.6
150.56,-32.34,1988,6,"061235",37.4
150.56,-32.34,1988,7,"061235",58.8
150.56,-32.34,1988,8,"061235",52.6
150.56,-32.34,1988,9,"061235",61.6
150.56,-32.34,1988,10,"061235",0
150.56,-32.34,1988,11,"061235",97.2
150.56,-32.34,1988,12,"061235",94.6
150.56,-32.34,1989,1,"061235",36.6
150.56,-32.34,1989,2,"061235",14
150.56,-32.34,1989,3,"061235",93.2
150.56,-32.34,1989,4,"061235",139.1
150.56,-32.34,1989,5,"061235",116.3
150.56,-32.34,1989,6,"061235",99.2
150.56,-32.34,1989,7,"061235",41
150.56,-32.34,1989,8,"061235",4
150.56,-32.34,1989,9,"061235",3.7
150.56,-32.34,1989,10,"061235",33.4
150.56,-32.34,1989,11,"061235",60
150.56,-32.34,1989,12,"061235",39.9
150.56,-32.34,1990,1,"061235",89.6
150.56,-32.34,1990,2,"061235",194
150.56,-32.34,1990,3,"061235",53.6
150.56,-32.34,1990,4,"061235",115.2
150.56,-32.34,1990,5,"061235",22.4
150.56,-32.34,1990,6,"061235",17.5
150.56,-32.34,1990,7,"061235",67.7
150.56,-32.34,1990,8,"061235",44.4
150.56,-32.34,1990,9,"061235",42.8
150.56,-32.34,1990,10,"061235",28
150.56,-32.34,1990,11,"061235",4.8
150.56,-32.34,1990,12,"061235",60.8
150.56,-32.34,1991,1,"061235",107.3
150.56,-32.34,1991,2,"061235",1.6
150.56,-32.34,1991,3,"061235",14.8
150.56,-32.34,1991,4,"061235",2.1
150.56,-32.34,1991,5,"061235",78
150.56,-32.34,1991,6,"061235",43.4
150.56,-32.34,1991,7,"061235",38.7
150.56,-32.34,1991,8,"061235",9.9
150.56,-32.34,1991,9,"061235",25.4
150.56,-32.34,1991,10,"061235",22
150.56,-32.34,1991,11,"061235",28.7
150.56,-32.34,1991,12,"061235",109.2
150.56,-32.34,1992,1,"061235",33.9
150.56,-32.34,1992,2,"061235",237.1
150.56,-32.34,1992,3,"061235",33.5
150.56,-32.34,1992,4,"061235",36.2
150.56,-32.34,1992,5,"061235",15
150.56,-32.34,1992,6,"061235",8.6
150.56,-32.34,1992,7,"061235",13.8
150.56,-32.34,1992,8,"061235",36
150.56,-32.34,1992,9,"061235",34.4
150.56,-32.34,1992,10,"061235",15.7
150.56,-32.34,1992,11,"061235",69
150.56,-32.34,1992,12,"061235",148.2
150.56,-32.34,1993,1,"061235",59.2
150.56,-32.34,1993,2,"061235",99
150.56,-32.34,1993,3,"061235",50.8
150.56,-32.34,1993,4,"061235",5.6
150.56,-32.34,1993,5,"061235",25.8
150.56,-32.34,1993,6,"061235",43.6
150.56,-32.34,1993,7,"061235",87.8
150.56,-32.34,1993,8,"061235",18
150.56,-32.34,1993,9,"061235",59.9
150.56,-32.34,1993,10,"061235",68.1
150.56,-32.34,1993,11,"061235",50.9
150.56,-32.34,1993,12,"061235",33.9
150.56,-32.34,1994,1,"061235",53.3
150.56,-32.34,1994,2,"061235",90.4
150.56,-32.34,1994,3,"061235",48.4
150.56,-32.34,1994,4,"061235",24.2
150.56,-32.34,1994,5,"061235",0
150.56,-32.34,1994,6,"061235",11.6
150.56,-32.34,1994,7,"061235",34.4
150.56,-32.34,1994,8,"061235",10.5
150.56,-32.34,1994,9,"061235",2.6
150.56,-32.34,1994,10,"061235",5.9
150.56,-32.34,1994,11,"061235",74.6
150.56,-32.34,1994,12,"061235",46.2
150.56,-32.34,1995,1,"061235",90.3
150.56,-32.34,1995,2,"061235",18.1
150.56,-32.34,1995,3,"061235",17.7
150.56,-32.34,1995,4,"061235",0
150.56,-32.34,1995,5,"061235",89.9
150.56,-32.34,1995,6,"061235",19.5
150.56,-32.34,1995,7,"061235",15.2
150.56,-32.34,1995,8,"061235",0
150.56,-32.34,1995,9,"061235",116.2
150.56,-32.34,1995,10,"061235",24.4
150.56,-32.34,1995,11,"061235",67.5
150.56,-32.34,1995,12,"061235",106.7
150.56,-32.34,1996,1,"061235",99.2
150.56,-32.34,1996,2,"061235",15
150.56,-32.34,1996,3,"061235",10.6
150.56,-32.34,1996,4,"061235",3.9
150.56,-32.34,1996,5,"061235",30.1
150.56,-32.34,1996,6,"061235",38.9
150.56,-32.34,1996,7,"061235",49.8
150.56,-32.34,1996,8,"061235",73.9
150.56,-32.34,1996,9,"061235",82.4
150.56,-32.34,1996,10,"061235",36.5
150.56,-32.34,1996,11,"061235",46.8
150.56,-32.34,1996,12,"061235",76.5
150.56,-32.34,1997,1,"061235",97.8
150.56,-32.34,1997,2,"061235",100.6
150.56,-32.34,1997,3,"061235",45.2
150.56,-32.34,1997,4,"061235",0.5
150.56,-32.34,1997,5,"061235",43.2
150.56,-32.34,1997,6,"061235",9.2
150.56,-32.34,1997,7,"061235",13.4
150.56,-32.34,1997,8,"061235",3
150.56,-32.34,1997,9,"061235",93.3
150.56,-32.34,1997,10,"061235",60.6
150.56,-32.34,1997,11,"061235",30.2
150.56,-32.34,1997,12,"061235",28.6
150.56,-32.34,1998,1,"061235",104.9
150.56,-32.34,1998,2,"061235",50.6
150.56,-32.34,1998,3,"061235",0
150.56,-32.34,1998,4,"061235",57.9
150.56,-32.34,1998,5,"061235",90.4
150.56,-32.34,1998,6,"061235",36.8
150.56,-32.34,1998,7,"061235",130.3
150.56,-32.34,1998,8,"061235",109.8
150.56,-32.34,1998,9,"061235",50.6
150.56,-32.34,1998,10,"061235",60.8
150.56,-32.34,1998,11,"061235",42.6
150.56,-32.34,1998,12,"061235",39.9
150.56,-32.34,1999,1,"061235",19.2
150.56,-32.34,1999,2,"061235",NA
150.56,-32.34,1999,3,"061235",51.9
150.56,-32.34,1999,4,"061235",57.8
150.56,-32.34,1999,5,"061235",1.8
150.56,-32.34,1999,6,"061235",47
150.56,-32.34,1999,7,"061235",37.8
150.56,-32.34,1999,8,"061235",35.8
150.56,-32.34,1999,9,"061235",78.8
150.56,-32.34,1999,10,"061235",167.8
150.56,-32.34,1999,11,"061235",44.8
150.56,-32.34,1999,12,"061235",NA
150.56,-32.34,2000,1,"061235",35
150.56,-32.34,2000,2,"061235",5.2
150.56,-32.34,2000,3,"061235",144.4
150.56,-32.34,2000,4,"061235",104.4
150.56,-32.34,2000,5,"061235",38.2
150.56,-32.34,2000,6,"061235",13.6
150.56,-32.34,2000,7,"061235",27.8
150.56,-32.34,2000,8,"061235",34.8
150.56,-32.34,2000,9,"061235",19.6
150.56,-32.34,2000,10,"061235",NA
150.56,-32.34,2000,11,"061235",117.8
150.56,-32.34,2000,12,"061235",68.6
150.56,-32.34,2001,1,"061235",NA
150.56,-32.34,2001,2,"061235",NA
150.56,-32.34,2001,3,"061235",68.8
150.56,-32.34,2001,4,"061235",62.8
150.56,-32.34,2001,5,"061235",33.6
150.56,-32.34,2001,6,"061235",16
150.56,-32.34,2001,7,"061235",52.4
150.56,-32.34,2001,8,"061235",15.4
150.56,-32.34,2001,9,"061235",10.7
150.56,-32.34,2001,10,"061235",62.6
150.56,-32.34,2001,11,"061235",48.6
150.56,-32.34,2001,12,"061235",NA
150.56,-32.34,2002,1,"061235",32.2
150.56,-32.34,2002,2,"061235",120.6
150.56,-32.34,2002,3,"061235",42
150.56,-32.34,2002,4,"061235",10.8
150.56,-32.34,2002,5,"061235",35
150.56,-32.34,2002,6,"061235",27.8
150.56,-32.34,2002,7,"061235",3
150.56,-32.34,2002,8,"061235",7.4
150.56,-32.34,2002,9,"061235",37.1
150.56,-32.34,2002,10,"061235",0
150.56,-32.34,2002,11,"061235",39
150.56,-32.34,2002,12,"061235",114
150.56,-32.34,2003,1,"061235",22.8
150.56,-32.34,2003,2,"061235",144
150.56,-32.34,2003,3,"061235",29.6
150.56,-32.34,2003,4,"061235",53
150.56,-32.34,2003,5,"061235",4.8
150.56,-32.34,2003,6,"061235",38.2
150.56,-32.34,2003,7,"061235",38.6
150.56,-32.34,2003,8,"061235",89.6
150.56,-32.34,2003,9,"061235",6
150.56,-32.34,2003,10,"061235",72.2
150.56,-32.34,2003,11,"061235",97.6
150.56,-32.34,2003,12,"061235",NA
150.56,-32.34,2004,1,"061235",99.6
150.56,-32.34,2004,2,"061235",127
150.56,-32.34,2004,3,"061235",30.8
150.56,-32.34,2004,4,"061235",2
150.56,-32.34,2004,5,"061235",35.2
150.56,-32.34,2004,6,"061235",NA
150.56,-32.34,2004,7,"061235",23.8
150.56,-32.34,2004,8,"061235",37.2
150.56,-32.34,2004,9,"061235",38.6
150.56,-32.34,2004,10,"061235",89.6
150.56,-32.34,2004,11,"061235",54.4
150.56,-32.34,2004,12,"061235",156.4
150.56,-32.34,2005,1,"061235",22.2
150.56,-32.34,2005,2,"061235",111.4
150.56,-32.34,2005,3,"061235",33.8
150.56,-32.34,2005,4,"061235",0
150.56,-32.34,2005,5,"061235",7.2
150.56,-32.34,2005,6,"061235",95.9
150.56,-32.34,2005,7,"061235",32.8
150.56,-32.34,2005,8,"061235",10.6
150.56,-32.34,2005,9,"061235",NA
150.56,-32.34,2005,10,"061235",81.2
150.56,-32.34,2005,11,"061235",62.3
150.56,-32.34,2005,12,"061235",18.8
150.56,-32.34,2006,1,"061235",NA
150.56,-32.34,2006,2,"061235",44.4
150.56,-32.34,2006,3,"061235",36.2
150.56,-32.34,2006,4,"061235",31.6
150.56,-32.34,2006,5,"061235",0
150.56,-32.34,2006,6,"061235",26.6
150.56,-32.34,2006,7,"061235",34.4
150.56,-32.34,2006,8,"061235",5.4
150.56,-32.34,2006,9,"061235",54.8
150.56,-32.34,2006,10,"061235",0
150.56,-32.34,2006,11,"061235",38.8
150.56,-32.34,2006,12,"061235",52
150.56,-32.34,2007,1,"061235",43
150.56,-32.34,2007,2,"061235",31.1
150.56,-32.34,2007,3,"061235",74.3
150.56,-32.34,2007,4,"061235",24.6
150.56,-32.34,2007,5,"061235",33.4
150.56,-32.34,2007,6,"061235",277.2
150.56,-32.34,2007,7,"061235",6.8
150.56,-32.34,2007,8,"061235",58.8
150.56,-32.34,2007,9,"061235",1.4
150.56,-32.34,2007,10,"061235",32.8
150.56,-32.34,2007,11,"061235",126.4
150.56,-32.34,2007,12,"061235",156.6
150.56,-32.34,2008,1,"061235",95.6
150.56,-32.34,2008,2,"061235",101.4
150.56,-32.34,2008,3,"061235",10.6
150.56,-32.34,2008,4,"061235",25.6
150.56,-32.34,2008,5,"061235",3.2
150.56,-32.34,2008,6,"061235",90.4
150.56,-32.34,2008,7,"061235",24.2
150.56,-32.34,2008,8,"061235",41.8
150.56,-32.34,2008,9,"061235",75.4
150.56,-32.34,2008,10,"061235",92.5
150.56,-32.34,2008,11,"061235",75.1
150.56,-32.34,2008,12,"061235",85.8
150.56,-32.34,2009,1,"061235",9.3
150.56,-32.34,2009,2,"061235",129.6
150.56,-32.34,2009,3,"061235",41.2
150.56,-32.34,2009,4,"061235",64.6
150.56,-32.34,2009,5,"061235",21.5
150.56,-32.34,2009,6,"061235",32.7
150.56,-32.34,2009,7,"061235",26.6
150.56,-32.34,2009,8,"061235",0
150.56,-32.34,2009,9,"061235",35
150.56,-32.34,2009,10,"061235",51.6
150.56,-32.34,2009,11,"061235",53.6
150.56,-32.34,2009,12,"061235",64.8
150.56,-32.34,2010,1,"061235",103.3
150.56,-32.34,2010,2,"061235",51.8
150.56,-32.34,2010,3,"061235",69
150.56,-32.34,2010,4,"061235",45.6
150.56,-32.34,2010,5,"061235",34.8
150.56,-32.34,2010,6,"061235",17.6
150.56,-32.34,2010,7,"061235",79
150.56,-32.34,2010,8,"061235",30.6
150.56,-32.34,2010,9,"061235",32.6
150.56,-32.34,2010,10,"061235",65.4
150.56,-32.34,2010,11,"061235",87.6
150.56,-32.34,2010,12,"061235",127.8
150.56,-32.34,2011,1,"061235",58.8
150.56,-32.34,2011,2,"061235",19.4
150.56,-32.34,2011,3,"061235",77.8
150.56,-32.34,2011,4,"061235",46.2
150.56,-32.34,2011,5,"061235",56
150.56,-32.34,2011,6,"061235",68
150.56,-32.34,2011,7,"061235",6.4
150.56,-32.34,2011,8,"061235",35
150.56,-32.34,2011,9,"061235",87.8
150.56,-32.34,2011,10,"061235",54.6
150.56,-32.34,2011,11,"061235",177.4
150.56,-32.34,2011,12,"061235",25.8
150.56,-32.34,2012,1,"061235",78.8
150.56,-32.34,2012,2,"061235",119.8
150.56,-32.34,2012,3,"061235",108.6
150.56,-32.34,2012,4,"061235",28.4
150.56,-32.34,2012,5,"061235",34
150.56,-32.34,2012,6,"061235",41
150.56,-32.34,2012,7,"061235",46.2
150.56,-32.34,2012,8,"061235",12.6
150.56,-32.34,2012,9,"061235",13.2
150.56,-32.34,2012,10,"061235",1.8
150.56,-32.34,2012,11,"061235",24.4
150.56,-32.34,2012,12,"061235",67
150.56,-32.34,2013,1,"061235",165.8
150.56,-32.34,2013,2,"061235",NA
150.56,-32.34,2013,3,"061235",NA
150.56,-32.34,2013,4,"061235",NA
150.56,-32.34,2013,5,"061235",NA
150.56,-32.34,2013,6,"061235",NA
150.56,-32.34,2013,7,"061235",NA
150.56,-32.34,2013,8,"061235",NA
150.56,-32.34,2013,9,"061235",NA
150.56,-32.34,2013,10,"061235",NA
150.56,-32.34,2013,11,"061235",NA
150.56,-32.34,2013,12,"061235",NA
