"Lon","Lat","Year","Month","Station","Rain"
149.93,-36.85,2006,1,"069151",NA
149.93,-36.85,2006,2,"069151",NA
149.93,-36.85,2006,3,"069151",NA
149.93,-36.85,2006,4,"069151",14.6
149.93,-36.85,2006,5,"069151",141.4
149.93,-36.85,2006,6,"069151",73.4
149.93,-36.85,2006,7,"069151",NA
149.93,-36.85,2006,8,"069151",33.4
149.93,-36.85,2006,9,"069151",34
149.93,-36.85,2006,10,"069151",18.6
149.93,-36.85,2006,11,"069151",45.4
149.93,-36.85,2006,12,"069151",48
149.93,-36.85,2007,1,"069151",24.8
149.93,-36.85,2007,2,"069151",150
149.93,-36.85,2007,3,"069151",52
149.93,-36.85,2007,4,"069151",52.5
149.93,-36.85,2007,5,"069151",15.6
149.93,-36.85,2007,6,"069151",206
149.93,-36.85,2007,7,"069151",40.6
149.93,-36.85,2007,8,"069151",24.2
149.93,-36.85,2007,9,"069151",18.6
149.93,-36.85,2007,10,"069151",16.4
149.93,-36.85,2007,11,"069151",105.8
149.93,-36.85,2007,12,"069151",39.2
149.93,-36.85,2008,1,"069151",75.6
149.93,-36.85,2008,2,"069151",198.6
149.93,-36.85,2008,3,"069151",9.4
149.93,-36.85,2008,4,"069151",14.8
149.93,-36.85,2008,5,"069151",4
149.93,-36.85,2008,6,"069151",55.6
149.93,-36.85,2008,7,"069151",22.6
149.93,-36.85,2008,8,"069151",68.2
149.93,-36.85,2008,9,"069151",NA
149.93,-36.85,2008,10,"069151",22.7
149.93,-36.85,2008,11,"069151",85.6
149.93,-36.85,2008,12,"069151",52.2
149.93,-36.85,2009,1,"069151",21
149.93,-36.85,2009,2,"069151",46.4
149.93,-36.85,2009,3,"069151",21.6
149.93,-36.85,2009,4,"069151",77.6
149.93,-36.85,2009,5,"069151",16
149.93,-36.85,2009,6,"069151",65.2
149.93,-36.85,2009,7,"069151",4
149.93,-36.85,2009,8,"069151",13
149.93,-36.85,2009,9,"069151",49.6
149.93,-36.85,2009,10,"069151",100
149.93,-36.85,2009,11,"069151",31.2
149.93,-36.85,2009,12,"069151",25
149.93,-36.85,2010,1,"069151",17
149.93,-36.85,2010,2,"069151",358.4
149.93,-36.85,2010,3,"069151",38
149.93,-36.85,2010,4,"069151",9.4
149.93,-36.85,2010,5,"069151",148.4
149.93,-36.85,2010,6,"069151",13.8
149.93,-36.85,2010,7,"069151",22.4
149.93,-36.85,2010,8,"069151",27.8
149.93,-36.85,2010,9,"069151",31.8
149.93,-36.85,2010,10,"069151",64
149.93,-36.85,2010,11,"069151",72.6
149.93,-36.85,2010,12,"069151",175.9
149.93,-36.85,2011,1,"069151",27.2
149.93,-36.85,2011,2,"069151",79.2
149.93,-36.85,2011,3,"069151",209.6
149.93,-36.85,2011,4,"069151",NA
149.93,-36.85,2011,5,"069151",NA
149.93,-36.85,2011,6,"069151",36.8
149.93,-36.85,2011,7,"069151",54.2
149.93,-36.85,2011,8,"069151",74
149.93,-36.85,2011,9,"069151",12.2
149.93,-36.85,2011,10,"069151",85.2
149.93,-36.85,2011,11,"069151",119.4
149.93,-36.85,2011,12,"069151",25.8
149.93,-36.85,2012,1,"069151",47.4
149.93,-36.85,2012,2,"069151",204.2
149.93,-36.85,2012,3,"069151",318.6
149.93,-36.85,2012,4,"069151",121.4
149.93,-36.85,2012,5,"069151",22
149.93,-36.85,2012,6,"069151",102
149.93,-36.85,2012,7,"069151",4.4
149.93,-36.85,2012,8,"069151",27
149.93,-36.85,2012,9,"069151",NA
149.93,-36.85,2012,10,"069151",68.4
149.93,-36.85,2012,11,"069151",NA
149.93,-36.85,2012,12,"069151",35
149.93,-36.85,2013,1,"069151",66.2
149.93,-36.85,2013,2,"069151",87.4
149.93,-36.85,2013,3,"069151",25.7
149.93,-36.85,2013,4,"069151",42.4
149.93,-36.85,2013,5,"069151",35.7
149.93,-36.85,2013,6,"069151",160.7
149.93,-36.85,2013,7,"069151",5
149.93,-36.85,2013,8,"069151",14.4
149.93,-36.85,2013,9,"069151",93.1
149.93,-36.85,2013,10,"069151",30
149.93,-36.85,2013,11,"069151",121
149.93,-36.85,2013,12,"069151",61.8
