"Lon","Lat","Year","Month","Station","Rain"
134.51,-23.84,1954,1,"015619",NA
134.51,-23.84,1954,2,"015619",NA
134.51,-23.84,1954,3,"015619",NA
134.51,-23.84,1954,4,"015619",NA
134.51,-23.84,1954,5,"015619",NA
134.51,-23.84,1954,6,"015619",NA
134.51,-23.84,1954,7,"015619",NA
134.51,-23.84,1954,8,"015619",NA
134.51,-23.84,1954,9,"015619",NA
134.51,-23.84,1954,10,"015619",95
134.51,-23.84,1954,11,"015619",12.5
134.51,-23.84,1954,12,"015619",27.5
134.51,-23.84,1955,1,"015619",0
134.51,-23.84,1955,2,"015619",12.7
134.51,-23.84,1955,3,"015619",61.5
134.51,-23.84,1955,4,"015619",15.2
134.51,-23.84,1955,5,"015619",15.3
134.51,-23.84,1955,6,"015619",0
134.51,-23.84,1955,7,"015619",96.5
134.51,-23.84,1955,8,"015619",3.3
134.51,-23.84,1955,9,"015619",0
134.51,-23.84,1955,10,"015619",0
134.51,-23.84,1955,11,"015619",13.2
134.51,-23.84,1955,12,"015619",0
134.51,-23.84,1956,1,"015619",12.4
134.51,-23.84,1956,2,"015619",105.7
134.51,-23.84,1956,3,"015619",20.8
134.51,-23.84,1956,4,"015619",0
134.51,-23.84,1956,5,"015619",11.7
134.51,-23.84,1956,6,"015619",35.8
134.51,-23.84,1956,7,"015619",38.9
134.51,-23.84,1956,8,"015619",0
134.51,-23.84,1956,9,"015619",17.2
134.51,-23.84,1956,10,"015619",17.5
134.51,-23.84,1956,11,"015619",0
134.51,-23.84,1956,12,"015619",11.9
134.51,-23.84,1957,1,"015619",1
134.51,-23.84,1957,2,"015619",44.2
134.51,-23.84,1957,3,"015619",0
134.51,-23.84,1957,4,"015619",5.1
134.51,-23.84,1957,5,"015619",0
134.51,-23.84,1957,6,"015619",51.1
134.51,-23.84,1957,7,"015619",16
134.51,-23.84,1957,8,"015619",0
134.51,-23.84,1957,9,"015619",0
134.51,-23.84,1957,10,"015619",0
134.51,-23.84,1957,11,"015619",2.8
134.51,-23.84,1957,12,"015619",159.3
134.51,-23.84,1958,1,"015619",0
134.51,-23.84,1958,2,"015619",0
134.51,-23.84,1958,3,"015619",0
134.51,-23.84,1958,4,"015619",0
134.51,-23.84,1958,5,"015619",22.1
134.51,-23.84,1958,6,"015619",22.1
134.51,-23.84,1958,7,"015619",2.8
134.51,-23.84,1958,8,"015619",0
134.51,-23.84,1958,9,"015619",0
134.51,-23.84,1958,10,"015619",0
134.51,-23.84,1958,11,"015619",30.8
134.51,-23.84,1958,12,"015619",30.9
134.51,-23.84,1959,1,"015619",0
134.51,-23.84,1959,2,"015619",3.8
134.51,-23.84,1959,3,"015619",70.5
134.51,-23.84,1959,4,"015619",0
134.51,-23.84,1959,5,"015619",46
134.51,-23.84,1959,6,"015619",0
134.51,-23.84,1959,7,"015619",0.8
134.51,-23.84,1959,8,"015619",0
134.51,-23.84,1959,9,"015619",2.5
134.51,-23.84,1959,10,"015619",32.8
134.51,-23.84,1959,11,"015619",11.5
134.51,-23.84,1959,12,"015619",8.8
134.51,-23.84,1960,1,"015619",54.1
134.51,-23.84,1960,2,"015619",10.2
134.51,-23.84,1960,3,"015619",0
134.51,-23.84,1960,4,"015619",5.3
134.51,-23.84,1960,5,"015619",14.8
134.51,-23.84,1960,6,"015619",0.5
134.51,-23.84,1960,7,"015619",0.3
134.51,-23.84,1960,8,"015619",7.6
134.51,-23.84,1960,9,"015619",10.2
134.51,-23.84,1960,10,"015619",21.1
134.51,-23.84,1960,11,"015619",30.8
134.51,-23.84,1960,12,"015619",5.8
134.51,-23.84,1961,1,"015619",19.6
134.51,-23.84,1961,2,"015619",0
134.51,-23.84,1961,3,"015619",0
134.51,-23.84,1961,4,"015619",45
134.51,-23.84,1961,5,"015619",0
134.51,-23.84,1961,6,"015619",0
134.51,-23.84,1961,7,"015619",0
134.51,-23.84,1961,8,"015619",0
134.51,-23.84,1961,9,"015619",0
134.51,-23.84,1961,10,"015619",0
134.51,-23.84,1961,11,"015619",0
134.51,-23.84,1961,12,"015619",0
134.51,-23.84,1962,1,"015619",16.1
134.51,-23.84,1962,2,"015619",2.3
134.51,-23.84,1962,3,"015619",24.2
134.51,-23.84,1962,4,"015619",0
134.51,-23.84,1962,5,"015619",5.9
134.51,-23.84,1962,6,"015619",20.3
134.51,-23.84,1962,7,"015619",29.7
134.51,-23.84,1962,8,"015619",27.8
134.51,-23.84,1962,9,"015619",0
134.51,-23.84,1962,10,"015619",25.6
134.51,-23.84,1962,11,"015619",2.5
134.51,-23.84,1962,12,"015619",1.3
134.51,-23.84,1963,1,"015619",3
134.51,-23.84,1963,2,"015619",0
134.51,-23.84,1963,3,"015619",9.2
134.51,-23.84,1963,4,"015619",10.9
134.51,-23.84,1963,5,"015619",39.1
134.51,-23.84,1963,6,"015619",14.4
134.51,-23.84,1963,7,"015619",0
134.51,-23.84,1963,8,"015619",2.5
134.51,-23.84,1963,9,"015619",0
134.51,-23.84,1963,10,"015619",8.4
134.51,-23.84,1963,11,"015619",0
134.51,-23.84,1963,12,"015619",0
134.51,-23.84,1964,1,"015619",14
134.51,-23.84,1964,2,"015619",0
134.51,-23.84,1964,3,"015619",0
134.51,-23.84,1964,4,"015619",1.5
134.51,-23.84,1964,5,"015619",8.4
134.51,-23.84,1964,6,"015619",12.2
134.51,-23.84,1964,7,"015619",0
134.51,-23.84,1964,8,"015619",7.9
134.51,-23.84,1964,9,"015619",21.5
134.51,-23.84,1964,10,"015619",15.5
134.51,-23.84,1964,11,"015619",5.3
134.51,-23.84,1964,12,"015619",0
134.51,-23.84,1965,1,"015619",0
134.51,-23.84,1965,2,"015619",0
134.51,-23.84,1965,3,"015619",6.9
134.51,-23.84,1965,4,"015619",0
134.51,-23.84,1965,5,"015619",0.8
134.51,-23.84,1965,6,"015619",1.1
134.51,-23.84,1965,7,"015619",1
134.51,-23.84,1965,8,"015619",5.1
134.51,-23.84,1965,9,"015619",0
134.51,-23.84,1965,10,"015619",2.3
134.51,-23.84,1965,11,"015619",5.1
134.51,-23.84,1965,12,"015619",31.2
134.51,-23.84,1966,1,"015619",70.6
134.51,-23.84,1966,2,"015619",2.5
134.51,-23.84,1966,3,"015619",2.3
134.51,-23.84,1966,4,"015619",0
134.51,-23.84,1966,5,"015619",12.7
134.51,-23.84,1966,6,"015619",59.5
134.51,-23.84,1966,7,"015619",0
134.51,-23.84,1966,8,"015619",68.3
134.51,-23.84,1966,9,"015619",0.5
134.51,-23.84,1966,10,"015619",19.8
134.51,-23.84,1966,11,"015619",11.2
134.51,-23.84,1966,12,"015619",19.6
134.51,-23.84,1967,1,"015619",5.6
134.51,-23.84,1967,2,"015619",140.4
134.51,-23.84,1967,3,"015619",15
134.51,-23.84,1967,4,"015619",0
134.51,-23.84,1967,5,"015619",9.9
134.51,-23.84,1967,6,"015619",2.1
134.51,-23.84,1967,7,"015619",0
134.51,-23.84,1967,8,"015619",0
134.51,-23.84,1967,9,"015619",0
134.51,-23.84,1967,10,"015619",0.5
134.51,-23.84,1967,11,"015619",0
134.51,-23.84,1967,12,"015619",5.1
134.51,-23.84,1968,1,"015619",35.9
134.51,-23.84,1968,2,"015619",32.2
134.51,-23.84,1968,3,"015619",44.8
134.51,-23.84,1968,4,"015619",52.8
134.51,-23.84,1968,5,"015619",75.6
134.51,-23.84,1968,6,"015619",7.6
134.51,-23.84,1968,7,"015619",58.2
134.51,-23.84,1968,8,"015619",11.9
134.51,-23.84,1968,9,"015619",28
134.51,-23.84,1968,10,"015619",8.6
134.51,-23.84,1968,11,"015619",25.4
134.51,-23.84,1968,12,"015619",42.9
134.51,-23.84,1969,1,"015619",8.6
134.51,-23.84,1969,2,"015619",97.5
134.51,-23.84,1969,3,"015619",44
134.51,-23.84,1969,4,"015619",0
134.51,-23.84,1969,5,"015619",2.5
134.51,-23.84,1969,6,"015619",0
134.51,-23.84,1969,7,"015619",28.2
134.51,-23.84,1969,8,"015619",0
134.51,-23.84,1969,9,"015619",0
134.51,-23.84,1969,10,"015619",42.5
134.51,-23.84,1969,11,"015619",14.5
134.51,-23.84,1969,12,"015619",9.4
134.51,-23.84,1970,1,"015619",0
134.51,-23.84,1970,2,"015619",8.4
134.51,-23.84,1970,3,"015619",2.8
134.51,-23.84,1970,4,"015619",46.7
134.51,-23.84,1970,5,"015619",8.4
134.51,-23.84,1970,6,"015619",0
134.51,-23.84,1970,7,"015619",0
134.51,-23.84,1970,8,"015619",0
134.51,-23.84,1970,9,"015619",6.1
134.51,-23.84,1970,10,"015619",6.3
134.51,-23.84,1970,11,"015619",14.3
134.51,-23.84,1970,12,"015619",62.3
134.51,-23.84,1971,1,"015619",0
134.51,-23.84,1971,2,"015619",2.5
134.51,-23.84,1971,3,"015619",19
134.51,-23.84,1971,4,"015619",22.1
134.51,-23.84,1971,5,"015619",0
134.51,-23.84,1971,6,"015619",12.5
134.51,-23.84,1971,7,"015619",24.7
134.51,-23.84,1971,8,"015619",10.4
134.51,-23.84,1971,9,"015619",1.3
134.51,-23.84,1971,10,"015619",1
134.51,-23.84,1971,11,"015619",13.6
134.51,-23.84,1971,12,"015619",12
134.51,-23.84,1972,1,"015619",11.2
134.51,-23.84,1972,2,"015619",0
134.51,-23.84,1972,3,"015619",267.1
134.51,-23.84,1972,4,"015619",6.9
134.51,-23.84,1972,5,"015619",0
134.51,-23.84,1972,6,"015619",0
134.51,-23.84,1972,7,"015619",1
134.51,-23.84,1972,8,"015619",3.6
134.51,-23.84,1972,9,"015619",2.8
134.51,-23.84,1972,10,"015619",0
134.51,-23.84,1972,11,"015619",7.8
134.51,-23.84,1972,12,"015619",0
134.51,-23.84,1973,1,"015619",0
134.51,-23.84,1973,2,"015619",4.6
134.51,-23.84,1973,3,"015619",0
134.51,-23.84,1973,4,"015619",21.3
134.51,-23.84,1973,5,"015619",6.1
134.51,-23.84,1973,6,"015619",53.9
134.51,-23.84,1973,7,"015619",14.8
134.51,-23.84,1973,8,"015619",24.8
134.51,-23.84,1973,9,"015619",19.1
134.51,-23.84,1973,10,"015619",16.5
134.51,-23.84,1973,11,"015619",125.8
134.51,-23.84,1973,12,"015619",142.2
134.51,-23.84,1974,1,"015619",227
134.51,-23.84,1974,2,"015619",113.8
134.51,-23.84,1974,3,"015619",57.2
134.51,-23.84,1974,4,"015619",105
134.51,-23.84,1974,5,"015619",45
134.51,-23.84,1974,6,"015619",0
134.51,-23.84,1974,7,"015619",0
134.51,-23.84,1974,8,"015619",22
134.51,-23.84,1974,9,"015619",43.4
134.51,-23.84,1974,10,"015619",82
134.51,-23.84,1974,11,"015619",10.6
134.51,-23.84,1974,12,"015619",20
134.51,-23.84,1975,1,"015619",33
134.51,-23.84,1975,2,"015619",94.8
134.51,-23.84,1975,3,"015619",58
134.51,-23.84,1975,4,"015619",0
134.51,-23.84,1975,5,"015619",0
134.51,-23.84,1975,6,"015619",6
134.51,-23.84,1975,7,"015619",48.6
134.51,-23.84,1975,8,"015619",13
134.51,-23.84,1975,9,"015619",32.2
134.51,-23.84,1975,10,"015619",36.8
134.51,-23.84,1975,11,"015619",31
134.51,-23.84,1975,12,"015619",175.2
134.51,-23.84,1976,1,"015619",115.4
134.51,-23.84,1976,2,"015619",245.8
134.51,-23.84,1976,3,"015619",138
134.51,-23.84,1976,4,"015619",0
134.51,-23.84,1976,5,"015619",0
134.51,-23.84,1976,6,"015619",0
134.51,-23.84,1976,7,"015619",0
134.51,-23.84,1976,8,"015619",0
134.51,-23.84,1976,9,"015619",0
134.51,-23.84,1976,10,"015619",78.8
134.51,-23.84,1976,11,"015619",22.2
134.51,-23.84,1976,12,"015619",0
134.51,-23.84,1977,1,"015619",0
134.51,-23.84,1977,2,"015619",126
134.51,-23.84,1977,3,"015619",56
134.51,-23.84,1977,4,"015619",0
134.51,-23.84,1977,5,"015619",13
134.51,-23.84,1977,6,"015619",0
134.51,-23.84,1977,7,"015619",0
134.51,-23.84,1977,8,"015619",0
134.51,-23.84,1977,9,"015619",18.6
134.51,-23.84,1977,10,"015619",28
134.51,-23.84,1977,11,"015619",65.2
134.51,-23.84,1977,12,"015619",17.2
134.51,-23.84,1978,1,"015619",85.6
134.51,-23.84,1978,2,"015619",0
134.51,-23.84,1978,3,"015619",16.2
134.51,-23.84,1978,4,"015619",0
134.51,-23.84,1978,5,"015619",65.2
134.51,-23.84,1978,6,"015619",55.6
134.51,-23.84,1978,7,"015619",61.5
134.51,-23.84,1978,8,"015619",8.3
134.51,-23.84,1978,9,"015619",0
134.51,-23.84,1978,10,"015619",74.6
134.51,-23.84,1978,11,"015619",27.2
134.51,-23.84,1978,12,"015619",0
134.51,-23.84,1979,1,"015619",41.4
134.51,-23.84,1979,2,"015619",34
134.51,-23.84,1979,3,"015619",15.2
134.51,-23.84,1979,4,"015619",5.5
134.51,-23.84,1979,5,"015619",61.5
134.51,-23.84,1979,6,"015619",0
134.51,-23.84,1979,7,"015619",0
134.51,-23.84,1979,8,"015619",7
134.51,-23.84,1979,9,"015619",38.6
134.51,-23.84,1979,10,"015619",8.5
134.51,-23.84,1979,11,"015619",NA
134.51,-23.84,1979,12,"015619",NA
134.51,-23.84,1980,1,"015619",0
134.51,-23.84,1980,2,"015619",0
134.51,-23.84,1980,3,"015619",0
134.51,-23.84,1980,4,"015619",47.8
134.51,-23.84,1980,5,"015619",10
134.51,-23.84,1980,6,"015619",0
134.51,-23.84,1980,7,"015619",1
134.51,-23.84,1980,8,"015619",0.4
134.51,-23.84,1980,9,"015619",1.1
134.51,-23.84,1980,10,"015619",0.6
134.51,-23.84,1980,11,"015619",0
134.51,-23.84,1980,12,"015619",0.4
134.51,-23.84,1981,1,"015619",105.8
134.51,-23.84,1981,2,"015619",9.9
134.51,-23.84,1981,3,"015619",0
134.51,-23.84,1981,4,"015619",0
134.51,-23.84,1981,5,"015619",8
134.51,-23.84,1981,6,"015619",4.6
134.51,-23.84,1981,7,"015619",6.4
134.51,-23.84,1981,8,"015619",0
134.51,-23.84,1981,9,"015619",4.2
134.51,-23.84,1981,10,"015619",0
134.51,-23.84,1981,11,"015619",79.6
134.51,-23.84,1981,12,"015619",50
134.51,-23.84,1982,1,"015619",4.4
134.51,-23.84,1982,2,"015619",238
134.51,-23.84,1982,3,"015619",32.8
134.51,-23.84,1982,4,"015619",4.6
134.51,-23.84,1982,5,"015619",0
134.51,-23.84,1982,6,"015619",0
134.51,-23.84,1982,7,"015619",0
134.51,-23.84,1982,8,"015619",0
134.51,-23.84,1982,9,"015619",18.5
134.51,-23.84,1982,10,"015619",0
134.51,-23.84,1982,11,"015619",0
134.51,-23.84,1982,12,"015619",10
134.51,-23.84,1983,1,"015619",11
134.51,-23.84,1983,2,"015619",0
134.51,-23.84,1983,3,"015619",214
134.51,-23.84,1983,4,"015619",60
134.51,-23.84,1983,5,"015619",0
134.51,-23.84,1983,6,"015619",0
134.51,-23.84,1983,7,"015619",0
134.51,-23.84,1983,8,"015619",10
134.51,-23.84,1983,9,"015619",0
134.51,-23.84,1983,10,"015619",25
134.51,-23.84,1983,11,"015619",10.8
134.51,-23.84,1983,12,"015619",57
134.51,-23.84,1985,1,"015619",10
134.51,-23.84,1985,2,"015619",0
134.51,-23.84,1985,3,"015619",0
134.51,-23.84,1985,4,"015619",0
134.51,-23.84,1985,5,"015619",0
134.51,-23.84,1985,6,"015619",16
134.51,-23.84,1985,7,"015619",0
134.51,-23.84,1985,8,"015619",0
134.51,-23.84,1985,9,"015619",0
134.51,-23.84,1985,10,"015619",29
134.51,-23.84,1985,11,"015619",NA
134.51,-23.84,1985,12,"015619",0
134.51,-23.84,1986,1,"015619",15
134.51,-23.84,1986,2,"015619",0
134.51,-23.84,1986,3,"015619",0
134.51,-23.84,1986,4,"015619",0
134.51,-23.84,1986,5,"015619",2.1
134.51,-23.84,1986,6,"015619",134.1
134.51,-23.84,1986,7,"015619",59
134.51,-23.84,1986,8,"015619",5
134.51,-23.84,1986,9,"015619",0
134.51,-23.84,1986,10,"015619",24
134.51,-23.84,1986,11,"015619",51
134.51,-23.84,1986,12,"015619",18.8
134.51,-23.84,1987,1,"015619",8.6
134.51,-23.84,1987,2,"015619",16.6
134.51,-23.84,1987,3,"015619",2
134.51,-23.84,1987,4,"015619",0
134.51,-23.84,1987,5,"015619",15.4
134.51,-23.84,1987,6,"015619",37
134.51,-23.84,1987,7,"015619",0
134.51,-23.84,1987,8,"015619",0
134.51,-23.84,1987,9,"015619",4
134.51,-23.84,1987,10,"015619",0
134.51,-23.84,1987,11,"015619",16.4
134.51,-23.84,1987,12,"015619",59
134.51,-23.84,1988,1,"015619",0
134.51,-23.84,1988,2,"015619",0
134.51,-23.84,1988,3,"015619",177
134.51,-23.84,1988,4,"015619",22
134.51,-23.84,1988,5,"015619",16
134.51,-23.84,1988,6,"015619",0
134.51,-23.84,1988,7,"015619",20
134.51,-23.84,1988,8,"015619",15
134.51,-23.84,1988,9,"015619",0
134.51,-23.84,1988,10,"015619",0
134.51,-23.84,1988,11,"015619",21
134.51,-23.84,1988,12,"015619",58.6
134.51,-23.84,1989,1,"015619",1
134.51,-23.84,1989,2,"015619",0
134.51,-23.84,1989,3,"015619",86.5
134.51,-23.84,1989,4,"015619",17
134.51,-23.84,1989,5,"015619",17
134.51,-23.84,1989,6,"015619",0
134.51,-23.84,1989,7,"015619",0
134.51,-23.84,1989,8,"015619",0
134.51,-23.84,1989,9,"015619",0
134.51,-23.84,1989,10,"015619",0
134.51,-23.84,1989,11,"015619",23.2
134.51,-23.84,1989,12,"015619",77.5
134.51,-23.84,1990,1,"015619",30.5
134.51,-23.84,1990,2,"015619",0
134.51,-23.84,1990,3,"015619",0
134.51,-23.84,1990,4,"015619",22.5
134.51,-23.84,1990,5,"015619",131.5
134.51,-23.84,1990,6,"015619",0
134.51,-23.84,1990,7,"015619",0
134.51,-23.84,1990,8,"015619",0
134.51,-23.84,1990,9,"015619",0
134.51,-23.84,1990,10,"015619",4.5
134.51,-23.84,1990,11,"015619",3
134.51,-23.84,1990,12,"015619",10
134.51,-23.84,1991,1,"015619",61.5
134.51,-23.84,1991,2,"015619",132.5
134.51,-23.84,1991,3,"015619",0
134.51,-23.84,1991,4,"015619",0
134.51,-23.84,1991,5,"015619",0
134.51,-23.84,1991,6,"015619",24.5
134.51,-23.84,1991,7,"015619",2.5
134.51,-23.84,1991,8,"015619",0
134.51,-23.84,1991,9,"015619",1
134.51,-23.84,1991,10,"015619",0
134.51,-23.84,1991,11,"015619",10
134.51,-23.84,1991,12,"015619",5.5
134.51,-23.84,1992,1,"015619",3.7
134.51,-23.84,1992,2,"015619",0
134.51,-23.84,1992,3,"015619",0
134.51,-23.84,1992,4,"015619",6.7
134.51,-23.84,1992,5,"015619",55
134.51,-23.84,1992,6,"015619",1
134.51,-23.84,1992,7,"015619",0
134.51,-23.84,1992,8,"015619",8.8
134.51,-23.84,1992,9,"015619",NA
134.51,-23.84,1992,10,"015619",13
134.51,-23.84,1992,11,"015619",7.5
134.51,-23.84,1992,12,"015619",23.5
134.51,-23.84,1993,1,"015619",28
134.51,-23.84,1993,2,"015619",2.9
134.51,-23.84,1993,3,"015619",16.2
134.51,-23.84,1993,4,"015619",0
134.51,-23.84,1993,5,"015619",60.5
134.51,-23.84,1993,6,"015619",42.5
134.51,-23.84,1993,7,"015619",6
134.51,-23.84,1993,8,"015619",11.5
134.51,-23.84,1993,9,"015619",38
134.51,-23.84,1993,10,"015619",38
134.51,-23.84,1993,11,"015619",14.8
134.51,-23.84,1993,12,"015619",20
134.51,-23.84,1994,1,"015619",1.5
134.51,-23.84,1994,2,"015619",36
134.51,-23.84,1994,3,"015619",0
134.51,-23.84,1994,4,"015619",0
134.51,-23.84,1994,5,"015619",0
134.51,-23.84,1994,6,"015619",10.5
134.51,-23.84,1994,7,"015619",0
134.51,-23.84,1994,8,"015619",0
134.51,-23.84,1994,9,"015619",0
134.51,-23.84,1994,10,"015619",0
134.51,-23.84,1994,11,"015619",25
134.51,-23.84,1994,12,"015619",0
134.51,-23.84,1995,1,"015619",187.3
134.51,-23.84,1995,2,"015619",0
134.51,-23.84,1995,3,"015619",57.4
134.51,-23.84,1995,4,"015619",0
134.51,-23.84,1995,5,"015619",51.5
134.51,-23.84,1995,6,"015619",24
134.51,-23.84,1995,7,"015619",6.4
134.51,-23.84,1995,8,"015619",0
134.51,-23.84,1995,9,"015619",3.5
134.51,-23.84,1995,10,"015619",4.5
134.51,-23.84,1995,11,"015619",39.8
134.51,-23.84,1995,12,"015619",35.6
134.51,-23.84,1996,1,"015619",0
134.51,-23.84,1996,2,"015619",0
134.51,-23.84,1996,3,"015619",0
134.51,-23.84,1996,4,"015619",6.4
134.51,-23.84,1996,5,"015619",0
134.51,-23.84,1996,6,"015619",NA
134.51,-23.84,1996,7,"015619",NA
134.51,-23.84,1996,8,"015619",18
134.51,-23.84,1996,9,"015619",NA
134.51,-23.84,1996,10,"015619",NA
134.51,-23.84,1996,11,"015619",NA
134.51,-23.84,1996,12,"015619",70
134.51,-23.84,1997,1,"015619",11.5
134.51,-23.84,1997,2,"015619",141.6
134.51,-23.84,1997,3,"015619",0
134.51,-23.84,1997,4,"015619",0
134.51,-23.84,1997,5,"015619",17
134.51,-23.84,1997,6,"015619",1
134.51,-23.84,1997,7,"015619",2.5
134.51,-23.84,1997,8,"015619",12.4
134.51,-23.84,1997,9,"015619",2
134.51,-23.84,1997,10,"015619",45
134.51,-23.84,1997,11,"015619",18.5
134.51,-23.84,1997,12,"015619",7
134.51,-23.84,1998,1,"015619",34.4
134.51,-23.84,1998,2,"015619",71.5
134.51,-23.84,1998,3,"015619",0
134.51,-23.84,1998,4,"015619",83.3
134.51,-23.84,1998,5,"015619",0
134.51,-23.84,1998,6,"015619",24.2
134.51,-23.84,1998,7,"015619",31.4
134.51,-23.84,1998,8,"015619",NA
134.51,-23.84,1998,9,"015619",NA
134.51,-23.84,1998,10,"015619",NA
134.51,-23.84,1998,11,"015619",NA
134.51,-23.84,1998,12,"015619",19
134.51,-23.84,1999,1,"015619",15
134.51,-23.84,1999,2,"015619",10
134.51,-23.84,1999,3,"015619",4
134.51,-23.84,1999,4,"015619",0
134.51,-23.84,1999,5,"015619",0
134.51,-23.84,1999,6,"015619",NA
134.51,-23.84,1999,7,"015619",0
134.51,-23.84,1999,8,"015619",4
134.51,-23.84,1999,9,"015619",0
134.51,-23.84,1999,10,"015619",26
134.51,-23.84,1999,11,"015619",6
134.51,-23.84,1999,12,"015619",92.4
134.51,-23.84,2000,1,"015619",17
134.51,-23.84,2000,2,"015619",123.5
134.51,-23.84,2000,3,"015619",27
134.51,-23.84,2000,4,"015619",287
134.51,-23.84,2000,5,"015619",6
134.51,-23.84,2000,6,"015619",0
134.51,-23.84,2000,7,"015619",0
134.51,-23.84,2000,8,"015619",0
134.51,-23.84,2000,9,"015619",0
134.51,-23.84,2000,10,"015619",20.6
134.51,-23.84,2000,11,"015619",29
134.51,-23.84,2000,12,"015619",70
134.51,-23.84,2001,1,"015619",136
134.51,-23.84,2001,2,"015619",13
134.51,-23.84,2001,3,"015619",73
134.51,-23.84,2001,4,"015619",0
134.51,-23.84,2001,5,"015619",0
134.51,-23.84,2001,6,"015619",26
134.51,-23.84,2001,7,"015619",22.5
134.51,-23.84,2001,8,"015619",1
134.51,-23.84,2001,9,"015619",5
134.51,-23.84,2001,10,"015619",58.5
134.51,-23.84,2001,11,"015619",47.5
134.51,-23.84,2001,12,"015619",NA
134.51,-23.84,2002,1,"015619",15
134.51,-23.84,2002,2,"015619",27
134.51,-23.84,2002,3,"015619",1
134.51,-23.84,2002,4,"015619",0
134.51,-23.84,2002,5,"015619",2
134.51,-23.84,2002,6,"015619",0
134.51,-23.84,2002,7,"015619",0
134.51,-23.84,2002,8,"015619",0
134.51,-23.84,2002,9,"015619",0
134.51,-23.84,2002,10,"015619",0
134.51,-23.84,2002,11,"015619",64
134.51,-23.84,2002,12,"015619",6
134.51,-23.84,2003,1,"015619",13
134.51,-23.84,2003,2,"015619",18
134.51,-23.84,2003,3,"015619",0
134.51,-23.84,2003,4,"015619",2
134.51,-23.84,2003,5,"015619",0
134.51,-23.84,2003,6,"015619",0
134.51,-23.84,2003,7,"015619",13
134.51,-23.84,2003,8,"015619",9
134.51,-23.84,2003,9,"015619",3
134.51,-23.84,2003,10,"015619",16
134.51,-23.84,2003,11,"015619",29
134.51,-23.84,2003,12,"015619",48
134.51,-23.84,2004,1,"015619",6.4
134.51,-23.84,2004,2,"015619",32
134.51,-23.84,2004,3,"015619",10.6
134.51,-23.84,2004,4,"015619",0
134.51,-23.84,2004,5,"015619",63
134.51,-23.84,2004,6,"015619",0
134.51,-23.84,2004,7,"015619",0
134.51,-23.84,2004,8,"015619",6
134.51,-23.84,2004,9,"015619",0
134.51,-23.84,2004,10,"015619",0
134.51,-23.84,2004,11,"015619",0
134.51,-23.84,2004,12,"015619",0
134.51,-23.84,2005,1,"015619",12
134.51,-23.84,2005,2,"015619",9
134.51,-23.84,2005,3,"015619",5
134.51,-23.84,2005,4,"015619",0
134.51,-23.84,2005,5,"015619",0
134.51,-23.84,2005,6,"015619",46.8
134.51,-23.84,2005,7,"015619",34
134.51,-23.84,2005,8,"015619",0
134.51,-23.84,2005,9,"015619",8.2
134.51,-23.84,2005,10,"015619",97.1
134.51,-23.84,2005,11,"015619",6
134.51,-23.84,2005,12,"015619",36
134.51,-23.84,2006,1,"015619",4.6
134.51,-23.84,2006,2,"015619",17.4
134.51,-23.84,2006,3,"015619",3
134.51,-23.84,2006,4,"015619",20
134.51,-23.84,2006,5,"015619",0
134.51,-23.84,2006,6,"015619",0
134.51,-23.84,2006,7,"015619",NA
134.51,-23.84,2006,8,"015619",3
134.51,-23.84,2006,9,"015619",0
134.51,-23.84,2006,10,"015619",7
134.51,-23.84,2006,11,"015619",0
134.51,-23.84,2006,12,"015619",NA
134.51,-23.84,2007,1,"015619",84
134.51,-23.84,2007,2,"015619",0
134.51,-23.84,2007,3,"015619",NA
134.51,-23.84,2007,4,"015619",0
134.51,-23.84,2007,5,"015619",13
134.51,-23.84,2007,6,"015619",6
134.51,-23.84,2007,7,"015619",0
134.51,-23.84,2007,8,"015619",3
134.51,-23.84,2007,9,"015619",0
134.51,-23.84,2007,10,"015619",2.4
134.51,-23.84,2007,11,"015619",22
134.51,-23.84,2007,12,"015619",13
134.51,-23.84,2008,1,"015619",0
134.51,-23.84,2008,2,"015619",4
134.51,-23.84,2008,3,"015619",0
134.51,-23.84,2008,4,"015619",0
134.51,-23.84,2008,5,"015619",0
134.51,-23.84,2008,6,"015619",30
134.51,-23.84,2008,7,"015619",0
134.51,-23.84,2008,8,"015619",NA
134.51,-23.84,2008,9,"015619",5
134.51,-23.84,2008,10,"015619",3
134.51,-23.84,2008,11,"015619",144
134.51,-23.84,2008,12,"015619",58
134.51,-23.84,2009,1,"015619",18
134.51,-23.84,2009,2,"015619",0
134.51,-23.84,2009,3,"015619",0
134.51,-23.84,2009,4,"015619",0
134.51,-23.84,2009,5,"015619",29
134.51,-23.84,2009,6,"015619",1
134.51,-23.84,2009,7,"015619",0
134.51,-23.84,2009,8,"015619",3
134.51,-23.84,2009,9,"015619",6
134.51,-23.84,2009,10,"015619",0
134.51,-23.84,2009,11,"015619",1
134.51,-23.84,2009,12,"015619",7
134.51,-23.84,2010,1,"015619",96
134.51,-23.84,2010,2,"015619",NA
134.51,-23.84,2010,3,"015619",44.4
134.51,-23.84,2010,4,"015619",47.6
134.51,-23.84,2010,5,"015619",NA
134.51,-23.84,2010,6,"015619",0
134.51,-23.84,2010,7,"015619",95
134.51,-23.84,2010,8,"015619",20
134.51,-23.84,2010,9,"015619",58.8
134.51,-23.84,2010,10,"015619",NA
134.51,-23.84,2010,11,"015619",52
134.51,-23.84,2010,12,"015619",34
134.51,-23.84,2011,1,"015619",66.6
134.51,-23.84,2011,2,"015619",NA
134.51,-23.84,2011,3,"015619",NA
134.51,-23.84,2011,4,"015619",0
134.51,-23.84,2011,5,"015619",0
134.51,-23.84,2011,6,"015619",9.2
134.51,-23.84,2011,7,"015619",7.2
134.51,-23.84,2011,8,"015619",0
134.51,-23.84,2011,9,"015619",0
134.51,-23.84,2011,10,"015619",12
134.51,-23.84,2011,11,"015619",NA
134.51,-23.84,2011,12,"015619",NA
134.51,-23.84,2012,1,"015619",31
134.51,-23.84,2012,2,"015619",NA
134.51,-23.84,2012,3,"015619",109
134.51,-23.84,2012,4,"015619",23.4
134.51,-23.84,2012,5,"015619",0
134.51,-23.84,2012,6,"015619",0
134.51,-23.84,2012,7,"015619",0
134.51,-23.84,2012,8,"015619",0
134.51,-23.84,2012,9,"015619",0
134.51,-23.84,2012,10,"015619",0
134.51,-23.84,2012,11,"015619",44.8
134.51,-23.84,2012,12,"015619",16.2
134.51,-23.84,2013,1,"015619",29.6
134.51,-23.84,2013,2,"015619",NA
134.51,-23.84,2013,3,"015619",0
134.51,-23.84,2013,4,"015619",0
134.51,-23.84,2013,5,"015619",44
134.51,-23.84,2013,6,"015619",0
134.51,-23.84,2013,7,"015619",20
134.51,-23.84,2013,8,"015619",0
134.51,-23.84,2013,9,"015619",0
134.51,-23.84,2013,10,"015619",0
134.51,-23.84,2013,11,"015619",0
134.51,-23.84,2013,12,"015619",14.6
134.51,-23.84,2014,1,"015619",34
134.51,-23.84,2014,2,"015619",35.4
134.51,-23.84,2014,3,"015619",0
134.51,-23.84,2014,4,"015619",64.4
134.51,-23.84,2014,5,"015619",3.2
134.51,-23.84,2014,6,"015619",0
134.51,-23.84,2014,7,"015619",27
134.51,-23.84,2014,8,"015619",0
134.51,-23.84,2014,9,"015619",0
134.51,-23.84,2014,10,"015619",0
134.51,-23.84,2014,11,"015619",0
134.51,-23.84,2014,12,"015619",77
134.51,-23.84,2015,1,"015619",202
134.51,-23.84,2015,2,"015619",0
134.51,-23.84,2015,3,"015619",0
134.51,-23.84,2015,4,"015619",0
134.51,-23.84,2015,5,"015619",0
134.51,-23.84,2015,6,"015619",7
134.51,-23.84,2015,7,"015619",0
134.51,-23.84,2015,8,"015619",0
134.51,-23.84,2015,9,"015619",0
134.51,-23.84,2015,10,"015619",0
134.51,-23.84,2015,11,"015619",16
134.51,-23.84,2015,12,"015619",115
134.51,-23.84,2016,1,"015619",40.5
134.51,-23.84,2016,2,"015619",0
134.51,-23.84,2016,3,"015619",0
134.51,-23.84,2016,4,"015619",0
134.51,-23.84,2016,5,"015619",49
134.51,-23.84,2016,6,"015619",36.5
134.51,-23.84,2016,7,"015619",0
134.51,-23.84,2016,8,"015619",26.8
134.51,-23.84,2016,9,"015619",NA
134.51,-23.84,2016,10,"015619",6
134.51,-23.84,2016,11,"015619",31.2
134.51,-23.84,2016,12,"015619",110
134.51,-23.84,2017,1,"015619",42
134.51,-23.84,2017,2,"015619",0
134.51,-23.84,2017,3,"015619",0
134.51,-23.84,2017,4,"015619",0
134.51,-23.84,2017,5,"015619",0
134.51,-23.84,2017,6,"015619",0
134.51,-23.84,2017,7,"015619",0
134.51,-23.84,2017,8,"015619",0
134.51,-23.84,2017,9,"015619",0
134.51,-23.84,2017,10,"015619",5
134.51,-23.84,2017,11,"015619",61
134.51,-23.84,2017,12,"015619",13
134.51,-23.84,2018,1,"015619",57
134.51,-23.84,2018,2,"015619",20
134.51,-23.84,2018,3,"015619",NA
134.51,-23.84,2018,4,"015619",47
134.51,-23.84,2018,5,"015619",0
134.51,-23.84,2018,6,"015619",0
134.51,-23.84,2018,7,"015619",0
134.51,-23.84,2018,8,"015619",0
134.51,-23.84,2018,9,"015619",0
134.51,-23.84,2018,10,"015619",9.4
134.51,-23.84,2018,11,"015619",59
134.51,-23.84,2018,12,"015619",0
134.51,-23.84,2019,1,"015619",0
134.51,-23.84,2019,2,"015619",0
134.51,-23.84,2019,3,"015619",0
134.51,-23.84,2019,4,"015619",0
134.51,-23.84,2019,5,"015619",13
134.51,-23.84,2019,6,"015619",0
134.51,-23.84,2019,7,"015619",0
134.51,-23.84,2019,8,"015619",0
134.51,-23.84,2019,9,"015619",12.5
134.51,-23.84,2019,10,"015619",0
134.51,-23.84,2019,11,"015619",0
134.51,-23.84,2019,12,"015619",12.8
134.51,-23.84,2020,1,"015619",0
134.51,-23.84,2020,2,"015619",35
134.51,-23.84,2020,3,"015619",63
134.51,-23.84,2020,4,"015619",18
134.51,-23.84,2020,5,"015619",0
134.51,-23.84,2020,6,"015619",0
134.51,-23.84,2020,7,"015619",3
134.51,-23.84,2020,8,"015619",25.5
134.51,-23.84,2020,9,"015619",0
134.51,-23.84,2020,10,"015619",41
134.51,-23.84,2020,11,"015619",0
134.51,-23.84,2020,12,"015619",115
134.51,-23.84,2021,1,"015619",10
134.51,-23.84,2021,2,"015619",0
134.51,-23.84,2021,3,"015619",98
134.51,-23.84,2021,4,"015619",0
134.51,-23.84,2021,5,"015619",0
134.51,-23.84,2021,6,"015619",11.6
134.51,-23.84,2021,7,"015619",0
134.51,-23.84,2021,8,"015619",0
134.51,-23.84,2021,9,"015619",0
134.51,-23.84,2021,10,"015619",0
134.51,-23.84,2021,11,"015619",154.6
134.51,-23.84,2021,12,"015619",0
134.51,-23.84,2022,1,"015619",193.4
134.51,-23.84,2022,2,"015619",55
134.51,-23.84,2022,3,"015619",NA
134.51,-23.84,2022,4,"015619",NA
134.51,-23.84,2022,5,"015619",NA
134.51,-23.84,2022,6,"015619",NA
134.51,-23.84,2022,7,"015619",NA
134.51,-23.84,2022,8,"015619",NA
134.51,-23.84,2022,9,"015619",NA
134.51,-23.84,2022,10,"015619",NA
134.51,-23.84,2022,11,"015619",NA
134.51,-23.84,2022,12,"015619",NA
