"Lon","Lat","Year","Month","Station","Rain"
144.06,-40.05,1917,1,"098008",NA
144.06,-40.05,1917,2,"098008",NA
144.06,-40.05,1917,3,"098008",NA
144.06,-40.05,1917,4,"098008",NA
144.06,-40.05,1917,5,"098008",NA
144.06,-40.05,1917,6,"098008",NA
144.06,-40.05,1917,7,"098008",234.2
144.06,-40.05,1917,8,"098008",79.3
144.06,-40.05,1917,9,"098008",131.9
144.06,-40.05,1917,10,"098008",166.5
144.06,-40.05,1917,11,"098008",90.2
144.06,-40.05,1917,12,"098008",NA
144.06,-40.05,1918,1,"098008",23.9
144.06,-40.05,1918,2,"098008",39.3
144.06,-40.05,1918,3,"098008",28.2
144.06,-40.05,1918,4,"098008",23.6
144.06,-40.05,1918,5,"098008",141.9
144.06,-40.05,1918,6,"098008",132.6
144.06,-40.05,1918,7,"098008",153.8
144.06,-40.05,1918,8,"098008",99.6
144.06,-40.05,1918,9,"098008",48.5
144.06,-40.05,1918,10,"098008",101.5
144.06,-40.05,1918,11,"098008",16.7
144.06,-40.05,1918,12,"098008",54.1
144.06,-40.05,1919,1,"098008",5.1
144.06,-40.05,1919,2,"098008",NA
144.06,-40.05,1919,3,"098008",NA
144.06,-40.05,1919,4,"098008",NA
144.06,-40.05,1919,5,"098008",70.9
144.06,-40.05,1919,6,"098008",174.4
144.06,-40.05,1919,7,"098008",188.2
144.06,-40.05,1919,8,"098008",95.2
144.06,-40.05,1919,9,"098008",97.5
144.06,-40.05,1919,10,"098008",57.7
144.06,-40.05,1919,11,"098008",14
144.06,-40.05,1919,12,"098008",54.7
144.06,-40.05,1920,1,"098008",14.3
144.06,-40.05,1920,2,"098008",26.6
144.06,-40.05,1920,3,"098008",42.6
144.06,-40.05,1920,4,"098008",54.3
144.06,-40.05,1920,5,"098008",81.6
144.06,-40.05,1920,6,"098008",146.4
144.06,-40.05,1920,7,"098008",159.5
144.06,-40.05,1920,8,"098008",188.6
144.06,-40.05,1920,9,"098008",59.8
144.06,-40.05,1920,10,"098008",53.9
144.06,-40.05,1920,11,"098008",6.9
144.06,-40.05,1920,12,"098008",25
144.06,-40.05,1921,1,"098008",8.4
144.06,-40.05,1921,2,"098008",25
144.06,-40.05,1921,3,"098008",19.8
144.06,-40.05,1921,4,"098008",50.8
144.06,-40.05,1921,5,"098008",86
144.06,-40.05,1921,6,"098008",172.1
144.06,-40.05,1921,7,"098008",146.9
144.06,-40.05,1921,8,"098008",151
144.06,-40.05,1921,9,"098008",114.1
144.06,-40.05,1921,10,"098008",57.5
144.06,-40.05,1921,11,"098008",79.1
144.06,-40.05,1921,12,"098008",49.1
144.06,-40.05,1963,1,"098008",58.6
144.06,-40.05,1963,2,"098008",18
144.06,-40.05,1963,3,"098008",38.6
144.06,-40.05,1963,4,"098008",27.3
144.06,-40.05,1963,5,"098008",61.2
144.06,-40.05,1963,6,"098008",118.2
144.06,-40.05,1963,7,"098008",234.5
144.06,-40.05,1963,8,"098008",99.2
144.06,-40.05,1963,9,"098008",93.6
144.06,-40.05,1963,10,"098008",66.2
144.06,-40.05,1963,11,"098008",NA
144.06,-40.05,1963,12,"098008",NA
144.06,-40.05,1964,1,"098008",NA
144.06,-40.05,1964,2,"098008",NA
144.06,-40.05,1964,3,"098008",NA
144.06,-40.05,1964,4,"098008",NA
144.06,-40.05,1964,5,"098008",NA
144.06,-40.05,1964,6,"098008",NA
144.06,-40.05,1964,7,"098008",NA
144.06,-40.05,1964,8,"098008",NA
144.06,-40.05,1964,9,"098008",NA
144.06,-40.05,1964,10,"098008",105.4
144.06,-40.05,1964,11,"098008",38.9
144.06,-40.05,1964,12,"098008",72.9
144.06,-40.05,1965,1,"098008",18.9
144.06,-40.05,1965,2,"098008",4.4
144.06,-40.05,1965,3,"098008",64.6
144.06,-40.05,1965,4,"098008",127.4
144.06,-40.05,1965,5,"098008",144
144.06,-40.05,1965,6,"098008",124.8
144.06,-40.05,1965,7,"098008",93.6
144.06,-40.05,1965,8,"098008",91.7
144.06,-40.05,1965,9,"098008",69.7
144.06,-40.05,1965,10,"098008",39.2
144.06,-40.05,1965,11,"098008",64.2
144.06,-40.05,1965,12,"098008",23.6
144.06,-40.05,1966,1,"098008",31.5
144.06,-40.05,1966,2,"098008",39.1
144.06,-40.05,1966,3,"098008",81.5
144.06,-40.05,1966,4,"098008",66.5
144.06,-40.05,1966,5,"098008",72.4
144.06,-40.05,1966,6,"098008",59.9
144.06,-40.05,1966,7,"098008",156.2
144.06,-40.05,1966,8,"098008",103.3
144.06,-40.05,1966,9,"098008",89.3
144.06,-40.05,1966,10,"098008",113.4
144.06,-40.05,1966,11,"098008",121.2
144.06,-40.05,1966,12,"098008",65.5
144.06,-40.05,1967,1,"098008",32.5
144.06,-40.05,1967,2,"098008",15.8
144.06,-40.05,1967,3,"098008",35.8
144.06,-40.05,1967,4,"098008",19.4
144.06,-40.05,1967,5,"098008",32.3
144.06,-40.05,1967,6,"098008",124.1
144.06,-40.05,1967,7,"098008",207.6
144.06,-40.05,1967,8,"098008",103.7
144.06,-40.05,1967,9,"098008",69.4
144.06,-40.05,1967,10,"098008",29.8
144.06,-40.05,1967,11,"098008",46.1
144.06,-40.05,1967,12,"098008",68.8
144.06,-40.05,1968,1,"098008",20.7
144.06,-40.05,1968,2,"098008",26.9
144.06,-40.05,1968,3,"098008",60.2
144.06,-40.05,1968,4,"098008",103.2
144.06,-40.05,1968,5,"098008",181.7
144.06,-40.05,1968,6,"098008",91.1
144.06,-40.05,1968,7,"098008",123.3
144.06,-40.05,1968,8,"098008",211.1
144.06,-40.05,1968,9,"098008",70.8
144.06,-40.05,1968,10,"098008",137.8
144.06,-40.05,1968,11,"098008",101.7
144.06,-40.05,1968,12,"098008",10.4
144.06,-40.05,1969,1,"098008",24.6
144.06,-40.05,1969,2,"098008",120.5
144.06,-40.05,1969,3,"098008",77.9
144.06,-40.05,1969,4,"098008",71.7
144.06,-40.05,1969,5,"098008",110.1
144.06,-40.05,1969,6,"098008",73.7
144.06,-40.05,1969,7,"098008",144.1
144.06,-40.05,1969,8,"098008",108.8
144.06,-40.05,1969,9,"098008",102.4
144.06,-40.05,1969,10,"098008",83.8
144.06,-40.05,1969,11,"098008",71.6
144.06,-40.05,1969,12,"098008",58.1
144.06,-40.05,1999,1,"098008",NA
144.06,-40.05,1999,2,"098008",NA
144.06,-40.05,1999,3,"098008",NA
144.06,-40.05,1999,4,"098008",NA
144.06,-40.05,1999,5,"098008",NA
144.06,-40.05,1999,6,"098008",NA
144.06,-40.05,1999,7,"098008",NA
144.06,-40.05,1999,8,"098008",NA
144.06,-40.05,1999,9,"098008",NA
144.06,-40.05,1999,10,"098008",NA
144.06,-40.05,1999,11,"098008",38.7
144.06,-40.05,1999,12,"098008",66.2
144.06,-40.05,2000,1,"098008",51.2
144.06,-40.05,2000,2,"098008",30.6
144.06,-40.05,2000,3,"098008",NA
144.06,-40.05,2000,4,"098008",50.6
144.06,-40.05,2000,5,"098008",159.2
144.06,-40.05,2000,6,"098008",109.6
144.06,-40.05,2000,7,"098008",182
144.06,-40.05,2000,8,"098008",161.8
144.06,-40.05,2000,9,"098008",112
144.06,-40.05,2000,10,"098008",132.6
144.06,-40.05,2000,11,"098008",61.7
144.06,-40.05,2000,12,"098008",51
144.06,-40.05,2001,1,"098008",34.6
144.06,-40.05,2001,2,"098008",24.2
144.06,-40.05,2001,3,"098008",101.2
144.06,-40.05,2001,4,"098008",31.4
144.06,-40.05,2001,5,"098008",62.2
144.06,-40.05,2001,6,"098008",133.4
144.06,-40.05,2001,7,"098008",95.2
144.06,-40.05,2001,8,"098008",269.6
144.06,-40.05,2001,9,"098008",74.8
144.06,-40.05,2001,10,"098008",123.3
144.06,-40.05,2001,11,"098008",84.8
144.06,-40.05,2001,12,"098008",NA
144.06,-40.05,2002,1,"098008",60.2
144.06,-40.05,2002,2,"098008",59.2
144.06,-40.05,2002,3,"098008",21.6
144.06,-40.05,2002,4,"098008",32
144.06,-40.05,2002,5,"098008",67.2
144.06,-40.05,2002,6,"098008",168.2
144.06,-40.05,2002,7,"098008",159
144.06,-40.05,2002,8,"098008",92.6
144.06,-40.05,2002,9,"098008",114.8
144.06,-40.05,2002,10,"098008",107.6
144.06,-40.05,2002,11,"098008",39
144.06,-40.05,2002,12,"098008",48.2
144.06,-40.05,2003,1,"098008",34.6
144.06,-40.05,2003,2,"098008",13.2
144.06,-40.05,2003,3,"098008",19.8
144.06,-40.05,2003,4,"098008",46.4
144.06,-40.05,2003,5,"098008",47
144.06,-40.05,2003,6,"098008",209
144.06,-40.05,2003,7,"098008",123
144.06,-40.05,2003,8,"098008",193.4
144.06,-40.05,2003,9,"098008",143
144.06,-40.05,2003,10,"098008",78
144.06,-40.05,2003,11,"098008",14.4
144.06,-40.05,2003,12,"098008",66.4
144.06,-40.05,2004,1,"098008",42.4
144.06,-40.05,2004,2,"098008",14.4
144.06,-40.05,2004,3,"098008",38.4
144.06,-40.05,2004,4,"098008",48.8
144.06,-40.05,2004,5,"098008",95.6
144.06,-40.05,2004,6,"098008",206.2
144.06,-40.05,2004,7,"098008",166.3
144.06,-40.05,2004,8,"098008",142.9
144.06,-40.05,2004,9,"098008",NA
144.06,-40.05,2004,10,"098008",NA
144.06,-40.05,2004,11,"098008",NA
144.06,-40.05,2004,12,"098008",NA
144.06,-40.05,2005,1,"098008",39
144.06,-40.05,2005,2,"098008",NA
144.06,-40.05,2005,3,"098008",NA
144.06,-40.05,2005,4,"098008",NA
144.06,-40.05,2005,5,"098008",NA
144.06,-40.05,2005,6,"098008",NA
144.06,-40.05,2005,7,"098008",NA
144.06,-40.05,2005,8,"098008",NA
144.06,-40.05,2005,9,"098008",NA
144.06,-40.05,2005,10,"098008",NA
144.06,-40.05,2005,11,"098008",NA
144.06,-40.05,2005,12,"098008",NA
144.06,-40.05,2009,1,"098008",NA
144.06,-40.05,2009,2,"098008",7.4
144.06,-40.05,2009,3,"098008",70.2
144.06,-40.05,2009,4,"098008",NA
144.06,-40.05,2009,5,"098008",NA
144.06,-40.05,2009,6,"098008",NA
144.06,-40.05,2009,7,"098008",NA
144.06,-40.05,2009,8,"098008",NA
144.06,-40.05,2009,9,"098008",NA
144.06,-40.05,2009,10,"098008",NA
144.06,-40.05,2009,11,"098008",NA
144.06,-40.05,2009,12,"098008",NA
