"Lon","Lat","Year","Month","Station","Rain"
146.6,-36.5,1913,1,"082055",NA
146.6,-36.5,1913,2,"082055",NA
146.6,-36.5,1913,3,"082055",NA
146.6,-36.5,1913,4,"082055",11.7
146.6,-36.5,1913,5,"082055",71.6
146.6,-36.5,1913,6,"082055",49.6
146.6,-36.5,1913,7,"082055",36
146.6,-36.5,1913,8,"082055",57.1
146.6,-36.5,1913,9,"082055",63.1
146.6,-36.5,1913,10,"082055",51.7
146.6,-36.5,1913,11,"082055",67.7
146.6,-36.5,1913,12,"082055",31.1
146.6,-36.5,1914,1,"082055",27.5
146.6,-36.5,1914,2,"082055",1
146.6,-36.5,1914,3,"082055",56.9
146.6,-36.5,1914,4,"082055",53.7
146.6,-36.5,1914,5,"082055",63.7
146.6,-36.5,1914,6,"082055",19.8
146.6,-36.5,1914,7,"082055",43.1
146.6,-36.5,1914,8,"082055",17.7
146.6,-36.5,1914,9,"082055",26.5
146.6,-36.5,1914,10,"082055",2.8
146.6,-36.5,1914,11,"082055",36.3
146.6,-36.5,1914,12,"082055",53.4
146.6,-36.5,1915,1,"082055",NA
146.6,-36.5,1915,2,"082055",NA
146.6,-36.5,1915,3,"082055",NA
146.6,-36.5,1915,4,"082055",NA
146.6,-36.5,1915,5,"082055",NA
146.6,-36.5,1915,6,"082055",NA
146.6,-36.5,1915,7,"082055",NA
146.6,-36.5,1915,8,"082055",NA
146.6,-36.5,1915,9,"082055",122
146.6,-36.5,1915,10,"082055",NA
146.6,-36.5,1915,11,"082055",NA
146.6,-36.5,1915,12,"082055",NA
146.6,-36.5,1916,1,"082055",NA
146.6,-36.5,1916,2,"082055",42.5
146.6,-36.5,1916,3,"082055",14.7
146.6,-36.5,1916,4,"082055",48.4
146.6,-36.5,1916,5,"082055",37.6
146.6,-36.5,1916,6,"082055",137.9
146.6,-36.5,1916,7,"082055",129.8
146.6,-36.5,1916,8,"082055",157.6
146.6,-36.5,1916,9,"082055",102.7
146.6,-36.5,1916,10,"082055",100.4
146.6,-36.5,1916,11,"082055",136.1
146.6,-36.5,1916,12,"082055",41.4
146.6,-36.5,1917,1,"082055",77.5
146.6,-36.5,1917,2,"082055",98.8
146.6,-36.5,1917,3,"082055",49.1
146.6,-36.5,1917,4,"082055",21.8
146.6,-36.5,1917,5,"082055",121.6
146.6,-36.5,1917,6,"082055",183.2
146.6,-36.5,1917,7,"082055",169.6
146.6,-36.5,1917,8,"082055",115.1
146.6,-36.5,1917,9,"082055",129.1
146.6,-36.5,1917,10,"082055",214.8
146.6,-36.5,1917,11,"082055",99.7
146.6,-36.5,1917,12,"082055",21.8
146.6,-36.5,1918,1,"082055",112.8
146.6,-36.5,1918,2,"082055",39.1
146.6,-36.5,1918,3,"082055",55.5
146.6,-36.5,1918,4,"082055",67
146.6,-36.5,1918,5,"082055",205.5
146.6,-36.5,1918,6,"082055",91.1
146.6,-36.5,1918,7,"082055",54.4
146.6,-36.5,1918,8,"082055",92.6
146.6,-36.5,1918,9,"082055",61.7
146.6,-36.5,1918,10,"082055",31.8
146.6,-36.5,1918,11,"082055",3.3
146.6,-36.5,1918,12,"082055",53.8
146.6,-36.5,1919,1,"082055",0
146.6,-36.5,1919,2,"082055",33
146.6,-36.5,1919,3,"082055",66.5
146.6,-36.5,1919,4,"082055",48.3
146.6,-36.5,1919,5,"082055",66
146.6,-36.5,1919,6,"082055",93
146.6,-36.5,1919,7,"082055",52.3
146.6,-36.5,1919,8,"082055",46
146.6,-36.5,1919,9,"082055",77.7
146.6,-36.5,1919,10,"082055",29.5
146.6,-36.5,1919,11,"082055",22.1
146.6,-36.5,1919,12,"082055",93.2
146.6,-36.5,1920,1,"082055",1.8
146.6,-36.5,1920,2,"082055",0
146.6,-36.5,1920,3,"082055",27.2
146.6,-36.5,1920,4,"082055",35.3
146.6,-36.5,1920,5,"082055",51.8
146.6,-36.5,1920,6,"082055",108.2
146.6,-36.5,1920,7,"082055",42.4
146.6,-36.5,1920,8,"082055",133.9
146.6,-36.5,1920,9,"082055",102.4
146.6,-36.5,1920,10,"082055",51.8
146.6,-36.5,1920,11,"082055",86.9
146.6,-36.5,1920,12,"082055",52.3
146.6,-36.5,1927,1,"082055",24.8
146.6,-36.5,1927,2,"082055",21.6
146.6,-36.5,1927,3,"082055",10.2
146.6,-36.5,1927,4,"082055",1.3
146.6,-36.5,1927,5,"082055",67.5
146.6,-36.5,1927,6,"082055",30.5
146.6,-36.5,1927,7,"082055",63.9
146.6,-36.5,1927,8,"082055",117.5
146.6,-36.5,1927,9,"082055",28.5
146.6,-36.5,1927,10,"082055",80.3
146.6,-36.5,1927,11,"082055",19.6
146.6,-36.5,1927,12,"082055",30.8
146.6,-36.5,1928,1,"082055",47
146.6,-36.5,1928,2,"082055",170.4
146.6,-36.5,1928,3,"082055",97.4
146.6,-36.5,1928,4,"082055",60.3
146.6,-36.5,1928,5,"082055",69.5
146.6,-36.5,1928,6,"082055",74.7
146.6,-36.5,1928,7,"082055",57.8
146.6,-36.5,1928,8,"082055",17.8
146.6,-36.5,1928,9,"082055",45.8
146.6,-36.5,1928,10,"082055",135.9
146.6,-36.5,1928,11,"082055",2.8
146.6,-36.5,1928,12,"082055",27.4
146.6,-36.5,1929,1,"082055",27
146.6,-36.5,1929,2,"082055",29.1
146.6,-36.5,1929,3,"082055",5.7
146.6,-36.5,1929,4,"082055",69.1
146.6,-36.5,1929,5,"082055",48.3
146.6,-36.5,1929,6,"082055",83.1
146.6,-36.5,1929,7,"082055",31.3
146.6,-36.5,1929,8,"082055",60.1
146.6,-36.5,1929,9,"082055",93
146.6,-36.5,1929,10,"082055",23.4
146.6,-36.5,1929,11,"082055",33
146.6,-36.5,1929,12,"082055",65
146.6,-36.5,1930,1,"082055",0
146.6,-36.5,1930,2,"082055",14.5
146.6,-36.5,1930,3,"082055",11.4
146.6,-36.5,1930,4,"082055",34
146.6,-36.5,1930,5,"082055",50.6
146.6,-36.5,1930,6,"082055",23.1
146.6,-36.5,1930,7,"082055",44.2
146.6,-36.5,1930,8,"082055",71.3
146.6,-36.5,1930,9,"082055",42.4
146.6,-36.5,1930,10,"082055",131
146.6,-36.5,1930,11,"082055",35.5
146.6,-36.5,1930,12,"082055",190.3
146.6,-36.5,1931,1,"082055",14.9
146.6,-36.5,1931,2,"082055",12.7
146.6,-36.5,1931,3,"082055",111
146.6,-36.5,1931,4,"082055",82.4
146.6,-36.5,1931,5,"082055",153.2
146.6,-36.5,1931,6,"082055",193.7
146.6,-36.5,1931,7,"082055",59.8
146.6,-36.5,1931,8,"082055",74.8
146.6,-36.5,1931,9,"082055",46.6
146.6,-36.5,1931,10,"082055",59.5
146.6,-36.5,1931,11,"082055",85.6
146.6,-36.5,1931,12,"082055",0.8
146.6,-36.5,1932,1,"082055",1
146.6,-36.5,1932,2,"082055",29.7
146.6,-36.5,1932,3,"082055",75.9
146.6,-36.5,1932,4,"082055",157.7
146.6,-36.5,1932,5,"082055",8.4
146.6,-36.5,1932,6,"082055",114.5
146.6,-36.5,1932,7,"082055",48.7
146.6,-36.5,1932,8,"082055",109.4
146.6,-36.5,1932,9,"082055",61.4
146.6,-36.5,1932,10,"082055",41.6
146.6,-36.5,1932,11,"082055",39.2
146.6,-36.5,1932,12,"082055",40.2
146.6,-36.5,1933,1,"082055",18.3
146.6,-36.5,1933,2,"082055",0
146.6,-36.5,1933,3,"082055",14
146.6,-36.5,1933,4,"082055",22.1
146.6,-36.5,1933,5,"082055",79.5
146.6,-36.5,1933,6,"082055",72.3
146.6,-36.5,1933,7,"082055",97.5
146.6,-36.5,1933,8,"082055",50.3
146.6,-36.5,1933,9,"082055",71.7
146.6,-36.5,1933,10,"082055",58.2
146.6,-36.5,1933,11,"082055",59.8
146.6,-36.5,1933,12,"082055",150.8
146.6,-36.5,1934,1,"082055",114.4
146.6,-36.5,1934,2,"082055",67.4
146.6,-36.5,1934,3,"082055",61.7
146.6,-36.5,1934,4,"082055",97.8
146.6,-36.5,1934,5,"082055",0
146.6,-36.5,1934,6,"082055",40.3
146.6,-36.5,1934,7,"082055",118.9
146.6,-36.5,1934,8,"082055",117.6
146.6,-36.5,1934,9,"082055",59.7
146.6,-36.5,1934,10,"082055",214.8
146.6,-36.5,1934,11,"082055",102.9
146.6,-36.5,1934,12,"082055",44.8
146.6,-36.5,1935,1,"082055",27.9
146.6,-36.5,1935,2,"082055",55.7
146.6,-36.5,1935,3,"082055",39.1
146.6,-36.5,1935,4,"082055",144.2
146.6,-36.5,1935,5,"082055",27.9
146.6,-36.5,1935,6,"082055",74
146.6,-36.5,1935,7,"082055",112.1
146.6,-36.5,1935,8,"082055",94.5
146.6,-36.5,1935,9,"082055",92.5
146.6,-36.5,1935,10,"082055",101.4
146.6,-36.5,1935,11,"082055",16.1
146.6,-36.5,1935,12,"082055",47.2
146.6,-36.5,1936,1,"082055",58.7
146.6,-36.5,1936,2,"082055",26.2
146.6,-36.5,1936,3,"082055",17.8
146.6,-36.5,1936,4,"082055",62.8
146.6,-36.5,1936,5,"082055",41.1
146.6,-36.5,1936,6,"082055",97.5
146.6,-36.5,1936,7,"082055",148.6
146.6,-36.5,1936,8,"082055",105.3
146.6,-36.5,1936,9,"082055",35.8
146.6,-36.5,1936,10,"082055",47.4
146.6,-36.5,1936,11,"082055",7.6
146.6,-36.5,1936,12,"082055",119.1
146.6,-36.5,1937,1,"082055",79.6
146.6,-36.5,1937,2,"082055",18.8
146.6,-36.5,1937,3,"082055",27.9
146.6,-36.5,1937,4,"082055",19.8
146.6,-36.5,1937,5,"082055",44.9
146.6,-36.5,1937,6,"082055",27.9
146.6,-36.5,1937,7,"082055",35.8
146.6,-36.5,1937,8,"082055",63
146.6,-36.5,1937,9,"082055",88.4
146.6,-36.5,1937,10,"082055",66.9
146.6,-36.5,1937,11,"082055",26.2
146.6,-36.5,1937,12,"082055",54.4
146.6,-36.5,1938,1,"082055",20.9
146.6,-36.5,1938,2,"082055",39.5
146.6,-36.5,1938,3,"082055",0.5
146.6,-36.5,1938,4,"082055",39.2
146.6,-36.5,1938,5,"082055",19.6
146.6,-36.5,1938,6,"082055",129.1
146.6,-36.5,1938,7,"082055",41.1
146.6,-36.5,1938,8,"082055",67.1
146.6,-36.5,1938,9,"082055",24.1
146.6,-36.5,1938,10,"082055",6.6
146.6,-36.5,1938,11,"082055",0
146.6,-36.5,1938,12,"082055",0
146.6,-36.5,1939,1,"082055",10.1
146.6,-36.5,1939,2,"082055",196
146.6,-36.5,1939,3,"082055",134.6
146.6,-36.5,1939,4,"082055",223.1
146.6,-36.5,1939,5,"082055",27.1
146.6,-36.5,1939,6,"082055",193.9
146.6,-36.5,1939,7,"082055",44.1
146.6,-36.5,1939,8,"082055",195.4
146.6,-36.5,1939,9,"082055",72.6
146.6,-36.5,1939,10,"082055",119.2
146.6,-36.5,1939,11,"082055",83.5
146.6,-36.5,1939,12,"082055",3.1
146.6,-36.5,1940,1,"082055",13
146.6,-36.5,1940,2,"082055",3.9
146.6,-36.5,1940,3,"082055",11.9
146.6,-36.5,1940,4,"082055",96.3
146.6,-36.5,1940,5,"082055",38.6
146.6,-36.5,1940,6,"082055",NA
146.6,-36.5,1940,7,"082055",NA
146.6,-36.5,1940,8,"082055",NA
146.6,-36.5,1940,9,"082055",NA
146.6,-36.5,1940,10,"082055",NA
146.6,-36.5,1940,11,"082055",NA
146.6,-36.5,1940,12,"082055",NA
146.6,-36.5,1941,1,"082055",NA
146.6,-36.5,1941,2,"082055",NA
146.6,-36.5,1941,3,"082055",NA
146.6,-36.5,1941,4,"082055",NA
146.6,-36.5,1941,5,"082055",14.5
146.6,-36.5,1941,6,"082055",53.2
146.6,-36.5,1941,7,"082055",88.1
146.6,-36.5,1941,8,"082055",25.9
146.6,-36.5,1941,9,"082055",38.6
146.6,-36.5,1941,10,"082055",61.1
146.6,-36.5,1941,11,"082055",29.5
146.6,-36.5,1941,12,"082055",NA
146.6,-36.5,1942,1,"082055",50.8
146.6,-36.5,1942,2,"082055",54.9
146.6,-36.5,1942,3,"082055",48.3
146.6,-36.5,1942,4,"082055",18.9
146.6,-36.5,1942,5,"082055",141.9
146.6,-36.5,1942,6,"082055",113.5
146.6,-36.5,1942,7,"082055",65.7
146.6,-36.5,1942,8,"082055",99.4
146.6,-36.5,1942,9,"082055",39.7
146.6,-36.5,1942,10,"082055",60.5
146.6,-36.5,1942,11,"082055",55.5
146.6,-36.5,1942,12,"082055",21.1
146.6,-36.5,1943,1,"082055",66
146.6,-36.5,1943,2,"082055",28.4
146.6,-36.5,1943,3,"082055",6.1
146.6,-36.5,1943,4,"082055",85.7
146.6,-36.5,1943,5,"082055",15.9
146.6,-36.5,1943,6,"082055",62.9
146.6,-36.5,1943,7,"082055",61.3
146.6,-36.5,1943,8,"082055",107.6
146.6,-36.5,1943,9,"082055",63.7
146.6,-36.5,1943,10,"082055",32.2
146.6,-36.5,1943,11,"082055",41
146.6,-36.5,1943,12,"082055",1.8
146.6,-36.5,1944,1,"082055",3.1
146.6,-36.5,1944,2,"082055",3.5
146.6,-36.5,1944,3,"082055",20.6
146.6,-36.5,1944,4,"082055",58.5
146.6,-36.5,1944,5,"082055",83.9
146.6,-36.5,1944,6,"082055",27.2
146.6,-36.5,1944,7,"082055",61.4
146.6,-36.5,1944,8,"082055",4.6
146.6,-36.5,1944,9,"082055",18.4
146.6,-36.5,1944,10,"082055",45.2
146.6,-36.5,1944,11,"082055",39.4
146.6,-36.5,1944,12,"082055",48.2
146.6,-36.5,1945,1,"082055",49.5
146.6,-36.5,1945,2,"082055",11.9
146.6,-36.5,1945,3,"082055",2.1
146.6,-36.5,1945,4,"082055",11
146.6,-36.5,1945,5,"082055",NA
146.6,-36.5,1945,6,"082055",NA
146.6,-36.5,1945,7,"082055",NA
146.6,-36.5,1945,8,"082055",NA
146.6,-36.5,1945,9,"082055",NA
146.6,-36.5,1945,10,"082055",NA
146.6,-36.5,1945,11,"082055",100.1
146.6,-36.5,1945,12,"082055",14.4
146.6,-36.5,1946,1,"082055",85.1
146.6,-36.5,1946,2,"082055",182.9
146.6,-36.5,1946,3,"082055",77.8
146.6,-36.5,1946,4,"082055",49.8
146.6,-36.5,1946,5,"082055",39.4
146.6,-36.5,1946,6,"082055",54.3
146.6,-36.5,1946,7,"082055",178.3
146.6,-36.5,1946,8,"082055",57
146.6,-36.5,1946,9,"082055",8.7
146.6,-36.5,1946,10,"082055",47.3
146.6,-36.5,1946,11,"082055",83.8
146.6,-36.5,1946,12,"082055",35.7
146.6,-36.5,1947,1,"082055",7.4
146.6,-36.5,1947,2,"082055",47.4
146.6,-36.5,1947,3,"082055",93.7
146.6,-36.5,1947,4,"082055",18.5
146.6,-36.5,1947,5,"082055",27
146.6,-36.5,1947,6,"082055",70.1
146.6,-36.5,1947,7,"082055",130.9
146.6,-36.5,1947,8,"082055",78.1
146.6,-36.5,1947,9,"082055",48.4
146.6,-36.5,1947,10,"082055",104.5
146.6,-36.5,1947,11,"082055",47
146.6,-36.5,1947,12,"082055",101.4
146.6,-36.5,1948,1,"082055",1.5
146.6,-36.5,1948,2,"082055",83.4
146.6,-36.5,1948,3,"082055",6.8
146.6,-36.5,1948,4,"082055",33
146.6,-36.5,1948,5,"082055",77.8
146.6,-36.5,1948,6,"082055",54.8
146.6,-36.5,1948,7,"082055",34.4
146.6,-36.5,1948,8,"082055",33.2
146.6,-36.5,1948,9,"082055",42
146.6,-36.5,1948,10,"082055",84.7
146.6,-36.5,1948,11,"082055",87.5
146.6,-36.5,1948,12,"082055",93.9
146.6,-36.5,1949,1,"082055",8.7
146.6,-36.5,1949,2,"082055",59.3
146.6,-36.5,1949,3,"082055",149.1
146.6,-36.5,1949,4,"082055",24.1
146.6,-36.5,1949,5,"082055",51.9
146.6,-36.5,1949,6,"082055",44.4
146.6,-36.5,1949,7,"082055",51.5
146.6,-36.5,1949,8,"082055",23.7
146.6,-36.5,1949,9,"082055",42.9
146.6,-36.5,1949,10,"082055",131.7
146.6,-36.5,1949,11,"082055",109.8
146.6,-36.5,1949,12,"082055",14.2
146.6,-36.5,1950,1,"082055",5.1
146.6,-36.5,1950,2,"082055",65.9
146.6,-36.5,1950,3,"082055",144.3
146.6,-36.5,1950,4,"082055",14.3
146.6,-36.5,1950,5,"082055",42.6
146.6,-36.5,1950,6,"082055",22.7
146.6,-36.5,1950,7,"082055",50.6
146.6,-36.5,1950,8,"082055",40
146.6,-36.5,1950,9,"082055",71.6
146.6,-36.5,1950,10,"082055",74.9
146.6,-36.5,1950,11,"082055",79.2
146.6,-36.5,1950,12,"082055",34.7
146.6,-36.5,1951,1,"082055",60.3
146.6,-36.5,1951,2,"082055",42.7
146.6,-36.5,1951,3,"082055",27.2
146.6,-36.5,1951,4,"082055",73.2
146.6,-36.5,1951,5,"082055",100.4
146.6,-36.5,1951,6,"082055",NA
146.6,-36.5,1951,7,"082055",NA
146.6,-36.5,1951,8,"082055",NA
146.6,-36.5,1951,9,"082055",NA
146.6,-36.5,1951,10,"082055",NA
146.6,-36.5,1951,11,"082055",NA
146.6,-36.5,1951,12,"082055",NA
146.6,-36.5,1953,1,"082055",NA
146.6,-36.5,1953,2,"082055",NA
146.6,-36.5,1953,3,"082055",NA
146.6,-36.5,1953,4,"082055",NA
146.6,-36.5,1953,5,"082055",NA
146.6,-36.5,1953,6,"082055",NA
146.6,-36.5,1953,7,"082055",87.7
146.6,-36.5,1953,8,"082055",117.1
146.6,-36.5,1953,9,"082055",112.8
146.6,-36.5,1953,10,"082055",68.6
146.6,-36.5,1953,11,"082055",48.5
146.6,-36.5,1953,12,"082055",11.4
146.6,-36.5,1954,1,"082055",98.3
146.6,-36.5,1954,2,"082055",23.1
146.6,-36.5,1954,3,"082055",7.1
146.6,-36.5,1954,4,"082055",67.8
146.6,-36.5,1954,5,"082055",31.2
146.6,-36.5,1954,6,"082055",39.9
146.6,-36.5,1954,7,"082055",59.3
146.6,-36.5,1954,8,"082055",63
146.6,-36.5,1954,9,"082055",33
146.6,-36.5,1954,10,"082055",69.1
146.6,-36.5,1954,11,"082055",168.2
146.6,-36.5,1954,12,"082055",107.7
146.6,-36.5,1955,1,"082055",55.9
146.6,-36.5,1955,2,"082055",170.5
146.6,-36.5,1955,3,"082055",74.5
146.6,-36.5,1955,4,"082055",16.5
146.6,-36.5,1955,5,"082055",44.6
146.6,-36.5,1955,6,"082055",84.5
146.6,-36.5,1955,7,"082055",90.9
146.6,-36.5,1955,8,"082055",108.8
146.6,-36.5,1955,9,"082055",105.7
146.6,-36.5,1955,10,"082055",133.2
146.6,-36.5,1955,11,"082055",72.4
146.6,-36.5,1955,12,"082055",62.4
146.6,-36.5,1956,1,"082055",99.8
146.6,-36.5,1956,2,"082055",8.1
146.6,-36.5,1956,3,"082055",127.4
146.6,-36.5,1956,4,"082055",143.8
146.6,-36.5,1956,5,"082055",126.6
146.6,-36.5,1956,6,"082055",110.1
146.6,-36.5,1956,7,"082055",134.1
146.6,-36.5,1956,8,"082055",58.6
146.6,-36.5,1956,9,"082055",79.6
146.6,-36.5,1956,10,"082055",86.7
146.6,-36.5,1956,11,"082055",44.2
146.6,-36.5,1956,12,"082055",19.6
146.6,-36.5,1957,1,"082055",0.5
146.6,-36.5,1957,2,"082055",29.7
146.6,-36.5,1957,3,"082055",52.8
146.6,-36.5,1957,4,"082055",36.5
146.6,-36.5,1957,5,"082055",18.3
146.6,-36.5,1957,6,"082055",109.8
146.6,-36.5,1957,7,"082055",59.9
146.6,-36.5,1957,8,"082055",32
146.6,-36.5,1957,9,"082055",39.3
146.6,-36.5,1957,10,"082055",59.4
146.6,-36.5,1957,11,"082055",18.8
146.6,-36.5,1957,12,"082055",86.9
146.6,-36.5,1958,1,"082055",8.7
146.6,-36.5,1958,2,"082055",42.9
146.6,-36.5,1958,3,"082055",53.5
146.6,-36.5,1958,4,"082055",14.8
146.6,-36.5,1958,5,"082055",114.4
146.6,-36.5,1958,6,"082055",21.7
146.6,-36.5,1958,7,"082055",126
146.6,-36.5,1958,8,"082055",160.8
146.6,-36.5,1958,9,"082055",63.4
146.6,-36.5,1958,10,"082055",107.5
146.6,-36.5,1958,11,"082055",45
146.6,-36.5,1958,12,"082055",8.1
146.6,-36.5,1959,1,"082055",24.4
146.6,-36.5,1959,2,"082055",79.2
146.6,-36.5,1959,3,"082055",41.5
146.6,-36.5,1959,4,"082055",11.2
146.6,-36.5,1959,5,"082055",10.6
146.6,-36.5,1959,6,"082055",44.8
146.6,-36.5,1959,7,"082055",36.9
146.6,-36.5,1959,8,"082055",70.3
146.6,-36.5,1959,9,"082055",60.5
146.6,-36.5,1959,10,"082055",63.7
146.6,-36.5,1959,11,"082055",24.6
146.6,-36.5,1959,12,"082055",28.3
146.6,-36.5,1960,1,"082055",89
146.6,-36.5,1960,2,"082055",27.3
146.6,-36.5,1960,3,"082055",28.2
146.6,-36.5,1960,4,"082055",70.4
146.6,-36.5,1960,5,"082055",126.5
146.6,-36.5,1960,6,"082055",35
146.6,-36.5,1960,7,"082055",105.9
146.6,-36.5,1960,8,"082055",72.9
146.6,-36.5,1960,9,"082055",101.8
146.6,-36.5,1960,10,"082055",26.7
146.6,-36.5,1960,11,"082055",53
146.6,-36.5,1960,12,"082055",84.4
146.6,-36.5,1961,1,"082055",4.1
146.6,-36.5,1961,2,"082055",2.5
146.6,-36.5,1961,3,"082055",NA
146.6,-36.5,1961,4,"082055",NA
146.6,-36.5,1961,5,"082055",NA
146.6,-36.5,1961,6,"082055",57.3
146.6,-36.5,1961,7,"082055",58
146.6,-36.5,1961,8,"082055",74.9
146.6,-36.5,1961,9,"082055",44.5
146.6,-36.5,1961,10,"082055",52.6
146.6,-36.5,1961,11,"082055",53.4
146.6,-36.5,1961,12,"082055",39.1
146.6,-36.5,1962,1,"082055",60.5
146.6,-36.5,1962,2,"082055",0
146.6,-36.5,1962,3,"082055",40.9
146.6,-36.5,1962,4,"082055",58.4
146.6,-36.5,1962,5,"082055",133.7
146.6,-36.5,1962,6,"082055",95.4
146.6,-36.5,1962,7,"082055",31.9
146.6,-36.5,1962,8,"082055",85.5
146.6,-36.5,1962,9,"082055",56.2
146.6,-36.5,1962,10,"082055",78.5
146.6,-36.5,1962,11,"082055",42.4
146.6,-36.5,1962,12,"082055",48.6
146.6,-36.5,1963,1,"082055",77.8
146.6,-36.5,1963,2,"082055",30
146.6,-36.5,1963,3,"082055",37.5
146.6,-36.5,1963,4,"082055",14
146.6,-36.5,1963,5,"082055",104.7
146.6,-36.5,1963,6,"082055",73.5
146.6,-36.5,1963,7,"082055",84
146.6,-36.5,1963,8,"082055",87.3
146.6,-36.5,1963,9,"082055",92.1
146.6,-36.5,1963,10,"082055",73.2
146.6,-36.5,1963,11,"082055",27.8
146.6,-36.5,1963,12,"082055",27.4
146.6,-36.5,1964,1,"082055",7.6
146.6,-36.5,1964,2,"082055",31
146.6,-36.5,1964,3,"082055",40.5
146.6,-36.5,1964,4,"082055",68.4
146.6,-36.5,1964,5,"082055",45.8
146.6,-36.5,1964,6,"082055",92.9
146.6,-36.5,1964,7,"082055",148.8
146.6,-36.5,1964,8,"082055",66.7
146.6,-36.5,1964,9,"082055",105.8
146.6,-36.5,1964,10,"082055",138.4
146.6,-36.5,1964,11,"082055",56.1
146.6,-36.5,1964,12,"082055",65.3
146.6,-36.5,1965,1,"082055",1.5
146.6,-36.5,1965,2,"082055",2.3
146.6,-36.5,1965,3,"082055",10.7
146.6,-36.5,1965,4,"082055",32.5
146.6,-36.5,1965,5,"082055",62.6
146.6,-36.5,1965,6,"082055",19.3
146.6,-36.5,1965,7,"082055",54.5
146.6,-36.5,1965,8,"082055",127.8
146.6,-36.5,1965,9,"082055",80.2
146.6,-36.5,1965,10,"082055",58.9
146.6,-36.5,1965,11,"082055",53.5
146.6,-36.5,1965,12,"082055",53.8
146.6,-36.5,1966,1,"082055",27.5
146.6,-36.5,1966,2,"082055",52.5
146.6,-36.5,1966,3,"082055",58.7
146.6,-36.5,1966,4,"082055",21.4
146.6,-36.5,1966,5,"082055",54.6
146.6,-36.5,1966,6,"082055",52.5
146.6,-36.5,1966,7,"082055",77.6
146.6,-36.5,1966,8,"082055",97.1
146.6,-36.5,1966,9,"082055",124.8
146.6,-36.5,1966,10,"082055",111.4
146.6,-36.5,1966,11,"082055",69.5
146.6,-36.5,1966,12,"082055",137.7
146.6,-36.5,1967,1,"082055",7.9
146.6,-36.5,1967,2,"082055",10
146.6,-36.5,1967,3,"082055",25.8
146.6,-36.5,1967,4,"082055",8.1
146.6,-36.5,1967,5,"082055",27.9
146.6,-36.5,1967,6,"082055",41
146.6,-36.5,1967,7,"082055",42.8
146.6,-36.5,1967,8,"082055",89.3
146.6,-36.5,1967,9,"082055",45
146.6,-36.5,1967,10,"082055",39.9
146.6,-36.5,1967,11,"082055",2.6
146.6,-36.5,1967,12,"082055",13.5
146.6,-36.5,1968,1,"082055",32.5
146.6,-36.5,1968,2,"082055",2.8
146.6,-36.5,1968,3,"082055",21.6
146.6,-36.5,1968,4,"082055",72.9
146.6,-36.5,1968,5,"082055",174
146.6,-36.5,1968,6,"082055",68.3
146.6,-36.5,1968,7,"082055",61.6
146.6,-36.5,1968,8,"082055",100.3
146.6,-36.5,1968,9,"082055",31.5
146.6,-36.5,1968,10,"082055",100.5
146.6,-36.5,1968,11,"082055",77.8
146.6,-36.5,1968,12,"082055",50.3
146.6,-36.5,1969,1,"082055",19.4
146.6,-36.5,1969,2,"082055",101.6
146.6,-36.5,1969,3,"082055",56.9
146.6,-36.5,1969,4,"082055",57.2
146.6,-36.5,1969,5,"082055",89.3
146.6,-36.5,1969,6,"082055",30.6
146.6,-36.5,1969,7,"082055",148.3
146.6,-36.5,1969,8,"082055",34.5
146.6,-36.5,1969,9,"082055",118.2
146.6,-36.5,1969,10,"082055",43.9
146.6,-36.5,1969,11,"082055",50.9
146.6,-36.5,1969,12,"082055",52.4
146.6,-36.5,1970,1,"082055",86.4
146.6,-36.5,1970,2,"082055",15
146.6,-36.5,1970,3,"082055",94.9
146.6,-36.5,1970,4,"082055",114.2
146.6,-36.5,1970,5,"082055",51.2
146.6,-36.5,1970,6,"082055",65.1
146.6,-36.5,1970,7,"082055",58.8
146.6,-36.5,1970,8,"082055",129.2
146.6,-36.5,1970,9,"082055",78.6
146.6,-36.5,1970,10,"082055",20.2
146.6,-36.5,1970,11,"082055",82.5
146.6,-36.5,1970,12,"082055",35.7
146.6,-36.5,1971,1,"082055",21.2
146.6,-36.5,1971,2,"082055",67.7
146.6,-36.5,1971,3,"082055",18.2
146.6,-36.5,1971,4,"082055",90.8
146.6,-36.5,1971,5,"082055",90.3
146.6,-36.5,1971,6,"082055",50.6
146.6,-36.5,1971,7,"082055",54.9
146.6,-36.5,1971,8,"082055",92.7
146.6,-36.5,1971,9,"082055",57.3
146.6,-36.5,1971,10,"082055",43.6
146.6,-36.5,1971,11,"082055",117.4
146.6,-36.5,1971,12,"082055",71.5
146.6,-36.5,1972,1,"082055",44.9
146.6,-36.5,1972,2,"082055",140.2
146.6,-36.5,1972,3,"082055",13.3
146.6,-36.5,1972,4,"082055",28.8
146.6,-36.5,1972,5,"082055",40.8
146.6,-36.5,1972,6,"082055",19.8
146.6,-36.5,1972,7,"082055",75
146.6,-36.5,1972,8,"082055",96.3
146.6,-36.5,1972,9,"082055",20.9
146.6,-36.5,1972,10,"082055",25.2
146.6,-36.5,1972,11,"082055",25.4
146.6,-36.5,1972,12,"082055",1.3
146.6,-36.5,1973,1,"082055",68.4
146.6,-36.5,1973,2,"082055",236
146.6,-36.5,1973,3,"082055",87.2
146.6,-36.5,1973,4,"082055",124.8
146.6,-36.5,1973,5,"082055",76.8
146.6,-36.5,1973,6,"082055",76.9
146.6,-36.5,1973,7,"082055",62.3
146.6,-36.5,1973,8,"082055",168.8
146.6,-36.5,1973,9,"082055",77.8
146.6,-36.5,1973,10,"082055",146.7
146.6,-36.5,1973,11,"082055",46.2
146.6,-36.5,1973,12,"082055",40.8
146.6,-36.5,1974,1,"082055",145
146.6,-36.5,1974,2,"082055",42.4
146.6,-36.5,1974,3,"082055",23
146.6,-36.5,1974,4,"082055",200.2
146.6,-36.5,1974,5,"082055",152.8
146.6,-36.5,1974,6,"082055",53.2
146.6,-36.5,1974,7,"082055",141.4
146.6,-36.5,1974,8,"082055",108
146.6,-36.5,1974,9,"082055",107
146.6,-36.5,1974,10,"082055",146.6
146.6,-36.5,1974,11,"082055",68.4
146.6,-36.5,1974,12,"082055",19.4
146.6,-36.5,1975,1,"082055",35
146.6,-36.5,1975,2,"082055",55.5
146.6,-36.5,1975,3,"082055",53.2
146.6,-36.5,1975,4,"082055",22.2
146.6,-36.5,1975,5,"082055",109.9
146.6,-36.5,1975,6,"082055",23.6
146.6,-36.5,1975,7,"082055",96.4
146.6,-36.5,1975,8,"082055",143.8
146.6,-36.5,1975,9,"082055",150.6
146.6,-36.5,1975,10,"082055",202.5
146.6,-36.5,1975,11,"082055",59.8
146.6,-36.5,1975,12,"082055",143.8
146.6,-36.5,1976,1,"082055",48.2
146.6,-36.5,1976,2,"082055",27.4
146.6,-36.5,1976,3,"082055",13.2
146.6,-36.5,1976,4,"082055",6.8
146.6,-36.5,1976,5,"082055",22.8
146.6,-36.5,1976,6,"082055",33
146.6,-36.5,1976,7,"082055",37
146.6,-36.5,1976,8,"082055",60.2
146.6,-36.5,1976,9,"082055",87
146.6,-36.5,1976,10,"082055",101
146.6,-36.5,1976,11,"082055",61.4
146.6,-36.5,1976,12,"082055",48
146.6,-36.5,1977,1,"082055",32.3
146.6,-36.5,1977,2,"082055",84.8
146.6,-36.5,1977,3,"082055",43.2
146.6,-36.5,1977,4,"082055",19
146.6,-36.5,1977,5,"082055",87.4
146.6,-36.5,1977,6,"082055",111
146.6,-36.5,1977,7,"082055",45.5
146.6,-36.5,1977,8,"082055",28.3
146.6,-36.5,1977,9,"082055",34.2
146.6,-36.5,1977,10,"082055",14
146.6,-36.5,1977,11,"082055",42.8
146.6,-36.5,1977,12,"082055",6
146.6,-36.5,1978,1,"082055",68
146.6,-36.5,1978,2,"082055",5.2
146.6,-36.5,1978,3,"082055",116.2
146.6,-36.5,1978,4,"082055",64
146.6,-36.5,1978,5,"082055",68.8
146.6,-36.5,1978,6,"082055",55.2
146.6,-36.5,1978,7,"082055",102.8
146.6,-36.5,1978,8,"082055",83.4
146.6,-36.5,1978,9,"082055",77.6
146.6,-36.5,1978,10,"082055",87
146.6,-36.5,1978,11,"082055",98.2
146.6,-36.5,1978,12,"082055",53.2
146.6,-36.5,1979,1,"082055",34.6
146.6,-36.5,1979,2,"082055",0.4
146.6,-36.5,1979,3,"082055",34.4
146.6,-36.5,1979,4,"082055",52.6
146.6,-36.5,1979,5,"082055",66.6
146.6,-36.5,1979,6,"082055",62.2
146.6,-36.5,1979,7,"082055",32.8
146.6,-36.5,1979,8,"082055",109.8
146.6,-36.5,1979,9,"082055",146.2
146.6,-36.5,1979,10,"082055",116.4
146.6,-36.5,1979,11,"082055",48
146.6,-36.5,1979,12,"082055",7.2
146.6,-36.5,1980,1,"082055",30.2
146.6,-36.5,1980,2,"082055",7
146.6,-36.5,1980,3,"082055",21.2
146.6,-36.5,1980,4,"082055",55.6
146.6,-36.5,1980,5,"082055",33.6
146.6,-36.5,1980,6,"082055",68.6
146.6,-36.5,1980,7,"082055",107.3
146.6,-36.5,1980,8,"082055",69.6
146.6,-36.5,1980,9,"082055",45.2
146.6,-36.5,1980,10,"082055",72.6
146.6,-36.5,1980,11,"082055",28.6
146.6,-36.5,1980,12,"082055",100
146.6,-36.5,1981,1,"082055",64.6
146.6,-36.5,1981,2,"082055",47.4
146.6,-36.5,1981,3,"082055",48.8
146.6,-36.5,1981,4,"082055",9.8
146.6,-36.5,1981,5,"082055",68
146.6,-36.5,1981,6,"082055",165.9
146.6,-36.5,1981,7,"082055",155.3
146.6,-36.5,1981,8,"082055",139.6
146.6,-36.5,1981,9,"082055",53
146.6,-36.5,1981,10,"082055",41.6
146.6,-36.5,1981,11,"082055",43
146.6,-36.5,1981,12,"082055",62.1
146.6,-36.5,1982,1,"082055",92.6
146.6,-36.5,1982,2,"082055",5.4
146.6,-36.5,1982,3,"082055",70.2
146.6,-36.5,1982,4,"082055",22.6
146.6,-36.5,1982,5,"082055",52.4
146.6,-36.5,1982,6,"082055",41.7
146.6,-36.5,1982,7,"082055",20.6
146.6,-36.5,1982,8,"082055",21.2
146.6,-36.5,1982,9,"082055",43.3
146.6,-36.5,1982,10,"082055",11.8
146.6,-36.5,1982,11,"082055",6.8
146.6,-36.5,1982,12,"082055",17.8
146.6,-36.5,1983,1,"082055",11.6
146.6,-36.5,1983,2,"082055",28.2
146.6,-36.5,1983,3,"082055",64.8
146.6,-36.5,1983,4,"082055",84.4
146.6,-36.5,1983,5,"082055",111.7
146.6,-36.5,1983,6,"082055",66
146.6,-36.5,1983,7,"082055",99
146.6,-36.5,1983,8,"082055",82.6
146.6,-36.5,1983,9,"082055",131
146.6,-36.5,1983,10,"082055",47.4
146.6,-36.5,1983,11,"082055",77.8
146.6,-36.5,1983,12,"082055",47.4
146.6,-36.5,1984,1,"082055",150.3
146.6,-36.5,1984,2,"082055",30.8
146.6,-36.5,1984,3,"082055",23.2
146.6,-36.5,1984,4,"082055",41.1
146.6,-36.5,1984,5,"082055",15.6
146.6,-36.5,1984,6,"082055",8.6
146.6,-36.5,1984,7,"082055",72.4
146.6,-36.5,1984,8,"082055",138.4
146.6,-36.5,1984,9,"082055",56
146.6,-36.5,1984,10,"082055",62.6
146.6,-36.5,1984,11,"082055",11.2
146.6,-36.5,1984,12,"082055",11.8
146.6,-36.5,1985,1,"082055",41.8
146.6,-36.5,1985,2,"082055",11.4
146.6,-36.5,1985,3,"082055",75.6
146.6,-36.5,1985,4,"082055",61.2
146.6,-36.5,1985,5,"082055",78.6
146.6,-36.5,1985,6,"082055",59
146.6,-36.5,1985,7,"082055",45.2
146.6,-36.5,1985,8,"082055",147
146.6,-36.5,1985,9,"082055",40.2
146.6,-36.5,1985,10,"082055",75.2
146.6,-36.5,1985,11,"082055",61.8
146.6,-36.5,1985,12,"082055",108
146.6,-36.5,1986,1,"082055",11.6
146.6,-36.5,1986,2,"082055",15.8
146.6,-36.5,1986,3,"082055",7.2
146.6,-36.5,1986,4,"082055",43.8
146.6,-36.5,1986,5,"082055",61.8
146.6,-36.5,1986,6,"082055",42.8
146.6,-36.5,1986,7,"082055",193.6
146.6,-36.5,1986,8,"082055",75.6
146.6,-36.5,1986,9,"082055",64
146.6,-36.5,1986,10,"082055",142.6
146.6,-36.5,1986,11,"082055",73.4
146.6,-36.5,1986,12,"082055",55.4
146.6,-36.5,1987,1,"082055",50.5
146.6,-36.5,1987,2,"082055",57.4
146.6,-36.5,1987,3,"082055",39.4
146.6,-36.5,1987,4,"082055",47.2
146.6,-36.5,1987,5,"082055",50.6
146.6,-36.5,1987,6,"082055",114.8
146.6,-36.5,1987,7,"082055",81.7
146.6,-36.5,1987,8,"082055",52
146.6,-36.5,1987,9,"082055",48.2
146.6,-36.5,1987,10,"082055",33.6
146.6,-36.5,1987,11,"082055",72.6
146.6,-36.5,1987,12,"082055",14.8
146.6,-36.5,1988,1,"082055",24
146.6,-36.5,1988,2,"082055",26.4
146.6,-36.5,1988,3,"082055",49.4
146.6,-36.5,1988,4,"082055",44.6
146.6,-36.5,1988,5,"082055",176.8
146.6,-36.5,1988,6,"082055",100.2
146.6,-36.5,1988,7,"082055",87.4
146.6,-36.5,1988,8,"082055",46
146.6,-36.5,1988,9,"082055",64.2
146.6,-36.5,1988,10,"082055",54.6
146.6,-36.5,1988,11,"082055",112.6
146.6,-36.5,1988,12,"082055",121.8
146.6,-36.5,1989,1,"082055",15
146.6,-36.5,1989,2,"082055",21.4
146.6,-36.5,1989,3,"082055",164.6
146.6,-36.5,1989,4,"082055",152.9
146.6,-36.5,1989,5,"082055",145.6
146.6,-36.5,1989,6,"082055",62.4
146.6,-36.5,1989,7,"082055",72.6
146.6,-36.5,1989,8,"082055",122.8
146.6,-36.5,1989,9,"082055",38.2
146.6,-36.5,1989,10,"082055",138.8
146.6,-36.5,1989,11,"082055",34.6
146.6,-36.5,1989,12,"082055",31.3
146.6,-36.5,1990,1,"082055",34.5
146.6,-36.5,1990,2,"082055",80.3
146.6,-36.5,1990,3,"082055",17.2
146.6,-36.5,1990,4,"082055",134.8
146.6,-36.5,1990,5,"082055",105.4
146.6,-36.5,1990,6,"082055",93.6
146.6,-36.5,1990,7,"082055",196.7
146.6,-36.5,1990,8,"082055",113.8
146.6,-36.5,1990,9,"082055",25.2
146.6,-36.5,1990,10,"082055",92
146.6,-36.5,1990,11,"082055",15.4
146.6,-36.5,1990,12,"082055",35.2
146.6,-36.5,1991,1,"082055",81.6
146.6,-36.5,1991,2,"082055",0.2
146.6,-36.5,1991,3,"082055",19.5
146.6,-36.5,1991,4,"082055",19
146.6,-36.5,1991,5,"082055",10
146.6,-36.5,1991,6,"082055",166.6
146.6,-36.5,1991,7,"082055",85
146.6,-36.5,1991,8,"082055",151
146.6,-36.5,1991,9,"082055",89.8
146.6,-36.5,1991,10,"082055",7
146.6,-36.5,1991,11,"082055",17.6
146.6,-36.5,1991,12,"082055",66.4
146.6,-36.5,1992,1,"082055",23.6
146.6,-36.5,1992,2,"082055",10.3
146.6,-36.5,1992,3,"082055",54.4
146.6,-36.5,1992,4,"082055",92.2
146.6,-36.5,1992,5,"082055",88.3
146.6,-36.5,1992,6,"082055",57
146.6,-36.5,1992,7,"082055",81.4
146.6,-36.5,1992,8,"082055",152.6
146.6,-36.5,1992,9,"082055",166
146.6,-36.5,1992,10,"082055",137
146.6,-36.5,1992,11,"082055",146.5
146.6,-36.5,1992,12,"082055",102.2
146.6,-36.5,1993,1,"082055",112.4
146.6,-36.5,1993,2,"082055",63.2
146.6,-36.5,1993,3,"082055",67.4
146.6,-36.5,1993,4,"082055",4.4
146.6,-36.5,1993,5,"082055",40.6
146.6,-36.5,1993,6,"082055",52.2
146.6,-36.5,1993,7,"082055",134.3
146.6,-36.5,1993,8,"082055",46.6
146.6,-36.5,1993,9,"082055",106
146.6,-36.5,1993,10,"082055",170
146.6,-36.5,1993,11,"082055",44.4
146.6,-36.5,1993,12,"082055",133.2
146.6,-36.5,1994,1,"082055",24.6
146.6,-36.5,1994,2,"082055",158.2
146.6,-36.5,1994,3,"082055",39.6
146.6,-36.5,1994,4,"082055",17.8
146.6,-36.5,1994,5,"082055",32.6
146.6,-36.5,1994,6,"082055",93.1
146.6,-36.5,1994,7,"082055",36.4
146.6,-36.5,1994,8,"082055",33.5
146.6,-36.5,1994,9,"082055",31.8
146.6,-36.5,1994,10,"082055",40.1
146.6,-36.5,1994,11,"082055",74.2
146.6,-36.5,1994,12,"082055",33.8
146.6,-36.5,1995,1,"082055",166.1
146.6,-36.5,1995,2,"082055",30.6
146.6,-36.5,1995,3,"082055",0
146.6,-36.5,1995,4,"082055",60.8
146.6,-36.5,1995,5,"082055",141.8
146.6,-36.5,1995,6,"082055",157.8
146.6,-36.5,1995,7,"082055",168.6
146.6,-36.5,1995,8,"082055",42
146.6,-36.5,1995,9,"082055",49.6
146.6,-36.5,1995,10,"082055",87
146.6,-36.5,1995,11,"082055",114
146.6,-36.5,1995,12,"082055",10
146.6,-36.5,1996,1,"082055",139.2
146.6,-36.5,1996,2,"082055",87.8
146.6,-36.5,1996,3,"082055",49.2
146.6,-36.5,1996,4,"082055",48.4
146.6,-36.5,1996,5,"082055",62.4
146.6,-36.5,1996,6,"082055",114.8
146.6,-36.5,1996,7,"082055",98.6
146.6,-36.5,1996,8,"082055",106.2
146.6,-36.5,1996,9,"082055",122.3
146.6,-36.5,1996,10,"082055",70.8
146.6,-36.5,1996,11,"082055",39.4
146.6,-36.5,1996,12,"082055",32.2
146.6,-36.5,1997,1,"082055",33.4
146.6,-36.5,1997,2,"082055",13.2
146.6,-36.5,1997,3,"082055",33.6
146.6,-36.5,1997,4,"082055",8.4
146.6,-36.5,1997,5,"082055",85.6
146.6,-36.5,1997,6,"082055",29.4
146.6,-36.5,1997,7,"082055",40
146.6,-36.5,1997,8,"082055",92
146.6,-36.5,1997,9,"082055",84.3
146.6,-36.5,1997,10,"082055",12.6
146.6,-36.5,1997,11,"082055",46.6
146.6,-36.5,1997,12,"082055",9.8
146.6,-36.5,1998,1,"082055",21.2
146.6,-36.5,1998,2,"082055",38.8
146.6,-36.5,1998,3,"082055",4
146.6,-36.5,1998,4,"082055",107
146.6,-36.5,1998,5,"082055",11.6
146.6,-36.5,1998,6,"082055",59.4
146.6,-36.5,1998,7,"082055",96.4
146.6,-36.5,1998,8,"082055",63
146.6,-36.5,1998,9,"082055",108.8
146.6,-36.5,1998,10,"082055",70.2
146.6,-36.5,1998,11,"082055",133.6
146.6,-36.5,1998,12,"082055",37.6
146.6,-36.5,1999,1,"082055",93.2
146.6,-36.5,1999,2,"082055",6.4
146.6,-36.5,1999,3,"082055",80
146.6,-36.5,1999,4,"082055",31.2
146.6,-36.5,1999,5,"082055",133.6
146.6,-36.5,1999,6,"082055",85.6
146.6,-36.5,1999,7,"082055",63.6
146.6,-36.5,1999,8,"082055",122.8
146.6,-36.5,1999,9,"082055",60.6
146.6,-36.5,1999,10,"082055",63.6
146.6,-36.5,1999,11,"082055",58.4
146.6,-36.5,1999,12,"082055",109.2
146.6,-36.5,2000,1,"082055",10.6
146.6,-36.5,2000,2,"082055",46.8
146.6,-36.5,2000,3,"082055",40.6
146.6,-36.5,2000,4,"082055",49.6
146.6,-36.5,2000,5,"082055",118.2
146.6,-36.5,2000,6,"082055",86.8
146.6,-36.5,2000,7,"082055",80.4
146.6,-36.5,2000,8,"082055",120.6
146.6,-36.5,2000,9,"082055",116.6
146.6,-36.5,2000,10,"082055",75
146.6,-36.5,2000,11,"082055",72.4
146.6,-36.5,2000,12,"082055",20
146.6,-36.5,2001,1,"082055",38.8
146.6,-36.5,2001,2,"082055",100.2
146.6,-36.5,2001,3,"082055",39.2
146.6,-36.5,2001,4,"082055",26.2
146.6,-36.5,2001,5,"082055",30
146.6,-36.5,2001,6,"082055",86.4
146.6,-36.5,2001,7,"082055",45
146.6,-36.5,2001,8,"082055",80.8
146.6,-36.5,2001,9,"082055",NA
146.6,-36.5,2001,10,"082055",173.4
146.6,-36.5,2001,11,"082055",15
146.6,-36.5,2001,12,"082055",NA
146.6,-36.5,2002,1,"082055",21.8
146.6,-36.5,2002,2,"082055",49.6
146.6,-36.5,2002,3,"082055",56
146.6,-36.5,2002,4,"082055",32.6
146.6,-36.5,2002,5,"082055",30
146.6,-36.5,2002,6,"082055",100.2
146.6,-36.5,2002,7,"082055",55.5
146.6,-36.5,2002,8,"082055",33.2
146.6,-36.5,2002,9,"082055",62.4
146.6,-36.5,2002,10,"082055",20.4
146.6,-36.5,2002,11,"082055",34
146.6,-36.5,2002,12,"082055",11.4
146.6,-36.5,2003,1,"082055",20.4
146.6,-36.5,2003,2,"082055",14
146.6,-36.5,2003,3,"082055",4.6
146.6,-36.5,2003,4,"082055",86.6
146.6,-36.5,2003,5,"082055",49.6
146.6,-36.5,2003,6,"082055",79.2
146.6,-36.5,2003,7,"082055",127.8
146.6,-36.5,2003,8,"082055",98.8
146.6,-36.5,2003,9,"082055",71.6
146.6,-36.5,2003,10,"082055",103.6
146.6,-36.5,2003,11,"082055",71.4
146.6,-36.5,2003,12,"082055",131
146.6,-36.5,2004,1,"082055",12.6
146.6,-36.5,2004,2,"082055",6.4
146.6,-36.5,2004,3,"082055",3.4
146.6,-36.5,2004,4,"082055",29
146.6,-36.5,2004,5,"082055",44
146.6,-36.5,2004,6,"082055",113.8
146.6,-36.5,2004,7,"082055",93.6
146.6,-36.5,2004,8,"082055",75.2
146.6,-36.5,2004,9,"082055",81.6
146.6,-36.5,2004,10,"082055",20.4
146.6,-36.5,2004,11,"082055",100
146.6,-36.5,2004,12,"082055",111.6
146.6,-36.5,2005,1,"082055",57.6
146.6,-36.5,2005,2,"082055",97.4
146.6,-36.5,2005,3,"082055",NA
146.6,-36.5,2005,4,"082055",7.8
146.6,-36.5,2005,5,"082055",6.2
146.6,-36.5,2005,6,"082055",112.8
146.6,-36.5,2005,7,"082055",78.2
146.6,-36.5,2005,8,"082055",109.4
146.6,-36.5,2005,9,"082055",NA
146.6,-36.5,2005,10,"082055",113.6
146.6,-36.5,2005,11,"082055",77.4
146.6,-36.5,2005,12,"082055",42.6
146.6,-36.5,2006,1,"082055",43.2
146.6,-36.5,2006,2,"082055",13.6
146.6,-36.5,2006,3,"082055",33.4
146.6,-36.5,2006,4,"082055",36.2
146.6,-36.5,2006,5,"082055",NA
146.6,-36.5,2006,6,"082055",36
146.6,-36.5,2006,7,"082055",40.4
146.6,-36.5,2006,8,"082055",32.4
146.6,-36.5,2006,9,"082055",NA
146.6,-36.5,2006,10,"082055",2.4
146.6,-36.5,2006,11,"082055",27.8
146.6,-36.5,2006,12,"082055",3.8
146.6,-36.5,2007,1,"082055",29.8
146.6,-36.5,2007,2,"082055",18.6
146.6,-36.5,2007,3,"082055",46.7
146.6,-36.5,2007,4,"082055",28.4
146.6,-36.5,2007,5,"082055",129.8
146.6,-36.5,2007,6,"082055",56.4
146.6,-36.5,2007,7,"082055",99.4
146.6,-36.5,2007,8,"082055",18.2
146.6,-36.5,2007,9,"082055",28.8
146.6,-36.5,2007,10,"082055",26.8
146.6,-36.5,2007,11,"082055",92.2
146.6,-36.5,2007,12,"082055",78.6
146.6,-36.5,2008,1,"082055",58.6
146.6,-36.5,2008,2,"082055",45.4
146.6,-36.5,2008,3,"082055",43.4
146.6,-36.5,2008,4,"082055",31.6
146.6,-36.5,2008,5,"082055",53.8
146.6,-36.5,2008,6,"082055",23.3
146.6,-36.5,2008,7,"082055",105.2
146.6,-36.5,2008,8,"082055",56
146.6,-36.5,2008,9,"082055",25.8
146.6,-36.5,2008,10,"082055",9.6
146.6,-36.5,2008,11,"082055",71.4
146.6,-36.5,2008,12,"082055",49.2
146.6,-36.5,2009,1,"082055",12
146.6,-36.5,2009,2,"082055",7.4
146.6,-36.5,2009,3,"082055",NA
146.6,-36.5,2009,4,"082055",52.3
146.6,-36.5,2009,5,"082055",24.8
146.6,-36.5,2009,6,"082055",NA
146.6,-36.5,2009,7,"082055",81.5
146.6,-36.5,2009,8,"082055",59.8
146.6,-36.5,2009,9,"082055",86.9
146.6,-36.5,2009,10,"082055",50.2
146.6,-36.5,2009,11,"082055",88.8
146.6,-36.5,2009,12,"082055",23.2
146.6,-36.5,2010,1,"082055",48
146.6,-36.5,2010,2,"082055",124.2
146.6,-36.5,2010,3,"082055",NA
146.6,-36.5,2010,4,"082055",38.8
146.6,-36.5,2010,5,"082055",48.8
146.6,-36.5,2010,6,"082055",54.2
146.6,-36.5,2010,7,"082055",70.4
146.6,-36.5,2010,8,"082055",NA
146.6,-36.5,2010,9,"082055",NA
146.6,-36.5,2010,10,"082055",158.1
146.6,-36.5,2010,11,"082055",84.3
146.6,-36.5,2010,12,"082055",188
