"Lon","Lat","Year","Month","Station","Rain"
127.69,-17.78,1918,1,"002050",NA
127.69,-17.78,1918,2,"002050",NA
127.69,-17.78,1918,3,"002050",NA
127.69,-17.78,1918,4,"002050",NA
127.69,-17.78,1918,5,"002050",NA
127.69,-17.78,1918,6,"002050",NA
127.69,-17.78,1918,7,"002050",0
127.69,-17.78,1918,8,"002050",0
127.69,-17.78,1918,9,"002050",0
127.69,-17.78,1918,10,"002050",0
127.69,-17.78,1918,11,"002050",22.6
127.69,-17.78,1918,12,"002050",129.7
127.69,-17.78,1919,1,"002050",43.7
127.69,-17.78,1919,2,"002050",NA
127.69,-17.78,1919,3,"002050",NA
127.69,-17.78,1919,4,"002050",NA
127.69,-17.78,1919,5,"002050",NA
127.69,-17.78,1919,6,"002050",NA
127.69,-17.78,1919,7,"002050",NA
127.69,-17.78,1919,8,"002050",NA
127.69,-17.78,1919,9,"002050",NA
127.69,-17.78,1919,10,"002050",NA
127.69,-17.78,1919,11,"002050",NA
127.69,-17.78,1919,12,"002050",179.1
127.69,-17.78,1920,1,"002050",69.3
127.69,-17.78,1920,2,"002050",45.5
127.69,-17.78,1920,3,"002050",63.6
127.69,-17.78,1920,4,"002050",NA
127.69,-17.78,1920,5,"002050",NA
127.69,-17.78,1920,6,"002050",8.4
127.69,-17.78,1920,7,"002050",27.5
127.69,-17.78,1920,8,"002050",NA
127.69,-17.78,1920,9,"002050",53.3
127.69,-17.78,1920,10,"002050",NA
127.69,-17.78,1920,11,"002050",NA
127.69,-17.78,1920,12,"002050",80
127.69,-17.78,1921,1,"002050",7.6
127.69,-17.78,1921,2,"002050",278.6
127.69,-17.78,1921,3,"002050",181.1
127.69,-17.78,1921,4,"002050",NA
127.69,-17.78,1921,5,"002050",22.1
127.69,-17.78,1921,6,"002050",NA
127.69,-17.78,1921,7,"002050",NA
127.69,-17.78,1921,8,"002050",NA
127.69,-17.78,1921,9,"002050",NA
127.69,-17.78,1921,10,"002050",NA
127.69,-17.78,1921,11,"002050",NA
127.69,-17.78,1921,12,"002050",NA
127.69,-17.78,1922,1,"002050",136.1
127.69,-17.78,1922,2,"002050",98
127.69,-17.78,1922,3,"002050",482.6
127.69,-17.78,1922,4,"002050",9.1
127.69,-17.78,1922,5,"002050",0
127.69,-17.78,1922,6,"002050",0
127.69,-17.78,1922,7,"002050",0
127.69,-17.78,1922,8,"002050",0
127.69,-17.78,1922,9,"002050",0
127.69,-17.78,1922,10,"002050",0
127.69,-17.78,1922,11,"002050",59.1
127.69,-17.78,1922,12,"002050",169.6
127.69,-17.78,1923,1,"002050",142
127.69,-17.78,1923,2,"002050",34.8
127.69,-17.78,1923,3,"002050",65
127.69,-17.78,1923,4,"002050",62.2
127.69,-17.78,1923,5,"002050",NA
127.69,-17.78,1923,6,"002050",NA
127.69,-17.78,1923,7,"002050",NA
127.69,-17.78,1923,8,"002050",NA
127.69,-17.78,1923,9,"002050",NA
127.69,-17.78,1923,10,"002050",NA
127.69,-17.78,1923,11,"002050",NA
127.69,-17.78,1923,12,"002050",NA
127.69,-17.78,1924,1,"002050",NA
127.69,-17.78,1924,2,"002050",NA
127.69,-17.78,1924,3,"002050",NA
127.69,-17.78,1924,4,"002050",NA
127.69,-17.78,1924,5,"002050",NA
127.69,-17.78,1924,6,"002050",NA
127.69,-17.78,1924,7,"002050",NA
127.69,-17.78,1924,8,"002050",NA
127.69,-17.78,1924,9,"002050",NA
127.69,-17.78,1924,10,"002050",NA
127.69,-17.78,1924,11,"002050",NA
127.69,-17.78,1924,12,"002050",10.9
127.69,-17.78,1925,1,"002050",108.6
127.69,-17.78,1925,2,"002050",158.6
127.69,-17.78,1925,3,"002050",54.9
127.69,-17.78,1925,4,"002050",NA
127.69,-17.78,1925,5,"002050",NA
127.69,-17.78,1925,6,"002050",NA
127.69,-17.78,1925,7,"002050",NA
127.69,-17.78,1925,8,"002050",NA
127.69,-17.78,1925,9,"002050",NA
127.69,-17.78,1925,10,"002050",NA
127.69,-17.78,1925,11,"002050",NA
127.69,-17.78,1925,12,"002050",54.8
127.69,-17.78,1926,1,"002050",447.1
127.69,-17.78,1926,2,"002050",NA
127.69,-17.78,1926,3,"002050",232.7
127.69,-17.78,1926,4,"002050",NA
127.69,-17.78,1926,5,"002050",NA
127.69,-17.78,1926,6,"002050",NA
127.69,-17.78,1926,7,"002050",NA
127.69,-17.78,1926,8,"002050",NA
127.69,-17.78,1926,9,"002050",NA
127.69,-17.78,1926,10,"002050",NA
127.69,-17.78,1926,11,"002050",NA
127.69,-17.78,1926,12,"002050",199.4
127.69,-17.78,1927,1,"002050",215.1
127.69,-17.78,1927,2,"002050",86.2
127.69,-17.78,1927,3,"002050",93.7
127.69,-17.78,1927,4,"002050",0
127.69,-17.78,1927,5,"002050",28
127.69,-17.78,1927,6,"002050",NA
127.69,-17.78,1927,7,"002050",NA
127.69,-17.78,1927,8,"002050",NA
127.69,-17.78,1927,9,"002050",NA
127.69,-17.78,1927,10,"002050",23.9
127.69,-17.78,1927,11,"002050",33.7
127.69,-17.78,1927,12,"002050",91.5
127.69,-17.78,1928,1,"002050",14.5
127.69,-17.78,1928,2,"002050",39.4
127.69,-17.78,1928,3,"002050",0
127.69,-17.78,1928,4,"002050",17.8
127.69,-17.78,1928,5,"002050",0
127.69,-17.78,1928,6,"002050",NA
127.69,-17.78,1928,7,"002050",NA
127.69,-17.78,1928,8,"002050",NA
127.69,-17.78,1928,9,"002050",NA
127.69,-17.78,1928,10,"002050",47.3
127.69,-17.78,1928,11,"002050",41.4
127.69,-17.78,1928,12,"002050",55.8
127.69,-17.78,1929,1,"002050",23.6
127.69,-17.78,1929,2,"002050",NA
127.69,-17.78,1929,3,"002050",NA
127.69,-17.78,1929,4,"002050",NA
127.69,-17.78,1929,5,"002050",NA
127.69,-17.78,1929,6,"002050",NA
127.69,-17.78,1929,7,"002050",NA
127.69,-17.78,1929,8,"002050",NA
127.69,-17.78,1929,9,"002050",NA
127.69,-17.78,1929,10,"002050",NA
127.69,-17.78,1929,11,"002050",NA
127.69,-17.78,1929,12,"002050",19.5
127.69,-17.78,1930,1,"002050",115.3
127.69,-17.78,1930,2,"002050",177.7
127.69,-17.78,1930,3,"002050",NA
127.69,-17.78,1930,4,"002050",NA
127.69,-17.78,1930,5,"002050",NA
127.69,-17.78,1930,6,"002050",NA
127.69,-17.78,1930,7,"002050",NA
127.69,-17.78,1930,8,"002050",NA
127.69,-17.78,1930,9,"002050",NA
127.69,-17.78,1930,10,"002050",9.2
127.69,-17.78,1930,11,"002050",90.6
127.69,-17.78,1930,12,"002050",163.4
127.69,-17.78,1956,1,"002050",NA
127.69,-17.78,1956,2,"002050",427.4
127.69,-17.78,1956,3,"002050",NA
127.69,-17.78,1956,4,"002050",NA
127.69,-17.78,1956,5,"002050",NA
127.69,-17.78,1956,6,"002050",NA
127.69,-17.78,1956,7,"002050",NA
127.69,-17.78,1956,8,"002050",NA
127.69,-17.78,1956,9,"002050",NA
127.69,-17.78,1956,10,"002050",NA
127.69,-17.78,1956,11,"002050",NA
127.69,-17.78,1956,12,"002050",NA
127.69,-17.78,1970,1,"002050",31.8
127.69,-17.78,1970,2,"002050",58.4
127.69,-17.78,1970,3,"002050",23.4
127.69,-17.78,1970,4,"002050",10.2
127.69,-17.78,1970,5,"002050",0
127.69,-17.78,1970,6,"002050",0
127.69,-17.78,1970,7,"002050",0
127.69,-17.78,1970,8,"002050",0
127.69,-17.78,1970,9,"002050",0
127.69,-17.78,1970,10,"002050",0
127.69,-17.78,1970,11,"002050",39.4
127.69,-17.78,1970,12,"002050",65.3
127.69,-17.78,1971,1,"002050",54.1
127.69,-17.78,1971,2,"002050",96
127.69,-17.78,1971,3,"002050",278.9
127.69,-17.78,1971,4,"002050",0
127.69,-17.78,1971,5,"002050",0
127.69,-17.78,1971,6,"002050",0
127.69,-17.78,1971,7,"002050",0
127.69,-17.78,1971,8,"002050",0
127.69,-17.78,1971,9,"002050",0
127.69,-17.78,1971,10,"002050",0
127.69,-17.78,1971,11,"002050",130.8
127.69,-17.78,1971,12,"002050",185.4
127.69,-17.78,1972,1,"002050",20.3
127.69,-17.78,1972,2,"002050",50.8
127.69,-17.78,1972,3,"002050",0
127.69,-17.78,1972,4,"002050",0
127.69,-17.78,1972,5,"002050",0
127.69,-17.78,1972,6,"002050",0
127.69,-17.78,1972,7,"002050",0
127.69,-17.78,1972,8,"002050",0
127.69,-17.78,1972,9,"002050",0
127.69,-17.78,1972,10,"002050",20.8
127.69,-17.78,1972,11,"002050",16.5
127.69,-17.78,1972,12,"002050",33
127.69,-17.78,1973,1,"002050",246.1
127.69,-17.78,1973,2,"002050",39.4
127.69,-17.78,1973,3,"002050",47.3
127.69,-17.78,1973,4,"002050",10.6
127.69,-17.78,1973,5,"002050",10.2
127.69,-17.78,1973,6,"002050",0
127.69,-17.78,1973,7,"002050",0
127.69,-17.78,1973,8,"002050",58.4
127.69,-17.78,1973,9,"002050",28.4
127.69,-17.78,1973,10,"002050",16
127.69,-17.78,1973,11,"002050",54.6
127.69,-17.78,1973,12,"002050",82.6
127.69,-17.78,1974,1,"002050",193.4
127.69,-17.78,1974,2,"002050",95
127.69,-17.78,1974,3,"002050",61.6
127.69,-17.78,1974,4,"002050",107.6
127.69,-17.78,1974,5,"002050",20.6
127.69,-17.78,1974,6,"002050",0
127.69,-17.78,1974,7,"002050",0
127.69,-17.78,1974,8,"002050",0
127.69,-17.78,1974,9,"002050",53
127.69,-17.78,1974,10,"002050",25.2
127.69,-17.78,1974,11,"002050",20
127.69,-17.78,1974,12,"002050",40
127.69,-17.78,1975,1,"002050",93.4
127.69,-17.78,1975,2,"002050",177.4
127.69,-17.78,1975,3,"002050",125
127.69,-17.78,1975,4,"002050",0
127.69,-17.78,1975,5,"002050",0
127.69,-17.78,1975,6,"002050",0
127.69,-17.78,1975,7,"002050",0
127.69,-17.78,1975,8,"002050",0
127.69,-17.78,1975,9,"002050",25.4
127.69,-17.78,1975,10,"002050",107.8
127.69,-17.78,1975,11,"002050",121.7
127.69,-17.78,1975,12,"002050",134.6
127.69,-17.78,1976,1,"002050",176.8
127.69,-17.78,1976,2,"002050",192.9
127.69,-17.78,1976,3,"002050",79.9
127.69,-17.78,1976,4,"002050",10
127.69,-17.78,1976,5,"002050",0
127.69,-17.78,1976,6,"002050",0
127.69,-17.78,1976,7,"002050",0
127.69,-17.78,1976,8,"002050",0
127.69,-17.78,1976,9,"002050",0
127.69,-17.78,1976,10,"002050",30.3
127.69,-17.78,1976,11,"002050",0
127.69,-17.78,1976,12,"002050",76.6
127.69,-17.78,1977,1,"002050",231.6
127.69,-17.78,1977,2,"002050",177
127.69,-17.78,1977,3,"002050",115
127.69,-17.78,1977,4,"002050",0
127.69,-17.78,1977,5,"002050",0
127.69,-17.78,1977,6,"002050",0
127.69,-17.78,1977,7,"002050",0
127.69,-17.78,1977,8,"002050",0
127.69,-17.78,1977,9,"002050",0
127.69,-17.78,1977,10,"002050",2
127.69,-17.78,1977,11,"002050",2
127.69,-17.78,1977,12,"002050",177
127.69,-17.78,1978,1,"002050",222
127.69,-17.78,1978,2,"002050",0
127.69,-17.78,1978,3,"002050",0
127.69,-17.78,1978,4,"002050",0
127.69,-17.78,1978,5,"002050",0
127.69,-17.78,1978,6,"002050",0
127.69,-17.78,1978,7,"002050",0
127.69,-17.78,1978,8,"002050",0
127.69,-17.78,1978,9,"002050",0
127.69,-17.78,1978,10,"002050",0
127.69,-17.78,1978,11,"002050",5
127.69,-17.78,1978,12,"002050",65
127.69,-17.78,1979,1,"002050",124.8
127.69,-17.78,1979,2,"002050",180.4
127.69,-17.78,1979,3,"002050",78.8
127.69,-17.78,1979,4,"002050",25.6
127.69,-17.78,1979,5,"002050",160
127.69,-17.78,1979,6,"002050",5
127.69,-17.78,1979,7,"002050",0
127.69,-17.78,1979,8,"002050",3
127.69,-17.78,1979,9,"002050",5
127.69,-17.78,1979,10,"002050",12.6
127.69,-17.78,1979,11,"002050",44.8
127.69,-17.78,1979,12,"002050",63.2
127.69,-17.78,1980,1,"002050",309.4
127.69,-17.78,1980,2,"002050",387.8
127.69,-17.78,1980,3,"002050",75.6
127.69,-17.78,1980,4,"002050",0
127.69,-17.78,1980,5,"002050",0
127.69,-17.78,1980,6,"002050",0
127.69,-17.78,1980,7,"002050",0
127.69,-17.78,1980,8,"002050",0
127.69,-17.78,1980,9,"002050",0
127.69,-17.78,1980,10,"002050",30.6
127.69,-17.78,1980,11,"002050",27.2
127.69,-17.78,1980,12,"002050",56.8
127.69,-17.78,1981,1,"002050",232.2
127.69,-17.78,1981,2,"002050",298.8
127.69,-17.78,1981,3,"002050",47.8
127.69,-17.78,1981,4,"002050",0
127.69,-17.78,1981,5,"002050",1.2
127.69,-17.78,1981,6,"002050",0
127.69,-17.78,1981,7,"002050",0
127.69,-17.78,1981,8,"002050",2.2
127.69,-17.78,1981,9,"002050",2
127.69,-17.78,1981,10,"002050",14.2
127.69,-17.78,1981,11,"002050",191.2
127.69,-17.78,1981,12,"002050",182.6
127.69,-17.78,1982,1,"002050",144.6
127.69,-17.78,1982,2,"002050",282.4
127.69,-17.78,1982,3,"002050",341.2
127.69,-17.78,1982,4,"002050",0
127.69,-17.78,1982,5,"002050",0
127.69,-17.78,1982,6,"002050",0
127.69,-17.78,1982,7,"002050",0
127.69,-17.78,1982,8,"002050",0
127.69,-17.78,1982,9,"002050",0
127.69,-17.78,1982,10,"002050",8
127.69,-17.78,1982,11,"002050",66
127.69,-17.78,1982,12,"002050",86
127.69,-17.78,1983,1,"002050",50.5
127.69,-17.78,1983,2,"002050",89.5
127.69,-17.78,1983,3,"002050",258.5
127.69,-17.78,1983,4,"002050",98
127.69,-17.78,1983,5,"002050",0
127.69,-17.78,1983,6,"002050",0
127.69,-17.78,1983,7,"002050",0
127.69,-17.78,1983,8,"002050",0
127.69,-17.78,1983,9,"002050",0
127.69,-17.78,1983,10,"002050",27
127.69,-17.78,1983,11,"002050",57.6
127.69,-17.78,1983,12,"002050",48
127.69,-17.78,1984,1,"002050",227.5
127.69,-17.78,1984,2,"002050",9
127.69,-17.78,1984,3,"002050",247
127.69,-17.78,1984,4,"002050",0
127.69,-17.78,1984,5,"002050",0
127.69,-17.78,1984,6,"002050",0
127.69,-17.78,1984,7,"002050",26
127.69,-17.78,1984,8,"002050",0
127.69,-17.78,1984,9,"002050",0
127.69,-17.78,1984,10,"002050",0
127.69,-17.78,1984,11,"002050",25.5
127.69,-17.78,1984,12,"002050",59.5
127.69,-17.78,1985,1,"002050",46
127.69,-17.78,1985,2,"002050",117
127.69,-17.78,1985,3,"002050",9
127.69,-17.78,1985,4,"002050",0
127.69,-17.78,1985,5,"002050",0
127.69,-17.78,1985,6,"002050",0
127.69,-17.78,1985,7,"002050",0
127.69,-17.78,1985,8,"002050",0
127.69,-17.78,1985,9,"002050",2
127.69,-17.78,1985,10,"002050",14
127.69,-17.78,1985,11,"002050",21
127.69,-17.78,1985,12,"002050",51.5
127.69,-17.78,1986,1,"002050",367
127.69,-17.78,1986,2,"002050",93
127.69,-17.78,1986,3,"002050",31
127.69,-17.78,1986,4,"002050",72
127.69,-17.78,1986,5,"002050",0
127.69,-17.78,1986,6,"002050",NA
127.69,-17.78,1986,7,"002050",NA
127.69,-17.78,1986,8,"002050",NA
127.69,-17.78,1986,9,"002050",NA
127.69,-17.78,1986,10,"002050",NA
127.69,-17.78,1986,11,"002050",NA
127.69,-17.78,1986,12,"002050",NA
127.69,-17.78,1987,1,"002050",NA
127.69,-17.78,1987,2,"002050",NA
127.69,-17.78,1987,3,"002050",NA
127.69,-17.78,1987,4,"002050",NA
127.69,-17.78,1987,5,"002050",NA
127.69,-17.78,1987,6,"002050",NA
127.69,-17.78,1987,7,"002050",NA
127.69,-17.78,1987,8,"002050",NA
127.69,-17.78,1987,9,"002050",0
127.69,-17.78,1987,10,"002050",60
127.69,-17.78,1987,11,"002050",56
127.69,-17.78,1987,12,"002050",81
127.69,-17.78,1988,1,"002050",114.3
127.69,-17.78,1988,2,"002050",NA
127.69,-17.78,1988,3,"002050",NA
127.69,-17.78,1988,4,"002050",NA
127.69,-17.78,1988,5,"002050",NA
127.69,-17.78,1988,6,"002050",NA
127.69,-17.78,1988,7,"002050",NA
127.69,-17.78,1988,8,"002050",NA
127.69,-17.78,1988,9,"002050",NA
127.69,-17.78,1988,10,"002050",NA
127.69,-17.78,1988,11,"002050",NA
127.69,-17.78,1988,12,"002050",NA
127.69,-17.78,1991,1,"002050",354.3
127.69,-17.78,1991,2,"002050",153.3
127.69,-17.78,1991,3,"002050",0.5
127.69,-17.78,1991,4,"002050",NA
127.69,-17.78,1991,5,"002050",NA
127.69,-17.78,1991,6,"002050",NA
127.69,-17.78,1991,7,"002050",NA
127.69,-17.78,1991,8,"002050",NA
127.69,-17.78,1991,9,"002050",NA
127.69,-17.78,1991,10,"002050",NA
127.69,-17.78,1991,11,"002050",34.8
127.69,-17.78,1991,12,"002050",31
127.69,-17.78,1992,1,"002050",73.4
127.69,-17.78,1992,2,"002050",79.4
127.69,-17.78,1992,3,"002050",43.1
127.69,-17.78,1992,4,"002050",20.4
127.69,-17.78,1992,5,"002050",33.3
127.69,-17.78,1992,6,"002050",0
127.69,-17.78,1992,7,"002050",0
127.69,-17.78,1992,8,"002050",4
127.69,-17.78,1992,9,"002050",0
127.69,-17.78,1992,10,"002050",15
127.69,-17.78,1992,11,"002050",3
127.69,-17.78,1992,12,"002050",16
127.69,-17.78,1993,1,"002050",280.5
127.69,-17.78,1993,2,"002050",371.5
127.69,-17.78,1993,3,"002050",3.5
127.69,-17.78,1993,4,"002050",0
127.69,-17.78,1993,5,"002050",7
127.69,-17.78,1993,6,"002050",60.5
127.69,-17.78,1993,7,"002050",0
127.69,-17.78,1993,8,"002050",0
127.69,-17.78,1993,9,"002050",0
127.69,-17.78,1993,10,"002050",14
127.69,-17.78,1993,11,"002050",34
127.69,-17.78,1993,12,"002050",93.7
127.69,-17.78,1994,1,"002050",180.8
127.69,-17.78,1994,2,"002050",231.5
127.69,-17.78,1994,3,"002050",67
127.69,-17.78,1994,4,"002050",9.5
127.69,-17.78,1994,5,"002050",0
127.69,-17.78,1994,6,"002050",0
127.69,-17.78,1994,7,"002050",0
127.69,-17.78,1994,8,"002050",0
127.69,-17.78,1994,9,"002050",0
127.69,-17.78,1994,10,"002050",6
127.69,-17.78,1994,11,"002050",61.2
127.69,-17.78,1994,12,"002050",107.9
127.69,-17.78,1995,1,"002050",179.9
127.69,-17.78,1995,2,"002050",270.6
127.69,-17.78,1995,3,"002050",98.1
127.69,-17.78,1995,4,"002050",2.4
127.69,-17.78,1995,5,"002050",4
127.69,-17.78,1995,6,"002050",0
127.69,-17.78,1995,7,"002050",7
127.69,-17.78,1995,8,"002050",0
127.69,-17.78,1995,9,"002050",0
127.69,-17.78,1995,10,"002050",0
127.69,-17.78,1995,11,"002050",30.9
127.69,-17.78,1995,12,"002050",106.8
127.69,-17.78,1996,1,"002050",18
127.69,-17.78,1996,2,"002050",71.5
127.69,-17.78,1996,3,"002050",241.9
127.69,-17.78,1996,4,"002050",34.4
127.69,-17.78,1996,5,"002050",0
127.69,-17.78,1996,6,"002050",0
127.69,-17.78,1996,7,"002050",0
127.69,-17.78,1996,8,"002050",0
127.69,-17.78,1996,9,"002050",0
127.69,-17.78,1996,10,"002050",26.8
127.69,-17.78,1996,11,"002050",43
127.69,-17.78,1996,12,"002050",125
127.69,-17.78,1997,1,"002050",192.8
127.69,-17.78,1997,2,"002050",181
127.69,-17.78,1997,3,"002050",25.4
127.69,-17.78,1997,4,"002050",0
127.69,-17.78,1997,5,"002050",35.6
127.69,-17.78,1997,6,"002050",0
127.69,-17.78,1997,7,"002050",0
127.69,-17.78,1997,8,"002050",0
127.69,-17.78,1997,9,"002050",0
127.69,-17.78,1997,10,"002050",16
127.69,-17.78,1997,11,"002050",8.4
127.69,-17.78,1997,12,"002050",131.2
127.69,-17.78,1998,1,"002050",102.3
127.69,-17.78,1998,2,"002050",73.2
127.69,-17.78,1998,3,"002050",32.6
127.69,-17.78,1998,4,"002050",18.4
127.69,-17.78,1998,5,"002050",1.2
127.69,-17.78,1998,6,"002050",0
127.69,-17.78,1998,7,"002050",7
127.69,-17.78,1998,8,"002050",0
127.69,-17.78,1998,9,"002050",33
127.69,-17.78,1998,10,"002050",46.4
127.69,-17.78,1998,11,"002050",107.2
127.69,-17.78,1998,12,"002050",188.4
127.69,-17.78,1999,1,"002050",258.1
127.69,-17.78,1999,2,"002050",183.2
127.69,-17.78,1999,3,"002050",27.8
127.69,-17.78,1999,4,"002050",38
127.69,-17.78,1999,5,"002050",0
127.69,-17.78,1999,6,"002050",8
127.69,-17.78,1999,7,"002050",0
127.69,-17.78,1999,8,"002050",0
127.69,-17.78,1999,9,"002050",0
127.69,-17.78,1999,10,"002050",46.4
127.69,-17.78,1999,11,"002050",55.6
127.69,-17.78,1999,12,"002050",197.3
127.69,-17.78,2000,1,"002050",174.8
127.69,-17.78,2000,2,"002050",208
127.69,-17.78,2000,3,"002050",276.6
127.69,-17.78,2000,4,"002050",53
127.69,-17.78,2000,5,"002050",0
127.69,-17.78,2000,6,"002050",0
127.69,-17.78,2000,7,"002050",0
127.69,-17.78,2000,8,"002050",0
127.69,-17.78,2000,9,"002050",0
127.69,-17.78,2000,10,"002050",130.8
127.69,-17.78,2000,11,"002050",41.5
127.69,-17.78,2000,12,"002050",117.9
127.69,-17.78,2001,1,"002050",76
127.69,-17.78,2001,2,"002050",NA
127.69,-17.78,2001,3,"002050",262.4
127.69,-17.78,2001,4,"002050",0
127.69,-17.78,2001,5,"002050",0
127.69,-17.78,2001,6,"002050",0
127.69,-17.78,2001,7,"002050",12.3
127.69,-17.78,2001,8,"002050",0
127.69,-17.78,2001,9,"002050",0
127.69,-17.78,2001,10,"002050",36.4
127.69,-17.78,2001,11,"002050",63
127.69,-17.78,2001,12,"002050",105
127.69,-17.78,2002,1,"002050",114
127.69,-17.78,2002,2,"002050",350
127.69,-17.78,2002,3,"002050",17.5
127.69,-17.78,2002,4,"002050",0
127.69,-17.78,2002,5,"002050",0
127.69,-17.78,2002,6,"002050",0
127.69,-17.78,2002,7,"002050",0
127.69,-17.78,2002,8,"002050",0
127.69,-17.78,2002,9,"002050",0
127.69,-17.78,2002,10,"002050",6
127.69,-17.78,2002,11,"002050",33
127.69,-17.78,2002,12,"002050",55.1
127.69,-17.78,2003,1,"002050",61.7
127.69,-17.78,2003,2,"002050",308.3
127.69,-17.78,2003,3,"002050",6.4
127.69,-17.78,2003,4,"002050",32.6
127.69,-17.78,2003,5,"002050",0
127.69,-17.78,2003,6,"002050",0
127.69,-17.78,2003,7,"002050",0
127.69,-17.78,2003,8,"002050",0
127.69,-17.78,2003,9,"002050",5.3
127.69,-17.78,2003,10,"002050",6
127.69,-17.78,2003,11,"002050",53.5
127.69,-17.78,2003,12,"002050",NA
127.69,-17.78,2004,1,"002050",209
127.69,-17.78,2004,2,"002050",254
127.69,-17.78,2004,3,"002050",82.8
127.69,-17.78,2004,4,"002050",17.3
127.69,-17.78,2004,5,"002050",102.4
127.69,-17.78,2004,6,"002050",0
127.69,-17.78,2004,7,"002050",0
127.69,-17.78,2004,8,"002050",0
127.69,-17.78,2004,9,"002050",0
127.69,-17.78,2004,10,"002050",0
127.69,-17.78,2004,11,"002050",0
127.69,-17.78,2004,12,"002050",53
127.69,-17.78,2005,1,"002050",98
127.69,-17.78,2005,2,"002050",45
127.69,-17.78,2005,3,"002050",31.7
127.69,-17.78,2005,4,"002050",0
127.69,-17.78,2005,5,"002050",0
127.69,-17.78,2005,6,"002050",0
127.69,-17.78,2005,7,"002050",0
127.69,-17.78,2005,8,"002050",0
127.69,-17.78,2005,9,"002050",12
127.69,-17.78,2005,10,"002050",28.9
127.69,-17.78,2005,11,"002050",101.8
127.69,-17.78,2005,12,"002050",203.3
127.69,-17.78,2006,1,"002050",324.3
127.69,-17.78,2006,2,"002050",80.6
127.69,-17.78,2006,3,"002050",109.8
127.69,-17.78,2006,4,"002050",0
127.69,-17.78,2006,5,"002050",0
127.69,-17.78,2006,6,"002050",0
127.69,-17.78,2006,7,"002050",0
127.69,-17.78,2006,8,"002050",0
127.69,-17.78,2006,9,"002050",0
127.69,-17.78,2006,10,"002050",0
127.69,-17.78,2006,11,"002050",64
127.69,-17.78,2006,12,"002050",74
127.69,-17.78,2007,1,"002050",205
127.69,-17.78,2007,2,"002050",NA
127.69,-17.78,2007,3,"002050",246
127.69,-17.78,2007,4,"002050",NA
127.69,-17.78,2007,5,"002050",NA
127.69,-17.78,2007,6,"002050",NA
127.69,-17.78,2007,7,"002050",NA
127.69,-17.78,2007,8,"002050",0.2
127.69,-17.78,2007,9,"002050",NA
127.69,-17.78,2007,10,"002050",NA
127.69,-17.78,2007,11,"002050",NA
127.69,-17.78,2007,12,"002050",NA
127.69,-17.78,2009,1,"002050",NA
127.69,-17.78,2009,2,"002050",NA
127.69,-17.78,2009,3,"002050",NA
127.69,-17.78,2009,4,"002050",NA
127.69,-17.78,2009,5,"002050",NA
127.69,-17.78,2009,6,"002050",NA
127.69,-17.78,2009,7,"002050",NA
127.69,-17.78,2009,8,"002050",NA
127.69,-17.78,2009,9,"002050",NA
127.69,-17.78,2009,10,"002050",NA
127.69,-17.78,2009,11,"002050",NA
127.69,-17.78,2009,12,"002050",28.2
127.69,-17.78,2010,1,"002050",130.5
127.69,-17.78,2010,2,"002050",144.5
127.69,-17.78,2010,3,"002050",16.5
127.69,-17.78,2010,4,"002050",102
127.69,-17.78,2010,5,"002050",101
127.69,-17.78,2010,6,"002050",0
127.69,-17.78,2010,7,"002050",34
127.69,-17.78,2010,8,"002050",0
127.69,-17.78,2010,9,"002050",17
127.69,-17.78,2010,10,"002050",83
127.69,-17.78,2010,11,"002050",13
127.69,-17.78,2010,12,"002050",25.5
127.69,-17.78,2011,1,"002050",214.5
127.69,-17.78,2011,2,"002050",178.5
127.69,-17.78,2011,3,"002050",503
127.69,-17.78,2011,4,"002050",78
127.69,-17.78,2011,5,"002050",0
127.69,-17.78,2011,6,"002050",0
127.69,-17.78,2011,7,"002050",0
127.69,-17.78,2011,8,"002050",0
127.69,-17.78,2011,9,"002050",0
127.69,-17.78,2011,10,"002050",33.5
127.69,-17.78,2011,11,"002050",NA
127.69,-17.78,2011,12,"002050",NA
127.69,-17.78,2012,1,"002050",153
127.69,-17.78,2012,2,"002050",214
127.69,-17.78,2012,3,"002050",148
127.69,-17.78,2012,4,"002050",156.5
127.69,-17.78,2012,5,"002050",NA
127.69,-17.78,2012,6,"002050",NA
127.69,-17.78,2012,7,"002050",NA
127.69,-17.78,2012,8,"002050",NA
127.69,-17.78,2012,9,"002050",0
127.69,-17.78,2012,10,"002050",54.2
127.69,-17.78,2012,11,"002050",44.6
127.69,-17.78,2012,12,"002050",118.6
127.69,-17.78,2013,1,"002050",155.2
127.69,-17.78,2013,2,"002050",NA
127.69,-17.78,2013,3,"002050",NA
127.69,-17.78,2013,4,"002050",NA
127.69,-17.78,2013,5,"002050",NA
127.69,-17.78,2013,6,"002050",NA
127.69,-17.78,2013,7,"002050",NA
127.69,-17.78,2013,8,"002050",NA
127.69,-17.78,2013,9,"002050",NA
127.69,-17.78,2013,10,"002050",8
127.69,-17.78,2013,11,"002050",99
127.69,-17.78,2013,12,"002050",103
127.69,-17.78,2014,1,"002050",320.2
127.69,-17.78,2014,2,"002050",301
127.69,-17.78,2014,3,"002050",0
127.69,-17.78,2014,4,"002050",0
127.69,-17.78,2014,5,"002050",0
127.69,-17.78,2014,6,"002050",0
127.69,-17.78,2014,7,"002050",0
127.69,-17.78,2014,8,"002050",0
127.69,-17.78,2014,9,"002050",0
127.69,-17.78,2014,10,"002050",0
127.69,-17.78,2014,11,"002050",28
127.69,-17.78,2014,12,"002050",72
127.69,-17.78,2015,1,"002050",493
127.69,-17.78,2015,2,"002050",53
127.69,-17.78,2015,3,"002050",195
127.69,-17.78,2015,4,"002050",0
127.69,-17.78,2015,5,"002050",0
127.69,-17.78,2015,6,"002050",0
127.69,-17.78,2015,7,"002050",0
127.69,-17.78,2015,8,"002050",0
127.69,-17.78,2015,9,"002050",0
127.69,-17.78,2015,10,"002050",11
127.69,-17.78,2015,11,"002050",65.6
127.69,-17.78,2015,12,"002050",203.6
127.69,-17.78,2016,1,"002050",129.7
127.69,-17.78,2016,2,"002050",NA
127.69,-17.78,2016,3,"002050",77
127.69,-17.78,2016,4,"002050",0
127.69,-17.78,2016,5,"002050",0
127.69,-17.78,2016,6,"002050",0
127.69,-17.78,2016,7,"002050",9
127.69,-17.78,2016,8,"002050",0
127.69,-17.78,2016,9,"002050",0
127.69,-17.78,2016,10,"002050",30
127.69,-17.78,2016,11,"002050",41
127.69,-17.78,2016,12,"002050",194.1
127.69,-17.78,2017,1,"002050",267.2
127.69,-17.78,2017,2,"002050",293.2
127.69,-17.78,2017,3,"002050",149.2
127.69,-17.78,2017,4,"002050",0
127.69,-17.78,2017,5,"002050",0.4
127.69,-17.78,2017,6,"002050",0
127.69,-17.78,2017,7,"002050",0
127.69,-17.78,2017,8,"002050",0
127.69,-17.78,2017,9,"002050",0
127.69,-17.78,2017,10,"002050",21
127.69,-17.78,2017,11,"002050",36.8
127.69,-17.78,2017,12,"002050",113.7
127.69,-17.78,2018,1,"002050",162
127.69,-17.78,2018,2,"002050",162.5
127.69,-17.78,2018,3,"002050",48
127.69,-17.78,2018,4,"002050",0
127.69,-17.78,2018,5,"002050",0
127.69,-17.78,2018,6,"002050",0
127.69,-17.78,2018,7,"002050",0
127.69,-17.78,2018,8,"002050",0
127.69,-17.78,2018,9,"002050",0
127.69,-17.78,2018,10,"002050",28
127.69,-17.78,2018,11,"002050",51
127.69,-17.78,2018,12,"002050",36
127.69,-17.78,2019,1,"002050",75.5
127.69,-17.78,2019,2,"002050",92.5
127.69,-17.78,2019,3,"002050",NA
127.69,-17.78,2019,4,"002050",NA
127.69,-17.78,2019,5,"002050",NA
127.69,-17.78,2019,6,"002050",NA
127.69,-17.78,2019,7,"002050",NA
127.69,-17.78,2019,8,"002050",NA
127.69,-17.78,2019,9,"002050",NA
127.69,-17.78,2019,10,"002050",NA
127.69,-17.78,2019,11,"002050",NA
127.69,-17.78,2019,12,"002050",NA
