"Lon","Lat","Year","Month","Station","Rain"
137.67,-34.37,1879,1,"022008",0
137.67,-34.37,1879,2,"022008",0
137.67,-34.37,1879,3,"022008",5.1
137.67,-34.37,1879,4,"022008",46.7
137.67,-34.37,1879,5,"022008",56.9
137.67,-34.37,1879,6,"022008",32.8
137.67,-34.37,1879,7,"022008",90.4
137.67,-34.37,1879,8,"022008",45.5
137.67,-34.37,1879,9,"022008",63.2
137.67,-34.37,1879,10,"022008",31.2
137.67,-34.37,1879,11,"022008",37.3
137.67,-34.37,1879,12,"022008",24.1
137.67,-34.37,1882,1,"022008",2.5
137.67,-34.37,1882,2,"022008",0
137.67,-34.37,1882,3,"022008",8.9
137.67,-34.37,1882,4,"022008",54.9
137.67,-34.37,1882,5,"022008",77.5
137.67,-34.37,1882,6,"022008",55.6
137.67,-34.37,1882,7,"022008",54.1
137.67,-34.37,1882,8,"022008",86.6
137.67,-34.37,1882,9,"022008",21.3
137.67,-34.37,1882,10,"022008",50.5
137.67,-34.37,1882,11,"022008",48.5
137.67,-34.37,1882,12,"022008",10.2
137.67,-34.37,1884,1,"022008",21.1
137.67,-34.37,1884,2,"022008",5.5
137.67,-34.37,1884,3,"022008",14.2
137.67,-34.37,1884,4,"022008",29.7
137.67,-34.37,1884,5,"022008",175.2
137.67,-34.37,1884,6,"022008",133.9
137.67,-34.37,1884,7,"022008",14.3
137.67,-34.37,1884,8,"022008",30.9
137.67,-34.37,1884,9,"022008",72.7
137.67,-34.37,1884,10,"022008",37
137.67,-34.37,1884,11,"022008",13.4
137.67,-34.37,1884,12,"022008",33.1
137.67,-34.37,1885,1,"022008",10.6
137.67,-34.37,1885,2,"022008",46.5
137.67,-34.37,1885,3,"022008",14.5
137.67,-34.37,1885,4,"022008",49.1
137.67,-34.37,1885,5,"022008",36.7
137.67,-34.37,1885,6,"022008",81.7
137.67,-34.37,1885,7,"022008",50
137.67,-34.37,1885,8,"022008",57
137.67,-34.37,1885,9,"022008",34.6
137.67,-34.37,1885,10,"022008",37.1
137.67,-34.37,1885,11,"022008",8.5
137.67,-34.37,1885,12,"022008",23.2
137.67,-34.37,1886,1,"022008",13.8
137.67,-34.37,1886,2,"022008",6.1
137.67,-34.37,1886,3,"022008",2.3
137.67,-34.37,1886,4,"022008",42.9
137.67,-34.37,1886,5,"022008",41.9
137.67,-34.37,1886,6,"022008",9
137.67,-34.37,1886,7,"022008",49.6
137.67,-34.37,1886,8,"022008",101.5
137.67,-34.37,1886,9,"022008",23.2
137.67,-34.37,1886,10,"022008",55.2
137.67,-34.37,1886,11,"022008",21.4
137.67,-34.37,1886,12,"022008",12.2
137.67,-34.37,1887,1,"022008",10.4
137.67,-34.37,1887,2,"022008",17.7
137.67,-34.37,1887,3,"022008",8.4
137.67,-34.37,1887,4,"022008",33.2
137.67,-34.37,1887,5,"022008",71.4
137.67,-34.37,1887,6,"022008",111.3
137.67,-34.37,1887,7,"022008",38.5
137.67,-34.37,1887,8,"022008",51.3
137.67,-34.37,1887,9,"022008",60.9
137.67,-34.37,1887,10,"022008",50.8
137.67,-34.37,1887,11,"022008",27.9
137.67,-34.37,1887,12,"022008",22.9
137.67,-34.37,1888,1,"022008",12.8
137.67,-34.37,1888,2,"022008",1
137.67,-34.37,1888,3,"022008",8.9
137.67,-34.37,1888,4,"022008",1.5
137.67,-34.37,1888,5,"022008",84.5
137.67,-34.37,1888,6,"022008",95.7
137.67,-34.37,1888,7,"022008",110.6
137.67,-34.37,1888,8,"022008",40.1
137.67,-34.37,1888,9,"022008",31.4
137.67,-34.37,1888,10,"022008",2.9
137.67,-34.37,1888,11,"022008",7.7
137.67,-34.37,1888,12,"022008",9.8
137.67,-34.37,1889,1,"022008",58
137.67,-34.37,1889,2,"022008",2.5
137.67,-34.37,1889,3,"022008",19.6
137.67,-34.37,1889,4,"022008",261.1
137.67,-34.37,1889,5,"022008",82.6
137.67,-34.37,1889,6,"022008",108.8
137.67,-34.37,1889,7,"022008",54.7
137.67,-34.37,1889,8,"022008",103.8
137.67,-34.37,1889,9,"022008",37.7
137.67,-34.37,1889,10,"022008",73
137.67,-34.37,1889,11,"022008",24.7
137.67,-34.37,1889,12,"022008",3
137.67,-34.37,1890,1,"022008",41.9
137.67,-34.37,1890,2,"022008",21.9
137.67,-34.37,1890,3,"022008",14.8
137.67,-34.37,1890,4,"022008",55.7
137.67,-34.37,1890,5,"022008",25.6
137.67,-34.37,1890,6,"022008",103
137.67,-34.37,1890,7,"022008",111.6
137.67,-34.37,1890,8,"022008",89.7
137.67,-34.37,1890,9,"022008",50.5
137.67,-34.37,1890,10,"022008",67.5
137.67,-34.37,1890,11,"022008",41
137.67,-34.37,1890,12,"022008",4.3
137.67,-34.37,1891,1,"022008",11.7
137.67,-34.37,1891,2,"022008",0
137.67,-34.37,1891,3,"022008",31.3
137.67,-34.37,1891,4,"022008",21.6
137.67,-34.37,1891,5,"022008",9.6
137.67,-34.37,1891,6,"022008",33.2
137.67,-34.37,1891,7,"022008",94.3
137.67,-34.37,1891,8,"022008",49.7
137.67,-34.37,1891,9,"022008",48.5
137.67,-34.37,1891,10,"022008",62.6
137.67,-34.37,1891,11,"022008",16.1
137.67,-34.37,1891,12,"022008",40.2
137.67,-34.37,1892,1,"022008",25.1
137.67,-34.37,1892,2,"022008",8.7
137.67,-34.37,1892,3,"022008",20.4
137.67,-34.37,1892,4,"022008",33.7
137.67,-34.37,1892,5,"022008",27.5
137.67,-34.37,1892,6,"022008",69.9
137.67,-34.37,1892,7,"022008",68.3
137.67,-34.37,1892,8,"022008",75.1
137.67,-34.37,1892,9,"022008",60
137.67,-34.37,1892,10,"022008",91.2
137.67,-34.37,1892,11,"022008",11.7
137.67,-34.37,1892,12,"022008",40.6
137.67,-34.37,1893,1,"022008",2
137.67,-34.37,1893,2,"022008",0
137.67,-34.37,1893,3,"022008",0.8
137.67,-34.37,1893,4,"022008",57.9
137.67,-34.37,1893,5,"022008",177.6
137.67,-34.37,1893,6,"022008",142.3
137.67,-34.37,1893,7,"022008",39.1
137.67,-34.37,1893,8,"022008",85.7
137.67,-34.37,1893,9,"022008",64.7
137.67,-34.37,1893,10,"022008",33
137.67,-34.37,1893,11,"022008",54.6
137.67,-34.37,1893,12,"022008",5.1
137.67,-34.37,1894,1,"022008",10.4
137.67,-34.37,1894,2,"022008",1.3
137.67,-34.37,1894,3,"022008",32
137.67,-34.37,1894,4,"022008",35.1
137.67,-34.37,1894,5,"022008",35
137.67,-34.37,1894,6,"022008",52.4
137.67,-34.37,1894,7,"022008",92.4
137.67,-34.37,1894,8,"022008",72.5
137.67,-34.37,1894,9,"022008",45.5
137.67,-34.37,1894,10,"022008",104.1
137.67,-34.37,1894,11,"022008",1
137.67,-34.37,1894,12,"022008",20.7
137.67,-34.37,1895,1,"022008",26.6
137.67,-34.37,1895,2,"022008",8.4
137.67,-34.37,1895,3,"022008",49.1
137.67,-34.37,1895,4,"022008",106.2
137.67,-34.37,1895,5,"022008",19.8
137.67,-34.37,1895,6,"022008",57.7
137.67,-34.37,1895,7,"022008",77.7
137.67,-34.37,1895,8,"022008",48.4
137.67,-34.37,1895,9,"022008",14.5
137.67,-34.37,1895,10,"022008",27.7
137.67,-34.37,1895,11,"022008",6.8
137.67,-34.37,1895,12,"022008",14.5
137.67,-34.37,1896,1,"022008",31.2
137.67,-34.37,1896,2,"022008",17
137.67,-34.37,1896,3,"022008",11
137.67,-34.37,1896,4,"022008",57.2
137.67,-34.37,1896,5,"022008",47.8
137.67,-34.37,1896,6,"022008",68.1
137.67,-34.37,1896,7,"022008",36.3
137.67,-34.37,1896,8,"022008",43.4
137.67,-34.37,1896,9,"022008",17
137.67,-34.37,1896,10,"022008",11.1
137.67,-34.37,1896,11,"022008",13.2
137.67,-34.37,1896,12,"022008",22.9
137.67,-34.37,1897,1,"022008",2.5
137.67,-34.37,1897,2,"022008",11.7
137.67,-34.37,1897,3,"022008",15.5
137.67,-34.37,1897,4,"022008",9.1
137.67,-34.37,1897,5,"022008",58.4
137.67,-34.37,1897,6,"022008",55.7
137.67,-34.37,1897,7,"022008",74.5
137.67,-34.37,1897,8,"022008",60.9
137.67,-34.37,1897,9,"022008",48.5
137.67,-34.37,1897,10,"022008",15.1
137.67,-34.37,1897,11,"022008",7.1
137.67,-34.37,1897,12,"022008",0
137.67,-34.37,1898,1,"022008",1.5
137.67,-34.37,1898,2,"022008",8.4
137.67,-34.37,1898,3,"022008",8.9
137.67,-34.37,1898,4,"022008",91.8
137.67,-34.37,1898,5,"022008",91
137.67,-34.37,1898,6,"022008",121.9
137.67,-34.37,1898,7,"022008",45.7
137.67,-34.37,1898,8,"022008",82.1
137.67,-34.37,1898,9,"022008",26.9
137.67,-34.37,1898,10,"022008",43.9
137.67,-34.37,1898,11,"022008",29.1
137.67,-34.37,1898,12,"022008",5.6
137.67,-34.37,1899,1,"022008",22.8
137.67,-34.37,1899,2,"022008",24.9
137.67,-34.37,1899,3,"022008",5.6
137.67,-34.37,1899,4,"022008",35.5
137.67,-34.37,1899,5,"022008",70.8
137.67,-34.37,1899,6,"022008",90.7
137.67,-34.37,1899,7,"022008",16.5
137.67,-34.37,1899,8,"022008",27.5
137.67,-34.37,1899,9,"022008",43.6
137.67,-34.37,1899,10,"022008",24.3
137.67,-34.37,1899,11,"022008",36.9
137.67,-34.37,1899,12,"022008",7.4
137.67,-34.37,1900,1,"022008",16.2
137.67,-34.37,1900,2,"022008",2.8
137.67,-34.37,1900,3,"022008",80.3
137.67,-34.37,1900,4,"022008",61
137.67,-34.37,1900,5,"022008",27.5
137.67,-34.37,1900,6,"022008",94.1
137.67,-34.37,1900,7,"022008",44.2
137.67,-34.37,1900,8,"022008",101.8
137.67,-34.37,1900,9,"022008",40.4
137.67,-34.37,1900,10,"022008",16
137.67,-34.37,1900,11,"022008",14.5
137.67,-34.37,1900,12,"022008",8.9
137.67,-34.37,1901,1,"022008",4.6
137.67,-34.37,1901,2,"022008",5.8
137.67,-34.37,1901,3,"022008",5.1
137.67,-34.37,1901,4,"022008",56.3
137.67,-34.37,1901,5,"022008",36.1
137.67,-34.37,1901,6,"022008",82.1
137.67,-34.37,1901,7,"022008",63.6
137.67,-34.37,1901,8,"022008",22.2
137.67,-34.37,1901,9,"022008",60.5
137.67,-34.37,1901,10,"022008",74.6
137.67,-34.37,1901,11,"022008",23.2
137.67,-34.37,1901,12,"022008",25.7
137.67,-34.37,1902,1,"022008",6.4
137.67,-34.37,1902,2,"022008",14.9
137.67,-34.37,1902,3,"022008",33.8
137.67,-34.37,1902,4,"022008",13.2
137.67,-34.37,1902,5,"022008",20
137.67,-34.37,1902,6,"022008",126.5
137.67,-34.37,1902,7,"022008",31.7
137.67,-34.37,1902,8,"022008",22.4
137.67,-34.37,1902,9,"022008",37.4
137.67,-34.37,1902,10,"022008",47.2
137.67,-34.37,1902,11,"022008",9.2
137.67,-34.37,1902,12,"022008",55.9
137.67,-34.37,1903,1,"022008",14.6
137.67,-34.37,1903,2,"022008",45.4
137.67,-34.37,1903,3,"022008",68.3
137.67,-34.37,1903,4,"022008",55.7
137.67,-34.37,1903,5,"022008",61.4
137.67,-34.37,1903,6,"022008",101.5
137.67,-34.37,1903,7,"022008",66.8
137.67,-34.37,1903,8,"022008",43.7
137.67,-34.37,1903,9,"022008",48.6
137.67,-34.37,1903,10,"022008",17.3
137.67,-34.37,1903,11,"022008",83.8
137.67,-34.37,1903,12,"022008",24.5
137.67,-34.37,1904,1,"022008",54.7
137.67,-34.37,1904,2,"022008",25.7
137.67,-34.37,1904,3,"022008",10.1
137.67,-34.37,1904,4,"022008",35
137.67,-34.37,1904,5,"022008",49.2
137.67,-34.37,1904,6,"022008",91.1
137.67,-34.37,1904,7,"022008",84.1
137.67,-34.37,1904,8,"022008",59
137.67,-34.37,1904,9,"022008",6.1
137.67,-34.37,1904,10,"022008",41.8
137.67,-34.37,1904,11,"022008",16.8
137.67,-34.37,1904,12,"022008",0
137.67,-34.37,1905,1,"022008",31.2
137.67,-34.37,1905,2,"022008",6.4
137.67,-34.37,1905,3,"022008",9.6
137.67,-34.37,1905,4,"022008",64.4
137.67,-34.37,1905,5,"022008",121.2
137.67,-34.37,1905,6,"022008",71.6
137.67,-34.37,1905,7,"022008",98.7
137.67,-34.37,1905,8,"022008",33.3
137.67,-34.37,1905,9,"022008",36.3
137.67,-34.37,1905,10,"022008",71.9
137.67,-34.37,1905,11,"022008",3.3
137.67,-34.37,1905,12,"022008",0
137.67,-34.37,1906,1,"022008",0
137.67,-34.37,1906,2,"022008",4.6
137.67,-34.37,1906,3,"022008",66.9
137.67,-34.37,1906,4,"022008",20.6
137.67,-34.37,1906,5,"022008",36.1
137.67,-34.37,1906,6,"022008",93.9
137.67,-34.37,1906,7,"022008",87.7
137.67,-34.37,1906,8,"022008",81.5
137.67,-34.37,1906,9,"022008",90.2
137.67,-34.37,1906,10,"022008",35.9
137.67,-34.37,1906,11,"022008",49.8
137.67,-34.37,1906,12,"022008",18
137.67,-34.37,1907,1,"022008",3.1
137.67,-34.37,1907,2,"022008",3.3
137.67,-34.37,1907,3,"022008",16.2
137.67,-34.37,1907,4,"022008",95.3
137.67,-34.37,1907,5,"022008",34
137.67,-34.37,1907,6,"022008",66
137.67,-34.37,1907,7,"022008",57.7
137.67,-34.37,1907,8,"022008",50.9
137.67,-34.37,1907,9,"022008",23.6
137.67,-34.37,1907,10,"022008",44.4
137.67,-34.37,1907,11,"022008",42.4
137.67,-34.37,1907,12,"022008",10.7
137.67,-34.37,1908,1,"022008",14.5
137.67,-34.37,1908,2,"022008",9.2
137.67,-34.37,1908,3,"022008",54.3
137.67,-34.37,1908,4,"022008",20.6
137.67,-34.37,1908,5,"022008",80.7
137.67,-34.37,1908,6,"022008",131.8
137.67,-34.37,1908,7,"022008",35.9
137.67,-34.37,1908,8,"022008",55.2
137.67,-34.37,1908,9,"022008",64.9
137.67,-34.37,1908,10,"022008",71.1
137.67,-34.37,1908,11,"022008",4.8
137.67,-34.37,1908,12,"022008",19
137.67,-34.37,1909,1,"022008",14.3
137.67,-34.37,1909,2,"022008",8.1
137.67,-34.37,1909,3,"022008",15.2
137.67,-34.37,1909,4,"022008",63.4
137.67,-34.37,1909,5,"022008",61.7
137.67,-34.37,1909,6,"022008",70.7
137.67,-34.37,1909,7,"022008",96.4
137.67,-34.37,1909,8,"022008",176.2
137.67,-34.37,1909,9,"022008",39.2
137.67,-34.37,1909,10,"022008",52.3
137.67,-34.37,1909,11,"022008",55
137.67,-34.37,1909,12,"022008",25.9
137.67,-34.37,1910,1,"022008",0
137.67,-34.37,1910,2,"022008",0
137.67,-34.37,1910,3,"022008",61.3
137.67,-34.37,1910,4,"022008",0.3
137.67,-34.37,1910,5,"022008",99.6
137.67,-34.37,1910,6,"022008",45.7
137.67,-34.37,1910,7,"022008",129.9
137.67,-34.37,1910,8,"022008",49
137.67,-34.37,1910,9,"022008",73.3
137.67,-34.37,1910,10,"022008",57
137.67,-34.37,1910,11,"022008",40.1
137.67,-34.37,1910,12,"022008",23.5
137.67,-34.37,1911,1,"022008",21.9
137.67,-34.37,1911,2,"022008",65.8
137.67,-34.37,1911,3,"022008",17.3
137.67,-34.37,1911,4,"022008",8.6
137.67,-34.37,1911,5,"022008",62
137.67,-34.37,1911,6,"022008",83.6
137.67,-34.37,1911,7,"022008",64
137.67,-34.37,1911,8,"022008",31.8
137.67,-34.37,1911,9,"022008",67.2
137.67,-34.37,1911,10,"022008",14.7
137.67,-34.37,1911,11,"022008",3.6
137.67,-34.37,1911,12,"022008",27.4
137.67,-34.37,1912,1,"022008",0.8
137.67,-34.37,1912,2,"022008",10.1
137.67,-34.37,1912,3,"022008",23.7
137.67,-34.37,1912,4,"022008",17.8
137.67,-34.37,1912,5,"022008",16.8
137.67,-34.37,1912,6,"022008",58.8
137.67,-34.37,1912,7,"022008",66
137.67,-34.37,1912,8,"022008",51.3
137.67,-34.37,1912,9,"022008",69.7
137.67,-34.37,1912,10,"022008",32.5
137.67,-34.37,1912,11,"022008",79.2
137.67,-34.37,1912,12,"022008",44.4
137.67,-34.37,1913,1,"022008",2
137.67,-34.37,1913,2,"022008",9.1
137.67,-34.37,1913,3,"022008",37.6
137.67,-34.37,1913,4,"022008",29.2
137.67,-34.37,1913,5,"022008",36.2
137.67,-34.37,1913,6,"022008",9.4
137.67,-34.37,1913,7,"022008",31.5
137.67,-34.37,1913,8,"022008",70.1
137.67,-34.37,1913,9,"022008",98.8
137.67,-34.37,1913,10,"022008",49.6
137.67,-34.37,1913,11,"022008",29.1
137.67,-34.37,1913,12,"022008",20.8
137.67,-34.37,1914,1,"022008",7.9
137.67,-34.37,1914,2,"022008",1.8
137.67,-34.37,1914,3,"022008",21.9
137.67,-34.37,1914,4,"022008",73.4
137.67,-34.37,1914,5,"022008",52.1
137.67,-34.37,1914,6,"022008",11.6
137.67,-34.37,1914,7,"022008",46.4
137.67,-34.37,1914,8,"022008",3.3
137.67,-34.37,1914,9,"022008",14
137.67,-34.37,1914,10,"022008",2.3
137.67,-34.37,1914,11,"022008",35.7
137.67,-34.37,1914,12,"022008",21.3
137.67,-34.37,1915,1,"022008",21.2
137.67,-34.37,1915,2,"022008",1.5
137.67,-34.37,1915,3,"022008",20
137.67,-34.37,1915,4,"022008",82.7
137.67,-34.37,1915,5,"022008",70.5
137.67,-34.37,1915,6,"022008",98
137.67,-34.37,1915,7,"022008",60
137.67,-34.37,1915,8,"022008",90.8
137.67,-34.37,1915,9,"022008",75.5
137.67,-34.37,1915,10,"022008",18.5
137.67,-34.37,1915,11,"022008",9.1
137.67,-34.37,1915,12,"022008",0
137.67,-34.37,1916,1,"022008",3.3
137.67,-34.37,1916,2,"022008",3.3
137.67,-34.37,1916,3,"022008",12.9
137.67,-34.37,1916,4,"022008",36.6
137.67,-34.37,1916,5,"022008",52.7
137.67,-34.37,1916,6,"022008",189.5
137.67,-34.37,1916,7,"022008",147.9
137.67,-34.37,1916,8,"022008",131.7
137.67,-34.37,1916,9,"022008",53.3
137.67,-34.37,1916,10,"022008",58.2
137.67,-34.37,1916,11,"022008",77.2
137.67,-34.37,1916,12,"022008",12.7
137.67,-34.37,1917,1,"022008",11.7
137.67,-34.37,1917,2,"022008",70.9
137.67,-34.37,1917,3,"022008",38.1
137.67,-34.37,1917,4,"022008",27.6
137.67,-34.37,1917,5,"022008",125
137.67,-34.37,1917,6,"022008",74.1
137.67,-34.37,1917,7,"022008",64.9
137.67,-34.37,1917,8,"022008",118.6
137.67,-34.37,1917,9,"022008",122.2
137.67,-34.37,1917,10,"022008",31.1
137.67,-34.37,1917,11,"022008",12.5
137.67,-34.37,1917,12,"022008",27.4
137.67,-34.37,1918,1,"022008",4.9
137.67,-34.37,1918,2,"022008",10.5
137.67,-34.37,1918,3,"022008",17.8
137.67,-34.37,1918,4,"022008",29.4
137.67,-34.37,1918,5,"022008",71.2
137.67,-34.37,1918,6,"022008",57.2
137.67,-34.37,1918,7,"022008",51
137.67,-34.37,1918,8,"022008",72.4
137.67,-34.37,1918,9,"022008",13.5
137.67,-34.37,1918,10,"022008",70.5
137.67,-34.37,1918,11,"022008",5.8
137.67,-34.37,1918,12,"022008",7.1
137.67,-34.37,1919,1,"022008",13
137.67,-34.37,1919,2,"022008",52.6
137.67,-34.37,1919,3,"022008",0
137.67,-34.37,1919,4,"022008",8.9
137.67,-34.37,1919,5,"022008",59.2
137.67,-34.37,1919,6,"022008",28.2
137.67,-34.37,1919,7,"022008",31.7
137.67,-34.37,1919,8,"022008",78.4
137.67,-34.37,1919,9,"022008",36.3
137.67,-34.37,1919,10,"022008",25.7
137.67,-34.37,1919,11,"022008",1.5
137.67,-34.37,1919,12,"022008",21.8
137.67,-34.37,1920,1,"022008",1.8
137.67,-34.37,1920,2,"022008",0
137.67,-34.37,1920,3,"022008",24.9
137.67,-34.37,1920,4,"022008",15.8
137.67,-34.37,1920,5,"022008",40.4
137.67,-34.37,1920,6,"022008",149.9
137.67,-34.37,1920,7,"022008",56.4
137.67,-34.37,1920,8,"022008",65.6
137.67,-34.37,1920,9,"022008",38.7
137.67,-34.37,1920,10,"022008",34.7
137.67,-34.37,1920,11,"022008",56.2
137.67,-34.37,1920,12,"022008",29.4
137.67,-34.37,1921,1,"022008",30.2
137.67,-34.37,1921,2,"022008",54.4
137.67,-34.37,1921,3,"022008",32.8
137.67,-34.37,1921,4,"022008",17
137.67,-34.37,1921,5,"022008",140.1
137.67,-34.37,1921,6,"022008",51.1
137.67,-34.37,1921,7,"022008",60.1
137.67,-34.37,1921,8,"022008",63.7
137.67,-34.37,1921,9,"022008",51.1
137.67,-34.37,1921,10,"022008",41.3
137.67,-34.37,1921,11,"022008",57.7
137.67,-34.37,1921,12,"022008",20.6
137.67,-34.37,1922,1,"022008",54.5
137.67,-34.37,1922,2,"022008",2.3
137.67,-34.37,1922,3,"022008",3.6
137.67,-34.37,1922,4,"022008",33.2
137.67,-34.37,1922,5,"022008",87
137.67,-34.37,1922,6,"022008",47.5
137.67,-34.37,1922,7,"022008",80.8
137.67,-34.37,1922,8,"022008",60.7
137.67,-34.37,1922,9,"022008",41.4
137.67,-34.37,1922,10,"022008",36.1
137.67,-34.37,1922,11,"022008",3.3
137.67,-34.37,1922,12,"022008",78.5
137.67,-34.37,1923,1,"022008",30
137.67,-34.37,1923,2,"022008",2.6
137.67,-34.37,1923,3,"022008",0.5
137.67,-34.37,1923,4,"022008",2.3
137.67,-34.37,1923,5,"022008",131.7
137.67,-34.37,1923,6,"022008",120.7
137.67,-34.37,1923,7,"022008",107.3
137.67,-34.37,1923,8,"022008",77.2
137.67,-34.37,1923,9,"022008",115.9
137.67,-34.37,1923,10,"022008",60.7
137.67,-34.37,1923,11,"022008",10.4
137.67,-34.37,1923,12,"022008",14.3
137.67,-34.37,1924,1,"022008",22.1
137.67,-34.37,1924,2,"022008",102.3
137.67,-34.37,1924,3,"022008",32.6
137.67,-34.37,1924,4,"022008",32.4
137.67,-34.37,1924,5,"022008",42.7
137.67,-34.37,1924,6,"022008",92.2
137.67,-34.37,1924,7,"022008",12.5
137.67,-34.37,1924,8,"022008",56.3
137.67,-34.37,1924,9,"022008",53.7
137.67,-34.37,1924,10,"022008",32.6
137.67,-34.37,1924,11,"022008",39.2
137.67,-34.37,1924,12,"022008",1.5
137.67,-34.37,1925,1,"022008",14.3
137.67,-34.37,1925,2,"022008",5.9
137.67,-34.37,1925,3,"022008",1.6
137.67,-34.37,1925,4,"022008",38.1
137.67,-34.37,1925,5,"022008",67.1
137.67,-34.37,1925,6,"022008",24.7
137.67,-34.37,1925,7,"022008",59
137.67,-34.37,1925,8,"022008",62.1
137.67,-34.37,1925,9,"022008",112.7
137.67,-34.37,1925,10,"022008",20.9
137.67,-34.37,1925,11,"022008",10.2
137.67,-34.37,1925,12,"022008",0.8
137.67,-34.37,1926,1,"022008",0
137.67,-34.37,1926,2,"022008",14.5
137.67,-34.37,1926,3,"022008",8.9
137.67,-34.37,1926,4,"022008",59.1
137.67,-34.37,1926,5,"022008",80.4
137.67,-34.37,1926,6,"022008",47.5
137.67,-34.37,1926,7,"022008",54.3
137.67,-34.37,1926,8,"022008",59.2
137.67,-34.37,1926,9,"022008",68.3
137.67,-34.37,1926,10,"022008",27.8
137.67,-34.37,1926,11,"022008",10
137.67,-34.37,1926,12,"022008",25.7
137.67,-34.37,1927,1,"022008",6.2
137.67,-34.37,1927,2,"022008",27.4
137.67,-34.37,1927,3,"022008",26.7
137.67,-34.37,1927,4,"022008",9.8
137.67,-34.37,1927,5,"022008",61.6
137.67,-34.37,1927,6,"022008",37.6
137.67,-34.37,1927,7,"022008",70
137.67,-34.37,1927,8,"022008",59.9
137.67,-34.37,1927,9,"022008",27.8
137.67,-34.37,1927,10,"022008",6.1
137.67,-34.37,1927,11,"022008",32.2
137.67,-34.37,1927,12,"022008",33.7
137.67,-34.37,1928,1,"022008",18.3
137.67,-34.37,1928,2,"022008",71.9
137.67,-34.37,1928,3,"022008",34.5
137.67,-34.37,1928,4,"022008",20.2
137.67,-34.37,1928,5,"022008",57.2
137.67,-34.37,1928,6,"022008",64.7
137.67,-34.37,1928,7,"022008",41.9
137.67,-34.37,1928,8,"022008",13.8
137.67,-34.37,1928,9,"022008",37.8
137.67,-34.37,1928,10,"022008",56.3
137.67,-34.37,1928,11,"022008",12.1
137.67,-34.37,1928,12,"022008",4.9
137.67,-34.37,1929,1,"022008",6.4
137.67,-34.37,1929,2,"022008",9.9
137.67,-34.37,1929,3,"022008",4.6
137.67,-34.37,1929,4,"022008",11.9
137.67,-34.37,1929,5,"022008",45.3
137.67,-34.37,1929,6,"022008",70.7
137.67,-34.37,1929,7,"022008",55.6
137.67,-34.37,1929,8,"022008",61.2
137.67,-34.37,1929,9,"022008",56.5
137.67,-34.37,1929,10,"022008",18.3
137.67,-34.37,1929,11,"022008",38.6
137.67,-34.37,1929,12,"022008",61.8
137.67,-34.37,1930,1,"022008",1
137.67,-34.37,1930,2,"022008",19.1
137.67,-34.37,1930,3,"022008",0.5
137.67,-34.37,1930,4,"022008",28.3
137.67,-34.37,1930,5,"022008",21.1
137.67,-34.37,1930,6,"022008",19.9
137.67,-34.37,1930,7,"022008",81.6
137.67,-34.37,1930,8,"022008",88.8
137.67,-34.37,1930,9,"022008",40.4
137.67,-34.37,1930,10,"022008",62.6
137.67,-34.37,1930,11,"022008",18.8
137.67,-34.37,1930,12,"022008",42.9
137.67,-34.37,1931,1,"022008",13.9
137.67,-34.37,1931,2,"022008",2.4
137.67,-34.37,1931,3,"022008",25.2
137.67,-34.37,1931,4,"022008",15.2
137.67,-34.37,1931,5,"022008",77.6
137.67,-34.37,1931,6,"022008",110.6
137.67,-34.37,1931,7,"022008",73
137.67,-34.37,1931,8,"022008",58.6
137.67,-34.37,1931,9,"022008",62.3
137.67,-34.37,1931,10,"022008",16.1
137.67,-34.37,1931,11,"022008",29.6
137.67,-34.37,1931,12,"022008",5.6
137.67,-34.37,1932,1,"022008",2
137.67,-34.37,1932,2,"022008",48.8
137.67,-34.37,1932,3,"022008",14.6
137.67,-34.37,1932,4,"022008",114.3
137.67,-34.37,1932,5,"022008",40.9
137.67,-34.37,1932,6,"022008",125.4
137.67,-34.37,1932,7,"022008",68.3
137.67,-34.37,1932,8,"022008",76.4
137.67,-34.37,1932,9,"022008",33.1
137.67,-34.37,1932,10,"022008",62.8
137.67,-34.37,1932,11,"022008",3.1
137.67,-34.37,1932,12,"022008",12.2
137.67,-34.37,1933,1,"022008",22.7
137.67,-34.37,1933,2,"022008",0
137.67,-34.37,1933,3,"022008",11.7
137.67,-34.37,1933,4,"022008",20.4
137.67,-34.37,1933,5,"022008",115.6
137.67,-34.37,1933,6,"022008",25.2
137.67,-34.37,1933,7,"022008",30.8
137.67,-34.37,1933,8,"022008",58.5
137.67,-34.37,1933,9,"022008",87.9
137.67,-34.37,1933,10,"022008",16
137.67,-34.37,1933,11,"022008",13.9
137.67,-34.37,1933,12,"022008",15.6
137.67,-34.37,1934,1,"022008",12.2
137.67,-34.37,1934,2,"022008",6.7
137.67,-34.37,1934,3,"022008",12.3
137.67,-34.37,1934,4,"022008",22
137.67,-34.37,1934,5,"022008",14.4
137.67,-34.37,1934,6,"022008",36.7
137.67,-34.37,1934,7,"022008",33.8
137.67,-34.37,1934,8,"022008",80.6
137.67,-34.37,1934,9,"022008",101
137.67,-34.37,1934,10,"022008",39.9
137.67,-34.37,1934,11,"022008",60.9
137.67,-34.37,1934,12,"022008",10.3
137.67,-34.37,1935,1,"022008",34.4
137.67,-34.37,1935,2,"022008",4.1
137.67,-34.37,1935,3,"022008",53.5
137.67,-34.37,1935,4,"022008",48.6
137.67,-34.37,1935,5,"022008",55.9
137.67,-34.37,1935,6,"022008",51.7
137.67,-34.37,1935,7,"022008",56.7
137.67,-34.37,1935,8,"022008",75.5
137.67,-34.37,1935,9,"022008",39.9
137.67,-34.37,1935,10,"022008",61.3
137.67,-34.37,1935,11,"022008",14.7
137.67,-34.37,1935,12,"022008",22.1
137.67,-34.37,1936,1,"022008",18.5
137.67,-34.37,1936,2,"022008",15.5
137.67,-34.37,1936,3,"022008",2.8
137.67,-34.37,1936,4,"022008",23.8
137.67,-34.37,1936,5,"022008",29
137.67,-34.37,1936,6,"022008",58.2
137.67,-34.37,1936,7,"022008",49.2
137.67,-34.37,1936,8,"022008",46.3
137.67,-34.37,1936,9,"022008",12.8
137.67,-34.37,1936,10,"022008",51.1
137.67,-34.37,1936,11,"022008",10.7
137.67,-34.37,1936,12,"022008",32.5
137.67,-34.37,1937,1,"022008",37.3
137.67,-34.37,1937,2,"022008",29.8
137.67,-34.37,1937,3,"022008",8.9
137.67,-34.37,1937,4,"022008",22.7
137.67,-34.37,1937,5,"022008",68.8
137.67,-34.37,1937,6,"022008",59
137.67,-34.37,1937,7,"022008",45.5
137.67,-34.37,1937,8,"022008",63
137.67,-34.37,1937,9,"022008",107.2
137.67,-34.37,1937,10,"022008",15.7
137.67,-34.37,1937,11,"022008",39.3
137.67,-34.37,1937,12,"022008",59.8
137.67,-34.37,1938,1,"022008",25.7
137.67,-34.37,1938,2,"022008",76.3
137.67,-34.37,1938,3,"022008",3.6
137.67,-34.37,1938,4,"022008",123.9
137.67,-34.37,1938,5,"022008",14.6
137.67,-34.37,1938,6,"022008",35.5
137.67,-34.37,1938,7,"022008",46.8
137.67,-34.37,1938,8,"022008",87.7
137.67,-34.37,1938,9,"022008",12.4
137.67,-34.37,1938,10,"022008",36.6
137.67,-34.37,1938,11,"022008",9.7
137.67,-34.37,1938,12,"022008",12
137.67,-34.37,1939,1,"022008",22.3
137.67,-34.37,1939,2,"022008",65.5
137.67,-34.37,1939,3,"022008",25
137.67,-34.37,1939,4,"022008",43.4
137.67,-34.37,1939,5,"022008",49.4
137.67,-34.37,1939,6,"022008",67
137.67,-34.37,1939,7,"022008",66.4
137.67,-34.37,1939,8,"022008",83.9
137.67,-34.37,1939,9,"022008",16.3
137.67,-34.37,1939,10,"022008",22.3
137.67,-34.37,1939,11,"022008",77.4
137.67,-34.37,1939,12,"022008",7.2
137.67,-34.37,1940,1,"022008",37.1
137.67,-34.37,1940,2,"022008",15.3
137.67,-34.37,1940,3,"022008",16.8
137.67,-34.37,1940,4,"022008",45.4
137.67,-34.37,1940,5,"022008",32.8
137.67,-34.37,1940,6,"022008",26.1
137.67,-34.37,1940,7,"022008",81.6
137.67,-34.37,1940,8,"022008",36.5
137.67,-34.37,1940,9,"022008",29
137.67,-34.37,1940,10,"022008",12
137.67,-34.37,1940,11,"022008",40.7
137.67,-34.37,1940,12,"022008",8.5
137.67,-34.37,1941,1,"022008",131.6
137.67,-34.37,1941,2,"022008",6.1
137.67,-34.37,1941,3,"022008",47.2
137.67,-34.37,1941,4,"022008",16.3
137.67,-34.37,1941,5,"022008",29.4
137.67,-34.37,1941,6,"022008",35.6
137.67,-34.37,1941,7,"022008",84.5
137.67,-34.37,1941,8,"022008",38.7
137.67,-34.37,1941,9,"022008",121.7
137.67,-34.37,1941,10,"022008",46.2
137.67,-34.37,1941,11,"022008",25.5
137.67,-34.37,1941,12,"022008",9
137.67,-34.37,1942,1,"022008",36.1
137.67,-34.37,1942,2,"022008",5.4
137.67,-34.37,1942,3,"022008",11.3
137.67,-34.37,1942,4,"022008",19.9
137.67,-34.37,1942,5,"022008",98
137.67,-34.37,1942,6,"022008",112.6
137.67,-34.37,1942,7,"022008",60.6
137.67,-34.37,1942,8,"022008",92.6
137.67,-34.37,1942,9,"022008",81.9
137.67,-34.37,1942,10,"022008",48.9
137.67,-34.37,1942,11,"022008",26.3
137.67,-34.37,1942,12,"022008",14
137.67,-34.37,1943,1,"022008",11
137.67,-34.37,1943,2,"022008",37.3
137.67,-34.37,1943,3,"022008",0.8
137.67,-34.37,1943,4,"022008",57
137.67,-34.37,1943,5,"022008",24.3
137.67,-34.37,1943,6,"022008",56
137.67,-34.37,1943,7,"022008",53.3
137.67,-34.37,1943,8,"022008",56.6
137.67,-34.37,1943,9,"022008",47.5
137.67,-34.37,1943,10,"022008",42.5
137.67,-34.37,1943,11,"022008",5.3
137.67,-34.37,1943,12,"022008",5.4
137.67,-34.37,1944,1,"022008",2.1
137.67,-34.37,1944,2,"022008",16.7
137.67,-34.37,1944,3,"022008",14.9
137.67,-34.37,1944,4,"022008",100.9
137.67,-34.37,1944,5,"022008",97.2
137.67,-34.37,1944,6,"022008",17.4
137.67,-34.37,1944,7,"022008",59.5
137.67,-34.37,1944,8,"022008",7.1
137.67,-34.37,1944,9,"022008",26.7
137.67,-34.37,1944,10,"022008",36.7
137.67,-34.37,1944,11,"022008",60.9
137.67,-34.37,1944,12,"022008",23.8
137.67,-34.37,1945,1,"022008",10.5
137.67,-34.37,1945,2,"022008",31.1
137.67,-34.37,1945,3,"022008",0.3
137.67,-34.37,1945,4,"022008",8.1
137.67,-34.37,1945,5,"022008",24.5
137.67,-34.37,1945,6,"022008",51.6
137.67,-34.37,1945,7,"022008",38.7
137.67,-34.37,1945,8,"022008",49
137.67,-34.37,1945,9,"022008",56.6
137.67,-34.37,1945,10,"022008",43.3
137.67,-34.37,1945,11,"022008",43.6
137.67,-34.37,1945,12,"022008",30.6
137.67,-34.37,1946,1,"022008",49.9
137.67,-34.37,1946,2,"022008",197.3
137.67,-34.37,1946,3,"022008",38.9
137.67,-34.37,1946,4,"022008",16.8
137.67,-34.37,1946,5,"022008",44.7
137.67,-34.37,1946,6,"022008",66.5
137.67,-34.37,1946,7,"022008",71.9
137.67,-34.37,1946,8,"022008",44
137.67,-34.37,1946,9,"022008",13.6
137.67,-34.37,1946,10,"022008",33.1
137.67,-34.37,1946,11,"022008",33.5
137.67,-34.37,1946,12,"022008",88.2
137.67,-34.37,1947,1,"022008",4.9
137.67,-34.37,1947,2,"022008",14.1
137.67,-34.37,1947,3,"022008",55.1
137.67,-34.37,1947,4,"022008",47.3
137.67,-34.37,1947,5,"022008",52.4
137.67,-34.37,1947,6,"022008",56.3
137.67,-34.37,1947,7,"022008",106.5
137.67,-34.37,1947,8,"022008",66.3
137.67,-34.37,1947,9,"022008",60.4
137.67,-34.37,1947,10,"022008",85.1
137.67,-34.37,1947,11,"022008",18.1
137.67,-34.37,1947,12,"022008",32.9
137.67,-34.37,1948,1,"022008",1.8
137.67,-34.37,1948,2,"022008",1.3
137.67,-34.37,1948,3,"022008",7.9
137.67,-34.37,1948,4,"022008",54.6
137.67,-34.37,1948,5,"022008",57.7
137.67,-34.37,1948,6,"022008",46.1
137.67,-34.37,1948,7,"022008",42.6
137.67,-34.37,1948,8,"022008",86.6
137.67,-34.37,1948,9,"022008",15.1
137.67,-34.37,1948,10,"022008",95.3
137.67,-34.37,1948,11,"022008",34.1
137.67,-34.37,1948,12,"022008",33.4
137.67,-34.37,1949,1,"022008",10.8
137.67,-34.37,1949,2,"022008",50.8
137.67,-34.37,1949,3,"022008",0.5
137.67,-34.37,1949,4,"022008",12
137.67,-34.37,1949,5,"022008",53.9
137.67,-34.37,1949,6,"022008",28.7
137.67,-34.37,1949,7,"022008",75
137.67,-34.37,1949,8,"022008",25.1
137.67,-34.37,1949,9,"022008",24.6
137.67,-34.37,1949,10,"022008",130
137.67,-34.37,1949,11,"022008",72.2
137.67,-34.37,1949,12,"022008",3.9
137.67,-34.37,1950,1,"022008",1.5
137.67,-34.37,1950,2,"022008",28.9
137.67,-34.37,1950,3,"022008",3.4
137.67,-34.37,1950,4,"022008",16.7
137.67,-34.37,1950,5,"022008",84.6
137.67,-34.37,1950,6,"022008",64.3
137.67,-34.37,1950,7,"022008",37.6
137.67,-34.37,1950,8,"022008",74.1
137.67,-34.37,1950,9,"022008",39.5
137.67,-34.37,1950,10,"022008",64.6
137.67,-34.37,1950,11,"022008",18.8
137.67,-34.37,1950,12,"022008",21.6
137.67,-34.37,1951,1,"022008",12
137.67,-34.37,1951,2,"022008",23.3
137.67,-34.37,1951,3,"022008",3
137.67,-34.37,1951,4,"022008",80.7
137.67,-34.37,1951,5,"022008",94.5
137.67,-34.37,1951,6,"022008",91
137.67,-34.37,1951,7,"022008",97.2
137.67,-34.37,1951,8,"022008",101.9
137.67,-34.37,1951,9,"022008",13
137.67,-34.37,1951,10,"022008",75.6
137.67,-34.37,1951,11,"022008",8.4
137.67,-34.37,1951,12,"022008",43.2
137.67,-34.37,1952,1,"022008",44.7
137.67,-34.37,1952,2,"022008",6.9
137.67,-34.37,1952,3,"022008",8
137.67,-34.37,1952,4,"022008",52
137.67,-34.37,1952,5,"022008",154.5
137.67,-34.37,1952,6,"022008",54.3
137.67,-34.37,1952,7,"022008",65.7
137.67,-34.37,1952,8,"022008",29.6
137.67,-34.37,1952,9,"022008",42.4
137.67,-34.37,1952,10,"022008",33.5
137.67,-34.37,1952,11,"022008",78.9
137.67,-34.37,1952,12,"022008",10.3
137.67,-34.37,1953,1,"022008",10.7
137.67,-34.37,1953,2,"022008",13.7
137.67,-34.37,1953,3,"022008",4.8
137.67,-34.37,1953,4,"022008",23.9
137.67,-34.37,1953,5,"022008",24.6
137.67,-34.37,1953,6,"022008",113.4
137.67,-34.37,1953,7,"022008",75
137.67,-34.37,1953,8,"022008",47
137.67,-34.37,1953,9,"022008",52.1
137.67,-34.37,1953,10,"022008",36
137.67,-34.37,1953,11,"022008",45
137.67,-34.37,1953,12,"022008",39.7
137.67,-34.37,1954,1,"022008",39.3
137.67,-34.37,1954,2,"022008",2
137.67,-34.37,1954,3,"022008",10.7
137.67,-34.37,1954,4,"022008",108.7
137.67,-34.37,1954,5,"022008",23.6
137.67,-34.37,1954,6,"022008",91.1
137.67,-34.37,1954,7,"022008",55.4
137.67,-34.37,1954,8,"022008",20.3
137.67,-34.37,1954,9,"022008",48.8
137.67,-34.37,1954,10,"022008",36.6
137.67,-34.37,1954,11,"022008",36.7
137.67,-34.37,1954,12,"022008",41.9
137.67,-34.37,1955,1,"022008",30
137.67,-34.37,1955,2,"022008",73.9
137.67,-34.37,1955,3,"022008",16.7
137.67,-34.37,1955,4,"022008",47.7
137.67,-34.37,1955,5,"022008",87.8
137.67,-34.37,1955,6,"022008",104.3
137.67,-34.37,1955,7,"022008",72.3
137.67,-34.37,1955,8,"022008",79.1
137.67,-34.37,1955,9,"022008",22.7
137.67,-34.37,1955,10,"022008",35.7
137.67,-34.37,1955,11,"022008",55.7
137.67,-34.37,1955,12,"022008",16.1
137.67,-34.37,1956,1,"022008",14.7
137.67,-34.37,1956,2,"022008",20.6
137.67,-34.37,1956,3,"022008",38.3
137.67,-34.37,1956,4,"022008",88.1
137.67,-34.37,1956,5,"022008",114
137.67,-34.37,1956,6,"022008",125.3
137.67,-34.37,1956,7,"022008",85.5
137.67,-34.37,1956,8,"022008",64.6
137.67,-34.37,1956,9,"022008",61.2
137.67,-34.37,1956,10,"022008",63.8
137.67,-34.37,1956,11,"022008",27.2
137.67,-34.37,1956,12,"022008",10.1
137.67,-34.37,1957,1,"022008",0
137.67,-34.37,1957,2,"022008",1.3
137.67,-34.37,1957,3,"022008",26.9
137.67,-34.37,1957,4,"022008",22.5
137.67,-34.37,1957,5,"022008",31.9
137.67,-34.37,1957,6,"022008",61.6
137.67,-34.37,1957,7,"022008",119.1
137.67,-34.37,1957,8,"022008",29.5
137.67,-34.37,1957,9,"022008",21.9
137.67,-34.37,1957,10,"022008",34.6
137.67,-34.37,1957,11,"022008",14.8
137.67,-34.37,1957,12,"022008",28.6
137.67,-34.37,1958,1,"022008",2.9
137.67,-34.37,1958,2,"022008",2.3
137.67,-34.37,1958,3,"022008",27.7
137.67,-34.37,1958,4,"022008",20.1
137.67,-34.37,1958,5,"022008",101.3
137.67,-34.37,1958,6,"022008",8.1
137.67,-34.37,1958,7,"022008",77.7
137.67,-34.37,1958,8,"022008",88.5
137.67,-34.37,1958,9,"022008",97.4
137.67,-34.37,1958,10,"022008",65.5
137.67,-34.37,1958,11,"022008",14.8
137.67,-34.37,1958,12,"022008",11.2
137.67,-34.37,1959,1,"022008",2.5
137.67,-34.37,1959,2,"022008",12
137.67,-34.37,1959,3,"022008",38.1
137.67,-34.37,1959,4,"022008",8.2
137.67,-34.37,1959,5,"022008",12.9
137.67,-34.37,1959,6,"022008",18.8
137.67,-34.37,1959,7,"022008",41.7
137.67,-34.37,1959,8,"022008",23.2
137.67,-34.37,1959,9,"022008",35.5
137.67,-34.37,1959,10,"022008",28.4
137.67,-34.37,1959,11,"022008",24.9
137.67,-34.37,1959,12,"022008",40.9
137.67,-34.37,1960,1,"022008",13.5
137.67,-34.37,1960,2,"022008",66.3
137.67,-34.37,1960,3,"022008",19.6
137.67,-34.37,1960,4,"022008",67.2
137.67,-34.37,1960,5,"022008",141.7
137.67,-34.37,1960,6,"022008",47.2
137.67,-34.37,1960,7,"022008",52.3
137.67,-34.37,1960,8,"022008",66.7
137.67,-34.37,1960,9,"022008",92.7
137.67,-34.37,1960,10,"022008",19.2
137.67,-34.37,1960,11,"022008",33.3
137.67,-34.37,1960,12,"022008",5.9
137.67,-34.37,1961,1,"022008",4.6
137.67,-34.37,1961,2,"022008",12.2
137.67,-34.37,1961,3,"022008",4.6
137.67,-34.37,1961,4,"022008",134.2
137.67,-34.37,1961,5,"022008",28
137.67,-34.37,1961,6,"022008",38.9
137.67,-34.37,1961,7,"022008",65.6
137.67,-34.37,1961,8,"022008",62.8
137.67,-34.37,1961,9,"022008",39.6
137.67,-34.37,1961,10,"022008",8.3
137.67,-34.37,1961,11,"022008",35
137.67,-34.37,1961,12,"022008",6.4
137.67,-34.37,1962,1,"022008",7.7
137.67,-34.37,1962,2,"022008",11.8
137.67,-34.37,1962,3,"022008",32
137.67,-34.37,1962,4,"022008",3.4
137.67,-34.37,1962,5,"022008",116.2
137.67,-34.37,1962,6,"022008",39.5
137.67,-34.37,1962,7,"022008",44.4
137.67,-34.37,1962,8,"022008",45.5
137.67,-34.37,1962,9,"022008",23.7
137.67,-34.37,1962,10,"022008",82.5
137.67,-34.37,1962,11,"022008",12.9
137.67,-34.37,1962,12,"022008",49
137.67,-34.37,1963,1,"022008",35.7
137.67,-34.37,1963,2,"022008",10.7
137.67,-34.37,1963,3,"022008",2.6
137.67,-34.37,1963,4,"022008",58.7
137.67,-34.37,1963,5,"022008",79.9
137.67,-34.37,1963,6,"022008",113.5
137.67,-34.37,1963,7,"022008",134.2
137.67,-34.37,1963,8,"022008",49.2
137.67,-34.37,1963,9,"022008",22.9
137.67,-34.37,1963,10,"022008",47.8
137.67,-34.37,1963,11,"022008",10.1
137.67,-34.37,1963,12,"022008",1
137.67,-34.37,1964,1,"022008",14.8
137.67,-34.37,1964,2,"022008",12.7
137.67,-34.37,1964,3,"022008",1.8
137.67,-34.37,1964,4,"022008",36.4
137.67,-34.37,1964,5,"022008",43.7
137.67,-34.37,1964,6,"022008",36.7
137.67,-34.37,1964,7,"022008",89.6
137.67,-34.37,1964,8,"022008",35.4
137.67,-34.37,1964,9,"022008",83.6
137.67,-34.37,1964,10,"022008",57.8
137.67,-34.37,1964,11,"022008",109.8
137.67,-34.37,1964,12,"022008",21.6
137.67,-34.37,1965,1,"022008",1.8
137.67,-34.37,1965,2,"022008",0
137.67,-34.37,1965,3,"022008",8.7
137.67,-34.37,1965,4,"022008",20.4
137.67,-34.37,1965,5,"022008",67.8
137.67,-34.37,1965,6,"022008",38.9
137.67,-34.37,1965,7,"022008",74.3
137.67,-34.37,1965,8,"022008",40.2
137.67,-34.37,1965,9,"022008",34.6
137.67,-34.37,1965,10,"022008",5.1
137.67,-34.37,1965,11,"022008",29.7
137.67,-34.37,1965,12,"022008",14.9
137.67,-34.37,1966,1,"022008",5.6
137.67,-34.37,1966,2,"022008",16.9
137.67,-34.37,1966,3,"022008",31.9
137.67,-34.37,1966,4,"022008",5.7
137.67,-34.37,1966,5,"022008",61.1
137.67,-34.37,1966,6,"022008",78.2
137.67,-34.37,1966,7,"022008",81.9
137.67,-34.37,1966,8,"022008",36.6
137.67,-34.37,1966,9,"022008",65.6
137.67,-34.37,1966,10,"022008",38
137.67,-34.37,1966,11,"022008",25.7
137.67,-34.37,1966,12,"022008",61.9
137.67,-34.37,1967,1,"022008",15.7
137.67,-34.37,1967,2,"022008",71.5
137.67,-34.37,1967,3,"022008",1.8
137.67,-34.37,1967,4,"022008",7
137.67,-34.37,1967,5,"022008",26.3
137.67,-34.37,1967,6,"022008",13.6
137.67,-34.37,1967,7,"022008",60.6
137.67,-34.37,1967,8,"022008",92.1
137.67,-34.37,1967,9,"022008",24.8
137.67,-34.37,1967,10,"022008",24.4
137.67,-34.37,1967,11,"022008",2.3
137.67,-34.37,1967,12,"022008",11.7
137.67,-34.37,1968,1,"022008",26.1
137.67,-34.37,1968,2,"022008",31.2
137.67,-34.37,1968,3,"022008",62.5
137.67,-34.37,1968,4,"022008",69.2
137.67,-34.37,1968,5,"022008",127
137.67,-34.37,1968,6,"022008",82.5
137.67,-34.37,1968,7,"022008",55.6
137.67,-34.37,1968,8,"022008",81.3
137.67,-34.37,1968,9,"022008",27.5
137.67,-34.37,1968,10,"022008",78
137.67,-34.37,1968,11,"022008",31.1
137.67,-34.37,1968,12,"022008",43.7
137.67,-34.37,1969,1,"022008",9.6
137.67,-34.37,1969,2,"022008",97.5
137.67,-34.37,1969,3,"022008",22.8
137.67,-34.37,1969,4,"022008",27.3
137.67,-34.37,1969,5,"022008",53.9
137.67,-34.37,1969,6,"022008",37.9
137.67,-34.37,1969,7,"022008",97.2
137.67,-34.37,1969,8,"022008",44.8
137.67,-34.37,1969,9,"022008",72.1
137.67,-34.37,1969,10,"022008",6.5
137.67,-34.37,1969,11,"022008",14.4
137.67,-34.37,1969,12,"022008",31.5
137.67,-34.37,1970,1,"022008",18.9
137.67,-34.37,1970,2,"022008",0
137.67,-34.37,1970,3,"022008",13.1
137.67,-34.37,1970,4,"022008",43.9
137.67,-34.37,1970,5,"022008",62
137.67,-34.37,1970,6,"022008",56.3
137.67,-34.37,1970,7,"022008",75.5
137.67,-34.37,1970,8,"022008",77.3
137.67,-34.37,1970,9,"022008",65.2
137.67,-34.37,1970,10,"022008",7.7
137.67,-34.37,1970,11,"022008",25.9
137.67,-34.37,1970,12,"022008",37.9
137.67,-34.37,1971,1,"022008",7.1
137.67,-34.37,1971,2,"022008",3.1
137.67,-34.37,1971,3,"022008",26.5
137.67,-34.37,1971,4,"022008",117.6
137.67,-34.37,1971,5,"022008",103.6
137.67,-34.37,1971,6,"022008",70.5
137.67,-34.37,1971,7,"022008",46.7
137.67,-34.37,1971,8,"022008",101.9
137.67,-34.37,1971,9,"022008",51.4
137.67,-34.37,1971,10,"022008",18.7
137.67,-34.37,1971,11,"022008",46.7
137.67,-34.37,1971,12,"022008",44.2
137.67,-34.37,1972,1,"022008",65.1
137.67,-34.37,1972,2,"022008",58.2
137.67,-34.37,1972,3,"022008",0.6
137.67,-34.37,1972,4,"022008",26.7
137.67,-34.37,1972,5,"022008",21.5
137.67,-34.37,1972,6,"022008",30.1
137.67,-34.37,1972,7,"022008",75.2
137.67,-34.37,1972,8,"022008",104
137.67,-34.37,1972,9,"022008",27.7
137.67,-34.37,1972,10,"022008",24.3
137.67,-34.37,1972,11,"022008",10.4
137.67,-34.37,1972,12,"022008",19.6
137.67,-34.37,1973,1,"022008",15.9
137.67,-34.37,1973,2,"022008",48.3
137.67,-34.37,1973,3,"022008",32.6
137.67,-34.37,1973,4,"022008",35.4
137.67,-34.37,1973,5,"022008",46.5
137.67,-34.37,1973,6,"022008",103.5
137.67,-34.37,1973,7,"022008",78.4
137.67,-34.37,1973,8,"022008",81.2
137.67,-34.37,1973,9,"022008",60.9
137.67,-34.37,1973,10,"022008",44.4
137.67,-34.37,1973,11,"022008",19.1
137.67,-34.37,1973,12,"022008",30.9
137.67,-34.37,1974,1,"022008",41.2
137.67,-34.37,1974,2,"022008",40.1
137.67,-34.37,1974,3,"022008",10.2
137.67,-34.37,1974,4,"022008",73
137.67,-34.37,1974,5,"022008",76.4
137.67,-34.37,1974,6,"022008",26
137.67,-34.37,1974,7,"022008",96.6
137.67,-34.37,1974,8,"022008",33.8
137.67,-34.37,1974,9,"022008",59.7
137.67,-34.37,1974,10,"022008",94
137.67,-34.37,1974,11,"022008",7.2
137.67,-34.37,1974,12,"022008",NA
137.67,-34.37,1997,1,"022008",NA
137.67,-34.37,1997,2,"022008",NA
137.67,-34.37,1997,3,"022008",NA
137.67,-34.37,1997,4,"022008",NA
137.67,-34.37,1997,5,"022008",NA
137.67,-34.37,1997,6,"022008",NA
137.67,-34.37,1997,7,"022008",NA
137.67,-34.37,1997,8,"022008",NA
137.67,-34.37,1997,9,"022008",NA
137.67,-34.37,1997,10,"022008",NA
137.67,-34.37,1997,11,"022008",NA
137.67,-34.37,1997,12,"022008",51.8
137.67,-34.37,1998,1,"022008",5
137.67,-34.37,1998,2,"022008",22.8
137.67,-34.37,1998,3,"022008",6.6
137.67,-34.37,1998,4,"022008",79
137.67,-34.37,1998,5,"022008",20
137.67,-34.37,1998,6,"022008",79.6
137.67,-34.37,1998,7,"022008",57.6
137.67,-34.37,1998,8,"022008",52.4
137.67,-34.37,1998,9,"022008",42.2
137.67,-34.37,1998,10,"022008",29.4
137.67,-34.37,1998,11,"022008",33.4
137.67,-34.37,1998,12,"022008",9.2
137.67,-34.37,1999,1,"022008",8.6
137.67,-34.37,1999,2,"022008",2.6
137.67,-34.37,1999,3,"022008",46.8
137.67,-34.37,1999,4,"022008",6.2
137.67,-34.37,1999,5,"022008",102.2
137.67,-34.37,1999,6,"022008",48
137.67,-34.37,1999,7,"022008",40.6
137.67,-34.37,1999,8,"022008",33.4
137.67,-34.37,1999,9,"022008",79.6
137.67,-34.37,1999,10,"022008",28.2
137.67,-34.37,1999,11,"022008",20
137.67,-34.37,1999,12,"022008",44.6
137.67,-34.37,2000,1,"022008",4
137.67,-34.37,2000,2,"022008",108.4
137.67,-34.37,2000,3,"022008",24.6
137.67,-34.37,2000,4,"022008",51.6
137.67,-34.37,2000,5,"022008",62.4
137.67,-34.37,2000,6,"022008",73
137.67,-34.37,2000,7,"022008",61.6
137.67,-34.37,2000,8,"022008",67
137.67,-34.37,2000,9,"022008",48.6
137.67,-34.37,2000,10,"022008",97.6
137.67,-34.37,2000,11,"022008",4
137.67,-34.37,2000,12,"022008",5.6
137.67,-34.37,2001,1,"022008",4.4
137.67,-34.37,2001,2,"022008",16.6
137.67,-34.37,2001,3,"022008",42.8
137.67,-34.37,2001,4,"022008",7.6
137.67,-34.37,2001,5,"022008",81.6
137.67,-34.37,2001,6,"022008",72.4
137.67,-34.37,2001,7,"022008",58.8
137.67,-34.37,2001,8,"022008",79.8
137.67,-34.37,2001,9,"022008",75
137.67,-34.37,2001,10,"022008",68.8
137.67,-34.37,2001,11,"022008",29.6
137.67,-34.37,2001,12,"022008",18.8
137.67,-34.37,2002,1,"022008",15.8
137.67,-34.37,2002,2,"022008",0.2
137.67,-34.37,2002,3,"022008",9
137.67,-34.37,2002,4,"022008",6
137.67,-34.37,2002,5,"022008",38.2
137.67,-34.37,2002,6,"022008",61
137.67,-34.37,2002,7,"022008",71.8
137.67,-34.37,2002,8,"022008",35.8
137.67,-34.37,2002,9,"022008",37.8
137.67,-34.37,2002,10,"022008",31.8
137.67,-34.37,2002,11,"022008",37.8
137.67,-34.37,2002,12,"022008",7
137.67,-34.37,2003,1,"022008",20
137.67,-34.37,2003,2,"022008",42
137.67,-34.37,2003,3,"022008",3.2
137.67,-34.37,2003,4,"022008",13.6
137.67,-34.37,2003,5,"022008",50.4
137.67,-34.37,2003,6,"022008",103.8
137.67,-34.37,2003,7,"022008",54.4
137.67,-34.37,2003,8,"022008",82.4
137.67,-34.37,2003,9,"022008",35.6
137.67,-34.37,2003,10,"022008",43.4
137.67,-34.37,2003,11,"022008",12.8
137.67,-34.37,2003,12,"022008",11.8
137.67,-34.37,2004,1,"022008",13.8
137.67,-34.37,2004,2,"022008",10.2
137.67,-34.37,2004,3,"022008",17.6
137.67,-34.37,2004,4,"022008",12.6
137.67,-34.37,2004,5,"022008",53.7
137.67,-34.37,2004,6,"022008",89.7
137.67,-34.37,2004,7,"022008",69.4
137.67,-34.37,2004,8,"022008",76.8
137.67,-34.37,2004,9,"022008",52
137.67,-34.37,2004,10,"022008",5.2
137.67,-34.37,2004,11,"022008",41.6
137.67,-34.37,2004,12,"022008",40.4
137.67,-34.37,2005,1,"022008",12
137.67,-34.37,2005,2,"022008",9.8
137.67,-34.37,2005,3,"022008",9.2
137.67,-34.37,2005,4,"022008",12.2
137.67,-34.37,2005,5,"022008",6.6
137.67,-34.37,2005,6,"022008",88.8
137.67,-34.37,2005,7,"022008",41.4
137.67,-34.37,2005,8,"022008",47.2
137.67,-34.37,2005,9,"022008",64.2
137.67,-34.37,2005,10,"022008",88.6
137.67,-34.37,2005,11,"022008",64.8
137.67,-34.37,2005,12,"022008",43.6
137.67,-34.37,2006,1,"022008",21.6
137.67,-34.37,2006,2,"022008",17.2
137.67,-34.37,2006,3,"022008",27.8
137.67,-34.37,2006,4,"022008",42.4
137.67,-34.37,2006,5,"022008",43.6
137.67,-34.37,2006,6,"022008",58.6
137.67,-34.37,2006,7,"022008",49.2
137.67,-34.37,2006,8,"022008",9.2
137.67,-34.37,2006,9,"022008",9.6
137.67,-34.37,2006,10,"022008",1.8
137.67,-34.37,2006,11,"022008",21.2
137.67,-34.37,2006,12,"022008",17.4
137.67,-34.37,2007,1,"022008",34.4
137.67,-34.37,2007,2,"022008",0
137.67,-34.37,2007,3,"022008",41
137.67,-34.37,2007,4,"022008",106.4
137.67,-34.37,2007,5,"022008",62.4
137.67,-34.37,2007,6,"022008",48.6
137.67,-34.37,2007,7,"022008",48.4
137.67,-34.37,2007,8,"022008",17.1
137.67,-34.37,2007,9,"022008",23.6
137.67,-34.37,2007,10,"022008",19
137.67,-34.37,2007,11,"022008",47
137.67,-34.37,2007,12,"022008",38.2
137.67,-34.37,2008,1,"022008",6
137.67,-34.37,2008,2,"022008",1.2
137.67,-34.37,2008,3,"022008",10.6
137.67,-34.37,2008,4,"022008",65.5
137.67,-34.37,2008,5,"022008",49.6
137.67,-34.37,2008,6,"022008",23
137.67,-34.37,2008,7,"022008",87.2
137.67,-34.37,2008,8,"022008",53.5
137.67,-34.37,2008,9,"022008",27.7
137.67,-34.37,2008,10,"022008",3.2
137.67,-34.37,2008,11,"022008",8.1
137.67,-34.37,2008,12,"022008",51.1
137.67,-34.37,2009,1,"022008",0.6
137.67,-34.37,2009,2,"022008",1
137.67,-34.37,2009,3,"022008",15
137.67,-34.37,2009,4,"022008",73.8
137.67,-34.37,2009,5,"022008",49.2
137.67,-34.37,2009,6,"022008",116.2
137.67,-34.37,2009,7,"022008",80.4
137.67,-34.37,2009,8,"022008",37
137.67,-34.37,2009,9,"022008",71.6
137.67,-34.37,2009,10,"022008",31.6
137.67,-34.37,2009,11,"022008",45.8
137.67,-34.37,2009,12,"022008",14.2
137.67,-34.37,2010,1,"022008",22.8
137.67,-34.37,2010,2,"022008",1.8
137.67,-34.37,2010,3,"022008",51.6
137.67,-34.37,2010,4,"022008",39.8
137.67,-34.37,2010,5,"022008",43.6
137.67,-34.37,2010,6,"022008",67.2
137.67,-34.37,2010,7,"022008",46.8
137.67,-34.37,2010,8,"022008",93.8
137.67,-34.37,2010,9,"022008",95.6
137.67,-34.37,2010,10,"022008",49.6
137.67,-34.37,2010,11,"022008",20.6
137.67,-34.37,2010,12,"022008",54.2
137.67,-34.37,2011,1,"022008",3.2
137.67,-34.37,2011,2,"022008",57.6
137.67,-34.37,2011,3,"022008",65
137.67,-34.37,2011,4,"022008",NA
137.67,-34.37,2011,5,"022008",63.2
137.67,-34.37,2011,6,"022008",46.6
137.67,-34.37,2011,7,"022008",64
137.67,-34.37,2011,8,"022008",59.4
137.67,-34.37,2011,9,"022008",32.8
137.67,-34.37,2011,10,"022008",51
137.67,-34.37,2011,11,"022008",8.4
137.67,-34.37,2011,12,"022008",62
137.67,-34.37,2012,1,"022008",10
137.67,-34.37,2012,2,"022008",12
137.67,-34.37,2012,3,"022008",29.2
137.67,-34.37,2012,4,"022008",25.8
137.67,-34.37,2012,5,"022008",71.8
137.67,-34.37,2012,6,"022008",106.8
137.67,-34.37,2012,7,"022008",63.2
137.67,-34.37,2012,8,"022008",55.6
137.67,-34.37,2012,9,"022008",28.8
137.67,-34.37,2012,10,"022008",25.2
137.67,-34.37,2012,11,"022008",12
137.67,-34.37,2012,12,"022008",7
137.67,-34.37,2013,1,"022008",15.8
137.67,-34.37,2013,2,"022008",18.2
137.67,-34.37,2013,3,"022008",25
137.67,-34.37,2013,4,"022008",33.2
137.67,-34.37,2013,5,"022008",68.4
137.67,-34.37,2013,6,"022008",85.2
137.67,-34.37,2013,7,"022008",108.4
137.67,-34.37,2013,8,"022008",74.2
137.67,-34.37,2013,9,"022008",54.2
137.67,-34.37,2013,10,"022008",25.8
137.67,-34.37,2013,11,"022008",8
137.67,-34.37,2013,12,"022008",20.8
137.67,-34.37,2014,1,"022008",4
137.67,-34.37,2014,2,"022008",71
137.67,-34.37,2014,3,"022008",27.6
137.67,-34.37,2014,4,"022008",45.4
137.67,-34.37,2014,5,"022008",64.2
137.67,-34.37,2014,6,"022008",100.9
137.67,-34.37,2014,7,"022008",67.2
137.67,-34.37,2014,8,"022008",13.6
137.67,-34.37,2014,9,"022008",20.6
137.67,-34.37,2014,10,"022008",3
137.67,-34.37,2014,11,"022008",26
137.67,-34.37,2014,12,"022008",16.4
137.67,-34.37,2015,1,"022008",38
137.67,-34.37,2015,2,"022008",0
137.67,-34.37,2015,3,"022008",6.8
137.67,-34.37,2015,4,"022008",56.1
137.67,-34.37,2015,5,"022008",57
137.67,-34.37,2015,6,"022008",21
137.67,-34.37,2015,7,"022008",59.6
137.67,-34.37,2015,8,"022008",67
137.67,-34.37,2015,9,"022008",26
137.67,-34.37,2015,10,"022008",NA
137.67,-34.37,2015,11,"022008",32.2
137.67,-34.37,2015,12,"022008",9.6
137.67,-34.37,2016,1,"022008",47.6
137.67,-34.37,2016,2,"022008",12.4
137.67,-34.37,2016,3,"022008",29.8
137.67,-34.37,2016,4,"022008",17.4
137.67,-34.37,2016,5,"022008",115.1
137.67,-34.37,2016,6,"022008",98
137.67,-34.37,2016,7,"022008",85
137.67,-34.37,2016,8,"022008",82.4
137.67,-34.37,2016,9,"022008",125
137.67,-34.37,2016,10,"022008",50.8
137.67,-34.37,2016,11,"022008",21.6
137.67,-34.37,2016,12,"022008",69.8
137.67,-34.37,2017,1,"022008",45.6
137.67,-34.37,2017,2,"022008",30.6
137.67,-34.37,2017,3,"022008",11.2
137.67,-34.37,2017,4,"022008",31.2
137.67,-34.37,2017,5,"022008",31.6
137.67,-34.37,2017,6,"022008",11.2
137.67,-34.37,2017,7,"022008",99.6
137.67,-34.37,2017,8,"022008",94
137.67,-34.37,2017,9,"022008",41.6
137.67,-34.37,2017,10,"022008",36.4
137.67,-34.37,2017,11,"022008",12.4
137.67,-34.37,2017,12,"022008",44.4
137.67,-34.37,2018,1,"022008",13.4
137.67,-34.37,2018,2,"022008",12.4
137.67,-34.37,2018,3,"022008",NA
137.67,-34.37,2018,4,"022008",19.8
137.67,-34.37,2018,5,"022008",50
137.67,-34.37,2018,6,"022008",51
137.67,-34.37,2018,7,"022008",54.4
137.67,-34.37,2018,8,"022008",102.2
137.67,-34.37,2018,9,"022008",21.7
137.67,-34.37,2018,10,"022008",27.3
137.67,-34.37,2018,11,"022008",54.8
137.67,-34.37,2018,12,"022008",18.8
137.67,-34.37,2019,1,"022008",0
137.67,-34.37,2019,2,"022008",2.6
137.67,-34.37,2019,3,"022008",4.4
137.67,-34.37,2019,4,"022008",5
137.67,-34.37,2019,5,"022008",76.2
137.67,-34.37,2019,6,"022008",71.4
137.67,-34.37,2019,7,"022008",36.8
137.67,-34.37,2019,8,"022008",41.4
137.67,-34.37,2019,9,"022008",15
137.67,-34.37,2019,10,"022008",7.4
137.67,-34.37,2019,11,"022008",19.2
137.67,-34.37,2019,12,"022008",11
137.67,-34.37,2020,1,"022008",18.8
137.67,-34.37,2020,2,"022008",33.4
137.67,-34.37,2020,3,"022008",3.6
137.67,-34.37,2020,4,"022008",95.1
137.67,-34.37,2020,5,"022008",46.8
137.67,-34.37,2020,6,"022008",54
137.67,-34.37,2020,7,"022008",29.4
137.67,-34.37,2020,8,"022008",66.8
137.67,-34.37,2020,9,"022008",43.6
137.67,-34.37,2020,10,"022008",82
137.67,-34.37,2020,11,"022008",15
137.67,-34.37,2020,12,"022008",24
137.67,-34.37,2021,1,"022008",16
137.67,-34.37,2021,2,"022008",26.6
137.67,-34.37,2021,3,"022008",28.4
137.67,-34.37,2021,4,"022008",15.2
137.67,-34.37,2021,5,"022008",NA
137.67,-34.37,2021,6,"022008",4.2
137.67,-34.37,2021,7,"022008",88
137.67,-34.37,2021,8,"022008",50.4
137.67,-34.37,2021,9,"022008",14.4
137.67,-34.37,2021,10,"022008",46.6
137.67,-34.37,2021,11,"022008",48.8
137.67,-34.37,2021,12,"022008",0.5
137.67,-34.37,2022,1,"022008",66.5
137.67,-34.37,2022,2,"022008",17.6
137.67,-34.37,2022,3,"022008",NA
137.67,-34.37,2022,4,"022008",NA
137.67,-34.37,2022,5,"022008",NA
137.67,-34.37,2022,6,"022008",NA
137.67,-34.37,2022,7,"022008",NA
137.67,-34.37,2022,8,"022008",NA
137.67,-34.37,2022,9,"022008",NA
137.67,-34.37,2022,10,"022008",NA
137.67,-34.37,2022,11,"022008",NA
137.67,-34.37,2022,12,"022008",NA
