"Lon","Lat","Year","Month","Station","Rain"
152.05,-27.69,1990,1,"040883",99.2
152.05,-27.69,1990,2,"040883",89.9
152.05,-27.69,1990,3,"040883",80.2
152.05,-27.69,1990,4,"040883",144.2
152.05,-27.69,1990,5,"040883",107.2
152.05,-27.69,1990,6,"040883",28
152.05,-27.69,1990,7,"040883",21.7
152.05,-27.69,1990,8,"040883",28.7
152.05,-27.69,1990,9,"040883",9.5
152.05,-27.69,1990,10,"040883",49
152.05,-27.69,1990,11,"040883",41.3
152.05,-27.69,1990,12,"040883",23.4
152.05,-27.69,1991,1,"040883",191.4
152.05,-27.69,1991,2,"040883",121
152.05,-27.69,1991,3,"040883",9
152.05,-27.69,1991,4,"040883",0
152.05,-27.69,1991,5,"040883",47
152.05,-27.69,1991,6,"040883",13
152.05,-27.69,1991,7,"040883",27
152.05,-27.69,1991,8,"040883",0
152.05,-27.69,1991,9,"040883",1
152.05,-27.69,1991,10,"040883",68.5
152.05,-27.69,1991,11,"040883",41
152.05,-27.69,1991,12,"040883",212
152.05,-27.69,1992,1,"040883",170
152.05,-27.69,1992,2,"040883",216
152.05,-27.69,1992,3,"040883",52.5
152.05,-27.69,1992,4,"040883",37.5
152.05,-27.69,1992,5,"040883",91
152.05,-27.69,1992,6,"040883",37.5
152.05,-27.69,1992,7,"040883",32.5
152.05,-27.69,1992,8,"040883",26
152.05,-27.69,1992,9,"040883",37.5
152.05,-27.69,1992,10,"040883",24
152.05,-27.69,1992,11,"040883",103.5
152.05,-27.69,1992,12,"040883",60
152.05,-27.69,1993,1,"040883",89
152.05,-27.69,1993,2,"040883",23
152.05,-27.69,1993,3,"040883",9
152.05,-27.69,1993,4,"040883",0
152.05,-27.69,1993,5,"040883",47
152.05,-27.69,1993,6,"040883",7.5
152.05,-27.69,1993,7,"040883",81.5
152.05,-27.69,1993,8,"040883",24.5
152.05,-27.69,1993,9,"040883",54
152.05,-27.69,1993,10,"040883",71.5
152.05,-27.69,1993,11,"040883",NA
152.05,-27.69,1993,12,"040883",86.5
152.05,-27.69,1994,1,"040883",28.5
152.05,-27.69,1994,2,"040883",89.5
152.05,-27.69,1994,3,"040883",179.6
152.05,-27.69,1994,4,"040883",9.6
152.05,-27.69,1994,5,"040883",7.6
152.05,-27.69,1994,6,"040883",10
152.05,-27.69,1994,7,"040883",7
152.05,-27.69,1994,8,"040883",1.4
152.05,-27.69,1994,9,"040883",5.4
152.05,-27.69,1994,10,"040883",23.4
152.05,-27.69,1994,11,"040883",25.4
152.05,-27.69,1994,12,"040883",69.8
152.05,-27.69,1995,1,"040883",62
152.05,-27.69,1995,2,"040883",137.8
152.05,-27.69,1995,3,"040883",53
152.05,-27.69,1995,4,"040883",9.6
152.05,-27.69,1995,5,"040883",35.2
152.05,-27.69,1995,6,"040883",36.4
152.05,-27.69,1995,7,"040883",8
152.05,-27.69,1995,8,"040883",15.6
152.05,-27.69,1995,9,"040883",26.8
152.05,-27.69,1995,10,"040883",77.6
152.05,-27.69,1995,11,"040883",254.4
152.05,-27.69,1995,12,"040883",167.8
152.05,-27.69,1996,1,"040883",201.8
152.05,-27.69,1996,2,"040883",41
152.05,-27.69,1996,3,"040883",10.6
152.05,-27.69,1996,4,"040883",24.8
152.05,-27.69,1996,5,"040883",425
152.05,-27.69,1996,6,"040883",17.6
152.05,-27.69,1996,7,"040883",37
152.05,-27.69,1996,8,"040883",41.8
152.05,-27.69,1996,9,"040883",46.8
152.05,-27.69,1996,10,"040883",53.6
152.05,-27.69,1996,11,"040883",62.8
152.05,-27.69,1996,12,"040883",95.8
152.05,-27.69,1997,1,"040883",39
152.05,-27.69,1997,2,"040883",285.2
152.05,-27.69,1997,3,"040883",7.6
152.05,-27.69,1997,4,"040883",11
152.05,-27.69,1997,5,"040883",53.6
152.05,-27.69,1997,6,"040883",6.8
152.05,-27.69,1997,7,"040883",8.6
152.05,-27.69,1997,8,"040883",10.6
152.05,-27.69,1997,9,"040883",76.8
152.05,-27.69,1997,10,"040883",122.4
152.05,-27.69,1997,11,"040883",102
152.05,-27.69,1997,12,"040883",134.8
152.05,-27.69,1998,1,"040883",165
152.05,-27.69,1998,2,"040883",55.2
152.05,-27.69,1998,3,"040883",4.2
152.05,-27.69,1998,4,"040883",54
152.05,-27.69,1998,5,"040883",75.2
152.05,-27.69,1998,6,"040883",30.8
152.05,-27.69,1998,7,"040883",61.2
152.05,-27.69,1998,8,"040883",43.8
152.05,-27.69,1998,9,"040883",92.2
152.05,-27.69,1998,10,"040883",27.2
152.05,-27.69,1998,11,"040883",91.4
152.05,-27.69,1998,12,"040883",55.4
152.05,-27.69,1999,1,"040883",94
152.05,-27.69,1999,2,"040883",169.8
152.05,-27.69,1999,3,"040883",77.2
152.05,-27.69,1999,4,"040883",6.4
152.05,-27.69,1999,5,"040883",38.4
152.05,-27.69,1999,6,"040883",17
152.05,-27.69,1999,7,"040883",67.8
152.05,-27.69,1999,8,"040883",39.2
152.05,-27.69,1999,9,"040883",32.2
152.05,-27.69,1999,10,"040883",95.6
152.05,-27.69,1999,11,"040883",NA
152.05,-27.69,1999,12,"040883",145.8
152.05,-27.69,2000,1,"040883",119.6
152.05,-27.69,2000,2,"040883",42.6
152.05,-27.69,2000,3,"040883",29.6
152.05,-27.69,2000,4,"040883",12.8
152.05,-27.69,2000,5,"040883",35.8
152.05,-27.69,2000,6,"040883",32.4
152.05,-27.69,2000,7,"040883",4
152.05,-27.69,2000,8,"040883",8.4
152.05,-27.69,2000,9,"040883",3
152.05,-27.69,2000,10,"040883",33.6
152.05,-27.69,2000,11,"040883",100.8
152.05,-27.69,2000,12,"040883",123.8
152.05,-27.69,2001,1,"040883",27
152.05,-27.69,2001,2,"040883",282
152.05,-27.69,2001,3,"040883",68.4
152.05,-27.69,2001,4,"040883",39.6
152.05,-27.69,2001,5,"040883",28.8
152.05,-27.69,2001,6,"040883",11.8
152.05,-27.69,2001,7,"040883",58.4
152.05,-27.69,2001,8,"040883",10.4
152.05,-27.69,2001,9,"040883",9.6
152.05,-27.69,2001,10,"040883",76.4
152.05,-27.69,2001,11,"040883",211.6
152.05,-27.69,2001,12,"040883",120
152.05,-27.69,2002,1,"040883",40.4
152.05,-27.69,2002,2,"040883",57.6
152.05,-27.69,2002,3,"040883",154
152.05,-27.69,2002,4,"040883",5.2
152.05,-27.69,2002,5,"040883",12.4
152.05,-27.69,2002,6,"040883",54.8
152.05,-27.69,2002,7,"040883",0.4
152.05,-27.69,2002,8,"040883",56
152.05,-27.69,2002,9,"040883",14.8
152.05,-27.69,2002,10,"040883",35
152.05,-27.69,2002,11,"040883",90.2
152.05,-27.69,2002,12,"040883",149.8
152.05,-27.69,2003,1,"040883",18
152.05,-27.69,2003,2,"040883",138.2
152.05,-27.69,2003,3,"040883",70.4
152.05,-27.69,2003,4,"040883",50.8
152.05,-27.69,2003,5,"040883",40.6
152.05,-27.69,2003,6,"040883",59.6
152.05,-27.69,2003,7,"040883",15
152.05,-27.69,2003,8,"040883",9.4
152.05,-27.69,2003,9,"040883",5.4
152.05,-27.69,2003,10,"040883",91
152.05,-27.69,2003,11,"040883",16.2
152.05,-27.69,2003,12,"040883",186.4
152.05,-27.69,2004,1,"040883",191.4
152.05,-27.69,2004,2,"040883",148.6
152.05,-27.69,2004,3,"040883",115.6
152.05,-27.69,2004,4,"040883",35.4
152.05,-27.69,2004,5,"040883",7.8
152.05,-27.69,2004,6,"040883",0.6
152.05,-27.69,2004,7,"040883",7.4
152.05,-27.69,2004,8,"040883",17.2
152.05,-27.69,2004,9,"040883",15
152.05,-27.69,2004,10,"040883",48.6
152.05,-27.69,2004,11,"040883",131.2
152.05,-27.69,2004,12,"040883",145
152.05,-27.69,2005,1,"040883",115.4
152.05,-27.69,2005,2,"040883",28.4
152.05,-27.69,2005,3,"040883",15.8
152.05,-27.69,2005,4,"040883",10.8
152.05,-27.69,2005,5,"040883",21
152.05,-27.69,2005,6,"040883",100.4
152.05,-27.69,2005,7,"040883",3
152.05,-27.69,2005,8,"040883",10.8
152.05,-27.69,2005,9,"040883",48.2
152.05,-27.69,2005,10,"040883",231.8
152.05,-27.69,2005,11,"040883",135
152.05,-27.69,2005,12,"040883",44.6
152.05,-27.69,2006,1,"040883",110
152.05,-27.69,2006,2,"040883",59.6
152.05,-27.69,2006,3,"040883",28
152.05,-27.69,2006,4,"040883",32.4
152.05,-27.69,2006,5,"040883",17.6
152.05,-27.69,2006,6,"040883",12.2
152.05,-27.69,2006,7,"040883",74.2
152.05,-27.69,2006,8,"040883",NA
152.05,-27.69,2006,9,"040883",52.4
152.05,-27.69,2006,10,"040883",10
152.05,-27.69,2006,11,"040883",94.6
152.05,-27.69,2006,12,"040883",140.4
152.05,-27.69,2007,1,"040883",14.2
152.05,-27.69,2007,2,"040883",40.2
152.05,-27.69,2007,3,"040883",51
152.05,-27.69,2007,4,"040883",11.8
152.05,-27.69,2007,5,"040883",17.2
152.05,-27.69,2007,6,"040883",82.4
152.05,-27.69,2007,7,"040883",0.4
152.05,-27.69,2007,8,"040883",79
152.05,-27.69,2007,9,"040883",42.8
152.05,-27.69,2007,10,"040883",67.2
152.05,-27.69,2007,11,"040883",NA
152.05,-27.69,2007,12,"040883",86.2
152.05,-27.69,2008,1,"040883",46.4
152.05,-27.69,2008,2,"040883",NA
152.05,-27.69,2008,3,"040883",44.6
152.05,-27.69,2008,4,"040883",38.8
152.05,-27.69,2008,5,"040883",5.4
152.05,-27.69,2008,6,"040883",57.4
152.05,-27.69,2008,7,"040883",79.4
152.05,-27.69,2008,8,"040883",4.6
152.05,-27.69,2008,9,"040883",44.2
152.05,-27.69,2008,10,"040883",27.8
152.05,-27.69,2008,11,"040883",232.6
152.05,-27.69,2008,12,"040883",114.8
152.05,-27.69,2009,1,"040883",111.4
152.05,-27.69,2009,2,"040883",114.8
152.05,-27.69,2009,3,"040883",35.8
152.05,-27.69,2009,4,"040883",81.8
152.05,-27.69,2009,5,"040883",88.6
152.05,-27.69,2009,6,"040883",47
152.05,-27.69,2009,7,"040883",3.4
152.05,-27.69,2009,8,"040883",4.8
152.05,-27.69,2009,9,"040883",31.6
152.05,-27.69,2009,10,"040883",NA
152.05,-27.69,2009,11,"040883",65.2
152.05,-27.69,2009,12,"040883",NA
152.05,-27.69,2010,1,"040883",76.8
152.05,-27.69,2010,2,"040883",208.4
152.05,-27.69,2010,3,"040883",159.4
152.05,-27.69,2010,4,"040883",34.4
152.05,-27.69,2010,5,"040883",31.2
152.05,-27.69,2010,6,"040883",2.4
152.05,-27.69,2010,7,"040883",32.8
152.05,-27.69,2010,8,"040883",58.2
152.05,-27.69,2010,9,"040883",87
152.05,-27.69,2010,10,"040883",108
152.05,-27.69,2010,11,"040883",101.2
152.05,-27.69,2010,12,"040883",449.6
152.05,-27.69,2011,1,"040883",337.8
152.05,-27.69,2011,2,"040883",127.4
152.05,-27.69,2011,3,"040883",138
152.05,-27.69,2011,4,"040883",73.4
152.05,-27.69,2011,5,"040883",NA
152.05,-27.69,2011,6,"040883",13.2
152.05,-27.69,2011,7,"040883",14.6
152.05,-27.69,2011,8,"040883",60.6
152.05,-27.69,2011,9,"040883",18.6
152.05,-27.69,2011,10,"040883",NA
152.05,-27.69,2011,11,"040883",52.4
152.05,-27.69,2011,12,"040883",202.8
152.05,-27.69,2012,1,"040883",89.6
152.05,-27.69,2012,2,"040883",129.8
152.05,-27.69,2012,3,"040883",87.2
152.05,-27.69,2012,4,"040883",42.8
152.05,-27.69,2012,5,"040883",17
152.05,-27.69,2012,6,"040883",103.4
152.05,-27.69,2012,7,"040883",47.4
152.05,-27.69,2012,8,"040883",NA
152.05,-27.69,2012,9,"040883",30.8
152.05,-27.69,2012,10,"040883",25.4
152.05,-27.69,2012,11,"040883",68
152.05,-27.69,2012,12,"040883",57.8
152.05,-27.69,2013,1,"040883",335.2
152.05,-27.69,2013,2,"040883",184
152.05,-27.69,2013,3,"040883",120.4
152.05,-27.69,2013,4,"040883",26.4
152.05,-27.69,2013,5,"040883",32
152.05,-27.69,2013,6,"040883",55.6
152.05,-27.69,2013,7,"040883",32.8
152.05,-27.69,2013,8,"040883",5.4
152.05,-27.69,2013,9,"040883",22.6
152.05,-27.69,2013,10,"040883",36
152.05,-27.69,2013,11,"040883",132.8
152.05,-27.69,2013,12,"040883",27.2
152.05,-27.69,2014,1,"040883",47
152.05,-27.69,2014,2,"040883",48.8
152.05,-27.69,2014,3,"040883",184.4
152.05,-27.69,2014,4,"040883",9.2
152.05,-27.69,2014,5,"040883",25.4
152.05,-27.69,2014,6,"040883",21.4
152.05,-27.69,2014,7,"040883",6.2
152.05,-27.69,2014,8,"040883",48
152.05,-27.69,2014,9,"040883",15.2
152.05,-27.69,2014,10,"040883",17.8
152.05,-27.69,2014,11,"040883",68.4
152.05,-27.69,2014,12,"040883",240.2
152.05,-27.69,2015,1,"040883",124.4
152.05,-27.69,2015,2,"040883",79.8
152.05,-27.69,2015,3,"040883",29.8
152.05,-27.69,2015,4,"040883",42.2
152.05,-27.69,2015,5,"040883",89.4
152.05,-27.69,2015,6,"040883",15.8
152.05,-27.69,2015,7,"040883",8.4
152.05,-27.69,2015,8,"040883",21
152.05,-27.69,2015,9,"040883",41.6
152.05,-27.69,2015,10,"040883",69.6
152.05,-27.69,2015,11,"040883",136.6
152.05,-27.69,2015,12,"040883",106.8
152.05,-27.69,2016,1,"040883",47
152.05,-27.69,2016,2,"040883",76.8
152.05,-27.69,2016,3,"040883",78.8
152.05,-27.69,2016,4,"040883",17.4
152.05,-27.69,2016,5,"040883",18
152.05,-27.69,2016,6,"040883",81.6
152.05,-27.69,2016,7,"040883",36
152.05,-27.69,2016,8,"040883",43
152.05,-27.69,2016,9,"040883",77.4
152.05,-27.69,2016,10,"040883",63.6
152.05,-27.69,2016,11,"040883",75
152.05,-27.69,2016,12,"040883",29.8
152.05,-27.69,2017,1,"040883",83.2
152.05,-27.69,2017,2,"040883",24.8
152.05,-27.69,2017,3,"040883",19.2
152.05,-27.69,2017,4,"040883",NA
152.05,-27.69,2017,5,"040883",NA
152.05,-27.69,2017,6,"040883",NA
152.05,-27.69,2017,7,"040883",NA
152.05,-27.69,2017,8,"040883",NA
152.05,-27.69,2017,9,"040883",NA
152.05,-27.69,2017,10,"040883",NA
152.05,-27.69,2017,11,"040883",NA
152.05,-27.69,2017,12,"040883",NA
