"Lon","Lat","Year","Month","Station","Rain"
151.08,-30,1940,1,"056167",15.3
151.08,-30,1940,2,"056167",86.3
151.08,-30,1940,3,"056167",81.3
151.08,-30,1940,4,"056167",26.6
151.08,-30,1940,5,"056167",15.2
151.08,-30,1940,6,"056167",19
151.08,-30,1940,7,"056167",0
151.08,-30,1940,8,"056167",15.2
151.08,-30,1940,9,"056167",38.1
151.08,-30,1940,10,"056167",22.8
151.08,-30,1940,11,"056167",37.6
151.08,-30,1940,12,"056167",71.3
151.08,-30,1941,1,"056167",147.7
151.08,-30,1941,2,"056167",99.1
151.08,-30,1941,3,"056167",147.6
151.08,-30,1941,4,"056167",14
151.08,-30,1941,5,"056167",2.5
151.08,-30,1941,6,"056167",124.4
151.08,-30,1941,7,"056167",21.6
151.08,-30,1941,8,"056167",10.2
151.08,-30,1941,9,"056167",29.2
151.08,-30,1941,10,"056167",30.5
151.08,-30,1941,11,"056167",67.6
151.08,-30,1941,12,"056167",48.3
151.08,-30,1942,1,"056167",92.2
151.08,-30,1942,2,"056167",120.8
151.08,-30,1942,3,"056167",29.2
151.08,-30,1942,4,"056167",0
151.08,-30,1942,5,"056167",41.9
151.08,-30,1942,6,"056167",69.7
151.08,-30,1942,7,"056167",127
151.08,-30,1942,8,"056167",2.5
151.08,-30,1942,9,"056167",43.1
151.08,-30,1942,10,"056167",93.9
151.08,-30,1942,11,"056167",47
151.08,-30,1942,12,"056167",101.7
151.08,-30,1945,1,"056167",120.7
151.08,-30,1945,2,"056167",141
151.08,-30,1945,3,"056167",2.5
151.08,-30,1945,4,"056167",12.7
151.08,-30,1945,5,"056167",21.6
151.08,-30,1945,6,"056167",100.3
151.08,-30,1945,7,"056167",67.4
151.08,-30,1945,8,"056167",40.6
151.08,-30,1945,9,"056167",45.8
151.08,-30,1945,10,"056167",5
151.08,-30,1945,11,"056167",105.5
151.08,-30,1945,12,"056167",96.6
151.08,-30,1946,1,"056167",247.7
151.08,-30,1946,2,"056167",41.9
151.08,-30,1946,3,"056167",33
151.08,-30,1946,4,"056167",38.1
151.08,-30,1946,5,"056167",0
151.08,-30,1946,6,"056167",12.7
151.08,-30,1946,7,"056167",2.5
151.08,-30,1946,8,"056167",0
151.08,-30,1946,9,"056167",61
151.08,-30,1946,10,"056167",2.5
151.08,-30,1946,11,"056167",53.4
151.08,-30,1946,12,"056167",42
151.08,-30,1947,1,"056167",64.8
151.08,-30,1947,2,"056167",149.4
151.08,-30,1947,3,"056167",64.7
151.08,-30,1947,4,"056167",39.4
151.08,-30,1947,5,"056167",26.7
151.08,-30,1947,6,"056167",27.9
151.08,-30,1947,7,"056167",50.9
151.08,-30,1947,8,"056167",53.4
151.08,-30,1947,9,"056167",90.2
151.08,-30,1947,10,"056167",133.4
151.08,-30,1947,11,"056167",93.7
151.08,-30,1947,12,"056167",244.1
151.08,-30,1948,1,"056167",142.8
151.08,-30,1948,2,"056167",108
151.08,-30,1948,3,"056167",16.5
151.08,-30,1948,4,"056167",15.2
151.08,-30,1948,5,"056167",57.2
151.08,-30,1948,6,"056167",101.6
151.08,-30,1948,7,"056167",61
151.08,-30,1948,8,"056167",22.9
151.08,-30,1948,9,"056167",53.4
151.08,-30,1948,10,"056167",44.5
151.08,-30,1948,11,"056167",38.1
151.08,-30,1948,12,"056167",41.9
151.08,-30,1949,1,"056167",60.4
151.08,-30,1949,2,"056167",236.2
151.08,-30,1949,3,"056167",40.6
151.08,-30,1949,4,"056167",30.5
151.08,-30,1949,5,"056167",19.1
151.08,-30,1949,6,"056167",75
151.08,-30,1949,7,"056167",26.7
151.08,-30,1949,8,"056167",54.7
151.08,-30,1949,9,"056167",125.7
151.08,-30,1949,10,"056167",193.1
151.08,-30,1949,11,"056167",111.2
151.08,-30,1949,12,"056167",90.1
151.08,-30,1950,1,"056167",87.7
151.08,-30,1950,2,"056167",114.8
151.08,-30,1950,3,"056167",59.9
151.08,-30,1950,4,"056167",38.1
151.08,-30,1950,5,"056167",47
151.08,-30,1950,6,"056167",114.1
151.08,-30,1950,7,"056167",178.1
151.08,-30,1950,8,"056167",10.6
151.08,-30,1950,9,"056167",52.2
151.08,-30,1950,10,"056167",237.6
151.08,-30,1950,11,"056167",161
151.08,-30,1950,12,"056167",21.6
151.08,-30,1951,1,"056167",64
151.08,-30,1951,2,"056167",33.1
151.08,-30,1951,3,"056167",75.3
151.08,-30,1951,4,"056167",0
151.08,-30,1951,5,"056167",54.8
151.08,-30,1951,6,"056167",118.2
151.08,-30,1951,7,"056167",15.2
151.08,-30,1951,8,"056167",77.4
151.08,-30,1951,9,"056167",11.5
151.08,-30,1951,10,"056167",91.5
151.08,-30,1951,11,"056167",8.1
151.08,-30,1951,12,"056167",12.7
151.08,-30,1965,1,"056167",23.1
151.08,-30,1965,2,"056167",19
151.08,-30,1965,3,"056167",57.7
151.08,-30,1965,4,"056167",34.8
151.08,-30,1965,5,"056167",7.2
151.08,-30,1965,6,"056167",31.2
151.08,-30,1965,7,"056167",16.5
151.08,-30,1965,8,"056167",24.9
151.08,-30,1965,9,"056167",61.2
151.08,-30,1965,10,"056167",33.8
151.08,-30,1965,11,"056167",10.1
151.08,-30,1965,12,"056167",198.7
151.08,-30,1966,1,"056167",12.2
151.08,-30,1966,2,"056167",48.9
151.08,-30,1966,3,"056167",60.2
151.08,-30,1966,4,"056167",35.6
151.08,-30,1966,5,"056167",15.2
151.08,-30,1966,6,"056167",38.1
151.08,-30,1966,7,"056167",26.7
151.08,-30,1966,8,"056167",107.9
151.08,-30,1966,9,"056167",26.5
151.08,-30,1966,10,"056167",134.6
151.08,-30,1966,11,"056167",153.5
151.08,-30,1966,12,"056167",77.7
151.08,-30,1967,1,"056167",21.1
151.08,-30,1967,2,"056167",14.7
151.08,-30,1967,3,"056167",138.7
151.08,-30,1967,4,"056167",16.3
151.08,-30,1967,5,"056167",26.1
151.08,-30,1967,6,"056167",33.8
151.08,-30,1967,7,"056167",9.9
151.08,-30,1967,8,"056167",34.7
151.08,-30,1967,9,"056167",22
151.08,-30,1967,10,"056167",133.5
151.08,-30,1967,11,"056167",10.5
151.08,-30,1967,12,"056167",49.8
151.08,-30,1968,1,"056167",178.1
151.08,-30,1968,2,"056167",46.9
151.08,-30,1968,3,"056167",55.7
151.08,-30,1968,4,"056167",24.1
151.08,-30,1968,5,"056167",120.4
151.08,-30,1968,6,"056167",4.6
151.08,-30,1968,7,"056167",64.9
151.08,-30,1968,8,"056167",92
151.08,-30,1968,9,"056167",39.7
151.08,-30,1968,10,"056167",47.5
151.08,-30,1968,11,"056167",50.3
151.08,-30,1968,12,"056167",95.2
151.08,-30,1969,1,"056167",226.6
151.08,-30,1969,2,"056167",39.7
151.08,-30,1969,3,"056167",41
151.08,-30,1969,4,"056167",56.3
151.08,-30,1969,5,"056167",109.3
151.08,-30,1969,6,"056167",28.7
151.08,-30,1969,7,"056167",59.7
151.08,-30,1969,8,"056167",39.2
151.08,-30,1969,9,"056167",72.4
151.08,-30,1969,10,"056167",139.7
151.08,-30,1969,11,"056167",108.1
151.08,-30,1969,12,"056167",96.5
151.08,-30,1970,1,"056167",300.1
151.08,-30,1970,2,"056167",29.4
151.08,-30,1970,3,"056167",27.7
151.08,-30,1970,4,"056167",71.4
151.08,-30,1970,5,"056167",22.3
151.08,-30,1970,6,"056167",38.4
151.08,-30,1970,7,"056167",0
151.08,-30,1970,8,"056167",29.2
151.08,-30,1970,9,"056167",215.8
151.08,-30,1970,10,"056167",42.9
151.08,-30,1970,11,"056167",170.7
151.08,-30,1970,12,"056167",262.3
151.08,-30,1971,1,"056167",252.1
151.08,-30,1971,2,"056167",157.7
151.08,-30,1971,3,"056167",0
151.08,-30,1971,4,"056167",11.2
151.08,-30,1971,5,"056167",8.9
151.08,-30,1971,6,"056167",2.6
151.08,-30,1971,7,"056167",161.3
151.08,-30,1971,8,"056167",125.1
151.08,-30,1971,9,"056167",72.4
151.08,-30,1971,10,"056167",37.9
151.08,-30,1971,11,"056167",119.4
151.08,-30,1971,12,"056167",114.6
151.08,-30,1972,1,"056167",93.1
151.08,-30,1972,2,"056167",63.5
151.08,-30,1972,3,"056167",18.3
151.08,-30,1972,4,"056167",54.6
151.08,-30,1972,5,"056167",9.7
151.08,-30,1972,6,"056167",12.2
151.08,-30,1972,7,"056167",8.9
151.08,-30,1972,8,"056167",70.3
151.08,-30,1972,9,"056167",42.5
151.08,-30,1972,10,"056167",167.9
151.08,-30,1972,11,"056167",123.8
151.08,-30,1972,12,"056167",77.4
151.08,-30,1973,1,"056167",169.6
151.08,-30,1973,2,"056167",131
151.08,-30,1973,3,"056167",50.8
151.08,-30,1973,4,"056167",0.5
151.08,-30,1973,5,"056167",49.3
151.08,-30,1973,6,"056167",46
151.08,-30,1973,7,"056167",66.6
151.08,-30,1973,8,"056167",68.3
151.08,-30,1973,9,"056167",94.1
151.08,-30,1973,10,"056167",138.2
151.08,-30,1973,11,"056167",159.8
151.08,-30,1973,12,"056167",125.4
151.08,-30,1974,1,"056167",121.6
151.08,-30,1974,2,"056167",55.2
151.08,-30,1974,3,"056167",52
151.08,-30,1974,4,"056167",64.1
151.08,-30,1974,5,"056167",50.8
151.08,-30,1974,6,"056167",17
151.08,-30,1974,7,"056167",29.3
151.08,-30,1974,8,"056167",53.7
151.08,-30,1974,9,"056167",3.5
151.08,-30,1974,10,"056167",86.5
151.08,-30,1974,11,"056167",122
151.08,-30,1974,12,"056167",31.4
151.08,-30,1975,1,"056167",76.6
151.08,-30,1975,2,"056167",158.4
151.08,-30,1975,3,"056167",203.4
151.08,-30,1975,4,"056167",30
151.08,-30,1975,5,"056167",3.4
151.08,-30,1975,6,"056167",66.6
151.08,-30,1975,7,"056167",89
151.08,-30,1975,8,"056167",45
151.08,-30,1975,9,"056167",20.4
151.08,-30,1975,10,"056167",134.4
151.08,-30,1975,11,"056167",67.2
151.08,-30,1975,12,"056167",50.9
151.08,-30,1976,1,"056167",199
151.08,-30,1976,2,"056167",267.4
151.08,-30,1976,3,"056167",78.4
151.08,-30,1976,4,"056167",0
151.08,-30,1976,5,"056167",38
151.08,-30,1976,6,"056167",80.2
151.08,-30,1976,7,"056167",74
151.08,-30,1976,8,"056167",20
151.08,-30,1976,9,"056167",34
151.08,-30,1976,10,"056167",47
151.08,-30,1976,11,"056167",103.2
151.08,-30,1976,12,"056167",25
151.08,-30,1977,1,"056167",108.4
151.08,-30,1977,2,"056167",106
151.08,-30,1977,3,"056167",128
151.08,-30,1977,4,"056167",43
151.08,-30,1977,5,"056167",140
151.08,-30,1977,6,"056167",3
151.08,-30,1977,7,"056167",0
151.08,-30,1977,8,"056167",26
151.08,-30,1977,9,"056167",39.2
151.08,-30,1977,10,"056167",30.8
151.08,-30,1977,11,"056167",64
151.08,-30,1977,12,"056167",100
151.08,-30,1978,1,"056167",195
151.08,-30,1978,2,"056167",85.4
151.08,-30,1978,3,"056167",68.4
151.08,-30,1978,4,"056167",15.4
151.08,-30,1978,5,"056167",95
151.08,-30,1978,6,"056167",98.4
151.08,-30,1978,7,"056167",151
151.08,-30,1978,8,"056167",43
151.08,-30,1978,9,"056167",181.6
151.08,-30,1978,10,"056167",88
151.08,-30,1978,11,"056167",150
151.08,-30,1978,12,"056167",129.6
151.08,-30,1979,1,"056167",53.8
151.08,-30,1979,2,"056167",11
151.08,-30,1979,3,"056167",106
151.08,-30,1979,4,"056167",26.2
151.08,-30,1979,5,"056167",185.6
151.08,-30,1979,6,"056167",52
151.08,-30,1979,7,"056167",43.6
151.08,-30,1979,8,"056167",25.4
151.08,-30,1979,9,"056167",32.3
151.08,-30,1979,10,"056167",95.5
151.08,-30,1979,11,"056167",82.5
151.08,-30,1979,12,"056167",11.4
151.08,-30,1980,1,"056167",122.4
151.08,-30,1980,2,"056167",27
151.08,-30,1980,3,"056167",9.2
151.08,-30,1980,4,"056167",0
151.08,-30,1980,5,"056167",90.2
151.08,-30,1980,6,"056167",21.6
151.08,-30,1980,7,"056167",36
151.08,-30,1980,8,"056167",8.4
151.08,-30,1980,9,"056167",4
151.08,-30,1980,10,"056167",60
151.08,-30,1980,11,"056167",18
151.08,-30,1980,12,"056167",119.2
151.08,-30,1981,1,"056167",25
151.08,-30,1981,2,"056167",54
151.08,-30,1981,3,"056167",4
151.08,-30,1981,4,"056167",35
151.08,-30,1981,5,"056167",76
151.08,-30,1981,6,"056167",78.2
151.08,-30,1981,7,"056167",87
151.08,-30,1981,8,"056167",12
151.08,-30,1981,9,"056167",54
151.08,-30,1981,10,"056167",78
151.08,-30,1981,11,"056167",102
151.08,-30,1981,12,"056167",130
151.08,-30,1982,1,"056167",53
151.08,-30,1982,2,"056167",77
151.08,-30,1982,3,"056167",144
151.08,-30,1982,4,"056167",21
151.08,-30,1982,5,"056167",6
151.08,-30,1982,6,"056167",13
151.08,-30,1982,7,"056167",20
151.08,-30,1982,8,"056167",0
151.08,-30,1982,9,"056167",21
151.08,-30,1982,10,"056167",65.4
151.08,-30,1982,11,"056167",19
151.08,-30,1982,12,"056167",134.5
151.08,-30,1983,1,"056167",80
151.08,-30,1983,2,"056167",27
151.08,-30,1983,3,"056167",40
151.08,-30,1983,4,"056167",139.2
151.08,-30,1983,5,"056167",176
151.08,-30,1983,6,"056167",52
151.08,-30,1983,7,"056167",86
151.08,-30,1983,8,"056167",64.8
151.08,-30,1983,9,"056167",87
151.08,-30,1983,10,"056167",112
151.08,-30,1983,11,"056167",117
151.08,-30,1983,12,"056167",111.2
151.08,-30,1984,1,"056167",260.6
151.08,-30,1984,2,"056167",122.6
151.08,-30,1984,3,"056167",51
151.08,-30,1984,4,"056167",45.6
151.08,-30,1984,5,"056167",14
151.08,-30,1984,6,"056167",19.4
151.08,-30,1984,7,"056167",143
151.08,-30,1984,8,"056167",35
151.08,-30,1984,9,"056167",57.1
151.08,-30,1984,10,"056167",72
151.08,-30,1984,11,"056167",109
151.08,-30,1984,12,"056167",101
151.08,-30,1985,1,"056167",93.8
151.08,-30,1985,2,"056167",71
151.08,-30,1985,3,"056167",65
151.08,-30,1985,4,"056167",50
151.08,-30,1985,5,"056167",21
151.08,-30,1985,6,"056167",29
151.08,-30,1985,7,"056167",45
151.08,-30,1985,8,"056167",95
151.08,-30,1985,9,"056167",42
151.08,-30,1985,10,"056167",74
151.08,-30,1985,11,"056167",47
151.08,-30,1985,12,"056167",201.4
151.08,-30,1986,1,"056167",34
151.08,-30,1986,2,"056167",35
151.08,-30,1986,3,"056167",13
151.08,-30,1986,4,"056167",0
151.08,-30,1986,5,"056167",70
151.08,-30,1986,6,"056167",0
151.08,-30,1986,7,"056167",81
151.08,-30,1986,8,"056167",47
151.08,-30,1986,9,"056167",28
151.08,-30,1986,10,"056167",46
151.08,-30,1986,11,"056167",51.2
151.08,-30,1986,12,"056167",42
151.08,-30,1987,1,"056167",168
151.08,-30,1987,2,"056167",31
151.08,-30,1987,3,"056167",138
151.08,-30,1987,4,"056167",12
151.08,-30,1987,5,"056167",92
151.08,-30,1987,6,"056167",36
151.08,-30,1987,7,"056167",27
151.08,-30,1987,8,"056167",114
151.08,-30,1987,9,"056167",14
151.08,-30,1987,10,"056167",66.2
151.08,-30,1987,11,"056167",58.6
151.08,-30,1987,12,"056167",87.8
151.08,-30,1988,1,"056167",127
151.08,-30,1988,2,"056167",66
151.08,-30,1988,3,"056167",44
151.08,-30,1988,4,"056167",173.4
151.08,-30,1988,5,"056167",16
151.08,-30,1988,6,"056167",36
151.08,-30,1988,7,"056167",72
151.08,-30,1988,8,"056167",80.6
151.08,-30,1988,9,"056167",85
151.08,-30,1988,10,"056167",36
151.08,-30,1988,11,"056167",55.8
151.08,-30,1988,12,"056167",105
151.08,-30,1989,1,"056167",134
151.08,-30,1989,2,"056167",29
151.08,-30,1989,3,"056167",82
151.08,-30,1989,4,"056167",77
151.08,-30,1989,5,"056167",22
151.08,-30,1989,6,"056167",99
151.08,-30,1989,7,"056167",111
151.08,-30,1989,8,"056167",0
151.08,-30,1989,9,"056167",13
151.08,-30,1989,10,"056167",48.4
151.08,-30,1989,11,"056167",138.4
151.08,-30,1989,12,"056167",100
151.08,-30,1990,1,"056167",45.8
151.08,-30,1990,2,"056167",130
151.08,-30,1990,3,"056167",0
151.08,-30,1990,4,"056167",197
151.08,-30,1990,5,"056167",68
151.08,-30,1990,6,"056167",51
151.08,-30,1990,7,"056167",87
151.08,-30,1990,8,"056167",44
151.08,-30,1990,9,"056167",90
151.08,-30,1990,10,"056167",50
151.08,-30,1990,11,"056167",10
151.08,-30,1990,12,"056167",89.2
151.08,-30,1991,1,"056167",177.6
151.08,-30,1991,2,"056167",130
151.08,-30,1991,3,"056167",58
151.08,-30,1991,4,"056167",0
151.08,-30,1991,5,"056167",88
151.08,-30,1991,6,"056167",44
151.08,-30,1991,7,"056167",68
151.08,-30,1991,8,"056167",0
151.08,-30,1991,9,"056167",10
151.08,-30,1991,10,"056167",29.4
151.08,-30,1991,11,"056167",46.8
151.08,-30,1991,12,"056167",100.6
151.08,-30,1992,1,"056167",52
151.08,-30,1992,2,"056167",91.6
151.08,-30,1992,3,"056167",18.2
151.08,-30,1992,4,"056167",47.4
151.08,-30,1992,5,"056167",18
151.08,-30,1992,6,"056167",19
151.08,-30,1992,7,"056167",50
151.08,-30,1992,8,"056167",100
151.08,-30,1992,9,"056167",43.4
151.08,-30,1992,10,"056167",42.4
151.08,-30,1992,11,"056167",114.6
151.08,-30,1992,12,"056167",61.6
151.08,-30,1993,1,"056167",64
151.08,-30,1993,2,"056167",56
151.08,-30,1993,3,"056167",6
151.08,-30,1993,4,"056167",1
151.08,-30,1993,5,"056167",35.2
151.08,-30,1993,6,"056167",58.2
151.08,-30,1993,7,"056167",76.7
151.08,-30,1993,8,"056167",46
151.08,-30,1993,9,"056167",68.4
151.08,-30,1993,10,"056167",75.4
151.08,-30,1993,11,"056167",32.4
151.08,-30,1993,12,"056167",94.4
151.08,-30,1994,1,"056167",27
151.08,-30,1994,2,"056167",114
151.08,-30,1994,3,"056167",88.2
151.08,-30,1994,4,"056167",26
151.08,-30,1994,5,"056167",3.6
151.08,-30,1994,6,"056167",37.2
151.08,-30,1994,7,"056167",11.2
151.08,-30,1994,8,"056167",30
151.08,-30,1994,9,"056167",27
151.08,-30,1994,10,"056167",27.8
151.08,-30,1994,11,"056167",58.8
151.08,-30,1994,12,"056167",102.2
151.08,-30,1995,1,"056167",140.2
151.08,-30,1995,2,"056167",82.4
151.08,-30,1995,3,"056167",8.8
151.08,-30,1995,4,"056167",10
151.08,-30,1995,5,"056167",50
151.08,-30,1995,6,"056167",93
151.08,-30,1995,7,"056167",19
151.08,-30,1995,8,"056167",2
151.08,-30,1995,9,"056167",104
151.08,-30,1995,10,"056167",80.4
151.08,-30,1995,11,"056167",185
151.08,-30,1995,12,"056167",142.8
151.08,-30,1996,1,"056167",244.2
151.08,-30,1996,2,"056167",42
151.08,-30,1996,3,"056167",10
151.08,-30,1996,4,"056167",16
151.08,-30,1996,5,"056167",86
151.08,-30,1996,6,"056167",47
151.08,-30,1996,7,"056167",74
151.08,-30,1996,8,"056167",78
151.08,-30,1996,9,"056167",81.8
151.08,-30,1996,10,"056167",40.2
151.08,-30,1996,11,"056167",110
151.08,-30,1996,12,"056167",111
151.08,-30,1997,1,"056167",87.4
151.08,-30,1997,2,"056167",171
151.08,-30,1997,3,"056167",26.2
151.08,-30,1997,4,"056167",0
151.08,-30,1997,5,"056167",82
151.08,-30,1997,6,"056167",27.4
151.08,-30,1997,7,"056167",32
151.08,-30,1997,8,"056167",10
151.08,-30,1997,9,"056167",106
151.08,-30,1997,10,"056167",119
151.08,-30,1997,11,"056167",53.6
151.08,-30,1997,12,"056167",122.2
151.08,-30,1998,1,"056167",50
151.08,-30,1998,2,"056167",128
151.08,-30,1998,3,"056167",9
151.08,-30,1998,4,"056167",90
151.08,-30,1998,5,"056167",65
151.08,-30,1998,6,"056167",44
151.08,-30,1998,7,"056167",177
151.08,-30,1998,8,"056167",95
151.08,-30,1998,9,"056167",123
151.08,-30,1998,10,"056167",76
151.08,-30,1998,11,"056167",NA
151.08,-30,1998,12,"056167",94
151.08,-30,1999,1,"056167",102
151.08,-30,1999,2,"056167",109
151.08,-30,1999,3,"056167",114
151.08,-30,1999,4,"056167",43
151.08,-30,1999,5,"056167",0
151.08,-30,1999,6,"056167",45
151.08,-30,1999,7,"056167",NA
151.08,-30,1999,8,"056167",NA
151.08,-30,1999,9,"056167",49
151.08,-30,1999,10,"056167",176.2
151.08,-30,1999,11,"056167",128.8
151.08,-30,1999,12,"056167",105
151.08,-30,2000,1,"056167",29
151.08,-30,2000,2,"056167",28
151.08,-30,2000,3,"056167",NA
151.08,-30,2000,4,"056167",30
151.08,-30,2000,5,"056167",NA
151.08,-30,2000,6,"056167",19
151.08,-30,2000,7,"056167",29
151.08,-30,2000,8,"056167",51
151.08,-30,2000,9,"056167",14.6
151.08,-30,2000,10,"056167",112.6
151.08,-30,2000,11,"056167",177.6
151.08,-30,2000,12,"056167",NA
151.08,-30,2001,1,"056167",NA
151.08,-30,2001,2,"056167",108.6
151.08,-30,2001,3,"056167",147
151.08,-30,2001,4,"056167",20.6
151.08,-30,2001,5,"056167",29.4
151.08,-30,2001,6,"056167",13.4
151.08,-30,2001,7,"056167",77.4
151.08,-30,2001,8,"056167",35.4
151.08,-30,2001,9,"056167",47.4
151.08,-30,2001,10,"056167",63.8
151.08,-30,2001,11,"056167",NA
151.08,-30,2001,12,"056167",NA
151.08,-30,2002,1,"056167",49
151.08,-30,2002,2,"056167",70
151.08,-30,2002,3,"056167",88.2
151.08,-30,2002,4,"056167",1.8
151.08,-30,2002,5,"056167",3.6
151.08,-30,2002,6,"056167",35
151.08,-30,2002,7,"056167",0.8
151.08,-30,2002,8,"056167",28.4
151.08,-30,2002,9,"056167",57.8
151.08,-30,2002,10,"056167",42.8
151.08,-30,2002,11,"056167",47.2
151.08,-30,2002,12,"056167",59.2
151.08,-30,2003,1,"056167",11.2
151.08,-30,2003,2,"056167",174.2
151.08,-30,2003,3,"056167",95.6
151.08,-30,2003,4,"056167",NA
151.08,-30,2003,5,"056167",8.6
151.08,-30,2003,6,"056167",55
151.08,-30,2003,7,"056167",40
151.08,-30,2003,8,"056167",45.5
151.08,-30,2003,9,"056167",3
151.08,-30,2003,10,"056167",88
151.08,-30,2003,11,"056167",50.8
151.08,-30,2003,12,"056167",136.4
151.08,-30,2004,1,"056167",232.4
151.08,-30,2004,2,"056167",62.4
151.08,-30,2004,3,"056167",22.2
151.08,-30,2004,4,"056167",49.6
151.08,-30,2004,5,"056167",21.2
151.08,-30,2004,6,"056167",30.4
151.08,-30,2004,7,"056167",34
151.08,-30,2004,8,"056167",39.2
151.08,-30,2004,9,"056167",81.8
151.08,-30,2004,10,"056167",90.8
151.08,-30,2004,11,"056167",94.4
151.08,-30,2004,12,"056167",234.8
151.08,-30,2005,1,"056167",112.6
151.08,-30,2005,2,"056167",25.8
151.08,-30,2005,3,"056167",23.6
151.08,-30,2005,4,"056167",2.2
151.08,-30,2005,5,"056167",30
151.08,-30,2005,6,"056167",151.8
151.08,-30,2005,7,"056167",29.4
151.08,-30,2005,8,"056167",32.4
151.08,-30,2005,9,"056167",105
151.08,-30,2005,10,"056167",78.4
151.08,-30,2005,11,"056167",105.6
151.08,-30,2005,12,"056167",132.6
151.08,-30,2006,1,"056167",142
151.08,-30,2006,2,"056167",156
151.08,-30,2006,3,"056167",39.2
151.08,-30,2006,4,"056167",69.2
151.08,-30,2006,5,"056167",5.8
151.08,-30,2006,6,"056167",73
151.08,-30,2006,7,"056167",44.6
151.08,-30,2006,8,"056167",17
151.08,-30,2006,9,"056167",41
151.08,-30,2006,10,"056167",27.4
151.08,-30,2006,11,"056167",77
151.08,-30,2006,12,"056167",38.6
151.08,-30,2007,1,"056167",29.8
151.08,-30,2007,2,"056167",137
151.08,-30,2007,3,"056167",120.2
151.08,-30,2007,4,"056167",55.4
151.08,-30,2007,5,"056167",36.8
151.08,-30,2007,6,"056167",87.6
151.08,-30,2007,7,"056167",8.4
151.08,-30,2007,8,"056167",78
151.08,-30,2007,9,"056167",4
151.08,-30,2007,10,"056167",85.4
151.08,-30,2007,11,"056167",96.8
151.08,-30,2007,12,"056167",109.6
151.08,-30,2008,1,"056167",131.6
151.08,-30,2008,2,"056167",164.2
151.08,-30,2008,3,"056167",0.8
151.08,-30,2008,4,"056167",14
151.08,-30,2008,5,"056167",17.4
151.08,-30,2008,6,"056167",49.8
151.08,-30,2008,7,"056167",39.6
151.08,-30,2008,8,"056167",35.6
151.08,-30,2008,9,"056167",58.6
151.08,-30,2008,10,"056167",49
151.08,-30,2008,11,"056167",180.2
151.08,-30,2008,12,"056167",116.2
151.08,-30,2009,1,"056167",61.2
151.08,-30,2009,2,"056167",84.6
151.08,-30,2009,3,"056167",4.2
151.08,-30,2009,4,"056167",50.2
151.08,-30,2009,5,"056167",20
151.08,-30,2009,6,"056167",35
151.08,-30,2009,7,"056167",25.8
151.08,-30,2009,8,"056167",15.8
151.08,-30,2009,9,"056167",50
151.08,-30,2009,10,"056167",48.6
151.08,-30,2009,11,"056167",21.4
151.08,-30,2009,12,"056167",119
151.08,-30,2010,1,"056167",68
151.08,-30,2010,2,"056167",58.4
151.08,-30,2010,3,"056167",30.6
151.08,-30,2010,4,"056167",13.6
151.08,-30,2010,5,"056167",75.4
151.08,-30,2010,6,"056167",58
151.08,-30,2010,7,"056167",98.2
151.08,-30,2010,8,"056167",NA
151.08,-30,2010,9,"056167",90
151.08,-30,2010,10,"056167",107.2
151.08,-30,2010,11,"056167",148
151.08,-30,2010,12,"056167",103.6
151.08,-30,2011,1,"056167",124.2
151.08,-30,2011,2,"056167",75
151.08,-30,2011,3,"056167",56.4
151.08,-30,2011,4,"056167",53.8
151.08,-30,2011,5,"056167",60.4
151.08,-30,2011,6,"056167",55
151.08,-30,2011,7,"056167",8
151.08,-30,2011,8,"056167",70.4
151.08,-30,2011,9,"056167",81
151.08,-30,2011,10,"056167",69.2
151.08,-30,2011,11,"056167",266.6
151.08,-30,2011,12,"056167",112.2
151.08,-30,2012,1,"056167",65.8
151.08,-30,2012,2,"056167",143.6
151.08,-30,2012,3,"056167",6.2
151.08,-30,2012,4,"056167",45.2
151.08,-30,2012,5,"056167",28
151.08,-30,2012,6,"056167",24.8
151.08,-30,2012,7,"056167",111
151.08,-30,2012,8,"056167",9.6
151.08,-30,2012,9,"056167",24
151.08,-30,2012,10,"056167",32.6
151.08,-30,2012,11,"056167",72
151.08,-30,2012,12,"056167",156.2
151.08,-30,2013,1,"056167",93
151.08,-30,2013,2,"056167",88.6
151.08,-30,2013,3,"056167",52.4
151.08,-30,2013,4,"056167",5
151.08,-30,2013,5,"056167",23.4
151.08,-30,2013,6,"056167",91
151.08,-30,2013,7,"056167",32
151.08,-30,2013,8,"056167",11.8
151.08,-30,2013,9,"056167",28.4
151.08,-30,2013,10,"056167",26.2
151.08,-30,2013,11,"056167",85.2
151.08,-30,2013,12,"056167",26.2
151.08,-30,2014,1,"056167",24
151.08,-30,2014,2,"056167",39.2
151.08,-30,2014,3,"056167",89.4
151.08,-30,2014,4,"056167",14.6
151.08,-30,2014,5,"056167",32.8
151.08,-30,2014,6,"056167",86.6
151.08,-30,2014,7,"056167",3
151.08,-30,2014,8,"056167",59.2
151.08,-30,2014,9,"056167",28.4
151.08,-30,2014,10,"056167",18
151.08,-30,2014,11,"056167",42.2
151.08,-30,2014,12,"056167",151.4
151.08,-30,2015,1,"056167",189.4
151.08,-30,2015,2,"056167",54
151.08,-30,2015,3,"056167",82.2
151.08,-30,2015,4,"056167",124.6
151.08,-30,2015,5,"056167",43.4
151.08,-30,2015,6,"056167",43.4
151.08,-30,2015,7,"056167",47.2
151.08,-30,2015,8,"056167",65.6
151.08,-30,2015,9,"056167",14.2
151.08,-30,2015,10,"056167",65.4
151.08,-30,2015,11,"056167",78.4
151.08,-30,2015,12,"056167",107.8
151.08,-30,2016,1,"056167",115.6
151.08,-30,2016,2,"056167",18.4
151.08,-30,2016,3,"056167",24
151.08,-30,2016,4,"056167",10
151.08,-30,2016,5,"056167",41.4
151.08,-30,2016,6,"056167",146.6
151.08,-30,2016,7,"056167",45
151.08,-30,2016,8,"056167",83.6
151.08,-30,2016,9,"056167",157
151.08,-30,2016,10,"056167",91.4
151.08,-30,2016,11,"056167",54.8
151.08,-30,2016,12,"056167",55.2
151.08,-30,2017,1,"056167",138
151.08,-30,2017,2,"056167",60
151.08,-30,2017,3,"056167",164.6
151.08,-30,2017,4,"056167",54
151.08,-30,2017,5,"056167",54
151.08,-30,2017,6,"056167",82.2
151.08,-30,2017,7,"056167",11.2
151.08,-30,2017,8,"056167",14
151.08,-30,2017,9,"056167",2.6
151.08,-30,2017,10,"056167",146.4
151.08,-30,2017,11,"056167",54.8
151.08,-30,2017,12,"056167",68.6
151.08,-30,2018,1,"056167",47
151.08,-30,2018,2,"056167",73.6
151.08,-30,2018,3,"056167",65
151.08,-30,2018,4,"056167",42.2
151.08,-30,2018,5,"056167",0
151.08,-30,2018,6,"056167",2.6
151.08,-30,2018,7,"056167",41
151.08,-30,2018,8,"056167",45
151.08,-30,2018,9,"056167",33.2
151.08,-30,2018,10,"056167",41
151.08,-30,2018,11,"056167",74.2
151.08,-30,2018,12,"056167",115.6
151.08,-30,2019,1,"056167",16.6
151.08,-30,2019,2,"056167",0
151.08,-30,2019,3,"056167",97.6
151.08,-30,2019,4,"056167",0
151.08,-30,2019,5,"056167",24
151.08,-30,2019,6,"056167",12
151.08,-30,2019,7,"056167",8.4
151.08,-30,2019,8,"056167",0
151.08,-30,2019,9,"056167",1.4
151.08,-30,2019,10,"056167",19.6
151.08,-30,2019,11,"056167",19.6
151.08,-30,2019,12,"056167",22.2
151.08,-30,2020,1,"056167",128.4
151.08,-30,2020,2,"056167",155.6
151.08,-30,2020,3,"056167",118.2
151.08,-30,2020,4,"056167",64.8
151.08,-30,2020,5,"056167",44.6
151.08,-30,2020,6,"056167",40.4
151.08,-30,2020,7,"056167",43.2
151.08,-30,2020,8,"056167",28.2
151.08,-30,2020,9,"056167",29.2
151.08,-30,2020,10,"056167",100.4
151.08,-30,2020,11,"056167",29
151.08,-30,2020,12,"056167",170
151.08,-30,2021,1,"056167",33.2
151.08,-30,2021,2,"056167",132.8
151.08,-30,2021,3,"056167",222.4
151.08,-30,2021,4,"056167",22.8
151.08,-30,2021,5,"056167",28
151.08,-30,2021,6,"056167",133
151.08,-30,2021,7,"056167",109.2
151.08,-30,2021,8,"056167",81.4
151.08,-30,2021,9,"056167",51.8
151.08,-30,2021,10,"056167",67.6
151.08,-30,2021,11,"056167",223
151.08,-30,2021,12,"056167",129.6
