"Lon","Lat","Year","Month","Station","Rain"
138.47,-20.47,1904,1,"037003",113.3
138.47,-20.47,1904,2,"037003",241.3
138.47,-20.47,1904,3,"037003",47
138.47,-20.47,1904,4,"037003",5.1
138.47,-20.47,1904,5,"037003",25.4
138.47,-20.47,1904,6,"037003",0
138.47,-20.47,1904,7,"037003",0
138.47,-20.47,1904,8,"037003",0
138.47,-20.47,1904,9,"037003",0
138.47,-20.47,1904,10,"037003",67.3
138.47,-20.47,1904,11,"037003",0
138.47,-20.47,1904,12,"037003",13.5
138.47,-20.47,1905,1,"037003",33.5
138.47,-20.47,1905,2,"037003",38.1
138.47,-20.47,1905,3,"037003",6.9
138.47,-20.47,1905,4,"037003",0
138.47,-20.47,1905,5,"037003",0
138.47,-20.47,1905,6,"037003",48.3
138.47,-20.47,1905,7,"037003",0
138.47,-20.47,1905,8,"037003",0
138.47,-20.47,1905,9,"037003",0
138.47,-20.47,1905,10,"037003",2.3
138.47,-20.47,1905,11,"037003",12.5
138.47,-20.47,1905,12,"037003",0
138.47,-20.47,1906,1,"037003",137.6
138.47,-20.47,1906,2,"037003",34
138.47,-20.47,1906,3,"037003",5.8
138.47,-20.47,1906,4,"037003",0
138.47,-20.47,1906,5,"037003",0
138.47,-20.47,1906,6,"037003",0
138.47,-20.47,1906,7,"037003",0
138.47,-20.47,1906,8,"037003",0
138.47,-20.47,1906,9,"037003",10.7
138.47,-20.47,1906,10,"037003",0
138.47,-20.47,1906,11,"037003",8.6
138.47,-20.47,1906,12,"037003",63.1
138.47,-20.47,1907,1,"037003",48.5
138.47,-20.47,1907,2,"037003",40.7
138.47,-20.47,1907,3,"037003",0
138.47,-20.47,1907,4,"037003",0
138.47,-20.47,1907,5,"037003",5.6
138.47,-20.47,1907,6,"037003",NA
138.47,-20.47,1907,7,"037003",4.6
138.47,-20.47,1907,8,"037003",0
138.47,-20.47,1907,9,"037003",NA
138.47,-20.47,1907,10,"037003",NA
138.47,-20.47,1907,11,"037003",NA
138.47,-20.47,1907,12,"037003",196.1
138.47,-20.47,1908,1,"037003",132.6
138.47,-20.47,1908,2,"037003",111.8
138.47,-20.47,1908,3,"037003",0
138.47,-20.47,1908,4,"037003",19.3
138.47,-20.47,1908,5,"037003",0
138.47,-20.47,1908,6,"037003",0
138.47,-20.47,1908,7,"037003",0
138.47,-20.47,1908,8,"037003",0
138.47,-20.47,1908,9,"037003",0
138.47,-20.47,1908,10,"037003",39.4
138.47,-20.47,1908,11,"037003",56.2
138.47,-20.47,1908,12,"037003",0
138.47,-20.47,1909,1,"037003",17.8
138.47,-20.47,1909,2,"037003",27.6
138.47,-20.47,1909,3,"037003",145.3
138.47,-20.47,1909,4,"037003",110.5
138.47,-20.47,1909,5,"037003",2.8
138.47,-20.47,1909,6,"037003",9.7
138.47,-20.47,1909,7,"037003",0
138.47,-20.47,1909,8,"037003",16.6
138.47,-20.47,1909,9,"037003",0
138.47,-20.47,1909,10,"037003",16
138.47,-20.47,1909,11,"037003",4.3
138.47,-20.47,1909,12,"037003",1
138.47,-20.47,1910,1,"037003",164.5
138.47,-20.47,1910,2,"037003",60.3
138.47,-20.47,1910,3,"037003",93.6
138.47,-20.47,1910,4,"037003",37.7
138.47,-20.47,1910,5,"037003",0
138.47,-20.47,1910,6,"037003",55.4
138.47,-20.47,1910,7,"037003",1.5
138.47,-20.47,1910,8,"037003",0
138.47,-20.47,1910,9,"037003",0.5
138.47,-20.47,1910,10,"037003",31.7
138.47,-20.47,1910,11,"037003",88.3
138.47,-20.47,1910,12,"037003",21.3
138.47,-20.47,1911,1,"037003",55.1
138.47,-20.47,1911,2,"037003",37.7
138.47,-20.47,1911,3,"037003",52.3
138.47,-20.47,1911,4,"037003",33.5
138.47,-20.47,1911,5,"037003",0
138.47,-20.47,1911,6,"037003",0
138.47,-20.47,1911,7,"037003",20.3
138.47,-20.47,1911,8,"037003",0
138.47,-20.47,1911,9,"037003",58.4
138.47,-20.47,1911,10,"037003",7.6
138.47,-20.47,1911,11,"037003",59.2
138.47,-20.47,1911,12,"037003",52.3
138.47,-20.47,1912,1,"037003",14.5
138.47,-20.47,1912,2,"037003",159.4
138.47,-20.47,1912,3,"037003",1.8
138.47,-20.47,1912,4,"037003",0
138.47,-20.47,1912,5,"037003",0
138.47,-20.47,1912,6,"037003",58.9
138.47,-20.47,1912,7,"037003",16.8
138.47,-20.47,1912,8,"037003",0
138.47,-20.47,1912,9,"037003",0
138.47,-20.47,1912,10,"037003",0
138.47,-20.47,1912,11,"037003",66.5
138.47,-20.47,1912,12,"037003",6.6
138.47,-20.47,1913,1,"037003",61.5
138.47,-20.47,1913,2,"037003",77.6
138.47,-20.47,1913,3,"037003",34.5
138.47,-20.47,1913,4,"037003",0
138.47,-20.47,1913,5,"037003",0
138.47,-20.47,1913,6,"037003",8.9
138.47,-20.47,1913,7,"037003",0
138.47,-20.47,1913,8,"037003",0
138.47,-20.47,1913,9,"037003",7.6
138.47,-20.47,1913,10,"037003",0
138.47,-20.47,1913,11,"037003",1.5
138.47,-20.47,1913,12,"037003",52.6
138.47,-20.47,1914,1,"037003",79.8
138.47,-20.47,1914,2,"037003",45.9
138.47,-20.47,1914,3,"037003",9.4
138.47,-20.47,1914,4,"037003",6.4
138.47,-20.47,1914,5,"037003",0
138.47,-20.47,1914,6,"037003",0
138.47,-20.47,1914,7,"037003",0
138.47,-20.47,1914,8,"037003",0
138.47,-20.47,1914,9,"037003",0
138.47,-20.47,1914,10,"037003",0
138.47,-20.47,1914,11,"037003",0
138.47,-20.47,1914,12,"037003",75.6
138.47,-20.47,1915,1,"037003",172.5
138.47,-20.47,1915,2,"037003",5.1
138.47,-20.47,1915,3,"037003",11.7
138.47,-20.47,1915,4,"037003",0
138.47,-20.47,1915,5,"037003",75.4
138.47,-20.47,1915,6,"037003",0
138.47,-20.47,1915,7,"037003",0
138.47,-20.47,1915,8,"037003",0
138.47,-20.47,1915,9,"037003",33.1
138.47,-20.47,1915,10,"037003",12.5
138.47,-20.47,1915,11,"037003",0
138.47,-20.47,1915,12,"037003",107
138.47,-20.47,1916,1,"037003",63.6
138.47,-20.47,1916,2,"037003",7.6
138.47,-20.47,1916,3,"037003",15.2
138.47,-20.47,1916,4,"037003",12.7
138.47,-20.47,1916,5,"037003",2.5
138.47,-20.47,1916,6,"037003",0
138.47,-20.47,1916,7,"037003",0
138.47,-20.47,1916,8,"037003",0
138.47,-20.47,1916,9,"037003",0
138.47,-20.47,1916,10,"037003",23.6
138.47,-20.47,1916,11,"037003",74.2
138.47,-20.47,1916,12,"037003",244
138.47,-20.47,1917,1,"037003",161.2
138.47,-20.47,1917,2,"037003",116.5
138.47,-20.47,1917,3,"037003",58.9
138.47,-20.47,1917,4,"037003",0
138.47,-20.47,1917,5,"037003",6.9
138.47,-20.47,1917,6,"037003",0.5
138.47,-20.47,1917,7,"037003",0
138.47,-20.47,1917,8,"037003",0
138.47,-20.47,1917,9,"037003",21.9
138.47,-20.47,1917,10,"037003",5.3
138.47,-20.47,1917,11,"037003",76
138.47,-20.47,1917,12,"037003",37.1
138.47,-20.47,1918,1,"037003",217.3
138.47,-20.47,1918,2,"037003",158.8
138.47,-20.47,1918,3,"037003",8.1
138.47,-20.47,1918,4,"037003",0
138.47,-20.47,1918,5,"037003",0
138.47,-20.47,1918,6,"037003",0
138.47,-20.47,1918,7,"037003",0
138.47,-20.47,1918,8,"037003",9.2
138.47,-20.47,1918,9,"037003",3.6
138.47,-20.47,1918,10,"037003",6.6
138.47,-20.47,1918,11,"037003",24.4
138.47,-20.47,1918,12,"037003",0
138.47,-20.47,1919,1,"037003",170.7
138.47,-20.47,1919,2,"037003",134.1
138.47,-20.47,1919,3,"037003",1
138.47,-20.47,1919,4,"037003",1.3
138.47,-20.47,1919,5,"037003",0
138.47,-20.47,1919,6,"037003",0
138.47,-20.47,1919,7,"037003",0
138.47,-20.47,1919,8,"037003",0
138.47,-20.47,1919,9,"037003",0
138.47,-20.47,1919,10,"037003",3
138.47,-20.47,1919,11,"037003",0
138.47,-20.47,1919,12,"037003",5.1
138.47,-20.47,1920,1,"037003",107
138.47,-20.47,1920,2,"037003",35.5
138.47,-20.47,1920,3,"037003",0
138.47,-20.47,1920,4,"037003",82.3
138.47,-20.47,1920,5,"037003",0
138.47,-20.47,1920,6,"037003",10.2
138.47,-20.47,1920,7,"037003",4.3
138.47,-20.47,1920,8,"037003",0
138.47,-20.47,1920,9,"037003",3.8
138.47,-20.47,1920,10,"037003",7.6
138.47,-20.47,1920,11,"037003",66.8
138.47,-20.47,1920,12,"037003",55.9
138.47,-20.47,1921,1,"037003",65.5
138.47,-20.47,1921,2,"037003",12.7
138.47,-20.47,1921,3,"037003",153.4
138.47,-20.47,1921,4,"037003",0
138.47,-20.47,1921,5,"037003",0
138.47,-20.47,1921,6,"037003",82.6
138.47,-20.47,1921,7,"037003",0
138.47,-20.47,1921,8,"037003",0
138.47,-20.47,1921,9,"037003",0
138.47,-20.47,1921,10,"037003",8.9
138.47,-20.47,1921,11,"037003",0
138.47,-20.47,1921,12,"037003",11.4
138.47,-20.47,1922,1,"037003",9.1
138.47,-20.47,1922,2,"037003",37.8
138.47,-20.47,1922,3,"037003",30.5
138.47,-20.47,1922,4,"037003",0
138.47,-20.47,1922,5,"037003",0
138.47,-20.47,1922,6,"037003",15.2
138.47,-20.47,1922,7,"037003",0
138.47,-20.47,1922,8,"037003",0
138.47,-20.47,1922,9,"037003",0
138.47,-20.47,1922,10,"037003",26.7
138.47,-20.47,1922,11,"037003",15.2
138.47,-20.47,1922,12,"037003",98
138.47,-20.47,1923,1,"037003",45.7
138.47,-20.47,1923,2,"037003",0
138.47,-20.47,1923,3,"037003",68.3
138.47,-20.47,1923,4,"037003",0
138.47,-20.47,1923,5,"037003",6.1
138.47,-20.47,1923,6,"037003",22.9
138.47,-20.47,1923,7,"037003",0
138.47,-20.47,1923,8,"037003",0
138.47,-20.47,1923,9,"037003",0
138.47,-20.47,1923,10,"037003",7.6
138.47,-20.47,1923,11,"037003",0
138.47,-20.47,1923,12,"037003",108
138.47,-20.47,1924,1,"037003",15.2
138.47,-20.47,1924,2,"037003",164.8
138.47,-20.47,1924,3,"037003",0
138.47,-20.47,1924,4,"037003",6.4
138.47,-20.47,1924,5,"037003",0
138.47,-20.47,1924,6,"037003",0
138.47,-20.47,1924,7,"037003",0
138.47,-20.47,1924,8,"037003",0
138.47,-20.47,1924,9,"037003",0
138.47,-20.47,1924,10,"037003",0
138.47,-20.47,1924,11,"037003",7.1
138.47,-20.47,1924,12,"037003",152.4
138.47,-20.47,1925,1,"037003",206
138.47,-20.47,1925,2,"037003",42.2
138.47,-20.47,1925,3,"037003",54.6
138.47,-20.47,1925,4,"037003",0
138.47,-20.47,1925,5,"037003",0
138.47,-20.47,1925,6,"037003",5.3
138.47,-20.47,1925,7,"037003",0
138.47,-20.47,1925,8,"037003",0
138.47,-20.47,1925,9,"037003",3
138.47,-20.47,1925,10,"037003",0
138.47,-20.47,1925,11,"037003",48.3
138.47,-20.47,1925,12,"037003",2.5
138.47,-20.47,1926,1,"037003",17
138.47,-20.47,1926,2,"037003",39.6
138.47,-20.47,1926,3,"037003",53.3
138.47,-20.47,1926,4,"037003",1.3
138.47,-20.47,1926,5,"037003",0
138.47,-20.47,1926,6,"037003",0
138.47,-20.47,1926,7,"037003",0
138.47,-20.47,1926,8,"037003",0
138.47,-20.47,1926,9,"037003",12.7
138.47,-20.47,1926,10,"037003",5.6
138.47,-20.47,1926,11,"037003",45.5
138.47,-20.47,1926,12,"037003",3
138.47,-20.47,1927,1,"037003",107.7
138.47,-20.47,1927,2,"037003",85.1
138.47,-20.47,1927,3,"037003",2.5
138.47,-20.47,1927,4,"037003",3.8
138.47,-20.47,1927,5,"037003",0
138.47,-20.47,1927,6,"037003",0
138.47,-20.47,1927,7,"037003",0
138.47,-20.47,1927,8,"037003",0
138.47,-20.47,1927,9,"037003",0
138.47,-20.47,1927,10,"037003",2.3
138.47,-20.47,1927,11,"037003",3
138.47,-20.47,1927,12,"037003",16
138.47,-20.47,1928,1,"037003",15.2
138.47,-20.47,1928,2,"037003",54.4
138.47,-20.47,1928,3,"037003",2.5
138.47,-20.47,1928,4,"037003",0
138.47,-20.47,1928,5,"037003",0
138.47,-20.47,1928,6,"037003",1.5
138.47,-20.47,1928,7,"037003",0
138.47,-20.47,1928,8,"037003",0
138.47,-20.47,1928,9,"037003",0
138.47,-20.47,1928,10,"037003",0
138.47,-20.47,1928,11,"037003",26.7
138.47,-20.47,1928,12,"037003",53.3
138.47,-20.47,1929,1,"037003",117.2
138.47,-20.47,1929,2,"037003",5.1
138.47,-20.47,1929,3,"037003",24.6
138.47,-20.47,1929,4,"037003",0
138.47,-20.47,1929,5,"037003",0
138.47,-20.47,1929,6,"037003",0
138.47,-20.47,1929,7,"037003",0
138.47,-20.47,1929,8,"037003",0
138.47,-20.47,1929,9,"037003",0
138.47,-20.47,1929,10,"037003",0
138.47,-20.47,1929,11,"037003",27
138.47,-20.47,1929,12,"037003",49.5
138.47,-20.47,1930,1,"037003",71.6
138.47,-20.47,1930,2,"037003",55.4
138.47,-20.47,1930,3,"037003",23.9
138.47,-20.47,1930,4,"037003",0
138.47,-20.47,1930,5,"037003",0
138.47,-20.47,1930,6,"037003",0
138.47,-20.47,1930,7,"037003",0
138.47,-20.47,1930,8,"037003",0
138.47,-20.47,1930,9,"037003",0
138.47,-20.47,1930,10,"037003",127.1
138.47,-20.47,1930,11,"037003",53.3
138.47,-20.47,1930,12,"037003",25.4
138.47,-20.47,1931,1,"037003",38.1
138.47,-20.47,1931,2,"037003",0
138.47,-20.47,1931,3,"037003",75.2
138.47,-20.47,1931,4,"037003",7.1
138.47,-20.47,1931,5,"037003",0
138.47,-20.47,1931,6,"037003",0
138.47,-20.47,1931,7,"037003",0
138.47,-20.47,1931,8,"037003",0
138.47,-20.47,1931,9,"037003",21.6
138.47,-20.47,1931,10,"037003",0
138.47,-20.47,1931,11,"037003",73.7
138.47,-20.47,1931,12,"037003",2.5
138.47,-20.47,1932,1,"037003",4.3
138.47,-20.47,1932,2,"037003",18.2
138.47,-20.47,1932,3,"037003",27.5
138.47,-20.47,1932,4,"037003",0
138.47,-20.47,1932,5,"037003",58.4
138.47,-20.47,1932,6,"037003",7.6
138.47,-20.47,1932,7,"037003",0
138.47,-20.47,1932,8,"037003",0
138.47,-20.47,1932,9,"037003",0
138.47,-20.47,1932,10,"037003",20.3
138.47,-20.47,1932,11,"037003",0
138.47,-20.47,1932,12,"037003",4.6
138.47,-20.47,1933,1,"037003",33.8
138.47,-20.47,1933,2,"037003",145.2
138.47,-20.47,1933,3,"037003",25.7
138.47,-20.47,1933,4,"037003",1.3
138.47,-20.47,1933,5,"037003",17.8
138.47,-20.47,1933,6,"037003",39.4
138.47,-20.47,1933,7,"037003",0
138.47,-20.47,1933,8,"037003",9.7
138.47,-20.47,1933,9,"037003",0
138.47,-20.47,1933,10,"037003",0
138.47,-20.47,1933,11,"037003",6.4
138.47,-20.47,1933,12,"037003",2
138.47,-20.47,1934,1,"037003",50.2
138.47,-20.47,1934,2,"037003",37.8
138.47,-20.47,1934,3,"037003",12.7
138.47,-20.47,1934,4,"037003",0
138.47,-20.47,1934,5,"037003",0
138.47,-20.47,1934,6,"037003",101.6
138.47,-20.47,1934,7,"037003",25.4
138.47,-20.47,1934,8,"037003",0
138.47,-20.47,1934,9,"037003",0
138.47,-20.47,1934,10,"037003",0
138.47,-20.47,1934,11,"037003",7.1
138.47,-20.47,1934,12,"037003",0
138.47,-20.47,1935,1,"037003",115.3
138.47,-20.47,1935,2,"037003",8.9
138.47,-20.47,1935,3,"037003",12.7
138.47,-20.47,1935,4,"037003",0
138.47,-20.47,1935,5,"037003",0
138.47,-20.47,1935,6,"037003",64.2
138.47,-20.47,1935,7,"037003",0
138.47,-20.47,1935,8,"037003",0
138.47,-20.47,1935,9,"037003",0
138.47,-20.47,1935,10,"037003",7.6
138.47,-20.47,1935,11,"037003",7.6
138.47,-20.47,1935,12,"037003",30.5
138.47,-20.47,1936,1,"037003",133.6
138.47,-20.47,1936,2,"037003",80.7
138.47,-20.47,1936,3,"037003",58.4
138.47,-20.47,1936,4,"037003",45.7
138.47,-20.47,1936,5,"037003",71.3
138.47,-20.47,1936,6,"037003",0
138.47,-20.47,1936,7,"037003",0
138.47,-20.47,1936,8,"037003",0
138.47,-20.47,1936,9,"037003",7.6
138.47,-20.47,1936,10,"037003",0
138.47,-20.47,1936,11,"037003",0
138.47,-20.47,1936,12,"037003",67.4
138.47,-20.47,1937,1,"037003",80.8
138.47,-20.47,1937,2,"037003",0
138.47,-20.47,1937,3,"037003",14
138.47,-20.47,1937,4,"037003",0
138.47,-20.47,1937,5,"037003",0
138.47,-20.47,1937,6,"037003",0
138.47,-20.47,1937,7,"037003",101.6
138.47,-20.47,1937,8,"037003",0
138.47,-20.47,1937,9,"037003",0
138.47,-20.47,1937,10,"037003",13.2
138.47,-20.47,1937,11,"037003",0
138.47,-20.47,1937,12,"037003",25.9
138.47,-20.47,1938,1,"037003",47.8
138.47,-20.47,1938,2,"037003",110.7
138.47,-20.47,1938,3,"037003",0
138.47,-20.47,1938,4,"037003",0
138.47,-20.47,1938,5,"037003",0
138.47,-20.47,1938,6,"037003",2.5
138.47,-20.47,1938,7,"037003",31
138.47,-20.47,1938,8,"037003",0
138.47,-20.47,1938,9,"037003",0
138.47,-20.47,1938,10,"037003",6.1
138.47,-20.47,1938,11,"037003",7.6
138.47,-20.47,1938,12,"037003",0
138.47,-20.47,1939,1,"037003",18.3
138.47,-20.47,1939,2,"037003",185.4
138.47,-20.47,1939,3,"037003",17
138.47,-20.47,1939,4,"037003",40.6
138.47,-20.47,1939,5,"037003",0
138.47,-20.47,1939,6,"037003",20.3
138.47,-20.47,1939,7,"037003",15.2
138.47,-20.47,1939,8,"037003",18
138.47,-20.47,1939,9,"037003",5.6
138.47,-20.47,1939,10,"037003",25.1
138.47,-20.47,1939,11,"037003",112.8
138.47,-20.47,1939,12,"037003",0
138.47,-20.47,1940,1,"037003",115.3
138.47,-20.47,1940,2,"037003",95
138.47,-20.47,1940,3,"037003",129.5
138.47,-20.47,1940,4,"037003",44.5
138.47,-20.47,1940,5,"037003",0
138.47,-20.47,1940,6,"037003",0
138.47,-20.47,1940,7,"037003",0
138.47,-20.47,1940,8,"037003",0
138.47,-20.47,1940,9,"037003",0
138.47,-20.47,1940,10,"037003",0
138.47,-20.47,1940,11,"037003",19.1
138.47,-20.47,1940,12,"037003",7.6
138.47,-20.47,1941,1,"037003",152.1
138.47,-20.47,1941,2,"037003",12.7
138.47,-20.47,1941,3,"037003",321.8
138.47,-20.47,1941,4,"037003",0
138.47,-20.47,1941,5,"037003",7.6
138.47,-20.47,1941,6,"037003",57.7
138.47,-20.47,1941,7,"037003",0
138.47,-20.47,1941,8,"037003",0
138.47,-20.47,1941,9,"037003",0
138.47,-20.47,1941,10,"037003",0
138.47,-20.47,1941,11,"037003",73.4
138.47,-20.47,1941,12,"037003",26.7
138.47,-20.47,1942,1,"037003",45.2
138.47,-20.47,1942,2,"037003",21.6
138.47,-20.47,1942,3,"037003",0
138.47,-20.47,1942,4,"037003",21.6
138.47,-20.47,1942,5,"037003",49.5
138.47,-20.47,1942,6,"037003",0
138.47,-20.47,1942,7,"037003",0
138.47,-20.47,1942,8,"037003",0
138.47,-20.47,1942,9,"037003",3.8
138.47,-20.47,1942,10,"037003",20
138.47,-20.47,1942,11,"037003",0
138.47,-20.47,1942,12,"037003",73.4
138.47,-20.47,1943,1,"037003",24.1
138.47,-20.47,1943,2,"037003",192.5
138.47,-20.47,1943,3,"037003",6.4
138.47,-20.47,1943,4,"037003",29.2
138.47,-20.47,1943,5,"037003",3
138.47,-20.47,1943,6,"037003",0
138.47,-20.47,1943,7,"037003",0
138.47,-20.47,1943,8,"037003",0
138.47,-20.47,1943,9,"037003",0
138.47,-20.47,1943,10,"037003",37.9
138.47,-20.47,1943,11,"037003",35.6
138.47,-20.47,1943,12,"037003",38.1
138.47,-20.47,1944,1,"037003",2.3
138.47,-20.47,1944,2,"037003",188.2
138.47,-20.47,1944,3,"037003",5.3
138.47,-20.47,1944,4,"037003",0.8
138.47,-20.47,1944,5,"037003",43.2
138.47,-20.47,1944,6,"037003",73.7
138.47,-20.47,1944,7,"037003",7.4
138.47,-20.47,1944,8,"037003",0
138.47,-20.47,1944,9,"037003",6.9
138.47,-20.47,1944,10,"037003",0
138.47,-20.47,1944,11,"037003",0
138.47,-20.47,1944,12,"037003",127.9
138.47,-20.47,1945,1,"037003",7.4
138.47,-20.47,1945,2,"037003",36.1
138.47,-20.47,1945,3,"037003",18.5
138.47,-20.47,1945,4,"037003",0
138.47,-20.47,1945,5,"037003",0
138.47,-20.47,1945,6,"037003",0
138.47,-20.47,1945,7,"037003",0
138.47,-20.47,1945,8,"037003",0
138.47,-20.47,1945,9,"037003",0
138.47,-20.47,1945,10,"037003",41.4
138.47,-20.47,1945,11,"037003",0
138.47,-20.47,1945,12,"037003",153
138.47,-20.47,1946,1,"037003",68
138.47,-20.47,1946,2,"037003",185.7
138.47,-20.47,1946,3,"037003",0
138.47,-20.47,1946,4,"037003",0
138.47,-20.47,1946,5,"037003",0
138.47,-20.47,1946,6,"037003",0
138.47,-20.47,1946,7,"037003",0
138.47,-20.47,1946,8,"037003",0
138.47,-20.47,1946,9,"037003",0
138.47,-20.47,1946,10,"037003",0
138.47,-20.47,1946,11,"037003",49.3
138.47,-20.47,1946,12,"037003",50
138.47,-20.47,1947,1,"037003",19.5
138.47,-20.47,1947,2,"037003",24.4
138.47,-20.47,1947,3,"037003",49.8
138.47,-20.47,1947,4,"037003",0
138.47,-20.47,1947,5,"037003",0
138.47,-20.47,1947,6,"037003",3.8
138.47,-20.47,1947,7,"037003",0
138.47,-20.47,1947,8,"037003",55.2
138.47,-20.47,1947,9,"037003",110.7
138.47,-20.47,1947,10,"037003",7.9
138.47,-20.47,1947,11,"037003",14.7
138.47,-20.47,1947,12,"037003",54.4
138.47,-20.47,1948,1,"037003",33.5
138.47,-20.47,1948,2,"037003",13.2
138.47,-20.47,1948,3,"037003",85
138.47,-20.47,1948,4,"037003",0
138.47,-20.47,1948,5,"037003",0
138.47,-20.47,1948,6,"037003",0
138.47,-20.47,1948,7,"037003",29.8
138.47,-20.47,1948,8,"037003",0
138.47,-20.47,1948,9,"037003",0
138.47,-20.47,1948,10,"037003",6.4
138.47,-20.47,1948,11,"037003",0
138.47,-20.47,1948,12,"037003",187.2
138.47,-20.47,1949,1,"037003",12.7
138.47,-20.47,1949,2,"037003",89.4
138.47,-20.47,1949,3,"037003",80.1
138.47,-20.47,1949,4,"037003",0
138.47,-20.47,1949,5,"037003",0
138.47,-20.47,1949,6,"037003",0
138.47,-20.47,1949,7,"037003",0
138.47,-20.47,1949,8,"037003",0
138.47,-20.47,1949,9,"037003",0
138.47,-20.47,1949,10,"037003",52.9
138.47,-20.47,1949,11,"037003",51.9
138.47,-20.47,1949,12,"037003",92.8
138.47,-20.47,1950,1,"037003",46.2
138.47,-20.47,1950,2,"037003",138.9
138.47,-20.47,1950,3,"037003",240.9
138.47,-20.47,1950,4,"037003",18.8
138.47,-20.47,1950,5,"037003",9.1
138.47,-20.47,1950,6,"037003",32.5
138.47,-20.47,1950,7,"037003",4.8
138.47,-20.47,1950,8,"037003",0
138.47,-20.47,1950,9,"037003",34.3
138.47,-20.47,1950,10,"037003",22.1
138.47,-20.47,1950,11,"037003",62.2
138.47,-20.47,1950,12,"037003",47.8
138.47,-20.47,1951,1,"037003",156
138.47,-20.47,1951,2,"037003",160.1
138.47,-20.47,1951,3,"037003",22.6
138.47,-20.47,1951,4,"037003",0
138.47,-20.47,1951,5,"037003",2
138.47,-20.47,1951,6,"037003",7.9
138.47,-20.47,1951,7,"037003",0
138.47,-20.47,1951,8,"037003",0
138.47,-20.47,1951,9,"037003",0
138.47,-20.47,1951,10,"037003",0
138.47,-20.47,1951,11,"037003",0
138.47,-20.47,1951,12,"037003",4.3
138.47,-20.47,1952,1,"037003",41.7
138.47,-20.47,1952,2,"037003",5.1
138.47,-20.47,1952,3,"037003",0.8
138.47,-20.47,1952,4,"037003",65
138.47,-20.47,1952,5,"037003",30.4
138.47,-20.47,1952,6,"037003",0
138.47,-20.47,1952,7,"037003",0
138.47,-20.47,1952,8,"037003",0
138.47,-20.47,1952,9,"037003",0
138.47,-20.47,1952,10,"037003",18.5
138.47,-20.47,1952,11,"037003",19.8
138.47,-20.47,1952,12,"037003",6.1
138.47,-20.47,1953,1,"037003",155.1
138.47,-20.47,1953,2,"037003",183
138.47,-20.47,1953,3,"037003",0
138.47,-20.47,1953,4,"037003",0
138.47,-20.47,1953,5,"037003",0
138.47,-20.47,1953,6,"037003",0
138.47,-20.47,1953,7,"037003",0
138.47,-20.47,1953,8,"037003",7.6
138.47,-20.47,1953,9,"037003",2.3
138.47,-20.47,1953,10,"037003",4.1
138.47,-20.47,1953,11,"037003",13.2
138.47,-20.47,1953,12,"037003",67.3
138.47,-20.47,1954,1,"037003",72.7
138.47,-20.47,1954,2,"037003",16.8
138.47,-20.47,1954,3,"037003",60.7
138.47,-20.47,1954,4,"037003",1.5
138.47,-20.47,1954,5,"037003",0
138.47,-20.47,1954,6,"037003",0
138.47,-20.47,1954,7,"037003",0
138.47,-20.47,1954,8,"037003",0
138.47,-20.47,1954,9,"037003",0
138.47,-20.47,1954,10,"037003",48.6
138.47,-20.47,1954,11,"037003",20.1
138.47,-20.47,1954,12,"037003",52.8
138.47,-20.47,1955,1,"037003",55.1
138.47,-20.47,1955,2,"037003",113.8
138.47,-20.47,1955,3,"037003",15.2
138.47,-20.47,1955,4,"037003",21.9
138.47,-20.47,1955,5,"037003",107.5
138.47,-20.47,1955,6,"037003",0
138.47,-20.47,1955,7,"037003",5.4
138.47,-20.47,1955,8,"037003",0
138.47,-20.47,1955,9,"037003",0
138.47,-20.47,1955,10,"037003",15.5
138.47,-20.47,1955,11,"037003",7.9
138.47,-20.47,1955,12,"037003",0
138.47,-20.47,1956,1,"037003",0
138.47,-20.47,1956,2,"037003",228.2
138.47,-20.47,1956,3,"037003",153.7
138.47,-20.47,1956,4,"037003",0
138.47,-20.47,1956,5,"037003",19.3
138.47,-20.47,1956,6,"037003",10.9
138.47,-20.47,1956,7,"037003",78.8
138.47,-20.47,1956,8,"037003",0
138.47,-20.47,1956,9,"037003",8.1
138.47,-20.47,1956,10,"037003",2.8
138.47,-20.47,1956,11,"037003",23.4
138.47,-20.47,1956,12,"037003",31.7
138.47,-20.47,1957,1,"037003",149
138.47,-20.47,1957,2,"037003",7.1
138.47,-20.47,1957,3,"037003",46.5
138.47,-20.47,1957,4,"037003",43.7
138.47,-20.47,1957,5,"037003",0
138.47,-20.47,1957,6,"037003",15.7
138.47,-20.47,1957,7,"037003",3.3
138.47,-20.47,1957,8,"037003",0
138.47,-20.47,1957,9,"037003",0
138.47,-20.47,1957,10,"037003",11.7
138.47,-20.47,1957,11,"037003",10.7
138.47,-20.47,1957,12,"037003",12.5
138.47,-20.47,1958,1,"037003",28.4
138.47,-20.47,1958,2,"037003",11.2
138.47,-20.47,1958,3,"037003",100.3
138.47,-20.47,1958,4,"037003",35
138.47,-20.47,1958,5,"037003",12.2
138.47,-20.47,1958,6,"037003",9.4
138.47,-20.47,1958,7,"037003",0
138.47,-20.47,1958,8,"037003",0
138.47,-20.47,1958,9,"037003",0
138.47,-20.47,1958,10,"037003",14.8
138.47,-20.47,1958,11,"037003",17.5
138.47,-20.47,1958,12,"037003",0.8
138.47,-20.47,1959,1,"037003",34.8
138.47,-20.47,1959,2,"037003",2
138.47,-20.47,1959,3,"037003",39.4
138.47,-20.47,1959,4,"037003",0
138.47,-20.47,1959,5,"037003",114.3
138.47,-20.47,1959,6,"037003",0
138.47,-20.47,1959,7,"037003",0
138.47,-20.47,1959,8,"037003",0
138.47,-20.47,1959,9,"037003",7.1
138.47,-20.47,1959,10,"037003",0
138.47,-20.47,1959,11,"037003",3.3
138.47,-20.47,1959,12,"037003",13.7
138.47,-20.47,1960,1,"037003",57.7
138.47,-20.47,1960,2,"037003",30.7
138.47,-20.47,1960,3,"037003",53.8
138.47,-20.47,1960,4,"037003",40.5
138.47,-20.47,1960,5,"037003",11.9
138.47,-20.47,1960,6,"037003",0
138.47,-20.47,1960,7,"037003",0
138.47,-20.47,1960,8,"037003",0
138.47,-20.47,1960,9,"037003",1.5
138.47,-20.47,1960,10,"037003",2.5
138.47,-20.47,1960,11,"037003",44
138.47,-20.47,1960,12,"037003",69.8
138.47,-20.47,1961,1,"037003",23.4
138.47,-20.47,1961,2,"037003",40.3
138.47,-20.47,1961,3,"037003",2
138.47,-20.47,1961,4,"037003",2
138.47,-20.47,1961,5,"037003",0
138.47,-20.47,1961,6,"037003",0
138.47,-20.47,1961,7,"037003",6.9
138.47,-20.47,1961,8,"037003",0
138.47,-20.47,1961,9,"037003",0
138.47,-20.47,1961,10,"037003",0
138.47,-20.47,1961,11,"037003",7.9
138.47,-20.47,1961,12,"037003",73.5
138.47,-20.47,1962,1,"037003",91.7
138.47,-20.47,1962,2,"037003",30.4
138.47,-20.47,1962,3,"037003",182.8
138.47,-20.47,1962,4,"037003",0
138.47,-20.47,1962,5,"037003",7.6
138.47,-20.47,1962,6,"037003",15.2
138.47,-20.47,1962,7,"037003",1
138.47,-20.47,1962,8,"037003",0
138.47,-20.47,1962,9,"037003",0
138.47,-20.47,1962,10,"037003",15.7
138.47,-20.47,1962,11,"037003",1.5
138.47,-20.47,1962,12,"037003",33.5
138.47,-20.47,1963,1,"037003",73.8
138.47,-20.47,1963,2,"037003",61.8
138.47,-20.47,1963,3,"037003",22.3
138.47,-20.47,1963,4,"037003",94.9
138.47,-20.47,1963,5,"037003",0
138.47,-20.47,1963,6,"037003",0
138.47,-20.47,1963,7,"037003",0
138.47,-20.47,1963,8,"037003",0
138.47,-20.47,1963,9,"037003",0
138.47,-20.47,1963,10,"037003",9.4
138.47,-20.47,1963,11,"037003",0
138.47,-20.47,1963,12,"037003",30.5
138.47,-20.47,1964,1,"037003",166.9
138.47,-20.47,1964,2,"037003",30.7
138.47,-20.47,1964,3,"037003",11.7
138.47,-20.47,1964,4,"037003",0
138.47,-20.47,1964,5,"037003",1.8
138.47,-20.47,1964,6,"037003",0
138.47,-20.47,1964,7,"037003",0
138.47,-20.47,1964,8,"037003",0
138.47,-20.47,1964,9,"037003",13.2
138.47,-20.47,1964,10,"037003",25.2
138.47,-20.47,1964,11,"037003",11.9
138.47,-20.47,1964,12,"037003",86.1
138.47,-20.47,1965,1,"037003",26.7
138.47,-20.47,1965,2,"037003",0
138.47,-20.47,1965,3,"037003",55.4
138.47,-20.47,1965,4,"037003",0
138.47,-20.47,1965,5,"037003",11.9
138.47,-20.47,1965,6,"037003",5.8
138.47,-20.47,1965,7,"037003",0
138.47,-20.47,1965,8,"037003",0
138.47,-20.47,1965,9,"037003",0
138.47,-20.47,1965,10,"037003",0
138.47,-20.47,1965,11,"037003",10.2
138.47,-20.47,1965,12,"037003",103.3
138.47,-20.47,1966,1,"037003",208.7
138.47,-20.47,1966,2,"037003",0
138.47,-20.47,1966,3,"037003",12.2
138.47,-20.47,1966,4,"037003",0
138.47,-20.47,1966,5,"037003",0
138.47,-20.47,1966,6,"037003",6.4
138.47,-20.47,1966,7,"037003",0
138.47,-20.47,1966,8,"037003",24.1
138.47,-20.47,1966,9,"037003",4.1
138.47,-20.47,1966,10,"037003",0
138.47,-20.47,1966,11,"037003",18.3
138.47,-20.47,1966,12,"037003",34
138.47,-20.47,1967,1,"037003",14.7
138.47,-20.47,1967,2,"037003",49.9
138.47,-20.47,1967,3,"037003",157.9
138.47,-20.47,1967,4,"037003",0
138.47,-20.47,1967,5,"037003",0
138.47,-20.47,1967,6,"037003",0
138.47,-20.47,1967,7,"037003",0
138.47,-20.47,1967,8,"037003",0
138.47,-20.47,1967,9,"037003",0
138.47,-20.47,1967,10,"037003",0
138.47,-20.47,1967,11,"037003",10.2
138.47,-20.47,1967,12,"037003",5.1
138.47,-20.47,1968,1,"037003",72.9
138.47,-20.47,1968,2,"037003",72.3
138.47,-20.47,1968,3,"037003",0
138.47,-20.47,1968,4,"037003",94.7
138.47,-20.47,1968,5,"037003",166.9
138.47,-20.47,1968,6,"037003",0
138.47,-20.47,1968,7,"037003",26.4
138.47,-20.47,1968,8,"037003",0
138.47,-20.47,1968,9,"037003",0
138.47,-20.47,1968,10,"037003",0
138.47,-20.47,1968,11,"037003",0
138.47,-20.47,1968,12,"037003",42.7
138.47,-20.47,1969,1,"037003",40.7
138.47,-20.47,1969,2,"037003",14.5
138.47,-20.47,1969,3,"037003",30
138.47,-20.47,1969,4,"037003",0
138.47,-20.47,1969,5,"037003",0
138.47,-20.47,1969,6,"037003",0
138.47,-20.47,1969,7,"037003",0
138.47,-20.47,1969,8,"037003",0
138.47,-20.47,1969,9,"037003",0
138.47,-20.47,1969,10,"037003",0
138.47,-20.47,1969,11,"037003",0
138.47,-20.47,1969,12,"037003",81
138.47,-20.47,1970,1,"037003",1.3
138.47,-20.47,1970,2,"037003",7.6
138.47,-20.47,1970,3,"037003",18.3
138.47,-20.47,1970,4,"037003",6.3
138.47,-20.47,1970,5,"037003",0
138.47,-20.47,1970,6,"037003",0
138.47,-20.47,1970,7,"037003",0
138.47,-20.47,1970,8,"037003",0
138.47,-20.47,1970,9,"037003",2.6
138.47,-20.47,1970,10,"037003",2.3
138.47,-20.47,1970,11,"037003",28.5
138.47,-20.47,1970,12,"037003",11.9
138.47,-20.47,1971,1,"037003",8.3
138.47,-20.47,1971,2,"037003",10.1
138.47,-20.47,1971,3,"037003",160.7
138.47,-20.47,1971,4,"037003",192.6
138.47,-20.47,1971,5,"037003",2
138.47,-20.47,1971,6,"037003",0
138.47,-20.47,1971,7,"037003",6.1
138.47,-20.47,1971,8,"037003",14
138.47,-20.47,1971,9,"037003",1.3
138.47,-20.47,1971,10,"037003",25.1
138.47,-20.47,1971,11,"037003",41.1
138.47,-20.47,1971,12,"037003",2.3
138.47,-20.47,1972,1,"037003",5.1
138.47,-20.47,1972,2,"037003",54.8
138.47,-20.47,1972,3,"037003",79.3
138.47,-20.47,1972,4,"037003",0
138.47,-20.47,1972,5,"037003",0
138.47,-20.47,1972,6,"037003",0
138.47,-20.47,1972,7,"037003",0
138.47,-20.47,1972,8,"037003",0
138.47,-20.47,1972,9,"037003",0
138.47,-20.47,1972,10,"037003",0
138.47,-20.47,1972,11,"037003",22.6
138.47,-20.47,1972,12,"037003",0
138.47,-20.47,1973,1,"037003",11.2
138.47,-20.47,1973,2,"037003",99.1
138.47,-20.47,1973,3,"037003",94.7
138.47,-20.47,1973,4,"037003",12.2
138.47,-20.47,1973,5,"037003",2.5
138.47,-20.47,1973,6,"037003",10.2
138.47,-20.47,1973,7,"037003",0
138.47,-20.47,1973,8,"037003",0
138.47,-20.47,1973,9,"037003",31
138.47,-20.47,1973,10,"037003",27.9
138.47,-20.47,1973,11,"037003",77.5
138.47,-20.47,1973,12,"037003",59.4
138.47,-20.47,1974,1,"037003",669.2
138.47,-20.47,1974,2,"037003",113
138.47,-20.47,1974,3,"037003",352
138.47,-20.47,1974,4,"037003",0
138.47,-20.47,1974,5,"037003",32.8
138.47,-20.47,1974,6,"037003",0
138.47,-20.47,1974,7,"037003",0
138.47,-20.47,1974,8,"037003",12.8
138.47,-20.47,1974,9,"037003",29.2
138.47,-20.47,1974,10,"037003",12.2
138.47,-20.47,1974,11,"037003",0
138.47,-20.47,1974,12,"037003",51.6
138.47,-20.47,1975,1,"037003",105.8
138.47,-20.47,1975,2,"037003",275.6
138.47,-20.47,1975,3,"037003",102
138.47,-20.47,1975,4,"037003",36
138.47,-20.47,1975,5,"037003",0
138.47,-20.47,1975,6,"037003",0
138.47,-20.47,1975,7,"037003",0
138.47,-20.47,1975,8,"037003",12.4
138.47,-20.47,1975,9,"037003",5.8
138.47,-20.47,1975,10,"037003",65.2
138.47,-20.47,1975,11,"037003",10
138.47,-20.47,1975,12,"037003",148.8
138.47,-20.47,1976,1,"037003",245.5
138.47,-20.47,1976,2,"037003",57.4
138.47,-20.47,1976,3,"037003",17.6
138.47,-20.47,1976,4,"037003",0
138.47,-20.47,1976,5,"037003",0
138.47,-20.47,1976,6,"037003",0
138.47,-20.47,1976,7,"037003",1.6
138.47,-20.47,1976,8,"037003",0
138.47,-20.47,1976,9,"037003",0.6
138.47,-20.47,1976,10,"037003",39
138.47,-20.47,1976,11,"037003",19.4
138.47,-20.47,1976,12,"037003",40
138.47,-20.47,1977,1,"037003",227.8
138.47,-20.47,1977,2,"037003",200.2
138.47,-20.47,1977,3,"037003",42
138.47,-20.47,1977,4,"037003",40.2
138.47,-20.47,1977,5,"037003",33.8
138.47,-20.47,1977,6,"037003",0
138.47,-20.47,1977,7,"037003",0
138.47,-20.47,1977,8,"037003",0
138.47,-20.47,1977,9,"037003",1
138.47,-20.47,1977,10,"037003",0
138.47,-20.47,1977,11,"037003",34
138.47,-20.47,1977,12,"037003",164
138.47,-20.47,1978,1,"037003",124
138.47,-20.47,1978,2,"037003",14.2
138.47,-20.47,1978,3,"037003",20
138.47,-20.47,1978,4,"037003",0
138.47,-20.47,1978,5,"037003",34
138.47,-20.47,1978,6,"037003",8
138.47,-20.47,1978,7,"037003",68.8
138.47,-20.47,1978,8,"037003",0
138.47,-20.47,1978,9,"037003",47.2
138.47,-20.47,1978,10,"037003",6.4
138.47,-20.47,1978,11,"037003",27
138.47,-20.47,1978,12,"037003",22.6
138.47,-20.47,1979,1,"037003",90
138.47,-20.47,1979,2,"037003",208
138.47,-20.47,1979,3,"037003",10
138.47,-20.47,1979,4,"037003",0
138.47,-20.47,1979,5,"037003",7
138.47,-20.47,1979,6,"037003",4.4
138.47,-20.47,1979,7,"037003",0
138.47,-20.47,1979,8,"037003",0
138.47,-20.47,1979,9,"037003",2.4
138.47,-20.47,1979,10,"037003",15.8
138.47,-20.47,1979,11,"037003",8.6
138.47,-20.47,1979,12,"037003",6.4
138.47,-20.47,1980,1,"037003",87.6
138.47,-20.47,1980,2,"037003",25.4
138.47,-20.47,1980,3,"037003",25
138.47,-20.47,1980,4,"037003",0
138.47,-20.47,1980,5,"037003",1.2
138.47,-20.47,1980,6,"037003",0
138.47,-20.47,1980,7,"037003",0
138.47,-20.47,1980,8,"037003",8.8
138.47,-20.47,1980,9,"037003",0
138.47,-20.47,1980,10,"037003",16.6
138.47,-20.47,1980,11,"037003",0
138.47,-20.47,1980,12,"037003",30.4
138.47,-20.47,1981,1,"037003",88.4
138.47,-20.47,1981,2,"037003",70.6
138.47,-20.47,1981,3,"037003",0
138.47,-20.47,1981,4,"037003",0
138.47,-20.47,1981,5,"037003",49.8
138.47,-20.47,1981,6,"037003",8.2
138.47,-20.47,1981,7,"037003",9.6
138.47,-20.47,1981,8,"037003",1.2
138.47,-20.47,1981,9,"037003",1.8
138.47,-20.47,1981,10,"037003",1.8
138.47,-20.47,1981,11,"037003",61
138.47,-20.47,1981,12,"037003",2
138.47,-20.47,1982,1,"037003",36.4
138.47,-20.47,1982,2,"037003",131.2
138.47,-20.47,1982,3,"037003",30.2
138.47,-20.47,1982,4,"037003",3.8
138.47,-20.47,1982,5,"037003",0
138.47,-20.47,1982,6,"037003",0
138.47,-20.47,1982,7,"037003",0
138.47,-20.47,1982,8,"037003",0
138.47,-20.47,1982,9,"037003",0
138.47,-20.47,1982,10,"037003",0
138.47,-20.47,1982,11,"037003",15.2
138.47,-20.47,1982,12,"037003",32.4
138.47,-20.47,1983,1,"037003",75.4
138.47,-20.47,1983,2,"037003",5.4
138.47,-20.47,1983,3,"037003",130
138.47,-20.47,1983,4,"037003",28.3
138.47,-20.47,1983,5,"037003",6.1
138.47,-20.47,1983,6,"037003",0
138.47,-20.47,1983,7,"037003",0
138.47,-20.47,1983,8,"037003",10
138.47,-20.47,1983,9,"037003",0
138.47,-20.47,1983,10,"037003",0
138.47,-20.47,1983,11,"037003",44.4
138.47,-20.47,1983,12,"037003",58.8
138.47,-20.47,1984,1,"037003",105
138.47,-20.47,1984,2,"037003",34
138.47,-20.47,1984,3,"037003",60.8
138.47,-20.47,1984,4,"037003",0
138.47,-20.47,1984,5,"037003",0
138.47,-20.47,1984,6,"037003",0
138.47,-20.47,1984,7,"037003",59.8
138.47,-20.47,1984,8,"037003",NA
138.47,-20.47,1984,9,"037003",41
138.47,-20.47,1984,10,"037003",15.2
138.47,-20.47,1984,11,"037003",43.2
138.47,-20.47,1984,12,"037003",205.1
138.47,-20.47,1985,1,"037003",0
138.47,-20.47,1985,2,"037003",38
138.47,-20.47,1985,3,"037003",5
138.47,-20.47,1985,4,"037003",0
138.47,-20.47,1985,5,"037003",0
138.47,-20.47,1985,6,"037003",19
138.47,-20.47,1985,7,"037003",0
138.47,-20.47,1985,8,"037003",0
138.47,-20.47,1985,9,"037003",0
138.47,-20.47,1985,10,"037003",0
138.47,-20.47,1985,11,"037003",83
138.47,-20.47,1985,12,"037003",37.7
138.47,-20.47,1986,1,"037003",2.4
138.47,-20.47,1986,2,"037003",0
138.47,-20.47,1986,3,"037003",6.4
138.47,-20.47,1986,4,"037003",0
138.47,-20.47,1986,5,"037003",4
138.47,-20.47,1986,6,"037003",0
138.47,-20.47,1986,7,"037003",71.6
138.47,-20.47,1986,8,"037003",0
138.47,-20.47,1986,9,"037003",22.8
138.47,-20.47,1986,10,"037003",60.7
138.47,-20.47,1986,11,"037003",13.2
138.47,-20.47,1986,12,"037003",45.9
138.47,-20.47,1987,1,"037003",24.2
138.47,-20.47,1987,2,"037003",104.8
138.47,-20.47,1987,3,"037003",14.2
138.47,-20.47,1987,4,"037003",7
138.47,-20.47,1987,5,"037003",0
138.47,-20.47,1987,6,"037003",0
138.47,-20.47,1987,7,"037003",0
138.47,-20.47,1987,8,"037003",0
138.47,-20.47,1987,9,"037003",0
138.47,-20.47,1987,10,"037003",8.8
138.47,-20.47,1987,11,"037003",7.2
138.47,-20.47,1987,12,"037003",194.2
138.47,-20.47,1988,1,"037003",5
138.47,-20.47,1988,2,"037003",12
138.47,-20.47,1988,3,"037003",7
138.47,-20.47,1988,4,"037003",22
138.47,-20.47,1988,5,"037003",18
138.47,-20.47,1988,6,"037003",0
138.47,-20.47,1988,7,"037003",0
138.47,-20.47,1988,8,"037003",38
138.47,-20.47,1988,9,"037003",0
138.47,-20.47,1988,10,"037003",0
138.47,-20.47,1988,11,"037003",0
138.47,-20.47,1988,12,"037003",161.9
138.47,-20.47,1989,1,"037003",20.2
138.47,-20.47,1989,2,"037003",5
138.47,-20.47,1989,3,"037003",56.5
138.47,-20.47,1989,4,"037003",74
138.47,-20.47,1989,5,"037003",0
138.47,-20.47,1989,6,"037003",32
138.47,-20.47,1989,7,"037003",4
138.47,-20.47,1989,8,"037003",0
138.47,-20.47,1989,9,"037003",0
138.47,-20.47,1989,10,"037003",14.4
138.47,-20.47,1989,11,"037003",27
138.47,-20.47,1989,12,"037003",57.5
138.47,-20.47,1990,1,"037003",15.2
138.47,-20.47,1990,2,"037003",9
138.47,-20.47,1990,3,"037003",12.6
138.47,-20.47,1990,4,"037003",5.6
138.47,-20.47,1990,5,"037003",51
138.47,-20.47,1990,6,"037003",0
138.47,-20.47,1990,7,"037003",0
138.47,-20.47,1990,8,"037003",0
138.47,-20.47,1990,9,"037003",8
138.47,-20.47,1990,10,"037003",0
138.47,-20.47,1990,11,"037003",0
138.47,-20.47,1990,12,"037003",38
138.47,-20.47,1991,1,"037003",133.2
138.47,-20.47,1991,2,"037003",108.2
138.47,-20.47,1991,3,"037003",12
138.47,-20.47,1991,4,"037003",0
138.47,-20.47,1991,5,"037003",0
138.47,-20.47,1991,6,"037003",26
138.47,-20.47,1991,7,"037003",0
138.47,-20.47,1991,8,"037003",0
138.47,-20.47,1991,9,"037003",0
138.47,-20.47,1991,10,"037003",0
138.47,-20.47,1991,11,"037003",46
138.47,-20.47,1991,12,"037003",54.1
138.47,-20.47,1992,1,"037003",70
138.47,-20.47,1992,2,"037003",139.2
138.47,-20.47,1992,3,"037003",0
138.47,-20.47,1992,4,"037003",0
138.47,-20.47,1992,5,"037003",58.4
138.47,-20.47,1992,6,"037003",0
138.47,-20.47,1992,7,"037003",0
138.47,-20.47,1992,8,"037003",0
138.47,-20.47,1992,9,"037003",26.2
138.47,-20.47,1992,10,"037003",4.4
138.47,-20.47,1992,11,"037003",11.1
138.47,-20.47,1992,12,"037003",128.2
138.47,-20.47,1993,1,"037003",47
138.47,-20.47,1993,2,"037003",216.5
138.47,-20.47,1993,3,"037003",30
138.47,-20.47,1993,4,"037003",0
138.47,-20.47,1993,5,"037003",4.2
138.47,-20.47,1993,6,"037003",0
138.47,-20.47,1993,7,"037003",0
138.47,-20.47,1993,8,"037003",12
138.47,-20.47,1993,9,"037003",0
138.47,-20.47,1993,10,"037003",2
138.47,-20.47,1993,11,"037003",28.5
138.47,-20.47,1993,12,"037003",19.4
138.47,-20.47,1994,1,"037003",53
138.47,-20.47,1994,2,"037003",113.4
138.47,-20.47,1994,3,"037003",16.6
138.47,-20.47,1994,4,"037003",0
138.47,-20.47,1994,5,"037003",0
138.47,-20.47,1994,6,"037003",0
138.47,-20.47,1994,7,"037003",0
138.47,-20.47,1994,8,"037003",0
138.47,-20.47,1994,9,"037003",0
138.47,-20.47,1994,10,"037003",5
138.47,-20.47,1994,11,"037003",13.4
138.47,-20.47,1994,12,"037003",35.8
138.47,-20.47,1995,1,"037003",94.5
138.47,-20.47,1995,2,"037003",107.8
138.47,-20.47,1995,3,"037003",103.4
138.47,-20.47,1995,4,"037003",0
138.47,-20.47,1995,5,"037003",12
138.47,-20.47,1995,6,"037003",0
138.47,-20.47,1995,7,"037003",0.6
138.47,-20.47,1995,8,"037003",0
138.47,-20.47,1995,9,"037003",2
138.47,-20.47,1995,10,"037003",20.7
138.47,-20.47,1995,11,"037003",59.7
138.47,-20.47,1995,12,"037003",77.4
138.47,-20.47,1996,1,"037003",36
138.47,-20.47,1996,2,"037003",80
138.47,-20.47,1996,3,"037003",113.4
138.47,-20.47,1996,4,"037003",9
138.47,-20.47,1996,5,"037003",0.6
138.47,-20.47,1996,6,"037003",0
138.47,-20.47,1996,7,"037003",8
138.47,-20.47,1996,8,"037003",4
138.47,-20.47,1996,9,"037003",0
138.47,-20.47,1996,10,"037003",31
138.47,-20.47,1996,11,"037003",1.4
138.47,-20.47,1996,12,"037003",65.6
138.47,-20.47,1997,1,"037003",201.8
138.47,-20.47,1997,2,"037003",154.4
138.47,-20.47,1997,3,"037003",154.6
138.47,-20.47,1997,4,"037003",0
138.47,-20.47,1997,5,"037003",0
138.47,-20.47,1997,6,"037003",4
138.47,-20.47,1997,7,"037003",0
138.47,-20.47,1997,8,"037003",0
138.47,-20.47,1997,9,"037003",0
138.47,-20.47,1997,10,"037003",0
138.47,-20.47,1997,11,"037003",40
138.47,-20.47,1997,12,"037003",101.4
138.47,-20.47,1998,1,"037003",32
138.47,-20.47,1998,2,"037003",114.1
138.47,-20.47,1998,3,"037003",33
138.47,-20.47,1998,4,"037003",23
138.47,-20.47,1998,5,"037003",0
138.47,-20.47,1998,6,"037003",25
138.47,-20.47,1998,7,"037003",9
138.47,-20.47,1998,8,"037003",0
138.47,-20.47,1998,9,"037003",35
138.47,-20.47,1998,10,"037003",7
138.47,-20.47,1998,11,"037003",84
138.47,-20.47,1998,12,"037003",46
138.47,-20.47,1999,1,"037003",195.8
138.47,-20.47,1999,2,"037003",42.6
138.47,-20.47,1999,3,"037003",42.8
138.47,-20.47,1999,4,"037003",2.6
138.47,-20.47,1999,5,"037003",0
138.47,-20.47,1999,6,"037003",0
138.47,-20.47,1999,7,"037003",0
138.47,-20.47,1999,8,"037003",0
138.47,-20.47,1999,9,"037003",0
138.47,-20.47,1999,10,"037003",7
138.47,-20.47,1999,11,"037003",84.6
138.47,-20.47,1999,12,"037003",33.4
138.47,-20.47,2000,1,"037003",8
138.47,-20.47,2000,2,"037003",158
138.47,-20.47,2000,3,"037003",7.6
138.47,-20.47,2000,4,"037003",74
138.47,-20.47,2000,5,"037003",0
138.47,-20.47,2000,6,"037003",0
138.47,-20.47,2000,7,"037003",0
138.47,-20.47,2000,8,"037003",0
138.47,-20.47,2000,9,"037003",0
138.47,-20.47,2000,10,"037003",107.5
138.47,-20.47,2000,11,"037003",95
138.47,-20.47,2000,12,"037003",308
138.47,-20.47,2001,1,"037003",22
138.47,-20.47,2001,2,"037003",36.4
138.47,-20.47,2001,3,"037003",66.4
138.47,-20.47,2001,4,"037003",2
138.47,-20.47,2001,5,"037003",0
138.47,-20.47,2001,6,"037003",0
138.47,-20.47,2001,7,"037003",0
138.47,-20.47,2001,8,"037003",0
138.47,-20.47,2001,9,"037003",3
138.47,-20.47,2001,10,"037003",53
138.47,-20.47,2001,11,"037003",14.5
138.47,-20.47,2001,12,"037003",61.7
138.47,-20.47,2002,1,"037003",113.5
138.47,-20.47,2002,2,"037003",147
138.47,-20.47,2002,3,"037003",0
138.47,-20.47,2002,4,"037003",0
138.47,-20.47,2002,5,"037003",0
138.47,-20.47,2002,6,"037003",0
138.47,-20.47,2002,7,"037003",0
138.47,-20.47,2002,8,"037003",0
138.47,-20.47,2002,9,"037003",0
138.47,-20.47,2002,10,"037003",0
138.47,-20.47,2002,11,"037003",0
138.47,-20.47,2002,12,"037003",NA
138.47,-20.47,2004,1,"037003",173
138.47,-20.47,2004,2,"037003",165.1
138.47,-20.47,2004,3,"037003",24
138.47,-20.47,2004,4,"037003",0
138.47,-20.47,2004,5,"037003",0
138.47,-20.47,2004,6,"037003",0
138.47,-20.47,2004,7,"037003",0
138.47,-20.47,2004,8,"037003",2
138.47,-20.47,2004,9,"037003",0
138.47,-20.47,2004,10,"037003",0
138.47,-20.47,2004,11,"037003",0
138.47,-20.47,2004,12,"037003",67
138.47,-20.47,2005,1,"037003",132
138.47,-20.47,2005,2,"037003",0
138.47,-20.47,2005,3,"037003",0
138.47,-20.47,2005,4,"037003",0
138.47,-20.47,2005,5,"037003",0
138.47,-20.47,2005,6,"037003",33
138.47,-20.47,2005,7,"037003",0
138.47,-20.47,2005,8,"037003",0
138.47,-20.47,2005,9,"037003",0
138.47,-20.47,2005,10,"037003",25
138.47,-20.47,2005,11,"037003",10.5
138.47,-20.47,2005,12,"037003",34
138.47,-20.47,2006,1,"037003",156.5
138.47,-20.47,2006,2,"037003",38
138.47,-20.47,2006,3,"037003",156
138.47,-20.47,2006,4,"037003",141
138.47,-20.47,2006,5,"037003",0
138.47,-20.47,2006,6,"037003",0
138.47,-20.47,2006,7,"037003",0
138.47,-20.47,2006,8,"037003",0
138.47,-20.47,2006,9,"037003",0
138.47,-20.47,2006,10,"037003",0
138.47,-20.47,2006,11,"037003",0
138.47,-20.47,2006,12,"037003",0
138.47,-20.47,2007,1,"037003",219.5
138.47,-20.47,2007,2,"037003",NA
138.47,-20.47,2007,3,"037003",12
138.47,-20.47,2007,4,"037003",0
138.47,-20.47,2007,5,"037003",0
138.47,-20.47,2007,6,"037003",122
138.47,-20.47,2007,7,"037003",0
138.47,-20.47,2007,8,"037003",0
138.47,-20.47,2007,9,"037003",0
138.47,-20.47,2007,10,"037003",16
138.47,-20.47,2007,11,"037003",0
138.47,-20.47,2007,12,"037003",NA
138.47,-20.47,2008,1,"037003",NA
138.47,-20.47,2008,2,"037003",NA
138.47,-20.47,2008,3,"037003",NA
138.47,-20.47,2008,4,"037003",NA
138.47,-20.47,2008,5,"037003",NA
138.47,-20.47,2008,6,"037003",NA
138.47,-20.47,2008,7,"037003",NA
138.47,-20.47,2008,8,"037003",NA
138.47,-20.47,2008,9,"037003",NA
138.47,-20.47,2008,10,"037003",NA
138.47,-20.47,2008,11,"037003",100
138.47,-20.47,2008,12,"037003",93
138.47,-20.47,2009,1,"037003",563
138.47,-20.47,2009,2,"037003",282
138.47,-20.47,2009,3,"037003",0
138.47,-20.47,2009,4,"037003",0
138.47,-20.47,2009,5,"037003",0
138.47,-20.47,2009,6,"037003",0
138.47,-20.47,2009,7,"037003",0
138.47,-20.47,2009,8,"037003",0
138.47,-20.47,2009,9,"037003",0
138.47,-20.47,2009,10,"037003",0
138.47,-20.47,2009,11,"037003",32
138.47,-20.47,2009,12,"037003",0
138.47,-20.47,2010,1,"037003",92
138.47,-20.47,2010,2,"037003",97
138.47,-20.47,2010,3,"037003",30
138.47,-20.47,2010,4,"037003",0
138.47,-20.47,2010,5,"037003",29
138.47,-20.47,2010,6,"037003",0
138.47,-20.47,2010,7,"037003",17
138.47,-20.47,2010,8,"037003",10
138.47,-20.47,2010,9,"037003",0
138.47,-20.47,2010,10,"037003",NA
138.47,-20.47,2010,11,"037003",85
138.47,-20.47,2010,12,"037003",87
138.47,-20.47,2011,1,"037003",73
138.47,-20.47,2011,2,"037003",214
138.47,-20.47,2011,3,"037003",290
138.47,-20.47,2011,4,"037003",NA
138.47,-20.47,2011,5,"037003",0
138.47,-20.47,2011,6,"037003",0
138.47,-20.47,2011,7,"037003",0
138.47,-20.47,2011,8,"037003",0
138.47,-20.47,2011,9,"037003",0
138.47,-20.47,2011,10,"037003",0
138.47,-20.47,2011,11,"037003",79
138.47,-20.47,2011,12,"037003",69
138.47,-20.47,2012,1,"037003",53
138.47,-20.47,2012,2,"037003",26
138.47,-20.47,2012,3,"037003",NA
138.47,-20.47,2012,4,"037003",NA
138.47,-20.47,2012,5,"037003",0
138.47,-20.47,2012,6,"037003",0
138.47,-20.47,2012,7,"037003",30
138.47,-20.47,2012,8,"037003",0
138.47,-20.47,2012,9,"037003",0
138.47,-20.47,2012,10,"037003",NA
138.47,-20.47,2012,11,"037003",NA
138.47,-20.47,2012,12,"037003",201
138.47,-20.47,2013,1,"037003",0
138.47,-20.47,2013,2,"037003",18
138.47,-20.47,2013,3,"037003",NA
138.47,-20.47,2013,4,"037003",0
138.47,-20.47,2013,5,"037003",0
138.47,-20.47,2013,6,"037003",0
138.47,-20.47,2013,7,"037003",0
138.47,-20.47,2013,8,"037003",0
138.47,-20.47,2013,9,"037003",0
138.47,-20.47,2013,10,"037003",0
138.47,-20.47,2013,11,"037003",NA
138.47,-20.47,2013,12,"037003",16
138.47,-20.47,2015,1,"037003",201
138.47,-20.47,2015,2,"037003",0
138.47,-20.47,2015,3,"037003",0
138.47,-20.47,2015,4,"037003",0
138.47,-20.47,2015,5,"037003",0
138.47,-20.47,2015,6,"037003",0
138.47,-20.47,2015,7,"037003",0
138.47,-20.47,2015,8,"037003",0
138.47,-20.47,2015,9,"037003",0
138.47,-20.47,2015,10,"037003",0
138.47,-20.47,2015,11,"037003",0
138.47,-20.47,2015,12,"037003",133
138.47,-20.47,2016,1,"037003",21
138.47,-20.47,2016,2,"037003",0
138.47,-20.47,2016,3,"037003",82
138.47,-20.47,2016,4,"037003",0
138.47,-20.47,2016,5,"037003",24
138.47,-20.47,2016,6,"037003",50
138.47,-20.47,2016,7,"037003",22
138.47,-20.47,2016,8,"037003",28
138.47,-20.47,2016,9,"037003",103
138.47,-20.47,2016,10,"037003",5
138.47,-20.47,2016,11,"037003",12
138.47,-20.47,2016,12,"037003",204
138.47,-20.47,2017,1,"037003",124
138.47,-20.47,2017,2,"037003",49
138.47,-20.47,2017,3,"037003",38
138.47,-20.47,2017,4,"037003",0
138.47,-20.47,2017,5,"037003",0
138.47,-20.47,2017,6,"037003",0
138.47,-20.47,2017,7,"037003",7
138.47,-20.47,2017,8,"037003",0
138.47,-20.47,2017,9,"037003",0
138.47,-20.47,2017,10,"037003",8
138.47,-20.47,2017,11,"037003",11
138.47,-20.47,2017,12,"037003",3
138.47,-20.47,2018,1,"037003",20
138.47,-20.47,2018,2,"037003",24
138.47,-20.47,2018,3,"037003",57
138.47,-20.47,2018,4,"037003",0
138.47,-20.47,2018,5,"037003",0
138.47,-20.47,2018,6,"037003",0
138.47,-20.47,2018,7,"037003",0
138.47,-20.47,2018,8,"037003",0
138.47,-20.47,2018,9,"037003",0
138.47,-20.47,2018,10,"037003",13
138.47,-20.47,2018,11,"037003",53
138.47,-20.47,2018,12,"037003",0
138.47,-20.47,2019,1,"037003",42
138.47,-20.47,2019,2,"037003",90
138.47,-20.47,2019,3,"037003",55
138.47,-20.47,2019,4,"037003",0
138.47,-20.47,2019,5,"037003",0
138.47,-20.47,2019,6,"037003",0
138.47,-20.47,2019,7,"037003",0
138.47,-20.47,2019,8,"037003",0
138.47,-20.47,2019,9,"037003",0
138.47,-20.47,2019,10,"037003",5.9
138.47,-20.47,2019,11,"037003",0
138.47,-20.47,2019,12,"037003",0
138.47,-20.47,2020,1,"037003",240
138.47,-20.47,2020,2,"037003",19
138.47,-20.47,2020,3,"037003",36
138.47,-20.47,2020,4,"037003",25
138.47,-20.47,2020,5,"037003",4
138.47,-20.47,2020,6,"037003",0
138.47,-20.47,2020,7,"037003",0
138.47,-20.47,2020,8,"037003",0
138.47,-20.47,2020,9,"037003",5
138.47,-20.47,2020,10,"037003",6
138.47,-20.47,2020,11,"037003",0
138.47,-20.47,2020,12,"037003",293
138.47,-20.47,2021,1,"037003",39
138.47,-20.47,2021,2,"037003",109
138.47,-20.47,2021,3,"037003",51
138.47,-20.47,2021,4,"037003",0
138.47,-20.47,2021,5,"037003",0
138.47,-20.47,2021,6,"037003",0
138.47,-20.47,2021,7,"037003",0
138.47,-20.47,2021,8,"037003",0
138.47,-20.47,2021,9,"037003",0
138.47,-20.47,2021,10,"037003",21
138.47,-20.47,2021,11,"037003",66
138.47,-20.47,2021,12,"037003",0
138.47,-20.47,2022,1,"037003",294.5
138.47,-20.47,2022,2,"037003",NA
138.47,-20.47,2022,3,"037003",NA
138.47,-20.47,2022,4,"037003",NA
138.47,-20.47,2022,5,"037003",NA
138.47,-20.47,2022,6,"037003",NA
138.47,-20.47,2022,7,"037003",NA
138.47,-20.47,2022,8,"037003",NA
138.47,-20.47,2022,9,"037003",NA
138.47,-20.47,2022,10,"037003",NA
138.47,-20.47,2022,11,"037003",NA
138.47,-20.47,2022,12,"037003",NA
