"Lon","Lat","Year","Month","Station","Rain"
150.59,-35.17,1952,1,"068204",0
150.59,-35.17,1952,2,"068204",24.3
150.59,-35.17,1952,3,"068204",335.6
150.59,-35.17,1952,4,"068204",359.8
150.59,-35.17,1952,5,"068204",73.4
150.59,-35.17,1952,6,"068204",316.2
150.59,-35.17,1952,7,"068204",55.5
150.59,-35.17,1952,8,"068204",385.8
150.59,-35.17,1952,9,"068204",9.6
150.59,-35.17,1952,10,"068204",218.5
150.59,-35.17,1952,11,"068204",95
150.59,-35.17,1952,12,"068204",100.6
150.59,-35.17,1953,1,"068204",55.1
150.59,-35.17,1953,2,"068204",55.5
150.59,-35.17,1953,3,"068204",116.1
150.59,-35.17,1953,4,"068204",37.9
150.59,-35.17,1953,5,"068204",406.9
150.59,-35.17,1953,6,"068204",5.8
150.59,-35.17,1953,7,"068204",67.8
150.59,-35.17,1953,8,"068204",66.1
150.59,-35.17,1953,9,"068204",51.9
150.59,-35.17,1953,10,"068204",112
150.59,-35.17,1953,11,"068204",28.5
150.59,-35.17,1953,12,"068204",23.9
150.59,-35.17,1954,1,"068204",46.4
150.59,-35.17,1954,2,"068204",266.5
150.59,-35.17,1954,3,"068204",4.3
150.59,-35.17,1954,4,"068204",43.7
150.59,-35.17,1954,5,"068204",24.4
150.59,-35.17,1954,6,"068204",44.4
150.59,-35.17,1954,7,"068204",41.9
150.59,-35.17,1954,8,"068204",107.2
150.59,-35.17,1954,9,"068204",43.4
150.59,-35.17,1954,10,"068204",94
150.59,-35.17,1954,11,"068204",100.7
150.59,-35.17,1954,12,"068204",56.9
150.59,-35.17,1955,1,"068204",250.9
150.59,-35.17,1955,2,"068204",276.7
150.59,-35.17,1955,3,"068204",202.9
150.59,-35.17,1955,4,"068204",56.8
150.59,-35.17,1955,5,"068204",218.7
150.59,-35.17,1955,6,"068204",165.9
150.59,-35.17,1955,7,"068204",29.7
150.59,-35.17,1955,8,"068204",19.8
150.59,-35.17,1955,9,"068204",33
150.59,-35.17,1955,10,"068204",21.3
150.59,-35.17,1955,11,"068204",56.8
150.59,-35.17,1955,12,"068204",125.5
150.59,-35.17,1956,1,"068204",95.7
150.59,-35.17,1956,2,"068204",338.1
150.59,-35.17,1956,3,"068204",235.2
150.59,-35.17,1956,4,"068204",40.6
150.59,-35.17,1956,5,"068204",288.9
150.59,-35.17,1956,6,"068204",235.2
150.59,-35.17,1956,7,"068204",84.2
150.59,-35.17,1956,8,"068204",79.3
150.59,-35.17,1956,9,"068204",31
150.59,-35.17,1956,10,"068204",138.3
150.59,-35.17,1956,11,"068204",23.9
150.59,-35.17,1956,12,"068204",19.3
150.59,-35.17,1957,1,"068204",9.4
150.59,-35.17,1957,2,"068204",78.7
150.59,-35.17,1957,3,"068204",75.5
150.59,-35.17,1957,4,"068204",1.5
150.59,-35.17,1957,5,"068204",0
150.59,-35.17,1957,6,"068204",65
150.59,-35.17,1957,7,"068204",230.4
150.59,-35.17,1957,8,"068204",122.8
150.59,-35.17,1957,9,"068204",15.8
150.59,-35.17,1957,10,"068204",6.1
150.59,-35.17,1957,11,"068204",18.5
150.59,-35.17,1957,12,"068204",77.5
150.59,-35.17,1958,1,"068204",108.4
150.59,-35.17,1958,2,"068204",389.8
150.59,-35.17,1958,3,"068204",212.2
150.59,-35.17,1958,4,"068204",166.3
150.59,-35.17,1958,5,"068204",13.4
150.59,-35.17,1958,6,"068204",241.8
150.59,-35.17,1958,7,"068204",63.3
150.59,-35.17,1958,8,"068204",67.6
150.59,-35.17,1958,9,"068204",24.2
150.59,-35.17,1958,10,"068204",44.4
150.59,-35.17,1958,11,"068204",11.9
150.59,-35.17,1958,12,"068204",97.9
150.59,-35.17,1959,1,"068204",117.4
150.59,-35.17,1959,2,"068204",161.8
150.59,-35.17,1959,3,"068204",445.9
150.59,-35.17,1959,4,"068204",62.7
150.59,-35.17,1959,5,"068204",37.9
150.59,-35.17,1959,6,"068204",165.6
150.59,-35.17,1959,7,"068204",150.6
150.59,-35.17,1959,8,"068204",38.6
150.59,-35.17,1959,9,"068204",44.8
150.59,-35.17,1959,10,"068204",775.3
150.59,-35.17,1959,11,"068204",85.8
150.59,-35.17,1959,12,"068204",73.7
150.59,-35.17,1960,1,"068204",85.2
150.59,-35.17,1960,2,"068204",62.3
150.59,-35.17,1960,3,"068204",141.3
150.59,-35.17,1960,4,"068204",45
150.59,-35.17,1960,5,"068204",57.2
150.59,-35.17,1960,6,"068204",137
150.59,-35.17,1960,7,"068204",137.4
150.59,-35.17,1960,8,"068204",115.1
150.59,-35.17,1960,9,"068204",114.8
150.59,-35.17,1960,10,"068204",142.7
150.59,-35.17,1960,11,"068204",110.3
150.59,-35.17,1960,12,"068204",255.5
150.59,-35.17,1961,1,"068204",44.5
150.59,-35.17,1961,2,"068204",133.7
150.59,-35.17,1961,3,"068204",438.4
150.59,-35.17,1961,4,"068204",79.8
150.59,-35.17,1961,5,"068204",52.1
150.59,-35.17,1961,6,"068204",123.7
150.59,-35.17,1961,7,"068204",133.6
150.59,-35.17,1961,8,"068204",278.7
150.59,-35.17,1961,9,"068204",74.3
150.59,-35.17,1961,10,"068204",77.5
150.59,-35.17,1961,11,"068204",494.7
150.59,-35.17,1961,12,"068204",197.4
150.59,-35.17,1962,1,"068204",158
150.59,-35.17,1962,2,"068204",89.3
150.59,-35.17,1962,3,"068204",26.7
150.59,-35.17,1962,4,"068204",111.7
150.59,-35.17,1962,5,"068204",187.6
150.59,-35.17,1962,6,"068204",0
150.59,-35.17,1962,7,"068204",51.2
150.59,-35.17,1962,8,"068204",104.9
150.59,-35.17,1962,9,"068204",202.5
150.59,-35.17,1962,10,"068204",45.3
150.59,-35.17,1962,11,"068204",77.5
150.59,-35.17,1962,12,"068204",195.1
150.59,-35.17,1963,1,"068204",115.3
150.59,-35.17,1963,2,"068204",110.7
150.59,-35.17,1963,3,"068204",215.7
150.59,-35.17,1963,4,"068204",387.8
150.59,-35.17,1963,5,"068204",252.3
150.59,-35.17,1963,6,"068204",210.8
150.59,-35.17,1963,7,"068204",86.3
150.59,-35.17,1963,8,"068204",154.2
150.59,-35.17,1963,9,"068204",119.2
150.59,-35.17,1963,10,"068204",48.7
150.59,-35.17,1963,11,"068204",47.3
150.59,-35.17,1963,12,"068204",200.2
150.59,-35.17,1964,1,"068204",31.5
150.59,-35.17,1964,2,"068204",14
150.59,-35.17,1964,3,"068204",54.2
150.59,-35.17,1964,4,"068204",276.6
150.59,-35.17,1964,5,"068204",54
150.59,-35.17,1964,6,"068204",279.5
150.59,-35.17,1964,7,"068204",7.4
150.59,-35.17,1964,8,"068204",66.2
150.59,-35.17,1964,9,"068204",23.9
150.59,-35.17,1964,10,"068204",78.4
150.59,-35.17,1964,11,"068204",33
150.59,-35.17,1964,12,"068204",70.9
150.59,-35.17,1965,1,"068204",81.9
150.59,-35.17,1965,2,"068204",13.8
150.59,-35.17,1965,3,"068204",2.9
150.59,-35.17,1965,4,"068204",NA
150.59,-35.17,1965,5,"068204",40.9
150.59,-35.17,1965,6,"068204",96.6
150.59,-35.17,1965,7,"068204",79
150.59,-35.17,1965,8,"068204",20.5
150.59,-35.17,1965,9,"068204",NA
150.59,-35.17,1965,10,"068204",302.5
150.59,-35.17,1965,11,"068204",25.4
150.59,-35.17,1965,12,"068204",73.5
150.59,-35.17,1966,1,"068204",50.3
150.59,-35.17,1966,2,"068204",207.7
150.59,-35.17,1966,3,"068204",102.2
150.59,-35.17,1966,4,"068204",19.4
150.59,-35.17,1966,5,"068204",14.1
150.59,-35.17,1966,6,"068204",202.5
150.59,-35.17,1966,7,"068204",46
150.59,-35.17,1966,8,"068204",48.7
150.59,-35.17,1966,9,"068204",62.1
150.59,-35.17,1966,10,"068204",76.2
150.59,-35.17,1966,11,"068204",243.1
150.59,-35.17,1966,12,"068204",164.9
150.59,-35.17,1967,1,"068204",106.4
150.59,-35.17,1967,2,"068204",40.5
150.59,-35.17,1967,3,"068204",49.7
150.59,-35.17,1967,4,"068204",38.5
150.59,-35.17,1967,5,"068204",NA
150.59,-35.17,1967,6,"068204",NA
150.59,-35.17,1967,7,"068204",71.1
150.59,-35.17,1967,8,"068204",97.4
150.59,-35.17,1967,9,"068204",181.4
150.59,-35.17,1967,10,"068204",62.5
150.59,-35.17,1967,11,"068204",49.3
150.59,-35.17,1967,12,"068204",12.7
150.59,-35.17,1968,1,"068204",128.3
150.59,-35.17,1968,2,"068204",5.8
150.59,-35.17,1968,3,"068204",71.4
150.59,-35.17,1968,4,"068204",26.4
150.59,-35.17,1968,5,"068204",146.6
150.59,-35.17,1968,6,"068204",6.4
150.59,-35.17,1968,7,"068204",36
150.59,-35.17,1968,8,"068204",20
150.59,-35.17,1968,9,"068204",5.3
150.59,-35.17,1968,10,"068204",13.8
150.59,-35.17,1968,11,"068204",40.9
150.59,-35.17,1968,12,"068204",131.4
150.59,-35.17,1969,1,"068204",52.4
150.59,-35.17,1969,2,"068204",196.7
150.59,-35.17,1969,3,"068204",69.5
150.59,-35.17,1969,4,"068204",188.4
150.59,-35.17,1969,5,"068204",140.3
150.59,-35.17,1969,6,"068204",NA
150.59,-35.17,1969,7,"068204",77.7
150.59,-35.17,1969,8,"068204",142.7
150.59,-35.17,1969,9,"068204",59.2
150.59,-35.17,1969,10,"068204",176
150.59,-35.17,1969,11,"068204",239.3
150.59,-35.17,1969,12,"068204",57.5
150.59,-35.17,1970,1,"068204",158.9
150.59,-35.17,1970,2,"068204",30.5
150.59,-35.17,1970,3,"068204",82.1
150.59,-35.17,1970,4,"068204",51.8
150.59,-35.17,1970,5,"068204",38.8
150.59,-35.17,1970,6,"068204",37.8
150.59,-35.17,1970,7,"068204",0
150.59,-35.17,1970,8,"068204",27
150.59,-35.17,1970,9,"068204",151.3
150.59,-35.17,1970,10,"068204",69.3
150.59,-35.17,1970,11,"068204",110.7
150.59,-35.17,1970,12,"068204",257.1
150.59,-35.17,1971,1,"068204",90.5
150.59,-35.17,1971,2,"068204",829.8
150.59,-35.17,1971,3,"068204",45.3
150.59,-35.17,1971,4,"068204",59.7
150.59,-35.17,1971,5,"068204",27.3
150.59,-35.17,1971,6,"068204",24.2
150.59,-35.17,1971,7,"068204",15.7
150.59,-35.17,1971,8,"068204",66.6
150.59,-35.17,1971,9,"068204",23.6
150.59,-35.17,1971,10,"068204",NA
150.59,-35.17,1971,11,"068204",NA
150.59,-35.17,1971,12,"068204",168.7
150.59,-35.17,1972,1,"068204",309.6
150.59,-35.17,1972,2,"068204",88.6
150.59,-35.17,1972,3,"068204",105.7
150.59,-35.17,1972,4,"068204",77.1
150.59,-35.17,1972,5,"068204",65.2
150.59,-35.17,1972,6,"068204",79.8
150.59,-35.17,1972,7,"068204",4
150.59,-35.17,1972,8,"068204",88.8
150.59,-35.17,1972,9,"068204",5.3
150.59,-35.17,1972,10,"068204",NA
150.59,-35.17,1972,11,"068204",NA
150.59,-35.17,1972,12,"068204",13.3
150.59,-35.17,1973,1,"068204",83
150.59,-35.17,1973,2,"068204",322.5
150.59,-35.17,1973,3,"068204",55.9
150.59,-35.17,1973,4,"068204",NA
150.59,-35.17,1973,5,"068204",68.6
150.59,-35.17,1973,6,"068204",NA
150.59,-35.17,1973,7,"068204",NA
150.59,-35.17,1973,8,"068204",NA
150.59,-35.17,1973,9,"068204",53.6
150.59,-35.17,1973,10,"068204",113
150.59,-35.17,1973,11,"068204",235.1
150.59,-35.17,1973,12,"068204",NA
150.59,-35.17,1974,1,"068204",128.2
150.59,-35.17,1974,2,"068204",149.8
150.59,-35.17,1974,3,"068204",297
150.59,-35.17,1974,4,"068204",368.3
150.59,-35.17,1974,5,"068204",224.6
150.59,-35.17,1974,6,"068204",276.9
150.59,-35.17,1974,7,"068204",57.4
150.59,-35.17,1974,8,"068204",289.2
150.59,-35.17,1974,9,"068204",25.4
150.59,-35.17,1974,10,"068204",130.5
150.59,-35.17,1974,11,"068204",134.6
150.59,-35.17,1974,12,"068204",3.6
150.59,-35.17,1975,1,"068204",49.6
150.59,-35.17,1975,2,"068204",184.8
150.59,-35.17,1975,3,"068204",433.2
150.59,-35.17,1975,4,"068204",249.4
150.59,-35.17,1975,5,"068204",0
150.59,-35.17,1975,6,"068204",355.2
150.59,-35.17,1975,7,"068204",25
150.59,-35.17,1975,8,"068204",13.8
150.59,-35.17,1975,9,"068204",85.6
150.59,-35.17,1975,10,"068204",120.8
150.59,-35.17,1975,11,"068204",55.4
150.59,-35.17,1975,12,"068204",40.1
150.59,-35.17,1976,1,"068204",292.6
150.59,-35.17,1976,2,"068204",163
150.59,-35.17,1976,3,"068204",451
150.59,-35.17,1976,4,"068204",73.8
150.59,-35.17,1976,5,"068204",28.4
150.59,-35.17,1976,6,"068204",238.6
150.59,-35.17,1976,7,"068204",150.2
150.59,-35.17,1976,8,"068204",18.9
150.59,-35.17,1976,9,"068204",190.3
150.59,-35.17,1976,10,"068204",437.8
150.59,-35.17,1976,11,"068204",64.6
150.59,-35.17,1976,12,"068204",16.8
150.59,-35.17,1977,1,"068204",30.6
150.59,-35.17,1977,2,"068204",258.4
150.59,-35.17,1977,3,"068204",202.2
150.59,-35.17,1977,4,"068204",55.4
150.59,-35.17,1977,5,"068204",185.8
150.59,-35.17,1977,6,"068204",107.8
150.59,-35.17,1977,7,"068204",15.2
150.59,-35.17,1977,8,"068204",6.2
150.59,-35.17,1977,9,"068204",99.4
150.59,-35.17,1977,10,"068204",18.2
150.59,-35.17,1977,11,"068204",2
150.59,-35.17,1977,12,"068204",55.4
150.59,-35.17,1978,1,"068204",263.8
150.59,-35.17,1978,2,"068204",24.4
150.59,-35.17,1978,3,"068204",203.6
150.59,-35.17,1978,4,"068204",157.6
150.59,-35.17,1978,5,"068204",140.8
150.59,-35.17,1978,6,"068204",356
150.59,-35.17,1978,7,"068204",25.8
150.59,-35.17,1978,8,"068204",28.6
150.59,-35.17,1978,9,"068204",150.6
150.59,-35.17,1978,10,"068204",124.8
150.59,-35.17,1978,11,"068204",193.6
150.59,-35.17,1978,12,"068204",81.2
150.59,-35.17,1979,1,"068204",18.4
150.59,-35.17,1979,2,"068204",13.3
150.59,-35.17,1979,3,"068204",280.4
150.59,-35.17,1979,4,"068204",54.2
150.59,-35.17,1979,5,"068204",164.6
150.59,-35.17,1979,6,"068204",40
150.59,-35.17,1979,7,"068204",104.2
150.59,-35.17,1979,8,"068204",31.4
150.59,-35.17,1979,9,"068204",6.6
150.59,-35.17,1979,10,"068204",72.7
150.59,-35.17,1979,11,"068204",119
150.59,-35.17,1979,12,"068204",9.5
150.59,-35.17,1980,1,"068204",118.2
150.59,-35.17,1980,2,"068204",79.8
150.59,-35.17,1980,3,"068204",199.8
150.59,-35.17,1980,4,"068204",22.8
150.59,-35.17,1980,5,"068204",124
150.59,-35.17,1980,6,"068204",91
150.59,-35.17,1980,7,"068204",35.2
150.59,-35.17,1980,8,"068204",2.8
150.59,-35.17,1980,9,"068204",10.8
150.59,-35.17,1980,10,"068204",29.2
150.59,-35.17,1980,11,"068204",36.8
150.59,-35.17,1980,12,"068204",42.6
150.59,-35.17,1981,1,"068204",126
150.59,-35.17,1981,2,"068204",136.4
150.59,-35.17,1981,3,"068204",23.4
150.59,-35.17,1981,4,"068204",90.2
150.59,-35.17,1981,5,"068204",152.6
150.59,-35.17,1981,6,"068204",106.6
150.59,-35.17,1981,7,"068204",33.2
150.59,-35.17,1981,8,"068204",13
150.59,-35.17,1981,9,"068204",13.2
150.59,-35.17,1981,10,"068204",86.8
150.59,-35.17,1981,11,"068204",163
150.59,-35.17,1981,12,"068204",167.4
150.59,-35.17,1982,1,"068204",100.4
150.59,-35.17,1982,2,"068204",18.2
150.59,-35.17,1982,3,"068204",81.4
150.59,-35.17,1982,4,"068204",39.6
150.59,-35.17,1982,5,"068204",2.8
150.59,-35.17,1982,6,"068204",69.4
150.59,-35.17,1982,7,"068204",91.8
150.59,-35.17,1982,8,"068204",2
150.59,-35.17,1982,9,"068204",150
150.59,-35.17,1982,10,"068204",55.2
150.59,-35.17,1982,11,"068204",58.6
150.59,-35.17,1982,12,"068204",48.1
150.59,-35.17,1983,1,"068204",33.4
150.59,-35.17,1983,2,"068204",43.6
150.59,-35.17,1983,3,"068204",133.2
150.59,-35.17,1983,4,"068204",187.8
150.59,-35.17,1983,5,"068204",289.4
150.59,-35.17,1983,6,"068204",126.4
150.59,-35.17,1983,7,"068204",31.8
150.59,-35.17,1983,8,"068204",57
150.59,-35.17,1983,9,"068204",31.2
150.59,-35.17,1983,10,"068204",209.1
150.59,-35.17,1983,11,"068204",165.1
150.59,-35.17,1983,12,"068204",91.8
150.59,-35.17,1984,1,"068204",239
150.59,-35.17,1984,2,"068204",300.8
150.59,-35.17,1984,3,"068204",148.4
150.59,-35.17,1984,4,"068204",125.4
150.59,-35.17,1984,5,"068204",132.6
150.59,-35.17,1984,6,"068204",111
150.59,-35.17,1984,7,"068204",246.2
150.59,-35.17,1984,8,"068204",21.6
150.59,-35.17,1984,9,"068204",39.1
150.59,-35.17,1984,10,"068204",22.4
150.59,-35.17,1984,11,"068204",129.2
150.59,-35.17,1984,12,"068204",114.8
150.59,-35.17,1985,1,"068204",14
150.59,-35.17,1985,2,"068204",61.8
150.59,-35.17,1985,3,"068204",158.8
150.59,-35.17,1985,4,"068204",245.8
150.59,-35.17,1985,5,"068204",115.2
150.59,-35.17,1985,6,"068204",75.6
150.59,-35.17,1985,7,"068204",69.8
150.59,-35.17,1985,8,"068204",34.8
150.59,-35.17,1985,9,"068204",157
150.59,-35.17,1985,10,"068204",175.8
150.59,-35.17,1985,11,"068204",131.2
150.59,-35.17,1985,12,"068204",121
150.59,-35.17,1986,1,"068204",219.6
150.59,-35.17,1986,2,"068204",26.6
150.59,-35.17,1986,3,"068204",35.1
150.59,-35.17,1986,4,"068204",99.2
150.59,-35.17,1986,5,"068204",37.5
150.59,-35.17,1986,6,"068204",15
150.59,-35.17,1986,7,"068204",23.2
150.59,-35.17,1986,8,"068204",123.7
150.59,-35.17,1986,9,"068204",104.9
150.59,-35.17,1986,10,"068204",64.4
150.59,-35.17,1986,11,"068204",236.2
150.59,-35.17,1986,12,"068204",43
150.59,-35.17,1987,1,"068204",121
150.59,-35.17,1987,2,"068204",55.9
150.59,-35.17,1987,3,"068204",90.6
150.59,-35.17,1987,4,"068204",43
150.59,-35.17,1987,5,"068204",100.4
150.59,-35.17,1987,6,"068204",37.2
150.59,-35.17,1987,7,"068204",163
150.59,-35.17,1987,8,"068204",324.5
150.59,-35.17,1987,9,"068204",34.7
150.59,-35.17,1987,10,"068204",155
150.59,-35.17,1987,11,"068204",112.4
150.59,-35.17,1987,12,"068204",89.8
150.59,-35.17,1988,1,"068204",46.2
150.59,-35.17,1988,2,"068204",43
150.59,-35.17,1988,3,"068204",19
150.59,-35.17,1988,4,"068204",304.8
150.59,-35.17,1988,5,"068204",78.2
150.59,-35.17,1988,6,"068204",76.8
150.59,-35.17,1988,7,"068204",83.2
150.59,-35.17,1988,8,"068204",57.8
150.59,-35.17,1988,9,"068204",72.2
150.59,-35.17,1988,10,"068204",2.6
150.59,-35.17,1988,11,"068204",148.6
150.59,-35.17,1988,12,"068204",121.8
150.59,-35.17,1989,1,"068204",213.4
150.59,-35.17,1989,2,"068204",115
150.59,-35.17,1989,3,"068204",223.7
150.59,-35.17,1989,4,"068204",287
150.59,-35.17,1989,5,"068204",252.2
150.59,-35.17,1989,6,"068204",370.6
150.59,-35.17,1989,7,"068204",31.2
150.59,-35.17,1989,8,"068204",54.4
150.59,-35.17,1989,9,"068204",NA
150.59,-35.17,1989,10,"068204",30.2
150.59,-35.17,1989,11,"068204",167.4
150.59,-35.17,1989,12,"068204",240
150.59,-35.17,1990,1,"068204",56.8
150.59,-35.17,1990,2,"068204",46.7
150.59,-35.17,1990,3,"068204",59
150.59,-35.17,1990,4,"068204",250
150.59,-35.17,1990,5,"068204",174
150.59,-35.17,1990,6,"068204",127.6
150.59,-35.17,1990,7,"068204",225
150.59,-35.17,1990,8,"068204",28.8
150.59,-35.17,1990,9,"068204",298
150.59,-35.17,1990,10,"068204",60
150.59,-35.17,1990,11,"068204",28
150.59,-35.17,1990,12,"068204",44
150.59,-35.17,1991,1,"068204",NA
150.59,-35.17,1991,2,"068204",NA
150.59,-35.17,1991,3,"068204",NA
150.59,-35.17,1991,4,"068204",NA
150.59,-35.17,1991,5,"068204",175
150.59,-35.17,1991,6,"068204",548.2
150.59,-35.17,1991,7,"068204",117.6
150.59,-35.17,1991,8,"068204",4.2
150.59,-35.17,1991,9,"068204",22.8
150.59,-35.17,1991,10,"068204",29.4
150.59,-35.17,1991,11,"068204",39.9
150.59,-35.17,1991,12,"068204",151.4
150.59,-35.17,1992,1,"068204",131.8
150.59,-35.17,1992,2,"068204",250.2
150.59,-35.17,1992,3,"068204",28.2
150.59,-35.17,1992,4,"068204",73.1
150.59,-35.17,1992,5,"068204",143
150.59,-35.17,1992,6,"068204",162.8
150.59,-35.17,1992,7,"068204",27.6
150.59,-35.17,1992,8,"068204",76.7
150.59,-35.17,1992,9,"068204",55.3
150.59,-35.17,1992,10,"068204",76.2
150.59,-35.17,1992,11,"068204",166.5
150.59,-35.17,1992,12,"068204",96
150.59,-35.17,1993,1,"068204",147.4
150.59,-35.17,1993,2,"068204",77.8
150.59,-35.17,1993,3,"068204",139.4
150.59,-35.17,1993,4,"068204",23.6
150.59,-35.17,1993,5,"068204",53.1
150.59,-35.17,1993,6,"068204",41.8
150.59,-35.17,1993,7,"068204",85.5
150.59,-35.17,1993,8,"068204",102.6
150.59,-35.17,1993,9,"068204",98.2
150.59,-35.17,1993,10,"068204",110
150.59,-35.17,1993,11,"068204",28.4
150.59,-35.17,1993,12,"068204",33.2
150.59,-35.17,1994,1,"068204",12.8
150.59,-35.17,1994,2,"068204",157.4
150.59,-35.17,1994,3,"068204",194.8
150.59,-35.17,1994,4,"068204",178.4
150.59,-35.17,1994,5,"068204",47.6
150.59,-35.17,1994,6,"068204",130.2
150.59,-35.17,1994,7,"068204",47.2
150.59,-35.17,1994,8,"068204",17.8
150.59,-35.17,1994,9,"068204",35.4
150.59,-35.17,1994,10,"068204",83.4
150.59,-35.17,1994,11,"068204",42.8
150.59,-35.17,1994,12,"068204",55.8
150.59,-35.17,1995,1,"068204",142.4
150.59,-35.17,1995,2,"068204",38.4
150.59,-35.17,1995,3,"068204",131.1
150.59,-35.17,1995,4,"068204",19.2
150.59,-35.17,1995,5,"068204",158.4
150.59,-35.17,1995,6,"068204",116
150.59,-35.17,1995,7,"068204",28.2
150.59,-35.17,1995,8,"068204",9.8
150.59,-35.17,1995,9,"068204",199.8
150.59,-35.17,1995,10,"068204",132.4
150.59,-35.17,1995,11,"068204",159.8
150.59,-35.17,1995,12,"068204",41.4
150.59,-35.17,1996,1,"068204",99.9
150.59,-35.17,1996,2,"068204",38
150.59,-35.17,1996,3,"068204",14.8
150.59,-35.17,1996,4,"068204",117.6
150.59,-35.17,1996,5,"068204",109.4
150.59,-35.17,1996,6,"068204",77.6
150.59,-35.17,1996,7,"068204",47.2
150.59,-35.17,1996,8,"068204",59.4
150.59,-35.17,1996,9,"068204",145.6
150.59,-35.17,1996,10,"068204",54.6
150.59,-35.17,1996,11,"068204",107
150.59,-35.17,1996,12,"068204",32
150.59,-35.17,1997,1,"068204",127
150.59,-35.17,1997,2,"068204",90.2
150.59,-35.17,1997,3,"068204",253.7
150.59,-35.17,1997,4,"068204",0.4
150.59,-35.17,1997,5,"068204",132.4
150.59,-35.17,1997,6,"068204",205.4
150.59,-35.17,1997,7,"068204",111
150.59,-35.17,1997,8,"068204",13
150.59,-35.17,1997,9,"068204",216.2
150.59,-35.17,1997,10,"068204",46.5
150.59,-35.17,1997,11,"068204",21.8
150.59,-35.17,1997,12,"068204",7.4
150.59,-35.17,1998,1,"068204",70
150.59,-35.17,1998,2,"068204",17.2
150.59,-35.17,1998,3,"068204",15
150.59,-35.17,1998,4,"068204",127.2
150.59,-35.17,1998,5,"068204",196.2
150.59,-35.17,1998,6,"068204",165.6
150.59,-35.17,1998,7,"068204",110.6
150.59,-35.17,1998,8,"068204",443.8
150.59,-35.17,1998,9,"068204",60.4
150.59,-35.17,1998,10,"068204",31.2
150.59,-35.17,1998,11,"068204",68.2
150.59,-35.17,1998,12,"068204",26.6
150.59,-35.17,1999,1,"068204",156.8
150.59,-35.17,1999,2,"068204",76.2
150.59,-35.17,1999,3,"068204",176.6
150.59,-35.17,1999,4,"068204",127.6
150.59,-35.17,1999,5,"068204",22.4
150.59,-35.17,1999,6,"068204",93.6
150.59,-35.17,1999,7,"068204",143.4
150.59,-35.17,1999,8,"068204",23.2
150.59,-35.17,1999,9,"068204",106.6
150.59,-35.17,1999,10,"068204",123
150.59,-35.17,1999,11,"068204",65
150.59,-35.17,1999,12,"068204",104.4
150.59,-35.17,2000,1,"068204",71.4
150.59,-35.17,2000,2,"068204",37.8
150.59,-35.17,2000,3,"068204",125.6
150.59,-35.17,2000,4,"068204",86.8
150.59,-35.17,2000,5,"068204",31
150.59,-35.17,2000,6,"068204",117.6
150.59,-35.17,2000,7,"068204",81.2
150.59,-35.17,2000,8,"068204",20
150.59,-35.17,2000,9,"068204",54
150.59,-35.17,2000,10,"068204",59.3
150.59,-35.17,2000,11,"068204",150
150.59,-35.17,2000,12,"068204",56
150.59,-35.17,2001,1,"068204",NA
150.59,-35.17,2001,2,"068204",118.6
150.59,-35.17,2001,3,"068204",NA
150.59,-35.17,2001,4,"068204",NA
150.59,-35.17,2001,5,"068204",97.2
150.59,-35.17,2001,6,"068204",42.8
150.59,-35.17,2001,7,"068204",153.4
150.59,-35.17,2001,8,"068204",141
150.59,-35.17,2001,9,"068204",110
150.59,-35.17,2001,10,"068204",39.2
150.59,-35.17,2001,11,"068204",110.8
150.59,-35.17,2001,12,"068204",NA
150.59,-35.17,2002,1,"068204",94.2
150.59,-35.17,2002,2,"068204",263.6
150.59,-35.17,2002,3,"068204",49
150.59,-35.17,2002,4,"068204",NA
150.59,-35.17,2002,5,"068204",97.4
150.59,-35.17,2002,6,"068204",50.2
150.59,-35.17,2002,7,"068204",9.4
150.59,-35.17,2002,8,"068204",9.8
150.59,-35.17,2002,9,"068204",18.7
150.59,-35.17,2002,10,"068204",7.4
150.59,-35.17,2002,11,"068204",23.8
150.59,-35.17,2002,12,"068204",74.8
150.59,-35.17,2003,1,"068204",39.6
150.59,-35.17,2003,2,"068204",66
150.59,-35.17,2003,3,"068204",80
150.59,-35.17,2003,4,"068204",174.1
150.59,-35.17,2003,5,"068204",290
150.59,-35.17,2003,6,"068204",41
150.59,-35.17,2003,7,"068204",55.6
150.59,-35.17,2003,8,"068204",23.8
150.59,-35.17,2003,9,"068204",7.4
150.59,-35.17,2003,10,"068204",84.5
150.59,-35.17,2003,11,"068204",157.4
150.59,-35.17,2003,12,"068204",36.8
150.59,-35.17,2004,1,"068204",NA
150.59,-35.17,2004,2,"068204",41.5
150.59,-35.17,2004,3,"068204",53.6
150.59,-35.17,2004,4,"068204",NA
150.59,-35.17,2004,5,"068204",59.8
150.59,-35.17,2004,6,"068204",NA
150.59,-35.17,2004,7,"068204",70.2
150.59,-35.17,2004,8,"068204",32.2
150.59,-35.17,2004,9,"068204",105.8
150.59,-35.17,2004,10,"068204",200.6
150.59,-35.17,2004,11,"068204",86.8
150.59,-35.17,2004,12,"068204",106.4
150.59,-35.17,2005,1,"068204",68.6
150.59,-35.17,2005,2,"068204",81.3
150.59,-35.17,2005,3,"068204",152.8
150.59,-35.17,2005,4,"068204",44.8
150.59,-35.17,2005,5,"068204",119
150.59,-35.17,2005,6,"068204",76
150.59,-35.17,2005,7,"068204",141.2
150.59,-35.17,2005,8,"068204",7.4
150.59,-35.17,2005,9,"068204",41.8
150.59,-35.17,2005,10,"068204",165.6
150.59,-35.17,2005,11,"068204",102.8
150.59,-35.17,2005,12,"068204",32.4
150.59,-35.17,2006,1,"068204",71
150.59,-35.17,2006,2,"068204",NA
150.59,-35.17,2006,3,"068204",51.6
150.59,-35.17,2006,4,"068204",8.2
150.59,-35.17,2006,5,"068204",99.2
150.59,-35.17,2006,6,"068204",371
150.59,-35.17,2006,7,"068204",166.2
150.59,-35.17,2006,8,"068204",55.6
150.59,-35.17,2006,9,"068204",NA
150.59,-35.17,2006,10,"068204",1.6
150.59,-35.17,2006,11,"068204",39.6
150.59,-35.17,2006,12,"068204",62.8
150.59,-35.17,2007,1,"068204",30.9
150.59,-35.17,2007,2,"068204",259
150.59,-35.17,2007,3,"068204",NA
150.59,-35.17,2007,4,"068204",166.8
150.59,-35.17,2007,5,"068204",7.8
150.59,-35.17,2007,6,"068204",280.2
150.59,-35.17,2007,7,"068204",72.2
150.59,-35.17,2007,8,"068204",61.4
150.59,-35.17,2007,9,"068204",28.2
150.59,-35.17,2007,10,"068204",16.4
150.59,-35.17,2007,11,"068204",179.4
150.59,-35.17,2007,12,"068204",87.4
150.59,-35.17,2008,1,"068204",61
150.59,-35.17,2008,2,"068204",240.2
150.59,-35.17,2008,3,"068204",43.6
150.59,-35.17,2008,4,"068204",97.4
150.59,-35.17,2008,5,"068204",7.4
150.59,-35.17,2008,6,"068204",74.1
150.59,-35.17,2008,7,"068204",80.2
150.59,-35.17,2008,8,"068204",59.8
150.59,-35.17,2008,9,"068204",71.8
150.59,-35.17,2008,10,"068204",99.8
150.59,-35.17,2008,11,"068204",51.4
150.59,-35.17,2008,12,"068204",84.3
150.59,-35.17,2009,1,"068204",24.8
150.59,-35.17,2009,2,"068204",87
150.59,-35.17,2009,3,"068204",10.3
150.59,-35.17,2009,4,"068204",98.8
150.59,-35.17,2009,5,"068204",41.2
150.59,-35.17,2009,6,"068204",70.5
150.59,-35.17,2009,7,"068204",42.2
150.59,-35.17,2009,8,"068204",10.6
150.59,-35.17,2009,9,"068204",21.8
150.59,-35.17,2009,10,"068204",151.2
150.59,-35.17,2009,11,"068204",34
150.59,-35.17,2009,12,"068204",103.2
150.59,-35.17,2010,1,"068204",61.4
150.59,-35.17,2010,2,"068204",210.6
150.59,-35.17,2010,3,"068204",123.2
150.59,-35.17,2010,4,"068204",75.2
150.59,-35.17,2010,5,"068204",212.8
150.59,-35.17,2010,6,"068204",124.8
150.59,-35.17,2010,7,"068204",73.9
150.59,-35.17,2010,8,"068204",41.8
150.59,-35.17,2010,9,"068204",NA
150.59,-35.17,2010,10,"068204",83.8
150.59,-35.17,2010,11,"068204",206.8
150.59,-35.17,2010,12,"068204",102.6
150.59,-35.17,2011,1,"068204",100.5
150.59,-35.17,2011,2,"068204",56.4
150.59,-35.17,2011,3,"068204",178.4
150.59,-35.17,2011,4,"068204",144.2
150.59,-35.17,2011,5,"068204",76.6
150.59,-35.17,2011,6,"068204",70.2
150.59,-35.17,2011,7,"068204",176.8
150.59,-35.17,2011,8,"068204",65
150.59,-35.17,2011,9,"068204",52
150.59,-35.17,2011,10,"068204",105.8
150.59,-35.17,2011,11,"068204",129
150.59,-35.17,2011,12,"068204",50.8
150.59,-35.17,2012,1,"068204",26.8
150.59,-35.17,2012,2,"068204",195.6
150.59,-35.17,2012,3,"068204",299.6
150.59,-35.17,2012,4,"068204",68.7
150.59,-35.17,2012,5,"068204",15
150.59,-35.17,2012,6,"068204",127.2
150.59,-35.17,2012,7,"068204",21.9
150.59,-35.17,2012,8,"068204",13.2
150.59,-35.17,2012,9,"068204",NA
150.59,-35.17,2012,10,"068204",118.6
150.59,-35.17,2012,11,"068204",44.8
150.59,-35.17,2012,12,"068204",14.2
150.59,-35.17,2013,1,"068204",124.8
150.59,-35.17,2013,2,"068204",169.6
150.59,-35.17,2013,3,"068204",59
150.59,-35.17,2013,4,"068204",176.4
150.59,-35.17,2013,5,"068204",NA
150.59,-35.17,2013,6,"068204",309.6
150.59,-35.17,2013,7,"068204",25.4
150.59,-35.17,2013,8,"068204",13
150.59,-35.17,2013,9,"068204",133.6
150.59,-35.17,2013,10,"068204",42.2
150.59,-35.17,2013,11,"068204",119.8
150.59,-35.17,2013,12,"068204",53.4
150.59,-35.17,2014,1,"068204",21.6
150.59,-35.17,2014,2,"068204",30.6
150.59,-35.17,2014,3,"068204",307.6
150.59,-35.17,2014,4,"068204",92.8
150.59,-35.17,2014,5,"068204",32.6
150.59,-35.17,2014,6,"068204",172.2
150.59,-35.17,2014,7,"068204",4.7
150.59,-35.17,2014,8,"068204",190.8
150.59,-35.17,2014,9,"068204",55.8
150.59,-35.17,2014,10,"068204",158.2
150.59,-35.17,2014,11,"068204",38.2
150.59,-35.17,2014,12,"068204",140.2
150.59,-35.17,2015,1,"068204",133.6
150.59,-35.17,2015,2,"068204",103
150.59,-35.17,2015,3,"068204",57.6
150.59,-35.17,2015,4,"068204",221
150.59,-35.17,2015,5,"068204",74
150.59,-35.17,2015,6,"068204",72.8
150.59,-35.17,2015,7,"068204",NA
150.59,-35.17,2015,8,"068204",381.4
150.59,-35.17,2015,9,"068204",103.2
150.59,-35.17,2015,10,"068204",NA
150.59,-35.17,2015,11,"068204",57.4
150.59,-35.17,2015,12,"068204",84.4
150.59,-35.17,2016,1,"068204",193.6
150.59,-35.17,2016,2,"068204",117.6
150.59,-35.17,2016,3,"068204",NA
150.59,-35.17,2016,4,"068204",NA
150.59,-35.17,2016,5,"068204",NA
150.59,-35.17,2016,6,"068204",NA
150.59,-35.17,2016,7,"068204",NA
150.59,-35.17,2016,8,"068204",NA
150.59,-35.17,2016,9,"068204",NA
150.59,-35.17,2016,10,"068204",NA
150.59,-35.17,2016,11,"068204",NA
150.59,-35.17,2016,12,"068204",NA
