"Lon","Lat","Year","Month","Station","Rain"
144.98,-37.83,1964,1,"086232",NA
144.98,-37.83,1964,2,"086232",NA
144.98,-37.83,1964,3,"086232",NA
144.98,-37.83,1964,4,"086232",50.7
144.98,-37.83,1964,5,"086232",75.2
144.98,-37.83,1964,6,"086232",33.3
144.98,-37.83,1964,7,"086232",66.9
144.98,-37.83,1964,8,"086232",60.6
144.98,-37.83,1964,9,"086232",81.7
144.98,-37.83,1964,10,"086232",76.9
144.98,-37.83,1964,11,"086232",37.2
144.98,-37.83,1964,12,"086232",92.2
144.98,-37.83,1965,1,"086232",14.6
144.98,-37.83,1965,2,"086232",0.8
144.98,-37.83,1965,3,"086232",16.3
144.98,-37.83,1965,4,"086232",121.4
144.98,-37.83,1965,5,"086232",80.6
144.98,-37.83,1965,6,"086232",29.8
144.98,-37.83,1965,7,"086232",71.5
144.98,-37.83,1965,8,"086232",100.4
144.98,-37.83,1965,9,"086232",49.6
144.98,-37.83,1965,10,"086232",21.6
144.98,-37.83,1965,11,"086232",66.1
144.98,-37.83,1965,12,"086232",88.8
144.98,-37.83,1966,1,"086232",45.3
144.98,-37.83,1966,2,"086232",48.7
144.98,-37.83,1966,3,"086232",69
144.98,-37.83,1966,4,"086232",58.4
144.98,-37.83,1966,5,"086232",47.4
144.98,-37.83,1966,6,"086232",41
144.98,-37.83,1966,7,"086232",60.1
144.98,-37.83,1966,8,"086232",65.7
144.98,-37.83,1966,9,"086232",60
144.98,-37.83,1966,10,"086232",67.1
144.98,-37.83,1966,11,"086232",47.5
144.98,-37.83,1966,12,"086232",105.9
144.98,-37.83,1967,1,"086232",21.2
144.98,-37.83,1967,2,"086232",3.9
144.98,-37.83,1967,3,"086232",16.6
144.98,-37.83,1967,4,"086232",17.5
144.98,-37.83,1967,5,"086232",47.9
144.98,-37.83,1967,6,"086232",46.1
144.98,-37.83,1967,7,"086232",35
144.98,-37.83,1967,8,"086232",68
144.98,-37.83,1967,9,"086232",51.5
144.98,-37.83,1967,10,"086232",20.3
144.98,-37.83,1967,11,"086232",20.1
144.98,-37.83,1967,12,"086232",40.1
144.98,-37.83,1968,1,"086232",48.3
144.98,-37.83,1968,2,"086232",6.6
144.98,-37.83,1968,3,"086232",24.6
144.98,-37.83,1968,4,"086232",67.2
144.98,-37.83,1968,5,"086232",100
144.98,-37.83,1968,6,"086232",56.9
144.98,-37.83,1968,7,"086232",39.7
144.98,-37.83,1968,8,"086232",40
144.98,-37.83,1968,9,"086232",18.3
144.98,-37.83,1968,10,"086232",51.5
144.98,-37.83,1968,11,"086232",44.5
144.98,-37.83,1968,12,"086232",53.6
144.98,-37.83,1969,1,"086232",22.7
144.98,-37.83,1969,2,"086232",126
144.98,-37.83,1969,3,"086232",58.9
144.98,-37.83,1969,4,"086232",27.7
144.98,-37.83,1969,5,"086232",135.9
144.98,-37.83,1969,6,"086232",14.2
144.98,-37.83,1969,7,"086232",63.2
144.98,-37.83,1969,8,"086232",32
144.98,-37.83,1969,9,"086232",64.8
144.98,-37.83,1969,10,"086232",42.6
144.98,-37.83,1969,11,"086232",42.1
144.98,-37.83,1969,12,"086232",40.7
144.98,-37.83,1970,1,"086232",114.1
144.98,-37.83,1970,2,"086232",16
144.98,-37.83,1970,3,"086232",145.8
144.98,-37.83,1970,4,"086232",87
144.98,-37.83,1970,5,"086232",90.3
144.98,-37.83,1970,6,"086232",56.5
144.98,-37.83,1970,7,"086232",26.1
144.98,-37.83,1970,8,"086232",72.4
144.98,-37.83,1970,9,"086232",35.2
144.98,-37.83,1970,10,"086232",42.6
144.98,-37.83,1970,11,"086232",67
144.98,-37.83,1970,12,"086232",119.7
144.98,-37.83,1971,1,"086232",87.5
144.98,-37.83,1971,2,"086232",94.5
144.98,-37.83,1971,3,"086232",29.9
144.98,-37.83,1971,4,"086232",54.6
144.98,-37.83,1971,5,"086232",81.7
144.98,-37.83,1971,6,"086232",60.8
144.98,-37.83,1971,7,"086232",33.8
144.98,-37.83,1971,8,"086232",43.7
144.98,-37.83,1971,9,"086232",63.2
144.98,-37.83,1971,10,"086232",110.6
144.98,-37.83,1971,11,"086232",157
144.98,-37.83,1971,12,"086232",41.3
144.98,-37.83,1972,1,"086232",43.2
144.98,-37.83,1972,2,"086232",238.7
144.98,-37.83,1972,3,"086232",16.8
144.98,-37.83,1972,4,"086232",67.8
144.98,-37.83,1972,5,"086232",34.1
144.98,-37.83,1972,6,"086232",12.6
144.98,-37.83,1972,7,"086232",41.8
144.98,-37.83,1972,8,"086232",44.2
144.98,-37.83,1972,9,"086232",30.5
144.98,-37.83,1972,10,"086232",44.9
144.98,-37.83,1972,11,"086232",48.6
144.98,-37.83,1972,12,"086232",0.8
144.98,-37.83,1973,1,"086232",57.4
144.98,-37.83,1973,2,"086232",211.3
144.98,-37.83,1973,3,"086232",92.3
144.98,-37.83,1973,4,"086232",33
144.98,-37.83,1973,5,"086232",71.6
144.98,-37.83,1973,6,"086232",53.3
144.98,-37.83,1973,7,"086232",53.3
144.98,-37.83,1973,8,"086232",66.7
144.98,-37.83,1973,9,"086232",54.2
144.98,-37.83,1973,10,"086232",100.2
144.98,-37.83,1973,11,"086232",68.1
144.98,-37.83,1973,12,"086232",48.8
144.98,-37.83,1974,1,"086232",71
144.98,-37.83,1974,2,"086232",25.6
144.98,-37.83,1974,3,"086232",55.5
144.98,-37.83,1974,4,"086232",123.2
144.98,-37.83,1974,5,"086232",149.4
144.98,-37.83,1974,6,"086232",15.6
144.98,-37.83,1974,7,"086232",93
144.98,-37.83,1974,8,"086232",74.2
144.98,-37.83,1974,9,"086232",69.8
144.98,-37.83,1974,10,"086232",93.2
144.98,-37.83,1974,11,"086232",62.3
144.98,-37.83,1974,12,"086232",54
144.98,-37.83,1975,1,"086232",26.8
144.98,-37.83,1975,2,"086232",5.9
144.98,-37.83,1975,3,"086232",74.3
144.98,-37.83,1975,4,"086232",22.6
144.98,-37.83,1975,5,"086232",45.1
144.98,-37.83,1975,6,"086232",27.4
144.98,-37.83,1975,7,"086232",48.9
144.98,-37.83,1975,8,"086232",106.4
144.98,-37.83,1975,9,"086232",104.5
144.98,-37.83,1975,10,"086232",162.8
144.98,-37.83,1975,11,"086232",65.6
144.98,-37.83,1975,12,"086232",66.8
144.98,-37.83,1976,1,"086232",17
144.98,-37.83,1976,2,"086232",17.8
144.98,-37.83,1976,3,"086232",34.2
144.98,-37.83,1976,4,"086232",38.5
144.98,-37.83,1976,5,"086232",23.8
144.98,-37.83,1976,6,"086232",29.7
144.98,-37.83,1976,7,"086232",17.4
144.98,-37.83,1976,8,"086232",57.2
144.98,-37.83,1976,9,"086232",59.6
144.98,-37.83,1976,10,"086232",99.2
144.98,-37.83,1976,11,"086232",105.2
144.98,-37.83,1976,12,"086232",36.6
144.98,-37.83,1977,1,"086232",92
144.98,-37.83,1977,2,"086232",35.6
144.98,-37.83,1977,3,"086232",21.4
144.98,-37.83,1977,4,"086232",84.1
144.98,-37.83,1977,5,"086232",74.2
144.98,-37.83,1977,6,"086232",116.4
144.98,-37.83,1977,7,"086232",55
144.98,-37.83,1977,8,"086232",31.8
144.98,-37.83,1977,9,"086232",75.8
144.98,-37.83,1977,10,"086232",33.6
144.98,-37.83,1977,11,"086232",39.6
144.98,-37.83,1977,12,"086232",27.2
144.98,-37.83,1978,1,"086232",51.6
144.98,-37.83,1978,2,"086232",42.4
144.98,-37.83,1978,3,"086232",78.4
144.98,-37.83,1978,4,"086232",58.2
144.98,-37.83,1978,5,"086232",121.4
144.98,-37.83,1978,6,"086232",25.6
144.98,-37.83,1978,7,"086232",65.2
144.98,-37.83,1978,8,"086232",109.6
144.98,-37.83,1978,9,"086232",61.2
144.98,-37.83,1978,10,"086232",69.2
144.98,-37.83,1978,11,"086232",143.8
144.98,-37.83,1978,12,"086232",103.8
144.98,-37.83,1979,1,"086232",43.4
144.98,-37.83,1979,2,"086232",43.2
144.98,-37.83,1979,3,"086232",35
144.98,-37.83,1979,4,"086232",55.5
144.98,-37.83,1979,5,"086232",94.6
144.98,-37.83,1979,6,"086232",16.8
144.98,-37.83,1979,7,"086232",12.8
144.98,-37.83,1979,8,"086232",67.8
144.98,-37.83,1979,9,"086232",79.2
144.98,-37.83,1979,10,"086232",100.6
144.98,-37.83,1979,11,"086232",36.4
144.98,-37.83,1979,12,"086232",10.8
144.98,-37.83,1980,1,"086232",16.4
144.98,-37.83,1980,2,"086232",20.8
144.98,-37.83,1980,3,"086232",17
144.98,-37.83,1980,4,"086232",85
144.98,-37.83,1980,5,"086232",64.4
144.98,-37.83,1980,6,"086232",88.7
144.98,-37.83,1980,7,"086232",16.8
144.98,-37.83,1980,8,"086232",48.8
144.98,-37.83,1980,9,"086232",13.2
144.98,-37.83,1980,10,"086232",91.2
144.98,-37.83,1980,11,"086232",43.4
144.98,-37.83,1980,12,"086232",79.8
144.98,-37.83,1981,1,"086232",50.2
144.98,-37.83,1981,2,"086232",30.4
144.98,-37.83,1981,3,"086232",30.2
144.98,-37.83,1981,4,"086232",16.2
144.98,-37.83,1981,5,"086232",107.6
144.98,-37.83,1981,6,"086232",40.4
144.98,-37.83,1981,7,"086232",83.6
144.98,-37.83,1981,8,"086232",80
144.98,-37.83,1981,9,"086232",27.4
144.98,-37.83,1981,10,"086232",44.3
144.98,-37.83,1981,11,"086232",62.8
144.98,-37.83,1981,12,"086232",30.2
144.98,-37.83,1982,1,"086232",46.4
144.98,-37.83,1982,2,"086232",4.4
144.98,-37.83,1982,3,"086232",48.6
144.98,-37.83,1982,4,"086232",43.2
144.98,-37.83,1982,5,"086232",52.6
144.98,-37.83,1982,6,"086232",67.9
144.98,-37.83,1982,7,"086232",18.3
144.98,-37.83,1982,8,"086232",39.6
144.98,-37.83,1982,9,"086232",50.7
144.98,-37.83,1982,10,"086232",42.5
144.98,-37.83,1982,11,"086232",18.4
144.98,-37.83,1982,12,"086232",40.8
144.98,-37.83,1983,1,"086232",36.3
144.98,-37.83,1983,2,"086232",1
144.98,-37.83,1983,3,"086232",53.5
144.98,-37.83,1983,4,"086232",48
144.98,-37.83,1983,5,"086232",68.8
144.98,-37.83,1983,6,"086232",49.2
144.98,-37.83,1983,7,"086232",87.4
144.98,-37.83,1983,8,"086232",60.4
144.98,-37.83,1983,9,"086232",94.6
144.98,-37.83,1983,10,"086232",111.6
144.98,-37.83,1983,11,"086232",87.2
144.98,-37.83,1983,12,"086232",10.6
144.98,-37.83,1984,1,"086232",99.6
144.98,-37.83,1984,2,"086232",18
144.98,-37.83,1984,3,"086232",46.2
144.98,-37.83,1984,4,"086232",53.1
144.98,-37.83,1984,5,"086232",22.4
144.98,-37.83,1984,6,"086232",11
144.98,-37.83,1984,7,"086232",43.1
144.98,-37.83,1984,8,"086232",60.2
144.98,-37.83,1984,9,"086232",133.8
144.98,-37.83,1984,10,"086232",50.2
144.98,-37.83,1984,11,"086232",65.4
144.98,-37.83,1984,12,"086232",67.2
144.98,-37.83,1985,1,"086232",18.4
144.98,-37.83,1985,2,"086232",7.6
144.98,-37.83,1985,3,"086232",40.2
144.98,-37.83,1985,4,"086232",68.5
144.98,-37.83,1985,5,"086232",61.4
144.98,-37.83,1985,6,"086232",110.6
144.98,-37.83,1985,7,"086232",83.1
144.98,-37.83,1985,8,"086232",78
144.98,-37.83,1985,9,"086232",57
144.98,-37.83,1985,10,"086232",70.8
144.98,-37.83,1985,11,"086232",82.2
144.98,-37.83,1985,12,"086232",148
144.98,-37.83,1986,1,"086232",38.2
144.98,-37.83,1986,2,"086232",17
144.98,-37.83,1986,3,"086232",18.2
144.98,-37.83,1986,4,"086232",58.1
144.98,-37.83,1986,5,"086232",73.1
144.98,-37.83,1986,6,"086232",34
144.98,-37.83,1986,7,"086232",88.2
144.98,-37.83,1986,8,"086232",45.6
144.98,-37.83,1986,9,"086232",40.6
144.98,-37.83,1986,10,"086232",65.3
144.98,-37.83,1986,11,"086232",41
144.98,-37.83,1986,12,"086232",58.2
144.98,-37.83,1987,1,"086232",65.2
144.98,-37.83,1987,2,"086232",73.9
144.98,-37.83,1987,3,"086232",42
144.98,-37.83,1987,4,"086232",21.7
144.98,-37.83,1987,5,"086232",63.3
144.98,-37.83,1987,6,"086232",67.2
144.98,-37.83,1987,7,"086232",79.7
144.98,-37.83,1987,8,"086232",23.8
144.98,-37.83,1987,9,"086232",36.2
144.98,-37.83,1987,10,"086232",49.2
144.98,-37.83,1987,11,"086232",74.8
144.98,-37.83,1987,12,"086232",91.9
144.98,-37.83,1988,1,"086232",46.6
144.98,-37.83,1988,2,"086232",13.6
144.98,-37.83,1988,3,"086232",23.7
144.98,-37.83,1988,4,"086232",8.2
144.98,-37.83,1988,5,"086232",74.1
144.98,-37.83,1988,6,"086232",57.4
144.98,-37.83,1988,7,"086232",58.7
144.98,-37.83,1988,8,"086232",58.5
144.98,-37.83,1988,9,"086232",53.9
144.98,-37.83,1988,10,"086232",33.4
144.98,-37.83,1988,11,"086232",163.4
144.98,-37.83,1988,12,"086232",80.3
144.98,-37.83,1989,1,"086232",53.3
144.98,-37.83,1989,2,"086232",98.2
144.98,-37.83,1989,3,"086232",84.9
144.98,-37.83,1989,4,"086232",71
144.98,-37.83,1989,5,"086232",63.4
144.98,-37.83,1989,6,"086232",49.6
144.98,-37.83,1989,7,"086232",59.4
144.98,-37.83,1989,8,"086232",83.9
144.98,-37.83,1989,9,"086232",52.4
144.98,-37.83,1989,10,"086232",88.7
144.98,-37.83,1989,11,"086232",35.8
144.98,-37.83,1989,12,"086232",71
144.98,-37.83,1990,1,"086232",2
144.98,-37.83,1990,2,"086232",74.6
144.98,-37.83,1990,3,"086232",31.2
144.98,-37.83,1990,4,"086232",94.2
144.98,-37.83,1990,5,"086232",18.7
144.98,-37.83,1990,6,"086232",39.4
144.98,-37.83,1990,7,"086232",92.7
144.98,-37.83,1990,8,"086232",58
144.98,-37.83,1990,9,"086232",40.8
144.98,-37.83,1990,10,"086232",103.6
144.98,-37.83,1990,11,"086232",52.5
144.98,-37.83,1990,12,"086232",25.7
144.98,-37.83,1991,1,"086232",80.8
144.98,-37.83,1991,2,"086232",0.8
144.98,-37.83,1991,3,"086232",61
144.98,-37.83,1991,4,"086232",37.7
144.98,-37.83,1991,5,"086232",21
144.98,-37.83,1991,6,"086232",125.7
144.98,-37.83,1991,7,"086232",59.6
144.98,-37.83,1991,8,"086232",54.4
144.98,-37.83,1991,9,"086232",86.5
144.98,-37.83,1991,10,"086232",27.4
144.98,-37.83,1991,11,"086232",20.5
144.98,-37.83,1991,12,"086232",106.1
144.98,-37.83,1992,1,"086232",45.1
144.98,-37.83,1992,2,"086232",19.1
144.98,-37.83,1992,3,"086232",27.3
144.98,-37.83,1992,4,"086232",39
144.98,-37.83,1992,5,"086232",79.4
144.98,-37.83,1992,6,"086232",45.2
144.98,-37.83,1992,7,"086232",33.1
144.98,-37.83,1992,8,"086232",66.1
144.98,-37.83,1992,9,"086232",131.4
144.98,-37.83,1992,10,"086232",109.9
144.98,-37.83,1992,11,"086232",177
144.98,-37.83,1992,12,"086232",98.4
144.98,-37.83,1993,1,"086232",92.2
144.98,-37.83,1993,2,"086232",62.9
144.98,-37.83,1993,3,"086232",38.5
144.98,-37.83,1993,4,"086232",27.4
144.98,-37.83,1993,5,"086232",38.7
144.98,-37.83,1993,6,"086232",54.2
144.98,-37.83,1993,7,"086232",45
144.98,-37.83,1993,8,"086232",60.1
144.98,-37.83,1993,9,"086232",NA
144.98,-37.83,1993,10,"086232",NA
144.98,-37.83,1993,11,"086232",NA
144.98,-37.83,1993,12,"086232",NA
144.98,-37.83,1999,1,"086232",26.8
144.98,-37.83,1999,2,"086232",31.4
144.98,-37.83,1999,3,"086232",NA
144.98,-37.83,1999,4,"086232",35.4
144.98,-37.83,1999,5,"086232",58.2
144.98,-37.83,1999,6,"086232",47
144.98,-37.83,1999,7,"086232",14.2
144.98,-37.83,1999,8,"086232",84.8
144.98,-37.83,1999,9,"086232",28
144.98,-37.83,1999,10,"086232",62.4
144.98,-37.83,1999,11,"086232",35.4
144.98,-37.83,1999,12,"086232",131.2
144.98,-37.83,2000,1,"086232",31
144.98,-37.83,2000,2,"086232",35.4
144.98,-37.83,2000,3,"086232",27
144.98,-37.83,2000,4,"086232",42.2
144.98,-37.83,2000,5,"086232",87.8
144.98,-37.83,2000,6,"086232",40.6
144.98,-37.83,2000,7,"086232",52.2
144.98,-37.83,2000,8,"086232",46.2
144.98,-37.83,2000,9,"086232",NA
144.98,-37.83,2000,10,"086232",NA
144.98,-37.83,2000,11,"086232",40.9
144.98,-37.83,2000,12,"086232",NA
144.98,-37.83,2001,1,"086232",12.4
144.98,-37.83,2001,2,"086232",NA
144.98,-37.83,2001,3,"086232",79.6
144.98,-37.83,2001,4,"086232",NA
144.98,-37.83,2001,5,"086232",19.6
144.98,-37.83,2001,6,"086232",NA
144.98,-37.83,2001,7,"086232",NA
144.98,-37.83,2001,8,"086232",53.2
144.98,-37.83,2001,9,"086232",44.4
144.98,-37.83,2001,10,"086232",80.4
144.98,-37.83,2001,11,"086232",NA
144.98,-37.83,2001,12,"086232",NA
144.98,-37.83,2002,1,"086232",38.6
144.98,-37.83,2002,2,"086232",77.6
144.98,-37.83,2002,3,"086232",31.3
144.98,-37.83,2002,4,"086232",43.2
144.98,-37.83,2002,5,"086232",35.8
144.98,-37.83,2002,6,"086232",29
144.98,-37.83,2002,7,"086232",30.7
144.98,-37.83,2002,8,"086232",47.9
144.98,-37.83,2002,9,"086232",34.1
144.98,-37.83,2002,10,"086232",29.2
144.98,-37.83,2002,11,"086232",28
144.98,-37.83,2002,12,"086232",11
144.98,-37.83,2003,1,"086232",13.4
144.98,-37.83,2003,2,"086232",18.2
144.98,-37.83,2003,3,"086232",18.4
144.98,-37.83,2003,4,"086232",68.2
144.98,-37.83,2003,5,"086232",25.2
144.98,-37.83,2003,6,"086232",36.4
144.98,-37.83,2003,7,"086232",73
144.98,-37.83,2003,8,"086232",54.2
144.98,-37.83,2003,9,"086232",36
144.98,-37.83,2003,10,"086232",68
144.98,-37.83,2003,11,"086232",15.4
144.98,-37.83,2003,12,"086232",65.4
144.98,-37.83,2004,1,"086232",52.8
144.98,-37.83,2004,2,"086232",NA
144.98,-37.83,2004,3,"086232",13.8
144.98,-37.83,2004,4,"086232",51.2
144.98,-37.83,2004,5,"086232",24.2
144.98,-37.83,2004,6,"086232",44.2
144.98,-37.83,2004,7,"086232",37.1
144.98,-37.83,2004,8,"086232",68.7
144.98,-37.83,2004,9,"086232",NA
144.98,-37.83,2004,10,"086232",64.4
144.98,-37.83,2004,11,"086232",118
144.98,-37.83,2004,12,"086232",51.2
144.98,-37.83,2005,1,"086232",20.6
144.98,-37.83,2005,2,"086232",NA
144.98,-37.83,2005,3,"086232",12
144.98,-37.83,2005,4,"086232",26.8
144.98,-37.83,2005,5,"086232",10.6
144.98,-37.83,2005,6,"086232",40.4
144.98,-37.83,2005,7,"086232",25.8
144.98,-37.83,2005,8,"086232",60
144.98,-37.83,2005,9,"086232",43.4
144.98,-37.83,2005,10,"086232",41.2
144.98,-37.83,2005,11,"086232",56
144.98,-37.83,2005,12,"086232",60.4
144.98,-37.83,2006,1,"086232",53.2
144.98,-37.83,2006,2,"086232",55
144.98,-37.83,2006,3,"086232",18.2
144.98,-37.83,2006,4,"086232",47.8
144.98,-37.83,2006,5,"086232",NA
144.98,-37.83,2006,6,"086232",11.2
144.98,-37.83,2006,7,"086232",41.8
144.98,-37.83,2006,8,"086232",31
144.98,-37.83,2006,9,"086232",30.4
144.98,-37.83,2006,10,"086232",NA
144.98,-37.83,2006,11,"086232",28.8
144.98,-37.83,2006,12,"086232",14.4
144.98,-37.83,2007,1,"086232",31
144.98,-37.83,2007,2,"086232",16.6
144.98,-37.83,2007,3,"086232",NA
144.98,-37.83,2007,4,"086232",22.8
144.98,-37.83,2007,5,"086232",41.6
144.98,-37.83,2007,6,"086232",41.4
144.98,-37.83,2007,7,"086232",64.4
144.98,-37.83,2007,8,"086232",15
144.98,-37.83,2007,9,"086232",19.4
144.98,-37.83,2007,10,"086232",21.8
144.98,-37.83,2007,11,"086232",58
144.98,-37.83,2007,12,"086232",76.6
144.98,-37.83,2008,1,"086232",17.2
144.98,-37.83,2008,2,"086232",25.2
144.98,-37.83,2008,3,"086232",70.4
144.98,-37.83,2008,4,"086232",17.2
144.98,-37.83,2008,5,"086232",38.4
144.98,-37.83,2008,6,"086232",16
144.98,-37.83,2008,7,"086232",46.2
144.98,-37.83,2008,8,"086232",51.8
144.98,-37.83,2008,9,"086232",14.6
144.98,-37.83,2008,10,"086232",12.8
144.98,-37.83,2008,11,"086232",46.4
144.98,-37.83,2008,12,"086232",75.8
144.98,-37.83,2009,1,"086232",1
144.98,-37.83,2009,2,"086232",3.2
144.98,-37.83,2009,3,"086232",39.2
144.98,-37.83,2009,4,"086232",37.2
144.98,-37.83,2009,5,"086232",11.6
144.98,-37.83,2009,6,"086232",23
144.98,-37.83,2009,7,"086232",37.6
144.98,-37.83,2009,8,"086232",35
144.98,-37.83,2009,9,"086232",67.8
144.98,-37.83,2009,10,"086232",22
144.98,-37.83,2009,11,"086232",94.2
144.98,-37.83,2009,12,"086232",43.2
144.98,-37.83,2010,1,"086232",29
144.98,-37.83,2010,2,"086232",41.8
144.98,-37.83,2010,3,"086232",95.8
144.98,-37.83,2010,4,"086232",NA
144.98,-37.83,2010,5,"086232",24.8
144.98,-37.83,2010,6,"086232",53.6
144.98,-37.83,2010,7,"086232",21.2
144.98,-37.83,2010,8,"086232",56
144.98,-37.83,2010,9,"086232",40
144.98,-37.83,2010,10,"086232",139
144.98,-37.83,2010,11,"086232",114.2
144.98,-37.83,2010,12,"086232",85.2
144.98,-37.83,2011,1,"086232",89
144.98,-37.83,2011,2,"086232",161.8
144.98,-37.83,2011,3,"086232",23.9
144.98,-37.83,2011,4,"086232",96.9
144.98,-37.83,2011,5,"086232",61.6
144.98,-37.83,2011,6,"086232",34
144.98,-37.83,2011,7,"086232",39.6
144.98,-37.83,2011,8,"086232",23.6
144.98,-37.83,2011,9,"086232",72.4
144.98,-37.83,2011,10,"086232",67.8
144.98,-37.83,2011,11,"086232",113.2
144.98,-37.83,2011,12,"086232",79
144.98,-37.83,2012,1,"086232",30.6
144.98,-37.83,2012,2,"086232",59
144.98,-37.83,2012,3,"086232",62
144.98,-37.83,2012,4,"086232",56.6
144.98,-37.83,2012,5,"086232",78.6
144.98,-37.83,2012,6,"086232",73.8
144.98,-37.83,2012,7,"086232",59.6
144.98,-37.83,2012,8,"086232",52
144.98,-37.83,2012,9,"086232",42.6
144.98,-37.83,2012,10,"086232",36
144.98,-37.83,2012,11,"086232",39.8
144.98,-37.83,2012,12,"086232",27.6
144.98,-37.83,2013,1,"086232",8.8
144.98,-37.83,2013,2,"086232",69
144.98,-37.83,2013,3,"086232",41.6
144.98,-37.83,2013,4,"086232",23.4
144.98,-37.83,2013,5,"086232",44.6
144.98,-37.83,2013,6,"086232",97.4
144.98,-37.83,2013,7,"086232",71.6
144.98,-37.83,2013,8,"086232",64.6
144.98,-37.83,2013,9,"086232",87.5
144.98,-37.83,2013,10,"086232",52
144.98,-37.83,2013,11,"086232",61.6
144.98,-37.83,2013,12,"086232",43.2
144.98,-37.83,2014,1,"086232",14.8
144.98,-37.83,2014,2,"086232",24
144.98,-37.83,2014,3,"086232",27.6
144.98,-37.83,2014,4,"086232",76.4
144.98,-37.83,2014,5,"086232",41
144.98,-37.83,2014,6,"086232",54.4
144.98,-37.83,2014,7,"086232",27.4
144.98,-37.83,2014,8,"086232",35.2
144.98,-37.83,2014,9,"086232",36.2
144.98,-37.83,2014,10,"086232",46.2
144.98,-37.83,2014,11,"086232",59.2
144.98,-37.83,2014,12,"086232",36.8
144.98,-37.83,2015,1,"086232",56.8
144.98,-37.83,2015,2,"086232",41.4
144.98,-37.83,2015,3,"086232",24.4
144.98,-37.83,2015,4,"086232",NA
144.98,-37.83,2015,5,"086232",42.8
144.98,-37.83,2015,6,"086232",NA
144.98,-37.83,2015,7,"086232",65
144.98,-37.83,2015,8,"086232",41
144.98,-37.83,2015,9,"086232",33.2
144.98,-37.83,2015,10,"086232",11.8
144.98,-37.83,2015,11,"086232",46.4
144.98,-37.83,2015,12,"086232",NA
144.98,-37.83,2016,1,"086232",53.4
144.98,-37.83,2016,2,"086232",9.2
144.98,-37.83,2016,3,"086232",38.2
144.98,-37.83,2016,4,"086232",49.7
144.98,-37.83,2016,5,"086232",60.2
144.98,-37.83,2016,6,"086232",71.3
144.98,-37.83,2016,7,"086232",68.6
144.98,-37.83,2016,8,"086232",69.4
144.98,-37.83,2016,9,"086232",104.6
144.98,-37.83,2016,10,"086232",70.2
144.98,-37.83,2016,11,"086232",36.4
144.98,-37.83,2016,12,"086232",47.7
144.98,-37.83,2017,1,"086232",33.2
144.98,-37.83,2017,2,"086232",47
144.98,-37.83,2017,3,"086232",29.2
144.98,-37.83,2017,4,"086232",142.7
144.98,-37.83,2017,5,"086232",29.6
144.98,-37.83,2017,6,"086232",21.4
144.98,-37.83,2017,7,"086232",35.6
144.98,-37.83,2017,8,"086232",NA
144.98,-37.83,2017,9,"086232",46.7
144.98,-37.83,2017,10,"086232",43.4
144.98,-37.83,2017,11,"086232",46.2
144.98,-37.83,2017,12,"086232",119.2
144.98,-37.83,2018,1,"086232",73.6
144.98,-37.83,2018,2,"086232",1.2
144.98,-37.83,2018,3,"086232",24.6
144.98,-37.83,2018,4,"086232",19
144.98,-37.83,2018,5,"086232",72.2
144.98,-37.83,2018,6,"086232",47.2
144.98,-37.83,2018,7,"086232",22
144.98,-37.83,2018,8,"086232",49.4
144.98,-37.83,2018,9,"086232",19
144.98,-37.83,2018,10,"086232",24.9
144.98,-37.83,2018,11,"086232",89.6
144.98,-37.83,2018,12,"086232",117.3
144.98,-37.83,2019,1,"086232",12.6
144.98,-37.83,2019,2,"086232",20.3
144.98,-37.83,2019,3,"086232",14.6
144.98,-37.83,2019,4,"086232",11.6
144.98,-37.83,2019,5,"086232",63.5
144.98,-37.83,2019,6,"086232",57.5
144.98,-37.83,2019,7,"086232",52.8
144.98,-37.83,2019,8,"086232",64.3
144.98,-37.83,2019,9,"086232",51.4
144.98,-37.83,2019,10,"086232",27.7
144.98,-37.83,2019,11,"086232",60.8
144.98,-37.83,2019,12,"086232",4.4
144.98,-37.83,2020,1,"086232",129.4
144.98,-37.83,2020,2,"086232",75.8
144.98,-37.83,2020,3,"086232",78.2
144.98,-37.83,2020,4,"086232",145.6
144.98,-37.83,2020,5,"086232",82.8
144.98,-37.83,2020,6,"086232",30.8
144.98,-37.83,2020,7,"086232",32.4
144.98,-37.83,2020,8,"086232",68.8
144.98,-37.83,2020,9,"086232",26.8
144.98,-37.83,2020,10,"086232",80.8
144.98,-37.83,2020,11,"086232",55.2
144.98,-37.83,2020,12,"086232",42.6
144.98,-37.83,2021,1,"086232",93.6
144.98,-37.83,2021,2,"086232",11.2
144.98,-37.83,2021,3,"086232",60.2
144.98,-37.83,2021,4,"086232",38.2
144.98,-37.83,2021,5,"086232",69.8
144.98,-37.83,2021,6,"086232",47.7
144.98,-37.83,2021,7,"086232",35.7
144.98,-37.83,2021,8,"086232",59.2
144.98,-37.83,2021,9,"086232",72.6
144.98,-37.83,2021,10,"086232",118.5
144.98,-37.83,2021,11,"086232",98.2
144.98,-37.83,2021,12,"086232",22.6
144.98,-37.83,2022,1,"086232",72.3
144.98,-37.83,2022,2,"086232",6.5
144.98,-37.83,2022,3,"086232",NA
144.98,-37.83,2022,4,"086232",NA
144.98,-37.83,2022,5,"086232",NA
144.98,-37.83,2022,6,"086232",NA
144.98,-37.83,2022,7,"086232",NA
144.98,-37.83,2022,8,"086232",NA
144.98,-37.83,2022,9,"086232",NA
144.98,-37.83,2022,10,"086232",NA
144.98,-37.83,2022,11,"086232",NA
144.98,-37.83,2022,12,"086232",NA
