"Lon","Lat","Year","Month","Station","Rain"
149.49,-22.03,1972,1,"033188",NA
149.49,-22.03,1972,2,"033188",NA
149.49,-22.03,1972,3,"033188",NA
149.49,-22.03,1972,4,"033188",NA
149.49,-22.03,1972,5,"033188",NA
149.49,-22.03,1972,6,"033188",NA
149.49,-22.03,1972,7,"033188",NA
149.49,-22.03,1972,8,"033188",NA
149.49,-22.03,1972,9,"033188",NA
149.49,-22.03,1972,10,"033188",2.8
149.49,-22.03,1972,11,"033188",78.6
149.49,-22.03,1972,12,"033188",23.1
149.49,-22.03,1973,1,"033188",263
149.49,-22.03,1973,2,"033188",591
149.49,-22.03,1973,3,"033188",100.8
149.49,-22.03,1973,4,"033188",113
149.49,-22.03,1973,5,"033188",30.3
149.49,-22.03,1973,6,"033188",26.5
149.49,-22.03,1973,7,"033188",43.5
149.49,-22.03,1973,8,"033188",10
149.49,-22.03,1973,9,"033188",126.7
149.49,-22.03,1973,10,"033188",50.2
149.49,-22.03,1973,11,"033188",246.5
149.49,-22.03,1973,12,"033188",290.4
149.49,-22.03,1974,1,"033188",1014
149.49,-22.03,1974,2,"033188",188
149.49,-22.03,1974,3,"033188",445.4
149.49,-22.03,1974,4,"033188",58.4
149.49,-22.03,1974,5,"033188",48.7
149.49,-22.03,1974,6,"033188",0.6
149.49,-22.03,1974,7,"033188",0
149.49,-22.03,1974,8,"033188",80
149.49,-22.03,1974,9,"033188",28
149.49,-22.03,1974,10,"033188",68.7
149.49,-22.03,1974,11,"033188",83.4
149.49,-22.03,1974,12,"033188",80.4
149.49,-22.03,1975,1,"033188",442.9
149.49,-22.03,1975,2,"033188",158
149.49,-22.03,1975,3,"033188",219
149.49,-22.03,1975,4,"033188",41.6
149.49,-22.03,1975,5,"033188",1.2
149.49,-22.03,1975,6,"033188",26.6
149.49,-22.03,1975,7,"033188",9.3
149.49,-22.03,1975,8,"033188",15.4
149.49,-22.03,1975,9,"033188",58.7
149.49,-22.03,1975,10,"033188",180.5
149.49,-22.03,1975,11,"033188",78.8
149.49,-22.03,1975,12,"033188",609
149.49,-22.03,1976,1,"033188",394.5
149.49,-22.03,1976,2,"033188",292.3
149.49,-22.03,1976,3,"033188",430.4
149.49,-22.03,1976,4,"033188",61.1
149.49,-22.03,1976,5,"033188",24.2
149.49,-22.03,1976,6,"033188",39.6
149.49,-22.03,1976,7,"033188",23.6
149.49,-22.03,1976,8,"033188",0
149.49,-22.03,1976,9,"033188",76.6
149.49,-22.03,1976,10,"033188",190.6
149.49,-22.03,1976,11,"033188",96.6
149.49,-22.03,1976,12,"033188",455.8
149.49,-22.03,1977,1,"033188",57
149.49,-22.03,1977,2,"033188",234.2
149.49,-22.03,1977,3,"033188",366.4
149.49,-22.03,1977,4,"033188",93
149.49,-22.03,1977,5,"033188",177.6
149.49,-22.03,1977,6,"033188",0
149.49,-22.03,1977,7,"033188",11.6
149.49,-22.03,1977,8,"033188",0
149.49,-22.03,1977,9,"033188",2.8
149.49,-22.03,1977,10,"033188",2.7
149.49,-22.03,1977,11,"033188",183.4
149.49,-22.03,1977,12,"033188",94.6
149.49,-22.03,1978,1,"033188",291.4
149.49,-22.03,1978,2,"033188",858.8
149.49,-22.03,1978,3,"033188",48.2
149.49,-22.03,1978,4,"033188",74.6
149.49,-22.03,1978,5,"033188",105.8
149.49,-22.03,1978,6,"033188",32.4
149.49,-22.03,1978,7,"033188",67.8
149.49,-22.03,1978,8,"033188",71.8
149.49,-22.03,1978,9,"033188",29.2
149.49,-22.03,1978,10,"033188",27.4
149.49,-22.03,1978,11,"033188",58.8
149.49,-22.03,1978,12,"033188",246.8
149.49,-22.03,1979,1,"033188",323
149.49,-22.03,1979,2,"033188",349.4
149.49,-22.03,1979,3,"033188",485.6
149.49,-22.03,1979,4,"033188",54.8
149.49,-22.03,1979,5,"033188",9.8
149.49,-22.03,1979,6,"033188",69.4
149.49,-22.03,1979,7,"033188",47.6
149.49,-22.03,1979,8,"033188",7.2
149.49,-22.03,1979,9,"033188",23.2
149.49,-22.03,1979,10,"033188",77
149.49,-22.03,1979,11,"033188",42.2
149.49,-22.03,1979,12,"033188",122.3
149.49,-22.03,1980,1,"033188",286.8
149.49,-22.03,1980,2,"033188",204.6
149.49,-22.03,1980,3,"033188",63.6
149.49,-22.03,1980,4,"033188",143.2
149.49,-22.03,1980,5,"033188",56.2
149.49,-22.03,1980,6,"033188",26.8
149.49,-22.03,1980,7,"033188",26
149.49,-22.03,1980,8,"033188",19.2
149.49,-22.03,1980,9,"033188",0
149.49,-22.03,1980,10,"033188",69.2
149.49,-22.03,1980,11,"033188",29.2
149.49,-22.03,1980,12,"033188",122.4
149.49,-22.03,1981,1,"033188",262.8
149.49,-22.03,1981,2,"033188",368.4
149.49,-22.03,1981,3,"033188",65.2
149.49,-22.03,1981,4,"033188",320
149.49,-22.03,1981,5,"033188",177.4
149.49,-22.03,1981,6,"033188",10.4
149.49,-22.03,1981,7,"033188",19
149.49,-22.03,1981,8,"033188",15.6
149.49,-22.03,1981,9,"033188",1.8
149.49,-22.03,1981,10,"033188",10.2
149.49,-22.03,1981,11,"033188",190.2
149.49,-22.03,1981,12,"033188",70
149.49,-22.03,1982,1,"033188",269.6
149.49,-22.03,1982,2,"033188",54.4
149.49,-22.03,1982,3,"033188",302.4
149.49,-22.03,1982,4,"033188",103.6
149.49,-22.03,1982,5,"033188",27.8
149.49,-22.03,1982,6,"033188",0.4
149.49,-22.03,1982,7,"033188",14
149.49,-22.03,1982,8,"033188",20
149.49,-22.03,1982,9,"033188",15.4
149.49,-22.03,1982,10,"033188",0.4
149.49,-22.03,1982,11,"033188",2
149.49,-22.03,1982,12,"033188",150.6
149.49,-22.03,1983,1,"033188",214
149.49,-22.03,1983,2,"033188",13.8
149.49,-22.03,1983,3,"033188",183.8
149.49,-22.03,1983,4,"033188",77
149.49,-22.03,1983,5,"033188",355.6
149.49,-22.03,1983,6,"033188",57.4
149.49,-22.03,1983,7,"033188",9
149.49,-22.03,1983,8,"033188",13.8
149.49,-22.03,1983,9,"033188",12
149.49,-22.03,1983,10,"033188",61
149.49,-22.03,1983,11,"033188",195.8
149.49,-22.03,1983,12,"033188",63
149.49,-22.03,1984,1,"033188",166.6
149.49,-22.03,1984,2,"033188",48.8
149.49,-22.03,1984,3,"033188",93
149.49,-22.03,1984,4,"033188",22.2
149.49,-22.03,1984,5,"033188",25.8
149.49,-22.03,1984,6,"033188",34.6
149.49,-22.03,1984,7,"033188",114.2
149.49,-22.03,1984,8,"033188",0
149.49,-22.03,1984,9,"033188",30.2
149.49,-22.03,1984,10,"033188",55.8
149.49,-22.03,1984,11,"033188",128
149.49,-22.03,1984,12,"033188",123.6
149.49,-22.03,1985,1,"033188",0.4
149.49,-22.03,1985,2,"033188",272
149.49,-22.03,1985,3,"033188",84.6
149.49,-22.03,1985,4,"033188",35.4
149.49,-22.03,1985,5,"033188",66
149.49,-22.03,1985,6,"033188",61
149.49,-22.03,1985,7,"033188",41.8
149.49,-22.03,1985,8,"033188",4.6
149.49,-22.03,1985,9,"033188",12.4
149.49,-22.03,1985,10,"033188",126.6
149.49,-22.03,1985,11,"033188",276.2
149.49,-22.03,1985,12,"033188",149.2
149.49,-22.03,1986,1,"033188",152.2
149.49,-22.03,1986,2,"033188",159.6
149.49,-22.03,1986,3,"033188",15.6
149.49,-22.03,1986,4,"033188",96.2
149.49,-22.03,1986,5,"033188",83.8
149.49,-22.03,1986,6,"033188",67.4
149.49,-22.03,1986,7,"033188",33.6
149.49,-22.03,1986,8,"033188",29
149.49,-22.03,1986,9,"033188",35.8
149.49,-22.03,1986,10,"033188",77.2
149.49,-22.03,1986,11,"033188",28
149.49,-22.03,1986,12,"033188",125.4
149.49,-22.03,1987,1,"033188",312.4
149.49,-22.03,1987,2,"033188",68.2
149.49,-22.03,1987,3,"033188",132.6
149.49,-22.03,1987,4,"033188",29.8
149.49,-22.03,1987,5,"033188",27.6
149.49,-22.03,1987,6,"033188",71.4
149.49,-22.03,1987,7,"033188",53.8
149.49,-22.03,1987,8,"033188",24.3
149.49,-22.03,1987,9,"033188",6
149.49,-22.03,1987,10,"033188",51.6
149.49,-22.03,1987,11,"033188",167.4
149.49,-22.03,1987,12,"033188",83
149.49,-22.03,1988,1,"033188",30
149.49,-22.03,1988,2,"033188",267
149.49,-22.03,1988,3,"033188",932.7
149.49,-22.03,1988,4,"033188",64.9
149.49,-22.03,1988,5,"033188",88
149.49,-22.03,1988,6,"033188",80
149.49,-22.03,1988,7,"033188",239.9
149.49,-22.03,1988,8,"033188",107.4
149.49,-22.03,1988,9,"033188",0.8
149.49,-22.03,1988,10,"033188",13.6
149.49,-22.03,1988,11,"033188",161.3
149.49,-22.03,1988,12,"033188",358.3
149.49,-22.03,1989,1,"033188",59
149.49,-22.03,1989,2,"033188",586.8
149.49,-22.03,1989,3,"033188",290
149.49,-22.03,1989,4,"033188",314.2
149.49,-22.03,1989,5,"033188",343.7
149.49,-22.03,1989,6,"033188",35.8
149.49,-22.03,1989,7,"033188",83.6
149.49,-22.03,1989,8,"033188",3
149.49,-22.03,1989,9,"033188",0
149.49,-22.03,1989,10,"033188",16.8
149.49,-22.03,1989,11,"033188",200.8
149.49,-22.03,1989,12,"033188",57.2
149.49,-22.03,1990,1,"033188",8.2
149.49,-22.03,1990,2,"033188",71.8
149.49,-22.03,1990,3,"033188",647
149.49,-22.03,1990,4,"033188",359
149.49,-22.03,1990,5,"033188",175.6
149.49,-22.03,1990,6,"033188",57.2
149.49,-22.03,1990,7,"033188",3.4
149.49,-22.03,1990,8,"033188",2
149.49,-22.03,1990,9,"033188",2.2
149.49,-22.03,1990,10,"033188",13.9
149.49,-22.03,1990,11,"033188",1
149.49,-22.03,1990,12,"033188",866.8
149.49,-22.03,1991,1,"033188",695
149.49,-22.03,1991,2,"033188",422.8
149.49,-22.03,1991,3,"033188",16.4
149.49,-22.03,1991,4,"033188",16.8
149.49,-22.03,1991,5,"033188",59
149.49,-22.03,1991,6,"033188",25.6
149.49,-22.03,1991,7,"033188",0.8
149.49,-22.03,1991,8,"033188",0.6
149.49,-22.03,1991,9,"033188",0
149.49,-22.03,1991,10,"033188",0.2
149.49,-22.03,1991,11,"033188",149.6
149.49,-22.03,1991,12,"033188",177.2
149.49,-22.03,1992,1,"033188",70.8
149.49,-22.03,1992,2,"033188",232
149.49,-22.03,1992,3,"033188",119.2
149.49,-22.03,1992,4,"033188",41
149.49,-22.03,1992,5,"033188",135.6
149.49,-22.03,1992,6,"033188",12.6
149.49,-22.03,1992,7,"033188",5.8
149.49,-22.03,1992,8,"033188",29.2
149.49,-22.03,1992,9,"033188",23.8
149.49,-22.03,1992,10,"033188",2.4
149.49,-22.03,1992,11,"033188",35.4
149.49,-22.03,1992,12,"033188",98.6
149.49,-22.03,1993,1,"033188",501.6
149.49,-22.03,1993,2,"033188",43.6
149.49,-22.03,1993,3,"033188",126.8
149.49,-22.03,1993,4,"033188",15.4
149.49,-22.03,1993,5,"033188",21.2
149.49,-22.03,1993,6,"033188",14.8
149.49,-22.03,1993,7,"033188",69.2
149.49,-22.03,1993,8,"033188",49.4
149.49,-22.03,1993,9,"033188",25
149.49,-22.03,1993,10,"033188",86.2
149.49,-22.03,1993,11,"033188",127
149.49,-22.03,1993,12,"033188",248.3
149.49,-22.03,1994,1,"033188",75
149.49,-22.03,1994,2,"033188",127.6
149.49,-22.03,1994,3,"033188",265
149.49,-22.03,1994,4,"033188",35.4
149.49,-22.03,1994,5,"033188",44
149.49,-22.03,1994,6,"033188",16.4
149.49,-22.03,1994,7,"033188",21.6
149.49,-22.03,1994,8,"033188",5.2
149.49,-22.03,1994,9,"033188",0.2
149.49,-22.03,1994,10,"033188",138.8
149.49,-22.03,1994,11,"033188",33.2
149.49,-22.03,1994,12,"033188",112.4
149.49,-22.03,1995,1,"033188",188.4
149.49,-22.03,1995,2,"033188",164.4
149.49,-22.03,1995,3,"033188",0.8
149.49,-22.03,1995,4,"033188",58.4
149.49,-22.03,1995,5,"033188",52
149.49,-22.03,1995,6,"033188",17.6
149.49,-22.03,1995,7,"033188",0.4
149.49,-22.03,1995,8,"033188",98.2
149.49,-22.03,1995,9,"033188",0
149.49,-22.03,1995,10,"033188",101.2
149.49,-22.03,1995,11,"033188",62
149.49,-22.03,1995,12,"033188",47
149.49,-22.03,1996,1,"033188",553.8
149.49,-22.03,1996,2,"033188",14.4
149.49,-22.03,1996,3,"033188",3.4
149.49,-22.03,1996,4,"033188",196
149.49,-22.03,1996,5,"033188",267.2
149.49,-22.03,1996,6,"033188",38.6
149.49,-22.03,1996,7,"033188",10
149.49,-22.03,1996,8,"033188",12.4
149.49,-22.03,1996,9,"033188",8
149.49,-22.03,1996,10,"033188",21.8
149.49,-22.03,1996,11,"033188",141.8
149.49,-22.03,1996,12,"033188",103.2
149.49,-22.03,1997,1,"033188",116.8
149.49,-22.03,1997,2,"033188",361.4
149.49,-22.03,1997,3,"033188",127.8
149.49,-22.03,1997,4,"033188",30.8
149.49,-22.03,1997,5,"033188",34.6
149.49,-22.03,1997,6,"033188",18
149.49,-22.03,1997,7,"033188",3.8
149.49,-22.03,1997,8,"033188",4.2
149.49,-22.03,1997,9,"033188",14
149.49,-22.03,1997,10,"033188",3
149.49,-22.03,1997,11,"033188",32
149.49,-22.03,1997,12,"033188",167.8
149.49,-22.03,1998,1,"033188",135.8
149.49,-22.03,1998,2,"033188",181.2
149.49,-22.03,1998,3,"033188",59.6
149.49,-22.03,1998,4,"033188",77.4
149.49,-22.03,1998,5,"033188",70.2
149.49,-22.03,1998,6,"033188",52
149.49,-22.03,1998,7,"033188",7.6
149.49,-22.03,1998,8,"033188",310.8
149.49,-22.03,1998,9,"033188",121.6
149.49,-22.03,1998,10,"033188",113.8
149.49,-22.03,1998,11,"033188",147.4
149.49,-22.03,1998,12,"033188",126.2
149.49,-22.03,1999,1,"033188",117.8
149.49,-22.03,1999,2,"033188",487.8
149.49,-22.03,1999,3,"033188",206.6
149.49,-22.03,1999,4,"033188",43.4
149.49,-22.03,1999,5,"033188",25.8
149.49,-22.03,1999,6,"033188",63.2
149.49,-22.03,1999,7,"033188",35.8
149.49,-22.03,1999,8,"033188",14.4
149.49,-22.03,1999,9,"033188",22.8
149.49,-22.03,1999,10,"033188",7
149.49,-22.03,1999,11,"033188",195.4
149.49,-22.03,1999,12,"033188",197.6
149.49,-22.03,2000,1,"033188",85.6
149.49,-22.03,2000,2,"033188",240.8
149.49,-22.03,2000,3,"033188",16.8
149.49,-22.03,2000,4,"033188",256.8
149.49,-22.03,2000,5,"033188",53.6
149.49,-22.03,2000,6,"033188",62
149.49,-22.03,2000,7,"033188",8
149.49,-22.03,2000,8,"033188",52.4
149.49,-22.03,2000,9,"033188",0
149.49,-22.03,2000,10,"033188",133.2
149.49,-22.03,2000,11,"033188",529.4
149.49,-22.03,2000,12,"033188",145.6
149.49,-22.03,2001,1,"033188",105
149.49,-22.03,2001,2,"033188",120.6
149.49,-22.03,2001,3,"033188",91.8
149.49,-22.03,2001,4,"033188",75.2
149.49,-22.03,2001,5,"033188",4.8
149.49,-22.03,2001,6,"033188",43.2
149.49,-22.03,2001,7,"033188",26.8
149.49,-22.03,2001,8,"033188",0
149.49,-22.03,2001,9,"033188",5
149.49,-22.03,2001,10,"033188",16.6
149.49,-22.03,2001,11,"033188",45.8
149.49,-22.03,2001,12,"033188",157.4
149.49,-22.03,2002,1,"033188",86.4
149.49,-22.03,2002,2,"033188",48
149.49,-22.03,2002,3,"033188",8.6
149.49,-22.03,2002,4,"033188",10.2
149.49,-22.03,2002,5,"033188",46.4
149.49,-22.03,2002,6,"033188",24.2
149.49,-22.03,2002,7,"033188",0
149.49,-22.03,2002,8,"033188",19.2
149.49,-22.03,2002,9,"033188",13.6
149.49,-22.03,2002,10,"033188",0
149.49,-22.03,2002,11,"033188",51
149.49,-22.03,2002,12,"033188",27.4
149.49,-22.03,2003,1,"033188",18.6
149.49,-22.03,2003,2,"033188",665.2
149.49,-22.03,2003,3,"033188",NA
149.49,-22.03,2003,4,"033188",42
149.49,-22.03,2003,5,"033188",42.4
149.49,-22.03,2003,6,"033188",60.8
149.49,-22.03,2003,7,"033188",7.8
149.49,-22.03,2003,8,"033188",3
149.49,-22.03,2003,9,"033188",0
149.49,-22.03,2003,10,"033188",58.4
149.49,-22.03,2003,11,"033188",34
149.49,-22.03,2003,12,"033188",327.8
149.49,-22.03,2004,1,"033188",346.8
149.49,-22.03,2004,2,"033188",NA
149.49,-22.03,2004,3,"033188",58.6
149.49,-22.03,2004,4,"033188",27.2
149.49,-22.03,2004,5,"033188",0
149.49,-22.03,2004,6,"033188",6.4
149.49,-22.03,2004,7,"033188",2.8
149.49,-22.03,2004,8,"033188",7.6
149.49,-22.03,2004,9,"033188",23.4
149.49,-22.03,2004,10,"033188",69
149.49,-22.03,2004,11,"033188",72.8
149.49,-22.03,2004,12,"033188",165.6
149.49,-22.03,2005,1,"033188",475
149.49,-22.03,2005,2,"033188",122.6
149.49,-22.03,2005,3,"033188",89.8
149.49,-22.03,2005,4,"033188",47.4
149.49,-22.03,2005,5,"033188",93.4
149.49,-22.03,2005,6,"033188",22.6
149.49,-22.03,2005,7,"033188",27.4
149.49,-22.03,2005,8,"033188",57.6
149.49,-22.03,2005,9,"033188",0.4
149.49,-22.03,2005,10,"033188",109.8
149.49,-22.03,2005,11,"033188",61
149.49,-22.03,2005,12,"033188",30
149.49,-22.03,2006,1,"033188",203.6
149.49,-22.03,2006,2,"033188",54.6
149.49,-22.03,2006,3,"033188",277.4
149.49,-22.03,2006,4,"033188",125.4
149.49,-22.03,2006,5,"033188",20.8
149.49,-22.03,2006,6,"033188",42
149.49,-22.03,2006,7,"033188",32.8
149.49,-22.03,2006,8,"033188",5.8
149.49,-22.03,2006,9,"033188",83.2
149.49,-22.03,2006,10,"033188",8.4
149.49,-22.03,2006,11,"033188",107
149.49,-22.03,2006,12,"033188",NA
149.49,-22.03,2007,1,"033188",513
149.49,-22.03,2007,2,"033188",248.6
149.49,-22.03,2007,3,"033188",81.6
149.49,-22.03,2007,4,"033188",20
149.49,-22.03,2007,5,"033188",NA
149.49,-22.03,2007,6,"033188",231.6
149.49,-22.03,2007,7,"033188",0
149.49,-22.03,2007,8,"033188",16.2
149.49,-22.03,2007,9,"033188",56.4
149.49,-22.03,2007,10,"033188",25.6
149.49,-22.03,2007,11,"033188",129
149.49,-22.03,2007,12,"033188",NA
149.49,-22.03,2008,1,"033188",352.6
149.49,-22.03,2008,2,"033188",754.4
149.49,-22.03,2008,3,"033188",33.4
149.49,-22.03,2008,4,"033188",0.4
149.49,-22.03,2008,5,"033188",6.2
149.49,-22.03,2008,6,"033188",47.6
149.49,-22.03,2008,7,"033188",103.2
149.49,-22.03,2008,8,"033188",1.6
149.49,-22.03,2008,9,"033188",11.2
149.49,-22.03,2008,10,"033188",14.2
149.49,-22.03,2008,11,"033188",41.6
149.49,-22.03,2008,12,"033188",241.8
149.49,-22.03,2009,1,"033188",234
149.49,-22.03,2009,2,"033188",287.2
149.49,-22.03,2009,3,"033188",21.4
149.49,-22.03,2009,4,"033188",194.8
149.49,-22.03,2009,5,"033188",12.2
149.49,-22.03,2009,6,"033188",30.6
149.49,-22.03,2009,7,"033188",0.8
149.49,-22.03,2009,8,"033188",0
149.49,-22.03,2009,9,"033188",0
149.49,-22.03,2009,10,"033188",6.4
149.49,-22.03,2009,11,"033188",97.4
149.49,-22.03,2009,12,"033188",204.6
149.49,-22.03,2010,1,"033188",436.6
149.49,-22.03,2010,2,"033188",741.4
149.49,-22.03,2010,3,"033188",193.8
149.49,-22.03,2010,4,"033188",21.6
149.49,-22.03,2010,5,"033188",15.6
149.49,-22.03,2010,6,"033188",10.2
149.49,-22.03,2010,7,"033188",9.4
149.49,-22.03,2010,8,"033188",95.2
149.49,-22.03,2010,9,"033188",103.6
149.49,-22.03,2010,10,"033188",56.6
149.49,-22.03,2010,11,"033188",283.2
149.49,-22.03,2010,12,"033188",617.4
149.49,-22.03,2011,1,"033188",114.4
149.49,-22.03,2011,2,"033188",172.4
149.49,-22.03,2011,3,"033188",667.4
149.49,-22.03,2011,4,"033188",88.4
149.49,-22.03,2011,5,"033188",39.4
149.49,-22.03,2011,6,"033188",45
149.49,-22.03,2011,7,"033188",9
149.49,-22.03,2011,8,"033188",105.6
149.49,-22.03,2011,9,"033188",1
149.49,-22.03,2011,10,"033188",30
149.49,-22.03,2011,11,"033188",20.2
149.49,-22.03,2011,12,"033188",252.4
149.49,-22.03,2012,1,"033188",414.6
149.49,-22.03,2012,2,"033188",300
149.49,-22.03,2012,3,"033188",473.6
149.49,-22.03,2012,4,"033188",5.8
149.49,-22.03,2012,5,"033188",54
149.49,-22.03,2012,6,"033188",54.8
149.49,-22.03,2012,7,"033188",152.2
149.49,-22.03,2012,8,"033188",6.4
149.49,-22.03,2012,9,"033188",8.8
149.49,-22.03,2012,10,"033188",23.8
149.49,-22.03,2012,11,"033188",58.6
149.49,-22.03,2012,12,"033188",56.6
149.49,-22.03,2013,1,"033188",417
149.49,-22.03,2013,2,"033188",376
149.49,-22.03,2013,3,"033188",183.4
149.49,-22.03,2013,4,"033188",175.4
149.49,-22.03,2013,5,"033188",80.8
149.49,-22.03,2013,6,"033188",8
149.49,-22.03,2013,7,"033188",18.8
149.49,-22.03,2013,8,"033188",0
149.49,-22.03,2013,9,"033188",0
149.49,-22.03,2013,10,"033188",3
149.49,-22.03,2013,11,"033188",243.8
149.49,-22.03,2013,12,"033188",73
149.49,-22.03,2014,1,"033188",252
149.49,-22.03,2014,2,"033188",159.4
149.49,-22.03,2014,3,"033188",285.2
149.49,-22.03,2014,4,"033188",NA
149.49,-22.03,2014,5,"033188",20.6
149.49,-22.03,2014,6,"033188",17.6
149.49,-22.03,2014,7,"033188",6.8
149.49,-22.03,2014,8,"033188",48.4
149.49,-22.03,2014,9,"033188",109.4
149.49,-22.03,2014,10,"033188",2.6
149.49,-22.03,2014,11,"033188",20.2
149.49,-22.03,2014,12,"033188",94.2
149.49,-22.03,2015,1,"033188",445.4
149.49,-22.03,2015,2,"033188",104.6
149.49,-22.03,2015,3,"033188",25.6
149.49,-22.03,2015,4,"033188",152.2
149.49,-22.03,2015,5,"033188",4.6
149.49,-22.03,2015,6,"033188",35.8
149.49,-22.03,2015,7,"033188",16.4
149.49,-22.03,2015,8,"033188",8.4
149.49,-22.03,2015,9,"033188",1.4
149.49,-22.03,2015,10,"033188",16.4
149.49,-22.03,2015,11,"033188",129.8
149.49,-22.03,2015,12,"033188",66.2
149.49,-22.03,2016,1,"033188",169.2
149.49,-22.03,2016,2,"033188",437
149.49,-22.03,2016,3,"033188",265.4
149.49,-22.03,2016,4,"033188",11.6
149.49,-22.03,2016,5,"033188",17.6
149.49,-22.03,2016,6,"033188",118.4
149.49,-22.03,2016,7,"033188",309.4
149.49,-22.03,2016,8,"033188",33.4
149.49,-22.03,2016,9,"033188",29.6
149.49,-22.03,2016,10,"033188",13.2
149.49,-22.03,2016,11,"033188",31.6
149.49,-22.03,2016,12,"033188",246
149.49,-22.03,2017,1,"033188",252
149.49,-22.03,2017,2,"033188",39.8
149.49,-22.03,2017,3,"033188",992.4
149.49,-22.03,2017,4,"033188",6.2
149.49,-22.03,2017,5,"033188",88.4
149.49,-22.03,2017,6,"033188",12.8
149.49,-22.03,2017,7,"033188",2
149.49,-22.03,2017,8,"033188",0
149.49,-22.03,2017,9,"033188",0
149.49,-22.03,2017,10,"033188",80.6
149.49,-22.03,2017,11,"033188",146.6
149.49,-22.03,2017,12,"033188",55.4
149.49,-22.03,2018,1,"033188",44.8
149.49,-22.03,2018,2,"033188",289.8
149.49,-22.03,2018,3,"033188",139.2
149.49,-22.03,2018,4,"033188",61.6
149.49,-22.03,2018,5,"033188",9.4
149.49,-22.03,2018,6,"033188",15
149.49,-22.03,2018,7,"033188",1
149.49,-22.03,2018,8,"033188",0
149.49,-22.03,2018,9,"033188",31.8
149.49,-22.03,2018,10,"033188",137.2
149.49,-22.03,2018,11,"033188",33.8
149.49,-22.03,2018,12,"033188",200.6
