"Lon","Lat","Year","Month","Station","Rain"
149.41,-33.04,1880,1,"063035",NA
149.41,-33.04,1880,2,"063035",NA
149.41,-33.04,1880,3,"063035",NA
149.41,-33.04,1880,4,"063035",NA
149.41,-33.04,1880,5,"063035",12.7
149.41,-33.04,1880,6,"063035",0
149.41,-33.04,1880,7,"063035",NA
149.41,-33.04,1880,8,"063035",NA
149.41,-33.04,1880,9,"063035",83.1
149.41,-33.04,1880,10,"063035",51.6
149.41,-33.04,1880,11,"063035",6.9
149.41,-33.04,1880,12,"063035",15.8
149.41,-33.04,1881,1,"063035",42.6
149.41,-33.04,1881,2,"063035",86.2
149.41,-33.04,1881,3,"063035",61.7
149.41,-33.04,1881,4,"063035",8.4
149.41,-33.04,1881,5,"063035",87.3
149.41,-33.04,1881,6,"063035",63.8
149.41,-33.04,1881,7,"063035",12.2
149.41,-33.04,1881,8,"063035",58.5
149.41,-33.04,1881,9,"063035",34.7
149.41,-33.04,1881,10,"063035",71.1
149.41,-33.04,1881,11,"063035",125
149.41,-33.04,1881,12,"063035",13.5
149.41,-33.04,1882,1,"063035",1.3
149.41,-33.04,1882,2,"063035",0
149.41,-33.04,1882,3,"063035",34.9
149.41,-33.04,1882,4,"063035",29.5
149.41,-33.04,1882,5,"063035",89.2
149.41,-33.04,1882,6,"063035",92.4
149.41,-33.04,1882,7,"063035",41.5
149.41,-33.04,1882,8,"063035",44.2
149.41,-33.04,1882,9,"063035",5.6
149.41,-33.04,1882,10,"063035",138
149.41,-33.04,1882,11,"063035",117.7
149.41,-33.04,1882,12,"063035",97.7
149.41,-33.04,1883,1,"063035",10.9
149.41,-33.04,1883,2,"063035",53.9
149.41,-33.04,1883,3,"063035",46.1
149.41,-33.04,1883,4,"063035",46.1
149.41,-33.04,1883,5,"063035",113.1
149.41,-33.04,1883,6,"063035",31.8
149.41,-33.04,1883,7,"063035",47.8
149.41,-33.04,1883,8,"063035",42.7
149.41,-33.04,1883,9,"063035",51.9
149.41,-33.04,1883,10,"063035",102.9
149.41,-33.04,1883,11,"063035",77
149.41,-33.04,1883,12,"063035",16.2
149.41,-33.04,1884,1,"063035",15.5
149.41,-33.04,1884,2,"063035",5.1
149.41,-33.04,1884,3,"063035",11
149.41,-33.04,1884,4,"063035",117.4
149.41,-33.04,1884,5,"063035",41.2
149.41,-33.04,1884,6,"063035",110.5
149.41,-33.04,1884,7,"063035",57.8
149.41,-33.04,1884,8,"063035",26.9
149.41,-33.04,1884,9,"063035",104.1
149.41,-33.04,1884,10,"063035",110.4
149.41,-33.04,1884,11,"063035",93.5
149.41,-33.04,1884,12,"063035",40.2
149.41,-33.04,1885,1,"063035",92
149.41,-33.04,1885,2,"063035",25.9
149.41,-33.04,1885,3,"063035",52.5
149.41,-33.04,1885,4,"063035",33.5
149.41,-33.04,1885,5,"063035",37.3
149.41,-33.04,1885,6,"063035",103.7
149.41,-33.04,1885,7,"063035",2
149.41,-33.04,1885,8,"063035",18.2
149.41,-33.04,1885,9,"063035",38.4
149.41,-33.04,1885,10,"063035",8.7
149.41,-33.04,1885,11,"063035",54.3
149.41,-33.04,1885,12,"063035",95.8
149.41,-33.04,1886,1,"063035",64.6
149.41,-33.04,1886,2,"063035",15.3
149.41,-33.04,1886,3,"063035",0
149.41,-33.04,1886,4,"063035",83
149.41,-33.04,1886,5,"063035",110.6
149.41,-33.04,1886,6,"063035",31.5
149.41,-33.04,1886,7,"063035",43.9
149.41,-33.04,1886,8,"063035",183.5
149.41,-33.04,1886,9,"063035",38.9
149.41,-33.04,1886,10,"063035",89.7
149.41,-33.04,1886,11,"063035",165.3
149.41,-33.04,1886,12,"063035",166.6
149.41,-33.04,1887,1,"063035",105.8
149.41,-33.04,1887,2,"063035",93.8
149.41,-33.04,1887,3,"063035",116.9
149.41,-33.04,1887,4,"063035",18.5
149.41,-33.04,1887,5,"063035",28.7
149.41,-33.04,1887,6,"063035",105.7
149.41,-33.04,1887,7,"063035",45.3
149.41,-33.04,1887,8,"063035",71.1
149.41,-33.04,1887,9,"063035",63.2
149.41,-33.04,1887,10,"063035",58.1
149.41,-33.04,1887,11,"063035",89
149.41,-33.04,1887,12,"063035",146.9
149.41,-33.04,1888,1,"063035",2
149.41,-33.04,1888,2,"063035",95.7
149.41,-33.04,1888,3,"063035",22.1
149.41,-33.04,1888,4,"063035",5.1
149.41,-33.04,1888,5,"063035",36.9
149.41,-33.04,1888,6,"063035",42.8
149.41,-33.04,1888,7,"063035",36.6
149.41,-33.04,1888,8,"063035",1.3
149.41,-33.04,1888,9,"063035",48.8
149.41,-33.04,1888,10,"063035",11.5
149.41,-33.04,1888,11,"063035",6.5
149.41,-33.04,1888,12,"063035",63.3
149.41,-33.04,1889,1,"063035",45.6
149.41,-33.04,1889,2,"063035",29.3
149.41,-33.04,1889,3,"063035",9.7
149.41,-33.04,1889,4,"063035",181.9
149.41,-33.04,1889,5,"063035",98.6
149.41,-33.04,1889,6,"063035",97.7
149.41,-33.04,1889,7,"063035",6.6
149.41,-33.04,1889,8,"063035",80.9
149.41,-33.04,1889,9,"063035",36.8
149.41,-33.04,1889,10,"063035",102.4
149.41,-33.04,1889,11,"063035",54.3
149.41,-33.04,1889,12,"063035",116
149.41,-33.04,1890,1,"063035",19.3
149.41,-33.04,1890,2,"063035",148.7
149.41,-33.04,1890,3,"063035",139.5
149.41,-33.04,1890,4,"063035",48.7
149.41,-33.04,1890,5,"063035",54.8
149.41,-33.04,1890,6,"063035",115.4
149.41,-33.04,1890,7,"063035",57.8
149.41,-33.04,1890,8,"063035",36.5
149.41,-33.04,1890,9,"063035",51.5
149.41,-33.04,1890,10,"063035",76
149.41,-33.04,1890,11,"063035",38.1
149.41,-33.04,1890,12,"063035",35.3
149.41,-33.04,1891,1,"063035",144.4
149.41,-33.04,1891,2,"063035",25.2
149.41,-33.04,1891,3,"063035",30
149.41,-33.04,1891,4,"063035",89.6
149.41,-33.04,1891,5,"063035",13.7
149.41,-33.04,1891,6,"063035",180
149.41,-33.04,1891,7,"063035",97.7
149.41,-33.04,1891,8,"063035",63.3
149.41,-33.04,1891,9,"063035",72.3
149.41,-33.04,1891,10,"063035",39.4
149.41,-33.04,1891,11,"063035",55.9
149.41,-33.04,1891,12,"063035",33.6
149.41,-33.04,1892,1,"063035",101.7
149.41,-33.04,1892,2,"063035",50.2
149.41,-33.04,1892,3,"063035",17.5
149.41,-33.04,1892,4,"063035",87.5
149.41,-33.04,1892,5,"063035",123.1
149.41,-33.04,1892,6,"063035",61.1
149.41,-33.04,1892,7,"063035",74.3
149.41,-33.04,1892,8,"063035",68.7
149.41,-33.04,1892,9,"063035",164.8
149.41,-33.04,1892,10,"063035",99.8
149.41,-33.04,1892,11,"063035",38.7
149.41,-33.04,1892,12,"063035",86.5
149.41,-33.04,1893,1,"063035",73.6
149.41,-33.04,1893,2,"063035",70.3
149.41,-33.04,1893,3,"063035",111.6
149.41,-33.04,1893,4,"063035",64.1
149.41,-33.04,1893,5,"063035",125.5
149.41,-33.04,1893,6,"063035",79.2
149.41,-33.04,1893,7,"063035",55.4
149.41,-33.04,1893,8,"063035",83
149.41,-33.04,1893,9,"063035",17.4
149.41,-33.04,1893,10,"063035",97.9
149.41,-33.04,1893,11,"063035",112.3
149.41,-33.04,1893,12,"063035",37.9
149.41,-33.04,1894,1,"063035",160.1
149.41,-33.04,1894,2,"063035",17.5
149.41,-33.04,1894,3,"063035",107.9
149.41,-33.04,1894,4,"063035",54.4
149.41,-33.04,1894,5,"063035",49.1
149.41,-33.04,1894,6,"063035",64.4
149.41,-33.04,1894,7,"063035",27.9
149.41,-33.04,1894,8,"063035",43.9
149.41,-33.04,1894,9,"063035",60.4
149.41,-33.04,1894,10,"063035",89.2
149.41,-33.04,1894,11,"063035",29.2
149.41,-33.04,1894,12,"063035",59.8
149.41,-33.04,1895,1,"063035",85.4
149.41,-33.04,1895,2,"063035",11.5
149.41,-33.04,1895,3,"063035",0.6
149.41,-33.04,1895,4,"063035",8.9
149.41,-33.04,1895,5,"063035",34.8
149.41,-33.04,1895,6,"063035",63.9
149.41,-33.04,1895,7,"063035",23.4
149.41,-33.04,1895,8,"063035",46.5
149.41,-33.04,1895,9,"063035",74
149.41,-33.04,1895,10,"063035",54.4
149.41,-33.04,1895,11,"063035",27.9
149.41,-33.04,1895,12,"063035",98.2
149.41,-33.04,1896,1,"063035",38.8
149.41,-33.04,1896,2,"063035",125.2
149.41,-33.04,1896,3,"063035",74.7
149.41,-33.04,1896,4,"063035",93.2
149.41,-33.04,1896,5,"063035",64.8
149.41,-33.04,1896,6,"063035",97.4
149.41,-33.04,1896,7,"063035",48.7
149.41,-33.04,1896,8,"063035",72.2
149.41,-33.04,1896,9,"063035",17.9
149.41,-33.04,1896,10,"063035",36.3
149.41,-33.04,1896,11,"063035",125.1
149.41,-33.04,1896,12,"063035",50.1
149.41,-33.04,1897,1,"063035",55.8
149.41,-33.04,1897,2,"063035",24.1
149.41,-33.04,1897,3,"063035",0
149.41,-33.04,1897,4,"063035",0
149.41,-33.04,1897,5,"063035",38.1
149.41,-33.04,1897,6,"063035",99.7
149.41,-33.04,1897,7,"063035",63.8
149.41,-33.04,1897,8,"063035",49.6
149.41,-33.04,1897,9,"063035",69.2
149.41,-33.04,1897,10,"063035",33.5
149.41,-33.04,1897,11,"063035",10.2
149.41,-33.04,1897,12,"063035",54.6
149.41,-33.04,1898,1,"063035",71.9
149.41,-33.04,1898,2,"063035",85.2
149.41,-33.04,1898,3,"063035",5.9
149.41,-33.04,1898,4,"063035",0
149.41,-33.04,1898,5,"063035",51.3
149.41,-33.04,1898,6,"063035",80.1
149.41,-33.04,1898,7,"063035",27.2
149.41,-33.04,1898,8,"063035",57.8
149.41,-33.04,1898,9,"063035",33.5
149.41,-33.04,1898,10,"063035",118.8
149.41,-33.04,1898,11,"063035",25.4
149.41,-33.04,1898,12,"063035",39.4
149.41,-33.04,1899,1,"063035",49
149.41,-33.04,1899,2,"063035",21.6
149.41,-33.04,1899,3,"063035",50.6
149.41,-33.04,1899,4,"063035",96.8
149.41,-33.04,1899,5,"063035",11.7
149.41,-33.04,1899,6,"063035",50.1
149.41,-33.04,1899,7,"063035",53.9
149.41,-33.04,1899,8,"063035",76.4
149.41,-33.04,1899,9,"063035",49.3
149.41,-33.04,1899,10,"063035",28.3
149.41,-33.04,1899,11,"063035",63.4
149.41,-33.04,1899,12,"063035",11.4
149.41,-33.04,1900,1,"063035",71.5
149.41,-33.04,1900,2,"063035",31.5
149.41,-33.04,1900,3,"063035",108.8
149.41,-33.04,1900,4,"063035",116.8
149.41,-33.04,1900,5,"063035",96
149.41,-33.04,1900,6,"063035",98.6
149.41,-33.04,1900,7,"063035",101.6
149.41,-33.04,1900,8,"063035",22.2
149.41,-33.04,1900,9,"063035",41.3
149.41,-33.04,1900,10,"063035",16.5
149.41,-33.04,1900,11,"063035",19
149.41,-33.04,1900,12,"063035",58.7
149.41,-33.04,1901,1,"063035",41.7
149.41,-33.04,1901,2,"063035",13
149.41,-33.04,1901,3,"063035",180.7
149.41,-33.04,1901,4,"063035",86.2
149.41,-33.04,1901,5,"063035",45.8
149.41,-33.04,1901,6,"063035",48.5
149.41,-33.04,1901,7,"063035",45.3
149.41,-33.04,1901,8,"063035",146
149.41,-33.04,1901,9,"063035",45.4
149.41,-33.04,1901,10,"063035",94.5
149.41,-33.04,1901,11,"063035",26.3
149.41,-33.04,1901,12,"063035",0
149.41,-33.04,1902,1,"063035",29.8
149.41,-33.04,1902,2,"063035",4.3
149.41,-33.04,1902,3,"063035",61.4
149.41,-33.04,1902,4,"063035",0
149.41,-33.04,1902,5,"063035",0
149.41,-33.04,1902,6,"063035",29
149.41,-33.04,1902,7,"063035",37.1
149.41,-33.04,1902,8,"063035",36.5
149.41,-33.04,1902,9,"063035",59.7
149.41,-33.04,1902,10,"063035",61.9
149.41,-33.04,1902,11,"063035",32.6
149.41,-33.04,1902,12,"063035",113.8
149.41,-33.04,1903,1,"063035",14.1
149.41,-33.04,1903,2,"063035",8.4
149.41,-33.04,1903,3,"063035",62.6
149.41,-33.04,1903,4,"063035",167.5
149.41,-33.04,1903,5,"063035",48
149.41,-33.04,1903,6,"063035",58.4
149.41,-33.04,1903,7,"063035",69
149.41,-33.04,1903,8,"063035",44.3
149.41,-33.04,1903,9,"063035",181.5
149.41,-33.04,1903,10,"063035",100.3
149.41,-33.04,1903,11,"063035",27.4
149.41,-33.04,1903,12,"063035",72.1
149.41,-33.04,1904,1,"063035",68.7
149.41,-33.04,1904,2,"063035",69.8
149.41,-33.04,1904,3,"063035",62.3
149.41,-33.04,1904,4,"063035",29.5
149.41,-33.04,1904,5,"063035",38.2
149.41,-33.04,1904,6,"063035",38.6
149.41,-33.04,1904,7,"063035",142
149.41,-33.04,1904,8,"063035",71.2
149.41,-33.04,1904,9,"063035",25.5
149.41,-33.04,1904,10,"063035",113.5
149.41,-33.04,1904,11,"063035",33.6
149.41,-33.04,1904,12,"063035",74.9
149.41,-33.04,1905,1,"063035",12.8
149.41,-33.04,1905,2,"063035",74.4
149.41,-33.04,1905,3,"063035",73.1
149.41,-33.04,1905,4,"063035",93.2
149.41,-33.04,1905,5,"063035",120.4
149.41,-33.04,1905,6,"063035",100.9
149.41,-33.04,1905,7,"063035",102.9
149.41,-33.04,1905,8,"063035",65.6
149.41,-33.04,1905,9,"063035",24.8
149.41,-33.04,1905,10,"063035",118.8
149.41,-33.04,1905,11,"063035",40.9
149.41,-33.04,1905,12,"063035",6.6
149.41,-33.04,1906,1,"063035",39.4
149.41,-33.04,1906,2,"063035",9.3
149.41,-33.04,1906,3,"063035",96.9
149.41,-33.04,1906,4,"063035",28.9
149.41,-33.04,1906,5,"063035",50.5
149.41,-33.04,1906,6,"063035",128.2
149.41,-33.04,1906,7,"063035",40.2
149.41,-33.04,1906,8,"063035",143.8
149.41,-33.04,1906,9,"063035",163.5
149.41,-33.04,1906,10,"063035",136.9
149.41,-33.04,1906,11,"063035",98.5
149.41,-33.04,1906,12,"063035",69.5
149.41,-33.04,1907,1,"063035",90
149.41,-33.04,1907,2,"063035",30.7
149.41,-33.04,1907,3,"063035",102.7
149.41,-33.04,1907,4,"063035",29.7
149.41,-33.04,1907,5,"063035",10.9
149.41,-33.04,1907,6,"063035",97.1
149.41,-33.04,1907,7,"063035",50.9
149.41,-33.04,1907,8,"063035",87.4
149.41,-33.04,1907,9,"063035",42.7
149.41,-33.04,1907,10,"063035",30
149.41,-33.04,1907,11,"063035",86.3
149.41,-33.04,1907,12,"063035",33.6
149.41,-33.04,1908,1,"063035",22.1
149.41,-33.04,1908,2,"063035",130.3
149.41,-33.04,1908,3,"063035",12.2
149.41,-33.04,1908,4,"063035",26.1
149.41,-33.04,1908,5,"063035",35.6
149.41,-33.04,1908,6,"063035",41.7
149.41,-33.04,1908,7,"063035",49.7
149.41,-33.04,1908,8,"063035",58.6
149.41,-33.04,1908,9,"063035",63.1
149.41,-33.04,1908,10,"063035",21.6
149.41,-33.04,1908,11,"063035",76.3
149.41,-33.04,1908,12,"063035",35.5
149.41,-33.04,1909,1,"063035",116.4
149.41,-33.04,1909,2,"063035",78.9
149.41,-33.04,1909,3,"063035",32.1
149.41,-33.04,1909,4,"063035",49.9
149.41,-33.04,1909,5,"063035",35.8
149.41,-33.04,1909,6,"063035",118.8
149.41,-33.04,1909,7,"063035",14.2
149.41,-33.04,1909,8,"063035",81.9
149.41,-33.04,1909,9,"063035",59.7
149.41,-33.04,1909,10,"063035",91.5
149.41,-33.04,1909,11,"063035",51.1
149.41,-33.04,1909,12,"063035",124.3
149.41,-33.04,1910,1,"063035",124.2
149.41,-33.04,1910,2,"063035",5.9
149.41,-33.04,1910,3,"063035",67.3
149.41,-33.04,1910,4,"063035",17.3
149.41,-33.04,1910,5,"063035",31.5
149.41,-33.04,1910,6,"063035",89.4
149.41,-33.04,1910,7,"063035",56.9
149.41,-33.04,1910,8,"063035",35.2
149.41,-33.04,1910,9,"063035",59
149.41,-33.04,1910,10,"063035",68.7
149.41,-33.04,1910,11,"063035",30.1
149.41,-33.04,1910,12,"063035",90.5
149.41,-33.04,1911,1,"063035",126.7
149.41,-33.04,1911,2,"063035",113.8
149.41,-33.04,1911,3,"063035",46
149.41,-33.04,1911,4,"063035",7.7
149.41,-33.04,1911,5,"063035",68.6
149.41,-33.04,1911,6,"063035",72.9
149.41,-33.04,1911,7,"063035",70.1
149.41,-33.04,1911,8,"063035",18.3
149.41,-33.04,1911,9,"063035",117.7
149.41,-33.04,1911,10,"063035",47.6
149.41,-33.04,1911,11,"063035",86
149.41,-33.04,1911,12,"063035",122.2
149.41,-33.04,1912,1,"063035",28.2
149.41,-33.04,1912,2,"063035",29.9
149.41,-33.04,1912,3,"063035",7.7
149.41,-33.04,1912,4,"063035",10
149.41,-33.04,1912,5,"063035",1.3
149.41,-33.04,1912,6,"063035",91.3
149.41,-33.04,1912,7,"063035",142.5
149.41,-33.04,1912,8,"063035",119.4
149.41,-33.04,1912,9,"063035",28.2
149.41,-33.04,1912,10,"063035",70.6
149.41,-33.04,1912,11,"063035",36.8
149.41,-33.04,1912,12,"063035",12.7
149.41,-33.04,1913,1,"063035",74.7
149.41,-33.04,1913,2,"063035",29.1
149.41,-33.04,1913,3,"063035",152.1
149.41,-33.04,1913,4,"063035",79.8
149.41,-33.04,1913,5,"063035",80.3
149.41,-33.04,1913,6,"063035",63.2
149.41,-33.04,1913,7,"063035",25.9
149.41,-33.04,1913,8,"063035",28.8
149.41,-33.04,1913,9,"063035",46.6
149.41,-33.04,1913,10,"063035",50.3
149.41,-33.04,1913,11,"063035",12.7
149.41,-33.04,1913,12,"063035",40.9
149.41,-33.04,1914,1,"063035",70.4
149.41,-33.04,1914,2,"063035",35.1
149.41,-33.04,1914,3,"063035",71.4
149.41,-33.04,1914,4,"063035",57.4
149.41,-33.04,1914,5,"063035",67.9
149.41,-33.04,1914,6,"063035",21.3
149.41,-33.04,1914,7,"063035",67.4
149.41,-33.04,1914,8,"063035",0.3
149.41,-33.04,1914,9,"063035",37
149.41,-33.04,1914,10,"063035",26.4
149.41,-33.04,1914,11,"063035",138.2
149.41,-33.04,1914,12,"063035",79.9
149.41,-33.04,1915,1,"063035",14.4
149.41,-33.04,1915,2,"063035",19.4
149.41,-33.04,1915,3,"063035",54.7
149.41,-33.04,1915,4,"063035",32.9
149.41,-33.04,1915,5,"063035",131.2
149.41,-33.04,1915,6,"063035",74.3
149.41,-33.04,1915,7,"063035",74.5
149.41,-33.04,1915,8,"063035",60.1
149.41,-33.04,1915,9,"063035",67.5
149.41,-33.04,1915,10,"063035",83.6
149.41,-33.04,1915,11,"063035",3
149.41,-33.04,1915,12,"063035",43.3
149.41,-33.04,1916,1,"063035",71.7
149.41,-33.04,1916,2,"063035",46.9
149.41,-33.04,1916,3,"063035",23.6
149.41,-33.04,1916,4,"063035",68.1
149.41,-33.04,1916,5,"063035",12.5
149.41,-33.04,1916,6,"063035",282.2
149.41,-33.04,1916,7,"063035",142.6
149.41,-33.04,1916,8,"063035",112.2
149.41,-33.04,1916,9,"063035",70.1
149.41,-33.04,1916,10,"063035",147.4
149.41,-33.04,1916,11,"063035",112.6
149.41,-33.04,1916,12,"063035",168.3
149.41,-33.04,1917,1,"063035",43
149.41,-33.04,1917,2,"063035",56.3
149.41,-33.04,1917,3,"063035",36.1
149.41,-33.04,1917,4,"063035",39
149.41,-33.04,1917,5,"063035",31.8
149.41,-33.04,1917,6,"063035",91.7
149.41,-33.04,1917,7,"063035",115
149.41,-33.04,1917,8,"063035",118.3
149.41,-33.04,1917,9,"063035",69.6
149.41,-33.04,1917,10,"063035",128.7
149.41,-33.04,1917,11,"063035",113.7
149.41,-33.04,1917,12,"063035",58.1
149.41,-33.04,1918,1,"063035",108.8
149.41,-33.04,1918,2,"063035",30.8
149.41,-33.04,1918,3,"063035",18.4
149.41,-33.04,1918,4,"063035",37.8
149.41,-33.04,1918,5,"063035",35.4
149.41,-33.04,1918,6,"063035",40.1
149.41,-33.04,1918,7,"063035",41.2
149.41,-33.04,1918,8,"063035",151.6
149.41,-33.04,1918,9,"063035",15.9
149.41,-33.04,1918,10,"063035",41
149.41,-33.04,1918,11,"063035",26.3
149.41,-33.04,1918,12,"063035",9.8
149.41,-33.04,1919,1,"063035",23.8
149.41,-33.04,1919,2,"063035",45.9
149.41,-33.04,1919,3,"063035",61.5
149.41,-33.04,1919,4,"063035",13.3
149.41,-33.04,1919,5,"063035",86.8
149.41,-33.04,1919,6,"063035",22.1
149.41,-33.04,1919,7,"063035",10.7
149.41,-33.04,1919,8,"063035",29.1
149.41,-33.04,1919,9,"063035",39.8
149.41,-33.04,1919,10,"063035",8.2
149.41,-33.04,1919,11,"063035",19.9
149.41,-33.04,1919,12,"063035",90.5
149.41,-33.04,1920,1,"063035",96.5
149.41,-33.04,1920,2,"063035",9.4
149.41,-33.04,1920,3,"063035",45.7
149.41,-33.04,1920,4,"063035",11
149.41,-33.04,1920,5,"063035",33.2
149.41,-33.04,1920,6,"063035",154
149.41,-33.04,1920,7,"063035",167.3
149.41,-33.04,1920,8,"063035",96.5
149.41,-33.04,1920,9,"063035",95.3
149.41,-33.04,1920,10,"063035",36.6
149.41,-33.04,1920,11,"063035",61.8
149.41,-33.04,1920,12,"063035",197.2
149.41,-33.04,1921,1,"063035",39.8
149.41,-33.04,1921,2,"063035",58.1
149.41,-33.04,1921,3,"063035",86.1
149.41,-33.04,1921,4,"063035",118.6
149.41,-33.04,1921,5,"063035",164.9
149.41,-33.04,1921,6,"063035",105.8
149.41,-33.04,1921,7,"063035",60.5
149.41,-33.04,1921,8,"063035",74.5
149.41,-33.04,1921,9,"063035",50.5
149.41,-33.04,1921,10,"063035",53.7
149.41,-33.04,1921,11,"063035",83.8
149.41,-33.04,1921,12,"063035",137.7
149.41,-33.04,1922,1,"063035",48.3
149.41,-33.04,1922,2,"063035",32.1
149.41,-33.04,1922,3,"063035",2.8
149.41,-33.04,1922,4,"063035",54.1
149.41,-33.04,1922,5,"063035",18.8
149.41,-33.04,1922,6,"063035",40.7
149.41,-33.04,1922,7,"063035",146.6
149.41,-33.04,1922,8,"063035",25.3
149.41,-33.04,1922,9,"063035",31
149.41,-33.04,1922,10,"063035",28
149.41,-33.04,1922,11,"063035",2.5
149.41,-33.04,1922,12,"063035",110.3
149.41,-33.04,1923,1,"063035",23.4
149.41,-33.04,1923,2,"063035",0
149.41,-33.04,1923,3,"063035",7.6
149.41,-33.04,1923,4,"063035",0
149.41,-33.04,1923,5,"063035",19.6
149.41,-33.04,1923,6,"063035",197.9
149.41,-33.04,1923,7,"063035",108.2
149.41,-33.04,1923,8,"063035",32.7
149.41,-33.04,1923,9,"063035",80.4
149.41,-33.04,1923,10,"063035",60.8
149.41,-33.04,1923,11,"063035",68.7
149.41,-33.04,1923,12,"063035",31.8
149.41,-33.04,1924,1,"063035",62.7
149.41,-33.04,1924,2,"063035",77.7
149.41,-33.04,1924,3,"063035",39.4
149.41,-33.04,1924,4,"063035",70.6
149.41,-33.04,1924,5,"063035",21.1
149.41,-33.04,1924,6,"063035",70.3
149.41,-33.04,1924,7,"063035",44.4
149.41,-33.04,1924,8,"063035",69.4
149.41,-33.04,1924,9,"063035",135.5
149.41,-33.04,1924,10,"063035",46.7
149.41,-33.04,1924,11,"063035",159.6
149.41,-33.04,1924,12,"063035",68.5
149.41,-33.04,1925,1,"063035",58.9
149.41,-33.04,1925,2,"063035",57.1
149.41,-33.04,1925,3,"063035",45.7
149.41,-33.04,1925,4,"063035",6.5
149.41,-33.04,1925,5,"063035",54.8
149.41,-33.04,1925,6,"063035",68.8
149.41,-33.04,1925,7,"063035",87.2
149.41,-33.04,1925,8,"063035",48.2
149.41,-33.04,1925,9,"063035",21.7
149.41,-33.04,1925,10,"063035",48
149.41,-33.04,1925,11,"063035",81.5
149.41,-33.04,1925,12,"063035",18.3
149.41,-33.04,1926,1,"063035",60.5
149.41,-33.04,1926,2,"063035",5.3
149.41,-33.04,1926,3,"063035",304.3
149.41,-33.04,1926,4,"063035",209.6
149.41,-33.04,1926,5,"063035",136.7
149.41,-33.04,1926,6,"063035",65
149.41,-33.04,1926,7,"063035",68.7
149.41,-33.04,1926,8,"063035",99.4
149.41,-33.04,1926,9,"063035",152.7
149.41,-33.04,1926,10,"063035",52.3
149.41,-33.04,1926,11,"063035",18.4
149.41,-33.04,1926,12,"063035",220.4
149.41,-33.04,1927,1,"063035",156.3
149.41,-33.04,1927,2,"063035",0
149.41,-33.04,1927,3,"063035",27.9
149.41,-33.04,1927,4,"063035",73.4
149.41,-33.04,1927,5,"063035",13.8
149.41,-33.04,1927,6,"063035",20.3
149.41,-33.04,1927,7,"063035",15.6
149.41,-33.04,1927,8,"063035",37.2
149.41,-33.04,1927,9,"063035",46
149.41,-33.04,1927,10,"063035",61.9
149.41,-33.04,1927,11,"063035",151.5
149.41,-33.04,1927,12,"063035",45.2
149.41,-33.04,1928,1,"063035",148.3
149.41,-33.04,1928,2,"063035",170.6
149.41,-33.04,1928,3,"063035",113.9
149.41,-33.04,1928,4,"063035",47.5
149.41,-33.04,1928,5,"063035",24.5
149.41,-33.04,1928,6,"063035",73.5
149.41,-33.04,1928,7,"063035",91.5
149.41,-33.04,1928,8,"063035",19.9
149.41,-33.04,1928,9,"063035",41.3
149.41,-33.04,1928,10,"063035",80.6
149.41,-33.04,1928,11,"063035",31.3
149.41,-33.04,1928,12,"063035",11.4
149.41,-33.04,1929,1,"063035",6.9
149.41,-33.04,1929,2,"063035",59.7
149.41,-33.04,1929,3,"063035",90.5
149.41,-33.04,1929,4,"063035",36.9
149.41,-33.04,1929,5,"063035",16.2
149.41,-33.04,1929,6,"063035",39.5
149.41,-33.04,1929,7,"063035",7.9
149.41,-33.04,1929,8,"063035",51.8
149.41,-33.04,1929,9,"063035",31.3
149.41,-33.04,1929,10,"063035",41.5
149.41,-33.04,1929,11,"063035",88.4
149.41,-33.04,1929,12,"063035",73.4
149.41,-33.04,1930,1,"063035",94.8
149.41,-33.04,1930,2,"063035",21
149.41,-33.04,1930,3,"063035",53.5
149.41,-33.04,1930,4,"063035",47.3
149.41,-33.04,1930,5,"063035",53.8
149.41,-33.04,1930,6,"063035",73.9
149.41,-33.04,1930,7,"063035",120.5
149.41,-33.04,1930,8,"063035",57.8
149.41,-33.04,1930,9,"063035",32.2
149.41,-33.04,1930,10,"063035",144.1
149.41,-33.04,1930,11,"063035",51.8
149.41,-33.04,1930,12,"063035",125.2
149.41,-33.04,1931,1,"063035",68.9
149.41,-33.04,1931,2,"063035",21.2
149.41,-33.04,1931,3,"063035",137.9
149.41,-33.04,1931,4,"063035",102.7
149.41,-33.04,1931,5,"063035",136.7
149.41,-33.04,1931,6,"063035",183.8
149.41,-33.04,1931,7,"063035",52.3
149.41,-33.04,1931,8,"063035",32.6
149.41,-33.04,1931,9,"063035",55.1
149.41,-33.04,1931,10,"063035",31
149.41,-33.04,1931,11,"063035",30.5
149.41,-33.04,1931,12,"063035",89
149.41,-33.04,1932,1,"063035",7.1
149.41,-33.04,1932,2,"063035",83
149.41,-33.04,1932,3,"063035",147.8
149.41,-33.04,1932,4,"063035",70
149.41,-33.04,1932,5,"063035",12.7
149.41,-33.04,1932,6,"063035",64.8
149.41,-33.04,1932,7,"063035",58.9
149.41,-33.04,1932,8,"063035",69.6
149.41,-33.04,1932,9,"063035",72.7
149.41,-33.04,1932,10,"063035",52.4
149.41,-33.04,1932,11,"063035",108.2
149.41,-33.04,1932,12,"063035",65.4
149.41,-33.04,1933,1,"063035",85.9
149.41,-33.04,1933,2,"063035",3.6
149.41,-33.04,1933,3,"063035",41.7
149.41,-33.04,1933,4,"063035",44.8
149.41,-33.04,1933,5,"063035",57.9
149.41,-33.04,1933,6,"063035",51.1
149.41,-33.04,1933,7,"063035",80.6
149.41,-33.04,1933,8,"063035",24.4
149.41,-33.04,1933,9,"063035",117.2
149.41,-33.04,1933,10,"063035",57.8
149.41,-33.04,1933,11,"063035",89
149.41,-33.04,1933,12,"063035",31.8
149.41,-33.04,1934,1,"063035",51.8
149.41,-33.04,1934,2,"063035",116.7
149.41,-33.04,1934,3,"063035",1
149.41,-33.04,1934,4,"063035",53.8
149.41,-33.04,1934,5,"063035",1
149.41,-33.04,1934,6,"063035",65.4
149.41,-33.04,1934,7,"063035",120.4
149.41,-33.04,1934,8,"063035",107
149.41,-33.04,1934,9,"063035",27.8
149.41,-33.04,1934,10,"063035",200.5
149.41,-33.04,1934,11,"063035",98.9
149.41,-33.04,1934,12,"063035",59
149.41,-33.04,1935,1,"063035",108.7
149.41,-33.04,1935,2,"063035",46.3
149.41,-33.04,1935,3,"063035",4.1
149.41,-33.04,1935,4,"063035",90.5
149.41,-33.04,1935,5,"063035",23.9
149.41,-33.04,1935,6,"063035",44.2
149.41,-33.04,1935,7,"063035",48.6
149.41,-33.04,1935,8,"063035",53.9
149.41,-33.04,1935,9,"063035",45.7
149.41,-33.04,1935,10,"063035",116
149.41,-33.04,1935,11,"063035",23.7
149.41,-33.04,1935,12,"063035",21.7
149.41,-33.04,1936,1,"063035",124.9
149.41,-33.04,1936,2,"063035",80.6
149.41,-33.04,1936,3,"063035",97.2
149.41,-33.04,1936,4,"063035",34.3
149.41,-33.04,1936,5,"063035",92.7
149.41,-33.04,1936,6,"063035",51.5
149.41,-33.04,1936,7,"063035",132.3
149.41,-33.04,1936,8,"063035",84.4
149.41,-33.04,1936,9,"063035",38.8
149.41,-33.04,1936,10,"063035",21.5
149.41,-33.04,1936,11,"063035",2.5
149.41,-33.04,1936,12,"063035",126.2
149.41,-33.04,1937,1,"063035",64.5
149.41,-33.04,1937,2,"063035",44.4
149.41,-33.04,1937,3,"063035",61.1
149.41,-33.04,1937,4,"063035",25.1
149.41,-33.04,1937,5,"063035",31.7
149.41,-33.04,1937,6,"063035",77.4
149.41,-33.04,1937,7,"063035",14.4
149.41,-33.04,1937,8,"063035",130.2
149.41,-33.04,1937,9,"063035",65.5
149.41,-33.04,1937,10,"063035",56.5
149.41,-33.04,1937,11,"063035",62.7
149.41,-33.04,1937,12,"063035",52.7
149.41,-33.04,1938,1,"063035",58.5
149.41,-33.04,1938,2,"063035",18.9
149.41,-33.04,1938,3,"063035",12.2
149.41,-33.04,1938,4,"063035",71.7
149.41,-33.04,1938,5,"063035",17.3
149.41,-33.04,1938,6,"063035",74.8
149.41,-33.04,1938,7,"063035",71.7
149.41,-33.04,1938,8,"063035",69.7
149.41,-33.04,1938,9,"063035",10.2
149.41,-33.04,1938,10,"063035",113.9
149.41,-33.04,1938,11,"063035",80.4
149.41,-33.04,1938,12,"063035",1.3
149.41,-33.04,1939,1,"063035",53.2
149.41,-33.04,1939,2,"063035",34.2
149.41,-33.04,1939,3,"063035",20.8
149.41,-33.04,1939,4,"063035",229.4
149.41,-33.04,1939,5,"063035",37
149.41,-33.04,1939,6,"063035",96.2
149.41,-33.04,1939,7,"063035",34.5
149.41,-33.04,1939,8,"063035",161
149.41,-33.04,1939,9,"063035",26.8
149.41,-33.04,1939,10,"063035",115.6
149.41,-33.04,1939,11,"063035",103.3
149.41,-33.04,1939,12,"063035",23.1
149.41,-33.04,1940,1,"063035",28.5
149.41,-33.04,1940,2,"063035",0.3
149.41,-33.04,1940,3,"063035",17.1
149.41,-33.04,1940,4,"063035",112.6
149.41,-33.04,1940,5,"063035",29.8
149.41,-33.04,1940,6,"063035",19.8
149.41,-33.04,1940,7,"063035",21.1
149.41,-33.04,1940,8,"063035",42.6
149.41,-33.04,1940,9,"063035",79.5
149.41,-33.04,1940,10,"063035",12.7
149.41,-33.04,1940,11,"063035",44.5
149.41,-33.04,1940,12,"063035",125.2
149.41,-33.04,1941,1,"063035",220.1
149.41,-33.04,1941,2,"063035",13.7
149.41,-33.04,1941,3,"063035",60.7
149.41,-33.04,1941,4,"063035",4.8
149.41,-33.04,1941,5,"063035",56.5
149.41,-33.04,1941,6,"063035",109.7
149.41,-33.04,1941,7,"063035",35.1
149.41,-33.04,1941,8,"063035",17.4
149.41,-33.04,1941,9,"063035",56.9
149.41,-33.04,1941,10,"063035",36.8
149.41,-33.04,1941,11,"063035",16
149.41,-33.04,1941,12,"063035",9.1
149.41,-33.04,1942,1,"063035",11
149.41,-33.04,1942,2,"063035",53.6
149.41,-33.04,1942,3,"063035",49.6
149.41,-33.04,1942,4,"063035",1
149.41,-33.04,1942,5,"063035",142.8
149.41,-33.04,1942,6,"063035",167.7
149.41,-33.04,1942,7,"063035",125.5
149.41,-33.04,1942,8,"063035",71.1
149.41,-33.04,1942,9,"063035",86.4
149.41,-33.04,1942,10,"063035",22.8
149.41,-33.04,1942,11,"063035",124.4
149.41,-33.04,1942,12,"063035",45.7
149.41,-33.04,1943,1,"063035",84.4
149.41,-33.04,1943,2,"063035",50.1
149.41,-33.04,1943,3,"063035",6.4
149.41,-33.04,1943,4,"063035",71.3
149.41,-33.04,1943,5,"063035",95.2
149.41,-33.04,1943,6,"063035",54.6
149.41,-33.04,1943,7,"063035",52
149.41,-33.04,1943,8,"063035",110.3
149.41,-33.04,1943,9,"063035",84.6
149.41,-33.04,1943,10,"063035",41.4
149.41,-33.04,1943,11,"063035",86.3
149.41,-33.04,1943,12,"063035",55.8
149.41,-33.04,1944,1,"063035",60.9
149.41,-33.04,1944,2,"063035",31.8
149.41,-33.04,1944,3,"063035",27.9
149.41,-33.04,1944,4,"063035",27.9
149.41,-33.04,1944,5,"063035",74.8
149.41,-33.04,1944,6,"063035",7.6
149.41,-33.04,1944,7,"063035",56.4
149.41,-33.04,1944,8,"063035",71
149.41,-33.04,1944,9,"063035",17.7
149.41,-33.04,1944,10,"063035",20.4
149.41,-33.04,1944,11,"063035",29.2
149.41,-33.04,1944,12,"063035",13.9
149.41,-33.04,1945,1,"063035",129.5
149.41,-33.04,1945,2,"063035",56.6
149.41,-33.04,1945,3,"063035",56.7
149.41,-33.04,1945,4,"063035",67.5
149.41,-33.04,1945,5,"063035",93.1
149.41,-33.04,1945,6,"063035",177.9
149.41,-33.04,1945,7,"063035",44.3
149.41,-33.04,1945,8,"063035",110.4
149.41,-33.04,1945,9,"063035",26.7
149.41,-33.04,1945,10,"063035",50.1
149.41,-33.04,1945,11,"063035",43.2
149.41,-33.04,1945,12,"063035",34.3
149.41,-33.04,1946,1,"063035",72.4
149.41,-33.04,1946,2,"063035",114.2
149.41,-33.04,1946,3,"063035",47
149.41,-33.04,1946,4,"063035",40.6
149.41,-33.04,1946,5,"063035",22.8
149.41,-33.04,1946,6,"063035",57.1
149.41,-33.04,1946,7,"063035",39.3
149.41,-33.04,1946,8,"063035",14
149.41,-33.04,1946,9,"063035",26.6
149.41,-33.04,1946,10,"063035",78.7
149.41,-33.04,1946,11,"063035",64.8
149.41,-33.04,1946,12,"063035",26.7
149.41,-33.04,1947,1,"063035",9.2
149.41,-33.04,1947,2,"063035",78.7
149.41,-33.04,1947,3,"063035",69.9
149.41,-33.04,1947,4,"063035",30.5
149.41,-33.04,1947,5,"063035",67.3
149.41,-33.04,1947,6,"063035",27.3
149.41,-33.04,1947,7,"063035",138.4
149.41,-33.04,1947,8,"063035",72.7
149.41,-33.04,1947,9,"063035",135.2
149.41,-33.04,1947,10,"063035",68.1
149.41,-33.04,1947,11,"063035",126.5
149.41,-33.04,1947,12,"063035",204
149.41,-33.04,1948,1,"063035",141.5
149.41,-33.04,1948,2,"063035",169.5
149.41,-33.04,1948,3,"063035",38.4
149.41,-33.04,1948,4,"063035",85
149.41,-33.04,1948,5,"063035",44.7
149.41,-33.04,1948,6,"063035",100.3
149.41,-33.04,1948,7,"063035",23.4
149.41,-33.04,1948,8,"063035",48.3
149.41,-33.04,1948,9,"063035",62.2
149.41,-33.04,1948,10,"063035",54.6
149.41,-33.04,1948,11,"063035",54.8
149.41,-33.04,1948,12,"063035",85.1
149.41,-33.04,1949,1,"063035",44.4
149.41,-33.04,1949,2,"063035",117.3
149.41,-33.04,1949,3,"063035",77
149.41,-33.04,1949,4,"063035",58.4
149.41,-33.04,1949,5,"063035",49.1
149.41,-33.04,1949,6,"063035",85
149.41,-33.04,1949,7,"063035",72.3
149.41,-33.04,1949,8,"063035",29.2
149.41,-33.04,1949,9,"063035",128.2
149.41,-33.04,1949,10,"063035",98.5
149.41,-33.04,1949,11,"063035",81
149.41,-33.04,1949,12,"063035",44.5
149.41,-33.04,1950,1,"063035",81.3
149.41,-33.04,1950,2,"063035",181.3
149.41,-33.04,1950,3,"063035",243.9
149.41,-33.04,1950,4,"063035",130.7
149.41,-33.04,1950,5,"063035",90.2
149.41,-33.04,1950,6,"063035",178.4
149.41,-33.04,1950,7,"063035",189.2
149.41,-33.04,1950,8,"063035",122
149.41,-33.04,1950,9,"063035",106.6
149.41,-33.04,1950,10,"063035",248.7
149.41,-33.04,1950,11,"063035",241.6
149.41,-33.04,1950,12,"063035",10.2
149.41,-33.04,1951,1,"063035",52.2
149.41,-33.04,1951,2,"063035",89.4
149.41,-33.04,1951,3,"063035",56.9
149.41,-33.04,1951,4,"063035",48.3
149.41,-33.04,1951,5,"063035",53.2
149.41,-33.04,1951,6,"063035",95.3
149.41,-33.04,1951,7,"063035",100.8
149.41,-33.04,1951,8,"063035",104.2
149.41,-33.04,1951,9,"063035",40.6
149.41,-33.04,1951,10,"063035",36.8
149.41,-33.04,1951,11,"063035",25.4
149.41,-33.04,1951,12,"063035",20.4
149.41,-33.04,1952,1,"063035",9.7
149.41,-33.04,1952,2,"063035",5.1
149.41,-33.04,1952,3,"063035",55
149.41,-33.04,1952,4,"063035",99
149.41,-33.04,1952,5,"063035",57.1
149.41,-33.04,1952,6,"063035",115.5
149.41,-33.04,1952,7,"063035",74.9
149.41,-33.04,1952,8,"063035",95.3
149.41,-33.04,1952,9,"063035",50.7
149.41,-33.04,1952,10,"063035",81.5
149.41,-33.04,1952,11,"063035",34.8
149.41,-33.04,1952,12,"063035",84.3
149.41,-33.04,1953,1,"063035",48.3
149.41,-33.04,1953,2,"063035",29.2
149.41,-33.04,1953,3,"063035",16.4
149.41,-33.04,1953,4,"063035",26.7
149.41,-33.04,1953,5,"063035",61.1
149.41,-33.04,1953,6,"063035",28
149.41,-33.04,1953,7,"063035",6.3
149.41,-33.04,1953,8,"063035",59.7
149.41,-33.04,1953,9,"063035",38.5
149.41,-33.04,1953,10,"063035",53.4
149.41,-33.04,1953,11,"063035",86.4
149.41,-33.04,1953,12,"063035",20.4
149.41,-33.04,1954,1,"063035",106.9
149.41,-33.04,1954,2,"063035",130.3
149.41,-33.04,1954,3,"063035",0
149.41,-33.04,1954,4,"063035",53.6
149.41,-33.04,1954,5,"063035",6.4
149.41,-33.04,1954,6,"063035",48.4
149.41,-33.04,1954,7,"063035",38.4
149.41,-33.04,1954,8,"063035",31.5
149.41,-33.04,1954,9,"063035",36
149.41,-33.04,1954,10,"063035",149.2
149.41,-33.04,1954,11,"063035",113.2
149.41,-33.04,1954,12,"063035",41.9
149.41,-33.04,1955,1,"063035",128.3
149.41,-33.04,1955,2,"063035",237.4
149.41,-33.04,1955,3,"063035",33
149.41,-33.04,1955,4,"063035",6.3
149.41,-33.04,1955,5,"063035",69.3
149.41,-33.04,1955,6,"063035",55.8
149.41,-33.04,1955,7,"063035",47
149.41,-33.04,1955,8,"063035",124.3
149.41,-33.04,1955,9,"063035",48.4
149.41,-33.04,1955,10,"063035",111.7
149.41,-33.04,1955,11,"063035",80
149.41,-33.04,1955,12,"063035",46.9
149.41,-33.04,1956,1,"063035",87.6
149.41,-33.04,1956,2,"063035",161.7
149.41,-33.04,1956,3,"063035",195.6
149.41,-33.04,1956,4,"063035",88.9
149.41,-33.04,1956,5,"063035",94
149.41,-33.04,1956,6,"063035",97.6
149.41,-33.04,1956,7,"063035",127.9
149.41,-33.04,1956,8,"063035",57.9
149.41,-33.04,1956,9,"063035",66.1
149.41,-33.04,1956,10,"063035",108.3
149.41,-33.04,1956,11,"063035",8.6
149.41,-33.04,1956,12,"063035",4.3
149.41,-33.04,1957,1,"063035",30.5
149.41,-33.04,1957,2,"063035",43.2
149.41,-33.04,1957,3,"063035",19
149.41,-33.04,1957,4,"063035",54.6
149.41,-33.04,1957,5,"063035",10.2
149.41,-33.04,1957,6,"063035",33
149.41,-33.04,1957,7,"063035",46.5
149.41,-33.04,1957,8,"063035",59.6
149.41,-33.04,1957,9,"063035",0
149.41,-33.04,1957,10,"063035",3.6
149.41,-33.04,1957,11,"063035",3.8
149.41,-33.04,1957,12,"063035",45.5
149.41,-33.04,1958,1,"063035",105.4
149.41,-33.04,1958,2,"063035",68.7
149.41,-33.04,1958,3,"063035",39.4
149.41,-33.04,1958,4,"063035",42.4
149.41,-33.04,1958,5,"063035",59.9
149.41,-33.04,1958,6,"063035",58.4
149.41,-33.04,1958,7,"063035",39.5
149.41,-33.04,1958,8,"063035",75.9
149.41,-33.04,1958,9,"063035",87.8
149.41,-33.04,1958,10,"063035",89.6
149.41,-33.04,1958,11,"063035",33.1
149.41,-33.04,1958,12,"063035",168.8
149.41,-33.04,1959,1,"063035",90.9
149.41,-33.04,1959,2,"063035",102.9
149.41,-33.04,1959,3,"063035",135.9
149.41,-33.04,1959,4,"063035",90.1
149.41,-33.04,1959,5,"063035",10.2
149.41,-33.04,1959,6,"063035",68.7
149.41,-33.04,1959,7,"063035",61
149.41,-33.04,1959,8,"063035",11.3
149.41,-33.04,1959,9,"063035",16.6
149.41,-33.04,1959,10,"063035",92.7
149.41,-33.04,1959,11,"063035",36.9
149.41,-33.04,1959,12,"063035",30.5
149.41,-33.04,1960,1,"063035",113
149.41,-33.04,1960,2,"063035",79.5
149.41,-33.04,1960,3,"063035",33
149.41,-33.04,1960,4,"063035",43.6
149.41,-33.04,1960,5,"063035",92.5
149.41,-33.04,1960,6,"063035",15.2
149.41,-33.04,1960,7,"063035",84.6
149.41,-33.04,1960,8,"063035",129.6
149.41,-33.04,1960,9,"063035",68.3
149.41,-33.04,1960,10,"063035",30
149.41,-33.04,1960,11,"063035",73.6
149.41,-33.04,1960,12,"063035",114.3
149.41,-33.04,1961,1,"063035",48.8
149.41,-33.04,1961,2,"063035",26.9
149.41,-33.04,1961,3,"063035",55.8
149.41,-33.04,1961,4,"063035",38.3
149.41,-33.04,1961,5,"063035",3.8
149.41,-33.04,1961,6,"063035",39.9
149.41,-33.04,1961,7,"063035",67.1
149.41,-33.04,1961,8,"063035",82.5
149.41,-33.04,1961,9,"063035",13.9
149.41,-33.04,1961,10,"063035",44.5
149.41,-33.04,1961,11,"063035",93.4
149.41,-33.04,1961,12,"063035",60.9
149.41,-33.04,1962,1,"063035",84.1
149.41,-33.04,1962,2,"063035",58.3
149.41,-33.04,1962,3,"063035",11.5
149.41,-33.04,1962,4,"063035",12.7
149.41,-33.04,1962,5,"063035",116.8
149.41,-33.04,1962,6,"063035",24.1
149.41,-33.04,1962,7,"063035",61
149.41,-33.04,1962,8,"063035",69.8
149.41,-33.04,1962,9,"063035",53.3
149.41,-33.04,1962,10,"063035",22.8
149.41,-33.04,1962,11,"063035",52.1
149.41,-33.04,1962,12,"063035",103
149.41,-33.04,1963,1,"063035",124.5
149.41,-33.04,1963,2,"063035",59.7
149.41,-33.04,1963,3,"063035",41.4
149.41,-33.04,1963,4,"063035",22.1
149.41,-33.04,1963,5,"063035",114.6
149.41,-33.04,1963,6,"063035",80.3
149.41,-33.04,1963,7,"063035",90.7
149.41,-33.04,1963,8,"063035",71.1
149.41,-33.04,1963,9,"063035",42.9
149.41,-33.04,1963,10,"063035",59.4
149.41,-33.04,1963,11,"063035",28
149.41,-33.04,1963,12,"063035",70.8
149.41,-33.04,1964,1,"063035",47.7
149.41,-33.04,1964,2,"063035",16.3
149.41,-33.04,1964,3,"063035",13.2
149.41,-33.04,1964,4,"063035",117.9
149.41,-33.04,1964,5,"063035",51.6
149.41,-33.04,1964,6,"063035",150.2
149.41,-33.04,1964,7,"063035",94.4
149.41,-33.04,1964,8,"063035",38.8
149.41,-33.04,1964,9,"063035",94.2
149.41,-33.04,1964,10,"063035",143
149.41,-33.04,1964,11,"063035",54.6
149.41,-33.04,1964,12,"063035",23.4
149.41,-33.04,1965,1,"063035",10.4
149.41,-33.04,1965,2,"063035",10.2
149.41,-33.04,1965,3,"063035",31
149.41,-33.04,1965,4,"063035",27
149.41,-33.04,1965,5,"063035",39.9
149.41,-33.04,1965,6,"063035",14.2
149.41,-33.04,1965,7,"063035",34.5
149.41,-33.04,1965,8,"063035",42.9
149.41,-33.04,1965,9,"063035",47.5
149.41,-33.04,1965,10,"063035",120.1
149.41,-33.04,1965,11,"063035",26.7
149.41,-33.04,1965,12,"063035",92.7
149.41,-33.04,1966,1,"063035",22.9
149.41,-33.04,1966,2,"063035",12.2
149.41,-33.04,1966,3,"063035",121.1
149.41,-33.04,1966,4,"063035",14
149.41,-33.04,1966,5,"063035",59.9
149.41,-33.04,1966,6,"063035",73.2
149.41,-33.04,1966,7,"063035",46.4
149.41,-33.04,1966,8,"063035",99.3
149.41,-33.04,1966,9,"063035",72.8
149.41,-33.04,1966,10,"063035",117
149.41,-33.04,1966,11,"063035",111.6
149.41,-33.04,1966,12,"063035",129.1
149.41,-33.04,1967,1,"063035",85.8
149.41,-33.04,1967,2,"063035",66.7
149.41,-33.04,1967,3,"063035",53.4
149.41,-33.04,1967,4,"063035",0
149.41,-33.04,1967,5,"063035",27
149.41,-33.04,1967,6,"063035",40.8
149.41,-33.04,1967,7,"063035",25.7
149.41,-33.04,1967,8,"063035",105.9
149.41,-33.04,1967,9,"063035",29.8
149.41,-33.04,1967,10,"063035",65.8
149.41,-33.04,1967,11,"063035",24.2
149.41,-33.04,1967,12,"063035",21.1
149.41,-33.04,1968,1,"063035",128.5
149.41,-33.04,1968,2,"063035",21.5
149.41,-33.04,1968,3,"063035",55.7
149.41,-33.04,1968,4,"063035",63.7
149.41,-33.04,1968,5,"063035",156.6
149.41,-33.04,1968,6,"063035",31.2
149.41,-33.04,1968,7,"063035",43.9
149.41,-33.04,1968,8,"063035",70.8
149.41,-33.04,1968,9,"063035",55.4
149.41,-33.04,1968,10,"063035",49.3
149.41,-33.04,1968,11,"063035",42.7
149.41,-33.04,1968,12,"063035",40.6
149.41,-33.04,1969,1,"063035",57.4
149.41,-33.04,1969,2,"063035",196.1
149.41,-33.04,1969,3,"063035",97
149.41,-33.04,1969,4,"063035",55.9
149.41,-33.04,1969,5,"063035",89.5
149.41,-33.04,1969,6,"063035",50.3
149.41,-33.04,1969,7,"063035",84.2
149.41,-33.04,1969,8,"063035",94.8
149.41,-33.04,1969,9,"063035",79.3
149.41,-33.04,1969,10,"063035",99
149.41,-33.04,1969,11,"063035",90.2
149.41,-33.04,1969,12,"063035",165.1
149.41,-33.04,1970,1,"063035",79.7
149.41,-33.04,1970,2,"063035",31.7
149.41,-33.04,1970,3,"063035",84.5
149.41,-33.04,1970,4,"063035",89.5
149.41,-33.04,1970,5,"063035",70.4
149.41,-33.04,1970,6,"063035",24.4
149.41,-33.04,1970,7,"063035",2.5
149.41,-33.04,1970,8,"063035",81.4
149.41,-33.04,1970,9,"063035",99
149.41,-33.04,1970,10,"063035",102.4
149.41,-33.04,1970,11,"063035",92.5
149.41,-33.04,1970,12,"063035",120.7
149.41,-33.04,1971,1,"063035",135.5
149.41,-33.04,1971,2,"063035",186.1
149.41,-33.04,1971,3,"063035",8.9
149.41,-33.04,1971,4,"063035",20.9
149.41,-33.04,1971,5,"063035",43.9
149.41,-33.04,1971,6,"063035",22.4
149.41,-33.04,1971,7,"063035",70.6
149.41,-33.04,1971,8,"063035",107.6
149.41,-33.04,1971,9,"063035",108.8
149.41,-33.04,1971,10,"063035",NA
149.41,-33.04,1971,11,"063035",NA
149.41,-33.04,1971,12,"063035",125.8
149.41,-33.04,1972,1,"063035",NA
149.41,-33.04,1972,2,"063035",75.4
149.41,-33.04,1972,3,"063035",20.8
149.41,-33.04,1972,4,"063035",26.6
149.41,-33.04,1972,5,"063035",NA
149.41,-33.04,1972,6,"063035",NA
149.41,-33.04,1972,7,"063035",NA
149.41,-33.04,1972,8,"063035",NA
149.41,-33.04,1972,9,"063035",NA
149.41,-33.04,1972,10,"063035",64.1
149.41,-33.04,1972,11,"063035",90.7
149.41,-33.04,1972,12,"063035",NA
149.41,-33.04,1973,1,"063035",231.2
149.41,-33.04,1973,2,"063035",370.8
149.41,-33.04,1973,3,"063035",41.9
149.41,-33.04,1973,4,"063035",52.1
149.41,-33.04,1973,5,"063035",53.3
149.41,-33.04,1973,6,"063035",119.8
149.41,-33.04,1973,7,"063035",85.9
149.41,-33.04,1973,8,"063035",123.3
149.41,-33.04,1973,9,"063035",37.3
149.41,-33.04,1973,10,"063035",200
149.41,-33.04,1973,11,"063035",127.7
149.41,-33.04,1973,12,"063035",104.6
149.41,-33.04,1974,1,"063035",156.4
149.41,-33.04,1974,2,"063035",80.2
149.41,-33.04,1974,3,"063035",2.6
149.41,-33.04,1974,4,"063035",169
149.41,-33.04,1974,5,"063035",72
149.41,-33.04,1974,6,"063035",22.6
149.41,-33.04,1974,7,"063035",110.2
149.41,-33.04,1974,8,"063035",71.2
149.41,-33.04,1974,9,"063035",66.6
149.41,-33.04,1974,10,"063035",64.9
149.41,-33.04,1974,11,"063035",53
149.41,-33.04,1974,12,"063035",2.6
149.41,-33.04,1975,1,"063035",45.4
149.41,-33.04,1975,2,"063035",292.6
149.41,-33.04,1975,3,"063035",62.8
149.41,-33.04,1975,4,"063035",17.4
149.41,-33.04,1975,5,"063035",27.4
149.41,-33.04,1975,6,"063035",85.4
149.41,-33.04,1975,7,"063035",37.4
149.41,-33.04,1975,8,"063035",108.6
149.41,-33.04,1975,9,"063035",88
149.41,-33.04,1975,10,"063035",145.3
149.41,-33.04,1975,11,"063035",16.4
149.41,-33.04,1975,12,"063035",35.6
149.41,-33.04,1976,1,"063035",248.8
149.41,-33.04,1976,2,"063035",58.6
149.41,-33.04,1976,3,"063035",101.2
149.41,-33.04,1976,4,"063035",22
149.41,-33.04,1976,5,"063035",26
149.41,-33.04,1976,6,"063035",17.8
149.41,-33.04,1976,7,"063035",78.4
149.41,-33.04,1976,8,"063035",21.8
149.41,-33.04,1976,9,"063035",116.8
149.41,-33.04,1976,10,"063035",212.2
149.41,-33.04,1976,11,"063035",41
149.41,-33.04,1976,12,"063035",34.4
149.41,-33.04,1977,1,"063035",42.8
149.41,-33.04,1977,2,"063035",59.4
149.41,-33.04,1977,3,"063035",85.4
149.41,-33.04,1977,4,"063035",35.6
149.41,-33.04,1977,5,"063035",78.8
149.41,-33.04,1977,6,"063035",60.6
149.41,-33.04,1977,7,"063035",15.2
149.41,-33.04,1977,8,"063035",41.2
149.41,-33.04,1977,9,"063035",41.6
149.41,-33.04,1977,10,"063035",18.2
149.41,-33.04,1977,11,"063035",20.2
149.41,-33.04,1977,12,"063035",14
149.41,-33.04,1978,1,"063035",179.8
149.41,-33.04,1978,2,"063035",19.4
149.41,-33.04,1978,3,"063035",89.6
149.41,-33.04,1978,4,"063035",3.8
149.41,-33.04,1978,5,"063035",141.9
149.41,-33.04,1978,6,"063035",112.8
149.41,-33.04,1978,7,"063035",87.8
149.41,-33.04,1978,8,"063035",46.2
149.41,-33.04,1978,9,"063035",177.6
149.41,-33.04,1978,10,"063035",24
149.41,-33.04,1978,11,"063035",127.2
149.41,-33.04,1978,12,"063035",68.8
149.41,-33.04,1979,1,"063035",21.8
149.41,-33.04,1979,2,"063035",3.8
149.41,-33.04,1979,3,"063035",25.2
149.41,-33.04,1979,4,"063035",73.4
149.41,-33.04,1979,5,"063035",89.6
149.41,-33.04,1979,6,"063035",16.4
149.41,-33.04,1979,7,"063035",34.2
149.41,-33.04,1979,8,"063035",62.6
149.41,-33.04,1979,9,"063035",92.1
149.41,-33.04,1979,10,"063035",56.2
149.41,-33.04,1979,11,"063035",76.4
149.41,-33.04,1979,12,"063035",2.6
149.41,-33.04,1980,1,"063035",49.7
149.41,-33.04,1980,2,"063035",30.4
149.41,-33.04,1980,3,"063035",50
149.41,-33.04,1980,4,"063035",13.8
149.41,-33.04,1980,5,"063035",49.4
149.41,-33.04,1980,6,"063035",113.2
149.41,-33.04,1980,7,"063035",53
149.41,-33.04,1980,8,"063035",32
149.41,-33.04,1980,9,"063035",8.8
149.41,-33.04,1980,10,"063035",42.4
149.41,-33.04,1980,11,"063035",0
149.41,-33.04,1980,12,"063035",87
149.41,-33.04,1981,1,"063035",24.4
149.41,-33.04,1981,2,"063035",56.6
149.41,-33.04,1981,3,"063035",2.6
149.41,-33.04,1981,4,"063035",48
149.41,-33.04,1981,5,"063035",86.8
149.41,-33.04,1981,6,"063035",120.8
149.41,-33.04,1981,7,"063035",179
149.41,-33.04,1981,8,"063035",32
149.41,-33.04,1981,9,"063035",38.4
149.41,-33.04,1981,10,"063035",93.2
149.41,-33.04,1981,11,"063035",120.8
149.41,-33.04,1981,12,"063035",64
149.41,-33.04,1982,1,"063035",19.4
149.41,-33.04,1982,2,"063035",23
149.41,-33.04,1982,3,"063035",68.4
149.41,-33.04,1982,4,"063035",7.6
149.41,-33.04,1982,5,"063035",20.4
149.41,-33.04,1982,6,"063035",21.4
149.41,-33.04,1982,7,"063035",20
149.41,-33.04,1982,8,"063035",0
149.41,-33.04,1982,9,"063035",30.4
149.41,-33.04,1982,10,"063035",17.6
149.41,-33.04,1982,11,"063035",15
149.41,-33.04,1982,12,"063035",20.4
149.41,-33.04,1983,1,"063035",51.6
149.41,-33.04,1983,2,"063035",66.4
149.41,-33.04,1983,3,"063035",51.6
149.41,-33.04,1983,4,"063035",85.8
149.41,-33.04,1983,5,"063035",151.8
149.41,-33.04,1983,6,"063035",45.8
149.41,-33.04,1983,7,"063035",44.4
149.41,-33.04,1983,8,"063035",57.8
149.41,-33.04,1983,9,"063035",56.4
149.41,-33.04,1983,10,"063035",78.2
149.41,-33.04,1983,11,"063035",99.8
149.41,-33.04,1983,12,"063035",153.2
149.41,-33.04,1984,1,"063035",254.6
149.41,-33.04,1984,2,"063035",80.4
149.41,-33.04,1984,3,"063035",29.3
149.41,-33.04,1984,4,"063035",86.6
149.41,-33.04,1984,5,"063035",21.8
149.41,-33.04,1984,6,"063035",5
149.41,-33.04,1984,7,"063035",187.8
149.41,-33.04,1984,8,"063035",79.8
149.41,-33.04,1984,9,"063035",88.2
149.41,-33.04,1984,10,"063035",20.8
149.41,-33.04,1984,11,"063035",57.2
149.41,-33.04,1984,12,"063035",34.8
149.41,-33.04,1985,1,"063035",9.2
149.41,-33.04,1985,2,"063035",56
149.41,-33.04,1985,3,"063035",35.8
149.41,-33.04,1985,4,"063035",48.2
149.41,-33.04,1985,5,"063035",30
149.41,-33.04,1985,6,"063035",28.6
149.41,-33.04,1985,7,"063035",17.6
149.41,-33.04,1985,8,"063035",154.2
149.41,-33.04,1985,9,"063035",132
149.41,-33.04,1985,10,"063035",128
149.41,-33.04,1985,11,"063035",96.8
149.41,-33.04,1985,12,"063035",136
149.41,-33.04,1986,1,"063035",117.6
149.41,-33.04,1986,2,"063035",20.6
149.41,-33.04,1986,3,"063035",8.8
149.41,-33.04,1986,4,"063035",19.8
149.41,-33.04,1986,5,"063035",44.6
149.41,-33.04,1986,6,"063035",14
149.41,-33.04,1986,7,"063035",138
149.41,-33.04,1986,8,"063035",160
149.41,-33.04,1986,9,"063035",56.8
149.41,-33.04,1986,10,"063035",75
149.41,-33.04,1986,11,"063035",95.2
149.41,-33.04,1986,12,"063035",14
149.41,-33.04,1987,1,"063035",50.4
149.41,-33.04,1987,2,"063035",59.8
149.41,-33.04,1987,3,"063035",216.6
149.41,-33.04,1987,4,"063035",20.4
149.41,-33.04,1987,5,"063035",NA
149.41,-33.04,1987,6,"063035",NA
149.41,-33.04,1987,7,"063035",35.6
149.41,-33.04,1987,8,"063035",114.4
149.41,-33.04,1987,9,"063035",23
149.41,-33.04,1987,10,"063035",NA
149.41,-33.04,1987,11,"063035",96.4
149.41,-33.04,1987,12,"063035",130
149.41,-33.04,1988,1,"063035",82.2
149.41,-33.04,1988,2,"063035",50.8
149.41,-33.04,1988,3,"063035",NA
149.41,-33.04,1988,4,"063035",NA
149.41,-33.04,1988,5,"063035",90.2
149.41,-33.04,1988,6,"063035",50.6
149.41,-33.04,1988,7,"063035",87.6
149.41,-33.04,1988,8,"063035",83
149.41,-33.04,1988,9,"063035",89.4
149.41,-33.04,1988,10,"063035",27.8
149.41,-33.04,1988,11,"063035",NA
149.41,-33.04,1988,12,"063035",NA
149.41,-33.04,1989,1,"063035",NA
149.41,-33.04,1989,2,"063035",NA
149.41,-33.04,1989,3,"063035",NA
149.41,-33.04,1989,4,"063035",214.8
149.41,-33.04,1989,5,"063035",136.8
149.41,-33.04,1989,6,"063035",62.4
149.41,-33.04,1989,7,"063035",108
149.41,-33.04,1989,8,"063035",48.4
149.41,-33.04,1989,9,"063035",NA
149.41,-33.04,1989,10,"063035",45.6
149.41,-33.04,1989,11,"063035",NA
149.41,-33.04,1989,12,"063035",36.8
149.41,-33.04,1990,1,"063035",59.2
149.41,-33.04,1990,2,"063035",137.6
149.41,-33.04,1990,3,"063035",88
149.41,-33.04,1990,4,"063035",282.2
149.41,-33.04,1990,5,"063035",NA
149.41,-33.04,1990,6,"063035",38.2
149.41,-33.04,1990,7,"063035",201.4
149.41,-33.04,1990,8,"063035",212.6
149.41,-33.04,1990,9,"063035",42.2
149.41,-33.04,1990,10,"063035",71
149.41,-33.04,1990,11,"063035",10.2
149.41,-33.04,1990,12,"063035",12.2
149.41,-33.04,1991,1,"063035",74.4
149.41,-33.04,1991,2,"063035",5
149.41,-33.04,1991,3,"063035",9.6
149.41,-33.04,1991,4,"063035",12.8
149.41,-33.04,1991,5,"063035",63.8
149.41,-33.04,1991,6,"063035",100
149.41,-33.04,1991,7,"063035",92.8
149.41,-33.04,1991,8,"063035",106
149.41,-33.04,1991,9,"063035",84.6
149.41,-33.04,1991,10,"063035",33.4
149.41,-33.04,1991,11,"063035",41
149.41,-33.04,1991,12,"063035",65.8
149.41,-33.04,1992,1,"063035",93.8
149.41,-33.04,1992,2,"063035",200.2
149.41,-33.04,1992,3,"063035",59.4
149.41,-33.04,1992,4,"063035",32.6
149.41,-33.04,1992,5,"063035",46.2
149.41,-33.04,1992,6,"063035",29.2
149.41,-33.04,1992,7,"063035",32.2
149.41,-33.04,1992,8,"063035",107
149.41,-33.04,1992,9,"063035",90
149.41,-33.04,1992,10,"063035",83.4
149.41,-33.04,1992,11,"063035",90.2
149.41,-33.04,1992,12,"063035",108
149.41,-33.04,1993,1,"063035",45.8
149.41,-33.04,1993,2,"063035",73.3
149.41,-33.04,1993,3,"063035",42.2
149.41,-33.04,1993,4,"063035",11
149.41,-33.04,1993,5,"063035",42
149.41,-33.04,1993,6,"063035",50.4
149.41,-33.04,1993,7,"063035",136.8
149.41,-33.04,1993,8,"063035",53.8
149.41,-33.04,1993,9,"063035",160.8
149.41,-33.04,1993,10,"063035",154
149.41,-33.04,1993,11,"063035",73.8
149.41,-33.04,1993,12,"063035",31.8
149.41,-33.04,1994,1,"063035",7.6
149.41,-33.04,1994,2,"063035",85
149.41,-33.04,1994,3,"063035",36
149.41,-33.04,1994,4,"063035",28.4
149.41,-33.04,1994,5,"063035",11.2
149.41,-33.04,1994,6,"063035",46
149.41,-33.04,1994,7,"063035",62
149.41,-33.04,1994,8,"063035",10.2
149.41,-33.04,1994,9,"063035",14
149.41,-33.04,1994,10,"063035",46.8
149.41,-33.04,1994,11,"063035",75.4
149.41,-33.04,1994,12,"063035",64
149.41,-33.04,1995,1,"063035",123.6
149.41,-33.04,1995,2,"063035",7.6
149.41,-33.04,1995,3,"063035",0
149.41,-33.04,1995,4,"063035",7.6
149.41,-33.04,1995,5,"063035",137
149.41,-33.04,1995,6,"063035",16.1
149.41,-33.04,1995,7,"063035",68.2
149.41,-33.04,1995,8,"063035",0
149.41,-33.04,1995,9,"063035",55.8
149.41,-33.04,1995,10,"063035",25.6
149.41,-33.04,1995,11,"063035",47
149.41,-33.04,1995,12,"063035",114
149.41,-33.04,1996,1,"063035",105.8
149.41,-33.04,1996,2,"063035",42.7
149.41,-33.04,1996,3,"063035",46.6
149.41,-33.04,1996,4,"063035",4
149.41,-33.04,1996,5,"063035",45.6
149.41,-33.04,1996,6,"063035",107.5
149.41,-33.04,1996,7,"063035",152.9
149.41,-33.04,1996,8,"063035",95.8
149.41,-33.04,1996,9,"063035",94
149.41,-33.04,1996,10,"063035",93.2
149.41,-33.04,1996,11,"063035",61.4
149.41,-33.04,1996,12,"063035",115.1
149.41,-33.04,1997,1,"063035",47.9
149.41,-33.04,1997,2,"063035",120.8
149.41,-33.04,1997,3,"063035",20.6
149.41,-33.04,1997,4,"063035",9.4
149.41,-33.04,1997,5,"063035",47.6
149.41,-33.04,1997,6,"063035",38.2
149.41,-33.04,1997,7,"063035",21.7
149.41,-33.04,1997,8,"063035",31.6
149.41,-33.04,1997,9,"063035",103.6
149.41,-33.04,1997,10,"063035",36.7
149.41,-33.04,1997,11,"063035",24.6
149.41,-33.04,1997,12,"063035",72.7
149.41,-33.04,1998,1,"063035",152.8
149.41,-33.04,1998,2,"063035",76
149.41,-33.04,1998,3,"063035",2.6
149.41,-33.04,1998,4,"063035",114.3
149.41,-33.04,1998,5,"063035",74.9
149.41,-33.04,1998,6,"063035",115
149.41,-33.04,1998,7,"063035",146.1
149.41,-33.04,1998,8,"063035",174.3
149.41,-33.04,1998,9,"063035",100.2
149.41,-33.04,1998,10,"063035",105.8
149.41,-33.04,1998,11,"063035",58.1
149.41,-33.04,1998,12,"063035",43.4
149.41,-33.04,1999,1,"063035",43.8
149.41,-33.04,1999,2,"063035",29.2
149.41,-33.04,1999,3,"063035",89.1
149.41,-33.04,1999,4,"063035",44.9
149.41,-33.04,1999,5,"063035",15.4
149.41,-33.04,1999,6,"063035",47.5
149.41,-33.04,1999,7,"063035",45
149.41,-33.04,1999,8,"063035",92.2
149.41,-33.04,1999,9,"063035",87.1
149.41,-33.04,1999,10,"063035",202
149.41,-33.04,1999,11,"063035",98
149.41,-33.04,1999,12,"063035",88.4
149.41,-33.04,2000,1,"063035",57.4
149.41,-33.04,2000,2,"063035",9.7
149.41,-33.04,2000,3,"063035",154.3
149.41,-33.04,2000,4,"063035",63.5
149.41,-33.04,2000,5,"063035",74.3
149.41,-33.04,2000,6,"063035",55.2
149.41,-33.04,2000,7,"063035",55.6
149.41,-33.04,2000,8,"063035",102.4
149.41,-33.04,2000,9,"063035",77
149.41,-33.04,2000,10,"063035",169.2
149.41,-33.04,2000,11,"063035",166.9
149.41,-33.04,2000,12,"063035",30
149.41,-33.04,2001,1,"063035",54.6
149.41,-33.04,2001,2,"063035",21.4
149.41,-33.04,2001,3,"063035",82.2
149.41,-33.04,2001,4,"063035",100.8
149.41,-33.04,2001,5,"063035",NA
149.41,-33.04,2001,6,"063035",62.1
149.41,-33.04,2001,7,"063035",72
149.41,-33.04,2001,8,"063035",47.5
149.41,-33.04,2001,9,"063035",43.1
149.41,-33.04,2001,10,"063035",108.7
149.41,-33.04,2001,11,"063035",68.3
149.41,-33.04,2001,12,"063035",29.2
149.41,-33.04,2002,1,"063035",69.6
149.41,-33.04,2002,2,"063035",133.4
149.41,-33.04,2002,3,"063035",52.4
149.41,-33.04,2002,4,"063035",28
149.41,-33.04,2002,5,"063035",35.6
149.41,-33.04,2002,6,"063035",NA
149.41,-33.04,2002,7,"063035",27.6
149.41,-33.04,2002,8,"063035",18
149.41,-33.04,2002,9,"063035",47.9
149.41,-33.04,2002,10,"063035",0.8
149.41,-33.04,2002,11,"063035",33.4
149.41,-33.04,2002,12,"063035",53.4
149.41,-33.04,2003,1,"063035",22.5
149.41,-33.04,2003,2,"063035",NA
149.41,-33.04,2003,3,"063035",51.2
149.41,-33.04,2003,4,"063035",59.9
149.41,-33.04,2003,5,"063035",6
149.41,-33.04,2003,6,"063035",91.8
149.41,-33.04,2003,7,"063035",65.8
149.41,-33.04,2003,8,"063035",130.6
149.41,-33.04,2003,9,"063035",9.8
149.41,-33.04,2003,10,"063035",80
149.41,-33.04,2003,11,"063035",105.1
149.41,-33.04,2003,12,"063035",60.6
149.41,-33.04,2004,1,"063035",34.7
149.41,-33.04,2004,2,"063035",51.6
149.41,-33.04,2004,3,"063035",24.6
149.41,-33.04,2004,4,"063035",3.4
149.41,-33.04,2004,5,"063035",69
149.41,-33.04,2004,6,"063035",47.4
149.41,-33.04,2004,7,"063035",70.3
149.41,-33.04,2004,8,"063035",74.8
149.41,-33.04,2004,9,"063035",45.8
149.41,-33.04,2004,10,"063035",NA
149.41,-33.04,2004,11,"063035",85.2
149.41,-33.04,2004,12,"063035",88.4
149.41,-33.04,2005,1,"063035",28.6
149.41,-33.04,2005,2,"063035",107.7
149.41,-33.04,2005,3,"063035",31.9
149.41,-33.04,2005,4,"063035",11.6
149.41,-33.04,2005,5,"063035",0.4
149.41,-33.04,2005,6,"063035",90.8
149.41,-33.04,2005,7,"063035",70.1
149.41,-33.04,2005,8,"063035",40.8
149.41,-33.04,2005,9,"063035",127.7
149.41,-33.04,2005,10,"063035",75.1
149.41,-33.04,2005,11,"063035",161.5
149.41,-33.04,2005,12,"063035",62
149.41,-33.04,2006,1,"063035",109.9
149.41,-33.04,2006,2,"063035",32
149.41,-33.04,2006,3,"063035",12.2
149.41,-33.04,2006,4,"063035",16.9
149.41,-33.04,2006,5,"063035",6.4
149.41,-33.04,2006,6,"063035",38.2
149.41,-33.04,2006,7,"063035",72.8
149.41,-33.04,2006,8,"063035",14.5
149.41,-33.04,2006,9,"063035",16.4
149.41,-33.04,2006,10,"063035",6
149.41,-33.04,2006,11,"063035",21.6
149.41,-33.04,2006,12,"063035",46.2
149.41,-33.04,2007,1,"063035",63.1
149.41,-33.04,2007,2,"063035",59.4
149.41,-33.04,2007,3,"063035",93.8
149.41,-33.04,2007,4,"063035",52.9
149.41,-33.04,2007,5,"063035",99.8
149.41,-33.04,2007,6,"063035",102
149.41,-33.04,2007,7,"063035",32.1
149.41,-33.04,2007,8,"063035",48.3
149.41,-33.04,2007,9,"063035",3.6
149.41,-33.04,2007,10,"063035",28.6
149.41,-33.04,2007,11,"063035",174.2
149.41,-33.04,2007,12,"063035",111.8
149.41,-33.04,2008,1,"063035",67.8
149.41,-33.04,2008,2,"063035",92.1
149.41,-33.04,2008,3,"063035",36.2
149.41,-33.04,2008,4,"063035",35.4
149.41,-33.04,2008,5,"063035",11.2
149.41,-33.04,2008,6,"063035",47.1
149.41,-33.04,2008,7,"063035",52.7
149.41,-33.04,2008,8,"063035",60.3
149.41,-33.04,2008,9,"063035",113.9
149.41,-33.04,2008,10,"063035",77.2
149.41,-33.04,2008,11,"063035",104.6
149.41,-33.04,2008,12,"063035",109.4
149.41,-33.04,2009,1,"063035",20.1
149.41,-33.04,2009,2,"063035",70.6
149.41,-33.04,2009,3,"063035",35.7
149.41,-33.04,2009,4,"063035",60.2
149.41,-33.04,2009,5,"063035",13.2
149.41,-33.04,2009,6,"063035",85.6
149.41,-33.04,2009,7,"063035",49.2
149.41,-33.04,2009,8,"063035",31.6
149.41,-33.04,2009,9,"063035",48.2
149.41,-33.04,2009,10,"063035",69.6
149.41,-33.04,2009,11,"063035",20
149.41,-33.04,2009,12,"063035",127
149.41,-33.04,2010,1,"063035",37.1
149.41,-33.04,2010,2,"063035",155
149.41,-33.04,2010,3,"063035",96.9
149.41,-33.04,2010,4,"063035",70.2
149.41,-33.04,2010,5,"063035",82
149.41,-33.04,2010,6,"063035",50.9
149.41,-33.04,2010,7,"063035",132
149.41,-33.04,2010,8,"063035",143.5
149.41,-33.04,2010,9,"063035",104.3
149.41,-33.04,2010,10,"063035",127.3
149.41,-33.04,2010,11,"063035",113.4
149.41,-33.04,2010,12,"063035",259.8
149.41,-33.04,2011,1,"063035",35.2
149.41,-33.04,2011,2,"063035",67.6
149.41,-33.04,2011,3,"063035",86.6
149.41,-33.04,2011,4,"063035",40.3
149.41,-33.04,2011,5,"063035",55.1
149.41,-33.04,2011,6,"063035",26.9
149.41,-33.04,2011,7,"063035",31.6
149.41,-33.04,2011,8,"063035",88.9
149.41,-33.04,2011,9,"063035",97.4
149.41,-33.04,2011,10,"063035",73.8
149.41,-33.04,2011,11,"063035",152.9
149.41,-33.04,2011,12,"063035",98.1
149.41,-33.04,2012,1,"063035",104.5
149.41,-33.04,2012,2,"063035",116.9
149.41,-33.04,2012,3,"063035",195.1
149.41,-33.04,2012,4,"063035",30.2
149.41,-33.04,2012,5,"063035",74.4
149.41,-33.04,2012,6,"063035",82.1
149.41,-33.04,2012,7,"063035",70.5
149.41,-33.04,2012,8,"063035",38.2
149.41,-33.04,2012,9,"063035",50.8
149.41,-33.04,2012,10,"063035",22
149.41,-33.04,2012,11,"063035",35.8
149.41,-33.04,2012,12,"063035",17.7
149.41,-33.04,2013,1,"063035",96.1
149.41,-33.04,2013,2,"063035",42.2
149.41,-33.04,2013,3,"063035",74.7
149.41,-33.04,2013,4,"063035",21.1
149.41,-33.04,2013,5,"063035",35
149.41,-33.04,2013,6,"063035",131.7
149.41,-33.04,2013,7,"063035",78.1
149.41,-33.04,2013,8,"063035",29.6
149.41,-33.04,2013,9,"063035",72.2
149.41,-33.04,2013,10,"063035",25.1
149.41,-33.04,2013,11,"063035",18.3
149.41,-33.04,2013,12,"063035",55.8
149.41,-33.04,2014,1,"063035",50.5
149.41,-33.04,2014,2,"063035",92.3
149.41,-33.04,2014,3,"063035",NA
149.41,-33.04,2014,4,"063035",61.2
149.41,-33.04,2014,5,"063035",40
149.41,-33.04,2014,6,"063035",80.8
149.41,-33.04,2014,7,"063035",56.2
149.41,-33.04,2014,8,"063035",28.9
149.41,-33.04,2014,9,"063035",40.7
149.41,-33.04,2014,10,"063035",38.1
149.41,-33.04,2014,11,"063035",49
149.41,-33.04,2014,12,"063035",138
149.41,-33.04,2015,1,"063035",96.8
149.41,-33.04,2015,2,"063035",44.4
149.41,-33.04,2015,3,"063035",30.9
149.41,-33.04,2015,4,"063035",105.4
149.41,-33.04,2015,5,"063035",41.4
149.41,-33.04,2015,6,"063035",48.7
149.41,-33.04,2015,7,"063035",81.2
149.41,-33.04,2015,8,"063035",60.8
149.41,-33.04,2015,9,"063035",21.4
149.41,-33.04,2015,10,"063035",74.2
149.41,-33.04,2015,11,"063035",142.6
149.41,-33.04,2015,12,"063035",72.1
149.41,-33.04,2016,1,"063035",129.8
149.41,-33.04,2016,2,"063035",2.8
149.41,-33.04,2016,3,"063035",49.2
149.41,-33.04,2016,4,"063035",26.6
149.41,-33.04,2016,5,"063035",66.4
149.41,-33.04,2016,6,"063035",167.7
149.41,-33.04,2016,7,"063035",131.1
149.41,-33.04,2016,8,"063035",78.1
149.41,-33.04,2016,9,"063035",197.5
149.41,-33.04,2016,10,"063035",109.5
149.41,-33.04,2016,11,"063035",59.6
149.41,-33.04,2016,12,"063035",114.2
149.41,-33.04,2017,1,"063035",35.9
149.41,-33.04,2017,2,"063035",4.2
149.41,-33.04,2017,3,"063035",129.4
149.41,-33.04,2017,4,"063035",33.3
149.41,-33.04,2017,5,"063035",20.7
149.41,-33.04,2017,6,"063035",7
149.41,-33.04,2017,7,"063035",10.2
149.41,-33.04,2017,8,"063035",47.1
149.41,-33.04,2017,9,"063035",11.2
149.41,-33.04,2017,10,"063035",49.7
149.41,-33.04,2017,11,"063035",66
149.41,-33.04,2017,12,"063035",69.2
149.41,-33.04,2018,1,"063035",56.3
149.41,-33.04,2018,2,"063035",53.8
149.41,-33.04,2018,3,"063035",47.8
149.41,-33.04,2018,4,"063035",9.6
149.41,-33.04,2018,5,"063035",25.6
149.41,-33.04,2018,6,"063035",38.3
149.41,-33.04,2018,7,"063035",11.5
149.41,-33.04,2018,8,"063035",51.3
149.41,-33.04,2018,9,"063035",53.4
149.41,-33.04,2018,10,"063035",68
149.41,-33.04,2018,11,"063035",123.2
149.41,-33.04,2018,12,"063035",48.2
149.41,-33.04,2019,1,"063035",86.8
149.41,-33.04,2019,2,"063035",49.2
149.41,-33.04,2019,3,"063035",65.3
149.41,-33.04,2019,4,"063035",1.4
149.41,-33.04,2019,5,"063035",51.4
149.41,-33.04,2019,6,"063035",33.2
149.41,-33.04,2019,7,"063035",14.4
149.41,-33.04,2019,8,"063035",24.2
149.41,-33.04,2019,9,"063035",44.5
149.41,-33.04,2019,10,"063035",18.7
149.41,-33.04,2019,11,"063035",19.9
149.41,-33.04,2019,12,"063035",6.5
149.41,-33.04,2020,1,"063035",28.6
149.41,-33.04,2020,2,"063035",87.8
149.41,-33.04,2020,3,"063035",137.2
149.41,-33.04,2020,4,"063035",139.8
149.41,-33.04,2020,5,"063035",48.4
149.41,-33.04,2020,6,"063035",55.2
149.41,-33.04,2020,7,"063035",70.6
149.41,-33.04,2020,8,"063035",82.5
149.41,-33.04,2020,9,"063035",60.2
149.41,-33.04,2020,10,"063035",85.8
149.41,-33.04,2020,11,"063035",61.4
149.41,-33.04,2020,12,"063035",100.3
149.41,-33.04,2021,1,"063035",73.8
149.41,-33.04,2021,2,"063035",100.4
149.41,-33.04,2021,3,"063035",86
149.41,-33.04,2021,4,"063035",1.8
149.41,-33.04,2021,5,"063035",33
149.41,-33.04,2021,6,"063035",105.1
149.41,-33.04,2021,7,"063035",120.2
149.41,-33.04,2021,8,"063035",61.6
149.41,-33.04,2021,9,"063035",65.5
149.41,-33.04,2021,10,"063035",52
149.41,-33.04,2021,11,"063035",151.8
149.41,-33.04,2021,12,"063035",98.1
149.41,-33.04,2022,1,"063035",101.4
149.41,-33.04,2022,2,"063035",27.2
149.41,-33.04,2022,3,"063035",NA
149.41,-33.04,2022,4,"063035",NA
149.41,-33.04,2022,5,"063035",NA
149.41,-33.04,2022,6,"063035",NA
149.41,-33.04,2022,7,"063035",NA
149.41,-33.04,2022,8,"063035",NA
149.41,-33.04,2022,9,"063035",NA
149.41,-33.04,2022,10,"063035",NA
149.41,-33.04,2022,11,"063035",NA
149.41,-33.04,2022,12,"063035",NA
