"Lon","Lat","Year","Month","Station","Rain"
134.23,-12.05,1958,1,"014400",117.9
134.23,-12.05,1958,2,"014400",149.3
134.23,-12.05,1958,3,"014400",73.8
134.23,-12.05,1958,4,"014400",42.1
134.23,-12.05,1958,5,"014400",18
134.23,-12.05,1958,6,"014400",4.3
134.23,-12.05,1958,7,"014400",0
134.23,-12.05,1958,8,"014400",0
134.23,-12.05,1958,9,"014400",0
134.23,-12.05,1958,10,"014400",NA
134.23,-12.05,1958,11,"014400",NA
134.23,-12.05,1958,12,"014400",NA
134.23,-12.05,1959,1,"014400",177.7
134.23,-12.05,1959,2,"014400",182.4
134.23,-12.05,1959,3,"014400",NA
134.23,-12.05,1959,4,"014400",NA
134.23,-12.05,1959,5,"014400",NA
134.23,-12.05,1959,6,"014400",NA
134.23,-12.05,1959,7,"014400",NA
134.23,-12.05,1959,8,"014400",NA
134.23,-12.05,1959,9,"014400",NA
134.23,-12.05,1959,10,"014400",NA
134.23,-12.05,1959,11,"014400",NA
134.23,-12.05,1959,12,"014400",NA
134.23,-12.05,1960,1,"014400",143.7
134.23,-12.05,1960,2,"014400",218.2
134.23,-12.05,1960,3,"014400",306.3
134.23,-12.05,1960,4,"014400",53.8
134.23,-12.05,1960,5,"014400",0
134.23,-12.05,1960,6,"014400",0
134.23,-12.05,1960,7,"014400",0
134.23,-12.05,1960,8,"014400",0
134.23,-12.05,1960,9,"014400",NA
134.23,-12.05,1960,10,"014400",NA
134.23,-12.05,1960,11,"014400",NA
134.23,-12.05,1960,12,"014400",NA
134.23,-12.05,1963,1,"014400",290.8
134.23,-12.05,1963,2,"014400",165.4
134.23,-12.05,1963,3,"014400",100.5
134.23,-12.05,1963,4,"014400",189
134.23,-12.05,1963,5,"014400",0
134.23,-12.05,1963,6,"014400",0
134.23,-12.05,1963,7,"014400",0
134.23,-12.05,1963,8,"014400",0
134.23,-12.05,1963,9,"014400",0
134.23,-12.05,1963,10,"014400",0
134.23,-12.05,1963,11,"014400",35.6
134.23,-12.05,1963,12,"014400",128.3
134.23,-12.05,1964,1,"014400",330.5
134.23,-12.05,1964,2,"014400",150.9
134.23,-12.05,1964,3,"014400",459.6
134.23,-12.05,1964,4,"014400",192.2
134.23,-12.05,1964,5,"014400",117.8
134.23,-12.05,1964,6,"014400",0
134.23,-12.05,1964,7,"014400",0
134.23,-12.05,1964,8,"014400",0
134.23,-12.05,1964,9,"014400",0
134.23,-12.05,1964,10,"014400",61
134.23,-12.05,1964,11,"014400",258.3
134.23,-12.05,1964,12,"014400",603.3
134.23,-12.05,1965,1,"014400",97.8
134.23,-12.05,1965,2,"014400",551.7
134.23,-12.05,1965,3,"014400",482.7
134.23,-12.05,1965,4,"014400",16.7
134.23,-12.05,1965,5,"014400",28.4
134.23,-12.05,1965,6,"014400",3.3
134.23,-12.05,1965,7,"014400",1.8
134.23,-12.05,1965,8,"014400",0
134.23,-12.05,1965,9,"014400",0
134.23,-12.05,1965,10,"014400",0
134.23,-12.05,1965,11,"014400",56.4
134.23,-12.05,1965,12,"014400",393.3
134.23,-12.05,1966,1,"014400",357
134.23,-12.05,1966,2,"014400",246.5
134.23,-12.05,1966,3,"014400",121
134.23,-12.05,1966,4,"014400",10.5
134.23,-12.05,1966,5,"014400",0
134.23,-12.05,1966,6,"014400",0
134.23,-12.05,1966,7,"014400",0
134.23,-12.05,1966,8,"014400",1.5
134.23,-12.05,1966,9,"014400",0
134.23,-12.05,1966,10,"014400",0.5
134.23,-12.05,1966,11,"014400",35.7
134.23,-12.05,1966,12,"014400",106.8
134.23,-12.05,1967,1,"014400",245.6
134.23,-12.05,1967,2,"014400",396.8
134.23,-12.05,1967,3,"014400",386.3
134.23,-12.05,1967,4,"014400",22.1
134.23,-12.05,1967,5,"014400",11.2
134.23,-12.05,1967,6,"014400",2.8
134.23,-12.05,1967,7,"014400",0
134.23,-12.05,1967,8,"014400",0
134.23,-12.05,1967,9,"014400",0
134.23,-12.05,1967,10,"014400",0
134.23,-12.05,1967,11,"014400",15.4
134.23,-12.05,1967,12,"014400",138.2
134.23,-12.05,1968,1,"014400",252.7
134.23,-12.05,1968,2,"014400",234.1
134.23,-12.05,1968,3,"014400",122
134.23,-12.05,1968,4,"014400",86.2
134.23,-12.05,1968,5,"014400",203.1
134.23,-12.05,1968,6,"014400",0.5
134.23,-12.05,1968,7,"014400",0
134.23,-12.05,1968,8,"014400",0.8
134.23,-12.05,1968,9,"014400",0
134.23,-12.05,1968,10,"014400",0
134.23,-12.05,1968,11,"014400",1
134.23,-12.05,1968,12,"014400",290.7
134.23,-12.05,1969,1,"014400",368.3
134.23,-12.05,1969,2,"014400",364.8
134.23,-12.05,1969,3,"014400",441.8
134.23,-12.05,1969,4,"014400",16
134.23,-12.05,1969,5,"014400",3.3
134.23,-12.05,1969,6,"014400",0
134.23,-12.05,1969,7,"014400",0
134.23,-12.05,1969,8,"014400",0
134.23,-12.05,1969,9,"014400",0
134.23,-12.05,1969,10,"014400",71.4
134.23,-12.05,1969,11,"014400",3
134.23,-12.05,1969,12,"014400",141.1
134.23,-12.05,1970,1,"014400",253.4
134.23,-12.05,1970,2,"014400",237.1
134.23,-12.05,1970,3,"014400",82.9
134.23,-12.05,1970,4,"014400",23.2
134.23,-12.05,1970,5,"014400",11.4
134.23,-12.05,1970,6,"014400",0
134.23,-12.05,1970,7,"014400",0
134.23,-12.05,1970,8,"014400",0
134.23,-12.05,1970,9,"014400",0
134.23,-12.05,1970,10,"014400",20.8
134.23,-12.05,1970,11,"014400",NA
134.23,-12.05,1970,12,"014400",175.1
134.23,-12.05,1971,1,"014400",238
134.23,-12.05,1971,2,"014400",325.4
134.23,-12.05,1971,3,"014400",212.4
134.23,-12.05,1971,4,"014400",107.2
134.23,-12.05,1971,5,"014400",0
134.23,-12.05,1971,6,"014400",0
134.23,-12.05,1971,7,"014400",0
134.23,-12.05,1971,8,"014400",0
134.23,-12.05,1971,9,"014400",0
134.23,-12.05,1971,10,"014400",3.6
134.23,-12.05,1971,11,"014400",106.7
134.23,-12.05,1971,12,"014400",46.2
134.23,-12.05,1972,1,"014400",193.9
134.23,-12.05,1972,2,"014400",349.8
134.23,-12.05,1972,3,"014400",167
134.23,-12.05,1972,4,"014400",41.2
134.23,-12.05,1972,5,"014400",31.8
134.23,-12.05,1972,6,"014400",0
134.23,-12.05,1972,7,"014400",NA
134.23,-12.05,1972,8,"014400",0
134.23,-12.05,1972,9,"014400",NA
134.23,-12.05,1972,10,"014400",0
134.23,-12.05,1972,11,"014400",7.9
134.23,-12.05,1972,12,"014400",0
134.23,-12.05,1973,1,"014400",324.6
134.23,-12.05,1973,2,"014400",177.7
134.23,-12.05,1973,3,"014400",322.1
134.23,-12.05,1973,4,"014400",163.3
134.23,-12.05,1973,5,"014400",NA
134.23,-12.05,1973,6,"014400",NA
134.23,-12.05,1973,7,"014400",NA
134.23,-12.05,1973,8,"014400",NA
134.23,-12.05,1973,9,"014400",NA
134.23,-12.05,1973,10,"014400",NA
134.23,-12.05,1973,11,"014400",4.3
134.23,-12.05,1973,12,"014400",120.7
134.23,-12.05,1974,1,"014400",365.3
134.23,-12.05,1974,2,"014400",142.5
134.23,-12.05,1974,3,"014400",288.8
134.23,-12.05,1974,4,"014400",154
134.23,-12.05,1974,5,"014400",17.6
134.23,-12.05,1974,6,"014400",0
134.23,-12.05,1974,7,"014400",0
134.23,-12.05,1974,8,"014400",0.3
134.23,-12.05,1974,9,"014400",0
134.23,-12.05,1974,10,"014400",NA
134.23,-12.05,1974,11,"014400",NA
134.23,-12.05,1974,12,"014400",154
134.23,-12.05,1975,1,"014400",196.6
134.23,-12.05,1975,2,"014400",434.4
134.23,-12.05,1975,3,"014400",484
134.23,-12.05,1975,4,"014400",353.6
134.23,-12.05,1975,5,"014400",13
134.23,-12.05,1975,6,"014400",3.5
134.23,-12.05,1975,7,"014400",0.1
134.23,-12.05,1975,8,"014400",NA
134.23,-12.05,1975,9,"014400",0
134.23,-12.05,1975,10,"014400",17
134.23,-12.05,1975,11,"014400",89.4
134.23,-12.05,1975,12,"014400",439.5
134.23,-12.05,1976,1,"014400",213
134.23,-12.05,1976,2,"014400",362.8
134.23,-12.05,1976,3,"014400",483.6
134.23,-12.05,1976,4,"014400",64.3
134.23,-12.05,1976,5,"014400",16.8
134.23,-12.05,1976,6,"014400",0
134.23,-12.05,1976,7,"014400",0
134.23,-12.05,1976,8,"014400",0
134.23,-12.05,1976,9,"014400",0
134.23,-12.05,1976,10,"014400",0
134.23,-12.05,1976,11,"014400",1.6
134.23,-12.05,1976,12,"014400",287.7
134.23,-12.05,1977,1,"014400",255.4
134.23,-12.05,1977,2,"014400",279.4
134.23,-12.05,1977,3,"014400",216
134.23,-12.05,1977,4,"014400",127.1
134.23,-12.05,1977,5,"014400",22.9
134.23,-12.05,1977,6,"014400",0.2
134.23,-12.05,1977,7,"014400",0
134.23,-12.05,1977,8,"014400",0
134.23,-12.05,1977,9,"014400",0
134.23,-12.05,1977,10,"014400",0
134.23,-12.05,1977,11,"014400",23.8
134.23,-12.05,1977,12,"014400",199.4
134.23,-12.05,1978,1,"014400",315.8
134.23,-12.05,1978,2,"014400",289
134.23,-12.05,1978,3,"014400",249.8
134.23,-12.05,1978,4,"014400",103.5
134.23,-12.05,1978,5,"014400",41.4
134.23,-12.05,1978,6,"014400",0.4
134.23,-12.05,1978,7,"014400",17.7
134.23,-12.05,1978,8,"014400",0
134.23,-12.05,1978,9,"014400",0.6
134.23,-12.05,1978,10,"014400",39.8
134.23,-12.05,1978,11,"014400",144.1
134.23,-12.05,1978,12,"014400",106
134.23,-12.05,1979,1,"014400",NA
134.23,-12.05,1979,2,"014400",NA
134.23,-12.05,1979,3,"014400",NA
134.23,-12.05,1979,4,"014400",NA
134.23,-12.05,1979,5,"014400",1.4
134.23,-12.05,1979,6,"014400",0
134.23,-12.05,1979,7,"014400",1
134.23,-12.05,1979,8,"014400",0
134.23,-12.05,1979,9,"014400",0
134.23,-12.05,1979,10,"014400",29
134.23,-12.05,1979,11,"014400",9
134.23,-12.05,1979,12,"014400",13.5
134.23,-12.05,1980,1,"014400",266.5
134.23,-12.05,1980,2,"014400",409.4
134.23,-12.05,1980,3,"014400",375.7
134.23,-12.05,1980,4,"014400",48.6
134.23,-12.05,1980,5,"014400",0.4
134.23,-12.05,1980,6,"014400",0.1
134.23,-12.05,1980,7,"014400",10.6
134.23,-12.05,1980,8,"014400",0.6
134.23,-12.05,1980,9,"014400",0
134.23,-12.05,1980,10,"014400",45
134.23,-12.05,1980,11,"014400",20
134.23,-12.05,1980,12,"014400",201.2
134.23,-12.05,1981,1,"014400",202
134.23,-12.05,1981,2,"014400",155.6
134.23,-12.05,1981,3,"014400",1224.1
134.23,-12.05,1981,4,"014400",24.8
134.23,-12.05,1981,5,"014400",24.8
134.23,-12.05,1981,6,"014400",0
134.23,-12.05,1981,7,"014400",0
134.23,-12.05,1981,8,"014400",0
134.23,-12.05,1981,9,"014400",1.8
134.23,-12.05,1981,10,"014400",1.6
134.23,-12.05,1981,11,"014400",127
134.23,-12.05,1981,12,"014400",273.8
134.23,-12.05,1982,1,"014400",347.7
134.23,-12.05,1982,2,"014400",203.7
134.23,-12.05,1982,3,"014400",314.2
134.23,-12.05,1982,4,"014400",56
134.23,-12.05,1982,5,"014400",8.8
134.23,-12.05,1982,6,"014400",0
134.23,-12.05,1982,7,"014400",0
134.23,-12.05,1982,8,"014400",0
134.23,-12.05,1982,9,"014400",0
134.23,-12.05,1982,10,"014400",0
134.23,-12.05,1982,11,"014400",74
134.23,-12.05,1982,12,"014400",83.3
134.23,-12.05,1983,1,"014400",95.5
134.23,-12.05,1983,2,"014400",114.6
134.23,-12.05,1983,3,"014400",296.7
134.23,-12.05,1983,4,"014400",237
134.23,-12.05,1983,5,"014400",8
134.23,-12.05,1983,6,"014400",0
134.23,-12.05,1983,7,"014400",NA
134.23,-12.05,1983,8,"014400",0
134.23,-12.05,1983,9,"014400",0
134.23,-12.05,1983,10,"014400",39.6
134.23,-12.05,1983,11,"014400",33.4
134.23,-12.05,1983,12,"014400",57.8
134.23,-12.05,1984,1,"014400",NA
134.23,-12.05,1984,2,"014400",375.6
134.23,-12.05,1984,3,"014400",318.2
134.23,-12.05,1984,4,"014400",27.2
134.23,-12.05,1984,5,"014400",7.4
134.23,-12.05,1984,6,"014400",4.4
134.23,-12.05,1984,7,"014400",0
134.23,-12.05,1984,8,"014400",0
134.23,-12.05,1984,9,"014400",0
134.23,-12.05,1984,10,"014400",8.2
134.23,-12.05,1984,11,"014400",53.8
134.23,-12.05,1984,12,"014400",265.2
134.23,-12.05,1985,1,"014400",162.2
134.23,-12.05,1985,2,"014400",271.8
134.23,-12.05,1985,3,"014400",259.2
134.23,-12.05,1985,4,"014400",735
134.23,-12.05,1985,5,"014400",5.4
134.23,-12.05,1985,6,"014400",0.6
134.23,-12.05,1985,7,"014400",0
134.23,-12.05,1985,8,"014400",0.2
134.23,-12.05,1985,9,"014400",2.2
134.23,-12.05,1985,10,"014400",0
134.23,-12.05,1985,11,"014400",28
134.23,-12.05,1985,12,"014400",134
134.23,-12.05,1986,1,"014400",397.4
134.23,-12.05,1986,2,"014400",186.6
134.23,-12.05,1986,3,"014400",193.2
134.23,-12.05,1986,4,"014400",226.6
134.23,-12.05,1986,5,"014400",27
134.23,-12.05,1986,6,"014400",3.6
134.23,-12.05,1986,7,"014400",7.8
134.23,-12.05,1986,8,"014400",0
134.23,-12.05,1986,9,"014400",0
134.23,-12.05,1986,10,"014400",5.6
134.23,-12.05,1986,11,"014400",70.2
134.23,-12.05,1986,12,"014400",105.8
134.23,-12.05,1987,1,"014400",252.2
134.23,-12.05,1987,2,"014400",479
134.23,-12.05,1987,3,"014400",132.5
134.23,-12.05,1987,4,"014400",159.6
134.23,-12.05,1987,5,"014400",15.6
134.23,-12.05,1987,6,"014400",2.2
134.23,-12.05,1987,7,"014400",0
134.23,-12.05,1987,8,"014400",0.2
134.23,-12.05,1987,9,"014400",0
134.23,-12.05,1987,10,"014400",0
134.23,-12.05,1987,11,"014400",11
134.23,-12.05,1987,12,"014400",597.4
134.23,-12.05,1988,1,"014400",205.4
134.23,-12.05,1988,2,"014400",237.8
134.23,-12.05,1988,3,"014400",543.2
134.23,-12.05,1988,4,"014400",25
134.23,-12.05,1988,5,"014400",5.6
134.23,-12.05,1988,6,"014400",0
134.23,-12.05,1988,7,"014400",0
134.23,-12.05,1988,8,"014400",1.3
134.23,-12.05,1988,9,"014400",0
134.23,-12.05,1988,10,"014400",0
134.23,-12.05,1988,11,"014400",56
134.23,-12.05,1988,12,"014400",253.4
134.23,-12.05,1989,1,"014400",312.4
134.23,-12.05,1989,2,"014400",79.4
134.23,-12.05,1989,3,"014400",540
134.23,-12.05,1989,4,"014400",212.8
134.23,-12.05,1989,5,"014400",9.4
134.23,-12.05,1989,6,"014400",0
134.23,-12.05,1989,7,"014400",1
134.23,-12.05,1989,8,"014400",0
134.23,-12.05,1989,9,"014400",0
134.23,-12.05,1989,10,"014400",0
134.23,-12.05,1989,11,"014400",11.4
134.23,-12.05,1989,12,"014400",265.6
134.23,-12.05,1990,1,"014400",253.6
134.23,-12.05,1990,2,"014400",44.2
134.23,-12.05,1990,3,"014400",143.2
134.23,-12.05,1990,4,"014400",74.8
134.23,-12.05,1990,5,"014400",60.8
134.23,-12.05,1990,6,"014400",8.6
134.23,-12.05,1990,7,"014400",9.4
134.23,-12.05,1990,8,"014400",0
134.23,-12.05,1990,9,"014400",0
134.23,-12.05,1990,10,"014400",0
134.23,-12.05,1990,11,"014400",3.6
134.23,-12.05,1990,12,"014400",90.6
134.23,-12.05,1991,1,"014400",347
134.23,-12.05,1991,2,"014400",437
134.23,-12.05,1991,3,"014400",111
134.23,-12.05,1991,4,"014400",127.2
134.23,-12.05,1991,5,"014400",2
134.23,-12.05,1991,6,"014400",0.2
134.23,-12.05,1991,7,"014400",0
134.23,-12.05,1991,8,"014400",0
134.23,-12.05,1991,9,"014400",0
134.23,-12.05,1991,10,"014400",2.4
134.23,-12.05,1991,11,"014400",26.4
134.23,-12.05,1991,12,"014400",41.9
134.23,-12.05,1992,1,"014400",287.9
134.23,-12.05,1992,2,"014400",270.5
134.23,-12.05,1992,3,"014400",115.6
134.23,-12.05,1992,4,"014400",158.8
134.23,-12.05,1992,5,"014400",7.4
134.23,-12.05,1992,6,"014400",3.4
134.23,-12.05,1992,7,"014400",0
134.23,-12.05,1992,8,"014400",0
134.23,-12.05,1992,9,"014400",8.2
134.23,-12.05,1992,10,"014400",48.8
134.23,-12.05,1992,11,"014400",35.6
134.23,-12.05,1992,12,"014400",212.2
134.23,-12.05,1993,1,"014400",378.1
134.23,-12.05,1993,2,"014400",368.6
134.23,-12.05,1993,3,"014400",71.8
134.23,-12.05,1993,4,"014400",40.4
134.23,-12.05,1993,5,"014400",2.8
134.23,-12.05,1993,6,"014400",0
134.23,-12.05,1993,7,"014400",2
134.23,-12.05,1993,8,"014400",0
134.23,-12.05,1993,9,"014400",4
134.23,-12.05,1993,10,"014400",0
134.23,-12.05,1993,11,"014400",21
134.23,-12.05,1993,12,"014400",244.8
134.23,-12.05,1994,1,"014400",63.1
134.23,-12.05,1994,2,"014400",161
134.23,-12.05,1994,3,"014400",249.4
134.23,-12.05,1994,4,"014400",78.5
134.23,-12.05,1994,5,"014400",18.2
134.23,-12.05,1994,6,"014400",0.4
134.23,-12.05,1994,7,"014400",7.4
134.23,-12.05,1994,8,"014400",0
134.23,-12.05,1994,9,"014400",0
134.23,-12.05,1994,10,"014400",0
134.23,-12.05,1994,11,"014400",0.5
134.23,-12.05,1994,12,"014400",195.7
134.23,-12.05,1995,1,"014400",659.1
134.23,-12.05,1995,2,"014400",259.6
134.23,-12.05,1995,3,"014400",211.4
134.23,-12.05,1995,4,"014400",95.5
134.23,-12.05,1995,5,"014400",0
134.23,-12.05,1995,6,"014400",0
134.23,-12.05,1995,7,"014400",0
134.23,-12.05,1995,8,"014400",0
134.23,-12.05,1995,9,"014400",0
134.23,-12.05,1995,10,"014400",19.5
134.23,-12.05,1995,11,"014400",44
134.23,-12.05,1995,12,"014400",361.9
134.23,-12.05,1996,1,"014400",107.2
134.23,-12.05,1996,2,"014400",272.7
134.23,-12.05,1996,3,"014400",79.7
134.23,-12.05,1996,4,"014400",225.5
134.23,-12.05,1996,5,"014400",37
134.23,-12.05,1996,6,"014400",3
134.23,-12.05,1996,7,"014400",0
134.23,-12.05,1996,8,"014400",0
134.23,-12.05,1996,9,"014400",0
134.23,-12.05,1996,10,"014400",38.7
134.23,-12.05,1996,11,"014400",15.7
134.23,-12.05,1996,12,"014400",233.4
134.23,-12.05,1997,1,"014400",424.5
134.23,-12.05,1997,2,"014400",254.7
134.23,-12.05,1997,3,"014400",117
134.23,-12.05,1997,4,"014400",8
134.23,-12.05,1997,5,"014400",3
134.23,-12.05,1997,6,"014400",0
134.23,-12.05,1997,7,"014400",0
134.23,-12.05,1997,8,"014400",0
134.23,-12.05,1997,9,"014400",0
134.23,-12.05,1997,10,"014400",31
134.23,-12.05,1997,11,"014400",12.8
134.23,-12.05,1997,12,"014400",196.5
134.23,-12.05,1998,1,"014400",305.2
134.23,-12.05,1998,2,"014400",202.8
134.23,-12.05,1998,3,"014400",131.9
134.23,-12.05,1998,4,"014400",161.3
134.23,-12.05,1998,5,"014400",95.1
134.23,-12.05,1998,6,"014400",2.1
134.23,-12.05,1998,7,"014400",0
134.23,-12.05,1998,8,"014400",0
134.23,-12.05,1998,9,"014400",48
134.23,-12.05,1998,10,"014400",22.1
134.23,-12.05,1998,11,"014400",82.5
134.23,-12.05,1998,12,"014400",469.2
134.23,-12.05,1999,1,"014400",201.1
134.23,-12.05,1999,2,"014400",220.9
134.23,-12.05,1999,3,"014400",598.2
134.23,-12.05,1999,4,"014400",173
134.23,-12.05,1999,5,"014400",2.3
134.23,-12.05,1999,6,"014400",0.3
134.23,-12.05,1999,7,"014400",0.5
134.23,-12.05,1999,8,"014400",0
134.23,-12.05,1999,9,"014400",0
134.23,-12.05,1999,10,"014400",1
134.23,-12.05,1999,11,"014400",71.7
134.23,-12.05,1999,12,"014400",505.3
134.23,-12.05,2000,1,"014400",312
134.23,-12.05,2000,2,"014400",248.1
134.23,-12.05,2000,3,"014400",436.8
134.23,-12.05,2000,4,"014400",273.9
134.23,-12.05,2000,5,"014400",93.5
134.23,-12.05,2000,6,"014400",6.8
134.23,-12.05,2000,7,"014400",0.1
134.23,-12.05,2000,8,"014400",0
134.23,-12.05,2000,9,"014400",0
134.23,-12.05,2000,10,"014400",23.3
134.23,-12.05,2000,11,"014400",290.3
134.23,-12.05,2000,12,"014400",453.3
134.23,-12.05,2001,1,"014400",707.4
134.23,-12.05,2001,2,"014400",216.7
134.23,-12.05,2001,3,"014400",259.4
134.23,-12.05,2001,4,"014400",170.2
134.23,-12.05,2001,5,"014400",2.6
134.23,-12.05,2001,6,"014400",0.2
134.23,-12.05,2001,7,"014400",1.9
134.23,-12.05,2001,8,"014400",0
134.23,-12.05,2001,9,"014400",0
134.23,-12.05,2001,10,"014400",7.5
134.23,-12.05,2001,11,"014400",79.8
134.23,-12.05,2001,12,"014400",113.6
134.23,-12.05,2002,1,"014400",118.6
134.23,-12.05,2002,2,"014400",276.8
134.23,-12.05,2002,3,"014400",179.8
134.23,-12.05,2002,4,"014400",133.6
134.23,-12.05,2002,5,"014400",1
134.23,-12.05,2002,6,"014400",0
134.23,-12.05,2002,7,"014400",0
134.23,-12.05,2002,8,"014400",0
134.23,-12.05,2002,9,"014400",11
134.23,-12.05,2002,10,"014400",0
134.23,-12.05,2002,11,"014400",3.6
134.23,-12.05,2002,12,"014400",13.1
134.23,-12.05,2003,1,"014400",396.7
134.23,-12.05,2003,2,"014400",546.7
134.23,-12.05,2003,3,"014400",311.8
134.23,-12.05,2003,4,"014400",40.8
134.23,-12.05,2003,5,"014400",5
134.23,-12.05,2003,6,"014400",0
134.23,-12.05,2003,7,"014400",1.6
134.23,-12.05,2003,8,"014400",0
134.23,-12.05,2003,9,"014400",0
134.23,-12.05,2003,10,"014400",0.1
134.23,-12.05,2003,11,"014400",40.8
134.23,-12.05,2003,12,"014400",311.1
134.23,-12.05,2004,1,"014400",147.2
134.23,-12.05,2004,2,"014400",253.6
134.23,-12.05,2004,3,"014400",321.6
134.23,-12.05,2004,4,"014400",32.4
134.23,-12.05,2004,5,"014400",51.2
134.23,-12.05,2004,6,"014400",12.4
134.23,-12.05,2004,7,"014400",0.4
134.23,-12.05,2004,8,"014400",0
134.23,-12.05,2004,9,"014400",0
134.23,-12.05,2004,10,"014400",0
134.23,-12.05,2004,11,"014400",29
134.23,-12.05,2004,12,"014400",288.6
134.23,-12.05,2005,1,"014400",250.6
134.23,-12.05,2005,2,"014400",65.1
134.23,-12.05,2005,3,"014400",386.8
134.23,-12.05,2005,4,"014400",90.2
134.23,-12.05,2005,5,"014400",2.6
134.23,-12.05,2005,6,"014400",0
134.23,-12.05,2005,7,"014400",6.6
134.23,-12.05,2005,8,"014400",0
134.23,-12.05,2005,9,"014400",0
134.23,-12.05,2005,10,"014400",0.4
134.23,-12.05,2005,11,"014400",42.6
134.23,-12.05,2005,12,"014400",103.7
134.23,-12.05,2006,1,"014400",430.1
134.23,-12.05,2006,2,"014400",282.6
134.23,-12.05,2006,3,"014400",153
134.23,-12.05,2006,4,"014400",79.6
134.23,-12.05,2006,5,"014400",9
134.23,-12.05,2006,6,"014400",0
134.23,-12.05,2006,7,"014400",0
134.23,-12.05,2006,8,"014400",0
134.23,-12.05,2006,9,"014400",0
134.23,-12.05,2006,10,"014400",0
134.23,-12.05,2006,11,"014400",6.4
134.23,-12.05,2006,12,"014400",12.4
134.23,-12.05,2007,1,"014400",343
134.23,-12.05,2007,2,"014400",157.9
134.23,-12.05,2007,3,"014400",419.2
134.23,-12.05,2007,4,"014400",191.7
134.23,-12.05,2007,5,"014400",18.9
134.23,-12.05,2007,6,"014400",4.3
134.23,-12.05,2007,7,"014400",0
134.23,-12.05,2007,8,"014400",10.3
134.23,-12.05,2007,9,"014400",NA
134.23,-12.05,2007,10,"014400",NA
134.23,-12.05,2007,11,"014400",NA
134.23,-12.05,2007,12,"014400",NA
134.23,-12.05,2008,1,"014400",NA
134.23,-12.05,2008,2,"014400",NA
134.23,-12.05,2008,3,"014400",NA
134.23,-12.05,2008,4,"014400",NA
134.23,-12.05,2008,5,"014400",NA
134.23,-12.05,2008,6,"014400",NA
134.23,-12.05,2008,7,"014400",NA
134.23,-12.05,2008,8,"014400",NA
134.23,-12.05,2008,9,"014400",NA
134.23,-12.05,2008,10,"014400",0
134.23,-12.05,2008,11,"014400",52.4
134.23,-12.05,2008,12,"014400",211.8
