"Lon","Lat","Year","Month","Station","Rain"
140.8,-36.19,1952,1,"025525",NA
140.8,-36.19,1952,2,"025525",NA
140.8,-36.19,1952,3,"025525",NA
140.8,-36.19,1952,4,"025525",NA
140.8,-36.19,1952,5,"025525",NA
140.8,-36.19,1952,6,"025525",NA
140.8,-36.19,1952,7,"025525",NA
140.8,-36.19,1952,8,"025525",39.4
140.8,-36.19,1952,9,"025525",45.1
140.8,-36.19,1952,10,"025525",37.7
140.8,-36.19,1952,11,"025525",72.4
140.8,-36.19,1952,12,"025525",19
140.8,-36.19,1953,1,"025525",13.3
140.8,-36.19,1953,2,"025525",2
140.8,-36.19,1953,3,"025525",2.8
140.8,-36.19,1953,4,"025525",24.3
140.8,-36.19,1953,5,"025525",32.8
140.8,-36.19,1953,6,"025525",92.1
140.8,-36.19,1953,7,"025525",73.1
140.8,-36.19,1953,8,"025525",63.6
140.8,-36.19,1953,9,"025525",60.2
140.8,-36.19,1953,10,"025525",45.4
140.8,-36.19,1953,11,"025525",38
140.8,-36.19,1953,12,"025525",52.2
140.8,-36.19,1954,1,"025525",31.2
140.8,-36.19,1954,2,"025525",0
140.8,-36.19,1954,3,"025525",9.2
140.8,-36.19,1954,4,"025525",90.6
140.8,-36.19,1954,5,"025525",15.4
140.8,-36.19,1954,6,"025525",61.6
140.8,-36.19,1954,7,"025525",41
140.8,-36.19,1954,8,"025525",24
140.8,-36.19,1954,9,"025525",23.7
140.8,-36.19,1954,10,"025525",43.9
140.8,-36.19,1954,11,"025525",31.5
140.8,-36.19,1954,12,"025525",27.5
140.8,-36.19,1955,1,"025525",3.4
140.8,-36.19,1955,2,"025525",65.2
140.8,-36.19,1955,3,"025525",25.2
140.8,-36.19,1955,4,"025525",24.4
140.8,-36.19,1955,5,"025525",77.7
140.8,-36.19,1955,6,"025525",103.8
140.8,-36.19,1955,7,"025525",19
140.8,-36.19,1955,8,"025525",115.4
140.8,-36.19,1955,9,"025525",28.1
140.8,-36.19,1955,10,"025525",42.6
140.8,-36.19,1955,11,"025525",45.4
140.8,-36.19,1955,12,"025525",18.7
140.8,-36.19,1956,1,"025525",11.2
140.8,-36.19,1956,2,"025525",0.3
140.8,-36.19,1956,3,"025525",56.3
140.8,-36.19,1956,4,"025525",75.3
140.8,-36.19,1956,5,"025525",67.9
140.8,-36.19,1956,6,"025525",88.6
140.8,-36.19,1956,7,"025525",63.8
140.8,-36.19,1956,8,"025525",89
140.8,-36.19,1956,9,"025525",64.5
140.8,-36.19,1956,10,"025525",60.5
140.8,-36.19,1956,11,"025525",11.6
140.8,-36.19,1956,12,"025525",13
140.8,-36.19,1957,1,"025525",1.3
140.8,-36.19,1957,2,"025525",11.5
140.8,-36.19,1957,3,"025525",34.6
140.8,-36.19,1957,4,"025525",32.2
140.8,-36.19,1957,5,"025525",31.8
140.8,-36.19,1957,6,"025525",27
140.8,-36.19,1957,7,"025525",27.4
140.8,-36.19,1957,8,"025525",50.2
140.8,-36.19,1957,9,"025525",32.3
140.8,-36.19,1957,10,"025525",45
140.8,-36.19,1957,11,"025525",40.2
140.8,-36.19,1957,12,"025525",11.4
140.8,-36.19,1958,1,"025525",4.8
140.8,-36.19,1958,2,"025525",0
140.8,-36.19,1958,3,"025525",11.1
140.8,-36.19,1958,4,"025525",12.1
140.8,-36.19,1958,5,"025525",111.9
140.8,-36.19,1958,6,"025525",9.9
140.8,-36.19,1958,7,"025525",77.3
140.8,-36.19,1958,8,"025525",60
140.8,-36.19,1958,9,"025525",57.3
140.8,-36.19,1958,10,"025525",88.7
140.8,-36.19,1958,11,"025525",28.1
140.8,-36.19,1958,12,"025525",8.2
140.8,-36.19,1959,1,"025525",2.6
140.8,-36.19,1959,2,"025525",32.6
140.8,-36.19,1959,3,"025525",47.5
140.8,-36.19,1959,4,"025525",3.8
140.8,-36.19,1959,5,"025525",13.9
140.8,-36.19,1959,6,"025525",20.4
140.8,-36.19,1959,7,"025525",22.5
140.8,-36.19,1959,8,"025525",70.4
140.8,-36.19,1959,9,"025525",33.8
140.8,-36.19,1959,10,"025525",29.5
140.8,-36.19,1959,11,"025525",18.3
140.8,-36.19,1959,12,"025525",49.1
140.8,-36.19,1960,1,"025525",45.5
140.8,-36.19,1960,2,"025525",47
140.8,-36.19,1960,3,"025525",18.4
140.8,-36.19,1960,4,"025525",91
140.8,-36.19,1960,5,"025525",148.4
140.8,-36.19,1960,6,"025525",38.9
140.8,-36.19,1960,7,"025525",40.3
140.8,-36.19,1960,8,"025525",38.3
140.8,-36.19,1960,9,"025525",115.9
140.8,-36.19,1960,10,"025525",26
140.8,-36.19,1960,11,"025525",27.5
140.8,-36.19,1960,12,"025525",35.5
140.8,-36.19,1961,1,"025525",0.8
140.8,-36.19,1961,2,"025525",10.2
140.8,-36.19,1961,3,"025525",8.6
140.8,-36.19,1961,4,"025525",91.6
140.8,-36.19,1961,5,"025525",18.3
140.8,-36.19,1961,6,"025525",52.8
140.8,-36.19,1961,7,"025525",77.2
140.8,-36.19,1961,8,"025525",35.8
140.8,-36.19,1961,9,"025525",42.2
140.8,-36.19,1961,10,"025525",25.2
140.8,-36.19,1961,11,"025525",20.8
140.8,-36.19,1961,12,"025525",81.1
140.8,-36.19,1962,1,"025525",6.3
140.8,-36.19,1962,2,"025525",25.3
140.8,-36.19,1962,3,"025525",19.3
140.8,-36.19,1962,4,"025525",3.3
140.8,-36.19,1962,5,"025525",91.2
140.8,-36.19,1962,6,"025525",86.4
140.8,-36.19,1962,7,"025525",23.6
140.8,-36.19,1962,8,"025525",58.5
140.8,-36.19,1962,9,"025525",59.9
140.8,-36.19,1962,10,"025525",55.4
140.8,-36.19,1962,11,"025525",16.1
140.8,-36.19,1962,12,"025525",60.4
140.8,-36.19,1963,1,"025525",59.1
140.8,-36.19,1963,2,"025525",11
140.8,-36.19,1963,3,"025525",5.7
140.8,-36.19,1963,4,"025525",17.1
140.8,-36.19,1963,5,"025525",51.2
140.8,-36.19,1963,6,"025525",65.3
140.8,-36.19,1963,7,"025525",61
140.8,-36.19,1963,8,"025525",53.8
140.8,-36.19,1963,9,"025525",54.4
140.8,-36.19,1963,10,"025525",10.5
140.8,-36.19,1963,11,"025525",4.5
140.8,-36.19,1963,12,"025525",8.7
140.8,-36.19,1964,1,"025525",5.6
140.8,-36.19,1964,2,"025525",20.6
140.8,-36.19,1964,3,"025525",12.7
140.8,-36.19,1964,4,"025525",54.5
140.8,-36.19,1964,5,"025525",32.8
140.8,-36.19,1964,6,"025525",66.7
140.8,-36.19,1964,7,"025525",107.8
140.8,-36.19,1964,8,"025525",56.1
140.8,-36.19,1964,9,"025525",91.8
140.8,-36.19,1964,10,"025525",82.6
140.8,-36.19,1964,11,"025525",98.2
140.8,-36.19,1964,12,"025525",45.8
140.8,-36.19,1965,1,"025525",0.3
140.8,-36.19,1965,2,"025525",0
140.8,-36.19,1965,3,"025525",10.2
140.8,-36.19,1965,4,"025525",21.2
140.8,-36.19,1965,5,"025525",72.9
140.8,-36.19,1965,6,"025525",16.8
140.8,-36.19,1965,7,"025525",55.7
140.8,-36.19,1965,8,"025525",51.4
140.8,-36.19,1965,9,"025525",29.6
140.8,-36.19,1965,10,"025525",13.9
140.8,-36.19,1965,11,"025525",46
140.8,-36.19,1965,12,"025525",58.3
140.8,-36.19,1966,1,"025525",10.8
140.8,-36.19,1966,2,"025525",12.5
140.8,-36.19,1966,3,"025525",10.2
140.8,-36.19,1966,4,"025525",12
140.8,-36.19,1966,5,"025525",21.9
140.8,-36.19,1966,6,"025525",50.6
140.8,-36.19,1966,7,"025525",90.4
140.8,-36.19,1966,8,"025525",23.4
140.8,-36.19,1966,9,"025525",87.5
140.8,-36.19,1966,10,"025525",65.1
140.8,-36.19,1966,11,"025525",10.8
140.8,-36.19,1966,12,"025525",38.6
140.8,-36.19,1967,1,"025525",10.5
140.8,-36.19,1967,2,"025525",37.1
140.8,-36.19,1967,3,"025525",2.6
140.8,-36.19,1967,4,"025525",7.1
140.8,-36.19,1967,5,"025525",15.2
140.8,-36.19,1967,6,"025525",7.2
140.8,-36.19,1967,7,"025525",45.9
140.8,-36.19,1967,8,"025525",47.5
140.8,-36.19,1967,9,"025525",19.1
140.8,-36.19,1967,10,"025525",6.7
140.8,-36.19,1967,11,"025525",8.5
140.8,-36.19,1967,12,"025525",19.1
140.8,-36.19,1968,1,"025525",20.9
140.8,-36.19,1968,2,"025525",15.1
140.8,-36.19,1968,3,"025525",29.9
140.8,-36.19,1968,4,"025525",38.3
140.8,-36.19,1968,5,"025525",95.7
140.8,-36.19,1968,6,"025525",58
140.8,-36.19,1968,7,"025525",42.4
140.8,-36.19,1968,8,"025525",85.1
140.8,-36.19,1968,9,"025525",36.1
140.8,-36.19,1968,10,"025525",65.9
140.8,-36.19,1968,11,"025525",65.8
140.8,-36.19,1968,12,"025525",16.6
140.8,-36.19,1969,1,"025525",15
140.8,-36.19,1969,2,"025525",47.9
140.8,-36.19,1969,3,"025525",50
140.8,-36.19,1969,4,"025525",37.8
140.8,-36.19,1969,5,"025525",38.9
140.8,-36.19,1969,6,"025525",25.1
140.8,-36.19,1969,7,"025525",64.9
140.8,-36.19,1969,8,"025525",32.3
140.8,-36.19,1969,9,"025525",50
140.8,-36.19,1969,10,"025525",12.3
140.8,-36.19,1969,11,"025525",23.2
140.8,-36.19,1969,12,"025525",27.5
140.8,-36.19,1970,1,"025525",29.5
140.8,-36.19,1970,2,"025525",0.5
140.8,-36.19,1970,3,"025525",27.4
140.8,-36.19,1970,4,"025525",67.9
140.8,-36.19,1970,5,"025525",39.9
140.8,-36.19,1970,6,"025525",44.3
140.8,-36.19,1970,7,"025525",37.8
140.8,-36.19,1970,8,"025525",62.1
140.8,-36.19,1970,9,"025525",29.8
140.8,-36.19,1970,10,"025525",15
140.8,-36.19,1970,11,"025525",107.1
140.8,-36.19,1970,12,"025525",33
140.8,-36.19,1971,1,"025525",7.6
140.8,-36.19,1971,2,"025525",2.1
140.8,-36.19,1971,3,"025525",9.2
140.8,-36.19,1971,4,"025525",93.7
140.8,-36.19,1971,5,"025525",72.7
140.8,-36.19,1971,6,"025525",52.2
140.8,-36.19,1971,7,"025525",18.8
140.8,-36.19,1971,8,"025525",59.5
140.8,-36.19,1971,9,"025525",42.4
140.8,-36.19,1971,10,"025525",49.1
140.8,-36.19,1971,11,"025525",53.4
140.8,-36.19,1971,12,"025525",25
140.8,-36.19,1972,1,"025525",42.4
140.8,-36.19,1972,2,"025525",59.1
140.8,-36.19,1972,3,"025525",0.3
140.8,-36.19,1972,4,"025525",35.1
140.8,-36.19,1972,5,"025525",21.3
140.8,-36.19,1972,6,"025525",32.5
140.8,-36.19,1972,7,"025525",66.7
140.8,-36.19,1972,8,"025525",52.3
140.8,-36.19,1972,9,"025525",31.4
140.8,-36.19,1972,10,"025525",NA
140.8,-36.19,1972,11,"025525",31.4
140.8,-36.19,1972,12,"025525",0.8
140.8,-36.19,1973,1,"025525",56.6
140.8,-36.19,1973,2,"025525",63.5
140.8,-36.19,1973,3,"025525",32.5
140.8,-36.19,1973,4,"025525",50.5
140.8,-36.19,1973,5,"025525",62.8
140.8,-36.19,1973,6,"025525",76.7
140.8,-36.19,1973,7,"025525",50.1
140.8,-36.19,1973,8,"025525",63.5
140.8,-36.19,1973,9,"025525",60.8
140.8,-36.19,1973,10,"025525",100.3
140.8,-36.19,1973,11,"025525",16.8
140.8,-36.19,1973,12,"025525",17.1
140.8,-36.19,1974,1,"025525",64.8
140.8,-36.19,1974,2,"025525",41.6
140.8,-36.19,1974,3,"025525",50.9
140.8,-36.19,1974,4,"025525",88
140.8,-36.19,1974,5,"025525",76.2
140.8,-36.19,1974,6,"025525",39.2
140.8,-36.19,1974,7,"025525",66.6
140.8,-36.19,1974,8,"025525",59.8
140.8,-36.19,1974,9,"025525",76
140.8,-36.19,1974,10,"025525",94.2
140.8,-36.19,1974,11,"025525",7.9
140.8,-36.19,1974,12,"025525",8.1
140.8,-36.19,1975,1,"025525",21.8
140.8,-36.19,1975,2,"025525",1.4
140.8,-36.19,1975,3,"025525",38.2
140.8,-36.19,1975,4,"025525",16.4
140.8,-36.19,1975,5,"025525",65.2
140.8,-36.19,1975,6,"025525",16.8
140.8,-36.19,1975,7,"025525",61.2
140.8,-36.19,1975,8,"025525",42.2
140.8,-36.19,1975,9,"025525",34
140.8,-36.19,1975,10,"025525",197.6
140.8,-36.19,1975,11,"025525",27.6
140.8,-36.19,1975,12,"025525",8.8
140.8,-36.19,1976,1,"025525",8
140.8,-36.19,1976,2,"025525",10.2
140.8,-36.19,1976,3,"025525",10
140.8,-36.19,1976,4,"025525",23.2
140.8,-36.19,1976,5,"025525",17.2
140.8,-36.19,1976,6,"025525",41.6
140.8,-36.19,1976,7,"025525",20.6
140.8,-36.19,1976,8,"025525",42.4
140.8,-36.19,1976,9,"025525",51.2
140.8,-36.19,1976,10,"025525",44.4
140.8,-36.19,1976,11,"025525",41.6
140.8,-36.19,1976,12,"025525",30.4
140.8,-36.19,1977,1,"025525",19.4
140.8,-36.19,1977,2,"025525",11.8
140.8,-36.19,1977,3,"025525",20.6
140.8,-36.19,1977,4,"025525",14.2
140.8,-36.19,1977,5,"025525",34.6
140.8,-36.19,1977,6,"025525",58.4
140.8,-36.19,1977,7,"025525",20.4
140.8,-36.19,1977,8,"025525",27
140.8,-36.19,1977,9,"025525",25.8
140.8,-36.19,1977,10,"025525",29.5
140.8,-36.19,1977,11,"025525",44.2
140.8,-36.19,1977,12,"025525",4.2
140.8,-36.19,1978,1,"025525",4.6
140.8,-36.19,1978,2,"025525",3
140.8,-36.19,1978,3,"025525",8.6
140.8,-36.19,1978,4,"025525",34
140.8,-36.19,1978,5,"025525",39.6
140.8,-36.19,1978,6,"025525",31.8
140.8,-36.19,1978,7,"025525",55
140.8,-36.19,1978,8,"025525",41.2
140.8,-36.19,1978,9,"025525",72
140.8,-36.19,1978,10,"025525",37
140.8,-36.19,1978,11,"025525",46.8
140.8,-36.19,1978,12,"025525",15.8
140.8,-36.19,1979,1,"025525",38
140.8,-36.19,1979,2,"025525",30.4
140.8,-36.19,1979,3,"025525",3.6
140.8,-36.19,1979,4,"025525",37
140.8,-36.19,1979,5,"025525",36.6
140.8,-36.19,1979,6,"025525",25.2
140.8,-36.19,1979,7,"025525",39.4
140.8,-36.19,1979,8,"025525",73
140.8,-36.19,1979,9,"025525",90.8
140.8,-36.19,1979,10,"025525",61.2
140.8,-36.19,1979,11,"025525",57.6
140.8,-36.19,1979,12,"025525",10.2
140.8,-36.19,1980,1,"025525",4.8
140.8,-36.19,1980,2,"025525",0
140.8,-36.19,1980,3,"025525",1
140.8,-36.19,1980,4,"025525",59
140.8,-36.19,1980,5,"025525",32.8
140.8,-36.19,1980,6,"025525",59.8
140.8,-36.19,1980,7,"025525",53.8
140.8,-36.19,1980,8,"025525",41.2
140.8,-36.19,1980,9,"025525",43.4
140.8,-36.19,1980,10,"025525",77.4
140.8,-36.19,1980,11,"025525",20.8
140.8,-36.19,1980,12,"025525",10.4
140.8,-36.19,1981,1,"025525",16.4
140.8,-36.19,1981,2,"025525",7.4
140.8,-36.19,1981,3,"025525",15
140.8,-36.19,1981,4,"025525",2.2
140.8,-36.19,1981,5,"025525",49.2
140.8,-36.19,1981,6,"025525",60.4
140.8,-36.19,1981,7,"025525",123.4
140.8,-36.19,1981,8,"025525",139.8
140.8,-36.19,1981,9,"025525",30.6
140.8,-36.19,1981,10,"025525",40.2
140.8,-36.19,1981,11,"025525",42.8
140.8,-36.19,1981,12,"025525",8.6
140.8,-36.19,1982,1,"025525",26.4
140.8,-36.19,1982,2,"025525",6.2
140.8,-36.19,1982,3,"025525",21.6
140.8,-36.19,1982,4,"025525",42.6
140.8,-36.19,1982,5,"025525",22.6
140.8,-36.19,1982,6,"025525",36.2
140.8,-36.19,1982,7,"025525",11.6
140.8,-36.19,1982,8,"025525",13.8
140.8,-36.19,1982,9,"025525",13.4
140.8,-36.19,1982,10,"025525",14
140.8,-36.19,1982,11,"025525",3.4
140.8,-36.19,1982,12,"025525",8.8
140.8,-36.19,1983,1,"025525",11
140.8,-36.19,1983,2,"025525",0
140.8,-36.19,1983,3,"025525",140
140.8,-36.19,1983,4,"025525",33.6
140.8,-36.19,1983,5,"025525",111.4
140.8,-36.19,1983,6,"025525",22.2
140.8,-36.19,1983,7,"025525",48.4
140.8,-36.19,1983,8,"025525",58.8
140.8,-36.19,1983,9,"025525",64.6
140.8,-36.19,1983,10,"025525",30.8
140.8,-36.19,1983,11,"025525",33.2
140.8,-36.19,1983,12,"025525",41
140.8,-36.19,1984,1,"025525",20.4
140.8,-36.19,1984,2,"025525",2.4
140.8,-36.19,1984,3,"025525",39.4
140.8,-36.19,1984,4,"025525",10.2
140.8,-36.19,1984,5,"025525",18.8
140.8,-36.19,1984,6,"025525",28.6
140.8,-36.19,1984,7,"025525",74.8
140.8,-36.19,1984,8,"025525",110.6
140.8,-36.19,1984,9,"025525",44
140.8,-36.19,1984,10,"025525",13.4
140.8,-36.19,1984,11,"025525",76
140.8,-36.19,1984,12,"025525",9
140.8,-36.19,1985,1,"025525",5.6
140.8,-36.19,1985,2,"025525",1.8
140.8,-36.19,1985,3,"025525",22.6
140.8,-36.19,1985,4,"025525",31.6
140.8,-36.19,1985,5,"025525",54.5
140.8,-36.19,1985,6,"025525",29.4
140.8,-36.19,1985,7,"025525",29.6
140.8,-36.19,1985,8,"025525",73.2
140.8,-36.19,1985,9,"025525",27.4
140.8,-36.19,1985,10,"025525",81.2
140.8,-36.19,1985,11,"025525",10.4
140.8,-36.19,1985,12,"025525",38
140.8,-36.19,1986,1,"025525",7.2
140.8,-36.19,1986,2,"025525",0
140.8,-36.19,1986,3,"025525",0.6
140.8,-36.19,1986,4,"025525",53.2
140.8,-36.19,1986,5,"025525",49.2
140.8,-36.19,1986,6,"025525",31.6
140.8,-36.19,1986,7,"025525",74.8
140.8,-36.19,1986,8,"025525",76.4
140.8,-36.19,1986,9,"025525",54.2
140.8,-36.19,1986,10,"025525",73.2
140.8,-36.19,1986,11,"025525",10.2
140.8,-36.19,1986,12,"025525",59.4
140.8,-36.19,1987,1,"025525",12.2
140.8,-36.19,1987,2,"025525",31.6
140.8,-36.19,1987,3,"025525",19.2
140.8,-36.19,1987,4,"025525",15.4
140.8,-36.19,1987,5,"025525",72.8
140.8,-36.19,1987,6,"025525",58
140.8,-36.19,1987,7,"025525",29.2
140.8,-36.19,1987,8,"025525",37.8
140.8,-36.19,1987,9,"025525",16.8
140.8,-36.19,1987,10,"025525",34.6
140.8,-36.19,1987,11,"025525",12.4
140.8,-36.19,1987,12,"025525",52.4
140.8,-36.19,1988,1,"025525",31.8
140.8,-36.19,1988,2,"025525",15.8
140.8,-36.19,1988,3,"025525",8.8
140.8,-36.19,1988,4,"025525",7.6
140.8,-36.19,1988,5,"025525",136.6
140.8,-36.19,1988,6,"025525",93.4
140.8,-36.19,1988,7,"025525",41
140.8,-36.19,1988,8,"025525",38.6
140.8,-36.19,1988,9,"025525",70
140.8,-36.19,1988,10,"025525",34.8
140.8,-36.19,1988,11,"025525",18.8
140.8,-36.19,1988,12,"025525",10.2
140.8,-36.19,1989,1,"025525",7.6
140.8,-36.19,1989,2,"025525",29.6
140.8,-36.19,1989,3,"025525",11.2
140.8,-36.19,1989,4,"025525",15.4
140.8,-36.19,1989,5,"025525",38
140.8,-36.19,1989,6,"025525",65.4
140.8,-36.19,1989,7,"025525",67.2
140.8,-36.19,1989,8,"025525",85.4
140.8,-36.19,1989,9,"025525",40.8
140.8,-36.19,1989,10,"025525",62.6
140.8,-36.19,1989,11,"025525",7.4
140.8,-36.19,1989,12,"025525",14.8
140.8,-36.19,1990,1,"025525",11.2
140.8,-36.19,1990,2,"025525",11.4
140.8,-36.19,1990,3,"025525",6.6
140.8,-36.19,1990,4,"025525",7.4
140.8,-36.19,1990,5,"025525",11.2
140.8,-36.19,1990,6,"025525",53.6
140.8,-36.19,1990,7,"025525",71.6
140.8,-36.19,1990,8,"025525",86
140.8,-36.19,1990,9,"025525",40.6
140.8,-36.19,1990,10,"025525",27
140.8,-36.19,1990,11,"025525",18.4
140.8,-36.19,1990,12,"025525",6.4
140.8,-36.19,1991,1,"025525",36.4
140.8,-36.19,1991,2,"025525",0
140.8,-36.19,1991,3,"025525",7
140.8,-36.19,1991,4,"025525",38.4
140.8,-36.19,1991,5,"025525",10.6
140.8,-36.19,1991,6,"025525",116.8
140.8,-36.19,1991,7,"025525",61.8
140.8,-36.19,1991,8,"025525",93.6
140.8,-36.19,1991,9,"025525",68.4
140.8,-36.19,1991,10,"025525",4.6
140.8,-36.19,1991,11,"025525",32.6
140.8,-36.19,1991,12,"025525",3.4
140.8,-36.19,1992,1,"025525",4.8
140.8,-36.19,1992,2,"025525",6.2
140.8,-36.19,1992,3,"025525",38.6
140.8,-36.19,1992,4,"025525",55.4
140.8,-36.19,1992,5,"025525",48.6
140.8,-36.19,1992,6,"025525",37.8
140.8,-36.19,1992,7,"025525",44.4
140.8,-36.19,1992,8,"025525",99.2
140.8,-36.19,1992,9,"025525",96
140.8,-36.19,1992,10,"025525",66.2
140.8,-36.19,1992,11,"025525",55.8
140.8,-36.19,1992,12,"025525",53
140.8,-36.19,1993,1,"025525",11.4
140.8,-36.19,1993,2,"025525",10.2
140.8,-36.19,1993,3,"025525",11.4
140.8,-36.19,1993,4,"025525",0
140.8,-36.19,1993,5,"025525",38.2
140.8,-36.19,1993,6,"025525",39
140.8,-36.19,1993,7,"025525",78.4
140.8,-36.19,1993,8,"025525",49.2
140.8,-36.19,1993,9,"025525",71.8
140.8,-36.19,1993,10,"025525",50.2
140.8,-36.19,1993,11,"025525",34.4
140.8,-36.19,1993,12,"025525",37.6
140.8,-36.19,1994,1,"025525",23.2
140.8,-36.19,1994,2,"025525",22.4
140.8,-36.19,1994,3,"025525",0
140.8,-36.19,1994,4,"025525",15.2
140.8,-36.19,1994,5,"025525",46.8
140.8,-36.19,1994,6,"025525",57
140.8,-36.19,1994,7,"025525",66
140.8,-36.19,1994,8,"025525",27.8
140.8,-36.19,1994,9,"025525",31.6
140.8,-36.19,1994,10,"025525",39.8
140.8,-36.19,1994,11,"025525",24.8
140.8,-36.19,1994,12,"025525",8.2
140.8,-36.19,1995,1,"025525",32.2
140.8,-36.19,1995,2,"025525",20.6
140.8,-36.19,1995,3,"025525",1.2
140.8,-36.19,1995,4,"025525",57
140.8,-36.19,1995,5,"025525",56.6
140.8,-36.19,1995,6,"025525",96.8
140.8,-36.19,1995,7,"025525",90.8
140.8,-36.19,1995,8,"025525",27.8
140.8,-36.19,1995,9,"025525",14
140.8,-36.19,1995,10,"025525",63.4
140.8,-36.19,1995,11,"025525",7.8
140.8,-36.19,1995,12,"025525",5.2
140.8,-36.19,1996,1,"025525",33.2
140.8,-36.19,1996,2,"025525",21.2
140.8,-36.19,1996,3,"025525",26.4
140.8,-36.19,1996,4,"025525",24.8
140.8,-36.19,1996,5,"025525",21.4
140.8,-36.19,1996,6,"025525",105.2
140.8,-36.19,1996,7,"025525",74.2
140.8,-36.19,1996,8,"025525",81.2
140.8,-36.19,1996,9,"025525",87.8
140.8,-36.19,1996,10,"025525",26.2
140.8,-36.19,1996,11,"025525",10.4
140.8,-36.19,1996,12,"025525",23.6
140.8,-36.19,1997,1,"025525",15.6
140.8,-36.19,1997,2,"025525",6.6
140.8,-36.19,1997,3,"025525",17.2
140.8,-36.19,1997,4,"025525",2
140.8,-36.19,1997,5,"025525",63.4
140.8,-36.19,1997,6,"025525",15.4
140.8,-36.19,1997,7,"025525",20.8
140.8,-36.19,1997,8,"025525",59.4
140.8,-36.19,1997,9,"025525",70.2
140.8,-36.19,1997,10,"025525",25.4
140.8,-36.19,1997,11,"025525",44.2
140.8,-36.19,1997,12,"025525",5.4
140.8,-36.19,1998,1,"025525",28.2
140.8,-36.19,1998,2,"025525",19.4
140.8,-36.19,1998,3,"025525",4.8
140.8,-36.19,1998,4,"025525",64.4
140.8,-36.19,1998,5,"025525",32
140.8,-36.19,1998,6,"025525",48.4
140.8,-36.19,1998,7,"025525",65.6
140.8,-36.19,1998,8,"025525",24.2
140.8,-36.19,1998,9,"025525",64.2
140.8,-36.19,1998,10,"025525",52.8
140.8,-36.19,1998,11,"025525",24.2
140.8,-36.19,1998,12,"025525",21
140.8,-36.19,1999,1,"025525",NA
140.8,-36.19,1999,2,"025525",47.8
140.8,-36.19,1999,3,"025525",33.6
140.8,-36.19,1999,4,"025525",1.6
140.8,-36.19,1999,5,"025525",71.6
140.8,-36.19,1999,6,"025525",48.2
140.8,-36.19,1999,7,"025525",31.6
140.8,-36.19,1999,8,"025525",48.2
140.8,-36.19,1999,9,"025525",50.4
140.8,-36.19,1999,10,"025525",36.8
140.8,-36.19,1999,11,"025525",54.2
140.8,-36.19,1999,12,"025525",39.2
140.8,-36.19,2000,1,"025525",4.2
140.8,-36.19,2000,2,"025525",49.8
140.8,-36.19,2000,3,"025525",12.8
140.8,-36.19,2000,4,"025525",25.6
140.8,-36.19,2000,5,"025525",43.4
140.8,-36.19,2000,6,"025525",47.5
140.8,-36.19,2000,7,"025525",54.7
140.8,-36.19,2000,8,"025525",NA
140.8,-36.19,2000,9,"025525",72.2
140.8,-36.19,2000,10,"025525",43.2
140.8,-36.19,2000,11,"025525",23.8
140.8,-36.19,2000,12,"025525",17
140.8,-36.19,2001,1,"025525",14.8
140.8,-36.19,2001,2,"025525",13
140.8,-36.19,2001,3,"025525",NA
140.8,-36.19,2001,4,"025525",15.2
140.8,-36.19,2001,5,"025525",30.6
140.8,-36.19,2001,6,"025525",62.8
140.8,-36.19,2001,7,"025525",34.4
140.8,-36.19,2001,8,"025525",88.2
140.8,-36.19,2001,9,"025525",77
140.8,-36.19,2001,10,"025525",61.4
140.8,-36.19,2001,11,"025525",36.8
140.8,-36.19,2001,12,"025525",12.2
140.8,-36.19,2002,1,"025525",31
140.8,-36.19,2002,2,"025525",2
140.8,-36.19,2002,3,"025525",4.2
140.8,-36.19,2002,4,"025525",8.8
140.8,-36.19,2002,5,"025525",38.6
140.8,-36.19,2002,6,"025525",56.4
140.8,-36.19,2002,7,"025525",44.4
140.8,-36.19,2002,8,"025525",33.2
140.8,-36.19,2002,9,"025525",43.6
140.8,-36.19,2002,10,"025525",23
140.8,-36.19,2002,11,"025525",45.2
140.8,-36.19,2002,12,"025525",28.6
140.8,-36.19,2003,1,"025525",10.6
140.8,-36.19,2003,2,"025525",38.8
140.8,-36.19,2003,3,"025525",3
140.8,-36.19,2003,4,"025525",NA
140.8,-36.19,2003,5,"025525",33.2
140.8,-36.19,2003,6,"025525",83.4
140.8,-36.19,2003,7,"025525",62.4
140.8,-36.19,2003,8,"025525",90
140.8,-36.19,2003,9,"025525",54.6
140.8,-36.19,2003,10,"025525",45.8
140.8,-36.19,2003,11,"025525",10.4
140.8,-36.19,2003,12,"025525",56.8
140.8,-36.19,2004,1,"025525",12.6
140.8,-36.19,2004,2,"025525",2.8
140.8,-36.19,2004,3,"025525",25.4
140.8,-36.19,2004,4,"025525",NA
140.8,-36.19,2004,5,"025525",33.6
140.8,-36.19,2004,6,"025525",NA
140.8,-36.19,2004,7,"025525",50.8
140.8,-36.19,2004,8,"025525",67
140.8,-36.19,2004,9,"025525",35.2
140.8,-36.19,2004,10,"025525",5.4
140.8,-36.19,2004,11,"025525",46.4
140.8,-36.19,2004,12,"025525",24.4
140.8,-36.19,2005,1,"025525",6.6
140.8,-36.19,2005,2,"025525",16
140.8,-36.19,2005,3,"025525",9
140.8,-36.19,2005,4,"025525",12.8
140.8,-36.19,2005,5,"025525",13
140.8,-36.19,2005,6,"025525",63.8
140.8,-36.19,2005,7,"025525",25.2
140.8,-36.19,2005,8,"025525",81.2
140.8,-36.19,2005,9,"025525",34.6
140.8,-36.19,2005,10,"025525",NA
140.8,-36.19,2005,11,"025525",39.3
140.8,-36.19,2005,12,"025525",26.8
140.8,-36.19,2006,1,"025525",22.4
140.8,-36.19,2006,2,"025525",20.8
140.8,-36.19,2006,3,"025525",17.6
140.8,-36.19,2006,4,"025525",46.2
140.8,-36.19,2006,5,"025525",34
140.8,-36.19,2006,6,"025525",4.4
140.8,-36.19,2006,7,"025525",30
140.8,-36.19,2006,8,"025525",9.8
140.8,-36.19,2006,9,"025525",30.2
140.8,-36.19,2006,10,"025525",0.4
140.8,-36.19,2006,11,"025525",6
140.8,-36.19,2006,12,"025525",15.8
140.8,-36.19,2007,1,"025525",65.2
140.8,-36.19,2007,2,"025525",3.8
140.8,-36.19,2007,3,"025525",13
140.8,-36.19,2007,4,"025525",34.6
140.8,-36.19,2007,5,"025525",93.2
140.8,-36.19,2007,6,"025525",23.4
140.8,-36.19,2007,7,"025525",68.6
140.8,-36.19,2007,8,"025525",28.2
140.8,-36.19,2007,9,"025525",46.6
140.8,-36.19,2007,10,"025525",21.4
140.8,-36.19,2007,11,"025525",50.8
140.8,-36.19,2007,12,"025525",40.6
140.8,-36.19,2008,1,"025525",7.6
140.8,-36.19,2008,2,"025525",0.4
140.8,-36.19,2008,3,"025525",12.4
140.8,-36.19,2008,4,"025525",18.8
140.8,-36.19,2008,5,"025525",44.2
140.8,-36.19,2008,6,"025525",37
140.8,-36.19,2008,7,"025525",66
140.8,-36.19,2008,8,"025525",56.6
140.8,-36.19,2008,9,"025525",24
140.8,-36.19,2008,10,"025525",10.2
140.8,-36.19,2008,11,"025525",12.9
140.8,-36.19,2008,12,"025525",52.4
140.8,-36.19,2009,1,"025525",0.8
140.8,-36.19,2009,2,"025525",4
140.8,-36.19,2009,3,"025525",29.2
140.8,-36.19,2009,4,"025525",46.8
140.8,-36.19,2009,5,"025525",18
140.8,-36.19,2009,6,"025525",38.4
140.8,-36.19,2009,7,"025525",86.6
140.8,-36.19,2009,8,"025525",68.8
140.8,-36.19,2009,9,"025525",64.2
140.8,-36.19,2009,10,"025525",24.6
140.8,-36.19,2009,11,"025525",49.8
140.8,-36.19,2009,12,"025525",24.6
140.8,-36.19,2010,1,"025525",10.8
140.8,-36.19,2010,2,"025525",NA
140.8,-36.19,2010,3,"025525",31.4
140.8,-36.19,2010,4,"025525",60.8
140.8,-36.19,2010,5,"025525",21.6
140.8,-36.19,2010,6,"025525",33.4
140.8,-36.19,2010,7,"025525",33.4
140.8,-36.19,2010,8,"025525",108.6
140.8,-36.19,2010,9,"025525",48.6
140.8,-36.19,2010,10,"025525",29.8
140.8,-36.19,2010,11,"025525",54.6
140.8,-36.19,2010,12,"025525",113.3
140.8,-36.19,2011,1,"025525",98.8
140.8,-36.19,2011,2,"025525",47.4
140.8,-36.19,2011,3,"025525",49.6
140.8,-36.19,2011,4,"025525",17.6
140.8,-36.19,2011,5,"025525",26.4
140.8,-36.19,2011,6,"025525",41.6
140.8,-36.19,2011,7,"025525",53.6
140.8,-36.19,2011,8,"025525",47.8
140.8,-36.19,2011,9,"025525",22.4
140.8,-36.19,2011,10,"025525",32.8
140.8,-36.19,2011,11,"025525",33.8
140.8,-36.19,2011,12,"025525",23.6
140.8,-36.19,2012,1,"025525",11.4
140.8,-36.19,2012,2,"025525",0
140.8,-36.19,2012,3,"025525",44.2
140.8,-36.19,2012,4,"025525",13.2
140.8,-36.19,2012,5,"025525",50
140.8,-36.19,2012,6,"025525",78.6
140.8,-36.19,2012,7,"025525",50.4
140.8,-36.19,2012,8,"025525",57.7
140.8,-36.19,2012,9,"025525",26.6
140.8,-36.19,2012,10,"025525",14.4
140.8,-36.19,2012,11,"025525",12
140.8,-36.19,2012,12,"025525",30.7
140.8,-36.19,2013,1,"025525",4.4
140.8,-36.19,2013,2,"025525",23.2
140.8,-36.19,2013,3,"025525",9.8
140.8,-36.19,2013,4,"025525",9.8
140.8,-36.19,2013,5,"025525",48.5
140.8,-36.19,2013,6,"025525",90.8
140.8,-36.19,2013,7,"025525",78
140.8,-36.19,2013,8,"025525",76.8
140.8,-36.19,2013,9,"025525",50
140.8,-36.19,2013,10,"025525",33
140.8,-36.19,2013,11,"025525",8.6
140.8,-36.19,2013,12,"025525",5.6
140.8,-36.19,2014,1,"025525",9.4
140.8,-36.19,2014,2,"025525",14
140.8,-36.19,2014,3,"025525",10.8
140.8,-36.19,2014,4,"025525",44.8
140.8,-36.19,2014,5,"025525",36.8
140.8,-36.19,2014,6,"025525",68.3
140.8,-36.19,2014,7,"025525",48
140.8,-36.19,2014,8,"025525",26.4
140.8,-36.19,2014,9,"025525",12.8
140.8,-36.19,2014,10,"025525",7.8
140.8,-36.19,2014,11,"025525",24.4
140.8,-36.19,2014,12,"025525",10.2
140.8,-36.19,2015,1,"025525",42.2
140.8,-36.19,2015,2,"025525",2.6
140.8,-36.19,2015,3,"025525",6.8
140.8,-36.19,2015,4,"025525",24.2
140.8,-36.19,2015,5,"025525",53
140.8,-36.19,2015,6,"025525",28.1
140.8,-36.19,2015,7,"025525",45.6
140.8,-36.19,2015,8,"025525",35.2
140.8,-36.19,2015,9,"025525",24.4
140.8,-36.19,2015,10,"025525",5
140.8,-36.19,2015,11,"025525",22.2
140.8,-36.19,2015,12,"025525",11.8
140.8,-36.19,2016,1,"025525",43.2
140.8,-36.19,2016,2,"025525",24
140.8,-36.19,2016,3,"025525",26.2
140.8,-36.19,2016,4,"025525",10.2
140.8,-36.19,2016,5,"025525",68.2
140.8,-36.19,2016,6,"025525",56.2
140.8,-36.19,2016,7,"025525",96.4
140.8,-36.19,2016,8,"025525",55.2
140.8,-36.19,2016,9,"025525",116
140.8,-36.19,2016,10,"025525",NA
140.8,-36.19,2016,11,"025525",20.8
140.8,-36.19,2016,12,"025525",36.8
140.8,-36.19,2017,1,"025525",32.8
140.8,-36.19,2017,2,"025525",20.2
140.8,-36.19,2017,3,"025525",NA
140.8,-36.19,2017,4,"025525",NA
140.8,-36.19,2017,5,"025525",NA
140.8,-36.19,2017,6,"025525",NA
140.8,-36.19,2017,7,"025525",NA
140.8,-36.19,2017,8,"025525",NA
140.8,-36.19,2017,9,"025525",NA
140.8,-36.19,2017,10,"025525",NA
140.8,-36.19,2017,11,"025525",NA
140.8,-36.19,2017,12,"025525",NA
