"Lon","Lat","Year","Month","Station","Rain"
115.32,-33.66,1998,1,"009569",NA
115.32,-33.66,1998,2,"009569",NA
115.32,-33.66,1998,3,"009569",NA
115.32,-33.66,1998,4,"009569",NA
115.32,-33.66,1998,5,"009569",NA
115.32,-33.66,1998,6,"009569",NA
115.32,-33.66,1998,7,"009569",120.4
115.32,-33.66,1998,8,"009569",186
115.32,-33.66,1998,9,"009569",109.2
115.32,-33.66,1998,10,"009569",31.6
115.32,-33.66,1998,11,"009569",5
115.32,-33.66,1998,12,"009569",0.2
115.32,-33.66,1999,1,"009569",1
115.32,-33.66,1999,2,"009569",0
115.32,-33.66,1999,3,"009569",18.2
115.32,-33.66,1999,4,"009569",19.2
115.32,-33.66,1999,5,"009569",200.8
115.32,-33.66,1999,6,"009569",262.8
115.32,-33.66,1999,7,"009569",234.2
115.32,-33.66,1999,8,"009569",115.8
115.32,-33.66,1999,9,"009569",118.4
115.32,-33.66,1999,10,"009569",79
115.32,-33.66,1999,11,"009569",1
115.32,-33.66,1999,12,"009569",8.8
115.32,-33.66,2000,1,"009569",40
115.32,-33.66,2000,2,"009569",1
115.32,-33.66,2000,3,"009569",36.2
115.32,-33.66,2000,4,"009569",62.4
115.32,-33.66,2000,5,"009569",54.8
115.32,-33.66,2000,6,"009569",180.2
115.32,-33.66,2000,7,"009569",180.8
115.32,-33.66,2000,8,"009569",174.6
115.32,-33.66,2000,9,"009569",73.8
115.32,-33.66,2000,10,"009569",23.6
115.32,-33.66,2000,11,"009569",28.6
115.32,-33.66,2000,12,"009569",5.2
115.32,-33.66,2001,1,"009569",0.6
115.32,-33.66,2001,2,"009569",1
115.32,-33.66,2001,3,"009569",2.2
115.32,-33.66,2001,4,"009569",3.6
115.32,-33.66,2001,5,"009569",67
115.32,-33.66,2001,6,"009569",33.2
115.32,-33.66,2001,7,"009569",53.6
115.32,-33.66,2001,8,"009569",84
115.32,-33.66,2001,9,"009569",102.6
115.32,-33.66,2001,10,"009569",11.4
115.32,-33.66,2001,11,"009569",26.2
115.32,-33.66,2001,12,"009569",53.2
115.32,-33.66,2002,1,"009569",5.2
115.32,-33.66,2002,2,"009569",1.6
115.32,-33.66,2002,3,"009569",2
115.32,-33.66,2002,4,"009569",51.6
115.32,-33.66,2002,5,"009569",53.2
115.32,-33.66,2002,6,"009569",109.8
115.32,-33.66,2002,7,"009569",140
115.32,-33.66,2002,8,"009569",109.6
115.32,-33.66,2002,9,"009569",46
115.32,-33.66,2002,10,"009569",45.8
115.32,-33.66,2002,11,"009569",9.2
115.32,-33.66,2002,12,"009569",0.4
115.32,-33.66,2003,1,"009569",5
115.32,-33.66,2003,2,"009569",18.2
115.32,-33.66,2003,3,"009569",14
115.32,-33.66,2003,4,"009569",50.4
115.32,-33.66,2003,5,"009569",111.2
115.32,-33.66,2003,6,"009569",96.4
115.32,-33.66,2003,7,"009569",139
115.32,-33.66,2003,8,"009569",134
115.32,-33.66,2003,9,"009569",135.2
115.32,-33.66,2003,10,"009569",33.2
115.32,-33.66,2003,11,"009569",16.8
115.32,-33.66,2003,12,"009569",1
115.32,-33.66,2004,1,"009569",0.6
115.32,-33.66,2004,2,"009569",3
115.32,-33.66,2004,3,"009569",3.6
115.32,-33.66,2004,4,"009569",18.8
115.32,-33.66,2004,5,"009569",139.6
115.32,-33.66,2004,6,"009569",144.8
115.32,-33.66,2004,7,"009569",121.4
115.32,-33.66,2004,8,"009569",142.4
115.32,-33.66,2004,9,"009569",16
115.32,-33.66,2004,10,"009569",21
115.32,-33.66,2004,11,"009569",45.4
115.32,-33.66,2004,12,"009569",8.8
115.32,-33.66,2005,1,"009569",0.4
115.32,-33.66,2005,2,"009569",2.4
115.32,-33.66,2005,3,"009569",20
115.32,-33.66,2005,4,"009569",56.8
115.32,-33.66,2005,5,"009569",176.8
115.32,-33.66,2005,6,"009569",162.3
115.32,-33.66,2005,7,"009569",65.2
115.32,-33.66,2005,8,"009569",92
115.32,-33.66,2005,9,"009569",95.6
115.32,-33.66,2005,10,"009569",68.2
115.32,-33.66,2005,11,"009569",35
115.32,-33.66,2005,12,"009569",13
115.32,-33.66,2006,1,"009569",38
115.32,-33.66,2006,2,"009569",1.4
115.32,-33.66,2006,3,"009569",9.6
115.32,-33.66,2006,4,"009569",20.8
115.32,-33.66,2006,5,"009569",20.2
115.32,-33.66,2006,6,"009569",71.2
115.32,-33.66,2006,7,"009569",106.4
115.32,-33.66,2006,8,"009569",137.8
115.32,-33.66,2006,9,"009569",25
115.32,-33.66,2006,10,"009569",22.4
115.32,-33.66,2006,11,"009569",34.8
115.32,-33.66,2006,12,"009569",1.2
115.32,-33.66,2007,1,"009569",12
115.32,-33.66,2007,2,"009569",9.2
115.32,-33.66,2007,3,"009569",15.4
115.32,-33.66,2007,4,"009569",42.6
115.32,-33.66,2007,5,"009569",37.6
115.32,-33.66,2007,6,"009569",106.6
115.32,-33.66,2007,7,"009569",174
115.32,-33.66,2007,8,"009569",102
115.32,-33.66,2007,9,"009569",121.6
115.32,-33.66,2007,10,"009569",43.2
115.32,-33.66,2007,11,"009569",6.8
115.32,-33.66,2007,12,"009569",22.8
115.32,-33.66,2008,1,"009569",0.2
115.32,-33.66,2008,2,"009569",2.4
115.32,-33.66,2008,3,"009569",11.6
115.32,-33.66,2008,4,"009569",80.2
115.32,-33.66,2008,5,"009569",162.2
115.32,-33.66,2008,6,"009569",108
115.32,-33.66,2008,7,"009569",185.4
115.32,-33.66,2008,8,"009569",26.6
115.32,-33.66,2008,9,"009569",59.6
115.32,-33.66,2008,10,"009569",39.2
115.32,-33.66,2008,11,"009569",27.6
115.32,-33.66,2008,12,"009569",3.2
115.32,-33.66,2009,1,"009569",6.2
115.32,-33.66,2009,2,"009569",6.2
115.32,-33.66,2009,3,"009569",5.2
115.32,-33.66,2009,4,"009569",1
115.32,-33.66,2009,5,"009569",61.4
115.32,-33.66,2009,6,"009569",244
115.32,-33.66,2009,7,"009569",159
115.32,-33.66,2009,8,"009569",95.8
115.32,-33.66,2009,9,"009569",125.6
115.32,-33.66,2009,10,"009569",11.8
115.32,-33.66,2009,11,"009569",49.8
115.32,-33.66,2009,12,"009569",1.4
115.32,-33.66,2010,1,"009569",0.2
115.32,-33.66,2010,2,"009569",6
115.32,-33.66,2010,3,"009569",8
115.32,-33.66,2010,4,"009569",59.2
115.32,-33.66,2010,5,"009569",85.6
115.32,-33.66,2010,6,"009569",83.8
115.32,-33.66,2010,7,"009569",NA
115.32,-33.66,2010,8,"009569",89.2
115.32,-33.66,2010,9,"009569",20.2
115.32,-33.66,2010,10,"009569",5.6
115.32,-33.66,2010,11,"009569",39.2
115.32,-33.66,2010,12,"009569",6.2
115.32,-33.66,2011,1,"009569",80.6
115.32,-33.66,2011,2,"009569",0.2
115.32,-33.66,2011,3,"009569",0.4
115.32,-33.66,2011,4,"009569",58.2
115.32,-33.66,2011,5,"009569",49.6
115.32,-33.66,2011,6,"009569",133.8
115.32,-33.66,2011,7,"009569",150.4
115.32,-33.66,2011,8,"009569",92.6
115.32,-33.66,2011,9,"009569",NA
115.32,-33.66,2011,10,"009569",NA
115.32,-33.66,2011,11,"009569",NA
115.32,-33.66,2011,12,"009569",NA
