"Lon","Lat","Year","Month","Station","Rain"
120.95,-26.4,1929,1,"013006",NA
120.95,-26.4,1929,2,"013006",NA
120.95,-26.4,1929,3,"013006",158.3
120.95,-26.4,1929,4,"013006",0
120.95,-26.4,1929,5,"013006",62.5
120.95,-26.4,1929,6,"013006",4
120.95,-26.4,1929,7,"013006",0
120.95,-26.4,1929,8,"013006",8.9
120.95,-26.4,1929,9,"013006",0
120.95,-26.4,1929,10,"013006",7.1
120.95,-26.4,1929,11,"013006",0
120.95,-26.4,1929,12,"013006",2.3
120.95,-26.4,1930,1,"013006",0
120.95,-26.4,1930,2,"013006",43
120.95,-26.4,1930,3,"013006",7.9
120.95,-26.4,1930,4,"013006",35.3
120.95,-26.4,1930,5,"013006",4.8
120.95,-26.4,1930,6,"013006",0
120.95,-26.4,1930,7,"013006",0
120.95,-26.4,1930,8,"013006",22.3
120.95,-26.4,1930,9,"013006",1.5
120.95,-26.4,1930,10,"013006",13.4
120.95,-26.4,1930,11,"013006",31.5
120.95,-26.4,1930,12,"013006",138.4
120.95,-26.4,1931,1,"013006",37.3
120.95,-26.4,1931,2,"013006",18.8
120.95,-26.4,1931,3,"013006",61.2
120.95,-26.4,1931,4,"013006",20.3
120.95,-26.4,1931,5,"013006",118.8
120.95,-26.4,1931,6,"013006",57.1
120.95,-26.4,1931,7,"013006",44
120.95,-26.4,1931,8,"013006",9.1
120.95,-26.4,1931,9,"013006",2.3
120.95,-26.4,1931,10,"013006",8.9
120.95,-26.4,1931,11,"013006",12
120.95,-26.4,1931,12,"013006",3.8
120.95,-26.4,1932,1,"013006",7.7
120.95,-26.4,1932,2,"013006",3.8
120.95,-26.4,1932,3,"013006",28.5
120.95,-26.4,1932,4,"013006",12.5
120.95,-26.4,1932,5,"013006",7.9
120.95,-26.4,1932,6,"013006",1.1
120.95,-26.4,1932,7,"013006",2.8
120.95,-26.4,1932,8,"013006",10.5
120.95,-26.4,1932,9,"013006",0
120.95,-26.4,1932,10,"013006",3.6
120.95,-26.4,1932,11,"013006",0
120.95,-26.4,1932,12,"013006",67.6
120.95,-26.4,1933,1,"013006",2.8
120.95,-26.4,1933,2,"013006",0.8
120.95,-26.4,1933,3,"013006",19.5
120.95,-26.4,1933,4,"013006",30.9
120.95,-26.4,1933,5,"013006",17
120.95,-26.4,1933,6,"013006",2.5
120.95,-26.4,1933,7,"013006",16
120.95,-26.4,1933,8,"013006",14.8
120.95,-26.4,1933,9,"013006",11.7
120.95,-26.4,1933,10,"013006",0
120.95,-26.4,1933,11,"013006",10.8
120.95,-26.4,1933,12,"013006",14
120.95,-26.4,1934,1,"013006",0
120.95,-26.4,1934,2,"013006",17
120.95,-26.4,1934,3,"013006",210.1
120.95,-26.4,1934,4,"013006",81.2
120.95,-26.4,1934,5,"013006",1.1
120.95,-26.4,1934,6,"013006",8.1
120.95,-26.4,1934,7,"013006",1.1
120.95,-26.4,1934,8,"013006",0
120.95,-26.4,1934,9,"013006",0.8
120.95,-26.4,1934,10,"013006",0
120.95,-26.4,1934,11,"013006",0
120.95,-26.4,1934,12,"013006",16.7
120.95,-26.4,1935,1,"013006",14.4
120.95,-26.4,1935,2,"013006",45.8
120.95,-26.4,1935,3,"013006",15
120.95,-26.4,1935,4,"013006",0
120.95,-26.4,1935,5,"013006",2.5
120.95,-26.4,1935,6,"013006",0.3
120.95,-26.4,1935,7,"013006",9.9
120.95,-26.4,1935,8,"013006",4.8
120.95,-26.4,1935,9,"013006",0
120.95,-26.4,1935,10,"013006",33
120.95,-26.4,1935,11,"013006",13.2
120.95,-26.4,1935,12,"013006",4.5
120.95,-26.4,1936,1,"013006",4.1
120.95,-26.4,1936,2,"013006",4.6
120.95,-26.4,1936,3,"013006",0
120.95,-26.4,1936,4,"013006",0
120.95,-26.4,1936,5,"013006",0
120.95,-26.4,1936,6,"013006",0
120.95,-26.4,1936,7,"013006",0
120.95,-26.4,1936,8,"013006",0
120.95,-26.4,1936,9,"013006",0
120.95,-26.4,1936,10,"013006",0
120.95,-26.4,1936,11,"013006",39.8
120.95,-26.4,1936,12,"013006",5.4
120.95,-26.4,1937,1,"013006",21.6
120.95,-26.4,1937,2,"013006",2.8
120.95,-26.4,1937,3,"013006",47.7
120.95,-26.4,1937,4,"013006",7.6
120.95,-26.4,1937,5,"013006",2.5
120.95,-26.4,1937,6,"013006",8.9
120.95,-26.4,1937,7,"013006",0
120.95,-26.4,1937,8,"013006",0
120.95,-26.4,1937,9,"013006",0
120.95,-26.4,1937,10,"013006",6.4
120.95,-26.4,1937,11,"013006",71.8
120.95,-26.4,1937,12,"013006",7.6
120.95,-26.4,1938,1,"013006",17.2
120.95,-26.4,1938,2,"013006",17.8
120.95,-26.4,1938,3,"013006",8.4
120.95,-26.4,1938,4,"013006",0.8
120.95,-26.4,1938,5,"013006",36.9
120.95,-26.4,1938,6,"013006",25.7
120.95,-26.4,1938,7,"013006",0
120.95,-26.4,1938,8,"013006",0
120.95,-26.4,1938,9,"013006",0
120.95,-26.4,1938,10,"013006",1.5
120.95,-26.4,1938,11,"013006",0
120.95,-26.4,1938,12,"013006",11.5
120.95,-26.4,1939,1,"013006",46.4
120.95,-26.4,1939,2,"013006",1.5
120.95,-26.4,1939,3,"013006",26.2
120.95,-26.4,1939,4,"013006",11.9
120.95,-26.4,1939,5,"013006",10.9
120.95,-26.4,1939,6,"013006",10.4
120.95,-26.4,1939,7,"013006",0
120.95,-26.4,1939,8,"013006",4.1
120.95,-26.4,1939,9,"013006",0
120.95,-26.4,1939,10,"013006",6.8
120.95,-26.4,1939,11,"013006",5.6
120.95,-26.4,1939,12,"013006",21.3
120.95,-26.4,1940,1,"013006",16.1
120.95,-26.4,1940,2,"013006",0
120.95,-26.4,1940,3,"013006",0.5
120.95,-26.4,1940,4,"013006",1.3
120.95,-26.4,1940,5,"013006",0
120.95,-26.4,1940,6,"013006",0
120.95,-26.4,1940,7,"013006",3
120.95,-26.4,1940,8,"013006",11.2
120.95,-26.4,1940,9,"013006",2.5
120.95,-26.4,1940,10,"013006",6.6
120.95,-26.4,1940,11,"013006",0
120.95,-26.4,1940,12,"013006",10.2
120.95,-26.4,1941,1,"013006",0
120.95,-26.4,1941,2,"013006",65.2
120.95,-26.4,1941,3,"013006",2.5
120.95,-26.4,1941,4,"013006",47.4
120.95,-26.4,1941,5,"013006",24.9
120.95,-26.4,1941,6,"013006",9.2
120.95,-26.4,1941,7,"013006",46.7
120.95,-26.4,1941,8,"013006",19.5
120.95,-26.4,1941,9,"013006",0
120.95,-26.4,1941,10,"013006",16.8
120.95,-26.4,1941,11,"013006",10
120.95,-26.4,1941,12,"013006",69.1
120.95,-26.4,1942,1,"013006",133.7
120.95,-26.4,1942,2,"013006",4.6
120.95,-26.4,1942,3,"013006",213.9
120.95,-26.4,1942,4,"013006",6.3
120.95,-26.4,1942,5,"013006",131.4
120.95,-26.4,1942,6,"013006",28.7
120.95,-26.4,1942,7,"013006",0
120.95,-26.4,1942,8,"013006",0
120.95,-26.4,1942,9,"013006",0
120.95,-26.4,1942,10,"013006",0
120.95,-26.4,1942,11,"013006",0
120.95,-26.4,1942,12,"013006",48.5
120.95,-26.4,1943,1,"013006",13.5
120.95,-26.4,1943,2,"013006",11.2
120.95,-26.4,1943,3,"013006",25.2
120.95,-26.4,1943,4,"013006",43.7
120.95,-26.4,1943,5,"013006",0
120.95,-26.4,1943,6,"013006",5.3
120.95,-26.4,1943,7,"013006",0
120.95,-26.4,1943,8,"013006",0
120.95,-26.4,1943,9,"013006",0
120.95,-26.4,1943,10,"013006",0
120.95,-26.4,1943,11,"013006",1.3
120.95,-26.4,1943,12,"013006",4.4
120.95,-26.4,1944,1,"013006",0
120.95,-26.4,1944,2,"013006",0
120.95,-26.4,1944,3,"013006",13.2
120.95,-26.4,1944,4,"013006",36.3
120.95,-26.4,1944,5,"013006",1.5
120.95,-26.4,1944,6,"013006",6.4
120.95,-26.4,1944,7,"013006",1.8
120.95,-26.4,1944,8,"013006",0
120.95,-26.4,1944,9,"013006",0
120.95,-26.4,1944,10,"013006",13
120.95,-26.4,1944,11,"013006",10.7
120.95,-26.4,1944,12,"013006",1.5
120.95,-26.4,1945,1,"013006",21.4
120.95,-26.4,1945,2,"013006",6.1
120.95,-26.4,1945,3,"013006",18.2
120.95,-26.4,1945,4,"013006",0
120.95,-26.4,1945,5,"013006",4.3
120.95,-26.4,1945,6,"013006",55.1
120.95,-26.4,1945,7,"013006",55.1
120.95,-26.4,1945,8,"013006",0
120.95,-26.4,1945,9,"013006",8.6
120.95,-26.4,1945,10,"013006",0
120.95,-26.4,1945,11,"013006",0
120.95,-26.4,1945,12,"013006",10.6
120.95,-26.4,1946,1,"013006",30
120.95,-26.4,1946,2,"013006",95.3
120.95,-26.4,1946,3,"013006",31.7
120.95,-26.4,1946,4,"013006",31.7
120.95,-26.4,1946,5,"013006",13.7
120.95,-26.4,1946,6,"013006",14
120.95,-26.4,1946,7,"013006",13
120.95,-26.4,1946,8,"013006",0
120.95,-26.4,1946,9,"013006",0
120.95,-26.4,1946,10,"013006",0
120.95,-26.4,1946,11,"013006",1.8
120.95,-26.4,1946,12,"013006",2.5
120.95,-26.4,1947,1,"013006",47
120.95,-26.4,1947,2,"013006",217.2
120.95,-26.4,1947,3,"013006",31.3
120.95,-26.4,1947,4,"013006",6.9
120.95,-26.4,1947,5,"013006",20
120.95,-26.4,1947,6,"013006",0.5
120.95,-26.4,1947,7,"013006",22.7
120.95,-26.4,1947,8,"013006",74.1
120.95,-26.4,1947,9,"013006",1.5
120.95,-26.4,1947,10,"013006",14.5
120.95,-26.4,1947,11,"013006",9.7
120.95,-26.4,1947,12,"013006",17.8
120.95,-26.4,1948,1,"013006",1.8
120.95,-26.4,1948,2,"013006",22.4
120.95,-26.4,1948,3,"013006",59.5
120.95,-26.4,1948,4,"013006",41.1
120.95,-26.4,1948,5,"013006",17.8
120.95,-26.4,1948,6,"013006",7.3
120.95,-26.4,1948,7,"013006",15
120.95,-26.4,1948,8,"013006",0.3
120.95,-26.4,1948,9,"013006",3.3
120.95,-26.4,1948,10,"013006",0
120.95,-26.4,1948,11,"013006",15.3
120.95,-26.4,1948,12,"013006",26.1
120.95,-26.4,1949,1,"013006",6.1
120.95,-26.4,1949,2,"013006",77.8
120.95,-26.4,1949,3,"013006",0
120.95,-26.4,1949,4,"013006",0
120.95,-26.4,1949,5,"013006",49.4
120.95,-26.4,1949,6,"013006",24.7
120.95,-26.4,1949,7,"013006",2
120.95,-26.4,1949,8,"013006",6.4
120.95,-26.4,1949,9,"013006",0
120.95,-26.4,1949,10,"013006",0
120.95,-26.4,1949,11,"013006",38.1
120.95,-26.4,1949,12,"013006",25.4
120.95,-26.4,1950,1,"013006",33.6
120.95,-26.4,1950,2,"013006",2.5
120.95,-26.4,1950,3,"013006",0
120.95,-26.4,1950,4,"013006",0
120.95,-26.4,1950,5,"013006",40
120.95,-26.4,1950,6,"013006",10
120.95,-26.4,1950,7,"013006",10.2
120.95,-26.4,1950,8,"013006",0
120.95,-26.4,1950,9,"013006",0
120.95,-26.4,1950,10,"013006",3.8
120.95,-26.4,1950,11,"013006",16.7
120.95,-26.4,1950,12,"013006",0
120.95,-26.4,1951,1,"013006",10.9
120.95,-26.4,1951,2,"013006",4.6
120.95,-26.4,1951,3,"013006",3.1
120.95,-26.4,1951,4,"013006",12.5
120.95,-26.4,1951,5,"013006",1
120.95,-26.4,1951,6,"013006",88.3
120.95,-26.4,1951,7,"013006",14.8
120.95,-26.4,1951,8,"013006",1.5
120.95,-26.4,1951,9,"013006",0
120.95,-26.4,1951,10,"013006",0
120.95,-26.4,1951,11,"013006",0
120.95,-26.4,1951,12,"013006",9.4
120.95,-26.4,1952,1,"013006",53.6
120.95,-26.4,1952,2,"013006",9.2
120.95,-26.4,1952,3,"013006",13
120.95,-26.4,1952,4,"013006",5.1
120.95,-26.4,1952,5,"013006",98.8
120.95,-26.4,1952,6,"013006",8.6
120.95,-26.4,1952,7,"013006",13.9
120.95,-26.4,1952,8,"013006",0
120.95,-26.4,1952,9,"013006",0
120.95,-26.4,1952,10,"013006",2.5
120.95,-26.4,1952,11,"013006",6.1
120.95,-26.4,1952,12,"013006",0
120.95,-26.4,1953,1,"013006",3.8
120.95,-26.4,1953,2,"013006",0
120.95,-26.4,1953,3,"013006",28.8
120.95,-26.4,1953,4,"013006",0
120.95,-26.4,1953,5,"013006",38.1
120.95,-26.4,1953,6,"013006",11.7
120.95,-26.4,1953,7,"013006",7.1
120.95,-26.4,1953,8,"013006",0
120.95,-26.4,1953,9,"013006",3.8
120.95,-26.4,1953,10,"013006",10.2
120.95,-26.4,1953,11,"013006",2
120.95,-26.4,1953,12,"013006",68.3
120.95,-26.4,1954,1,"013006",2
120.95,-26.4,1954,2,"013006",0
120.95,-26.4,1954,3,"013006",1.8
120.95,-26.4,1954,4,"013006",38.1
120.95,-26.4,1954,5,"013006",36.8
120.95,-26.4,1954,6,"013006",56.4
120.95,-26.4,1954,7,"013006",7.4
120.95,-26.4,1954,8,"013006",8.9
120.95,-26.4,1954,9,"013006",0
120.95,-26.4,1954,10,"013006",7.4
120.95,-26.4,1954,11,"013006",3.3
120.95,-26.4,1954,12,"013006",7.9
120.95,-26.4,1955,1,"013006",169.1
120.95,-26.4,1955,2,"013006",19
120.95,-26.4,1955,3,"013006",36
120.95,-26.4,1955,4,"013006",37.5
120.95,-26.4,1955,5,"013006",16.8
120.95,-26.4,1955,6,"013006",79.8
120.95,-26.4,1955,7,"013006",42
120.95,-26.4,1955,8,"013006",7.9
120.95,-26.4,1955,9,"013006",35
120.95,-26.4,1955,10,"013006",0
120.95,-26.4,1955,11,"013006",10.2
120.95,-26.4,1955,12,"013006",5.6
120.95,-26.4,1956,1,"013006",9.7
120.95,-26.4,1956,2,"013006",6.6
120.95,-26.4,1956,3,"013006",5.6
120.95,-26.4,1956,4,"013006",0
120.95,-26.4,1956,5,"013006",8.6
120.95,-26.4,1956,6,"013006",6.9
120.95,-26.4,1956,7,"013006",17.7
120.95,-26.4,1956,8,"013006",10.2
120.95,-26.4,1956,9,"013006",0
120.95,-26.4,1956,10,"013006",7.4
120.95,-26.4,1956,11,"013006",16.8
120.95,-26.4,1956,12,"013006",7.1
120.95,-26.4,1957,1,"013006",5.4
120.95,-26.4,1957,2,"013006",10.2
120.95,-26.4,1957,3,"013006",0.8
120.95,-26.4,1957,4,"013006",0
120.95,-26.4,1957,5,"013006",1.8
120.95,-26.4,1957,6,"013006",1.9
120.95,-26.4,1957,7,"013006",0
120.95,-26.4,1957,8,"013006",0.8
120.95,-26.4,1957,9,"013006",1.5
120.95,-26.4,1957,10,"013006",5.6
120.95,-26.4,1957,11,"013006",7.4
120.95,-26.4,1957,12,"013006",35.3
120.95,-26.4,1958,1,"013006",63.5
120.95,-26.4,1958,2,"013006",0
120.95,-26.4,1958,3,"013006",201.2
120.95,-26.4,1958,4,"013006",1.5
120.95,-26.4,1958,5,"013006",17.2
120.95,-26.4,1958,6,"013006",46.5
120.95,-26.4,1958,7,"013006",6.9
120.95,-26.4,1958,8,"013006",18.9
120.95,-26.4,1958,9,"013006",14.4
120.95,-26.4,1958,10,"013006",0.5
120.95,-26.4,1958,11,"013006",25.6
120.95,-26.4,1958,12,"013006",29
120.95,-26.4,1959,1,"013006",7.5
120.95,-26.4,1959,2,"013006",10.3
120.95,-26.4,1959,3,"013006",0.8
120.95,-26.4,1959,4,"013006",23.4
120.95,-26.4,1959,5,"013006",5.1
120.95,-26.4,1959,6,"013006",14.1
120.95,-26.4,1959,7,"013006",0
120.95,-26.4,1959,8,"013006",0
120.95,-26.4,1959,9,"013006",6.4
120.95,-26.4,1959,10,"013006",0
120.95,-26.4,1959,11,"013006",1.3
120.95,-26.4,1959,12,"013006",19.7
120.95,-26.4,1960,1,"013006",46.3
120.95,-26.4,1960,2,"013006",203.3
120.95,-26.4,1960,3,"013006",44.2
120.95,-26.4,1960,4,"013006",12.5
120.95,-26.4,1960,5,"013006",0.5
120.95,-26.4,1960,6,"013006",19.3
120.95,-26.4,1960,7,"013006",15.4
120.95,-26.4,1960,8,"013006",0
120.95,-26.4,1960,9,"013006",4.6
120.95,-26.4,1960,10,"013006",2.5
120.95,-26.4,1960,11,"013006",2.5
120.95,-26.4,1960,12,"013006",0
120.95,-26.4,1961,1,"013006",31.5
120.95,-26.4,1961,2,"013006",50
120.95,-26.4,1961,3,"013006",5.1
120.95,-26.4,1961,4,"013006",33.1
120.95,-26.4,1961,5,"013006",4.3
120.95,-26.4,1961,6,"013006",10.7
120.95,-26.4,1961,7,"013006",0
120.95,-26.4,1961,8,"013006",1.5
120.95,-26.4,1961,9,"013006",0
120.95,-26.4,1961,10,"013006",0
120.95,-26.4,1961,11,"013006",0
120.95,-26.4,1961,12,"013006",6.6
120.95,-26.4,1962,1,"013006",1
120.95,-26.4,1962,2,"013006",49.3
120.95,-26.4,1962,3,"013006",20.3
120.95,-26.4,1962,4,"013006",0
120.95,-26.4,1962,5,"013006",4.3
120.95,-26.4,1962,6,"013006",2
120.95,-26.4,1962,7,"013006",5.6
120.95,-26.4,1962,8,"013006",0
120.95,-26.4,1962,9,"013006",0
120.95,-26.4,1962,10,"013006",1.3
120.95,-26.4,1962,11,"013006",0
120.95,-26.4,1962,12,"013006",10.6
120.95,-26.4,1963,1,"013006",22.1
120.95,-26.4,1963,2,"013006",73.5
120.95,-26.4,1963,3,"013006",63.5
120.95,-26.4,1963,4,"013006",3
120.95,-26.4,1963,5,"013006",17.1
120.95,-26.4,1963,6,"013006",5.1
120.95,-26.4,1963,7,"013006",4.6
120.95,-26.4,1963,8,"013006",0
120.95,-26.4,1963,9,"013006",0
120.95,-26.4,1963,10,"013006",1.3
120.95,-26.4,1963,11,"013006",11.7
120.95,-26.4,1963,12,"013006",12.9
120.95,-26.4,1964,1,"013006",14.7
120.95,-26.4,1964,2,"013006",13.2
120.95,-26.4,1964,3,"013006",0
120.95,-26.4,1964,4,"013006",45.2
120.95,-26.4,1964,5,"013006",10.4
120.95,-26.4,1964,6,"013006",12.7
120.95,-26.4,1964,7,"013006",0
120.95,-26.4,1964,8,"013006",0
120.95,-26.4,1964,9,"013006",3.3
120.95,-26.4,1964,10,"013006",0
120.95,-26.4,1964,11,"013006",23.7
120.95,-26.4,1964,12,"013006",0
120.95,-26.4,1965,1,"013006",3.8
120.95,-26.4,1965,2,"013006",7.7
120.95,-26.4,1965,3,"013006",165.4
120.95,-26.4,1965,4,"013006",0
120.95,-26.4,1965,5,"013006",8.7
120.95,-26.4,1965,6,"013006",35.5
120.95,-26.4,1965,7,"013006",0
120.95,-26.4,1965,8,"013006",76
120.95,-26.4,1965,9,"013006",0
120.95,-26.4,1965,10,"013006",3.8
120.95,-26.4,1965,11,"013006",66.1
120.95,-26.4,1965,12,"013006",3.3
120.95,-26.4,1966,1,"013006",7.6
120.95,-26.4,1966,2,"013006",77
120.95,-26.4,1966,3,"013006",7.4
120.95,-26.4,1966,4,"013006",107.1
120.95,-26.4,1966,5,"013006",1.5
120.95,-26.4,1966,6,"013006",2.5
120.95,-26.4,1966,7,"013006",0
120.95,-26.4,1966,8,"013006",9.9
120.95,-26.4,1966,9,"013006",0
120.95,-26.4,1966,10,"013006",11.2
120.95,-26.4,1966,11,"013006",6.6
120.95,-26.4,1966,12,"013006",3.6
120.95,-26.4,1967,1,"013006",25.1
120.95,-26.4,1967,2,"013006",80.8
120.95,-26.4,1967,3,"013006",0
120.95,-26.4,1967,4,"013006",1.3
120.95,-26.4,1967,5,"013006",57.3
120.95,-26.4,1967,6,"013006",1.5
120.95,-26.4,1967,7,"013006",0
120.95,-26.4,1967,8,"013006",0
120.95,-26.4,1967,9,"013006",0
120.95,-26.4,1967,10,"013006",3.3
120.95,-26.4,1967,11,"013006",12.2
120.95,-26.4,1967,12,"013006",41.4
120.95,-26.4,1968,1,"013006",6.4
120.95,-26.4,1968,2,"013006",43.7
120.95,-26.4,1968,3,"013006",111.1
120.95,-26.4,1968,4,"013006",15.2
120.95,-26.4,1968,5,"013006",24.4
120.95,-26.4,1968,6,"013006",46.3
120.95,-26.4,1968,7,"013006",19.6
120.95,-26.4,1968,8,"013006",0
120.95,-26.4,1968,9,"013006",5.8
120.95,-26.4,1968,10,"013006",0
120.95,-26.4,1968,11,"013006",0
120.95,-26.4,1968,12,"013006",9.4
120.95,-26.4,1969,1,"013006",17.9
120.95,-26.4,1969,2,"013006",47.3
120.95,-26.4,1969,3,"013006",0
120.95,-26.4,1969,4,"013006",0
120.95,-26.4,1969,5,"013006",46.7
120.95,-26.4,1969,6,"013006",2.3
120.95,-26.4,1969,7,"013006",0
120.95,-26.4,1969,8,"013006",0
120.95,-26.4,1969,9,"013006",0
120.95,-26.4,1969,10,"013006",0
120.95,-26.4,1969,11,"013006",4.8
120.95,-26.4,1969,12,"013006",0
120.95,-26.4,1970,1,"013006",18.5
120.95,-26.4,1970,2,"013006",5.1
120.95,-26.4,1970,3,"013006",11
120.95,-26.4,1970,4,"013006",14.3
120.95,-26.4,1970,5,"013006",98.5
120.95,-26.4,1970,6,"013006",3.8
120.95,-26.4,1970,7,"013006",0
120.95,-26.4,1970,8,"013006",0
120.95,-26.4,1970,9,"013006",13.4
120.95,-26.4,1970,10,"013006",0
120.95,-26.4,1970,11,"013006",0
120.95,-26.4,1970,12,"013006",6.6
120.95,-26.4,1971,1,"013006",0
120.95,-26.4,1971,2,"013006",0
120.95,-26.4,1971,3,"013006",17.5
120.95,-26.4,1971,4,"013006",0
120.95,-26.4,1971,5,"013006",0
120.95,-26.4,1971,6,"013006",86.8
120.95,-26.4,1971,7,"013006",11.7
120.95,-26.4,1971,8,"013006",0
120.95,-26.4,1971,9,"013006",0
120.95,-26.4,1971,10,"013006",0
120.95,-26.4,1971,11,"013006",0
120.95,-26.4,1971,12,"013006",0
120.95,-26.4,1972,1,"013006",6.1
120.95,-26.4,1972,2,"013006",11.4
120.95,-26.4,1972,3,"013006",70.9
120.95,-26.4,1972,4,"013006",0
120.95,-26.4,1972,5,"013006",0
120.95,-26.4,1972,6,"013006",12.2
120.95,-26.4,1972,7,"013006",48.7
120.95,-26.4,1972,8,"013006",3
120.95,-26.4,1972,9,"013006",0
120.95,-26.4,1972,10,"013006",0
120.95,-26.4,1972,11,"013006",7.1
120.95,-26.4,1972,12,"013006",54.9
120.95,-26.4,1973,1,"013006",244.1
120.95,-26.4,1973,2,"013006",9.1
120.95,-26.4,1973,3,"013006",95.8
120.95,-26.4,1973,4,"013006",54.2
120.95,-26.4,1973,5,"013006",72.4
120.95,-26.4,1973,6,"013006",36.9
120.95,-26.4,1973,7,"013006",57.3
120.95,-26.4,1973,8,"013006",31.4
120.95,-26.4,1973,9,"013006",1
120.95,-26.4,1973,10,"013006",0
120.95,-26.4,1973,11,"013006",2.8
120.95,-26.4,1973,12,"013006",22
120.95,-26.4,1974,1,"013006",38.4
120.95,-26.4,1974,2,"013006",1.8
120.95,-26.4,1974,3,"013006",36.8
120.95,-26.4,1974,4,"013006",32.8
120.95,-26.4,1974,5,"013006",19
120.95,-26.4,1974,6,"013006",15.8
120.95,-26.4,1974,7,"013006",68.4
120.95,-26.4,1974,8,"013006",10.6
120.95,-26.4,1974,9,"013006",14.6
120.95,-26.4,1974,10,"013006",0
120.95,-26.4,1974,11,"013006",27.4
120.95,-26.4,1974,12,"013006",7
120.95,-26.4,1975,1,"013006",0
120.95,-26.4,1975,2,"013006",37
120.95,-26.4,1975,3,"013006",26.2
120.95,-26.4,1975,4,"013006",35.2
120.95,-26.4,1975,5,"013006",18.8
120.95,-26.4,1975,6,"013006",0
120.95,-26.4,1975,7,"013006",47
120.95,-26.4,1975,8,"013006",0
120.95,-26.4,1975,9,"013006",0
120.95,-26.4,1975,10,"013006",38.6
120.95,-26.4,1975,11,"013006",86.2
120.95,-26.4,1975,12,"013006",28.4
120.95,-26.4,1976,1,"013006",1.2
120.95,-26.4,1976,2,"013006",8.6
120.95,-26.4,1976,3,"013006",0
120.95,-26.4,1976,4,"013006",9.4
120.95,-26.4,1976,5,"013006",4.4
120.95,-26.4,1976,6,"013006",0
120.95,-26.4,1976,7,"013006",0
120.95,-26.4,1976,8,"013006",8.6
120.95,-26.4,1976,9,"013006",2.1
120.95,-26.4,1976,10,"013006",11.8
120.95,-26.4,1976,11,"013006",0
120.95,-26.4,1976,12,"013006",9
120.95,-26.4,1977,1,"013006",7
120.95,-26.4,1977,2,"013006",0
120.95,-26.4,1977,3,"013006",3.2
120.95,-26.4,1977,4,"013006",3.6
120.95,-26.4,1977,5,"013006",9
120.95,-26.4,1977,6,"013006",13.5
120.95,-26.4,1977,7,"013006",0
120.95,-26.4,1977,8,"013006",23
120.95,-26.4,1977,9,"013006",3
120.95,-26.4,1977,10,"013006",0
120.95,-26.4,1977,11,"013006",0
120.95,-26.4,1977,12,"013006",77.2
120.95,-26.4,1978,1,"013006",25.6
120.95,-26.4,1978,2,"013006",59
120.95,-26.4,1978,3,"013006",8
120.95,-26.4,1978,4,"013006",4.4
120.95,-26.4,1978,5,"013006",0
120.95,-26.4,1978,6,"013006",4.8
120.95,-26.4,1978,7,"013006",2.2
120.95,-26.4,1978,8,"013006",32.2
120.95,-26.4,1978,9,"013006",0
120.95,-26.4,1978,10,"013006",30.6
120.95,-26.4,1978,11,"013006",29.2
120.95,-26.4,1978,12,"013006",22
120.95,-26.4,1979,1,"013006",9
120.95,-26.4,1979,2,"013006",65.2
120.95,-26.4,1979,3,"013006",19
120.95,-26.4,1979,4,"013006",4.2
120.95,-26.4,1979,5,"013006",7.6
120.95,-26.4,1979,6,"013006",2
120.95,-26.4,1979,7,"013006",0
120.95,-26.4,1979,8,"013006",12.2
120.95,-26.4,1979,9,"013006",6.2
120.95,-26.4,1979,10,"013006",0
120.95,-26.4,1979,11,"013006",0
120.95,-26.4,1979,12,"013006",37
120.95,-26.4,1980,1,"013006",0
120.95,-26.4,1980,2,"013006",231.2
120.95,-26.4,1980,3,"013006",0
120.95,-26.4,1980,4,"013006",77
120.95,-26.4,1980,5,"013006",17.8
120.95,-26.4,1980,6,"013006",33.8
120.95,-26.4,1980,7,"013006",41.9
120.95,-26.4,1980,8,"013006",1.6
120.95,-26.4,1980,9,"013006",0
120.95,-26.4,1980,10,"013006",0
120.95,-26.4,1980,11,"013006",10.8
120.95,-26.4,1980,12,"013006",0
120.95,-26.4,1981,1,"013006",9
120.95,-26.4,1981,2,"013006",49
120.95,-26.4,1981,3,"013006",15.6
120.95,-26.4,1981,4,"013006",0
120.95,-26.4,1981,5,"013006",22
120.95,-26.4,1981,6,"013006",2
120.95,-26.4,1981,7,"013006",5.4
120.95,-26.4,1981,8,"013006",5
120.95,-26.4,1981,9,"013006",0
120.95,-26.4,1981,10,"013006",0
120.95,-26.4,1981,11,"013006",6
120.95,-26.4,1981,12,"013006",32.4
120.95,-26.4,1982,1,"013006",40.4
120.95,-26.4,1982,2,"013006",29
120.95,-26.4,1982,3,"013006",1
120.95,-26.4,1982,4,"013006",11
120.95,-26.4,1982,5,"013006",41
120.95,-26.4,1982,6,"013006",6.2
120.95,-26.4,1982,7,"013006",0
120.95,-26.4,1982,8,"013006",6.8
120.95,-26.4,1982,9,"013006",22.4
120.95,-26.4,1982,10,"013006",5
120.95,-26.4,1982,11,"013006",36.2
120.95,-26.4,1982,12,"013006",16.6
120.95,-26.4,1983,1,"013006",0
120.95,-26.4,1983,2,"013006",7.2
120.95,-26.4,1983,3,"013006",99.2
120.95,-26.4,1983,4,"013006",56.4
120.95,-26.4,1983,5,"013006",0
120.95,-26.4,1983,6,"013006",25.2
120.95,-26.4,1983,7,"013006",2.4
120.95,-26.4,1983,8,"013006",0
120.95,-26.4,1983,9,"013006",0
120.95,-26.4,1983,10,"013006",0
120.95,-26.4,1983,11,"013006",48.2
120.95,-26.4,1983,12,"013006",25.4
120.95,-26.4,1984,1,"013006",7.2
120.95,-26.4,1984,2,"013006",0
120.95,-26.4,1984,3,"013006",10.6
120.95,-26.4,1984,4,"013006",0
120.95,-26.4,1984,5,"013006",80.2
120.95,-26.4,1984,6,"013006",0
120.95,-26.4,1984,7,"013006",52.8
120.95,-26.4,1984,8,"013006",5.8
120.95,-26.4,1984,9,"013006",24.1
120.95,-26.4,1984,10,"013006",0
120.95,-26.4,1984,11,"013006",1.4
120.95,-26.4,1984,12,"013006",23.2
120.95,-26.4,1985,1,"013006",28.8
120.95,-26.4,1985,2,"013006",35.3
120.95,-26.4,1985,3,"013006",17.8
120.95,-26.4,1985,4,"013006",11.2
120.95,-26.4,1985,5,"013006",22.6
120.95,-26.4,1985,6,"013006",0
120.95,-26.4,1985,7,"013006",39.6
120.95,-26.4,1985,8,"013006",5.8
120.95,-26.4,1985,9,"013006",0
120.95,-26.4,1985,10,"013006",0
120.95,-26.4,1985,11,"013006",32
120.95,-26.4,1985,12,"013006",0
120.95,-26.4,1986,1,"013006",23.8
120.95,-26.4,1986,2,"013006",6.8
120.95,-26.4,1986,3,"013006",8.2
120.95,-26.4,1986,4,"013006",0
120.95,-26.4,1986,5,"013006",0
120.95,-26.4,1986,6,"013006",49.2
120.95,-26.4,1986,7,"013006",28.4
120.95,-26.4,1986,8,"013006",0
120.95,-26.4,1986,9,"013006",20.2
120.95,-26.4,1986,10,"013006",6.2
120.95,-26.4,1986,11,"013006",0
120.95,-26.4,1986,12,"013006",9.2
120.95,-26.4,1987,1,"013006",126.4
120.95,-26.4,1987,2,"013006",56
120.95,-26.4,1987,3,"013006",23.8
120.95,-26.4,1987,4,"013006",23.8
120.95,-26.4,1987,5,"013006",8
120.95,-26.4,1987,6,"013006",50.2
120.95,-26.4,1987,7,"013006",0
120.95,-26.4,1987,8,"013006",7.4
120.95,-26.4,1987,9,"013006",2.2
120.95,-26.4,1987,10,"013006",0
120.95,-26.4,1987,11,"013006",0
120.95,-26.4,1987,12,"013006",52.2
120.95,-26.4,1988,1,"013006",11
120.95,-26.4,1988,2,"013006",8
120.95,-26.4,1988,3,"013006",7
120.95,-26.4,1988,4,"013006",8.8
120.95,-26.4,1988,5,"013006",69.8
120.95,-26.4,1988,6,"013006",2
120.95,-26.4,1988,7,"013006",7.2
120.95,-26.4,1988,8,"013006",0
120.95,-26.4,1988,9,"013006",0
120.95,-26.4,1988,10,"013006",0
120.95,-26.4,1988,11,"013006",5.2
120.95,-26.4,1988,12,"013006",81
120.95,-26.4,1989,1,"013006",16.2
120.95,-26.4,1989,2,"013006",4.9
120.95,-26.4,1989,3,"013006",3
120.95,-26.4,1989,4,"013006",56.6
120.95,-26.4,1989,5,"013006",16.4
120.95,-26.4,1989,6,"013006",45.2
120.95,-26.4,1989,7,"013006",6.4
120.95,-26.4,1989,8,"013006",0
120.95,-26.4,1989,9,"013006",0
120.95,-26.4,1989,10,"013006",0
120.95,-26.4,1989,11,"013006",7.6
120.95,-26.4,1989,12,"013006",0
120.95,-26.4,1990,1,"013006",53.6
120.95,-26.4,1990,2,"013006",36.8
120.95,-26.4,1990,3,"013006",31.6
120.95,-26.4,1990,4,"013006",0
120.95,-26.4,1990,5,"013006",9.8
120.95,-26.4,1990,6,"013006",6
120.95,-26.4,1990,7,"013006",14
120.95,-26.4,1990,8,"013006",18
120.95,-26.4,1990,9,"013006",0
120.95,-26.4,1990,10,"013006",7.2
120.95,-26.4,1990,11,"013006",0
120.95,-26.4,1990,12,"013006",0
120.95,-26.4,1991,1,"013006",0
120.95,-26.4,1991,2,"013006",0
120.95,-26.4,1991,3,"013006",0
120.95,-26.4,1991,4,"013006",11
120.95,-26.4,1991,5,"013006",2.4
120.95,-26.4,1991,6,"013006",60.4
120.95,-26.4,1991,7,"013006",14
120.95,-26.4,1991,8,"013006",0
120.95,-26.4,1991,9,"013006",0
120.95,-26.4,1991,10,"013006",0
120.95,-26.4,1991,11,"013006",0
120.95,-26.4,1991,12,"013006",0.4
120.95,-26.4,1992,1,"013006",28.6
120.95,-26.4,1992,2,"013006",8.2
120.95,-26.4,1992,3,"013006",100.2
120.95,-26.4,1992,4,"013006",141.4
120.95,-26.4,1992,5,"013006",30.6
120.95,-26.4,1992,6,"013006",65.6
120.95,-26.4,1992,7,"013006",1
120.95,-26.4,1992,8,"013006",7.6
120.95,-26.4,1992,9,"013006",11
120.95,-26.4,1992,10,"013006",15.8
120.95,-26.4,1992,11,"013006",15
120.95,-26.4,1992,12,"013006",0
120.95,-26.4,1994,1,"013006",2.8
120.95,-26.4,1994,2,"013006",57
120.95,-26.4,1994,3,"013006",9.4
120.95,-26.4,1994,4,"013006",0
120.95,-26.4,1994,5,"013006",0
120.95,-26.4,1994,6,"013006",15.2
120.95,-26.4,1994,7,"013006",0
120.95,-26.4,1994,8,"013006",0
120.95,-26.4,1994,9,"013006",0
120.95,-26.4,1994,10,"013006",0
120.95,-26.4,1994,11,"013006",5
120.95,-26.4,1994,12,"013006",0
120.95,-26.4,1995,1,"013006",21.6
120.95,-26.4,1995,2,"013006",416.2
120.95,-26.4,1995,3,"013006",0
120.95,-26.4,1995,4,"013006",29.2
120.95,-26.4,1995,5,"013006",12
120.95,-26.4,1995,6,"013006",20.7
120.95,-26.4,1995,7,"013006",0
120.95,-26.4,1995,8,"013006",0
120.95,-26.4,1995,9,"013006",0
120.95,-26.4,1995,10,"013006",0
120.95,-26.4,1995,11,"013006",0
120.95,-26.4,1995,12,"013006",82.4
120.95,-26.4,1996,1,"013006",0
120.95,-26.4,1996,2,"013006",0
120.95,-26.4,1996,3,"013006",39.8
120.95,-26.4,1996,4,"013006",75.4
120.95,-26.4,1996,5,"013006",0
120.95,-26.4,1996,6,"013006",89.6
120.95,-26.4,1996,7,"013006",66.8
120.95,-26.4,1996,8,"013006",5.6
120.95,-26.4,1996,9,"013006",0
120.95,-26.4,1996,10,"013006",10.2
120.95,-26.4,1996,11,"013006",0
120.95,-26.4,1996,12,"013006",92.4
120.95,-26.4,1997,1,"013006",104.2
120.95,-26.4,1997,2,"013006",109.4
120.95,-26.4,1997,3,"013006",24.6
120.95,-26.4,1997,4,"013006",18.9
120.95,-26.4,1997,5,"013006",63.2
120.95,-26.4,1997,6,"013006",5
120.95,-26.4,1997,7,"013006",12
120.95,-26.4,1997,8,"013006",39.6
120.95,-26.4,1997,9,"013006",10.5
120.95,-26.4,1997,10,"013006",0
120.95,-26.4,1997,11,"013006",0
120.95,-26.4,1997,12,"013006",0
120.95,-26.4,1998,1,"013006",12.4
120.95,-26.4,1998,2,"013006",3.4
120.95,-26.4,1998,3,"013006",11.2
120.95,-26.4,1998,4,"013006",38.2
120.95,-26.4,1998,5,"013006",3.6
120.95,-26.4,1998,6,"013006",59.4
120.95,-26.4,1998,7,"013006",30
120.95,-26.4,1998,8,"013006",0
120.95,-26.4,1998,9,"013006",26
120.95,-26.4,1998,10,"013006",7.2
120.95,-26.4,1998,11,"013006",22.1
120.95,-26.4,1998,12,"013006",NA
120.95,-26.4,1999,1,"013006",4
120.95,-26.4,1999,2,"013006",123.6
120.95,-26.4,1999,3,"013006",83.1
120.95,-26.4,1999,4,"013006",0
120.95,-26.4,1999,5,"013006",NA
120.95,-26.4,1999,6,"013006",0
120.95,-26.4,1999,7,"013006",0
120.95,-26.4,1999,8,"013006",0
120.95,-26.4,1999,9,"013006",NA
120.95,-26.4,1999,10,"013006",16
120.95,-26.4,1999,11,"013006",49
120.95,-26.4,1999,12,"013006",20
120.95,-26.4,2000,1,"013006",233
120.95,-26.4,2000,2,"013006",43.2
120.95,-26.4,2000,3,"013006",173.8
120.95,-26.4,2000,4,"013006",46.2
120.95,-26.4,2000,5,"013006",0
120.95,-26.4,2000,6,"013006",2
120.95,-26.4,2000,7,"013006",5
120.95,-26.4,2000,8,"013006",5.4
120.95,-26.4,2000,9,"013006",0
120.95,-26.4,2000,10,"013006",0
120.95,-26.4,2000,11,"013006",0
120.95,-26.4,2000,12,"013006",31.8
120.95,-26.4,2001,1,"013006",0
120.95,-26.4,2001,2,"013006",101
120.95,-26.4,2001,3,"013006",0
120.95,-26.4,2001,4,"013006",45
120.95,-26.4,2001,5,"013006",53.7
120.95,-26.4,2001,6,"013006",0
120.95,-26.4,2001,7,"013006",4.8
120.95,-26.4,2001,8,"013006",0
120.95,-26.4,2001,9,"013006",3.5
120.95,-26.4,2001,10,"013006",39.2
120.95,-26.4,2001,11,"013006",10.2
120.95,-26.4,2001,12,"013006",32.8
120.95,-26.4,2002,1,"013006",98.6
120.95,-26.4,2002,2,"013006",60.6
120.95,-26.4,2002,3,"013006",27.6
120.95,-26.4,2002,4,"013006",0
120.95,-26.4,2002,5,"013006",8
120.95,-26.4,2002,6,"013006",14
120.95,-26.4,2002,7,"013006",0
120.95,-26.4,2002,8,"013006",0
120.95,-26.4,2002,9,"013006",0
120.95,-26.4,2002,10,"013006",0
120.95,-26.4,2002,11,"013006",8
120.95,-26.4,2002,12,"013006",54.8
120.95,-26.4,2003,1,"013006",40.8
120.95,-26.4,2003,2,"013006",98.2
120.95,-26.4,2003,3,"013006",33
120.95,-26.4,2003,4,"013006",113
120.95,-26.4,2003,5,"013006",0
120.95,-26.4,2003,6,"013006",6
120.95,-26.4,2003,7,"013006",0
120.95,-26.4,2003,8,"013006",2.2
120.95,-26.4,2003,9,"013006",0
120.95,-26.4,2003,10,"013006",0
120.95,-26.4,2003,11,"013006",35.4
120.95,-26.4,2003,12,"013006",0
120.95,-26.4,2004,1,"013006",0
120.95,-26.4,2004,2,"013006",64.8
120.95,-26.4,2004,3,"013006",66
120.95,-26.4,2004,4,"013006",NA
120.95,-26.4,2004,5,"013006",36.6
120.95,-26.4,2004,6,"013006",1.4
120.95,-26.4,2004,7,"013006",20.4
120.95,-26.4,2004,8,"013006",0
120.95,-26.4,2004,9,"013006",8.2
120.95,-26.4,2004,10,"013006",37.4
120.95,-26.4,2004,11,"013006",41.4
120.95,-26.4,2004,12,"013006",21
120.95,-26.4,2005,1,"013006",0
120.95,-26.4,2005,2,"013006",0
120.95,-26.4,2005,3,"013006",14.6
120.95,-26.4,2005,4,"013006",0
120.95,-26.4,2005,5,"013006",12.6
120.95,-26.4,2005,6,"013006",0
120.95,-26.4,2005,7,"013006",27
120.95,-26.4,2005,8,"013006",10
120.95,-26.4,2005,9,"013006",0
120.95,-26.4,2005,10,"013006",0
120.95,-26.4,2005,11,"013006",0
120.95,-26.4,2005,12,"013006",14
120.95,-26.4,2006,1,"013006",206.2
120.95,-26.4,2006,2,"013006",62.2
120.95,-26.4,2006,3,"013006",47.8
120.95,-26.4,2006,4,"013006",26
120.95,-26.4,2006,5,"013006",0
120.95,-26.4,2006,6,"013006",0
120.95,-26.4,2006,7,"013006",1.2
120.95,-26.4,2006,8,"013006",0
120.95,-26.4,2006,9,"013006",16.3
120.95,-26.4,2006,10,"013006",41.2
120.95,-26.4,2006,11,"013006",36.4
120.95,-26.4,2006,12,"013006",78.2
120.95,-26.4,2007,1,"013006",49.2
120.95,-26.4,2007,2,"013006",14.2
120.95,-26.4,2007,3,"013006",76.6
120.95,-26.4,2007,4,"013006",74.6
120.95,-26.4,2007,5,"013006",7
120.95,-26.4,2007,6,"013006",0
120.95,-26.4,2007,7,"013006",4.6
120.95,-26.4,2007,8,"013006",0
120.95,-26.4,2007,9,"013006",0
120.95,-26.4,2007,10,"013006",9
120.95,-26.4,2007,11,"013006",2
120.95,-26.4,2007,12,"013006",31.5
120.95,-26.4,2008,1,"013006",5.6
120.95,-26.4,2008,2,"013006",56.2
120.95,-26.4,2008,3,"013006",0
120.95,-26.4,2008,4,"013006",6.9
120.95,-26.4,2008,5,"013006",0
120.95,-26.4,2008,6,"013006",NA
120.95,-26.4,2008,7,"013006",0
120.95,-26.4,2008,8,"013006",0
120.95,-26.4,2008,9,"013006",18.8
120.95,-26.4,2008,10,"013006",0
120.95,-26.4,2008,11,"013006",43
120.95,-26.4,2008,12,"013006",19
120.95,-26.4,2009,1,"013006",0
120.95,-26.4,2009,2,"013006",8
120.95,-26.4,2009,3,"013006",51.9
120.95,-26.4,2009,4,"013006",25
120.95,-26.4,2009,5,"013006",0
120.95,-26.4,2009,6,"013006",8
120.95,-26.4,2009,7,"013006",0
120.95,-26.4,2009,8,"013006",0
120.95,-26.4,2009,9,"013006",3.5
120.95,-26.4,2009,10,"013006",2.6
120.95,-26.4,2009,11,"013006",16
120.95,-26.4,2009,12,"013006",7.6
120.95,-26.4,2010,1,"013006",19.8
120.95,-26.4,2010,2,"013006",0
120.95,-26.4,2010,3,"013006",28
120.95,-26.4,2010,4,"013006",13.6
120.95,-26.4,2010,5,"013006",0
120.95,-26.4,2010,6,"013006",14.2
120.95,-26.4,2010,7,"013006",NA
120.95,-26.4,2010,8,"013006",NA
120.95,-26.4,2010,9,"013006",0
120.95,-26.4,2010,10,"013006",0
120.95,-26.4,2010,11,"013006",0
120.95,-26.4,2010,12,"013006",24
120.95,-26.4,2011,1,"013006",26
120.95,-26.4,2011,2,"013006",159.8
120.95,-26.4,2011,3,"013006",44.8
120.95,-26.4,2011,4,"013006",17
120.95,-26.4,2011,5,"013006",0
120.95,-26.4,2011,6,"013006",0
120.95,-26.4,2011,7,"013006",17
120.95,-26.4,2011,8,"013006",0
120.95,-26.4,2011,9,"013006",0
120.95,-26.4,2011,10,"013006",7
120.95,-26.4,2011,11,"013006",90.8
120.95,-26.4,2011,12,"013006",35.8
120.95,-26.4,2012,1,"013006",72.6
120.95,-26.4,2012,2,"013006",28.4
120.95,-26.4,2012,3,"013006",72.6
120.95,-26.4,2012,4,"013006",0
120.95,-26.4,2012,5,"013006",5
120.95,-26.4,2012,6,"013006",7.2
120.95,-26.4,2012,7,"013006",0
120.95,-26.4,2012,8,"013006",0
120.95,-26.4,2012,9,"013006",0
120.95,-26.4,2012,10,"013006",0
120.95,-26.4,2012,11,"013006",36.8
120.95,-26.4,2012,12,"013006",31.2
120.95,-26.4,2013,1,"013006",30.8
120.95,-26.4,2013,2,"013006",0
120.95,-26.4,2013,3,"013006",99
120.95,-26.4,2013,4,"013006",9.6
120.95,-26.4,2013,5,"013006",6.5
120.95,-26.4,2013,6,"013006",NA
120.95,-26.4,2013,7,"013006",0
120.95,-26.4,2013,8,"013006",0
120.95,-26.4,2013,9,"013006",7.4
120.95,-26.4,2013,10,"013006",0
120.95,-26.4,2013,11,"013006",5
120.95,-26.4,2013,12,"013006",43
120.95,-26.4,2014,1,"013006",138.5
120.95,-26.4,2014,2,"013006",100.2
120.95,-26.4,2014,3,"013006",15.4
120.95,-26.4,2014,4,"013006",0
120.95,-26.4,2014,5,"013006",9.4
120.95,-26.4,2014,6,"013006",0
120.95,-26.4,2014,7,"013006",0
120.95,-26.4,2014,8,"013006",0
120.95,-26.4,2014,9,"013006",0
120.95,-26.4,2014,10,"013006",44.6
120.95,-26.4,2014,11,"013006",23.4
120.95,-26.4,2014,12,"013006",18.4
120.95,-26.4,2015,1,"013006",29
120.95,-26.4,2015,2,"013006",12.4
120.95,-26.4,2015,3,"013006",110
120.95,-26.4,2015,4,"013006",18.2
120.95,-26.4,2015,5,"013006",37.1
120.95,-26.4,2015,6,"013006",0
120.95,-26.4,2015,7,"013006",0
120.95,-26.4,2015,8,"013006",0
120.95,-26.4,2015,9,"013006",0
120.95,-26.4,2015,10,"013006",28
120.95,-26.4,2015,11,"013006",2
120.95,-26.4,2015,12,"013006",10
120.95,-26.4,2016,1,"013006",37.6
120.95,-26.4,2016,2,"013006",48.8
120.95,-26.4,2016,3,"013006",45
120.95,-26.4,2016,4,"013006",2
120.95,-26.4,2016,5,"013006",13.4
120.95,-26.4,2016,6,"013006",31.6
120.95,-26.4,2016,7,"013006",23.2
120.95,-26.4,2016,8,"013006",6.8
120.95,-26.4,2016,9,"013006",0
120.95,-26.4,2016,10,"013006",0
120.95,-26.4,2016,11,"013006",0
120.95,-26.4,2016,12,"013006",3
120.95,-26.4,2017,1,"013006",76.4
120.95,-26.4,2017,2,"013006",32.4
120.95,-26.4,2017,3,"013006",181.3
120.95,-26.4,2017,4,"013006",25.4
120.95,-26.4,2017,5,"013006",0
120.95,-26.4,2017,6,"013006",16.6
120.95,-26.4,2017,7,"013006",0
120.95,-26.4,2017,8,"013006",16.2
120.95,-26.4,2017,9,"013006",10
120.95,-26.4,2017,10,"013006",24.4
120.95,-26.4,2017,11,"013006",37.6
120.95,-26.4,2017,12,"013006",24.8
120.95,-26.4,2018,1,"013006",44.2
120.95,-26.4,2018,2,"013006",97.4
120.95,-26.4,2018,3,"013006",5
120.95,-26.4,2018,4,"013006",3
120.95,-26.4,2018,5,"013006",0
120.95,-26.4,2018,6,"013006",27
120.95,-26.4,2018,7,"013006",0
120.95,-26.4,2018,8,"013006",0
120.95,-26.4,2018,9,"013006",2.8
120.95,-26.4,2018,10,"013006",0
120.95,-26.4,2018,11,"013006",27.4
120.95,-26.4,2018,12,"013006",14
120.95,-26.4,2019,1,"013006",24
120.95,-26.4,2019,2,"013006",0
120.95,-26.4,2019,3,"013006",0
120.95,-26.4,2019,4,"013006",17.6
120.95,-26.4,2019,5,"013006",NA
120.95,-26.4,2019,6,"013006",NA
120.95,-26.4,2019,7,"013006",NA
120.95,-26.4,2019,8,"013006",NA
120.95,-26.4,2019,9,"013006",NA
120.95,-26.4,2019,10,"013006",NA
120.95,-26.4,2019,11,"013006",NA
120.95,-26.4,2019,12,"013006",NA
120.95,-26.4,2022,1,"013006",9
120.95,-26.4,2022,2,"013006",40
120.95,-26.4,2022,3,"013006",NA
120.95,-26.4,2022,4,"013006",NA
120.95,-26.4,2022,5,"013006",NA
120.95,-26.4,2022,6,"013006",NA
120.95,-26.4,2022,7,"013006",NA
120.95,-26.4,2022,8,"013006",NA
120.95,-26.4,2022,9,"013006",NA
120.95,-26.4,2022,10,"013006",NA
120.95,-26.4,2022,11,"013006",NA
120.95,-26.4,2022,12,"013006",NA
