"Lon","Lat","Year","Month","Station","Rain"
151.57,-29.63,1895,1,"056100",NA
151.57,-29.63,1895,2,"056100",NA
151.57,-29.63,1895,3,"056100",NA
151.57,-29.63,1895,4,"056100",NA
151.57,-29.63,1895,5,"056100",NA
151.57,-29.63,1895,6,"056100",NA
151.57,-29.63,1895,7,"056100",NA
151.57,-29.63,1895,8,"056100",NA
151.57,-29.63,1895,9,"056100",NA
151.57,-29.63,1895,10,"056100",NA
151.57,-29.63,1895,11,"056100",78.3
151.57,-29.63,1895,12,"056100",123.5
151.57,-29.63,1896,1,"056100",91.4
151.57,-29.63,1896,2,"056100",164.3
151.57,-29.63,1896,3,"056100",95.8
151.57,-29.63,1896,4,"056100",68.5
151.57,-29.63,1896,5,"056100",47.5
151.57,-29.63,1896,6,"056100",19.5
151.57,-29.63,1896,7,"056100",73.2
151.57,-29.63,1896,8,"056100",59
151.57,-29.63,1896,9,"056100",50.6
151.57,-29.63,1896,10,"056100",52.5
151.57,-29.63,1896,11,"056100",79.3
151.57,-29.63,1896,12,"056100",160
151.57,-29.63,1897,1,"056100",102.1
151.57,-29.63,1897,2,"056100",45.8
151.57,-29.63,1897,3,"056100",47.2
151.57,-29.63,1897,4,"056100",4.3
151.57,-29.63,1897,5,"056100",10.7
151.57,-29.63,1897,6,"056100",77.2
151.57,-29.63,1897,7,"056100",125.6
151.57,-29.63,1897,8,"056100",44.9
151.57,-29.63,1897,9,"056100",69.8
151.57,-29.63,1897,10,"056100",55.2
151.57,-29.63,1897,11,"056100",21.6
151.57,-29.63,1897,12,"056100",164.4
151.57,-29.63,1898,1,"056100",159.7
151.57,-29.63,1898,2,"056100",99.6
151.57,-29.63,1898,3,"056100",6.1
151.57,-29.63,1898,4,"056100",1
151.57,-29.63,1898,5,"056100",45.4
151.57,-29.63,1898,6,"056100",76.5
151.57,-29.63,1898,7,"056100",27.3
151.57,-29.63,1898,8,"056100",44.5
151.57,-29.63,1898,9,"056100",69.8
151.57,-29.63,1898,10,"056100",30.2
151.57,-29.63,1898,11,"056100",38
151.57,-29.63,1898,12,"056100",21.8
151.57,-29.63,1899,1,"056100",189
151.57,-29.63,1899,2,"056100",40.2
151.57,-29.63,1899,3,"056100",25.7
151.57,-29.63,1899,4,"056100",71.9
151.57,-29.63,1899,5,"056100",45.9
151.57,-29.63,1899,6,"056100",84.2
151.57,-29.63,1899,7,"056100",57.8
151.57,-29.63,1899,8,"056100",59.2
151.57,-29.63,1899,9,"056100",37.3
151.57,-29.63,1899,10,"056100",74.4
151.57,-29.63,1899,11,"056100",16.3
151.57,-29.63,1899,12,"056100",119
151.57,-29.63,1900,1,"056100",144.6
151.57,-29.63,1900,2,"056100",117.5
151.57,-29.63,1900,3,"056100",93.1
151.57,-29.63,1900,4,"056100",49.3
151.57,-29.63,1900,5,"056100",113.9
151.57,-29.63,1900,6,"056100",58
151.57,-29.63,1900,7,"056100",67.5
151.57,-29.63,1900,8,"056100",19.6
151.57,-29.63,1900,9,"056100",72
151.57,-29.63,1900,10,"056100",4.3
151.57,-29.63,1900,11,"056100",75.1
151.57,-29.63,1900,12,"056100",73.3
151.57,-29.63,1901,1,"056100",51.4
151.57,-29.63,1901,2,"056100",28.9
151.57,-29.63,1901,3,"056100",67.8
151.57,-29.63,1901,4,"056100",59.4
151.57,-29.63,1901,5,"056100",37.4
151.57,-29.63,1901,6,"056100",55.1
151.57,-29.63,1901,7,"056100",32.5
151.57,-29.63,1901,8,"056100",123
151.57,-29.63,1901,9,"056100",17.2
151.57,-29.63,1901,10,"056100",65.3
151.57,-29.63,1901,11,"056100",25.1
151.57,-29.63,1901,12,"056100",29.6
151.57,-29.63,1902,1,"056100",146
151.57,-29.63,1902,2,"056100",28.7
151.57,-29.63,1902,3,"056100",42.6
151.57,-29.63,1902,4,"056100",2.1
151.57,-29.63,1902,5,"056100",0.5
151.57,-29.63,1902,6,"056100",38.7
151.57,-29.63,1902,7,"056100",3.1
151.57,-29.63,1902,8,"056100",101.1
151.57,-29.63,1902,9,"056100",28.7
151.57,-29.63,1902,10,"056100",106.4
151.57,-29.63,1902,11,"056100",81.7
151.57,-29.63,1902,12,"056100",150.4
151.57,-29.63,1903,1,"056100",13.5
151.57,-29.63,1903,2,"056100",23.6
151.57,-29.63,1903,3,"056100",97.2
151.57,-29.63,1903,4,"056100",57.4
151.57,-29.63,1903,5,"056100",75.4
151.57,-29.63,1903,6,"056100",78.5
151.57,-29.63,1903,7,"056100",138.9
151.57,-29.63,1903,8,"056100",99.8
151.57,-29.63,1903,9,"056100",127.7
151.57,-29.63,1903,10,"056100",64.8
151.57,-29.63,1903,11,"056100",120.8
151.57,-29.63,1903,12,"056100",127.9
151.57,-29.63,1904,1,"056100",31.9
151.57,-29.63,1904,2,"056100",34
151.57,-29.63,1904,3,"056100",179.6
151.57,-29.63,1904,4,"056100",33.5
151.57,-29.63,1904,5,"056100",90.9
151.57,-29.63,1904,6,"056100",27.7
151.57,-29.63,1904,7,"056100",85.8
151.57,-29.63,1904,8,"056100",24.9
151.57,-29.63,1904,9,"056100",54.8
151.57,-29.63,1904,10,"056100",120.1
151.57,-29.63,1904,11,"056100",98.4
151.57,-29.63,1904,12,"056100",32.9
151.57,-29.63,1905,1,"056100",86.2
151.57,-29.63,1905,2,"056100",17.6
151.57,-29.63,1905,3,"056100",68.9
151.57,-29.63,1905,4,"056100",98.8
151.57,-29.63,1905,5,"056100",58.7
151.57,-29.63,1905,6,"056100",22.7
151.57,-29.63,1905,7,"056100",33.3
151.57,-29.63,1905,8,"056100",40.8
151.57,-29.63,1905,9,"056100",13.5
151.57,-29.63,1905,10,"056100",59.8
151.57,-29.63,1905,11,"056100",47.7
151.57,-29.63,1905,12,"056100",137.6
151.57,-29.63,1906,1,"056100",208.4
151.57,-29.63,1906,2,"056100",56.6
151.57,-29.63,1906,3,"056100",94.2
151.57,-29.63,1906,4,"056100",14.8
151.57,-29.63,1906,5,"056100",13.2
151.57,-29.63,1906,6,"056100",23.2
151.57,-29.63,1906,7,"056100",43.2
151.57,-29.63,1906,8,"056100",91.9
151.57,-29.63,1906,9,"056100",85.1
151.57,-29.63,1906,10,"056100",139.1
151.57,-29.63,1906,11,"056100",113.8
151.57,-29.63,1906,12,"056100",52.9
151.57,-29.63,1907,1,"056100",114.9
151.57,-29.63,1907,2,"056100",77
151.57,-29.63,1907,3,"056100",127.5
151.57,-29.63,1907,4,"056100",31.3
151.57,-29.63,1907,5,"056100",8.7
151.57,-29.63,1907,6,"056100",85.8
151.57,-29.63,1907,7,"056100",36.8
151.57,-29.63,1907,8,"056100",47.4
151.57,-29.63,1907,9,"056100",6.9
151.57,-29.63,1907,10,"056100",96
151.57,-29.63,1907,11,"056100",180.8
151.57,-29.63,1907,12,"056100",50.3
151.57,-29.63,1908,1,"056100",67.1
151.57,-29.63,1908,2,"056100",169
151.57,-29.63,1908,3,"056100",58.7
151.57,-29.63,1908,4,"056100",NA
151.57,-29.63,1908,5,"056100",NA
151.57,-29.63,1908,6,"056100",NA
151.57,-29.63,1908,7,"056100",NA
151.57,-29.63,1908,8,"056100",NA
151.57,-29.63,1908,9,"056100",NA
151.57,-29.63,1908,10,"056100",NA
151.57,-29.63,1908,11,"056100",NA
151.57,-29.63,1908,12,"056100",NA
151.57,-29.63,1910,1,"056100",159.7
151.57,-29.63,1910,2,"056100",49.8
151.57,-29.63,1910,3,"056100",201.1
151.57,-29.63,1910,4,"056100",30.5
151.57,-29.63,1910,5,"056100",4
151.57,-29.63,1910,6,"056100",75.2
151.57,-29.63,1910,7,"056100",113.2
151.57,-29.63,1910,8,"056100",NA
151.57,-29.63,1910,9,"056100",NA
151.57,-29.63,1910,10,"056100",NA
151.57,-29.63,1910,11,"056100",NA
151.57,-29.63,1910,12,"056100",NA
151.57,-29.63,1915,1,"056100",NA
151.57,-29.63,1915,2,"056100",NA
151.57,-29.63,1915,3,"056100",NA
151.57,-29.63,1915,4,"056100",NA
151.57,-29.63,1915,5,"056100",41.5
151.57,-29.63,1915,6,"056100",46.3
151.57,-29.63,1915,7,"056100",71.7
151.57,-29.63,1915,8,"056100",54.2
151.57,-29.63,1915,9,"056100",59
151.57,-29.63,1915,10,"056100",18
151.57,-29.63,1915,11,"056100",2.8
151.57,-29.63,1915,12,"056100",106.1
151.57,-29.63,1916,1,"056100",105.4
151.57,-29.63,1916,2,"056100",NA
151.57,-29.63,1916,3,"056100",NA
151.57,-29.63,1916,4,"056100",NA
151.57,-29.63,1916,5,"056100",NA
151.57,-29.63,1916,6,"056100",NA
151.57,-29.63,1916,7,"056100",NA
151.57,-29.63,1916,8,"056100",NA
151.57,-29.63,1916,9,"056100",NA
151.57,-29.63,1916,10,"056100",NA
151.57,-29.63,1916,11,"056100",NA
151.57,-29.63,1916,12,"056100",NA
151.57,-29.63,1947,1,"056100",NA
151.57,-29.63,1947,2,"056100",91.7
151.57,-29.63,1947,3,"056100",92.9
151.57,-29.63,1947,4,"056100",56.6
151.57,-29.63,1947,5,"056100",38.1
151.57,-29.63,1947,6,"056100",18.3
151.57,-29.63,1947,7,"056100",49.6
151.57,-29.63,1947,8,"056100",79.4
151.57,-29.63,1947,9,"056100",129.4
151.57,-29.63,1947,10,"056100",85.4
151.57,-29.63,1947,11,"056100",111.8
151.57,-29.63,1947,12,"056100",133.9
151.57,-29.63,1948,1,"056100",122.2
151.57,-29.63,1948,2,"056100",59.7
151.57,-29.63,1948,3,"056100",53.6
151.57,-29.63,1948,4,"056100",32.4
151.57,-29.63,1948,5,"056100",51
151.57,-29.63,1948,6,"056100",91.6
151.57,-29.63,1948,7,"056100",48.8
151.57,-29.63,1948,8,"056100",40
151.57,-29.63,1948,9,"056100",41
151.57,-29.63,1948,10,"056100",25.1
151.57,-29.63,1948,11,"056100",107
151.57,-29.63,1948,12,"056100",70.4
151.57,-29.63,1949,1,"056100",139
151.57,-29.63,1949,2,"056100",202.1
151.57,-29.63,1949,3,"056100",45
151.57,-29.63,1949,4,"056100",34.9
151.57,-29.63,1949,5,"056100",31.7
151.57,-29.63,1949,6,"056100",86.1
151.57,-29.63,1949,7,"056100",51.5
151.57,-29.63,1949,8,"056100",44.2
151.57,-29.63,1949,9,"056100",74.1
151.57,-29.63,1949,10,"056100",213.3
151.57,-29.63,1949,11,"056100",70.1
151.57,-29.63,1949,12,"056100",90.4
151.57,-29.63,1950,1,"056100",56.2
151.57,-29.63,1950,2,"056100",167.6
151.57,-29.63,1950,3,"056100",27.3
151.57,-29.63,1950,4,"056100",57.5
151.57,-29.63,1950,5,"056100",55.4
151.57,-29.63,1950,6,"056100",161.3
151.57,-29.63,1950,7,"056100",182.7
151.57,-29.63,1950,8,"056100",5.6
151.57,-29.63,1950,9,"056100",115.8
151.57,-29.63,1950,10,"056100",214.1
151.57,-29.63,1950,11,"056100",140.8
151.57,-29.63,1950,12,"056100",0
151.57,-29.63,1951,1,"056100",216.4
151.57,-29.63,1951,2,"056100",120.7
151.57,-29.63,1951,3,"056100",93.2
151.57,-29.63,1951,4,"056100",21.6
151.57,-29.63,1951,5,"056100",37.9
151.57,-29.63,1951,6,"056100",147.9
151.57,-29.63,1951,7,"056100",25.5
151.57,-29.63,1951,8,"056100",58.1
151.57,-29.63,1951,9,"056100",45.5
151.57,-29.63,1951,10,"056100",NA
151.57,-29.63,1951,11,"056100",NA
151.57,-29.63,1951,12,"056100",NA
151.57,-29.63,1959,1,"056100",161.5
151.57,-29.63,1959,2,"056100",50.6
151.57,-29.63,1959,3,"056100",143.6
151.57,-29.63,1959,4,"056100",22.4
151.57,-29.63,1959,5,"056100",37.6
151.57,-29.63,1959,6,"056100",16.5
151.57,-29.63,1959,7,"056100",77.5
151.57,-29.63,1959,8,"056100",0
151.57,-29.63,1959,9,"056100",75.3
151.57,-29.63,1959,10,"056100",100.4
151.57,-29.63,1959,11,"056100",87.4
151.57,-29.63,1959,12,"056100",236.8
151.57,-29.63,1960,1,"056100",42.3
151.57,-29.63,1960,2,"056100",37.4
151.57,-29.63,1960,3,"056100",8.2
151.57,-29.63,1960,4,"056100",31
151.57,-29.63,1960,5,"056100",70.6
151.57,-29.63,1960,6,"056100",25.9
151.57,-29.63,1960,7,"056100",75.3
151.57,-29.63,1960,8,"056100",57.2
151.57,-29.63,1960,9,"056100",64.7
151.57,-29.63,1960,10,"056100",59.1
151.57,-29.63,1960,11,"056100",73.9
151.57,-29.63,1960,12,"056100",77.9
151.57,-29.63,1961,1,"056100",88.3
151.57,-29.63,1961,2,"056100",76.1
151.57,-29.63,1961,3,"056100",24.3
151.57,-29.63,1961,4,"056100",25.1
151.57,-29.63,1961,5,"056100",18.5
151.57,-29.63,1961,6,"056100",42.9
151.57,-29.63,1961,7,"056100",60.7
151.57,-29.63,1961,8,"056100",59.1
151.57,-29.63,1961,9,"056100",45.9
151.57,-29.63,1961,10,"056100",36.3
151.57,-29.63,1961,11,"056100",190
151.57,-29.63,1961,12,"056100",87.9
151.57,-29.63,1962,1,"056100",148.1
151.57,-29.63,1962,2,"056100",130.2
151.57,-29.63,1962,3,"056100",76.8
151.57,-29.63,1962,4,"056100",29.8
151.57,-29.63,1962,5,"056100",63.5
151.57,-29.63,1962,6,"056100",76.7
151.57,-29.63,1962,7,"056100",109.5
151.57,-29.63,1962,8,"056100",70.1
151.57,-29.63,1962,9,"056100",77.9
151.57,-29.63,1962,10,"056100",44.4
151.57,-29.63,1962,11,"056100",45.6
151.57,-29.63,1962,12,"056100",102.8
151.57,-29.63,1963,1,"056100",59
151.57,-29.63,1963,2,"056100",52.3
151.57,-29.63,1963,3,"056100",71.6
151.57,-29.63,1963,4,"056100",48
151.57,-29.63,1963,5,"056100",169.4
151.57,-29.63,1963,6,"056100",71.8
151.57,-29.63,1963,7,"056100",25
151.57,-29.63,1963,8,"056100",92.8
151.57,-29.63,1963,9,"056100",18
151.57,-29.63,1963,10,"056100",15.8
151.57,-29.63,1963,11,"056100",128.3
151.57,-29.63,1963,12,"056100",91.6
151.57,-29.63,1964,1,"056100",120.1
151.57,-29.63,1964,2,"056100",30.1
151.57,-29.63,1964,3,"056100",133.6
151.57,-29.63,1964,4,"056100",50.8
151.57,-29.63,1964,5,"056100",49.8
151.57,-29.63,1964,6,"056100",19.8
151.57,-29.63,1964,7,"056100",51.3
151.57,-29.63,1964,8,"056100",33.3
151.57,-29.63,1964,9,"056100",72.6
151.57,-29.63,1964,10,"056100",121.6
151.57,-29.63,1964,11,"056100",48.4
151.57,-29.63,1964,12,"056100",46.1
151.57,-29.63,1965,1,"056100",39.9
151.57,-29.63,1965,2,"056100",37.3
151.57,-29.63,1965,3,"056100",3.5
151.57,-29.63,1965,4,"056100",29.2
151.57,-29.63,1965,5,"056100",16.8
151.57,-29.63,1965,6,"056100",35.1
151.57,-29.63,1965,7,"056100",31.5
151.57,-29.63,1965,8,"056100",30
151.57,-29.63,1965,9,"056100",34.1
151.57,-29.63,1965,10,"056100",41.5
151.57,-29.63,1965,11,"056100",40.6
151.57,-29.63,1965,12,"056100",171.7
151.57,-29.63,1966,1,"056100",28.2
151.57,-29.63,1966,2,"056100",69.7
151.57,-29.63,1966,3,"056100",56.6
151.57,-29.63,1966,4,"056100",36
151.57,-29.63,1966,5,"056100",17
151.57,-29.63,1966,6,"056100",36.1
151.57,-29.63,1966,7,"056100",14.5
151.57,-29.63,1966,8,"056100",137
151.57,-29.63,1966,9,"056100",31.4
151.57,-29.63,1966,10,"056100",151.2
151.57,-29.63,1966,11,"056100",156.2
151.57,-29.63,1966,12,"056100",70.2
151.57,-29.63,1967,1,"056100",73
151.57,-29.63,1967,2,"056100",25.2
151.57,-29.63,1967,3,"056100",139.4
151.57,-29.63,1967,4,"056100",22.3
151.57,-29.63,1967,5,"056100",44.2
151.57,-29.63,1967,6,"056100",75.3
151.57,-29.63,1967,7,"056100",36.7
151.57,-29.63,1967,8,"056100",32.2
151.57,-29.63,1967,9,"056100",23.9
151.57,-29.63,1967,10,"056100",132.5
151.57,-29.63,1967,11,"056100",10.9
151.57,-29.63,1967,12,"056100",58
151.57,-29.63,1968,1,"056100",104.8
151.57,-29.63,1968,2,"056100",50.2
151.57,-29.63,1968,3,"056100",94.6
151.57,-29.63,1968,4,"056100",20.2
151.57,-29.63,1968,5,"056100",114.8
151.57,-29.63,1968,6,"056100",14.4
151.57,-29.63,1968,7,"056100",67
151.57,-29.63,1968,8,"056100",102.3
151.57,-29.63,1968,9,"056100",32.6
151.57,-29.63,1968,10,"056100",49.3
151.57,-29.63,1968,11,"056100",83.6
151.57,-29.63,1968,12,"056100",93.1
151.57,-29.63,1969,1,"056100",117.6
151.57,-29.63,1969,2,"056100",53.7
151.57,-29.63,1969,3,"056100",29
151.57,-29.63,1969,4,"056100",15.3
151.57,-29.63,1969,5,"056100",111.6
151.57,-29.63,1969,6,"056100",34.7
151.57,-29.63,1969,7,"056100",43.1
151.57,-29.63,1969,8,"056100",44.4
151.57,-29.63,1969,9,"056100",69.5
151.57,-29.63,1969,10,"056100",96.3
151.57,-29.63,1969,11,"056100",96.3
151.57,-29.63,1969,12,"056100",125.1
151.57,-29.63,1970,1,"056100",131.4
151.57,-29.63,1970,2,"056100",50
151.57,-29.63,1970,3,"056100",15
151.57,-29.63,1970,4,"056100",67.6
151.57,-29.63,1970,5,"056100",31.8
151.57,-29.63,1970,6,"056100",30
151.57,-29.63,1970,7,"056100",3.1
151.57,-29.63,1970,8,"056100",38.7
151.57,-29.63,1970,9,"056100",295.9
151.57,-29.63,1970,10,"056100",57.4
151.57,-29.63,1970,11,"056100",81.2
151.57,-29.63,1970,12,"056100",241.1
151.57,-29.63,1971,1,"056100",244.4
151.57,-29.63,1971,2,"056100",94.8
151.57,-29.63,1971,3,"056100",3.6
151.57,-29.63,1971,4,"056100",21.5
151.57,-29.63,1971,5,"056100",11.8
151.57,-29.63,1971,6,"056100",24.9
151.57,-29.63,1971,7,"056100",120.3
151.57,-29.63,1971,8,"056100",108.5
151.57,-29.63,1971,9,"056100",54.7
151.57,-29.63,1971,10,"056100",48.4
151.57,-29.63,1971,11,"056100",89.7
151.57,-29.63,1971,12,"056100",60.8
151.57,-29.63,1972,1,"056100",147.9
151.57,-29.63,1972,2,"056100",42.6
151.57,-29.63,1972,3,"056100",38.4
151.57,-29.63,1972,4,"056100",20.5
151.57,-29.63,1972,5,"056100",12.4
151.57,-29.63,1972,6,"056100",4
151.57,-29.63,1972,7,"056100",9.4
151.57,-29.63,1972,8,"056100",77.7
151.57,-29.63,1972,9,"056100",55.3
151.57,-29.63,1972,10,"056100",215.1
151.57,-29.63,1972,11,"056100",169.6
151.57,-29.63,1972,12,"056100",92.9
151.57,-29.63,1973,1,"056100",84.7
151.57,-29.63,1973,2,"056100",110.8
151.57,-29.63,1973,3,"056100",23.6
151.57,-29.63,1973,4,"056100",25.6
151.57,-29.63,1973,5,"056100",35.2
151.57,-29.63,1973,6,"056100",33.3
151.57,-29.63,1973,7,"056100",61.7
151.57,-29.63,1973,8,"056100",55.1
151.57,-29.63,1973,9,"056100",114.1
151.57,-29.63,1973,10,"056100",69.2
151.57,-29.63,1973,11,"056100",149.2
151.57,-29.63,1973,12,"056100",134.5
151.57,-29.63,1974,1,"056100",81.8
151.57,-29.63,1974,2,"056100",7.4
151.57,-29.63,1974,3,"056100",69.4
151.57,-29.63,1974,4,"056100",39.6
151.57,-29.63,1974,5,"056100",11.6
151.57,-29.63,1974,6,"056100",28.1
151.57,-29.63,1974,7,"056100",39.6
151.57,-29.63,1974,8,"056100",68.8
151.57,-29.63,1974,9,"056100",37.8
151.57,-29.63,1974,10,"056100",99.9
151.57,-29.63,1974,11,"056100",140.4
151.57,-29.63,1974,12,"056100",40.2
151.57,-29.63,1975,1,"056100",82.8
151.57,-29.63,1975,2,"056100",166.2
151.57,-29.63,1975,3,"056100",141.2
151.57,-29.63,1975,4,"056100",31.2
151.57,-29.63,1975,5,"056100",3.8
151.57,-29.63,1975,6,"056100",80.8
151.57,-29.63,1975,7,"056100",46.8
151.57,-29.63,1975,8,"056100",61.2
151.57,-29.63,1975,9,"056100",74.3
151.57,-29.63,1975,10,"056100",152.6
151.57,-29.63,1975,11,"056100",71.4
151.57,-29.63,1975,12,"056100",101.6
151.57,-29.63,1976,1,"056100",192.2
151.57,-29.63,1976,2,"056100",221.6
151.57,-29.63,1976,3,"056100",57.9
151.57,-29.63,1976,4,"056100",13.4
151.57,-29.63,1976,5,"056100",45.6
151.57,-29.63,1976,6,"056100",77.2
151.57,-29.63,1976,7,"056100",61.3
151.57,-29.63,1976,8,"056100",16.2
151.57,-29.63,1976,9,"056100",48.8
151.57,-29.63,1976,10,"056100",79.3
151.57,-29.63,1976,11,"056100",92
151.57,-29.63,1976,12,"056100",90.9
151.57,-29.63,1977,1,"056100",86.8
151.57,-29.63,1977,2,"056100",164.2
151.57,-29.63,1977,3,"056100",115.4
151.57,-29.63,1977,4,"056100",101.8
151.57,-29.63,1977,5,"056100",164.4
151.57,-29.63,1977,6,"056100",48
151.57,-29.63,1977,7,"056100",12.8
151.57,-29.63,1977,8,"056100",25.2
151.57,-29.63,1977,9,"056100",61
151.57,-29.63,1977,10,"056100",20.6
151.57,-29.63,1977,11,"056100",30
151.57,-29.63,1977,12,"056100",68.4
151.57,-29.63,1978,1,"056100",329.6
151.57,-29.63,1978,2,"056100",71.4
151.57,-29.63,1978,3,"056100",98
151.57,-29.63,1978,4,"056100",30.2
151.57,-29.63,1978,5,"056100",137.2
151.57,-29.63,1978,6,"056100",102.6
151.57,-29.63,1978,7,"056100",111.3
151.57,-29.63,1978,8,"056100",38.8
151.57,-29.63,1978,9,"056100",122.8
151.57,-29.63,1978,10,"056100",40.2
151.57,-29.63,1978,11,"056100",92.8
151.57,-29.63,1978,12,"056100",176.2
151.57,-29.63,1979,1,"056100",20.4
151.57,-29.63,1979,2,"056100",13.6
151.57,-29.63,1979,3,"056100",129.3
151.57,-29.63,1979,4,"056100",25.4
151.57,-29.63,1979,5,"056100",62
151.57,-29.63,1979,6,"056100",47.6
151.57,-29.63,1979,7,"056100",13.8
151.57,-29.63,1979,8,"056100",33.4
151.57,-29.63,1979,9,"056100",74.8
151.57,-29.63,1979,10,"056100",100
151.57,-29.63,1979,11,"056100",119.4
151.57,-29.63,1979,12,"056100",28.8
151.57,-29.63,1980,1,"056100",101.8
151.57,-29.63,1980,2,"056100",19.4
151.57,-29.63,1980,3,"056100",4
151.57,-29.63,1980,4,"056100",2
151.57,-29.63,1980,5,"056100",86.8
151.57,-29.63,1980,6,"056100",30.8
151.57,-29.63,1980,7,"056100",41
151.57,-29.63,1980,8,"056100",20.8
151.57,-29.63,1980,9,"056100",3.4
151.57,-29.63,1980,10,"056100",33
151.57,-29.63,1980,11,"056100",60.8
151.57,-29.63,1980,12,"056100",82
151.57,-29.63,1981,1,"056100",4.2
151.57,-29.63,1981,2,"056100",119.3
151.57,-29.63,1981,3,"056100",3
151.57,-29.63,1981,4,"056100",27.6
151.57,-29.63,1981,5,"056100",69.8
151.57,-29.63,1981,6,"056100",134.8
151.57,-29.63,1981,7,"056100",82.5
151.57,-29.63,1981,8,"056100",22.6
151.57,-29.63,1981,9,"056100",71.6
151.57,-29.63,1981,10,"056100",73.6
151.57,-29.63,1981,11,"056100",116.2
151.57,-29.63,1981,12,"056100",97.4
151.57,-29.63,1982,1,"056100",83.4
151.57,-29.63,1982,2,"056100",97.4
151.57,-29.63,1982,3,"056100",159.8
151.57,-29.63,1982,4,"056100",50.2
151.57,-29.63,1982,5,"056100",14
151.57,-29.63,1982,6,"056100",8.6
151.57,-29.63,1982,7,"056100",30
151.57,-29.63,1982,8,"056100",4.2
151.57,-29.63,1982,9,"056100",49.8
151.57,-29.63,1982,10,"056100",61
151.57,-29.63,1982,11,"056100",18.2
151.57,-29.63,1982,12,"056100",134.4
151.57,-29.63,1983,1,"056100",161.2
151.57,-29.63,1983,2,"056100",74.8
151.57,-29.63,1983,3,"056100",41.8
151.57,-29.63,1983,4,"056100",174.6
151.57,-29.63,1983,5,"056100",165.4
151.57,-29.63,1983,6,"056100",50.8
151.57,-29.63,1983,7,"056100",64.6
151.57,-29.63,1983,8,"056100",57
151.57,-29.63,1983,9,"056100",84.8
151.57,-29.63,1983,10,"056100",135.9
151.57,-29.63,1983,11,"056100",69
151.57,-29.63,1983,12,"056100",113.2
151.57,-29.63,1984,1,"056100",219.4
151.57,-29.63,1984,2,"056100",147.3
151.57,-29.63,1984,3,"056100",45.6
151.57,-29.63,1984,4,"056100",58.4
151.57,-29.63,1984,5,"056100",17
151.57,-29.63,1984,6,"056100",32.8
151.57,-29.63,1984,7,"056100",167.4
151.57,-29.63,1984,8,"056100",46.2
151.57,-29.63,1984,9,"056100",48.8
151.57,-29.63,1984,10,"056100",34.6
151.57,-29.63,1984,11,"056100",73.8
151.57,-29.63,1984,12,"056100",155.4
151.57,-29.63,1985,1,"056100",39.8
151.57,-29.63,1985,2,"056100",70.8
151.57,-29.63,1985,3,"056100",18.8
151.57,-29.63,1985,4,"056100",60
151.57,-29.63,1985,5,"056100",29.6
151.57,-29.63,1985,6,"056100",35.4
151.57,-29.63,1985,7,"056100",47.4
151.57,-29.63,1985,8,"056100",89.6
151.57,-29.63,1985,9,"056100",81
151.57,-29.63,1985,10,"056100",49
151.57,-29.63,1985,11,"056100",83.2
151.57,-29.63,1985,12,"056100",139.2
151.57,-29.63,1986,1,"056100",56.6
151.57,-29.63,1986,2,"056100",50.6
151.57,-29.63,1986,3,"056100",32.4
151.57,-29.63,1986,4,"056100",1.4
151.57,-29.63,1986,5,"056100",48
151.57,-29.63,1986,6,"056100",1.6
151.57,-29.63,1986,7,"056100",104.8
151.57,-29.63,1986,8,"056100",66.4
151.57,-29.63,1986,9,"056100",43.2
151.57,-29.63,1986,10,"056100",69
151.57,-29.63,1986,11,"056100",107.4
151.57,-29.63,1986,12,"056100",39.4
151.57,-29.63,1987,1,"056100",142.6
151.57,-29.63,1987,2,"056100",51.4
151.57,-29.63,1987,3,"056100",119
151.57,-29.63,1987,4,"056100",7.8
151.57,-29.63,1987,5,"056100",58.4
151.57,-29.63,1987,6,"056100",52.4
151.57,-29.63,1987,7,"056100",33
151.57,-29.63,1987,8,"056100",114.2
151.57,-29.63,1987,9,"056100",34.9
151.57,-29.63,1987,10,"056100",56
151.57,-29.63,1987,11,"056100",58.8
151.57,-29.63,1987,12,"056100",147.2
151.57,-29.63,1988,1,"056100",114.6
151.57,-29.63,1988,2,"056100",109.2
151.57,-29.63,1988,3,"056100",7.8
151.57,-29.63,1988,4,"056100",204.6
151.57,-29.63,1988,5,"056100",53.2
151.57,-29.63,1988,6,"056100",25.2
151.57,-29.63,1988,7,"056100",60
151.57,-29.63,1988,8,"056100",78.6
151.57,-29.63,1988,9,"056100",69.4
151.57,-29.63,1988,10,"056100",25.4
151.57,-29.63,1988,11,"056100",77.4
151.57,-29.63,1988,12,"056100",95.6
151.57,-29.63,1989,1,"056100",46.2
151.57,-29.63,1989,2,"056100",21.6
151.57,-29.63,1989,3,"056100",180
151.57,-29.63,1989,4,"056100",41
151.57,-29.63,1989,5,"056100",29.6
151.57,-29.63,1989,6,"056100",67.2
151.57,-29.63,1989,7,"056100",82.5
151.57,-29.63,1989,8,"056100",16.9
151.57,-29.63,1989,9,"056100",6.2
151.57,-29.63,1989,10,"056100",67.4
151.57,-29.63,1989,11,"056100",138.2
151.57,-29.63,1989,12,"056100",118.4
151.57,-29.63,1990,1,"056100",97.8
151.57,-29.63,1990,2,"056100",92.6
151.57,-29.63,1990,3,"056100",7.4
151.57,-29.63,1990,4,"056100",725
151.57,-29.63,1990,5,"056100",90.2
151.57,-29.63,1990,6,"056100",46.4
151.57,-29.63,1990,7,"056100",70.2
151.57,-29.63,1990,8,"056100",46.6
151.57,-29.63,1990,9,"056100",60.4
151.57,-29.63,1990,10,"056100",40.4
151.57,-29.63,1990,11,"056100",20.6
151.57,-29.63,1990,12,"056100",72.4
151.57,-29.63,1991,1,"056100",244.3
151.57,-29.63,1991,2,"056100",137
151.57,-29.63,1991,3,"056100",55.2
151.57,-29.63,1991,4,"056100",1.8
151.57,-29.63,1991,5,"056100",58.6
151.57,-29.63,1991,6,"056100",22.8
151.57,-29.63,1991,7,"056100",56.8
151.57,-29.63,1991,8,"056100",2.2
151.57,-29.63,1991,9,"056100",13.6
151.57,-29.63,1991,10,"056100",25.4
151.57,-29.63,1991,11,"056100",97.2
151.57,-29.63,1991,12,"056100",160.9
151.57,-29.63,1992,1,"056100",139.8
151.57,-29.63,1992,2,"056100",105.4
151.57,-29.63,1992,3,"056100",20.6
151.57,-29.63,1992,4,"056100",39.4
151.57,-29.63,1992,5,"056100",82.2
151.57,-29.63,1992,6,"056100",38.6
151.57,-29.63,1992,7,"056100",38
151.57,-29.63,1992,8,"056100",98.6
151.57,-29.63,1992,9,"056100",53.4
151.57,-29.63,1992,10,"056100",93.8
151.57,-29.63,1992,11,"056100",163
151.57,-29.63,1992,12,"056100",101.6
151.57,-29.63,1993,1,"056100",99.4
151.57,-29.63,1993,2,"056100",59
151.57,-29.63,1993,3,"056100",28.4
151.57,-29.63,1993,4,"056100",1.4
151.57,-29.63,1993,5,"056100",21
151.57,-29.63,1993,6,"056100",53.2
151.57,-29.63,1993,7,"056100",89.6
151.57,-29.63,1993,8,"056100",40.4
151.57,-29.63,1993,9,"056100",64.8
151.57,-29.63,1993,10,"056100",100.6
151.57,-29.63,1993,11,"056100",54.6
151.57,-29.63,1993,12,"056100",99
151.57,-29.63,1994,1,"056100",116.2
151.57,-29.63,1994,2,"056100",103.4
151.57,-29.63,1994,3,"056100",96.6
151.57,-29.63,1994,4,"056100",38.8
151.57,-29.63,1994,5,"056100",6
151.57,-29.63,1994,6,"056100",52.4
151.57,-29.63,1994,7,"056100",13.6
151.57,-29.63,1994,8,"056100",20
151.57,-29.63,1994,9,"056100",32
151.57,-29.63,1994,10,"056100",35.6
151.57,-29.63,1994,11,"056100",45.2
151.57,-29.63,1994,12,"056100",87.6
151.57,-29.63,1995,1,"056100",161.6
151.57,-29.63,1995,2,"056100",107.6
151.57,-29.63,1995,3,"056100",16.6
151.57,-29.63,1995,4,"056100",8.2
151.57,-29.63,1995,5,"056100",67
151.57,-29.63,1995,6,"056100",77.7
151.57,-29.63,1995,7,"056100",25.8
151.57,-29.63,1995,8,"056100",0.6
151.57,-29.63,1995,9,"056100",91.3
151.57,-29.63,1995,10,"056100",59.4
151.57,-29.63,1995,11,"056100",187.4
151.57,-29.63,1995,12,"056100",114.8
151.57,-29.63,1996,1,"056100",285.1
151.57,-29.63,1996,2,"056100",127.8
151.57,-29.63,1996,3,"056100",21.6
151.57,-29.63,1996,4,"056100",18.4
151.57,-29.63,1996,5,"056100",112.8
151.57,-29.63,1996,6,"056100",38.2
151.57,-29.63,1996,7,"056100",65.6
151.57,-29.63,1996,8,"056100",57.6
151.57,-29.63,1996,9,"056100",100.2
151.57,-29.63,1996,10,"056100",34.6
151.57,-29.63,1996,11,"056100",54.4
151.57,-29.63,1996,12,"056100",158.2
151.57,-29.63,1997,1,"056100",62
151.57,-29.63,1997,2,"056100",204.6
151.57,-29.63,1997,3,"056100",32.4
151.57,-29.63,1997,4,"056100",6.4
151.57,-29.63,1997,5,"056100",73.2
151.57,-29.63,1997,6,"056100",30
151.57,-29.63,1997,7,"056100",11
151.57,-29.63,1997,8,"056100",15.6
151.57,-29.63,1997,9,"056100",81.8
151.57,-29.63,1997,10,"056100",81
151.57,-29.63,1997,11,"056100",98
151.57,-29.63,1997,12,"056100",98.2
151.57,-29.63,1998,1,"056100",74
151.57,-29.63,1998,2,"056100",113.8
151.57,-29.63,1998,3,"056100",0.8
151.57,-29.63,1998,4,"056100",33.8
151.57,-29.63,1998,5,"056100",91.4
151.57,-29.63,1998,6,"056100",71.6
151.57,-29.63,1998,7,"056100",194.4
151.57,-29.63,1998,8,"056100",112.6
151.57,-29.63,1998,9,"056100",78.4
151.57,-29.63,1998,10,"056100",82.9
151.57,-29.63,1998,11,"056100",86.6
151.57,-29.63,1998,12,"056100",80.8
151.57,-29.63,1999,1,"056100",112.4
151.57,-29.63,1999,2,"056100",53
151.57,-29.63,1999,3,"056100",126.7
151.57,-29.63,1999,4,"056100",61.8
151.57,-29.63,1999,5,"056100",5.4
151.57,-29.63,1999,6,"056100",23.2
151.57,-29.63,1999,7,"056100",43
151.57,-29.63,1999,8,"056100",55.2
151.57,-29.63,1999,9,"056100",45.4
151.57,-29.63,1999,10,"056100",152.5
151.57,-29.63,1999,11,"056100",116.6
151.57,-29.63,1999,12,"056100",113.6
151.57,-29.63,2000,1,"056100",67.2
151.57,-29.63,2000,2,"056100",24.6
151.57,-29.63,2000,3,"056100",112
151.57,-29.63,2000,4,"056100",31
151.57,-29.63,2000,5,"056100",67.3
151.57,-29.63,2000,6,"056100",14.8
151.57,-29.63,2000,7,"056100",34.6
151.57,-29.63,2000,8,"056100",27.4
151.57,-29.63,2000,9,"056100",21.9
151.57,-29.63,2000,10,"056100",138.6
151.57,-29.63,2000,11,"056100",275.4
151.57,-29.63,2000,12,"056100",149.1
151.57,-29.63,2001,1,"056100",86.2
151.57,-29.63,2001,2,"056100",96
151.57,-29.63,2001,3,"056100",172.8
151.57,-29.63,2001,4,"056100",43.8
151.57,-29.63,2001,5,"056100",31.8
151.57,-29.63,2001,6,"056100",17.6
151.57,-29.63,2001,7,"056100",56.4
151.57,-29.63,2001,8,"056100",50.4
151.57,-29.63,2001,9,"056100",NA
151.57,-29.63,2001,10,"056100",73.4
151.57,-29.63,2001,11,"056100",247.8
151.57,-29.63,2001,12,"056100",74.2
151.57,-29.63,2002,1,"056100",75.2
151.57,-29.63,2002,2,"056100",106.2
151.57,-29.63,2002,3,"056100",98.3
151.57,-29.63,2002,4,"056100",2
151.57,-29.63,2002,5,"056100",8.8
151.57,-29.63,2002,6,"056100",19
151.57,-29.63,2002,7,"056100",4.2
151.57,-29.63,2002,8,"056100",23
151.57,-29.63,2002,9,"056100",34.8
151.57,-29.63,2002,10,"056100",31
151.57,-29.63,2002,11,"056100",58.3
151.57,-29.63,2002,12,"056100",127
151.57,-29.63,2003,1,"056100",41.8
151.57,-29.63,2003,2,"056100",149.6
151.57,-29.63,2003,3,"056100",63.2
151.57,-29.63,2003,4,"056100",64
151.57,-29.63,2003,5,"056100",6.2
151.57,-29.63,2003,6,"056100",48.1
151.57,-29.63,2003,7,"056100",36.9
151.57,-29.63,2003,8,"056100",41.8
151.57,-29.63,2003,9,"056100",6
151.57,-29.63,2003,10,"056100",174
151.57,-29.63,2003,11,"056100",125.4
151.57,-29.63,2003,12,"056100",110.2
151.57,-29.63,2004,1,"056100",227.4
151.57,-29.63,2004,2,"056100",103.6
151.57,-29.63,2004,3,"056100",51.8
151.57,-29.63,2004,4,"056100",39
151.57,-29.63,2004,5,"056100",15.5
151.57,-29.63,2004,6,"056100",19.4
151.57,-29.63,2004,7,"056100",32.2
151.57,-29.63,2004,8,"056100",50.2
151.57,-29.63,2004,9,"056100",76.4
151.57,-29.63,2004,10,"056100",85.4
151.57,-29.63,2004,11,"056100",63
151.57,-29.63,2004,12,"056100",180.2
151.57,-29.63,2005,1,"056100",43.4
151.57,-29.63,2005,2,"056100",57.8
151.57,-29.63,2005,3,"056100",16
151.57,-29.63,2005,4,"056100",4
151.57,-29.63,2005,5,"056100",10.2
151.57,-29.63,2005,6,"056100",114.6
151.57,-29.63,2005,7,"056100",49.6
151.57,-29.63,2005,8,"056100",22.6
151.57,-29.63,2005,9,"056100",86.4
151.57,-29.63,2005,10,"056100",60.3
151.57,-29.63,2005,11,"056100",127.4
151.57,-29.63,2005,12,"056100",131
151.57,-29.63,2006,1,"056100",114.2
151.57,-29.63,2006,2,"056100",100.6
151.57,-29.63,2006,3,"056100",55.2
151.57,-29.63,2006,4,"056100",31.2
151.57,-29.63,2006,5,"056100",13
151.57,-29.63,2006,6,"056100",55.4
151.57,-29.63,2006,7,"056100",59.7
151.57,-29.63,2006,8,"056100",31.6
151.57,-29.63,2006,9,"056100",41.8
151.57,-29.63,2006,10,"056100",25.8
151.57,-29.63,2006,11,"056100",125.6
151.57,-29.63,2006,12,"056100",52.2
151.57,-29.63,2007,1,"056100",66.2
151.57,-29.63,2007,2,"056100",63.2
151.57,-29.63,2007,3,"056100",45.4
151.57,-29.63,2007,4,"056100",81
151.57,-29.63,2007,5,"056100",40.2
151.57,-29.63,2007,6,"056100",108.2
151.57,-29.63,2007,7,"056100",8.4
151.57,-29.63,2007,8,"056100",85.4
151.57,-29.63,2007,9,"056100",10
151.57,-29.63,2007,10,"056100",90.8
151.57,-29.63,2007,11,"056100",70.2
151.57,-29.63,2007,12,"056100",138.8
151.57,-29.63,2008,1,"056100",41.4
151.57,-29.63,2008,2,"056100",NA
151.57,-29.63,2008,3,"056100",26
151.57,-29.63,2008,4,"056100",14
151.57,-29.63,2008,5,"056100",20.4
151.57,-29.63,2008,6,"056100",38.4
151.57,-29.63,2008,7,"056100",34.8
151.57,-29.63,2008,8,"056100",34.4
151.57,-29.63,2008,9,"056100",72.4
151.57,-29.63,2008,10,"056100",44.4
151.57,-29.63,2008,11,"056100",NA
151.57,-29.63,2008,12,"056100",133.4
151.57,-29.63,2009,1,"056100",42.4
151.57,-29.63,2009,2,"056100",77
151.57,-29.63,2009,3,"056100",42.6
151.57,-29.63,2009,4,"056100",44.2
151.57,-29.63,2009,5,"056100",81.8
151.57,-29.63,2009,6,"056100",36.6
151.57,-29.63,2009,7,"056100",31.2
151.57,-29.63,2009,8,"056100",17.2
151.57,-29.63,2009,9,"056100",67.6
151.57,-29.63,2009,10,"056100",37.4
151.57,-29.63,2009,11,"056100",29.4
151.57,-29.63,2009,12,"056100",132
151.57,-29.63,2010,1,"056100",137.6
151.57,-29.63,2010,2,"056100",31.4
151.57,-29.63,2010,3,"056100",71.8
151.57,-29.63,2010,4,"056100",17
151.57,-29.63,2010,5,"056100",105.6
151.57,-29.63,2010,6,"056100",54.9
151.57,-29.63,2010,7,"056100",120
151.57,-29.63,2010,8,"056100",83
151.57,-29.63,2010,9,"056100",NA
151.57,-29.63,2010,10,"056100",79.6
151.57,-29.63,2010,11,"056100",NA
151.57,-29.63,2010,12,"056100",NA
151.57,-29.63,2011,1,"056100",NA
151.57,-29.63,2011,2,"056100",79.6
151.57,-29.63,2011,3,"056100",NA
151.57,-29.63,2011,4,"056100",54.8
151.57,-29.63,2011,5,"056100",70.8
151.57,-29.63,2011,6,"056100",42.6
151.57,-29.63,2011,7,"056100",8.4
151.57,-29.63,2011,8,"056100",108
151.57,-29.63,2011,9,"056100",70
151.57,-29.63,2011,10,"056100",107.8
151.57,-29.63,2011,11,"056100",190.6
151.57,-29.63,2011,12,"056100",94.4
151.57,-29.63,2012,1,"056100",55.4
151.57,-29.63,2012,2,"056100",130.8
151.57,-29.63,2012,3,"056100",33.8
151.57,-29.63,2012,4,"056100",52
151.57,-29.63,2012,5,"056100",31.4
151.57,-29.63,2012,6,"056100",25.8
151.57,-29.63,2012,7,"056100",86.2
151.57,-29.63,2012,8,"056100",4.8
151.57,-29.63,2012,9,"056100",34
151.57,-29.63,2012,10,"056100",40.8
151.57,-29.63,2012,11,"056100",116
151.57,-29.63,2012,12,"056100",128
151.57,-29.63,2013,1,"056100",143.6
151.57,-29.63,2013,2,"056100",96.6
151.57,-29.63,2013,3,"056100",20
151.57,-29.63,2013,4,"056100",29
151.57,-29.63,2013,5,"056100",27.8
151.57,-29.63,2013,6,"056100",96.2
151.57,-29.63,2013,7,"056100",25
151.57,-29.63,2013,8,"056100",8.4
151.57,-29.63,2013,9,"056100",31.2
151.57,-29.63,2013,10,"056100",17
151.57,-29.63,2013,11,"056100",120.4
151.57,-29.63,2013,12,"056100",44.8
151.57,-29.63,2014,1,"056100",37.6
151.57,-29.63,2014,2,"056100",23.2
151.57,-29.63,2014,3,"056100",129
151.57,-29.63,2014,4,"056100",31
151.57,-29.63,2014,5,"056100",27.6
151.57,-29.63,2014,6,"056100",40.4
151.57,-29.63,2014,7,"056100",23.8
151.57,-29.63,2014,8,"056100",50.4
151.57,-29.63,2014,9,"056100",38.6
151.57,-29.63,2014,10,"056100",23.6
151.57,-29.63,2014,11,"056100",69
151.57,-29.63,2014,12,"056100",145.4
151.57,-29.63,2015,1,"056100",82
151.57,-29.63,2015,2,"056100",73.8
151.57,-29.63,2015,3,"056100",134
151.57,-29.63,2015,4,"056100",157.4
151.57,-29.63,2015,5,"056100",30.8
151.57,-29.63,2015,6,"056100",29.2
151.57,-29.63,2015,7,"056100",81.4
151.57,-29.63,2015,8,"056100",42.8
151.57,-29.63,2015,9,"056100",23.8
151.57,-29.63,2015,10,"056100",36
151.57,-29.63,2015,11,"056100",106.6
151.57,-29.63,2015,12,"056100",186
151.57,-29.63,2016,1,"056100",146.8
151.57,-29.63,2016,2,"056100",0
151.57,-29.63,2016,3,"056100",20.4
151.57,-29.63,2016,4,"056100",39.2
151.57,-29.63,2016,5,"056100",51.6
151.57,-29.63,2016,6,"056100",131.2
151.57,-29.63,2016,7,"056100",57.8
151.57,-29.63,2016,8,"056100",121.4
151.57,-29.63,2016,9,"056100",139.8
151.57,-29.63,2016,10,"056100",96.8
151.57,-29.63,2016,11,"056100",64.4
151.57,-29.63,2016,12,"056100",107.2
151.57,-29.63,2017,1,"056100",175.6
151.57,-29.63,2017,2,"056100",61.6
151.57,-29.63,2017,3,"056100",317.4
151.57,-29.63,2017,4,"056100",43.6
151.57,-29.63,2017,5,"056100",50.8
151.57,-29.63,2017,6,"056100",58
151.57,-29.63,2017,7,"056100",26.2
151.57,-29.63,2017,8,"056100",10
151.57,-29.63,2017,9,"056100",8
151.57,-29.63,2017,10,"056100",130.8
151.57,-29.63,2017,11,"056100",61.4
151.57,-29.63,2017,12,"056100",146.1
151.57,-29.63,2018,1,"056100",46.2
151.57,-29.63,2018,2,"056100",110
151.57,-29.63,2018,3,"056100",16.2
151.57,-29.63,2018,4,"056100",29.8
151.57,-29.63,2018,5,"056100",2.8
151.57,-29.63,2018,6,"056100",4
151.57,-29.63,2018,7,"056100",66.2
151.57,-29.63,2018,8,"056100",NA
151.57,-29.63,2018,9,"056100",83.2
151.57,-29.63,2018,10,"056100",NA
151.57,-29.63,2018,11,"056100",77.9
151.57,-29.63,2018,12,"056100",42.2
151.57,-29.63,2019,1,"056100",138.6
151.57,-29.63,2019,2,"056100",8
151.57,-29.63,2019,3,"056100",121.2
151.57,-29.63,2019,4,"056100",0
151.57,-29.63,2019,5,"056100",10
151.57,-29.63,2019,6,"056100",13.4
151.57,-29.63,2019,7,"056100",1.6
151.57,-29.63,2019,8,"056100",12.8
151.57,-29.63,2019,9,"056100",6.8
151.57,-29.63,2019,10,"056100",25.8
151.57,-29.63,2019,11,"056100",79.8
151.57,-29.63,2019,12,"056100",51
151.57,-29.63,2020,1,"056100",122.4
151.57,-29.63,2020,2,"056100",135.6
151.57,-29.63,2020,3,"056100",55.4
151.57,-29.63,2020,4,"056100",65.4
151.57,-29.63,2020,5,"056100",66.2
151.57,-29.63,2020,6,"056100",33.8
151.57,-29.63,2020,7,"056100",42.4
151.57,-29.63,2020,8,"056100",44.8
151.57,-29.63,2020,9,"056100",24
151.57,-29.63,2020,10,"056100",81.2
151.57,-29.63,2020,11,"056100",12.8
151.57,-29.63,2020,12,"056100",0
151.57,-29.63,2021,1,"056100",44
151.57,-29.63,2021,2,"056100",125
151.57,-29.63,2021,3,"056100",252.2
151.57,-29.63,2021,4,"056100",27.2
151.57,-29.63,2021,5,"056100",47.4
151.57,-29.63,2021,6,"056100",114.2
151.57,-29.63,2021,7,"056100",143.4
151.57,-29.63,2021,8,"056100",80.4
151.57,-29.63,2021,9,"056100",48
151.57,-29.63,2021,10,"056100",65.4
151.57,-29.63,2021,11,"056100",238
151.57,-29.63,2021,12,"056100",128.6
151.57,-29.63,2022,1,"056100",100.6
151.57,-29.63,2022,2,"056100",77.8
151.57,-29.63,2022,3,"056100",NA
151.57,-29.63,2022,4,"056100",NA
151.57,-29.63,2022,5,"056100",NA
151.57,-29.63,2022,6,"056100",NA
151.57,-29.63,2022,7,"056100",NA
151.57,-29.63,2022,8,"056100",NA
151.57,-29.63,2022,9,"056100",NA
151.57,-29.63,2022,10,"056100",NA
151.57,-29.63,2022,11,"056100",NA
151.57,-29.63,2022,12,"056100",NA
