"Lon","Lat","Year","Month","Station","Rain"
142.03,-36.46,1878,1,"078010",NA
142.03,-36.46,1878,2,"078010",NA
142.03,-36.46,1878,3,"078010",124.5
142.03,-36.46,1878,4,"078010",38.8
142.03,-36.46,1878,5,"078010",11.4
142.03,-36.46,1878,6,"078010",46.2
142.03,-36.46,1878,7,"078010",31.8
142.03,-36.46,1878,8,"078010",30.8
142.03,-36.46,1878,9,"078010",22.1
142.03,-36.46,1878,10,"078010",24.2
142.03,-36.46,1878,11,"078010",27.8
142.03,-36.46,1878,12,"078010",6.6
142.03,-36.46,1879,1,"078010",5.1
142.03,-36.46,1879,2,"078010",6.4
142.03,-36.46,1879,3,"078010",6.5
142.03,-36.46,1879,4,"078010",28.6
142.03,-36.46,1879,5,"078010",57.7
142.03,-36.46,1879,6,"078010",17.3
142.03,-36.46,1879,7,"078010",26.7
142.03,-36.46,1879,8,"078010",28.7
142.03,-36.46,1879,9,"078010",53.9
142.03,-36.46,1879,10,"078010",49.8
142.03,-36.46,1879,11,"078010",19.4
142.03,-36.46,1879,12,"078010",16.8
142.03,-36.46,1880,1,"078010",1.6
142.03,-36.46,1880,2,"078010",28.6
142.03,-36.46,1880,3,"078010",34.6
142.03,-36.46,1880,4,"078010",45.9
142.03,-36.46,1880,5,"078010",30.3
142.03,-36.46,1880,6,"078010",35.5
142.03,-36.46,1880,7,"078010",16.5
142.03,-36.46,1880,8,"078010",23.1
142.03,-36.46,1880,9,"078010",67.2
142.03,-36.46,1880,10,"078010",31
142.03,-36.46,1880,11,"078010",1.8
142.03,-36.46,1880,12,"078010",3.3
142.03,-36.46,1881,1,"078010",34.4
142.03,-36.46,1881,2,"078010",0.6
142.03,-36.46,1881,3,"078010",33.3
142.03,-36.46,1881,4,"078010",26.7
142.03,-36.46,1881,5,"078010",52.9
142.03,-36.46,1881,6,"078010",47.4
142.03,-36.46,1881,7,"078010",13.4
142.03,-36.46,1881,8,"078010",24.1
142.03,-36.46,1881,9,"078010",18.1
142.03,-36.46,1881,10,"078010",18.9
142.03,-36.46,1881,11,"078010",36.7
142.03,-36.46,1881,12,"078010",10.2
142.03,-36.46,1882,1,"078010",0.8
142.03,-36.46,1882,2,"078010",0
142.03,-36.46,1882,3,"078010",6.1
142.03,-36.46,1882,4,"078010",31.8
142.03,-36.46,1882,5,"078010",61.9
142.03,-36.46,1882,6,"078010",15.3
142.03,-36.46,1882,7,"078010",37.4
142.03,-36.46,1882,8,"078010",42.6
142.03,-36.46,1882,9,"078010",14.1
142.03,-36.46,1882,10,"078010",28.8
142.03,-36.46,1882,11,"078010",31.5
142.03,-36.46,1882,12,"078010",7.8
142.03,-36.46,1883,1,"078010",1
142.03,-36.46,1883,2,"078010",65.6
142.03,-36.46,1883,3,"078010",24.3
142.03,-36.46,1883,4,"078010",17.8
142.03,-36.46,1883,5,"078010",67.4
142.03,-36.46,1883,6,"078010",59.3
142.03,-36.46,1883,7,"078010",37.4
142.03,-36.46,1883,8,"078010",49.9
142.03,-36.46,1883,9,"078010",33
142.03,-36.46,1883,10,"078010",46.2
142.03,-36.46,1883,11,"078010",13.7
142.03,-36.46,1883,12,"078010",46.1
142.03,-36.46,1884,1,"078010",17.3
142.03,-36.46,1884,2,"078010",17.2
142.03,-36.46,1884,3,"078010",70.8
142.03,-36.46,1884,4,"078010",18.3
142.03,-36.46,1884,5,"078010",29.5
142.03,-36.46,1884,6,"078010",54.1
142.03,-36.46,1884,7,"078010",6.3
142.03,-36.46,1884,8,"078010",18.2
142.03,-36.46,1884,9,"078010",72.2
142.03,-36.46,1884,10,"078010",16.3
142.03,-36.46,1884,11,"078010",19.1
142.03,-36.46,1884,12,"078010",19.3
142.03,-36.46,1885,1,"078010",9.7
142.03,-36.46,1885,2,"078010",17
142.03,-36.46,1885,3,"078010",12.7
142.03,-36.46,1885,4,"078010",5.3
142.03,-36.46,1885,5,"078010",23
142.03,-36.46,1885,6,"078010",47.9
142.03,-36.46,1885,7,"078010",31
142.03,-36.46,1885,8,"078010",44.2
142.03,-36.46,1885,9,"078010",55.7
142.03,-36.46,1885,10,"078010",8.6
142.03,-36.46,1885,11,"078010",0.8
142.03,-36.46,1885,12,"078010",24.4
142.03,-36.46,1886,1,"078010",98.8
142.03,-36.46,1886,2,"078010",17
142.03,-36.46,1886,3,"078010",3.4
142.03,-36.46,1886,4,"078010",8.2
142.03,-36.46,1886,5,"078010",10.3
142.03,-36.46,1886,6,"078010",12.7
142.03,-36.46,1886,7,"078010",70
142.03,-36.46,1886,8,"078010",109.7
142.03,-36.46,1886,9,"078010",46.9
142.03,-36.46,1886,10,"078010",38.7
142.03,-36.46,1886,11,"078010",31.8
142.03,-36.46,1886,12,"078010",26.6
142.03,-36.46,1887,1,"078010",6.3
142.03,-36.46,1887,2,"078010",18.5
142.03,-36.46,1887,3,"078010",3.8
142.03,-36.46,1887,4,"078010",42.2
142.03,-36.46,1887,5,"078010",23.4
142.03,-36.46,1887,6,"078010",52.7
142.03,-36.46,1887,7,"078010",48.6
142.03,-36.46,1887,8,"078010",42.4
142.03,-36.46,1887,9,"078010",40.9
142.03,-36.46,1887,10,"078010",42.8
142.03,-36.46,1887,11,"078010",119.1
142.03,-36.46,1887,12,"078010",16.8
142.03,-36.46,1888,1,"078010",18.4
142.03,-36.46,1888,2,"078010",1.3
142.03,-36.46,1888,3,"078010",8.4
142.03,-36.46,1888,4,"078010",24.1
142.03,-36.46,1888,5,"078010",39.9
142.03,-36.46,1888,6,"078010",46.3
142.03,-36.46,1888,7,"078010",43.7
142.03,-36.46,1888,8,"078010",29.6
142.03,-36.46,1888,9,"078010",27.2
142.03,-36.46,1888,10,"078010",17.5
142.03,-36.46,1888,11,"078010",8.6
142.03,-36.46,1888,12,"078010",12.6
142.03,-36.46,1889,1,"078010",45.4
142.03,-36.46,1889,2,"078010",37.4
142.03,-36.46,1889,3,"078010",14.2
142.03,-36.46,1889,4,"078010",119.6
142.03,-36.46,1889,5,"078010",45.7
142.03,-36.46,1889,6,"078010",122.3
142.03,-36.46,1889,7,"078010",15.8
142.03,-36.46,1889,8,"078010",71.7
142.03,-36.46,1889,9,"078010",43.9
142.03,-36.46,1889,10,"078010",80.3
142.03,-36.46,1889,11,"078010",59
142.03,-36.46,1889,12,"078010",0
142.03,-36.46,1890,1,"078010",24.4
142.03,-36.46,1890,2,"078010",7.9
142.03,-36.46,1890,3,"078010",22.3
142.03,-36.46,1890,4,"078010",56.9
142.03,-36.46,1890,5,"078010",71.9
142.03,-36.46,1890,6,"078010",94.6
142.03,-36.46,1890,7,"078010",68.6
142.03,-36.46,1890,8,"078010",45.8
142.03,-36.46,1890,9,"078010",47.8
142.03,-36.46,1890,10,"078010",37.1
142.03,-36.46,1890,11,"078010",49
142.03,-36.46,1890,12,"078010",34.6
142.03,-36.46,1891,1,"078010",10.9
142.03,-36.46,1891,2,"078010",0
142.03,-36.46,1891,3,"078010",54.1
142.03,-36.46,1891,4,"078010",83.9
142.03,-36.46,1891,5,"078010",12.2
142.03,-36.46,1891,6,"078010",49.7
142.03,-36.46,1891,7,"078010",30.7
142.03,-36.46,1891,8,"078010",10.2
142.03,-36.46,1891,9,"078010",14.2
142.03,-36.46,1891,10,"078010",107.1
142.03,-36.46,1891,11,"078010",13.3
142.03,-36.46,1891,12,"078010",37.2
142.03,-36.46,1892,1,"078010",16.3
142.03,-36.46,1892,2,"078010",3
142.03,-36.46,1892,3,"078010",9.6
142.03,-36.46,1892,4,"078010",40.7
142.03,-36.46,1892,5,"078010",34.7
142.03,-36.46,1892,6,"078010",39.2
142.03,-36.46,1892,7,"078010",57.7
142.03,-36.46,1892,8,"078010",60.6
142.03,-36.46,1892,9,"078010",50.2
142.03,-36.46,1892,10,"078010",41.2
142.03,-36.46,1892,11,"078010",25.2
142.03,-36.46,1892,12,"078010",39.9
142.03,-36.46,1893,1,"078010",2.3
142.03,-36.46,1893,2,"078010",0
142.03,-36.46,1893,3,"078010",32.6
142.03,-36.46,1893,4,"078010",41.8
142.03,-36.46,1893,5,"078010",136.1
142.03,-36.46,1893,6,"078010",69.5
142.03,-36.46,1893,7,"078010",48.9
142.03,-36.46,1893,8,"078010",41.1
142.03,-36.46,1893,9,"078010",38.7
142.03,-36.46,1893,10,"078010",60.9
142.03,-36.46,1893,11,"078010",36.9
142.03,-36.46,1893,12,"078010",7.1
142.03,-36.46,1894,1,"078010",2.5
142.03,-36.46,1894,2,"078010",0
142.03,-36.46,1894,3,"078010",47.5
142.03,-36.46,1894,4,"078010",8.4
142.03,-36.46,1894,5,"078010",15.3
142.03,-36.46,1894,6,"078010",43.4
142.03,-36.46,1894,7,"078010",46.6
142.03,-36.46,1894,8,"078010",64.4
142.03,-36.46,1894,9,"078010",33.7
142.03,-36.46,1894,10,"078010",129.9
142.03,-36.46,1894,11,"078010",6.3
142.03,-36.46,1894,12,"078010",64.9
142.03,-36.46,1895,1,"078010",33.5
142.03,-36.46,1895,2,"078010",0
142.03,-36.46,1895,3,"078010",7.6
142.03,-36.46,1895,4,"078010",55.4
142.03,-36.46,1895,5,"078010",7
142.03,-36.46,1895,6,"078010",27
142.03,-36.46,1895,7,"078010",35.5
142.03,-36.46,1895,8,"078010",61.5
142.03,-36.46,1895,9,"078010",26.9
142.03,-36.46,1895,10,"078010",26.1
142.03,-36.46,1895,11,"078010",13.7
142.03,-36.46,1895,12,"078010",17
142.03,-36.46,1896,1,"078010",20.1
142.03,-36.46,1896,2,"078010",10.3
142.03,-36.46,1896,3,"078010",19.9
142.03,-36.46,1896,4,"078010",59.8
142.03,-36.46,1896,5,"078010",37.4
142.03,-36.46,1896,6,"078010",20.9
142.03,-36.46,1896,7,"078010",23.8
142.03,-36.46,1896,8,"078010",23.4
142.03,-36.46,1896,9,"078010",19.1
142.03,-36.46,1896,10,"078010",9.4
142.03,-36.46,1896,11,"078010",50
142.03,-36.46,1896,12,"078010",31.2
142.03,-36.46,1897,1,"078010",56.7
142.03,-36.46,1897,2,"078010",16.3
142.03,-36.46,1897,3,"078010",17
142.03,-36.46,1897,4,"078010",8.9
142.03,-36.46,1897,5,"078010",14.7
142.03,-36.46,1897,6,"078010",27.3
142.03,-36.46,1897,7,"078010",19.9
142.03,-36.46,1897,8,"078010",80.3
142.03,-36.46,1897,9,"078010",31
142.03,-36.46,1897,10,"078010",33.5
142.03,-36.46,1897,11,"078010",10.4
142.03,-36.46,1897,12,"078010",10.2
142.03,-36.46,1898,1,"078010",0
142.03,-36.46,1898,2,"078010",31
142.03,-36.46,1898,3,"078010",3.8
142.03,-36.46,1898,4,"078010",43.3
142.03,-36.46,1898,5,"078010",49.8
142.03,-36.46,1898,6,"078010",89
142.03,-36.46,1898,7,"078010",60
142.03,-36.46,1898,8,"078010",23
142.03,-36.46,1898,9,"078010",38.8
142.03,-36.46,1898,10,"078010",24.4
142.03,-36.46,1898,11,"078010",18.3
142.03,-36.46,1898,12,"078010",26.2
142.03,-36.46,1899,1,"078010",41.4
142.03,-36.46,1899,2,"078010",48.6
142.03,-36.46,1899,3,"078010",28
142.03,-36.46,1899,4,"078010",21.6
142.03,-36.46,1899,5,"078010",22.1
142.03,-36.46,1899,6,"078010",80.7
142.03,-36.46,1899,7,"078010",5.3
142.03,-36.46,1899,8,"078010",16.1
142.03,-36.46,1899,9,"078010",21.3
142.03,-36.46,1899,10,"078010",19.5
142.03,-36.46,1899,11,"078010",26.9
142.03,-36.46,1899,12,"078010",5.7
142.03,-36.46,1900,1,"078010",10.7
142.03,-36.46,1900,2,"078010",0.3
142.03,-36.46,1900,3,"078010",43.7
142.03,-36.46,1900,4,"078010",45.1
142.03,-36.46,1900,5,"078010",87.2
142.03,-36.46,1900,6,"078010",77
142.03,-36.46,1900,7,"078010",9.6
142.03,-36.46,1900,8,"078010",73.3
142.03,-36.46,1900,9,"078010",31.8
142.03,-36.46,1900,10,"078010",13.5
142.03,-36.46,1900,11,"078010",11.9
142.03,-36.46,1900,12,"078010",18
142.03,-36.46,1901,1,"078010",11.1
142.03,-36.46,1901,2,"078010",4.9
142.03,-36.46,1901,3,"078010",15
142.03,-36.46,1901,4,"078010",29.9
142.03,-36.46,1901,5,"078010",9.6
142.03,-36.46,1901,6,"078010",67.6
142.03,-36.46,1901,7,"078010",33.8
142.03,-36.46,1901,8,"078010",22.1
142.03,-36.46,1901,9,"078010",59.4
142.03,-36.46,1901,10,"078010",46.4
142.03,-36.46,1901,11,"078010",9.1
142.03,-36.46,1901,12,"078010",36
142.03,-36.46,1902,1,"078010",5.1
142.03,-36.46,1902,2,"078010",4.8
142.03,-36.46,1902,3,"078010",20.1
142.03,-36.46,1902,4,"078010",1.8
142.03,-36.46,1902,5,"078010",13
142.03,-36.46,1902,6,"078010",38.4
142.03,-36.46,1902,7,"078010",11.2
142.03,-36.46,1902,8,"078010",20.1
142.03,-36.46,1902,9,"078010",14
142.03,-36.46,1902,10,"078010",21.6
142.03,-36.46,1902,11,"078010",7.4
142.03,-36.46,1902,12,"078010",58.1
142.03,-36.46,1903,1,"078010",6.1
142.03,-36.46,1903,2,"078010",11.4
142.03,-36.46,1903,3,"078010",57.7
142.03,-36.46,1903,4,"078010",60.3
142.03,-36.46,1903,5,"078010",46.5
142.03,-36.46,1903,6,"078010",49.8
142.03,-36.46,1903,7,"078010",45.2
142.03,-36.46,1903,8,"078010",41.1
142.03,-36.46,1903,9,"078010",75
142.03,-36.46,1903,10,"078010",28.9
142.03,-36.46,1903,11,"078010",47.3
142.03,-36.46,1903,12,"078010",39.1
142.03,-36.46,1904,1,"078010",28.4
142.03,-36.46,1904,2,"078010",37.3
142.03,-36.46,1904,3,"078010",5.6
142.03,-36.46,1904,4,"078010",28.5
142.03,-36.46,1904,5,"078010",35.6
142.03,-36.46,1904,6,"078010",36.8
142.03,-36.46,1904,7,"078010",51.9
142.03,-36.46,1904,8,"078010",39.9
142.03,-36.46,1904,9,"078010",13
142.03,-36.46,1904,10,"078010",102.2
142.03,-36.46,1904,11,"078010",12.9
142.03,-36.46,1904,12,"078010",0
142.03,-36.46,1905,1,"078010",28.4
142.03,-36.46,1905,2,"078010",17.5
142.03,-36.46,1905,3,"078010",0
142.03,-36.46,1905,4,"078010",52.6
142.03,-36.46,1905,5,"078010",54.3
142.03,-36.46,1905,6,"078010",57.3
142.03,-36.46,1905,7,"078010",41.6
142.03,-36.46,1905,8,"078010",19.4
142.03,-36.46,1905,9,"078010",33.7
142.03,-36.46,1905,10,"078010",58.5
142.03,-36.46,1905,11,"078010",9.1
142.03,-36.46,1905,12,"078010",1
142.03,-36.46,1906,1,"078010",1.8
142.03,-36.46,1906,2,"078010",31.5
142.03,-36.46,1906,3,"078010",26.3
142.03,-36.46,1906,4,"078010",6.4
142.03,-36.46,1906,5,"078010",81
142.03,-36.46,1906,6,"078010",71.9
142.03,-36.46,1906,7,"078010",60.3
142.03,-36.46,1906,8,"078010",40
142.03,-36.46,1906,9,"078010",50.5
142.03,-36.46,1906,10,"078010",43
142.03,-36.46,1906,11,"078010",88.3
142.03,-36.46,1906,12,"078010",19.5
142.03,-36.46,1907,1,"078010",0
142.03,-36.46,1907,2,"078010",21.8
142.03,-36.46,1907,3,"078010",3.8
142.03,-36.46,1907,4,"078010",47.7
142.03,-36.46,1907,5,"078010",72.6
142.03,-36.46,1907,6,"078010",26.4
142.03,-36.46,1907,7,"078010",59.4
142.03,-36.46,1907,8,"078010",52.8
142.03,-36.46,1907,9,"078010",19.6
142.03,-36.46,1907,10,"078010",9.1
142.03,-36.46,1907,11,"078010",36.4
142.03,-36.46,1907,12,"078010",23.5
142.03,-36.46,1908,1,"078010",8.3
142.03,-36.46,1908,2,"078010",21.1
142.03,-36.46,1908,3,"078010",10.4
142.03,-36.46,1908,4,"078010",0
142.03,-36.46,1908,5,"078010",86.4
142.03,-36.46,1908,6,"078010",53.1
142.03,-36.46,1908,7,"078010",28.4
142.03,-36.46,1908,8,"078010",42.9
142.03,-36.46,1908,9,"078010",111.2
142.03,-36.46,1908,10,"078010",53
142.03,-36.46,1908,11,"078010",9.8
142.03,-36.46,1908,12,"078010",10.9
142.03,-36.46,1909,1,"078010",22.4
142.03,-36.46,1909,2,"078010",9.4
142.03,-36.46,1909,3,"078010",30.8
142.03,-36.46,1909,4,"078010",36.9
142.03,-36.46,1909,5,"078010",46.8
142.03,-36.46,1909,6,"078010",78.1
142.03,-36.46,1909,7,"078010",89.8
142.03,-36.46,1909,8,"078010",120.4
142.03,-36.46,1909,9,"078010",22.9
142.03,-36.46,1909,10,"078010",27.1
142.03,-36.46,1909,11,"078010",25.1
142.03,-36.46,1909,12,"078010",8.4
142.03,-36.46,1910,1,"078010",14.2
142.03,-36.46,1910,2,"078010",0
142.03,-36.46,1910,3,"078010",136.4
142.03,-36.46,1910,4,"078010",3.8
142.03,-36.46,1910,5,"078010",64.5
142.03,-36.46,1910,6,"078010",74.5
142.03,-36.46,1910,7,"078010",73.1
142.03,-36.46,1910,8,"078010",49
142.03,-36.46,1910,9,"078010",88.2
142.03,-36.46,1910,10,"078010",27
142.03,-36.46,1910,11,"078010",55.1
142.03,-36.46,1910,12,"078010",17.8
142.03,-36.46,1911,1,"078010",3.5
142.03,-36.46,1911,2,"078010",170.9
142.03,-36.46,1911,3,"078010",32
142.03,-36.46,1911,4,"078010",9.9
142.03,-36.46,1911,5,"078010",49.9
142.03,-36.46,1911,6,"078010",56.7
142.03,-36.46,1911,7,"078010",37.4
142.03,-36.46,1911,8,"078010",15
142.03,-36.46,1911,9,"078010",100.6
142.03,-36.46,1911,10,"078010",9.9
142.03,-36.46,1911,11,"078010",0
142.03,-36.46,1911,12,"078010",55
142.03,-36.46,1912,1,"078010",0
142.03,-36.46,1912,2,"078010",2.5
142.03,-36.46,1912,3,"078010",16.1
142.03,-36.46,1912,4,"078010",5.6
142.03,-36.46,1912,5,"078010",6.4
142.03,-36.46,1912,6,"078010",76.6
142.03,-36.46,1912,7,"078010",67.8
142.03,-36.46,1912,8,"078010",34.7
142.03,-36.46,1912,9,"078010",83.9
142.03,-36.46,1912,10,"078010",10.4
142.03,-36.46,1912,11,"078010",37
142.03,-36.46,1912,12,"078010",43
142.03,-36.46,1913,1,"078010",0
142.03,-36.46,1913,2,"078010",52.6
142.03,-36.46,1913,3,"078010",38.1
142.03,-36.46,1913,4,"078010",24.4
142.03,-36.46,1913,5,"078010",30.7
142.03,-36.46,1913,6,"078010",0
142.03,-36.46,1913,7,"078010",18.1
142.03,-36.46,1913,8,"078010",37
142.03,-36.46,1913,9,"078010",93.2
142.03,-36.46,1913,10,"078010",69.5
142.03,-36.46,1913,11,"078010",16.5
142.03,-36.46,1913,12,"078010",16.3
142.03,-36.46,1914,1,"078010",6.1
142.03,-36.46,1914,2,"078010",14.3
142.03,-36.46,1914,3,"078010",14.8
142.03,-36.46,1914,4,"078010",47
142.03,-36.46,1914,5,"078010",19.9
142.03,-36.46,1914,6,"078010",13
142.03,-36.46,1914,7,"078010",18.7
142.03,-36.46,1914,8,"078010",9.1
142.03,-36.46,1914,9,"078010",4.9
142.03,-36.46,1914,10,"078010",0.8
142.03,-36.46,1914,11,"078010",43.4
142.03,-36.46,1914,12,"078010",28.3
142.03,-36.46,1915,1,"078010",13.9
142.03,-36.46,1915,2,"078010",0
142.03,-36.46,1915,3,"078010",1.3
142.03,-36.46,1915,4,"078010",39.6
142.03,-36.46,1915,5,"078010",42.5
142.03,-36.46,1915,6,"078010",83.6
142.03,-36.46,1915,7,"078010",47.6
142.03,-36.46,1915,8,"078010",57
142.03,-36.46,1915,9,"078010",117.7
142.03,-36.46,1915,10,"078010",19.3
142.03,-36.46,1915,11,"078010",7.6
142.03,-36.46,1915,12,"078010",25.9
142.03,-36.46,1916,1,"078010",30.8
142.03,-36.46,1916,2,"078010",7.6
142.03,-36.46,1916,3,"078010",0.8
142.03,-36.46,1916,4,"078010",13.6
142.03,-36.46,1916,5,"078010",17.6
142.03,-36.46,1916,6,"078010",105.7
142.03,-36.46,1916,7,"078010",65.8
142.03,-36.46,1916,8,"078010",72.2
142.03,-36.46,1916,9,"078010",89
142.03,-36.46,1916,10,"078010",49.6
142.03,-36.46,1916,11,"078010",56.6
142.03,-36.46,1916,12,"078010",59.9
142.03,-36.46,1917,1,"078010",12.2
142.03,-36.46,1917,2,"078010",60.3
142.03,-36.46,1917,3,"078010",22.1
142.03,-36.46,1917,4,"078010",11.9
142.03,-36.46,1917,5,"078010",68.1
142.03,-36.46,1917,6,"078010",25.8
142.03,-36.46,1917,7,"078010",96.6
142.03,-36.46,1917,8,"078010",45.3
142.03,-36.46,1917,9,"078010",69.5
142.03,-36.46,1917,10,"078010",103.1
142.03,-36.46,1917,11,"078010",12.5
142.03,-36.46,1917,12,"078010",14.4
142.03,-36.46,1918,1,"078010",17.6
142.03,-36.46,1918,2,"078010",34.3
142.03,-36.46,1918,3,"078010",14
142.03,-36.46,1918,4,"078010",32.5
142.03,-36.46,1918,5,"078010",60.9
142.03,-36.46,1918,6,"078010",65.7
142.03,-36.46,1918,7,"078010",39.7
142.03,-36.46,1918,8,"078010",51.1
142.03,-36.46,1918,9,"078010",5.8
142.03,-36.46,1918,10,"078010",41.7
142.03,-36.46,1918,11,"078010",2.4
142.03,-36.46,1918,12,"078010",7.7
142.03,-36.46,1919,1,"078010",2.5
142.03,-36.46,1919,2,"078010",71.9
142.03,-36.46,1919,3,"078010",36.6
142.03,-36.46,1919,4,"078010",2.1
142.03,-36.46,1919,5,"078010",49.9
142.03,-36.46,1919,6,"078010",22.4
142.03,-36.46,1919,7,"078010",26.9
142.03,-36.46,1919,8,"078010",23.2
142.03,-36.46,1919,9,"078010",42.2
142.03,-36.46,1919,10,"078010",20.8
142.03,-36.46,1919,11,"078010",2
142.03,-36.46,1919,12,"078010",32.1
142.03,-36.46,1920,1,"078010",1.5
142.03,-36.46,1920,2,"078010",0.8
142.03,-36.46,1920,3,"078010",18.6
142.03,-36.46,1920,4,"078010",2.8
142.03,-36.46,1920,5,"078010",34.8
142.03,-36.46,1920,6,"078010",65.3
142.03,-36.46,1920,7,"078010",42.2
142.03,-36.46,1920,8,"078010",83.9
142.03,-36.46,1920,9,"078010",73.2
142.03,-36.46,1920,10,"078010",39.5
142.03,-36.46,1920,11,"078010",42.6
142.03,-36.46,1920,12,"078010",16
142.03,-36.46,1921,1,"078010",33.5
142.03,-36.46,1921,2,"078010",5.6
142.03,-36.46,1921,3,"078010",44.4
142.03,-36.46,1921,4,"078010",9.5
142.03,-36.46,1921,5,"078010",49.7
142.03,-36.46,1921,6,"078010",39.3
142.03,-36.46,1921,7,"078010",52.3
142.03,-36.46,1921,8,"078010",64.1
142.03,-36.46,1921,9,"078010",49.7
142.03,-36.46,1921,10,"078010",34.7
142.03,-36.46,1921,11,"078010",32.5
142.03,-36.46,1921,12,"078010",17.8
142.03,-36.46,1922,1,"078010",15
142.03,-36.46,1922,2,"078010",8.1
142.03,-36.46,1922,3,"078010",1
142.03,-36.46,1922,4,"078010",21.4
142.03,-36.46,1922,5,"078010",78.4
142.03,-36.46,1922,6,"078010",61.8
142.03,-36.46,1922,7,"078010",43.8
142.03,-36.46,1922,8,"078010",42.9
142.03,-36.46,1922,9,"078010",62.7
142.03,-36.46,1922,10,"078010",34.8
142.03,-36.46,1922,11,"078010",4.1
142.03,-36.46,1922,12,"078010",48.2
142.03,-36.46,1923,1,"078010",11.2
142.03,-36.46,1923,2,"078010",2.8
142.03,-36.46,1923,3,"078010",0
142.03,-36.46,1923,4,"078010",0
142.03,-36.46,1923,5,"078010",74.9
142.03,-36.46,1923,6,"078010",125.5
142.03,-36.46,1923,7,"078010",78.2
142.03,-36.46,1923,8,"078010",33.5
142.03,-36.46,1923,9,"078010",46.3
142.03,-36.46,1923,10,"078010",35.6
142.03,-36.46,1923,11,"078010",13.5
142.03,-36.46,1923,12,"078010",35.5
142.03,-36.46,1924,1,"078010",9.9
142.03,-36.46,1924,2,"078010",72.9
142.03,-36.46,1924,3,"078010",36.3
142.03,-36.46,1924,4,"078010",9.5
142.03,-36.46,1924,5,"078010",31.6
142.03,-36.46,1924,6,"078010",51.4
142.03,-36.46,1924,7,"078010",13.6
142.03,-36.46,1924,8,"078010",59
142.03,-36.46,1924,9,"078010",72.2
142.03,-36.46,1924,10,"078010",66.1
142.03,-36.46,1924,11,"078010",130.9
142.03,-36.46,1924,12,"078010",1.1
142.03,-36.46,1925,1,"078010",18.6
142.03,-36.46,1925,2,"078010",10.5
142.03,-36.46,1925,3,"078010",6.9
142.03,-36.46,1925,4,"078010",14.3
142.03,-36.46,1925,5,"078010",97.9
142.03,-36.46,1925,6,"078010",48.2
142.03,-36.46,1925,7,"078010",32.6
142.03,-36.46,1925,8,"078010",28.7
142.03,-36.46,1925,9,"078010",41.6
142.03,-36.46,1925,10,"078010",5.7
142.03,-36.46,1925,11,"078010",16.6
142.03,-36.46,1925,12,"078010",4.1
142.03,-36.46,1926,1,"078010",0
142.03,-36.46,1926,2,"078010",3.5
142.03,-36.46,1926,3,"078010",9.9
142.03,-36.46,1926,4,"078010",52.4
142.03,-36.46,1926,5,"078010",99.2
142.03,-36.46,1926,6,"078010",27.9
142.03,-36.46,1926,7,"078010",60.6
142.03,-36.46,1926,8,"078010",43.4
142.03,-36.46,1926,9,"078010",38.3
142.03,-36.46,1926,10,"078010",39.2
142.03,-36.46,1926,11,"078010",3.5
142.03,-36.46,1926,12,"078010",14.5
142.03,-36.46,1927,1,"078010",6.3
142.03,-36.46,1927,2,"078010",10.4
142.03,-36.46,1927,3,"078010",13.1
142.03,-36.46,1927,4,"078010",0.3
142.03,-36.46,1927,5,"078010",42.7
142.03,-36.46,1927,6,"078010",29.9
142.03,-36.46,1927,7,"078010",51.8
142.03,-36.46,1927,8,"078010",55.9
142.03,-36.46,1927,9,"078010",20.1
142.03,-36.46,1927,10,"078010",14.5
142.03,-36.46,1927,11,"078010",19.1
142.03,-36.46,1927,12,"078010",22.9
142.03,-36.46,1928,1,"078010",39.4
142.03,-36.46,1928,2,"078010",99.3
142.03,-36.46,1928,3,"078010",38.5
142.03,-36.46,1928,4,"078010",33.3
142.03,-36.46,1928,5,"078010",23.9
142.03,-36.46,1928,6,"078010",52.9
142.03,-36.46,1928,7,"078010",41.5
142.03,-36.46,1928,8,"078010",6.5
142.03,-36.46,1928,9,"078010",37.2
142.03,-36.46,1928,10,"078010",62.9
142.03,-36.46,1928,11,"078010",1
142.03,-36.46,1928,12,"078010",3.3
142.03,-36.46,1929,1,"078010",16.6
142.03,-36.46,1929,2,"078010",12.5
142.03,-36.46,1929,3,"078010",35.3
142.03,-36.46,1929,4,"078010",24
142.03,-36.46,1929,5,"078010",27.8
142.03,-36.46,1929,6,"078010",42.8
142.03,-36.46,1929,7,"078010",22.1
142.03,-36.46,1929,8,"078010",27.3
142.03,-36.46,1929,9,"078010",20.8
142.03,-36.46,1929,10,"078010",30.5
142.03,-36.46,1929,11,"078010",13.8
142.03,-36.46,1929,12,"078010",83.1
142.03,-36.46,1930,1,"078010",0
142.03,-36.46,1930,2,"078010",24.3
142.03,-36.46,1930,3,"078010",1.6
142.03,-36.46,1930,4,"078010",33.4
142.03,-36.46,1930,5,"078010",22.1
142.03,-36.46,1930,6,"078010",8.5
142.03,-36.46,1930,7,"078010",62.3
142.03,-36.46,1930,8,"078010",56.2
142.03,-36.46,1930,9,"078010",35.9
142.03,-36.46,1930,10,"078010",71.1
142.03,-36.46,1930,11,"078010",43.9
142.03,-36.46,1930,12,"078010",69.7
142.03,-36.46,1931,1,"078010",3.4
142.03,-36.46,1931,2,"078010",0.6
142.03,-36.46,1931,3,"078010",28.2
142.03,-36.46,1931,4,"078010",85.8
142.03,-36.46,1931,5,"078010",47.4
142.03,-36.46,1931,6,"078010",94.4
142.03,-36.46,1931,7,"078010",35.8
142.03,-36.46,1931,8,"078010",34.2
142.03,-36.46,1931,9,"078010",35.9
142.03,-36.46,1931,10,"078010",6.2
142.03,-36.46,1931,11,"078010",76.1
142.03,-36.46,1931,12,"078010",5.1
142.03,-36.46,1932,1,"078010",0
142.03,-36.46,1932,2,"078010",76.4
142.03,-36.46,1932,3,"078010",39.7
142.03,-36.46,1932,4,"078010",39.5
142.03,-36.46,1932,5,"078010",21.7
142.03,-36.46,1932,6,"078010",41.5
142.03,-36.46,1932,7,"078010",49.3
142.03,-36.46,1932,8,"078010",45.7
142.03,-36.46,1932,9,"078010",17
142.03,-36.46,1932,10,"078010",28.6
142.03,-36.46,1932,11,"078010",22.6
142.03,-36.46,1932,12,"078010",14.5
142.03,-36.46,1933,1,"078010",34.3
142.03,-36.46,1933,2,"078010",0
142.03,-36.46,1933,3,"078010",19.4
142.03,-36.46,1933,4,"078010",23.4
142.03,-36.46,1933,5,"078010",78.6
142.03,-36.46,1933,6,"078010",28.7
142.03,-36.46,1933,7,"078010",29
142.03,-36.46,1933,8,"078010",31.6
142.03,-36.46,1933,9,"078010",62.5
142.03,-36.46,1933,10,"078010",23.2
142.03,-36.46,1933,11,"078010",93.9
142.03,-36.46,1933,12,"078010",62
142.03,-36.46,1934,1,"078010",3.8
142.03,-36.46,1934,2,"078010",14.2
142.03,-36.46,1934,3,"078010",4.8
142.03,-36.46,1934,4,"078010",41.4
142.03,-36.46,1934,5,"078010",0
142.03,-36.46,1934,6,"078010",24.3
142.03,-36.46,1934,7,"078010",28.7
142.03,-36.46,1934,8,"078010",34.8
142.03,-36.46,1934,9,"078010",36.4
142.03,-36.46,1934,10,"078010",88.6
142.03,-36.46,1934,11,"078010",121.7
142.03,-36.46,1934,12,"078010",18
142.03,-36.46,1935,1,"078010",4.3
142.03,-36.46,1935,2,"078010",2.8
142.03,-36.46,1935,3,"078010",31.8
142.03,-36.46,1935,4,"078010",32.2
142.03,-36.46,1935,5,"078010",19.9
142.03,-36.46,1935,6,"078010",35.2
142.03,-36.46,1935,7,"078010",55.1
142.03,-36.46,1935,8,"078010",33.9
142.03,-36.46,1935,9,"078010",55
142.03,-36.46,1935,10,"078010",18
142.03,-36.46,1935,11,"078010",11.9
142.03,-36.46,1935,12,"078010",11.4
142.03,-36.46,1936,1,"078010",50.3
142.03,-36.46,1936,2,"078010",1.5
142.03,-36.46,1936,3,"078010",16.1
142.03,-36.46,1936,4,"078010",4.9
142.03,-36.46,1936,5,"078010",55.5
142.03,-36.46,1936,6,"078010",54.6
142.03,-36.46,1936,7,"078010",113.6
142.03,-36.46,1936,8,"078010",41.9
142.03,-36.46,1936,9,"078010",14.4
142.03,-36.46,1936,10,"078010",52.1
142.03,-36.46,1936,11,"078010",7.5
142.03,-36.46,1936,12,"078010",41
142.03,-36.46,1937,1,"078010",51.4
142.03,-36.46,1937,2,"078010",21.8
142.03,-36.46,1937,3,"078010",28.7
142.03,-36.46,1937,4,"078010",6.7
142.03,-36.46,1937,5,"078010",18.1
142.03,-36.46,1937,6,"078010",45.9
142.03,-36.46,1937,7,"078010",17.9
142.03,-36.46,1937,8,"078010",54.9
142.03,-36.46,1937,9,"078010",43.8
142.03,-36.46,1937,10,"078010",57
142.03,-36.46,1937,11,"078010",5.3
142.03,-36.46,1937,12,"078010",83.7
142.03,-36.46,1938,1,"078010",62.8
142.03,-36.46,1938,2,"078010",8.9
142.03,-36.46,1938,3,"078010",1
142.03,-36.46,1938,4,"078010",24.6
142.03,-36.46,1938,5,"078010",3.6
142.03,-36.46,1938,6,"078010",36.8
142.03,-36.46,1938,7,"078010",39.1
142.03,-36.46,1938,8,"078010",11.3
142.03,-36.46,1938,9,"078010",9.5
142.03,-36.46,1938,10,"078010",4.3
142.03,-36.46,1938,11,"078010",17.9
142.03,-36.46,1938,12,"078010",1.4
142.03,-36.46,1939,1,"078010",50.1
142.03,-36.46,1939,2,"078010",41.8
142.03,-36.46,1939,3,"078010",2
142.03,-36.46,1939,4,"078010",26.8
142.03,-36.46,1939,5,"078010",58.9
142.03,-36.46,1939,6,"078010",46.5
142.03,-36.46,1939,7,"078010",27.9
142.03,-36.46,1939,8,"078010",84.9
142.03,-36.46,1939,9,"078010",16.6
142.03,-36.46,1939,10,"078010",18.6
142.03,-36.46,1939,11,"078010",56.7
142.03,-36.46,1939,12,"078010",8.6
142.03,-36.46,1940,1,"078010",17.8
142.03,-36.46,1940,2,"078010",1.3
142.03,-36.46,1940,3,"078010",4.9
142.03,-36.46,1940,4,"078010",64
142.03,-36.46,1940,5,"078010",22.9
142.03,-36.46,1940,6,"078010",10.7
142.03,-36.46,1940,7,"078010",37.1
142.03,-36.46,1940,8,"078010",10.1
142.03,-36.46,1940,9,"078010",22.9
142.03,-36.46,1940,10,"078010",15
142.03,-36.46,1940,11,"078010",46.5
142.03,-36.46,1940,12,"078010",20.4
142.03,-36.46,1941,1,"078010",121.5
142.03,-36.46,1941,2,"078010",4.6
142.03,-36.46,1941,3,"078010",45.3
142.03,-36.46,1941,4,"078010",29.6
142.03,-36.46,1941,5,"078010",9.2
142.03,-36.46,1941,6,"078010",50
142.03,-36.46,1941,7,"078010",64.1
142.03,-36.46,1941,8,"078010",16.5
142.03,-36.46,1941,9,"078010",61.7
142.03,-36.46,1941,10,"078010",29.5
142.03,-36.46,1941,11,"078010",20.8
142.03,-36.46,1941,12,"078010",8.9
142.03,-36.46,1942,1,"078010",20.6
142.03,-36.46,1942,2,"078010",26.5
142.03,-36.46,1942,3,"078010",5.8
142.03,-36.46,1942,4,"078010",34.8
142.03,-36.46,1942,5,"078010",69.5
142.03,-36.46,1942,6,"078010",59.5
142.03,-36.46,1942,7,"078010",43.9
142.03,-36.46,1942,8,"078010",76.5
142.03,-36.46,1942,9,"078010",50.7
142.03,-36.46,1942,10,"078010",48.3
142.03,-36.46,1942,11,"078010",68.4
142.03,-36.46,1942,12,"078010",14
142.03,-36.46,1943,1,"078010",16.2
142.03,-36.46,1943,2,"078010",43.6
142.03,-36.46,1943,3,"078010",7.1
142.03,-36.46,1943,4,"078010",26.7
142.03,-36.46,1943,5,"078010",10.4
142.03,-36.46,1943,6,"078010",42.6
142.03,-36.46,1943,7,"078010",39.4
142.03,-36.46,1943,8,"078010",50.8
142.03,-36.46,1943,9,"078010",45.5
142.03,-36.46,1943,10,"078010",29.1
142.03,-36.46,1943,11,"078010",10.4
142.03,-36.46,1943,12,"078010",10.7
142.03,-36.46,1944,1,"078010",15.2
142.03,-36.46,1944,2,"078010",12.3
142.03,-36.46,1944,3,"078010",2.8
142.03,-36.46,1944,4,"078010",26.9
142.03,-36.46,1944,5,"078010",41.6
142.03,-36.46,1944,6,"078010",4.1
142.03,-36.46,1944,7,"078010",18.5
142.03,-36.46,1944,8,"078010",0.8
142.03,-36.46,1944,9,"078010",10.9
142.03,-36.46,1944,10,"078010",32.7
142.03,-36.46,1944,11,"078010",9
142.03,-36.46,1944,12,"078010",26.8
142.03,-36.46,1945,1,"078010",16.2
142.03,-36.46,1945,2,"078010",67.9
142.03,-36.46,1945,3,"078010",6.8
142.03,-36.46,1945,4,"078010",0.5
142.03,-36.46,1945,5,"078010",25.6
142.03,-36.46,1945,6,"078010",49.1
142.03,-36.46,1945,7,"078010",32.5
142.03,-36.46,1945,8,"078010",54.6
142.03,-36.46,1945,9,"078010",19.7
142.03,-36.46,1945,10,"078010",22.9
142.03,-36.46,1945,11,"078010",34.7
142.03,-36.46,1945,12,"078010",13.5
142.03,-36.46,1946,1,"078010",76.3
142.03,-36.46,1946,2,"078010",90.5
142.03,-36.46,1946,3,"078010",71.9
142.03,-36.46,1946,4,"078010",12.3
142.03,-36.46,1946,5,"078010",18
142.03,-36.46,1946,6,"078010",56.8
142.03,-36.46,1946,7,"078010",66.2
142.03,-36.46,1946,8,"078010",34.7
142.03,-36.46,1946,9,"078010",21.6
142.03,-36.46,1946,10,"078010",24.1
142.03,-36.46,1946,11,"078010",12.7
142.03,-36.46,1946,12,"078010",28
142.03,-36.46,1947,1,"078010",3.3
142.03,-36.46,1947,2,"078010",47
142.03,-36.46,1947,3,"078010",77.4
142.03,-36.46,1947,4,"078010",20.4
142.03,-36.46,1947,5,"078010",14
142.03,-36.46,1947,6,"078010",53.8
142.03,-36.46,1947,7,"078010",74.1
142.03,-36.46,1947,8,"078010",41.9
142.03,-36.46,1947,9,"078010",54.3
142.03,-36.46,1947,10,"078010",68
142.03,-36.46,1947,11,"078010",27.2
142.03,-36.46,1947,12,"078010",56.1
142.03,-36.46,1948,1,"078010",4
142.03,-36.46,1948,2,"078010",16
142.03,-36.46,1948,3,"078010",5.9
142.03,-36.46,1948,4,"078010",104.6
142.03,-36.46,1948,5,"078010",33
142.03,-36.46,1948,6,"078010",65.5
142.03,-36.46,1948,7,"078010",26.7
142.03,-36.46,1948,8,"078010",20.6
142.03,-36.46,1948,9,"078010",31
142.03,-36.46,1948,10,"078010",102.6
142.03,-36.46,1948,11,"078010",24.5
142.03,-36.46,1948,12,"078010",79.1
142.03,-36.46,1949,1,"078010",8.2
142.03,-36.46,1949,2,"078010",95
142.03,-36.46,1949,3,"078010",8.2
142.03,-36.46,1949,4,"078010",1
142.03,-36.46,1949,5,"078010",44.2
142.03,-36.46,1949,6,"078010",16.5
142.03,-36.46,1949,7,"078010",48.6
142.03,-36.46,1949,8,"078010",15
142.03,-36.46,1949,9,"078010",47.8
142.03,-36.46,1949,10,"078010",82.9
142.03,-36.46,1949,11,"078010",29.8
142.03,-36.46,1949,12,"078010",1.8
142.03,-36.46,1950,1,"078010",0.8
142.03,-36.46,1950,2,"078010",74.5
142.03,-36.46,1950,3,"078010",66.1
142.03,-36.46,1950,4,"078010",20.2
142.03,-36.46,1950,5,"078010",97.8
142.03,-36.46,1950,6,"078010",14
142.03,-36.46,1950,7,"078010",26.9
142.03,-36.46,1950,8,"078010",34.3
142.03,-36.46,1950,9,"078010",63.6
142.03,-36.46,1950,10,"078010",29.4
142.03,-36.46,1950,11,"078010",18.4
142.03,-36.46,1950,12,"078010",22.9
142.03,-36.46,1951,1,"078010",21.3
142.03,-36.46,1951,2,"078010",43.3
142.03,-36.46,1951,3,"078010",5.7
142.03,-36.46,1951,4,"078010",21.1
142.03,-36.46,1951,5,"078010",56.9
142.03,-36.46,1951,6,"078010",83.9
142.03,-36.46,1951,7,"078010",58
142.03,-36.46,1951,8,"078010",47.9
142.03,-36.46,1951,9,"078010",12
142.03,-36.46,1951,10,"078010",65.3
142.03,-36.46,1951,11,"078010",12.2
142.03,-36.46,1951,12,"078010",37.3
142.03,-36.46,1952,1,"078010",60.2
142.03,-36.46,1952,2,"078010",29.5
142.03,-36.46,1952,3,"078010",18.3
142.03,-36.46,1952,4,"078010",16.4
142.03,-36.46,1952,5,"078010",82.6
142.03,-36.46,1952,6,"078010",69.5
142.03,-36.46,1952,7,"078010",25.3
142.03,-36.46,1952,8,"078010",42.5
142.03,-36.46,1952,9,"078010",26.7
142.03,-36.46,1952,10,"078010",69
142.03,-36.46,1952,11,"078010",56.2
142.03,-36.46,1952,12,"078010",15.7
142.03,-36.46,1953,1,"078010",33.6
142.03,-36.46,1953,2,"078010",0.8
142.03,-36.46,1953,3,"078010",1.3
142.03,-36.46,1953,4,"078010",21.4
142.03,-36.46,1953,5,"078010",13.4
142.03,-36.46,1953,6,"078010",83
142.03,-36.46,1953,7,"078010",61.8
142.03,-36.46,1953,8,"078010",64.6
142.03,-36.46,1953,9,"078010",40.8
142.03,-36.46,1953,10,"078010",41
142.03,-36.46,1953,11,"078010",56.2
142.03,-36.46,1953,12,"078010",35.1
142.03,-36.46,1954,1,"078010",68.1
142.03,-36.46,1954,2,"078010",0.5
142.03,-36.46,1954,3,"078010",7.1
142.03,-36.46,1954,4,"078010",99.1
142.03,-36.46,1954,5,"078010",8.3
142.03,-36.46,1954,6,"078010",22.9
142.03,-36.46,1954,7,"078010",36.9
142.03,-36.46,1954,8,"078010",31.5
142.03,-36.46,1954,9,"078010",14.5
142.03,-36.46,1954,10,"078010",36.6
142.03,-36.46,1954,11,"078010",42.6
142.03,-36.46,1954,12,"078010",52.6
142.03,-36.46,1955,1,"078010",0.5
142.03,-36.46,1955,2,"078010",40.5
142.03,-36.46,1955,3,"078010",15
142.03,-36.46,1955,4,"078010",16
142.03,-36.46,1955,5,"078010",51.1
142.03,-36.46,1955,6,"078010",118.4
142.03,-36.46,1955,7,"078010",44.8
142.03,-36.46,1955,8,"078010",100.9
142.03,-36.46,1955,9,"078010",30.6
142.03,-36.46,1955,10,"078010",42.5
142.03,-36.46,1955,11,"078010",40
142.03,-36.46,1955,12,"078010",12
142.03,-36.46,1956,1,"078010",17.1
142.03,-36.46,1956,2,"078010",0
142.03,-36.46,1956,3,"078010",47
142.03,-36.46,1956,4,"078010",68.8
142.03,-36.46,1956,5,"078010",84.9
142.03,-36.46,1956,6,"078010",62.3
142.03,-36.46,1956,7,"078010",63.4
142.03,-36.46,1956,8,"078010",36.6
142.03,-36.46,1956,9,"078010",46.8
142.03,-36.46,1956,10,"078010",37
142.03,-36.46,1956,11,"078010",17.9
142.03,-36.46,1956,12,"078010",9.1
142.03,-36.46,1957,1,"078010",2
142.03,-36.46,1957,2,"078010",142.2
142.03,-36.46,1957,3,"078010",18.1
142.03,-36.46,1957,4,"078010",9.4
142.03,-36.46,1957,5,"078010",12
142.03,-36.46,1957,6,"078010",31.4
142.03,-36.46,1957,7,"078010",30.2
142.03,-36.46,1957,8,"078010",26.9
142.03,-36.46,1957,9,"078010",19.6
142.03,-36.46,1957,10,"078010",37.6
142.03,-36.46,1957,11,"078010",23.5
142.03,-36.46,1957,12,"078010",5.5
142.03,-36.46,1958,1,"078010",2.1
142.03,-36.46,1958,2,"078010",2.8
142.03,-36.46,1958,3,"078010",5.6
142.03,-36.46,1958,4,"078010",7.9
142.03,-36.46,1958,5,"078010",57.3
142.03,-36.46,1958,6,"078010",10.5
142.03,-36.46,1958,7,"078010",63.4
142.03,-36.46,1958,8,"078010",71.7
142.03,-36.46,1958,9,"078010",25.1
142.03,-36.46,1958,10,"078010",64.3
142.03,-36.46,1958,11,"078010",47.7
142.03,-36.46,1958,12,"078010",2.8
142.03,-36.46,1959,1,"078010",29.2
142.03,-36.46,1959,2,"078010",52.2
142.03,-36.46,1959,3,"078010",16.8
142.03,-36.46,1959,4,"078010",17.8
142.03,-36.46,1959,5,"078010",5.4
142.03,-36.46,1959,6,"078010",11.3
142.03,-36.46,1959,7,"078010",12.2
142.03,-36.46,1959,8,"078010",50.1
142.03,-36.46,1959,9,"078010",29.2
142.03,-36.46,1959,10,"078010",32.9
142.03,-36.46,1959,11,"078010",27.4
142.03,-36.46,1959,12,"078010",36.9
142.03,-36.46,1960,1,"078010",26.7
142.03,-36.46,1960,2,"078010",35.3
142.03,-36.46,1960,3,"078010",39.7
142.03,-36.46,1960,4,"078010",48.5
142.03,-36.46,1960,5,"078010",92.3
142.03,-36.46,1960,6,"078010",22.6
142.03,-36.46,1960,7,"078010",40.5
142.03,-36.46,1960,8,"078010",40.6
142.03,-36.46,1960,9,"078010",76.2
142.03,-36.46,1960,10,"078010",14.7
142.03,-36.46,1960,11,"078010",59.7
142.03,-36.46,1960,12,"078010",37.5
142.03,-36.46,1961,1,"078010",3.8
142.03,-36.46,1961,2,"078010",17
142.03,-36.46,1961,3,"078010",21.8
142.03,-36.46,1961,4,"078010",65.8
142.03,-36.46,1961,5,"078010",19.1
142.03,-36.46,1961,6,"078010",42.8
142.03,-36.46,1961,7,"078010",41.8
142.03,-36.46,1961,8,"078010",15.5
142.03,-36.46,1961,9,"078010",26.9
142.03,-36.46,1961,10,"078010",26.2
142.03,-36.46,1961,11,"078010",34.8
142.03,-36.46,1961,12,"078010",41.6
142.03,-36.46,1962,1,"078010",9.3
142.03,-36.46,1962,2,"078010",10.9
142.03,-36.46,1962,3,"078010",12.5
142.03,-36.46,1962,4,"078010",10.4
142.03,-36.46,1962,5,"078010",46.3
142.03,-36.46,1962,6,"078010",43.9
142.03,-36.46,1962,7,"078010",18.4
142.03,-36.46,1962,8,"078010",52.1
142.03,-36.46,1962,9,"078010",69.9
142.03,-36.46,1962,10,"078010",42.3
142.03,-36.46,1962,11,"078010",14.6
142.03,-36.46,1962,12,"078010",26.9
142.03,-36.46,1963,1,"078010",75.7
142.03,-36.46,1963,2,"078010",3.3
142.03,-36.46,1963,3,"078010",16.8
142.03,-36.46,1963,4,"078010",3.8
142.03,-36.46,1963,5,"078010",49.8
142.03,-36.46,1963,6,"078010",63.4
142.03,-36.46,1963,7,"078010",41.8
142.03,-36.46,1963,8,"078010",59.1
142.03,-36.46,1963,9,"078010",65.1
142.03,-36.46,1963,10,"078010",28.2
142.03,-36.46,1963,11,"078010",4.8
142.03,-36.46,1963,12,"078010",7.6
142.03,-36.46,1964,1,"078010",2
142.03,-36.46,1964,2,"078010",5.3
142.03,-36.46,1964,3,"078010",7.6
142.03,-36.46,1964,4,"078010",47.3
142.03,-36.46,1964,5,"078010",18.6
142.03,-36.46,1964,6,"078010",59.1
142.03,-36.46,1964,7,"078010",75.9
142.03,-36.46,1964,8,"078010",54.5
142.03,-36.46,1964,9,"078010",82.7
142.03,-36.46,1964,10,"078010",89.6
142.03,-36.46,1964,11,"078010",90.9
142.03,-36.46,1964,12,"078010",43.8
142.03,-36.46,1965,1,"078010",0.8
142.03,-36.46,1965,2,"078010",0
142.03,-36.46,1965,3,"078010",5.7
142.03,-36.46,1965,4,"078010",18
142.03,-36.46,1965,5,"078010",45
142.03,-36.46,1965,6,"078010",22.1
142.03,-36.46,1965,7,"078010",59.2
142.03,-36.46,1965,8,"078010",55.8
142.03,-36.46,1965,9,"078010",11.3
142.03,-36.46,1965,10,"078010",13.7
142.03,-36.46,1965,11,"078010",37.6
142.03,-36.46,1965,12,"078010",28.2
142.03,-36.46,1966,1,"078010",18.3
142.03,-36.46,1966,2,"078010",28.7
142.03,-36.46,1966,3,"078010",9.3
142.03,-36.46,1966,4,"078010",5.7
142.03,-36.46,1966,5,"078010",17.8
142.03,-36.46,1966,6,"078010",38.5
142.03,-36.46,1966,7,"078010",54.9
142.03,-36.46,1966,8,"078010",25.2
142.03,-36.46,1966,9,"078010",53.8
142.03,-36.46,1966,10,"078010",41.7
142.03,-36.46,1966,11,"078010",12
142.03,-36.46,1966,12,"078010",46.2
142.03,-36.46,1967,1,"078010",3.8
142.03,-36.46,1967,2,"078010",21.1
142.03,-36.46,1967,3,"078010",3.1
142.03,-36.46,1967,4,"078010",2.8
142.03,-36.46,1967,5,"078010",22.2
142.03,-36.46,1967,6,"078010",8
142.03,-36.46,1967,7,"078010",34
142.03,-36.46,1967,8,"078010",26.5
142.03,-36.46,1967,9,"078010",14
142.03,-36.46,1967,10,"078010",1.8
142.03,-36.46,1967,11,"078010",3.3
142.03,-36.46,1967,12,"078010",22.3
142.03,-36.46,1971,1,"078010",4
142.03,-36.46,1971,2,"078010",20.6
142.03,-36.46,1971,3,"078010",14.7
142.03,-36.46,1971,4,"078010",93.1
142.03,-36.46,1971,5,"078010",25.1
142.03,-36.46,1971,6,"078010",43.7
142.03,-36.46,1971,7,"078010",22.5
142.03,-36.46,1971,8,"078010",35.3
142.03,-36.46,1971,9,"078010",45.1
142.03,-36.46,1971,10,"078010",35.6
142.03,-36.46,1971,11,"078010",53.3
142.03,-36.46,1971,12,"078010",25.9
142.03,-36.46,1972,1,"078010",27.9
142.03,-36.46,1972,2,"078010",41.7
142.03,-36.46,1972,3,"078010",1.3
142.03,-36.46,1972,4,"078010",35.9
142.03,-36.46,1972,5,"078010",27.5
142.03,-36.46,1972,6,"078010",11.5
142.03,-36.46,1972,7,"078010",37
142.03,-36.46,1972,8,"078010",46.9
142.03,-36.46,1972,9,"078010",15.5
142.03,-36.46,1972,10,"078010",15.5
142.03,-36.46,1972,11,"078010",23.9
142.03,-36.46,1972,12,"078010",2.3
142.03,-36.46,1973,1,"078010",77.6
142.03,-36.46,1973,2,"078010",123.5
142.03,-36.46,1973,3,"078010",19.7
142.03,-36.46,1973,4,"078010",25.5
142.03,-36.46,1973,5,"078010",68.1
142.03,-36.46,1973,6,"078010",57
142.03,-36.46,1973,7,"078010",74.1
142.03,-36.46,1973,8,"078010",55.2
142.03,-36.46,1973,9,"078010",53.4
142.03,-36.46,1973,10,"078010",179.7
142.03,-36.46,1973,11,"078010",15.3
142.03,-36.46,1973,12,"078010",11.9
142.03,-36.46,1974,1,"078010",125.2
142.03,-36.46,1974,2,"078010",44.8
142.03,-36.46,1974,3,"078010",44.6
142.03,-36.46,1974,4,"078010",94.8
142.03,-36.46,1974,5,"078010",81.8
142.03,-36.46,1974,6,"078010",9.4
142.03,-36.46,1974,7,"078010",57.6
142.03,-36.46,1974,8,"078010",76.6
142.03,-36.46,1974,9,"078010",67.4
142.03,-36.46,1974,10,"078010",76.4
142.03,-36.46,1974,11,"078010",5.2
142.03,-36.46,1974,12,"078010",5.6
142.03,-36.46,1975,1,"078010",21.2
142.03,-36.46,1975,2,"078010",0.6
142.03,-36.46,1975,3,"078010",16
142.03,-36.46,1975,4,"078010",11.2
142.03,-36.46,1975,5,"078010",40.7
142.03,-36.46,1975,6,"078010",8.8
142.03,-36.46,1975,7,"078010",47.6
142.03,-36.46,1975,8,"078010",22.4
142.03,-36.46,1975,9,"078010",58
142.03,-36.46,1975,10,"078010",153.1
142.03,-36.46,1975,11,"078010",24.6
142.03,-36.46,1975,12,"078010",23
142.03,-36.46,1976,1,"078010",23.8
142.03,-36.46,1976,2,"078010",16
142.03,-36.46,1976,3,"078010",11.8
142.03,-36.46,1976,4,"078010",17
142.03,-36.46,1976,5,"078010",6.8
142.03,-36.46,1976,6,"078010",24.6
142.03,-36.46,1976,7,"078010",23.6
142.03,-36.46,1976,8,"078010",28
142.03,-36.46,1976,9,"078010",43.6
142.03,-36.46,1976,10,"078010",31
142.03,-36.46,1976,11,"078010",78.6
142.03,-36.46,1976,12,"078010",34.4
142.03,-36.46,1977,1,"078010",15.2
142.03,-36.46,1977,2,"078010",26.6
142.03,-36.46,1977,3,"078010",22.8
142.03,-36.46,1977,4,"078010",6.2
142.03,-36.46,1977,5,"078010",54.8
142.03,-36.46,1977,6,"078010",38.8
142.03,-36.46,1977,7,"078010",12.6
142.03,-36.46,1977,8,"078010",16.7
142.03,-36.46,1977,9,"078010",19.6
142.03,-36.46,1977,10,"078010",28.4
142.03,-36.46,1977,11,"078010",35
142.03,-36.46,1977,12,"078010",NA
142.03,-36.46,1978,1,"078010",10
142.03,-36.46,1978,2,"078010",2.4
142.03,-36.46,1978,3,"078010",21
142.03,-36.46,1978,4,"078010",43.6
142.03,-36.46,1978,5,"078010",39.4
142.03,-36.46,1978,6,"078010",47
142.03,-36.46,1978,7,"078010",58
142.03,-36.46,1978,8,"078010",54.8
142.03,-36.46,1978,9,"078010",63.2
142.03,-36.46,1978,10,"078010",20.8
142.03,-36.46,1978,11,"078010",47.8
142.03,-36.46,1978,12,"078010",26.6
142.03,-36.46,1979,1,"078010",115
142.03,-36.46,1979,2,"078010",16.2
142.03,-36.46,1979,3,"078010",4.6
142.03,-36.46,1979,4,"078010",27.2
142.03,-36.46,1979,5,"078010",56.6
142.03,-36.46,1979,6,"078010",20.2
142.03,-36.46,1979,7,"078010",33
142.03,-36.46,1979,8,"078010",51
142.03,-36.46,1979,9,"078010",112
142.03,-36.46,1979,10,"078010",44.8
142.03,-36.46,1979,11,"078010",55.6
142.03,-36.46,1979,12,"078010",4
142.03,-36.46,1980,1,"078010",3
142.03,-36.46,1980,2,"078010",0
142.03,-36.46,1980,3,"078010",12.2
142.03,-36.46,1980,4,"078010",52.3
142.03,-36.46,1980,5,"078010",44.2
142.03,-36.46,1980,6,"078010",43.8
142.03,-36.46,1980,7,"078010",57.6
142.03,-36.46,1980,8,"078010",43
142.03,-36.46,1980,9,"078010",22.8
142.03,-36.46,1980,10,"078010",76.2
142.03,-36.46,1980,11,"078010",21.6
142.03,-36.46,1980,12,"078010",10.4
142.03,-36.46,1981,1,"078010",20.4
142.03,-36.46,1981,2,"078010",18.2
142.03,-36.46,1981,3,"078010",3.2
142.03,-36.46,1981,4,"078010",4.2
142.03,-36.46,1981,5,"078010",57.2
142.03,-36.46,1981,6,"078010",78.4
142.03,-36.46,1981,7,"078010",102
142.03,-36.46,1981,8,"078010",101.4
142.03,-36.46,1981,9,"078010",19.6
142.03,-36.46,1981,10,"078010",27.2
142.03,-36.46,1981,11,"078010",33.6
142.03,-36.46,1981,12,"078010",3
142.03,-36.46,1982,1,"078010",36.4
142.03,-36.46,1982,2,"078010",7.6
142.03,-36.46,1982,3,"078010",41.2
142.03,-36.46,1982,4,"078010",18.8
142.03,-36.46,1982,5,"078010",12
142.03,-36.46,1982,6,"078010",28.3
142.03,-36.46,1982,7,"078010",12.2
142.03,-36.46,1982,8,"078010",6.8
142.03,-36.46,1982,9,"078010",6.4
142.03,-36.46,1982,10,"078010",7
142.03,-36.46,1982,11,"078010",4
142.03,-36.46,1982,12,"078010",7.8
142.03,-36.46,1983,1,"078010",6.2
142.03,-36.46,1983,2,"078010",0
142.03,-36.46,1983,3,"078010",94.8
142.03,-36.46,1983,4,"078010",37.8
142.03,-36.46,1983,5,"078010",52.8
142.03,-36.46,1983,6,"078010",21.4
142.03,-36.46,1983,7,"078010",66
142.03,-36.46,1983,8,"078010",67
142.03,-36.46,1983,9,"078010",67.2
142.03,-36.46,1983,10,"078010",36.2
142.03,-36.46,1983,11,"078010",42.8
142.03,-36.46,1983,12,"078010",17.4
142.03,-36.46,1984,1,"078010",43
142.03,-36.46,1984,2,"078010",1.4
142.03,-36.46,1984,3,"078010",55.8
142.03,-36.46,1984,4,"078010",10.6
142.03,-36.46,1984,5,"078010",11.2
142.03,-36.46,1984,6,"078010",14
142.03,-36.46,1984,7,"078010",52.8
142.03,-36.46,1984,8,"078010",57
142.03,-36.46,1984,9,"078010",35.8
142.03,-36.46,1984,10,"078010",10
142.03,-36.46,1984,11,"078010",38.2
142.03,-36.46,1984,12,"078010",2.6
142.03,-36.46,1985,1,"078010",10.6
142.03,-36.46,1985,2,"078010",1.4
142.03,-36.46,1985,3,"078010",16.4
142.03,-36.46,1985,4,"078010",22.6
142.03,-36.46,1985,5,"078010",36
142.03,-36.46,1985,6,"078010",16.8
142.03,-36.46,1985,7,"078010",15.6
142.03,-36.46,1985,8,"078010",86.2
142.03,-36.46,1985,9,"078010",29.6
142.03,-36.46,1985,10,"078010",77.2
142.03,-36.46,1985,11,"078010",45
142.03,-36.46,1985,12,"078010",74.4
142.03,-36.46,1986,1,"078010",4
142.03,-36.46,1986,2,"078010",0.6
142.03,-36.46,1986,3,"078010",0
142.03,-36.46,1986,4,"078010",26
142.03,-36.46,1986,5,"078010",47.2
142.03,-36.46,1986,6,"078010",25.4
142.03,-36.46,1986,7,"078010",84.4
142.03,-36.46,1986,8,"078010",48.2
142.03,-36.46,1986,9,"078010",38.2
142.03,-36.46,1986,10,"078010",64
142.03,-36.46,1986,11,"078010",12.6
142.03,-36.46,1986,12,"078010",52.2
142.03,-36.46,1987,1,"078010",35
142.03,-36.46,1987,2,"078010",38.8
142.03,-36.46,1987,3,"078010",12.4
142.03,-36.46,1987,4,"078010",10
142.03,-36.46,1987,5,"078010",71.2
142.03,-36.46,1987,6,"078010",55.4
142.03,-36.46,1987,7,"078010",29.4
142.03,-36.46,1987,8,"078010",24.6
142.03,-36.46,1987,9,"078010",7.2
142.03,-36.46,1987,10,"078010",44.2
142.03,-36.46,1987,11,"078010",6.4
142.03,-36.46,1987,12,"078010",71.4
142.03,-36.46,1988,1,"078010",34
142.03,-36.46,1988,2,"078010",19
142.03,-36.46,1988,3,"078010",31.8
142.03,-36.46,1988,4,"078010",3
142.03,-36.46,1988,5,"078010",88
142.03,-36.46,1988,6,"078010",72.6
142.03,-36.46,1988,7,"078010",33.2
142.03,-36.46,1988,8,"078010",15
142.03,-36.46,1988,9,"078010",56.4
142.03,-36.46,1988,10,"078010",18
142.03,-36.46,1988,11,"078010",26.8
142.03,-36.46,1988,12,"078010",21.4
142.03,-36.46,1989,1,"078010",2.2
142.03,-36.46,1989,2,"078010",15.2
142.03,-36.46,1989,3,"078010",24.6
142.03,-36.46,1989,4,"078010",22
142.03,-36.46,1989,5,"078010",56.6
142.03,-36.46,1989,6,"078010",52.6
142.03,-36.46,1989,7,"078010",43.2
142.03,-36.46,1989,8,"078010",44.4
142.03,-36.46,1989,9,"078010",35.2
142.03,-36.46,1989,10,"078010",46.2
142.03,-36.46,1989,11,"078010",17.8
142.03,-36.46,1989,12,"078010",6.6
142.03,-36.46,1990,1,"078010",4.6
142.03,-36.46,1990,2,"078010",34.4
142.03,-36.46,1990,3,"078010",20.8
142.03,-36.46,1990,4,"078010",10.8
142.03,-36.46,1990,5,"078010",5.4
142.03,-36.46,1990,6,"078010",38.4
142.03,-36.46,1990,7,"078010",63.8
142.03,-36.46,1990,8,"078010",58
142.03,-36.46,1990,9,"078010",26
142.03,-36.46,1990,10,"078010",13
142.03,-36.46,1990,11,"078010",15
142.03,-36.46,1990,12,"078010",13.8
142.03,-36.46,1991,1,"078010",29
142.03,-36.46,1991,2,"078010",0
142.03,-36.46,1991,3,"078010",14.4
142.03,-36.46,1991,4,"078010",15.6
142.03,-36.46,1991,5,"078010",8
142.03,-36.46,1991,6,"078010",125.6
142.03,-36.46,1991,7,"078010",54.6
142.03,-36.46,1991,8,"078010",65.2
142.03,-36.46,1991,9,"078010",60.6
142.03,-36.46,1991,10,"078010",5
142.03,-36.46,1991,11,"078010",31.4
142.03,-36.46,1991,12,"078010",9.4
142.03,-36.46,1992,1,"078010",7.6
142.03,-36.46,1992,2,"078010",8.4
142.03,-36.46,1992,3,"078010",24
142.03,-36.46,1992,4,"078010",34.6
142.03,-36.46,1992,5,"078010",71
142.03,-36.46,1992,6,"078010",24.6
142.03,-36.46,1992,7,"078010",21.2
142.03,-36.46,1992,8,"078010",84.2
142.03,-36.46,1992,9,"078010",76.2
142.03,-36.46,1992,10,"078010",50.6
142.03,-36.46,1992,11,"078010",57.2
142.03,-36.46,1992,12,"078010",111.8
142.03,-36.46,1993,1,"078010",47.6
142.03,-36.46,1993,2,"078010",4.6
142.03,-36.46,1993,3,"078010",11.8
142.03,-36.46,1993,4,"078010",0.4
142.03,-36.46,1993,5,"078010",18.8
142.03,-36.46,1993,6,"078010",19.8
142.03,-36.46,1993,7,"078010",78
142.03,-36.46,1993,8,"078010",42.8
142.03,-36.46,1993,9,"078010",87.6
142.03,-36.46,1993,10,"078010",48.4
142.03,-36.46,1993,11,"078010",50
142.03,-36.46,1993,12,"078010",49
142.03,-36.46,1994,1,"078010",17.2
142.03,-36.46,1994,2,"078010",25.8
142.03,-36.46,1994,3,"078010",0.4
142.03,-36.46,1994,4,"078010",5.6
142.03,-36.46,1994,5,"078010",20.4
142.03,-36.46,1994,6,"078010",NA
142.03,-36.46,1994,7,"078010",27.6
142.03,-36.46,1994,8,"078010",7.4
142.03,-36.46,1994,9,"078010",10
142.03,-36.46,1994,10,"078010",37.6
142.03,-36.46,1994,11,"078010",13.2
142.03,-36.46,1994,12,"078010",0.8
142.03,-36.46,1995,1,"078010",25.2
142.03,-36.46,1995,2,"078010",29.8
142.03,-36.46,1995,3,"078010",6
142.03,-36.46,1995,4,"078010",42.6
142.03,-36.46,1995,5,"078010",56.4
142.03,-36.46,1995,6,"078010",97.4
142.03,-36.46,1995,7,"078010",82.4
142.03,-36.46,1995,8,"078010",26.6
142.03,-36.46,1995,9,"078010",15.4
142.03,-36.46,1995,10,"078010",71
142.03,-36.46,1995,11,"078010",8.4
142.03,-36.46,1995,12,"078010",7.6
142.03,-36.46,1996,1,"078010",19.6
142.03,-36.46,1996,2,"078010",24.6
142.03,-36.46,1996,3,"078010",20.4
142.03,-36.46,1996,4,"078010",17
142.03,-36.46,1996,5,"078010",18.4
142.03,-36.46,1996,6,"078010",78.8
142.03,-36.46,1996,7,"078010",64.6
142.03,-36.46,1996,8,"078010",61
142.03,-36.46,1996,9,"078010",92.2
142.03,-36.46,1996,10,"078010",19.4
142.03,-36.46,1996,11,"078010",6
142.03,-36.46,1996,12,"078010",7.4
142.03,-36.46,1997,1,"078010",22.6
142.03,-36.46,1997,2,"078010",38.8
142.03,-36.46,1997,3,"078010",5.2
142.03,-36.46,1997,4,"078010",1.2
142.03,-36.46,1997,5,"078010",56.2
142.03,-36.46,1997,6,"078010",11.2
142.03,-36.46,1997,7,"078010",12.8
142.03,-36.46,1997,8,"078010",39.6
142.03,-36.46,1997,9,"078010",87.6
142.03,-36.46,1997,10,"078010",31.6
142.03,-36.46,1997,11,"078010",37.6
142.03,-36.46,1997,12,"078010",4.8
142.03,-36.46,1998,1,"078010",14.8
142.03,-36.46,1998,2,"078010",19.4
142.03,-36.46,1998,3,"078010",4.4
142.03,-36.46,1998,4,"078010",60.6
142.03,-36.46,1998,5,"078010",19.8
142.03,-36.46,1998,6,"078010",33
142.03,-36.46,1998,7,"078010",47.4
142.03,-36.46,1998,8,"078010",24.4
142.03,-36.46,1998,9,"078010",36.8
142.03,-36.46,1998,10,"078010",54
142.03,-36.46,1998,11,"078010",18.8
142.03,-36.46,1998,12,"078010",12.2
142.03,-36.46,1999,1,"078010",4.4
142.03,-36.46,1999,2,"078010",33.6
142.03,-36.46,1999,3,"078010",38.8
142.03,-36.46,1999,4,"078010",0.8
142.03,-36.46,1999,5,"078010",52
142.03,-36.46,1999,6,"078010",27.6
142.03,-36.46,1999,7,"078010",37.6
142.03,-36.46,1999,8,"078010",58.8
142.03,-36.46,1999,9,"078010",24.2
142.03,-36.46,1999,10,"078010",46.4
142.03,-36.46,1999,11,"078010",31
142.03,-36.46,1999,12,"078010",37.2
142.03,-36.46,2000,1,"078010",2.6
142.03,-36.46,2000,2,"078010",49
142.03,-36.46,2000,3,"078010",8.6
142.03,-36.46,2000,4,"078010",38.2
142.03,-36.46,2000,5,"078010",29.4
142.03,-36.46,2000,6,"078010",18.8
142.03,-36.46,2000,7,"078010",53.6
142.03,-36.46,2000,8,"078010",23.6
142.03,-36.46,2000,9,"078010",58.2
142.03,-36.46,2000,10,"078010",37
142.03,-36.46,2000,11,"078010",69.6
142.03,-36.46,2000,12,"078010",15.6
142.03,-36.46,2001,1,"078010",17.6
142.03,-36.46,2001,2,"078010",6
142.03,-36.46,2001,3,"078010",26
142.03,-36.46,2001,4,"078010",5
142.03,-36.46,2001,5,"078010",NA
142.03,-36.46,2001,6,"078010",56
142.03,-36.46,2001,7,"078010",NA
142.03,-36.46,2001,8,"078010",53.6
142.03,-36.46,2001,9,"078010",70.6
142.03,-36.46,2001,10,"078010",46.6
142.03,-36.46,2001,11,"078010",33.4
142.03,-36.46,2001,12,"078010",10.8
142.03,-36.46,2002,1,"078010",14
142.03,-36.46,2002,2,"078010",4.8
142.03,-36.46,2002,3,"078010",3.6
142.03,-36.46,2002,4,"078010",18.6
142.03,-36.46,2002,5,"078010",30.1
142.03,-36.46,2002,6,"078010",31
142.03,-36.46,2002,7,"078010",24
142.03,-36.46,2002,8,"078010",22
142.03,-36.46,2002,9,"078010",41.4
142.03,-36.46,2002,10,"078010",9
142.03,-36.46,2002,11,"078010",NA
142.03,-36.46,2002,12,"078010",18
142.03,-36.46,2003,1,"078010",6
142.03,-36.46,2003,2,"078010",78.8
142.03,-36.46,2003,3,"078010",8.6
142.03,-36.46,2003,4,"078010",6.8
142.03,-36.46,2003,5,"078010",40.8
142.03,-36.46,2003,6,"078010",75.4
142.03,-36.46,2003,7,"078010",29.2
142.03,-36.46,2003,8,"078010",NA
142.03,-36.46,2003,9,"078010",NA
142.03,-36.46,2003,10,"078010",55
142.03,-36.46,2003,11,"078010",12.6
142.03,-36.46,2003,12,"078010",29.4
142.03,-36.46,2004,1,"078010",10.4
142.03,-36.46,2004,2,"078010",4.4
142.03,-36.46,2004,3,"078010",18
142.03,-36.46,2004,4,"078010",6
142.03,-36.46,2004,5,"078010",15.8
142.03,-36.46,2004,6,"078010",56.2
142.03,-36.46,2004,7,"078010",41.2
142.03,-36.46,2004,8,"078010",45.6
142.03,-36.46,2004,9,"078010",25.4
142.03,-36.46,2004,10,"078010",7.2
142.03,-36.46,2004,11,"078010",48
142.03,-36.46,2004,12,"078010",14.6
142.03,-36.46,2005,1,"078010",40.6
142.03,-36.46,2005,2,"078010",32.6
142.03,-36.46,2005,3,"078010",3.2
142.03,-36.46,2005,4,"078010",9
142.03,-36.46,2005,5,"078010",8.6
142.03,-36.46,2005,6,"078010",59
142.03,-36.46,2005,7,"078010",22
142.03,-36.46,2005,8,"078010",37.6
142.03,-36.46,2005,9,"078010",39
142.03,-36.46,2005,10,"078010",84
142.03,-36.46,2005,11,"078010",30.6
142.03,-36.46,2005,12,"078010",17.8
142.03,-36.46,2006,1,"078010",16.2
142.03,-36.46,2006,2,"078010",4
142.03,-36.46,2006,3,"078010",3.6
142.03,-36.46,2006,4,"078010",39.6
142.03,-36.46,2006,5,"078010",23.8
142.03,-36.46,2006,6,"078010",4.6
142.03,-36.46,2006,7,"078010",33.6
142.03,-36.46,2006,8,"078010",13
142.03,-36.46,2006,9,"078010",23.8
142.03,-36.46,2006,10,"078010",2
142.03,-36.46,2006,11,"078010",7
142.03,-36.46,2006,12,"078010",10.6
142.03,-36.46,2007,1,"078010",83
142.03,-36.46,2007,2,"078010",NA
142.03,-36.46,2007,3,"078010",10
142.03,-36.46,2007,4,"078010",69
142.03,-36.46,2007,5,"078010",73.4
142.03,-36.46,2007,6,"078010",9.4
142.03,-36.46,2007,7,"078010",37.4
142.03,-36.46,2007,8,"078010",11.8
142.03,-36.46,2007,9,"078010",15
142.03,-36.46,2007,10,"078010",8.8
142.03,-36.46,2007,11,"078010",52.4
142.03,-36.46,2007,12,"078010",35.8
142.03,-36.46,2008,1,"078010",25
142.03,-36.46,2008,2,"078010",2.6
142.03,-36.46,2008,3,"078010",3.2
142.03,-36.46,2008,4,"078010",7.8
142.03,-36.46,2008,5,"078010",39.8
142.03,-36.46,2008,6,"078010",21.8
142.03,-36.46,2008,7,"078010",46
142.03,-36.46,2008,8,"078010",30.8
142.03,-36.46,2008,9,"078010",18.6
142.03,-36.46,2008,10,"078010",8.8
142.03,-36.46,2008,11,"078010",9.4
142.03,-36.46,2008,12,"078010",52.4
142.03,-36.46,2009,1,"078010",0
142.03,-36.46,2009,2,"078010",0.4
142.03,-36.46,2009,3,"078010",8
142.03,-36.46,2009,4,"078010",23.4
142.03,-36.46,2009,5,"078010",55.2
142.03,-36.46,2009,6,"078010",52
142.03,-36.46,2009,7,"078010",53.8
142.03,-36.46,2009,8,"078010",40.8
142.03,-36.46,2009,9,"078010",54.2
142.03,-36.46,2009,10,"078010",19.4
142.03,-36.46,2009,11,"078010",53.4
142.03,-36.46,2009,12,"078010",28.4
142.03,-36.46,2010,1,"078010",4.2
142.03,-36.46,2010,2,"078010",36.6
142.03,-36.46,2010,3,"078010",34.6
142.03,-36.46,2010,4,"078010",21.2
142.03,-36.46,2010,5,"078010",28.2
142.03,-36.46,2010,6,"078010",20.2
142.03,-36.46,2010,7,"078010",44.4
142.03,-36.46,2010,8,"078010",76
142.03,-36.46,2010,9,"078010",77.2
142.03,-36.46,2010,10,"078010",59.2
142.03,-36.46,2010,11,"078010",48.2
142.03,-36.46,2010,12,"078010",141
142.03,-36.46,2011,1,"078010",155
142.03,-36.46,2011,2,"078010",38.4
142.03,-36.46,2011,3,"078010",31.8
142.03,-36.46,2011,4,"078010",8.2
142.03,-36.46,2011,5,"078010",24.8
142.03,-36.46,2011,6,"078010",20
142.03,-36.46,2011,7,"078010",33.4
142.03,-36.46,2011,8,"078010",33.2
142.03,-36.46,2011,9,"078010",19.6
142.03,-36.46,2011,10,"078010",34.2
142.03,-36.46,2011,11,"078010",80.8
142.03,-36.46,2011,12,"078010",28.8
142.03,-36.46,2012,1,"078010",13.4
142.03,-36.46,2012,2,"078010",7
142.03,-36.46,2012,3,"078010",32.6
142.03,-36.46,2012,4,"078010",6.6
142.03,-36.46,2012,5,"078010",9.4
142.03,-36.46,2012,6,"078010",47.6
142.03,-36.46,2012,7,"078010",41.8
142.03,-36.46,2012,8,"078010",33
142.03,-36.46,2012,9,"078010",26
142.03,-36.46,2012,10,"078010",12.6
142.03,-36.46,2012,11,"078010",8.6
142.03,-36.46,2012,12,"078010",23.6
142.03,-36.46,2013,1,"078010",2.6
142.03,-36.46,2013,2,"078010",26.6
142.03,-36.46,2013,3,"078010",3.2
142.03,-36.46,2013,4,"078010",11.6
142.03,-36.46,2013,5,"078010",33.6
142.03,-36.46,2013,6,"078010",81.6
142.03,-36.46,2013,7,"078010",67.2
142.03,-36.46,2013,8,"078010",53.8
142.03,-36.46,2013,9,"078010",44.6
142.03,-36.46,2013,10,"078010",30
142.03,-36.46,2013,11,"078010",10
142.03,-36.46,2013,12,"078010",13.4
142.03,-36.46,2014,1,"078010",9.4
142.03,-36.46,2014,2,"078010",8
142.03,-36.46,2014,3,"078010",16
142.03,-36.46,2014,4,"078010",62.4
142.03,-36.46,2014,5,"078010",38.4
142.03,-36.46,2014,6,"078010",35.6
142.03,-36.46,2014,7,"078010",37
142.03,-36.46,2014,8,"078010",14.4
142.03,-36.46,2014,9,"078010",12.2
142.03,-36.46,2014,10,"078010",7.8
142.03,-36.46,2014,11,"078010",12.4
142.03,-36.46,2014,12,"078010",15.6
142.03,-36.46,2015,1,"078010",67.2
142.03,-36.46,2015,2,"078010",7.2
142.03,-36.46,2015,3,"078010",3.8
142.03,-36.46,2015,4,"078010",19
142.03,-36.46,2015,5,"078010",22.8
142.03,-36.46,2015,6,"078010",44.2
142.03,-36.46,2015,7,"078010",27.8
142.03,-36.46,2015,8,"078010",11
142.03,-36.46,2015,9,"078010",24.4
142.03,-36.46,2015,10,"078010",2.6
142.03,-36.46,2015,11,"078010",18.8
142.03,-36.46,2015,12,"078010",7
142.03,-36.46,2016,1,"078010",52.2
142.03,-36.46,2016,2,"078010",20
142.03,-36.46,2016,3,"078010",23.8
142.03,-36.46,2016,4,"078010",7.2
142.03,-36.46,2016,5,"078010",57.4
142.03,-36.46,2016,6,"078010",33.6
142.03,-36.46,2016,7,"078010",52.2
142.03,-36.46,2016,8,"078010",39
142.03,-36.46,2016,9,"078010",101.2
142.03,-36.46,2016,10,"078010",67.4
142.03,-36.46,2016,11,"078010",13.8
142.03,-36.46,2016,12,"078010",36.8
142.03,-36.46,2017,1,"078010",23.4
142.03,-36.46,2017,2,"078010",20.4
142.03,-36.46,2017,3,"078010",15.2
142.03,-36.46,2017,4,"078010",46.2
142.03,-36.46,2017,5,"078010",54.8
142.03,-36.46,2017,6,"078010",8.6
142.03,-36.46,2017,7,"078010",40.8
142.03,-36.46,2017,8,"078010",59.8
142.03,-36.46,2017,9,"078010",21.6
142.03,-36.46,2017,10,"078010",45.6
142.03,-36.46,2017,11,"078010",37.4
142.03,-36.46,2017,12,"078010",44.6
142.03,-36.46,2018,1,"078010",10
142.03,-36.46,2018,2,"078010",4.6
142.03,-36.46,2018,3,"078010",15
142.03,-36.46,2018,4,"078010",6.6
142.03,-36.46,2018,5,"078010",42.8
142.03,-36.46,2018,6,"078010",30.6
142.03,-36.46,2018,7,"078010",29.2
142.03,-36.46,2018,8,"078010",47.4
142.03,-36.46,2018,9,"078010",2.4
142.03,-36.46,2018,10,"078010",23.6
142.03,-36.46,2018,11,"078010",20
142.03,-36.46,2018,12,"078010",87.2
142.03,-36.46,2019,1,"078010",0.6
142.03,-36.46,2019,2,"078010",7
142.03,-36.46,2019,3,"078010",2.8
142.03,-36.46,2019,4,"078010",2.2
142.03,-36.46,2019,5,"078010",61.2
142.03,-36.46,2019,6,"078010",82.6
142.03,-36.46,2019,7,"078010",32.4
142.03,-36.46,2019,8,"078010",39.8
142.03,-36.46,2019,9,"078010",19.8
142.03,-36.46,2019,10,"078010",6.8
142.03,-36.46,2019,11,"078010",24.6
142.03,-36.46,2019,12,"078010",3.4
142.03,-36.46,2020,1,"078010",16
142.03,-36.46,2020,2,"078010",69.8
142.03,-36.46,2020,3,"078010",15.6
142.03,-36.46,2020,4,"078010",57.2
142.03,-36.46,2020,5,"078010",30.6
142.03,-36.46,2020,6,"078010",22.2
142.03,-36.46,2020,7,"078010",9.2
142.03,-36.46,2020,8,"078010",56.6
142.03,-36.46,2020,9,"078010",43
142.03,-36.46,2020,10,"078010",81
142.03,-36.46,2020,11,"078010",12
142.03,-36.46,2020,12,"078010",15.6
142.03,-36.46,2021,1,"078010",35.2
142.03,-36.46,2021,2,"078010",5.2
142.03,-36.46,2021,3,"078010",11.4
142.03,-36.46,2021,4,"078010",4.8
142.03,-36.46,2021,5,"078010",26.4
142.03,-36.46,2021,6,"078010",47.8
142.03,-36.46,2021,7,"078010",50.6
142.03,-36.46,2021,8,"078010",25
142.03,-36.46,2021,9,"078010",40.8
142.03,-36.46,2021,10,"078010",46
142.03,-36.46,2021,11,"078010",44.6
142.03,-36.46,2021,12,"078010",2.6
142.03,-36.46,2022,1,"078010",42.8
142.03,-36.46,2022,2,"078010",23
142.03,-36.46,2022,3,"078010",NA
142.03,-36.46,2022,4,"078010",NA
142.03,-36.46,2022,5,"078010",NA
142.03,-36.46,2022,6,"078010",NA
142.03,-36.46,2022,7,"078010",NA
142.03,-36.46,2022,8,"078010",NA
142.03,-36.46,2022,9,"078010",NA
142.03,-36.46,2022,10,"078010",NA
142.03,-36.46,2022,11,"078010",NA
142.03,-36.46,2022,12,"078010",NA
