"Lon","Lat","Year","Month","Station","Rain"
121.15,-28.72,1980,1,"012283",NA
121.15,-28.72,1980,2,"012283",NA
121.15,-28.72,1980,3,"012283",NA
121.15,-28.72,1980,4,"012283",NA
121.15,-28.72,1980,5,"012283",108.4
121.15,-28.72,1980,6,"012283",42
121.15,-28.72,1980,7,"012283",111.2
121.15,-28.72,1980,8,"012283",14.4
121.15,-28.72,1980,9,"012283",8
121.15,-28.72,1980,10,"012283",5
121.15,-28.72,1980,11,"012283",14
121.15,-28.72,1980,12,"012283",0
121.15,-28.72,1981,1,"012283",17.6
121.15,-28.72,1981,2,"012283",44.8
121.15,-28.72,1981,3,"012283",20.2
121.15,-28.72,1981,4,"012283",0
121.15,-28.72,1981,5,"012283",40.8
121.15,-28.72,1981,6,"012283",9.6
121.15,-28.72,1981,7,"012283",6
121.15,-28.72,1981,8,"012283",28.6
121.15,-28.72,1981,9,"012283",NA
121.15,-28.72,1981,10,"012283",NA
121.15,-28.72,1981,11,"012283",7.2
121.15,-28.72,1981,12,"012283",45.6
121.15,-28.72,1982,1,"012283",11.6
121.15,-28.72,1982,2,"012283",49.8
121.15,-28.72,1982,3,"012283",36.6
121.15,-28.72,1982,4,"012283",6.8
121.15,-28.72,1982,5,"012283",NA
121.15,-28.72,1982,6,"012283",40
121.15,-28.72,1982,7,"012283",3.2
121.15,-28.72,1982,8,"012283",NA
121.15,-28.72,1982,9,"012283",NA
121.15,-28.72,1982,10,"012283",NA
121.15,-28.72,1982,11,"012283",NA
121.15,-28.72,1982,12,"012283",NA
121.15,-28.72,1983,1,"012283",3.4
121.15,-28.72,1983,2,"012283",9.4
121.15,-28.72,1983,3,"012283",46.6
121.15,-28.72,1983,4,"012283",13.2
121.15,-28.72,1983,5,"012283",0
121.15,-28.72,1983,6,"012283",6
121.15,-28.72,1983,7,"012283",10
121.15,-28.72,1983,8,"012283",7.6
121.15,-28.72,1983,9,"012283",7.8
121.15,-28.72,1983,10,"012283",6.2
121.15,-28.72,1983,11,"012283",11.4
121.15,-28.72,1983,12,"012283",50.8
121.15,-28.72,1984,1,"012283",0
121.15,-28.72,1984,2,"012283",9
121.15,-28.72,1984,3,"012283",108
121.15,-28.72,1984,4,"012283",8
121.15,-28.72,1984,5,"012283",36
121.15,-28.72,1984,6,"012283",0
121.15,-28.72,1984,7,"012283",63
121.15,-28.72,1984,8,"012283",14
121.15,-28.72,1984,9,"012283",37
121.15,-28.72,1984,10,"012283",2
121.15,-28.72,1984,11,"012283",3.5
121.15,-28.72,1984,12,"012283",16.5
121.15,-28.72,1985,1,"012283",17
121.15,-28.72,1985,2,"012283",23
121.15,-28.72,1985,3,"012283",24.5
121.15,-28.72,1985,4,"012283",0
121.15,-28.72,1985,5,"012283",67
121.15,-28.72,1985,6,"012283",30
121.15,-28.72,1985,7,"012283",30
121.15,-28.72,1985,8,"012283",5
121.15,-28.72,1985,9,"012283",2
121.15,-28.72,1985,10,"012283",4
121.15,-28.72,1985,11,"012283",41
121.15,-28.72,1985,12,"012283",0
121.15,-28.72,1986,1,"012283",6
121.15,-28.72,1986,2,"012283",27
121.15,-28.72,1986,3,"012283",18
121.15,-28.72,1986,4,"012283",0
121.15,-28.72,1986,5,"012283",0
121.15,-28.72,1986,6,"012283",112.5
121.15,-28.72,1986,7,"012283",20
121.15,-28.72,1986,8,"012283",3
121.15,-28.72,1986,9,"012283",13.5
121.15,-28.72,1986,10,"012283",15
121.15,-28.72,1986,11,"012283",0
121.15,-28.72,1986,12,"012283",0
121.15,-28.72,1987,1,"012283",113.5
121.15,-28.72,1987,2,"012283",2.5
121.15,-28.72,1987,3,"012283",2
121.15,-28.72,1987,4,"012283",17
121.15,-28.72,1987,5,"012283",9
121.15,-28.72,1987,6,"012283",37
121.15,-28.72,1987,7,"012283",12
121.15,-28.72,1987,8,"012283",9
121.15,-28.72,1987,9,"012283",0
121.15,-28.72,1987,10,"012283",0
121.15,-28.72,1987,11,"012283",4
121.15,-28.72,1987,12,"012283",37
121.15,-28.72,1988,1,"012283",5
121.15,-28.72,1988,2,"012283",16
121.15,-28.72,1988,3,"012283",14
121.15,-28.72,1988,4,"012283",51
121.15,-28.72,1988,5,"012283",36
121.15,-28.72,1988,6,"012283",29
121.15,-28.72,1988,7,"012283",29
121.15,-28.72,1988,8,"012283",0
121.15,-28.72,1988,9,"012283",0
121.15,-28.72,1988,10,"012283",0
121.15,-28.72,1988,11,"012283",6
121.15,-28.72,1988,12,"012283",69.5
121.15,-28.72,1989,1,"012283",0
121.15,-28.72,1989,2,"012283",0
121.15,-28.72,1989,3,"012283",0
121.15,-28.72,1989,4,"012283",15
121.15,-28.72,1989,5,"012283",49
121.15,-28.72,1989,6,"012283",34.5
121.15,-28.72,1989,7,"012283",4
121.15,-28.72,1989,8,"012283",0
121.15,-28.72,1989,9,"012283",0
121.15,-28.72,1989,10,"012283",0
121.15,-28.72,1989,11,"012283",6
121.15,-28.72,1989,12,"012283",4.6
121.15,-28.72,1990,1,"012283",58.4
121.15,-28.72,1990,2,"012283",3
121.15,-28.72,1990,3,"012283",4
121.15,-28.72,1990,4,"012283",9
121.15,-28.72,1990,5,"012283",22.8
121.15,-28.72,1990,6,"012283",17
121.15,-28.72,1990,7,"012283",24
121.15,-28.72,1990,8,"012283",51
121.15,-28.72,1990,9,"012283",0
121.15,-28.72,1990,10,"012283",0
121.15,-28.72,1990,11,"012283",0
121.15,-28.72,1990,12,"012283",3
121.15,-28.72,1991,1,"012283",0
121.15,-28.72,1991,2,"012283",0
121.15,-28.72,1991,3,"012283",15
121.15,-28.72,1991,4,"012283",16
121.15,-28.72,1991,5,"012283",14
121.15,-28.72,1991,6,"012283",39.5
121.15,-28.72,1991,7,"012283",7
121.15,-28.72,1991,8,"012283",0
121.15,-28.72,1991,9,"012283",0
121.15,-28.72,1991,10,"012283",0
121.15,-28.72,1991,11,"012283",0
121.15,-28.72,1991,12,"012283",60.5
121.15,-28.72,1992,1,"012283",3.5
121.15,-28.72,1992,2,"012283",36
121.15,-28.72,1992,3,"012283",171.5
121.15,-28.72,1992,4,"012283",48
121.15,-28.72,1992,5,"012283",22
121.15,-28.72,1992,6,"012283",NA
121.15,-28.72,1992,7,"012283",0
121.15,-28.72,1992,8,"012283",NA
121.15,-28.72,1992,9,"012283",50
121.15,-28.72,1992,10,"012283",6
121.15,-28.72,1992,11,"012283",6
121.15,-28.72,1992,12,"012283",0
121.15,-28.72,1993,1,"012283",0
121.15,-28.72,1993,2,"012283",13
121.15,-28.72,1993,3,"012283",10
121.15,-28.72,1993,4,"012283",36.5
121.15,-28.72,1993,5,"012283",49
121.15,-28.72,1993,6,"012283",NA
121.15,-28.72,1993,7,"012283",4
121.15,-28.72,1993,8,"012283",11
121.15,-28.72,1993,9,"012283",6
121.15,-28.72,1993,10,"012283",6
121.15,-28.72,1993,11,"012283",8
121.15,-28.72,1993,12,"012283",26
121.15,-28.72,1997,1,"012283",49.8
121.15,-28.72,1997,2,"012283",40.6
121.15,-28.72,1997,3,"012283",34
121.15,-28.72,1997,4,"012283",33.4
121.15,-28.72,1997,5,"012283",NA
121.15,-28.72,1997,6,"012283",NA
121.15,-28.72,1997,7,"012283",11.8
121.15,-28.72,1997,8,"012283",27.6
121.15,-28.72,1997,9,"012283",10.1
121.15,-28.72,1997,10,"012283",9.6
121.15,-28.72,1997,11,"012283",0
121.15,-28.72,1997,12,"012283",9
121.15,-28.72,1998,1,"012283",0.2
121.15,-28.72,1998,2,"012283",0
121.15,-28.72,1998,3,"012283",0.6
121.15,-28.72,1998,4,"012283",15
121.15,-28.72,1998,5,"012283",5.4
121.15,-28.72,1998,6,"012283",50.1
121.15,-28.72,1998,7,"012283",51.4
121.15,-28.72,1998,8,"012283",25.5
121.15,-28.72,1998,9,"012283",4
121.15,-28.72,1998,10,"012283",53.9
121.15,-28.72,1998,11,"012283",12.4
121.15,-28.72,1998,12,"012283",NA
121.15,-28.72,2000,1,"012283",NA
121.15,-28.72,2000,2,"012283",55
121.15,-28.72,2000,3,"012283",201.1
121.15,-28.72,2000,4,"012283",14.2
121.15,-28.72,2000,5,"012283",0
121.15,-28.72,2000,6,"012283",6.2
121.15,-28.72,2000,7,"012283",13
121.15,-28.72,2000,8,"012283",16.4
121.15,-28.72,2000,9,"012283",4.6
121.15,-28.72,2000,10,"012283",37.4
121.15,-28.72,2000,11,"012283",10.2
121.15,-28.72,2000,12,"012283",8.8
121.15,-28.72,2001,1,"012283",7
121.15,-28.72,2001,2,"012283",118.4
121.15,-28.72,2001,3,"012283",0
121.15,-28.72,2001,4,"012283",19.8
121.15,-28.72,2001,5,"012283",70.8
121.15,-28.72,2001,6,"012283",10.2
121.15,-28.72,2001,7,"012283",NA
121.15,-28.72,2001,8,"012283",10.6
121.15,-28.72,2001,9,"012283",11
121.15,-28.72,2001,10,"012283",28
121.15,-28.72,2001,11,"012283",24.2
121.15,-28.72,2001,12,"012283",26.9
121.15,-28.72,2002,1,"012283",14.6
121.15,-28.72,2002,2,"012283",9.2
121.15,-28.72,2002,3,"012283",8
121.15,-28.72,2002,4,"012283",18.4
121.15,-28.72,2002,5,"012283",31.8
121.15,-28.72,2002,6,"012283",11.6
121.15,-28.72,2002,7,"012283",1.8
121.15,-28.72,2002,8,"012283",0.2
121.15,-28.72,2002,9,"012283",3.2
121.15,-28.72,2002,10,"012283",0.4
121.15,-28.72,2002,11,"012283",NA
121.15,-28.72,2002,12,"012283",NA
121.15,-28.72,2003,1,"012283",12
121.15,-28.72,2003,2,"012283",105.6
121.15,-28.72,2003,3,"012283",39.2
121.15,-28.72,2003,4,"012283",17.4
121.15,-28.72,2003,5,"012283",11
121.15,-28.72,2003,6,"012283",17
121.15,-28.72,2003,7,"012283",5.2
121.15,-28.72,2003,8,"012283",26
121.15,-28.72,2003,9,"012283",2
121.15,-28.72,2003,10,"012283",5.6
121.15,-28.72,2003,11,"012283",56.2
121.15,-28.72,2003,12,"012283",2.8
121.15,-28.72,2004,1,"012283",29.2
121.15,-28.72,2004,2,"012283",82.9
121.15,-28.72,2004,3,"012283",53.2
121.15,-28.72,2004,4,"012283",42.2
121.15,-28.72,2004,5,"012283",23
121.15,-28.72,2004,6,"012283",14
121.15,-28.72,2004,7,"012283",70.4
121.15,-28.72,2004,8,"012283",2.4
121.15,-28.72,2004,9,"012283",3
121.15,-28.72,2004,10,"012283",6.8
121.15,-28.72,2004,11,"012283",NA
121.15,-28.72,2004,12,"012283",34.2
121.15,-28.72,2005,1,"012283",0
121.15,-28.72,2005,2,"012283",0
121.15,-28.72,2005,3,"012283",2.4
121.15,-28.72,2005,4,"012283",6
121.15,-28.72,2005,5,"012283",37.6
121.15,-28.72,2005,6,"012283",22.4
121.15,-28.72,2005,7,"012283",3.6
121.15,-28.72,2005,8,"012283",40
121.15,-28.72,2005,9,"012283",15.8
121.15,-28.72,2005,10,"012283",0
121.15,-28.72,2005,11,"012283",2.2
121.15,-28.72,2005,12,"012283",2
121.15,-28.72,2006,1,"012283",83
121.15,-28.72,2006,2,"012283",26.2
121.15,-28.72,2006,3,"012283",49.6
121.15,-28.72,2006,4,"012283",41.2
121.15,-28.72,2006,5,"012283",0
121.15,-28.72,2006,6,"012283",0
121.15,-28.72,2006,7,"012283",0
121.15,-28.72,2006,8,"012283",2.8
121.15,-28.72,2006,9,"012283",8.6
121.15,-28.72,2006,10,"012283",43
121.15,-28.72,2006,11,"012283",9.4
121.15,-28.72,2006,12,"012283",28.8
121.15,-28.72,2007,1,"012283",77
121.15,-28.72,2007,2,"012283",24
121.15,-28.72,2007,3,"012283",5.2
121.15,-28.72,2007,4,"012283",11.6
121.15,-28.72,2007,5,"012283",11.8
121.15,-28.72,2007,6,"012283",5
121.15,-28.72,2007,7,"012283",21
121.15,-28.72,2007,8,"012283",0.4
121.15,-28.72,2007,9,"012283",1.9
121.15,-28.72,2007,10,"012283",7.3
121.15,-28.72,2007,11,"012283",11.6
121.15,-28.72,2007,12,"012283",36.4
121.15,-28.72,2008,1,"012283",2.2
121.15,-28.72,2008,2,"012283",32.6
121.15,-28.72,2008,3,"012283",0
121.15,-28.72,2008,4,"012283",5.2
121.15,-28.72,2008,5,"012283",0
121.15,-28.72,2008,6,"012283",10.8
121.15,-28.72,2008,7,"012283",23.8
121.15,-28.72,2008,8,"012283",8
121.15,-28.72,2008,9,"012283",0.8
121.15,-28.72,2008,10,"012283",7.2
121.15,-28.72,2008,11,"012283",63
121.15,-28.72,2008,12,"012283",19.8
121.15,-28.72,2009,1,"012283",7.8
121.15,-28.72,2009,2,"012283",2
121.15,-28.72,2009,3,"012283",10
121.15,-28.72,2009,4,"012283",34.6
121.15,-28.72,2009,5,"012283",3.2
121.15,-28.72,2009,6,"012283",12.4
121.15,-28.72,2009,7,"012283",19.4
121.15,-28.72,2009,8,"012283",10
121.15,-28.72,2009,9,"012283",9.6
121.15,-28.72,2009,10,"012283",9.2
121.15,-28.72,2009,11,"012283",10.2
121.15,-28.72,2009,12,"012283",12.8
121.15,-28.72,2010,1,"012283",0.6
121.15,-28.72,2010,2,"012283",5.6
121.15,-28.72,2010,3,"012283",38
121.15,-28.72,2010,4,"012283",29.2
121.15,-28.72,2010,5,"012283",9.6
121.15,-28.72,2010,6,"012283",11.2
121.15,-28.72,2010,7,"012283",18.2
121.15,-28.72,2010,8,"012283",8.4
121.15,-28.72,2010,9,"012283",36.1
121.15,-28.72,2010,10,"012283",1.2
121.15,-28.72,2010,11,"012283",0
121.15,-28.72,2010,12,"012283",33.8
121.15,-28.72,2011,1,"012283",46
121.15,-28.72,2011,2,"012283",130.2
121.15,-28.72,2011,3,"012283",1.2
121.15,-28.72,2011,4,"012283",11.4
121.15,-28.72,2011,5,"012283",7.4
121.15,-28.72,2011,6,"012283",49.6
121.15,-28.72,2011,7,"012283",40.4
121.15,-28.72,2011,8,"012283",14.6
121.15,-28.72,2011,9,"012283",7.8
121.15,-28.72,2011,10,"012283",56.6
121.15,-28.72,2011,11,"012283",42.6
121.15,-28.72,2011,12,"012283",15.6
121.15,-28.72,2012,1,"012283",85.2
121.15,-28.72,2012,2,"012283",7.4
121.15,-28.72,2012,3,"012283",62.8
121.15,-28.72,2012,4,"012283",6.6
121.15,-28.72,2012,5,"012283",3.6
121.15,-28.72,2012,6,"012283",22.8
121.15,-28.72,2012,7,"012283",3.6
121.15,-28.72,2012,8,"012283",6.6
121.15,-28.72,2012,9,"012283",3.4
121.15,-28.72,2012,10,"012283",1
121.15,-28.72,2012,11,"012283",58.2
121.15,-28.72,2012,12,"012283",10.6
121.15,-28.72,2013,1,"012283",31.4
121.15,-28.72,2013,2,"012283",0
121.15,-28.72,2013,3,"012283",71.5
121.15,-28.72,2013,4,"012283",9
121.15,-28.72,2013,5,"012283",NA
121.15,-28.72,2013,6,"012283",NA
121.15,-28.72,2013,7,"012283",NA
121.15,-28.72,2013,8,"012283",NA
121.15,-28.72,2013,9,"012283",NA
121.15,-28.72,2013,10,"012283",NA
121.15,-28.72,2013,11,"012283",NA
121.15,-28.72,2013,12,"012283",NA
121.15,-28.72,2014,1,"012283",156
121.15,-28.72,2014,2,"012283",54
121.15,-28.72,2014,3,"012283",4
121.15,-28.72,2014,4,"012283",47
121.15,-28.72,2014,5,"012283",51
121.15,-28.72,2014,6,"012283",0
121.15,-28.72,2014,7,"012283",1
121.15,-28.72,2014,8,"012283",0
121.15,-28.72,2014,9,"012283",0
121.15,-28.72,2014,10,"012283",18
121.15,-28.72,2014,11,"012283",10.4
121.15,-28.72,2014,12,"012283",NA
121.15,-28.72,2015,1,"012283",0
121.15,-28.72,2015,2,"012283",23
121.15,-28.72,2015,3,"012283",76
121.15,-28.72,2015,4,"012283",4
121.15,-28.72,2015,5,"012283",6
121.15,-28.72,2015,6,"012283",22
121.15,-28.72,2015,7,"012283",36
121.15,-28.72,2015,8,"012283",NA
121.15,-28.72,2015,9,"012283",NA
121.15,-28.72,2015,10,"012283",NA
121.15,-28.72,2015,11,"012283",NA
121.15,-28.72,2015,12,"012283",NA
121.15,-28.72,2016,1,"012283",NA
121.15,-28.72,2016,2,"012283",25.4
121.15,-28.72,2016,3,"012283",34.2
121.15,-28.72,2016,4,"012283",NA
121.15,-28.72,2016,5,"012283",NA
121.15,-28.72,2016,6,"012283",NA
121.15,-28.72,2016,7,"012283",NA
121.15,-28.72,2016,8,"012283",NA
121.15,-28.72,2016,9,"012283",NA
121.15,-28.72,2016,10,"012283",NA
121.15,-28.72,2016,11,"012283",NA
121.15,-28.72,2016,12,"012283",NA
