"Lon","Lat","Year","Month","Station","Rain"
152.78,-27.06,1909,1,"040145",NA
152.78,-27.06,1909,2,"040145",NA
152.78,-27.06,1909,3,"040145",NA
152.78,-27.06,1909,4,"040145",135.6
152.78,-27.06,1909,5,"040145",16
152.78,-27.06,1909,6,"040145",83.6
152.78,-27.06,1909,7,"040145",76.2
152.78,-27.06,1909,8,"040145",83.9
152.78,-27.06,1909,9,"040145",56.2
152.78,-27.06,1909,10,"040145",140.8
152.78,-27.06,1909,11,"040145",49.8
152.78,-27.06,1909,12,"040145",413.9
152.78,-27.06,1910,1,"040145",237.7
152.78,-27.06,1910,2,"040145",76
152.78,-27.06,1910,3,"040145",288.7
152.78,-27.06,1910,4,"040145",47.5
152.78,-27.06,1910,5,"040145",21.6
152.78,-27.06,1910,6,"040145",250.5
152.78,-27.06,1910,7,"040145",7.9
152.78,-27.06,1910,8,"040145",21
152.78,-27.06,1910,9,"040145",74.7
152.78,-27.06,1910,10,"040145",88.6
152.78,-27.06,1910,11,"040145",83.6
152.78,-27.06,1910,12,"040145",200.2
152.78,-27.06,1911,1,"040145",570.4
152.78,-27.06,1911,2,"040145",359.2
152.78,-27.06,1911,3,"040145",240.2
152.78,-27.06,1911,4,"040145",29.9
152.78,-27.06,1911,5,"040145",25.4
152.78,-27.06,1911,6,"040145",0
152.78,-27.06,1911,7,"040145",68.1
152.78,-27.06,1911,8,"040145",58.5
152.78,-27.06,1911,9,"040145",32.8
152.78,-27.06,1911,10,"040145",121.3
152.78,-27.06,1911,11,"040145",42.4
152.78,-27.06,1911,12,"040145",34.1
152.78,-27.06,1912,1,"040145",119.7
152.78,-27.06,1912,2,"040145",199.4
152.78,-27.06,1912,3,"040145",433.9
152.78,-27.06,1912,4,"040145",33.3
152.78,-27.06,1912,5,"040145",10.6
152.78,-27.06,1912,6,"040145",289.4
152.78,-27.06,1912,7,"040145",50.8
152.78,-27.06,1912,8,"040145",34.8
152.78,-27.06,1912,9,"040145",13.7
152.78,-27.06,1912,10,"040145",144.9
152.78,-27.06,1912,11,"040145",69.9
152.78,-27.06,1912,12,"040145",86.6
152.78,-27.06,1913,1,"040145",326.7
152.78,-27.06,1913,2,"040145",236
152.78,-27.06,1913,3,"040145",157.1
152.78,-27.06,1913,4,"040145",262.5
152.78,-27.06,1913,5,"040145",210
152.78,-27.06,1913,6,"040145",147.5
152.78,-27.06,1913,7,"040145",60.4
152.78,-27.06,1913,8,"040145",2.5
152.78,-27.06,1913,9,"040145",81.5
152.78,-27.06,1913,10,"040145",22.6
152.78,-27.06,1913,11,"040145",30.3
152.78,-27.06,1913,12,"040145",65.6
152.78,-27.06,1914,1,"040145",86.1
152.78,-27.06,1914,2,"040145",364.7
152.78,-27.06,1914,3,"040145",257.1
152.78,-27.06,1914,4,"040145",53.2
152.78,-27.06,1914,5,"040145",229.7
152.78,-27.06,1914,6,"040145",188.7
152.78,-27.06,1914,7,"040145",69
152.78,-27.06,1914,8,"040145",49.6
152.78,-27.06,1914,9,"040145",31.2
152.78,-27.06,1914,10,"040145",136.7
152.78,-27.06,1914,11,"040145",72
152.78,-27.06,1914,12,"040145",175.3
152.78,-27.06,1915,1,"040145",112.9
152.78,-27.06,1915,2,"040145",431.6
152.78,-27.06,1915,3,"040145",2
152.78,-27.06,1915,4,"040145",14
152.78,-27.06,1915,5,"040145",65.3
152.78,-27.06,1915,6,"040145",5.6
152.78,-27.06,1915,7,"040145",30.2
152.78,-27.06,1915,8,"040145",27.7
152.78,-27.06,1915,9,"040145",69.6
152.78,-27.06,1915,10,"040145",5.3
152.78,-27.06,1915,11,"040145",97.3
152.78,-27.06,1915,12,"040145",38.4
152.78,-27.06,1916,1,"040145",57.4
152.78,-27.06,1916,2,"040145",48.5
152.78,-27.06,1916,3,"040145",43.9
152.78,-27.06,1916,4,"040145",308.9
152.78,-27.06,1916,5,"040145",46.7
152.78,-27.06,1916,6,"040145",114.9
152.78,-27.06,1916,7,"040145",77.5
152.78,-27.06,1916,8,"040145",65.6
152.78,-27.06,1916,9,"040145",95.3
152.78,-27.06,1916,10,"040145",126.5
152.78,-27.06,1916,11,"040145",187.3
152.78,-27.06,1916,12,"040145",321.5
152.78,-27.06,1917,1,"040145",250
152.78,-27.06,1917,2,"040145",141.9
152.78,-27.06,1917,3,"040145",170.6
152.78,-27.06,1917,4,"040145",24.8
152.78,-27.06,1917,5,"040145",24.2
152.78,-27.06,1917,6,"040145",6.6
152.78,-27.06,1917,7,"040145",8.9
152.78,-27.06,1917,8,"040145",49.4
152.78,-27.06,1917,9,"040145",147.6
152.78,-27.06,1917,10,"040145",63.1
152.78,-27.06,1917,11,"040145",307.9
152.78,-27.06,1917,12,"040145",156.5
152.78,-27.06,1918,1,"040145",381.9
152.78,-27.06,1918,2,"040145",166.5
152.78,-27.06,1918,3,"040145",198.5
152.78,-27.06,1918,4,"040145",78.2
152.78,-27.06,1918,5,"040145",71
152.78,-27.06,1918,6,"040145",11.2
152.78,-27.06,1918,7,"040145",5.6
152.78,-27.06,1918,8,"040145",53.6
152.78,-27.06,1918,9,"040145",44.9
152.78,-27.06,1918,10,"040145",23.9
152.78,-27.06,1918,11,"040145",35.5
152.78,-27.06,1918,12,"040145",18.4
152.78,-27.06,1919,1,"040145",21.9
152.78,-27.06,1919,2,"040145",21.1
152.78,-27.06,1919,3,"040145",158
152.78,-27.06,1919,4,"040145",88.7
152.78,-27.06,1919,5,"040145",293
152.78,-27.06,1919,6,"040145",44.7
152.78,-27.06,1919,7,"040145",5.8
152.78,-27.06,1919,8,"040145",23.7
152.78,-27.06,1919,9,"040145",3.8
152.78,-27.06,1919,10,"040145",31.8
152.78,-27.06,1919,11,"040145",18.3
152.78,-27.06,1919,12,"040145",39.6
152.78,-27.06,1920,1,"040145",352.8
152.78,-27.06,1920,2,"040145",38.7
152.78,-27.06,1920,3,"040145",40.8
152.78,-27.06,1920,4,"040145",117.1
152.78,-27.06,1920,5,"040145",96.9
152.78,-27.06,1920,6,"040145",88.3
152.78,-27.06,1920,7,"040145",73.2
152.78,-27.06,1920,8,"040145",34.9
152.78,-27.06,1920,9,"040145",110.1
152.78,-27.06,1920,10,"040145",127
152.78,-27.06,1920,11,"040145",176.7
152.78,-27.06,1920,12,"040145",50.3
152.78,-27.06,1921,1,"040145",247.6
152.78,-27.06,1921,2,"040145",78.2
152.78,-27.06,1921,3,"040145",316.8
152.78,-27.06,1921,4,"040145",329.9
152.78,-27.06,1921,5,"040145",29.2
152.78,-27.06,1921,6,"040145",246
152.78,-27.06,1921,7,"040145",145.3
152.78,-27.06,1921,8,"040145",0
152.78,-27.06,1921,9,"040145",196.4
152.78,-27.06,1921,10,"040145",15.2
152.78,-27.06,1921,11,"040145",26.7
152.78,-27.06,1921,12,"040145",425
152.78,-27.06,1922,1,"040145",131
152.78,-27.06,1922,2,"040145",343.8
152.78,-27.06,1922,3,"040145",0
152.78,-27.06,1922,4,"040145",5.1
152.78,-27.06,1922,5,"040145",51
152.78,-27.06,1922,6,"040145",41.5
152.78,-27.06,1922,7,"040145",77.6
152.78,-27.06,1922,8,"040145",16.6
152.78,-27.06,1922,9,"040145",24.6
152.78,-27.06,1922,10,"040145",142.9
152.78,-27.06,1922,11,"040145",107.9
152.78,-27.06,1922,12,"040145",111.7
152.78,-27.06,1923,1,"040145",69.4
152.78,-27.06,1923,2,"040145",47.4
152.78,-27.06,1923,3,"040145",84.2
152.78,-27.06,1923,4,"040145",244.5
152.78,-27.06,1923,5,"040145",0
152.78,-27.06,1923,6,"040145",68.6
152.78,-27.06,1923,7,"040145",70.1
152.78,-27.06,1923,8,"040145",11.2
152.78,-27.06,1923,9,"040145",37.9
152.78,-27.06,1923,10,"040145",18.8
152.78,-27.06,1923,11,"040145",50.2
152.78,-27.06,1923,12,"040145",229.6
152.78,-27.06,1924,1,"040145",90.9
152.78,-27.06,1924,2,"040145",158.9
152.78,-27.06,1924,3,"040145",183.9
152.78,-27.06,1924,4,"040145",95.5
152.78,-27.06,1924,5,"040145",56.4
152.78,-27.06,1924,6,"040145",86.1
152.78,-27.06,1924,7,"040145",218.2
152.78,-27.06,1924,8,"040145",38.4
152.78,-27.06,1924,9,"040145",35.6
152.78,-27.06,1924,10,"040145",95.7
152.78,-27.06,1924,11,"040145",122.9
152.78,-27.06,1924,12,"040145",59.5
152.78,-27.06,1925,1,"040145",228.9
152.78,-27.06,1925,2,"040145",142.2
152.78,-27.06,1925,3,"040145",367.8
152.78,-27.06,1925,4,"040145",27.9
152.78,-27.06,1925,5,"040145",26.7
152.78,-27.06,1925,6,"040145",259.8
152.78,-27.06,1925,7,"040145",0
152.78,-27.06,1925,8,"040145",0
152.78,-27.06,1925,9,"040145",4.1
152.78,-27.06,1925,10,"040145",5.1
152.78,-27.06,1925,11,"040145",50.2
152.78,-27.06,1925,12,"040145",229.6
152.78,-27.06,1926,1,"040145",129.3
152.78,-27.06,1926,2,"040145",24.1
152.78,-27.06,1926,3,"040145",57.1
152.78,-27.06,1926,4,"040145",100.8
152.78,-27.06,1926,5,"040145",94.4
152.78,-27.06,1926,6,"040145",22.9
152.78,-27.06,1926,7,"040145",0
152.78,-27.06,1926,8,"040145",0
152.78,-27.06,1926,9,"040145",103.6
152.78,-27.06,1926,10,"040145",0
152.78,-27.06,1926,11,"040145",12.7
152.78,-27.06,1926,12,"040145",309.6
152.78,-27.06,1927,1,"040145",780.8
152.78,-27.06,1927,2,"040145",75.5
152.78,-27.06,1927,3,"040145",448.9
152.78,-27.06,1927,4,"040145",112.4
152.78,-27.06,1927,5,"040145",0
152.78,-27.06,1927,6,"040145",86.6
152.78,-27.06,1927,7,"040145",21.1
152.78,-27.06,1927,8,"040145",10.7
152.78,-27.06,1927,9,"040145",137.9
152.78,-27.06,1927,10,"040145",65.2
152.78,-27.06,1927,11,"040145",113
152.78,-27.06,1927,12,"040145",163.6
152.78,-27.06,1928,1,"040145",173.2
152.78,-27.06,1928,2,"040145",591.5
152.78,-27.06,1928,3,"040145",67.8
152.78,-27.06,1928,4,"040145",513.3
152.78,-27.06,1928,5,"040145",79.8
152.78,-27.06,1928,6,"040145",57.5
152.78,-27.06,1928,7,"040145",33.4
152.78,-27.06,1928,8,"040145",20.1
152.78,-27.06,1928,9,"040145",44.4
152.78,-27.06,1928,10,"040145",22.7
152.78,-27.06,1928,11,"040145",57.7
152.78,-27.06,1928,12,"040145",88.4
152.78,-27.06,1929,1,"040145",270.3
152.78,-27.06,1929,2,"040145",190.5
152.78,-27.06,1929,3,"040145",NA
152.78,-27.06,1929,4,"040145",NA
152.78,-27.06,1929,5,"040145",NA
152.78,-27.06,1929,6,"040145",NA
152.78,-27.06,1929,7,"040145",NA
152.78,-27.06,1929,8,"040145",NA
152.78,-27.06,1929,9,"040145",NA
152.78,-27.06,1929,10,"040145",NA
152.78,-27.06,1929,11,"040145",NA
152.78,-27.06,1929,12,"040145",NA
152.78,-27.06,1931,1,"040145",NA
152.78,-27.06,1931,2,"040145",NA
152.78,-27.06,1931,3,"040145",NA
152.78,-27.06,1931,4,"040145",NA
152.78,-27.06,1931,5,"040145",NA
152.78,-27.06,1931,6,"040145",NA
152.78,-27.06,1931,7,"040145",NA
152.78,-27.06,1931,8,"040145",NA
152.78,-27.06,1931,9,"040145",NA
152.78,-27.06,1931,10,"040145",NA
152.78,-27.06,1931,11,"040145",NA
152.78,-27.06,1931,12,"040145",256
152.78,-27.06,1932,1,"040145",31.3
152.78,-27.06,1932,2,"040145",41.2
152.78,-27.06,1932,3,"040145",38
152.78,-27.06,1932,4,"040145",241
152.78,-27.06,1932,5,"040145",39.3
152.78,-27.06,1932,6,"040145",36.8
152.78,-27.06,1932,7,"040145",0
152.78,-27.06,1932,8,"040145",14.2
152.78,-27.06,1932,9,"040145",114.4
152.78,-27.06,1932,10,"040145",122
152.78,-27.06,1932,11,"040145",45.5
152.78,-27.06,1932,12,"040145",28.9
152.78,-27.06,1933,1,"040145",120.7
152.78,-27.06,1933,2,"040145",120.2
152.78,-27.06,1933,3,"040145",42.7
152.78,-27.06,1933,4,"040145",309.1
152.78,-27.06,1933,5,"040145",8.9
152.78,-27.06,1933,6,"040145",57.8
152.78,-27.06,1933,7,"040145",133.1
152.78,-27.06,1933,8,"040145",35.3
152.78,-27.06,1933,9,"040145",95.5
152.78,-27.06,1933,10,"040145",150.3
152.78,-27.06,1933,11,"040145",282.5
152.78,-27.06,1933,12,"040145",345.2
152.78,-27.06,1934,1,"040145",199.3
152.78,-27.06,1934,2,"040145",438.6
152.78,-27.06,1934,3,"040145",96.5
152.78,-27.06,1934,4,"040145",287
152.78,-27.06,1934,5,"040145",80.2
152.78,-27.06,1934,6,"040145",38.4
152.78,-27.06,1934,7,"040145",131.7
152.78,-27.06,1934,8,"040145",52.6
152.78,-27.06,1934,9,"040145",5.3
152.78,-27.06,1934,10,"040145",72.7
152.78,-27.06,1934,11,"040145",211.3
152.78,-27.06,1934,12,"040145",214.1
152.78,-27.06,1935,1,"040145",142.7
152.78,-27.06,1935,2,"040145",148.7
152.78,-27.06,1935,3,"040145",87.7
152.78,-27.06,1935,4,"040145",66.6
152.78,-27.06,1935,5,"040145",40
152.78,-27.06,1935,6,"040145",0
152.78,-27.06,1935,7,"040145",75
152.78,-27.06,1935,8,"040145",74.7
152.78,-27.06,1935,9,"040145",102.7
152.78,-27.06,1935,10,"040145",104.3
152.78,-27.06,1935,11,"040145",22.3
152.78,-27.06,1935,12,"040145",142.7
152.78,-27.06,1936,1,"040145",174.4
152.78,-27.06,1936,2,"040145",25.5
152.78,-27.06,1936,3,"040145",277.1
152.78,-27.06,1936,4,"040145",25.9
152.78,-27.06,1936,5,"040145",63.1
152.78,-27.06,1936,6,"040145",78.7
152.78,-27.06,1936,7,"040145",53.7
152.78,-27.06,1936,8,"040145",3.6
152.78,-27.06,1936,9,"040145",6.1
152.78,-27.06,1936,10,"040145",24.7
152.78,-27.06,1936,11,"040145",38.9
152.78,-27.06,1936,12,"040145",0
152.78,-27.06,1938,1,"040145",381
152.78,-27.06,1938,2,"040145",48
152.78,-27.06,1938,3,"040145",306.1
152.78,-27.06,1938,4,"040145",35.6
152.78,-27.06,1938,5,"040145",432.1
152.78,-27.06,1938,6,"040145",26.9
152.78,-27.06,1938,7,"040145",45.7
152.78,-27.06,1938,8,"040145",26.7
152.78,-27.06,1938,9,"040145",14
152.78,-27.06,1938,10,"040145",68.3
152.78,-27.06,1938,11,"040145",78
152.78,-27.06,1938,12,"040145",0
152.78,-27.06,1939,1,"040145",119.4
152.78,-27.06,1939,2,"040145",81.8
152.78,-27.06,1939,3,"040145",424.2
152.78,-27.06,1939,4,"040145",224.3
152.78,-27.06,1939,5,"040145",81.3
152.78,-27.06,1939,6,"040145",61
152.78,-27.06,1939,7,"040145",66
152.78,-27.06,1939,8,"040145",54.4
152.78,-27.06,1939,9,"040145",0
152.78,-27.06,1939,10,"040145",53.6
152.78,-27.06,1939,11,"040145",91.4
152.78,-27.06,1939,12,"040145",191.8
152.78,-27.06,1940,1,"040145",122.7
152.78,-27.06,1940,2,"040145",169.2
152.78,-27.06,1940,3,"040145",415.9
152.78,-27.06,1940,4,"040145",90.4
152.78,-27.06,1940,5,"040145",32.5
152.78,-27.06,1940,6,"040145",60.8
152.78,-27.06,1940,7,"040145",26.7
152.78,-27.06,1940,8,"040145",32
152.78,-27.06,1940,9,"040145",14.7
152.78,-27.06,1940,10,"040145",74.1
152.78,-27.06,1940,11,"040145",153.3
152.78,-27.06,1940,12,"040145",207.4
152.78,-27.06,1941,1,"040145",240.3
152.78,-27.06,1941,2,"040145",105.5
152.78,-27.06,1941,3,"040145",310.1
152.78,-27.06,1941,4,"040145",83.5
152.78,-27.06,1941,5,"040145",162.8
152.78,-27.06,1941,6,"040145",71.3
152.78,-27.06,1941,7,"040145",11
152.78,-27.06,1941,8,"040145",18.2
152.78,-27.06,1941,9,"040145",3.1
152.78,-27.06,1941,10,"040145",24.8
152.78,-27.06,1941,11,"040145",54.4
152.78,-27.06,1941,12,"040145",56.8
152.78,-27.06,1942,1,"040145",162.3
152.78,-27.06,1942,2,"040145",596.7
152.78,-27.06,1942,3,"040145",66.1
152.78,-27.06,1942,4,"040145",156.3
152.78,-27.06,1942,5,"040145",45.8
152.78,-27.06,1942,6,"040145",39.1
152.78,-27.06,1942,7,"040145",35.8
152.78,-27.06,1942,8,"040145",11.4
152.78,-27.06,1942,9,"040145",11.7
152.78,-27.06,1942,10,"040145",149.9
152.78,-27.06,1942,11,"040145",45.4
152.78,-27.06,1942,12,"040145",485.7
152.78,-27.06,1943,1,"040145",123.7
152.78,-27.06,1943,2,"040145",148
152.78,-27.06,1943,3,"040145",36.8
152.78,-27.06,1943,4,"040145",87.9
152.78,-27.06,1943,5,"040145",35.8
152.78,-27.06,1943,6,"040145",33
152.78,-27.06,1943,7,"040145",11.7
152.78,-27.06,1943,8,"040145",36.8
152.78,-27.06,1943,9,"040145",110.8
152.78,-27.06,1943,10,"040145",268.6
152.78,-27.06,1943,11,"040145",110.5
152.78,-27.06,1943,12,"040145",418.2
152.78,-27.06,1944,1,"040145",277.3
152.78,-27.06,1944,2,"040145",137.9
152.78,-27.06,1944,3,"040145",38.7
152.78,-27.06,1944,4,"040145",10.2
152.78,-27.06,1944,5,"040145",51
152.78,-27.06,1944,6,"040145",86.6
152.78,-27.06,1944,7,"040145",154.8
152.78,-27.06,1944,8,"040145",60.2
152.78,-27.06,1944,9,"040145",75.7
152.78,-27.06,1944,10,"040145",74.3
152.78,-27.06,1944,11,"040145",251
152.78,-27.06,1944,12,"040145",87.6
152.78,-27.06,1945,1,"040145",139.5
152.78,-27.06,1945,2,"040145",192.1
152.78,-27.06,1945,3,"040145",47.5
152.78,-27.06,1945,4,"040145",67.5
152.78,-27.06,1945,5,"040145",92.9
152.78,-27.06,1945,6,"040145",273.5
152.78,-27.06,1945,7,"040145",65.5
152.78,-27.06,1945,8,"040145",14
152.78,-27.06,1945,9,"040145",76.2
152.78,-27.06,1945,10,"040145",83.1
152.78,-27.06,1945,11,"040145",133.4
152.78,-27.06,1945,12,"040145",121.5
152.78,-27.06,1946,1,"040145",178.2
152.78,-27.06,1946,2,"040145",220.9
152.78,-27.06,1946,3,"040145",459.7
152.78,-27.06,1946,4,"040145",156
152.78,-27.06,1946,5,"040145",10.5
152.78,-27.06,1946,6,"040145",0
152.78,-27.06,1946,7,"040145",6.8
152.78,-27.06,1946,8,"040145",8.9
152.78,-27.06,1946,9,"040145",109.3
152.78,-27.06,1946,10,"040145",100.1
152.78,-27.06,1946,11,"040145",59.5
152.78,-27.06,1946,12,"040145",24.9
152.78,-27.06,1947,1,"040145",212.6
152.78,-27.06,1947,2,"040145",512.3
152.78,-27.06,1947,3,"040145",306
152.78,-27.06,1947,4,"040145",60.2
152.78,-27.06,1947,5,"040145",79.7
152.78,-27.06,1947,6,"040145",9.7
152.78,-27.06,1947,7,"040145",3.3
152.78,-27.06,1947,8,"040145",47
152.78,-27.06,1947,9,"040145",103.4
152.78,-27.06,1947,10,"040145",72
152.78,-27.06,1947,11,"040145",98.8
152.78,-27.06,1947,12,"040145",222.4
152.78,-27.06,1948,1,"040145",91.5
152.78,-27.06,1948,2,"040145",165.9
152.78,-27.06,1948,3,"040145",269.5
152.78,-27.06,1948,4,"040145",176.9
152.78,-27.06,1948,5,"040145",199.1
152.78,-27.06,1948,6,"040145",60.1
152.78,-27.06,1948,7,"040145",12.7
152.78,-27.06,1948,8,"040145",17.2
152.78,-27.06,1948,9,"040145",65.5
152.78,-27.06,1948,10,"040145",3.8
152.78,-27.06,1948,11,"040145",59.2
152.78,-27.06,1948,12,"040145",169.4
152.78,-27.06,1949,1,"040145",131.5
152.78,-27.06,1949,2,"040145",239
152.78,-27.06,1949,3,"040145",360.4
152.78,-27.06,1949,4,"040145",50.4
152.78,-27.06,1949,5,"040145",57.3
152.78,-27.06,1949,6,"040145",41.1
152.78,-27.06,1949,7,"040145",38.2
152.78,-27.06,1949,8,"040145",28.6
152.78,-27.06,1949,9,"040145",77
152.78,-27.06,1949,10,"040145",304.1
152.78,-27.06,1949,11,"040145",87.9
152.78,-27.06,1949,12,"040145",110.8
152.78,-27.06,1950,1,"040145",290.1
152.78,-27.06,1950,2,"040145",751.3
152.78,-27.06,1950,3,"040145",451.1
152.78,-27.06,1950,4,"040145",99.1
152.78,-27.06,1950,5,"040145",45.9
152.78,-27.06,1950,6,"040145",132
152.78,-27.06,1950,7,"040145",416.4
152.78,-27.06,1950,8,"040145",22.3
152.78,-27.06,1950,9,"040145",27.1
152.78,-27.06,1950,10,"040145",138.5
152.78,-27.06,1950,11,"040145",151.9
152.78,-27.06,1950,12,"040145",192.1
152.78,-27.06,1951,1,"040145",617.4
152.78,-27.06,1951,2,"040145",129.9
152.78,-27.06,1951,3,"040145",195.1
152.78,-27.06,1951,4,"040145",44
152.78,-27.06,1951,5,"040145",68.1
152.78,-27.06,1951,6,"040145",36.9
152.78,-27.06,1951,7,"040145",0
152.78,-27.06,1951,8,"040145",3.6
152.78,-27.06,1951,9,"040145",3
152.78,-27.06,1951,10,"040145",73.8
152.78,-27.06,1951,11,"040145",24.3
152.78,-27.06,1951,12,"040145",45.3
152.78,-27.06,1952,1,"040145",68.6
152.78,-27.06,1952,2,"040145",137.6
152.78,-27.06,1952,3,"040145",154.5
152.78,-27.06,1952,4,"040145",83
152.78,-27.06,1952,5,"040145",121.1
152.78,-27.06,1952,6,"040145",111.3
152.78,-27.06,1952,7,"040145",60.5
152.78,-27.06,1952,8,"040145",49.5
152.78,-27.06,1952,9,"040145",56.6
152.78,-27.06,1952,10,"040145",91.3
152.78,-27.06,1952,11,"040145",19.1
152.78,-27.06,1952,12,"040145",75.9
152.78,-27.06,1953,1,"040145",281.9
152.78,-27.06,1953,2,"040145",729.9
152.78,-27.06,1953,3,"040145",241.8
152.78,-27.06,1953,4,"040145",64
152.78,-27.06,1953,5,"040145",25.7
152.78,-27.06,1953,6,"040145",0
152.78,-27.06,1953,7,"040145",0.8
152.78,-27.06,1953,8,"040145",118.8
152.78,-27.06,1953,9,"040145",10.5
152.78,-27.06,1953,10,"040145",101.3
152.78,-27.06,1953,11,"040145",63.4
152.78,-27.06,1953,12,"040145",48.1
152.78,-27.06,1954,1,"040145",317.1
152.78,-27.06,1954,2,"040145",489.9
152.78,-27.06,1954,3,"040145",117.9
152.78,-27.06,1954,4,"040145",36.9
152.78,-27.06,1954,5,"040145",72
152.78,-27.06,1954,6,"040145",39.4
152.78,-27.06,1954,7,"040145",369.7
152.78,-27.06,1954,8,"040145",127.9
152.78,-27.06,1954,9,"040145",48.7
152.78,-27.06,1954,10,"040145",212.4
152.78,-27.06,1954,11,"040145",133.1
152.78,-27.06,1954,12,"040145",62.9
152.78,-27.06,1955,1,"040145",117
152.78,-27.06,1955,2,"040145",215.3
152.78,-27.06,1955,3,"040145",827
152.78,-27.06,1955,4,"040145",244.6
152.78,-27.06,1955,5,"040145",240.8
152.78,-27.06,1955,6,"040145",55
152.78,-27.06,1955,7,"040145",61.6
152.78,-27.06,1955,8,"040145",0
152.78,-27.06,1955,9,"040145",62.9
152.78,-27.06,1955,10,"040145",58.4
152.78,-27.06,1955,11,"040145",13.7
152.78,-27.06,1955,12,"040145",130.9
152.78,-27.06,1956,1,"040145",231.4
152.78,-27.06,1956,2,"040145",513.7
152.78,-27.06,1956,3,"040145",580.2
152.78,-27.06,1956,4,"040145",133
152.78,-27.06,1956,5,"040145",26.9
152.78,-27.06,1956,6,"040145",118.1
152.78,-27.06,1956,7,"040145",32.8
152.78,-27.06,1956,8,"040145",9.6
152.78,-27.06,1956,9,"040145",27.2
152.78,-27.06,1956,10,"040145",57.6
152.78,-27.06,1956,11,"040145",21.4
152.78,-27.06,1956,12,"040145",196.9
152.78,-27.06,1957,1,"040145",182.8
152.78,-27.06,1957,2,"040145",166.8
152.78,-27.06,1957,3,"040145",50.9
152.78,-27.06,1957,4,"040145",8.1
152.78,-27.06,1957,5,"040145",17.8
152.78,-27.06,1957,6,"040145",24.3
152.78,-27.06,1957,7,"040145",90.8
152.78,-27.06,1957,8,"040145",109
152.78,-27.06,1957,9,"040145",12
152.78,-27.06,1957,10,"040145",73.2
152.78,-27.06,1957,11,"040145",46.9
152.78,-27.06,1957,12,"040145",34.5
152.78,-27.06,1958,1,"040145",82.5
152.78,-27.06,1958,2,"040145",225.5
152.78,-27.06,1958,3,"040145",249.1
152.78,-27.06,1958,4,"040145",434.5
152.78,-27.06,1958,5,"040145",38.6
152.78,-27.06,1958,6,"040145",373.4
152.78,-27.06,1958,7,"040145",4.1
152.78,-27.06,1958,8,"040145",52.5
152.78,-27.06,1958,9,"040145",53.1
152.78,-27.06,1958,10,"040145",43
152.78,-27.06,1958,11,"040145",53.9
152.78,-27.06,1958,12,"040145",147.1
152.78,-27.06,1959,1,"040145",387.8
152.78,-27.06,1959,2,"040145",264.6
152.78,-27.06,1959,3,"040145",155.3
152.78,-27.06,1959,4,"040145",78.5
152.78,-27.06,1959,5,"040145",67.8
152.78,-27.06,1959,6,"040145",49.2
152.78,-27.06,1959,7,"040145",104.6
152.78,-27.06,1959,8,"040145",18.2
152.78,-27.06,1959,9,"040145",113.1
152.78,-27.06,1959,10,"040145",196
152.78,-27.06,1959,11,"040145",348.7
152.78,-27.06,1959,12,"040145",203
152.78,-27.06,1960,1,"040145",173.5
152.78,-27.06,1960,2,"040145",198.5
152.78,-27.06,1960,3,"040145",97.3
152.78,-27.06,1960,4,"040145",58.9
152.78,-27.06,1960,5,"040145",72.2
152.78,-27.06,1960,6,"040145",26.8
152.78,-27.06,1960,7,"040145",45.6
152.78,-27.06,1960,8,"040145",17.7
152.78,-27.06,1960,9,"040145",2.1
152.78,-27.06,1960,10,"040145",89.5
152.78,-27.06,1960,11,"040145",141.2
152.78,-27.06,1960,12,"040145",53.6
152.78,-27.06,1961,1,"040145",190.7
152.78,-27.06,1961,2,"040145",280.6
152.78,-27.06,1961,3,"040145",81.4
152.78,-27.06,1961,4,"040145",63
152.78,-27.06,1961,5,"040145",29.5
152.78,-27.06,1961,6,"040145",23.1
152.78,-27.06,1961,7,"040145",15.3
152.78,-27.06,1961,8,"040145",37.8
152.78,-27.06,1961,9,"040145",59.5
152.78,-27.06,1961,10,"040145",302.6
152.78,-27.06,1961,11,"040145",103.6
152.78,-27.06,1961,12,"040145",222.6
152.78,-27.06,1962,1,"040145",227.6
152.78,-27.06,1962,2,"040145",133.7
152.78,-27.06,1962,3,"040145",226.1
152.78,-27.06,1962,4,"040145",93.2
152.78,-27.06,1962,5,"040145",44.1
152.78,-27.06,1962,6,"040145",17.3
152.78,-27.06,1962,7,"040145",104.9
152.78,-27.06,1962,8,"040145",16.5
152.78,-27.06,1962,9,"040145",51.3
152.78,-27.06,1962,10,"040145",20.3
152.78,-27.06,1962,11,"040145",54.6
152.78,-27.06,1962,12,"040145",321.6
152.78,-27.06,1963,1,"040145",347.8
152.78,-27.06,1963,2,"040145",71.3
152.78,-27.06,1963,3,"040145",557.9
152.78,-27.06,1963,4,"040145",48.3
152.78,-27.06,1963,5,"040145",255.7
152.78,-27.06,1963,6,"040145",8.9
152.78,-27.06,1963,7,"040145",0
152.78,-27.06,1963,8,"040145",63.2
152.78,-27.06,1963,9,"040145",39.6
152.78,-27.06,1963,10,"040145",117.4
152.78,-27.06,1963,11,"040145",133.1
152.78,-27.06,1963,12,"040145",142
152.78,-27.06,1964,1,"040145",61.6
152.78,-27.06,1964,2,"040145",264
152.78,-27.06,1964,3,"040145",323.8
152.78,-27.06,1964,4,"040145",116.4
152.78,-27.06,1964,5,"040145",120.7
152.78,-27.06,1964,6,"040145",21.6
152.78,-27.06,1964,7,"040145",51
152.78,-27.06,1964,8,"040145",38.6
152.78,-27.06,1964,9,"040145",143.1
152.78,-27.06,1964,10,"040145",71.9
152.78,-27.06,1964,11,"040145",52.2
152.78,-27.06,1964,12,"040145",63
152.78,-27.06,1965,1,"040145",89
152.78,-27.06,1965,2,"040145",91.3
152.78,-27.06,1965,3,"040145",39
152.78,-27.06,1965,4,"040145",71
152.78,-27.06,1965,5,"040145",90.7
152.78,-27.06,1965,6,"040145",110.6
152.78,-27.06,1965,7,"040145",262.5
152.78,-27.06,1965,8,"040145",95.6
152.78,-27.06,1965,9,"040145",63.8
152.78,-27.06,1965,10,"040145",65.9
152.78,-27.06,1965,11,"040145",118.4
152.78,-27.06,1965,12,"040145",231.5
152.78,-27.06,1966,1,"040145",47.7
152.78,-27.06,1966,2,"040145",79.8
152.78,-27.06,1966,3,"040145",118.4
152.78,-27.06,1966,4,"040145",139.7
152.78,-27.06,1966,5,"040145",23.9
152.78,-27.06,1966,6,"040145",161.5
152.78,-27.06,1966,7,"040145",21.9
152.78,-27.06,1966,8,"040145",66
152.78,-27.06,1966,9,"040145",55.3
152.78,-27.06,1966,10,"040145",136
152.78,-27.06,1966,11,"040145",133.9
152.78,-27.06,1966,12,"040145",147.9
152.78,-27.06,1967,1,"040145",330.4
152.78,-27.06,1967,2,"040145",249.1
152.78,-27.06,1967,3,"040145",400.2
152.78,-27.06,1967,4,"040145",67.2
152.78,-27.06,1967,5,"040145",141.7
152.78,-27.06,1967,6,"040145",578.8
152.78,-27.06,1967,7,"040145",70.7
152.78,-27.06,1967,8,"040145",18.5
152.78,-27.06,1967,9,"040145",9.1
152.78,-27.06,1967,10,"040145",114.5
152.78,-27.06,1967,11,"040145",20.8
152.78,-27.06,1967,12,"040145",148.3
152.78,-27.06,1968,1,"040145",692.5
152.78,-27.06,1968,2,"040145",163.9
152.78,-27.06,1968,3,"040145",127.1
152.78,-27.06,1968,4,"040145",46.9
152.78,-27.06,1968,5,"040145",46
152.78,-27.06,1968,6,"040145",11.9
152.78,-27.06,1968,7,"040145",49.9
152.78,-27.06,1968,8,"040145",49.2
152.78,-27.06,1968,9,"040145",11.1
152.78,-27.06,1968,10,"040145",9.5
152.78,-27.06,1968,11,"040145",98.6
152.78,-27.06,1968,12,"040145",96.3
152.78,-27.06,1969,1,"040145",28.9
152.78,-27.06,1969,2,"040145",122.7
152.78,-27.06,1969,3,"040145",91.4
152.78,-27.06,1969,4,"040145",53.4
152.78,-27.06,1969,5,"040145",346.6
152.78,-27.06,1969,6,"040145",20.9
152.78,-27.06,1969,7,"040145",55.2
152.78,-27.06,1969,8,"040145",206.6
152.78,-27.06,1969,9,"040145",28.5
152.78,-27.06,1969,10,"040145",162
152.78,-27.06,1969,11,"040145",130.1
152.78,-27.06,1969,12,"040145",107.6
152.78,-27.06,1970,1,"040145",284.3
152.78,-27.06,1970,2,"040145",162
152.78,-27.06,1970,3,"040145",109.7
152.78,-27.06,1970,4,"040145",83.8
152.78,-27.06,1970,5,"040145",23.6
152.78,-27.06,1970,6,"040145",21.6
152.78,-27.06,1970,7,"040145",16.5
152.78,-27.06,1970,8,"040145",15.8
152.78,-27.06,1970,9,"040145",54.2
152.78,-27.06,1970,10,"040145",124.8
152.78,-27.06,1970,11,"040145",186.8
152.78,-27.06,1970,12,"040145",678.4
152.78,-27.06,1971,1,"040145",NA
152.78,-27.06,1971,2,"040145",NA
152.78,-27.06,1971,3,"040145",NA
152.78,-27.06,1971,4,"040145",NA
152.78,-27.06,1971,5,"040145",NA
152.78,-27.06,1971,6,"040145",NA
152.78,-27.06,1971,7,"040145",NA
152.78,-27.06,1971,8,"040145",NA
152.78,-27.06,1971,9,"040145",NA
152.78,-27.06,1971,10,"040145",47
152.78,-27.06,1971,11,"040145",151.4
152.78,-27.06,1971,12,"040145",231.1
152.78,-27.06,1972,1,"040145",247.9
152.78,-27.06,1972,2,"040145",749.9
152.78,-27.06,1972,3,"040145",237
152.78,-27.06,1972,4,"040145",323.6
152.78,-27.06,1972,5,"040145",159.8
152.78,-27.06,1972,6,"040145",64.6
152.78,-27.06,1972,7,"040145",4.9
152.78,-27.06,1972,8,"040145",18
152.78,-27.06,1972,9,"040145",1.5
152.78,-27.06,1972,10,"040145",266.4
152.78,-27.06,1972,11,"040145",104.7
152.78,-27.06,1972,12,"040145",48.1
152.78,-27.06,1973,1,"040145",142.5
152.78,-27.06,1973,2,"040145",535
152.78,-27.06,1973,3,"040145",43
152.78,-27.06,1973,4,"040145",52
152.78,-27.06,1973,5,"040145",57.2
152.78,-27.06,1973,6,"040145",34.7
152.78,-27.06,1973,7,"040145",721
152.78,-27.06,1973,8,"040145",37.4
152.78,-27.06,1973,9,"040145",43.2
152.78,-27.06,1973,10,"040145",255.4
152.78,-27.06,1973,11,"040145",92
152.78,-27.06,1973,12,"040145",148.1
152.78,-27.06,1974,1,"040145",1573
152.78,-27.06,1974,2,"040145",249
152.78,-27.06,1974,3,"040145",430
152.78,-27.06,1974,4,"040145",98
152.78,-27.06,1974,5,"040145",99
152.78,-27.06,1974,6,"040145",56
152.78,-27.06,1974,7,"040145",7
152.78,-27.06,1974,8,"040145",82.2
152.78,-27.06,1974,9,"040145",51.2
152.78,-27.06,1974,10,"040145",88.8
152.78,-27.06,1974,11,"040145",216
152.78,-27.06,1974,12,"040145",52
152.78,-27.06,1975,1,"040145",273.2
152.78,-27.06,1975,2,"040145",171
152.78,-27.06,1975,3,"040145",56.4
152.78,-27.06,1975,4,"040145",39
152.78,-27.06,1975,5,"040145",24.6
152.78,-27.06,1975,6,"040145",69
152.78,-27.06,1975,7,"040145",18.6
152.78,-27.06,1975,8,"040145",61
152.78,-27.06,1975,9,"040145",123.6
152.78,-27.06,1975,10,"040145",124.2
152.78,-27.06,1975,11,"040145",180.8
152.78,-27.06,1975,12,"040145",273.4
152.78,-27.06,1976,1,"040145",416.2
152.78,-27.06,1976,2,"040145",503
152.78,-27.06,1976,3,"040145",344.6
152.78,-27.06,1976,4,"040145",120.2
152.78,-27.06,1976,5,"040145",197.2
152.78,-27.06,1976,6,"040145",28.2
152.78,-27.06,1976,7,"040145",63.6
152.78,-27.06,1976,8,"040145",2.2
152.78,-27.06,1976,9,"040145",102.4
152.78,-27.06,1976,10,"040145",67
152.78,-27.06,1976,11,"040145",224.8
152.78,-27.06,1976,12,"040145",55.8
152.78,-27.06,1977,1,"040145",55
152.78,-27.06,1977,2,"040145",194.4
152.78,-27.06,1977,3,"040145",177.4
152.78,-27.06,1977,4,"040145",65.2
152.78,-27.06,1977,5,"040145",80.6
152.78,-27.06,1977,6,"040145",25.8
152.78,-27.06,1977,7,"040145",19.6
152.78,-27.06,1977,8,"040145",13.4
152.78,-27.06,1977,9,"040145",30.6
152.78,-27.06,1977,10,"040145",66.6
152.78,-27.06,1977,11,"040145",94.8
152.78,-27.06,1977,12,"040145",74.6
152.78,-27.06,1978,1,"040145",209
152.78,-27.06,1978,2,"040145",146.8
152.78,-27.06,1978,3,"040145",244.8
152.78,-27.06,1978,4,"040145",56.8
152.78,-27.06,1978,5,"040145",109.4
152.78,-27.06,1978,6,"040145",25.2
152.78,-27.06,1978,7,"040145",54.2
152.78,-27.06,1978,8,"040145",65.8
152.78,-27.06,1978,9,"040145",157.6
152.78,-27.06,1978,10,"040145",32.2
152.78,-27.06,1978,11,"040145",136.8
152.78,-27.06,1978,12,"040145",252.2
152.78,-27.06,1979,1,"040145",389.6
152.78,-27.06,1979,2,"040145",198.4
152.78,-27.06,1979,3,"040145",95
152.78,-27.06,1979,4,"040145",121.6
152.78,-27.06,1979,5,"040145",39.4
152.78,-27.06,1979,6,"040145",119
152.78,-27.06,1979,7,"040145",51.8
152.78,-27.06,1979,8,"040145",3.4
152.78,-27.06,1979,9,"040145",9.6
152.78,-27.06,1979,10,"040145",94.2
152.78,-27.06,1979,11,"040145",120.6
152.78,-27.06,1979,12,"040145",113
152.78,-27.06,1980,1,"040145",167.2
152.78,-27.06,1980,2,"040145",235.2
152.78,-27.06,1980,3,"040145",18.4
152.78,-27.06,1980,4,"040145",68.5
152.78,-27.06,1980,5,"040145",398.8
152.78,-27.06,1980,6,"040145",13.2
152.78,-27.06,1980,7,"040145",63.8
152.78,-27.06,1980,8,"040145",30.6
152.78,-27.06,1980,9,"040145",0.2
152.78,-27.06,1980,10,"040145",189.6
152.78,-27.06,1980,11,"040145",55.8
152.78,-27.06,1980,12,"040145",304.6
152.78,-27.06,1981,1,"040145",182.4
152.78,-27.06,1981,2,"040145",518.4
152.78,-27.06,1981,3,"040145",26
152.78,-27.06,1981,4,"040145",186.6
152.78,-27.06,1981,5,"040145",151.4
152.78,-27.06,1981,6,"040145",72
152.78,-27.06,1981,7,"040145",62.4
152.78,-27.06,1981,8,"040145",60
152.78,-27.06,1981,9,"040145",9.6
152.78,-27.06,1981,10,"040145",13.8
152.78,-27.06,1981,11,"040145",271.2
152.78,-27.06,1981,12,"040145",234.2
152.78,-27.06,1982,1,"040145",419.2
152.78,-27.06,1982,2,"040145",165.2
152.78,-27.06,1982,3,"040145",300.6
152.78,-27.06,1982,4,"040145",88.6
152.78,-27.06,1982,5,"040145",91.4
152.78,-27.06,1982,6,"040145",1.4
152.78,-27.06,1982,7,"040145",10.6
152.78,-27.06,1982,8,"040145",56.8
152.78,-27.06,1982,9,"040145",59.4
152.78,-27.06,1982,10,"040145",67
152.78,-27.06,1982,11,"040145",6
152.78,-27.06,1982,12,"040145",115.6
152.78,-27.06,1983,1,"040145",117.6
152.78,-27.06,1983,2,"040145",71.4
152.78,-27.06,1983,3,"040145",152.2
152.78,-27.06,1983,4,"040145",196
152.78,-27.06,1983,5,"040145",378
152.78,-27.06,1983,6,"040145",353.4
152.78,-27.06,1983,7,"040145",101.2
152.78,-27.06,1983,8,"040145",60.2
152.78,-27.06,1983,9,"040145",35.8
152.78,-27.06,1983,10,"040145",87.6
152.78,-27.06,1983,11,"040145",295
152.78,-27.06,1983,12,"040145",123.4
152.78,-27.06,1984,1,"040145",108.8
152.78,-27.06,1984,2,"040145",69.6
152.78,-27.06,1984,3,"040145",46.8
152.78,-27.06,1984,4,"040145",222.2
152.78,-27.06,1984,5,"040145",40.4
152.78,-27.06,1984,6,"040145",110.4
152.78,-27.06,1984,7,"040145",186
152.78,-27.06,1984,8,"040145",30
152.78,-27.06,1984,9,"040145",41.4
152.78,-27.06,1984,10,"040145",193.2
152.78,-27.06,1984,11,"040145",133
152.78,-27.06,1984,12,"040145",137.2
152.78,-27.06,1985,1,"040145",152.8
152.78,-27.06,1985,2,"040145",102.2
152.78,-27.06,1985,3,"040145",244.6
152.78,-27.06,1985,4,"040145",101.8
152.78,-27.06,1985,5,"040145",97.6
152.78,-27.06,1985,6,"040145",47.8
152.78,-27.06,1985,7,"040145",177.6
152.78,-27.06,1985,8,"040145",38.8
152.78,-27.06,1985,9,"040145",58
152.78,-27.06,1985,10,"040145",139.8
152.78,-27.06,1985,11,"040145",132
152.78,-27.06,1985,12,"040145",88.2
152.78,-27.06,1986,1,"040145",52.2
152.78,-27.06,1986,2,"040145",107.6
152.78,-27.06,1986,3,"040145",75.8
152.78,-27.06,1986,4,"040145",27.8
152.78,-27.06,1986,5,"040145",108.8
152.78,-27.06,1986,6,"040145",2.4
152.78,-27.06,1986,7,"040145",73.4
152.78,-27.06,1986,8,"040145",68
152.78,-27.06,1986,9,"040145",22
152.78,-27.06,1986,10,"040145",142.4
152.78,-27.06,1986,11,"040145",134.6
152.78,-27.06,1986,12,"040145",169.8
152.78,-27.06,1987,1,"040145",69.4
152.78,-27.06,1987,2,"040145",83
152.78,-27.06,1987,3,"040145",83
152.78,-27.06,1987,4,"040145",102.2
152.78,-27.06,1987,5,"040145",79.8
152.78,-27.06,1987,6,"040145",76.6
152.78,-27.06,1987,7,"040145",57.8
152.78,-27.06,1987,8,"040145",111
152.78,-27.06,1987,9,"040145",2.2
152.78,-27.06,1987,10,"040145",164.4
152.78,-27.06,1987,11,"040145",57.6
152.78,-27.06,1987,12,"040145",161.2
152.78,-27.06,1988,1,"040145",138.8
152.78,-27.06,1988,2,"040145",88.2
152.78,-27.06,1988,3,"040145",160.2
152.78,-27.06,1988,4,"040145",745
152.78,-27.06,1988,5,"040145",17.8
152.78,-27.06,1988,6,"040145",321.4
152.78,-27.06,1988,7,"040145",236
152.78,-27.06,1988,8,"040145",86.8
152.78,-27.06,1988,9,"040145",50
152.78,-27.06,1988,10,"040145",48.2
152.78,-27.06,1988,11,"040145",56.2
152.78,-27.06,1988,12,"040145",583.8
152.78,-27.06,1989,1,"040145",117.2
152.78,-27.06,1989,2,"040145",156.2
152.78,-27.06,1989,3,"040145",394.8
152.78,-27.06,1989,4,"040145",945.4
152.78,-27.06,1989,5,"040145",335.2
152.78,-27.06,1989,6,"040145",40.8
152.78,-27.06,1989,7,"040145",42.4
152.78,-27.06,1989,8,"040145",57
152.78,-27.06,1989,9,"040145",13.2
152.78,-27.06,1989,10,"040145",73
152.78,-27.06,1989,11,"040145",158.4
152.78,-27.06,1989,12,"040145",97.2
152.78,-27.06,1990,1,"040145",132
152.78,-27.06,1990,2,"040145",447.4
152.78,-27.06,1990,3,"040145",329.2
152.78,-27.06,1990,4,"040145",278.8
152.78,-27.06,1990,5,"040145",184
152.78,-27.06,1990,6,"040145",79.2
152.78,-27.06,1990,7,"040145",48.8
152.78,-27.06,1990,8,"040145",12.6
152.78,-27.06,1990,9,"040145",10
152.78,-27.06,1990,10,"040145",46.4
152.78,-27.06,1990,11,"040145",106.2
152.78,-27.06,1990,12,"040145",127.8
152.78,-27.06,1991,1,"040145",147.4
152.78,-27.06,1991,2,"040145",156
152.78,-27.06,1991,3,"040145",57.4
152.78,-27.06,1991,4,"040145",5.2
152.78,-27.06,1991,5,"040145",82.6
152.78,-27.06,1991,6,"040145",75
152.78,-27.06,1991,7,"040145",24
152.78,-27.06,1991,8,"040145",0
152.78,-27.06,1991,9,"040145",8.2
152.78,-27.06,1991,10,"040145",68.8
152.78,-27.06,1991,11,"040145",48.6
152.78,-27.06,1991,12,"040145",470.6
152.78,-27.06,1992,1,"040145",118.6
152.78,-27.06,1992,2,"040145",407.8
152.78,-27.06,1992,3,"040145",422.8
152.78,-27.06,1992,4,"040145",188
152.78,-27.06,1992,5,"040145",157.8
152.78,-27.06,1992,6,"040145",27.4
152.78,-27.06,1992,7,"040145",59
152.78,-27.06,1992,8,"040145",19.2
152.78,-27.06,1992,9,"040145",40.2
152.78,-27.06,1992,10,"040145",6.4
152.78,-27.06,1992,11,"040145",127.6
152.78,-27.06,1992,12,"040145",74.8
152.78,-27.06,1993,1,"040145",130.6
152.78,-27.06,1993,2,"040145",144
152.78,-27.06,1993,3,"040145",138.8
152.78,-27.06,1993,4,"040145",28
152.78,-27.06,1993,5,"040145",58.8
152.78,-27.06,1993,6,"040145",14
152.78,-27.06,1993,7,"040145",91.2
152.78,-27.06,1993,8,"040145",62
152.78,-27.06,1993,9,"040145",71.4
152.78,-27.06,1993,10,"040145",77.2
152.78,-27.06,1993,11,"040145",114
152.78,-27.06,1993,12,"040145",176.4
152.78,-27.06,1994,1,"040145",243.2
152.78,-27.06,1994,2,"040145",230
152.78,-27.06,1994,3,"040145",339.2
152.78,-27.06,1994,4,"040145",98.4
152.78,-27.06,1994,5,"040145",69.6
152.78,-27.06,1994,6,"040145",24.6
152.78,-27.06,1994,7,"040145",47.4
152.78,-27.06,1994,8,"040145",13.8
152.78,-27.06,1994,9,"040145",12.2
152.78,-27.06,1994,10,"040145",38.4
152.78,-27.06,1994,11,"040145",73
152.78,-27.06,1994,12,"040145",161.8
152.78,-27.06,1995,1,"040145",46.2
152.78,-27.06,1995,2,"040145",527.2
152.78,-27.06,1995,3,"040145",64.4
152.78,-27.06,1995,4,"040145",62.8
152.78,-27.06,1995,5,"040145",55.4
152.78,-27.06,1995,6,"040145",58.2
152.78,-27.06,1995,7,"040145",6.6
152.78,-27.06,1995,8,"040145",39.4
152.78,-27.06,1995,9,"040145",37.4
152.78,-27.06,1995,10,"040145",98.4
152.78,-27.06,1995,11,"040145",172.8
152.78,-27.06,1995,12,"040145",186.8
152.78,-27.06,1996,1,"040145",305.2
152.78,-27.06,1996,2,"040145",93.8
152.78,-27.06,1996,3,"040145",77.2
152.78,-27.06,1996,4,"040145",54.6
152.78,-27.06,1996,5,"040145",658.6
152.78,-27.06,1996,6,"040145",46.6
152.78,-27.06,1996,7,"040145",37.6
152.78,-27.06,1996,8,"040145",49.2
152.78,-27.06,1996,9,"040145",32.4
152.78,-27.06,1996,10,"040145",109
152.78,-27.06,1996,11,"040145",72.6
152.78,-27.06,1996,12,"040145",104.2
152.78,-27.06,1997,1,"040145",191.8
152.78,-27.06,1997,2,"040145",191.8
152.78,-27.06,1997,3,"040145",94.8
152.78,-27.06,1997,4,"040145",90.6
152.78,-27.06,1997,5,"040145",153.6
152.78,-27.06,1997,6,"040145",43.2
152.78,-27.06,1997,7,"040145",30.8
152.78,-27.06,1997,8,"040145",4.6
152.78,-27.06,1997,9,"040145",37.8
152.78,-27.06,1997,10,"040145",111.2
152.78,-27.06,1997,11,"040145",125.4
152.78,-27.06,1997,12,"040145",79.6
152.78,-27.06,1998,1,"040145",177
152.78,-27.06,1998,2,"040145",149.6
152.78,-27.06,1998,3,"040145",105.8
152.78,-27.06,1998,4,"040145",192
152.78,-27.06,1998,5,"040145",154.8
152.78,-27.06,1998,6,"040145",29.2
152.78,-27.06,1998,7,"040145",41.2
152.78,-27.06,1998,8,"040145",154.6
152.78,-27.06,1998,9,"040145",242
152.78,-27.06,1998,10,"040145",12
152.78,-27.06,1998,11,"040145",78.8
152.78,-27.06,1998,12,"040145",145.8
152.78,-27.06,1999,1,"040145",263
152.78,-27.06,1999,2,"040145",692.2
152.78,-27.06,1999,3,"040145",194.8
152.78,-27.06,1999,4,"040145",55
152.78,-27.06,1999,5,"040145",270.4
152.78,-27.06,1999,6,"040145",170.8
152.78,-27.06,1999,7,"040145",152.4
152.78,-27.06,1999,8,"040145",129.6
152.78,-27.06,1999,9,"040145",62.2
152.78,-27.06,1999,10,"040145",151.8
152.78,-27.06,1999,11,"040145",102.8
152.78,-27.06,1999,12,"040145",278.6
152.78,-27.06,2000,1,"040145",63.8
152.78,-27.06,2000,2,"040145",162.8
152.78,-27.06,2000,3,"040145",131.6
152.78,-27.06,2000,4,"040145",99.8
152.78,-27.06,2000,5,"040145",234.2
152.78,-27.06,2000,6,"040145",60.4
152.78,-27.06,2000,7,"040145",20.4
152.78,-27.06,2000,8,"040145",22.2
152.78,-27.06,2000,9,"040145",1.2
152.78,-27.06,2000,10,"040145",140.8
152.78,-27.06,2000,11,"040145",152.6
152.78,-27.06,2000,12,"040145",131
152.78,-27.06,2001,1,"040145",46.8
152.78,-27.06,2001,2,"040145",426.4
152.78,-27.06,2001,3,"040145",184.4
152.78,-27.06,2001,4,"040145",66.6
152.78,-27.06,2001,5,"040145",32.2
152.78,-27.06,2001,6,"040145",36
152.78,-27.06,2001,7,"040145",56.2
152.78,-27.06,2001,8,"040145",21
152.78,-27.06,2001,9,"040145",26.4
152.78,-27.06,2001,10,"040145",75.8
152.78,-27.06,2001,11,"040145",174.8
152.78,-27.06,2001,12,"040145",111.4
152.78,-27.06,2002,1,"040145",89.4
152.78,-27.06,2002,2,"040145",69.2
152.78,-27.06,2002,3,"040145",55.2
152.78,-27.06,2002,4,"040145",31.6
152.78,-27.06,2002,5,"040145",NA
152.78,-27.06,2002,6,"040145",NA
152.78,-27.06,2002,7,"040145",NA
152.78,-27.06,2002,8,"040145",NA
152.78,-27.06,2002,9,"040145",NA
152.78,-27.06,2002,10,"040145",NA
152.78,-27.06,2002,11,"040145",NA
152.78,-27.06,2002,12,"040145",NA
152.78,-27.06,2003,1,"040145",NA
152.78,-27.06,2003,2,"040145",555.7
152.78,-27.06,2003,3,"040145",114.6
152.78,-27.06,2003,4,"040145",104.3
152.78,-27.06,2003,5,"040145",68.3
152.78,-27.06,2003,6,"040145",43
152.78,-27.06,2003,7,"040145",30.8
152.78,-27.06,2003,8,"040145",NA
152.78,-27.06,2003,9,"040145",4.2
152.78,-27.06,2003,10,"040145",101.2
152.78,-27.06,2003,11,"040145",42.5
152.78,-27.06,2003,12,"040145",163.3
152.78,-27.06,2004,1,"040145",262.3
152.78,-27.06,2004,2,"040145",153.8
152.78,-27.06,2004,3,"040145",255
152.78,-27.06,2004,4,"040145",123.6
152.78,-27.06,2004,5,"040145",17.8
152.78,-27.06,2004,6,"040145",6.2
152.78,-27.06,2004,7,"040145",4.3
152.78,-27.06,2004,8,"040145",6
152.78,-27.06,2004,9,"040145",27.6
152.78,-27.06,2004,10,"040145",67
152.78,-27.06,2004,11,"040145",110.7
152.78,-27.06,2004,12,"040145",226.5
152.78,-27.06,2005,1,"040145",144.7
152.78,-27.06,2005,2,"040145",28.8
152.78,-27.06,2005,3,"040145",25
152.78,-27.06,2005,4,"040145",NA
152.78,-27.06,2005,5,"040145",NA
152.78,-27.06,2005,6,"040145",137.8
152.78,-27.06,2005,7,"040145",NA
152.78,-27.06,2005,8,"040145",18.6
152.78,-27.06,2005,9,"040145",26
152.78,-27.06,2005,10,"040145",NA
152.78,-27.06,2005,11,"040145",NA
152.78,-27.06,2005,12,"040145",101.4
152.78,-27.06,2006,1,"040145",193.5
152.78,-27.06,2006,2,"040145",136.8
152.78,-27.06,2006,3,"040145",NA
152.78,-27.06,2006,4,"040145",30.2
152.78,-27.06,2006,5,"040145",38
152.78,-27.06,2006,6,"040145",48.6
152.78,-27.06,2006,7,"040145",44.6
152.78,-27.06,2006,8,"040145",57.2
152.78,-27.06,2006,9,"040145",119.9
152.78,-27.06,2006,10,"040145",38.2
152.78,-27.06,2006,11,"040145",94.5
152.78,-27.06,2006,12,"040145",104
152.78,-27.06,2007,1,"040145",123.6
152.78,-27.06,2007,2,"040145",136.8
152.78,-27.06,2007,3,"040145",122.5
152.78,-27.06,2007,4,"040145",15.6
152.78,-27.06,2007,5,"040145",98.4
152.78,-27.06,2007,6,"040145",128
152.78,-27.06,2007,7,"040145",6.6
152.78,-27.06,2007,8,"040145",194.1
152.78,-27.06,2007,9,"040145",91.2
152.78,-27.06,2007,10,"040145",37.4
152.78,-27.06,2007,11,"040145",187.8
152.78,-27.06,2007,12,"040145",NA
152.78,-27.06,2008,1,"040145",388.6
152.78,-27.06,2008,2,"040145",234
152.78,-27.06,2008,3,"040145",NA
152.78,-27.06,2008,4,"040145",24
152.78,-27.06,2008,5,"040145",51
152.78,-27.06,2008,6,"040145",157.6
152.78,-27.06,2008,7,"040145",131
152.78,-27.06,2008,8,"040145",5.2
152.78,-27.06,2008,9,"040145",125.6
152.78,-27.06,2008,10,"040145",NA
152.78,-27.06,2008,11,"040145",346.2
152.78,-27.06,2008,12,"040145",NA
152.78,-27.06,2009,1,"040145",147.2
152.78,-27.06,2009,2,"040145",190.8
152.78,-27.06,2009,3,"040145",103.6
152.78,-27.06,2009,4,"040145",523
152.78,-27.06,2009,5,"040145",NA
152.78,-27.06,2009,6,"040145",145.2
152.78,-27.06,2009,7,"040145",2.4
152.78,-27.06,2009,8,"040145",8.9
152.78,-27.06,2009,9,"040145",23.8
152.78,-27.06,2009,10,"040145",42.5
152.78,-27.06,2009,11,"040145",35.6
152.78,-27.06,2009,12,"040145",246.3
152.78,-27.06,2010,1,"040145",149
152.78,-27.06,2010,2,"040145",413
152.78,-27.06,2010,3,"040145",463.4
152.78,-27.06,2010,4,"040145",89
152.78,-27.06,2010,5,"040145",43
152.78,-27.06,2010,6,"040145",28.6
152.78,-27.06,2010,7,"040145",NA
152.78,-27.06,2010,8,"040145",97.6
152.78,-27.06,2010,9,"040145",151.8
152.78,-27.06,2010,10,"040145",497
152.78,-27.06,2010,11,"040145",80.2
152.78,-27.06,2010,12,"040145",539.7
152.78,-27.06,2011,1,"040145",836.7
152.78,-27.06,2011,2,"040145",102.8
152.78,-27.06,2011,3,"040145",199.2
152.78,-27.06,2011,4,"040145",196.2
152.78,-27.06,2011,5,"040145",89.2
152.78,-27.06,2011,6,"040145",24.6
152.78,-27.06,2011,7,"040145",25.3
152.78,-27.06,2011,8,"040145",NA
152.78,-27.06,2011,9,"040145",12.4
152.78,-27.06,2011,10,"040145",115.1
152.78,-27.06,2011,11,"040145",19.2
152.78,-27.06,2011,12,"040145",272.4
152.78,-27.06,2012,1,"040145",516.9
152.78,-27.06,2012,2,"040145",297.8
152.78,-27.06,2012,3,"040145",273.2
152.78,-27.06,2012,4,"040145",137.8
152.78,-27.06,2012,5,"040145",47.6
152.78,-27.06,2012,6,"040145",NA
152.78,-27.06,2012,7,"040145",81
152.78,-27.06,2012,8,"040145",0
152.78,-27.06,2012,9,"040145",NA
152.78,-27.06,2012,10,"040145",21.8
152.78,-27.06,2012,11,"040145",101.2
152.78,-27.06,2012,12,"040145",44.8
152.78,-27.06,2013,1,"040145",593.8
152.78,-27.06,2013,2,"040145",491.2
152.78,-27.06,2013,3,"040145",NA
152.78,-27.06,2013,4,"040145",123.4
152.78,-27.06,2013,5,"040145",88.8
152.78,-27.06,2013,6,"040145",121.7
152.78,-27.06,2013,7,"040145",NA
152.78,-27.06,2013,8,"040145",0
152.78,-27.06,2013,9,"040145",39.6
152.78,-27.06,2013,10,"040145",NA
152.78,-27.06,2013,11,"040145",NA
152.78,-27.06,2013,12,"040145",52.4
152.78,-27.06,2014,1,"040145",122.4
152.78,-27.06,2014,2,"040145",9.8
152.78,-27.06,2014,3,"040145",390.2
152.78,-27.06,2014,4,"040145",59.2
152.78,-27.06,2014,5,"040145",34.6
152.78,-27.06,2014,6,"040145",11.2
152.78,-27.06,2014,7,"040145",6
152.78,-27.06,2014,8,"040145",NA
152.78,-27.06,2014,9,"040145",42
152.78,-27.06,2014,10,"040145",18.4
152.78,-27.06,2014,11,"040145",NA
152.78,-27.06,2014,12,"040145",93.6
152.78,-27.06,2015,1,"040145",240.2
152.78,-27.06,2015,2,"040145",NA
152.78,-27.06,2015,3,"040145",32.6
152.78,-27.06,2015,4,"040145",142.8
152.78,-27.06,2015,5,"040145",116.6
152.78,-27.06,2015,6,"040145",63
152.78,-27.06,2015,7,"040145",17
152.78,-27.06,2015,8,"040145",32
152.78,-27.06,2015,9,"040145",41.2
152.78,-27.06,2015,10,"040145",142.8
152.78,-27.06,2015,11,"040145",94.8
152.78,-27.06,2015,12,"040145",60.2
152.78,-27.06,2016,1,"040145",113
152.78,-27.06,2016,2,"040145",38
152.78,-27.06,2016,3,"040145",NA
152.78,-27.06,2016,4,"040145",25
152.78,-27.06,2016,5,"040145",39.4
152.78,-27.06,2016,6,"040145",281.6
152.78,-27.06,2016,7,"040145",28.3
152.78,-27.06,2016,8,"040145",20.4
152.78,-27.06,2016,9,"040145",116.6
152.78,-27.06,2016,10,"040145",NA
152.78,-27.06,2016,11,"040145",NA
152.78,-27.06,2016,12,"040145",NA
152.78,-27.06,2017,1,"040145",NA
152.78,-27.06,2017,2,"040145",NA
152.78,-27.06,2017,3,"040145",388.2
152.78,-27.06,2017,4,"040145",17
152.78,-27.06,2017,5,"040145",55.6
152.78,-27.06,2017,6,"040145",121
152.78,-27.06,2017,7,"040145",34.4
152.78,-27.06,2017,8,"040145",14.6
152.78,-27.06,2017,9,"040145",12
152.78,-27.06,2017,10,"040145",477.8
152.78,-27.06,2017,11,"040145",44.5
152.78,-27.06,2017,12,"040145",128
152.78,-27.06,2018,1,"040145",100.2
152.78,-27.06,2018,2,"040145",NA
152.78,-27.06,2018,3,"040145",171.2
152.78,-27.06,2018,4,"040145",81.8
152.78,-27.06,2018,5,"040145",54.4
152.78,-27.06,2018,6,"040145",NA
152.78,-27.06,2018,7,"040145",24.4
152.78,-27.06,2018,8,"040145",23.6
152.78,-27.06,2018,9,"040145",18.2
152.78,-27.06,2018,10,"040145",264.6
152.78,-27.06,2018,11,"040145",17.8
152.78,-27.06,2018,12,"040145",140.2
152.78,-27.06,2019,1,"040145",18.6
152.78,-27.06,2019,2,"040145",101.8
152.78,-27.06,2019,3,"040145",237.8
152.78,-27.06,2019,4,"040145",149.4
152.78,-27.06,2019,5,"040145",40
152.78,-27.06,2019,6,"040145",62.2
152.78,-27.06,2019,7,"040145",29.8
152.78,-27.06,2019,8,"040145",8.6
152.78,-27.06,2019,9,"040145",8.8
152.78,-27.06,2019,10,"040145",51
152.78,-27.06,2019,11,"040145",16.2
152.78,-27.06,2019,12,"040145",70.8
152.78,-27.06,2020,1,"040145",134.6
152.78,-27.06,2020,2,"040145",268.6
152.78,-27.06,2020,3,"040145",136.6
152.78,-27.06,2020,4,"040145",1.6
152.78,-27.06,2020,5,"040145",43.4
152.78,-27.06,2020,6,"040145",49.8
152.78,-27.06,2020,7,"040145",52.8
152.78,-27.06,2020,8,"040145",12.2
152.78,-27.06,2020,9,"040145",16.2
152.78,-27.06,2020,10,"040145",76.8
152.78,-27.06,2020,11,"040145",NA
152.78,-27.06,2020,12,"040145",NA
152.78,-27.06,2021,1,"040145",174
152.78,-27.06,2021,2,"040145",124.4
152.78,-27.06,2021,3,"040145",185.9
152.78,-27.06,2021,4,"040145",156.6
152.78,-27.06,2021,5,"040145",31.2
152.78,-27.06,2021,6,"040145",43.2
152.78,-27.06,2021,7,"040145",84.8
152.78,-27.06,2021,8,"040145",2.2
152.78,-27.06,2021,9,"040145",18.2
152.78,-27.06,2021,10,"040145",142.2
152.78,-27.06,2021,11,"040145",328.2
152.78,-27.06,2021,12,"040145",249.6
152.78,-27.06,2022,1,"040145",324.4
152.78,-27.06,2022,2,"040145",948.4
152.78,-27.06,2022,3,"040145",NA
152.78,-27.06,2022,4,"040145",NA
152.78,-27.06,2022,5,"040145",NA
152.78,-27.06,2022,6,"040145",NA
152.78,-27.06,2022,7,"040145",NA
152.78,-27.06,2022,8,"040145",NA
152.78,-27.06,2022,9,"040145",NA
152.78,-27.06,2022,10,"040145",NA
152.78,-27.06,2022,11,"040145",NA
152.78,-27.06,2022,12,"040145",NA
