"Lon","Lat","Year","Month","Station","Rain"
146.19,-20.91,1962,1,"034017",NA
146.19,-20.91,1962,2,"034017",55.4
146.19,-20.91,1962,3,"034017",154.2
146.19,-20.91,1962,4,"034017",NA
146.19,-20.91,1962,5,"034017",NA
146.19,-20.91,1962,6,"034017",NA
146.19,-20.91,1962,7,"034017",NA
146.19,-20.91,1962,8,"034017",NA
146.19,-20.91,1962,9,"034017",NA
146.19,-20.91,1962,10,"034017",NA
146.19,-20.91,1962,11,"034017",NA
146.19,-20.91,1962,12,"034017",75.4
146.19,-20.91,1963,1,"034017",189
146.19,-20.91,1963,2,"034017",140.8
146.19,-20.91,1963,3,"034017",172.6
146.19,-20.91,1963,4,"034017",93.3
146.19,-20.91,1963,5,"034017",0
146.19,-20.91,1963,6,"034017",0
146.19,-20.91,1963,7,"034017",0
146.19,-20.91,1963,8,"034017",0
146.19,-20.91,1963,9,"034017",0
146.19,-20.91,1963,10,"034017",0
146.19,-20.91,1963,11,"034017",0
146.19,-20.91,1963,12,"034017",0
146.19,-20.91,1964,1,"034017",51.3
146.19,-20.91,1964,2,"034017",50.8
146.19,-20.91,1964,3,"034017",105.2
146.19,-20.91,1964,4,"034017",13.7
146.19,-20.91,1964,5,"034017",33
146.19,-20.91,1964,6,"034017",50.8
146.19,-20.91,1964,7,"034017",30.2
146.19,-20.91,1964,8,"034017",12.7
146.19,-20.91,1964,9,"034017",12.7
146.19,-20.91,1964,10,"034017",53.9
146.19,-20.91,1964,11,"034017",73.7
146.19,-20.91,1964,12,"034017",99.4
146.19,-20.91,1965,1,"034017",18.1
146.19,-20.91,1965,2,"034017",0
146.19,-20.91,1965,3,"034017",149
146.19,-20.91,1965,4,"034017",79
146.19,-20.91,1965,5,"034017",31.1
146.19,-20.91,1965,6,"034017",8.9
146.19,-20.91,1965,7,"034017",0
146.19,-20.91,1965,8,"034017",0
146.19,-20.91,1965,9,"034017",0
146.19,-20.91,1965,10,"034017",0
146.19,-20.91,1965,11,"034017",12.4
146.19,-20.91,1965,12,"034017",189.8
146.19,-20.91,1966,1,"034017",86.1
146.19,-20.91,1966,2,"034017",38.5
146.19,-20.91,1966,3,"034017",0
146.19,-20.91,1966,4,"034017",0
146.19,-20.91,1966,5,"034017",0
146.19,-20.91,1966,6,"034017",0
146.19,-20.91,1966,7,"034017",0
146.19,-20.91,1966,8,"034017",0
146.19,-20.91,1966,9,"034017",0
146.19,-20.91,1966,10,"034017",17.8
146.19,-20.91,1966,11,"034017",123.2
146.19,-20.91,1966,12,"034017",0
146.19,-20.91,1967,1,"034017",35
146.19,-20.91,1967,2,"034017",96.3
146.19,-20.91,1967,3,"034017",83.8
146.19,-20.91,1967,4,"034017",0
146.19,-20.91,1967,5,"034017",0
146.19,-20.91,1967,6,"034017",45.7
146.19,-20.91,1967,7,"034017",47
146.19,-20.91,1967,8,"034017",0
146.19,-20.91,1967,9,"034017",0
146.19,-20.91,1967,10,"034017",67.3
146.19,-20.91,1967,11,"034017",14.2
146.19,-20.91,1967,12,"034017",127.9
146.19,-20.91,1968,1,"034017",148.8
146.19,-20.91,1968,2,"034017",541.2
146.19,-20.91,1968,3,"034017",141.1
146.19,-20.91,1968,4,"034017",58.5
146.19,-20.91,1968,5,"034017",41.2
146.19,-20.91,1968,6,"034017",0
146.19,-20.91,1968,7,"034017",40.7
146.19,-20.91,1968,8,"034017",0
146.19,-20.91,1968,9,"034017",0
146.19,-20.91,1968,10,"034017",4.6
146.19,-20.91,1968,11,"034017",0
146.19,-20.91,1968,12,"034017",23.1
146.19,-20.91,1969,1,"034017",44.8
146.19,-20.91,1969,2,"034017",59.8
146.19,-20.91,1969,3,"034017",88.7
146.19,-20.91,1969,4,"034017",0
146.19,-20.91,1969,5,"034017",0
146.19,-20.91,1969,6,"034017",21.6
146.19,-20.91,1969,7,"034017",0
146.19,-20.91,1969,8,"034017",0
146.19,-20.91,1969,9,"034017",0
146.19,-20.91,1969,10,"034017",70.3
146.19,-20.91,1969,11,"034017",0
146.19,-20.91,1969,12,"034017",143.6
146.19,-20.91,1970,1,"034017",40.5
146.19,-20.91,1970,2,"034017",86.4
146.19,-20.91,1970,3,"034017",48
146.19,-20.91,1970,4,"034017",0
146.19,-20.91,1970,5,"034017",0
146.19,-20.91,1970,6,"034017",0
146.19,-20.91,1970,7,"034017",0
146.19,-20.91,1970,8,"034017",0
146.19,-20.91,1970,9,"034017",8.1
146.19,-20.91,1970,10,"034017",17.8
146.19,-20.91,1970,11,"034017",98.8
146.19,-20.91,1970,12,"034017",109
146.19,-20.91,1971,1,"034017",128.3
146.19,-20.91,1971,2,"034017",177.4
146.19,-20.91,1971,3,"034017",292.1
146.19,-20.91,1971,4,"034017",66.8
146.19,-20.91,1971,5,"034017",3.8
146.19,-20.91,1971,6,"034017",24.2
146.19,-20.91,1971,7,"034017",15.2
146.19,-20.91,1971,8,"034017",25.9
146.19,-20.91,1971,9,"034017",0
146.19,-20.91,1971,10,"034017",46
146.19,-20.91,1971,11,"034017",17.8
146.19,-20.91,1971,12,"034017",184.1
146.19,-20.91,1972,1,"034017",84
146.19,-20.91,1972,2,"034017",125.8
146.19,-20.91,1972,3,"034017",156.9
146.19,-20.91,1972,4,"034017",0
146.19,-20.91,1972,5,"034017",26.7
146.19,-20.91,1972,6,"034017",0
146.19,-20.91,1972,7,"034017",0
146.19,-20.91,1972,8,"034017",0
146.19,-20.91,1972,9,"034017",0
146.19,-20.91,1972,10,"034017",40.7
146.19,-20.91,1972,11,"034017",36.9
146.19,-20.91,1972,12,"034017",15.5
146.19,-20.91,1973,1,"034017",99.3
146.19,-20.91,1973,2,"034017",191.2
146.19,-20.91,1973,3,"034017",97.8
146.19,-20.91,1973,4,"034017",59.2
146.19,-20.91,1973,5,"034017",12.8
146.19,-20.91,1973,6,"034017",7.6
146.19,-20.91,1973,7,"034017",0
146.19,-20.91,1973,8,"034017",0
146.19,-20.91,1973,9,"034017",136.7
146.19,-20.91,1973,10,"034017",36
146.19,-20.91,1973,11,"034017",56.5
146.19,-20.91,1973,12,"034017",148.8
146.19,-20.91,1974,1,"034017",598.8
146.19,-20.91,1974,2,"034017",131.4
146.19,-20.91,1974,3,"034017",43.6
146.19,-20.91,1974,4,"034017",48
146.19,-20.91,1974,5,"034017",92
146.19,-20.91,1974,6,"034017",0
146.19,-20.91,1974,7,"034017",0
146.19,-20.91,1974,8,"034017",0
146.19,-20.91,1974,9,"034017",14
146.19,-20.91,1974,10,"034017",0
146.19,-20.91,1974,11,"034017",87
146.19,-20.91,1974,12,"034017",119.6
146.19,-20.91,1975,1,"034017",361
146.19,-20.91,1975,2,"034017",114
146.19,-20.91,1975,3,"034017",101
146.19,-20.91,1975,4,"034017",30
146.19,-20.91,1975,5,"034017",0
146.19,-20.91,1975,6,"034017",0
146.19,-20.91,1975,7,"034017",0
146.19,-20.91,1975,8,"034017",46
146.19,-20.91,1975,9,"034017",0
146.19,-20.91,1975,10,"034017",147
146.19,-20.91,1975,11,"034017",52
146.19,-20.91,1975,12,"034017",107
146.19,-20.91,1976,1,"034017",161
146.19,-20.91,1976,2,"034017",141.4
146.19,-20.91,1976,3,"034017",92.8
146.19,-20.91,1976,4,"034017",0
146.19,-20.91,1976,5,"034017",0
146.19,-20.91,1976,6,"034017",0
146.19,-20.91,1976,7,"034017",0
146.19,-20.91,1976,8,"034017",0
146.19,-20.91,1976,9,"034017",0
146.19,-20.91,1976,10,"034017",0
146.19,-20.91,1976,11,"034017",52
146.19,-20.91,1976,12,"034017",171
146.19,-20.91,1977,1,"034017",169
146.19,-20.91,1977,2,"034017",127.8
146.19,-20.91,1977,3,"034017",296.6
146.19,-20.91,1977,4,"034017",7
146.19,-20.91,1977,5,"034017",128.8
146.19,-20.91,1977,6,"034017",0
146.19,-20.91,1977,7,"034017",0
146.19,-20.91,1977,8,"034017",0
146.19,-20.91,1977,9,"034017",0
146.19,-20.91,1977,10,"034017",0
146.19,-20.91,1977,11,"034017",8
146.19,-20.91,1977,12,"034017",60.4
146.19,-20.91,1978,1,"034017",67
146.19,-20.91,1978,2,"034017",66.6
146.19,-20.91,1978,3,"034017",3.6
146.19,-20.91,1978,4,"034017",33
146.19,-20.91,1978,5,"034017",41.2
146.19,-20.91,1978,6,"034017",18
146.19,-20.91,1978,7,"034017",51.6
146.19,-20.91,1978,8,"034017",21.6
146.19,-20.91,1978,9,"034017",38.8
146.19,-20.91,1978,10,"034017",4
146.19,-20.91,1978,11,"034017",27.2
146.19,-20.91,1978,12,"034017",134.4
146.19,-20.91,1979,1,"034017",41
146.19,-20.91,1979,2,"034017",60.8
146.19,-20.91,1979,3,"034017",208.8
146.19,-20.91,1979,4,"034017",9
146.19,-20.91,1979,5,"034017",9
146.19,-20.91,1979,6,"034017",11
146.19,-20.91,1979,7,"034017",0
146.19,-20.91,1979,8,"034017",0
146.19,-20.91,1979,9,"034017",0
146.19,-20.91,1979,10,"034017",0
146.19,-20.91,1979,11,"034017",0
146.19,-20.91,1979,12,"034017",50.6
146.19,-20.91,1980,1,"034017",171.6
146.19,-20.91,1980,2,"034017",55.8
146.19,-20.91,1980,3,"034017",283.4
146.19,-20.91,1980,4,"034017",17
146.19,-20.91,1980,5,"034017",52.8
146.19,-20.91,1980,6,"034017",10
146.19,-20.91,1980,7,"034017",0
146.19,-20.91,1980,8,"034017",7.6
146.19,-20.91,1980,9,"034017",0
146.19,-20.91,1980,10,"034017",25.4
146.19,-20.91,1980,11,"034017",6.4
146.19,-20.91,1980,12,"034017",28.6
146.19,-20.91,1981,1,"034017",261.6
146.19,-20.91,1981,2,"034017",210.8
146.19,-20.91,1981,3,"034017",6.4
146.19,-20.91,1981,4,"034017",50.8
146.19,-20.91,1981,5,"034017",77.6
146.19,-20.91,1981,6,"034017",20
146.19,-20.91,1981,7,"034017",125.6
146.19,-20.91,1981,8,"034017",31.8
146.19,-20.91,1981,9,"034017",0
146.19,-20.91,1981,10,"034017",4.6
146.19,-20.91,1981,11,"034017",93.2
146.19,-20.91,1981,12,"034017",90.2
146.19,-20.91,1982,1,"034017",76.9
146.19,-20.91,1982,2,"034017",11.2
146.19,-20.91,1982,3,"034017",86.6
146.19,-20.91,1982,4,"034017",0
146.19,-20.91,1982,5,"034017",4.8
146.19,-20.91,1982,6,"034017",3.8
146.19,-20.91,1982,7,"034017",0
146.19,-20.91,1982,8,"034017",0
146.19,-20.91,1982,9,"034017",2
146.19,-20.91,1982,10,"034017",0
146.19,-20.91,1982,11,"034017",21.8
146.19,-20.91,1982,12,"034017",17.8
146.19,-20.91,1983,1,"034017",202.6
146.19,-20.91,1983,2,"034017",19
146.19,-20.91,1983,3,"034017",40
146.19,-20.91,1983,4,"034017",280.8
146.19,-20.91,1983,5,"034017",178.4
146.19,-20.91,1983,6,"034017",18.2
146.19,-20.91,1983,7,"034017",0
146.19,-20.91,1983,8,"034017",0
146.19,-20.91,1983,9,"034017",0
146.19,-20.91,1983,10,"034017",7.6
146.19,-20.91,1983,11,"034017",127.4
146.19,-20.91,1983,12,"034017",42
146.19,-20.91,1984,1,"034017",302.8
146.19,-20.91,1984,2,"034017",19
146.19,-20.91,1984,3,"034017",27
146.19,-20.91,1984,4,"034017",0
146.19,-20.91,1984,5,"034017",0
146.19,-20.91,1984,6,"034017",0
146.19,-20.91,1984,7,"034017",55.6
146.19,-20.91,1984,8,"034017",0
146.19,-20.91,1984,9,"034017",0
146.19,-20.91,1984,10,"034017",21.4
146.19,-20.91,1984,11,"034017",53.4
146.19,-20.91,1984,12,"034017",74
146.19,-20.91,1985,1,"034017",27.2
146.19,-20.91,1985,2,"034017",20.4
146.19,-20.91,1985,3,"034017",22.4
146.19,-20.91,1985,4,"034017",27
146.19,-20.91,1985,5,"034017",36.4
146.19,-20.91,1985,6,"034017",28
146.19,-20.91,1985,7,"034017",58
146.19,-20.91,1985,8,"034017",0
146.19,-20.91,1985,9,"034017",0
146.19,-20.91,1985,10,"034017",55.8
146.19,-20.91,1985,11,"034017",132.2
146.19,-20.91,1985,12,"034017",46.4
146.19,-20.91,1986,1,"034017",27.2
146.19,-20.91,1986,2,"034017",55.4
146.19,-20.91,1986,3,"034017",3.4
146.19,-20.91,1986,4,"034017",9.2
146.19,-20.91,1986,5,"034017",11.4
146.19,-20.91,1986,6,"034017",22.8
146.19,-20.91,1986,7,"034017",5
146.19,-20.91,1986,8,"034017",13.4
146.19,-20.91,1986,9,"034017",12.4
146.19,-20.91,1986,10,"034017",68.3
146.19,-20.91,1986,11,"034017",15
146.19,-20.91,1986,12,"034017",56.4
146.19,-20.91,1987,1,"034017",63.4
146.19,-20.91,1987,2,"034017",34.6
146.19,-20.91,1987,3,"034017",30.8
146.19,-20.91,1987,4,"034017",0
146.19,-20.91,1987,5,"034017",11.2
146.19,-20.91,1987,6,"034017",75
146.19,-20.91,1987,7,"034017",3.8
146.19,-20.91,1987,8,"034017",3.8
146.19,-20.91,1987,9,"034017",14.4
146.19,-20.91,1987,10,"034017",18.8
146.19,-20.91,1987,11,"034017",55.2
146.19,-20.91,1987,12,"034017",141.4
146.19,-20.91,1988,1,"034017",0
146.19,-20.91,1988,2,"034017",96.2
146.19,-20.91,1988,3,"034017",39.4
146.19,-20.91,1988,4,"034017",68
146.19,-20.91,1988,5,"034017",20.2
146.19,-20.91,1988,6,"034017",16
146.19,-20.91,1988,7,"034017",46.9
146.19,-20.91,1988,8,"034017",109.2
146.19,-20.91,1988,9,"034017",0
146.19,-20.91,1988,10,"034017",0
146.19,-20.91,1988,11,"034017",10
146.19,-20.91,1988,12,"034017",191.4
146.19,-20.91,1989,1,"034017",103.8
146.19,-20.91,1989,2,"034017",102.6
146.19,-20.91,1989,3,"034017",49.2
146.19,-20.91,1989,4,"034017",188
146.19,-20.91,1989,5,"034017",146.6
146.19,-20.91,1989,6,"034017",23
146.19,-20.91,1989,7,"034017",75.2
146.19,-20.91,1989,8,"034017",0
146.19,-20.91,1989,9,"034017",0
146.19,-20.91,1989,10,"034017",15.2
146.19,-20.91,1989,11,"034017",142.9
146.19,-20.91,1989,12,"034017",14
146.19,-20.91,1990,1,"034017",25
146.19,-20.91,1990,2,"034017",10.4
146.19,-20.91,1990,3,"034017",211.8
146.19,-20.91,1990,4,"034017",158
146.19,-20.91,1990,5,"034017",36.6
146.19,-20.91,1990,6,"034017",124.8
146.19,-20.91,1990,7,"034017",0
146.19,-20.91,1990,8,"034017",0
146.19,-20.91,1990,9,"034017",0
146.19,-20.91,1990,10,"034017",0
146.19,-20.91,1990,11,"034017",0
146.19,-20.91,1990,12,"034017",161.2
146.19,-20.91,1991,1,"034017",245.8
146.19,-20.91,1991,2,"034017",244
146.19,-20.91,1991,3,"034017",0
146.19,-20.91,1991,4,"034017",0
146.19,-20.91,1991,5,"034017",0
146.19,-20.91,1991,6,"034017",0
146.19,-20.91,1991,7,"034017",16.2
146.19,-20.91,1991,8,"034017",0
146.19,-20.91,1991,9,"034017",0
146.19,-20.91,1991,10,"034017",0
146.19,-20.91,1991,11,"034017",0
146.19,-20.91,1991,12,"034017",31.2
146.19,-20.91,1992,1,"034017",62.2
146.19,-20.91,1992,2,"034017",67.8
146.19,-20.91,1992,3,"034017",0
146.19,-20.91,1992,4,"034017",0
146.19,-20.91,1992,5,"034017",116.6
146.19,-20.91,1992,6,"034017",0
146.19,-20.91,1992,7,"034017",0
146.19,-20.91,1992,8,"034017",0
146.19,-20.91,1992,9,"034017",2.6
146.19,-20.91,1992,10,"034017",20.4
146.19,-20.91,1992,11,"034017",2
146.19,-20.91,1992,12,"034017",27
146.19,-20.91,1993,1,"034017",54.9
146.19,-20.91,1993,2,"034017",99.6
146.19,-20.91,1993,3,"034017",0
146.19,-20.91,1993,4,"034017",12.4
146.19,-20.91,1993,5,"034017",0
146.19,-20.91,1993,6,"034017",0
146.19,-20.91,1993,7,"034017",20
146.19,-20.91,1993,8,"034017",2.6
146.19,-20.91,1993,9,"034017",10
146.19,-20.91,1993,10,"034017",0
146.19,-20.91,1993,11,"034017",67.6
146.19,-20.91,1993,12,"034017",0
146.19,-20.91,1994,1,"034017",15.6
146.19,-20.91,1994,2,"034017",83
146.19,-20.91,1994,3,"034017",178.5
146.19,-20.91,1994,4,"034017",0
146.19,-20.91,1994,5,"034017",0
146.19,-20.91,1994,6,"034017",0
146.19,-20.91,1994,7,"034017",0
146.19,-20.91,1994,8,"034017",0
146.19,-20.91,1994,9,"034017",0
146.19,-20.91,1994,10,"034017",0
146.19,-20.91,1994,11,"034017",0
146.19,-20.91,1994,12,"034017",0
146.19,-20.91,1995,1,"034017",59.4
146.19,-20.91,1995,2,"034017",324.4
146.19,-20.91,1995,3,"034017",50
146.19,-20.91,1995,4,"034017",2.2
146.19,-20.91,1995,5,"034017",30.4
146.19,-20.91,1995,6,"034017",0
146.19,-20.91,1995,7,"034017",0
146.19,-20.91,1995,8,"034017",62.4
146.19,-20.91,1995,9,"034017",0
146.19,-20.91,1995,10,"034017",72.6
146.19,-20.91,1995,11,"034017",47.3
146.19,-20.91,1995,12,"034017",16.2
146.19,-20.91,1996,1,"034017",182.8
146.19,-20.91,1996,2,"034017",0
146.19,-20.91,1996,3,"034017",4.8
146.19,-20.91,1996,4,"034017",16.6
146.19,-20.91,1996,5,"034017",8.8
146.19,-20.91,1996,6,"034017",42.4
146.19,-20.91,1996,7,"034017",0
146.19,-20.91,1996,8,"034017",7
146.19,-20.91,1996,9,"034017",0
146.19,-20.91,1996,10,"034017",21.4
146.19,-20.91,1996,11,"034017",10.6
146.19,-20.91,1996,12,"034017",82.8
146.19,-20.91,1997,1,"034017",59.4
146.19,-20.91,1997,2,"034017",222
146.19,-20.91,1997,3,"034017",32.4
146.19,-20.91,1997,4,"034017",0
146.19,-20.91,1997,5,"034017",39.6
146.19,-20.91,1997,6,"034017",12.8
146.19,-20.91,1997,7,"034017",0
146.19,-20.91,1997,8,"034017",25.4
146.19,-20.91,1997,9,"034017",0
146.19,-20.91,1997,10,"034017",0
146.19,-20.91,1997,11,"034017",10.2
146.19,-20.91,1997,12,"034017",107.5
146.19,-20.91,1998,1,"034017",237.9
146.19,-20.91,1998,2,"034017",10.2
146.19,-20.91,1998,3,"034017",32.4
146.19,-20.91,1998,4,"034017",72.4
146.19,-20.91,1998,5,"034017",0
146.19,-20.91,1998,6,"034017",24.8
146.19,-20.91,1998,7,"034017",0
146.19,-20.91,1998,8,"034017",51.6
146.19,-20.91,1998,9,"034017",10.4
146.19,-20.91,1998,10,"034017",72.2
146.19,-20.91,1998,11,"034017",NA
146.19,-20.91,1998,12,"034017",NA
146.19,-20.91,1999,1,"034017",138.4
146.19,-20.91,1999,2,"034017",298.8
146.19,-20.91,1999,3,"034017",157.8
146.19,-20.91,1999,4,"034017",18.2
146.19,-20.91,1999,5,"034017",0
146.19,-20.91,1999,6,"034017",0
146.19,-20.91,1999,7,"034017",0
146.19,-20.91,1999,8,"034017",0
146.19,-20.91,1999,9,"034017",0
146.19,-20.91,1999,10,"034017",0
146.19,-20.91,1999,11,"034017",123.4
146.19,-20.91,1999,12,"034017",55.6
146.19,-20.91,2000,1,"034017",75.2
146.19,-20.91,2000,2,"034017",373.2
146.19,-20.91,2000,3,"034017",17.4
146.19,-20.91,2000,4,"034017",103.8
146.19,-20.91,2000,5,"034017",35.6
146.19,-20.91,2000,6,"034017",34.2
146.19,-20.91,2000,7,"034017",0
146.19,-20.91,2000,8,"034017",0
146.19,-20.91,2000,9,"034017",0
146.19,-20.91,2000,10,"034017",36.2
146.19,-20.91,2000,11,"034017",245.4
146.19,-20.91,2000,12,"034017",196.8
146.19,-20.91,2001,1,"034017",70.8
146.19,-20.91,2001,2,"034017",56.8
146.19,-20.91,2001,3,"034017",NA
146.19,-20.91,2001,4,"034017",6.8
146.19,-20.91,2001,5,"034017",0
146.19,-20.91,2001,6,"034017",13.4
146.19,-20.91,2001,7,"034017",11.2
146.19,-20.91,2001,8,"034017",0
146.19,-20.91,2001,9,"034017",0
146.19,-20.91,2001,10,"034017",17.8
146.19,-20.91,2001,11,"034017",62.8
146.19,-20.91,2001,12,"034017",6.8
146.19,-20.91,2002,1,"034017",93.8
146.19,-20.91,2002,2,"034017",84.4
146.19,-20.91,2002,3,"034017",0
146.19,-20.91,2002,4,"034017",0
146.19,-20.91,2002,5,"034017",0
146.19,-20.91,2002,6,"034017",2.6
146.19,-20.91,2002,7,"034017",0
146.19,-20.91,2002,8,"034017",3.6
146.19,-20.91,2002,9,"034017",0
146.19,-20.91,2002,10,"034017",0
146.19,-20.91,2002,11,"034017",0
146.19,-20.91,2002,12,"034017",33.2
146.19,-20.91,2003,1,"034017",0
146.19,-20.91,2003,2,"034017",211.2
146.19,-20.91,2003,3,"034017",107.6
146.19,-20.91,2003,4,"034017",0
146.19,-20.91,2003,5,"034017",13.8
146.19,-20.91,2003,6,"034017",31
146.19,-20.91,2003,7,"034017",0
146.19,-20.91,2003,8,"034017",15.4
146.19,-20.91,2003,9,"034017",0
146.19,-20.91,2003,10,"034017",11.6
146.19,-20.91,2003,11,"034017",0
146.19,-20.91,2003,12,"034017",158.3
146.19,-20.91,2004,1,"034017",106.2
146.19,-20.91,2004,2,"034017",37.4
146.19,-20.91,2004,3,"034017",20
146.19,-20.91,2004,4,"034017",51
146.19,-20.91,2004,5,"034017",0
146.19,-20.91,2004,6,"034017",0
146.19,-20.91,2004,7,"034017",17.8
146.19,-20.91,2004,8,"034017",0
146.19,-20.91,2004,9,"034017",0
146.19,-20.91,2004,10,"034017",8.8
146.19,-20.91,2004,11,"034017",2.8
146.19,-20.91,2004,12,"034017",12.2
146.19,-20.91,2005,1,"034017",259.8
146.19,-20.91,2005,2,"034017",0
146.19,-20.91,2005,3,"034017",0
146.19,-20.91,2005,4,"034017",0
146.19,-20.91,2005,5,"034017",0
146.19,-20.91,2005,6,"034017",23.2
146.19,-20.91,2005,7,"034017",35.8
146.19,-20.91,2005,8,"034017",46.8
146.19,-20.91,2005,9,"034017",0
146.19,-20.91,2005,10,"034017",34.2
146.19,-20.91,2005,11,"034017",11.6
146.19,-20.91,2005,12,"034017",43.6
146.19,-20.91,2006,1,"034017",90.4
146.19,-20.91,2006,2,"034017",51.6
146.19,-20.91,2006,3,"034017",129.8
146.19,-20.91,2006,4,"034017",162.6
146.19,-20.91,2006,5,"034017",43.4
146.19,-20.91,2006,6,"034017",19
146.19,-20.91,2006,7,"034017",25.4
146.19,-20.91,2006,8,"034017",7.6
146.19,-20.91,2006,9,"034017",22.2
146.19,-20.91,2006,10,"034017",0
146.19,-20.91,2006,11,"034017",20.8
146.19,-20.91,2006,12,"034017",45.8
146.19,-20.91,2007,1,"034017",129.8
146.19,-20.91,2007,2,"034017",138.3
146.19,-20.91,2007,3,"034017",20.4
146.19,-20.91,2007,4,"034017",0
146.19,-20.91,2007,5,"034017",0
146.19,-20.91,2007,6,"034017",173
146.19,-20.91,2007,7,"034017",0
146.19,-20.91,2007,8,"034017",0
146.19,-20.91,2007,9,"034017",0
146.19,-20.91,2007,10,"034017",0
146.19,-20.91,2007,11,"034017",93.6
146.19,-20.91,2007,12,"034017",112.2
146.19,-20.91,2008,1,"034017",218
146.19,-20.91,2008,2,"034017",400
146.19,-20.91,2008,3,"034017",0
146.19,-20.91,2008,4,"034017",0
146.19,-20.91,2008,5,"034017",0
146.19,-20.91,2008,6,"034017",0
146.19,-20.91,2008,7,"034017",139.8
146.19,-20.91,2008,8,"034017",0
146.19,-20.91,2008,9,"034017",17.8
146.19,-20.91,2008,10,"034017",0
146.19,-20.91,2008,11,"034017",142.8
146.19,-20.91,2008,12,"034017",30.6
146.19,-20.91,2009,1,"034017",342
146.19,-20.91,2009,2,"034017",339.8
146.19,-20.91,2009,3,"034017",0
146.19,-20.91,2009,4,"034017",40.6
146.19,-20.91,2009,5,"034017",19.8
146.19,-20.91,2009,6,"034017",0
146.19,-20.91,2009,7,"034017",0
146.19,-20.91,2009,8,"034017",0
146.19,-20.91,2009,9,"034017",0
146.19,-20.91,2009,10,"034017",0
146.19,-20.91,2009,11,"034017",23.6
146.19,-20.91,2009,12,"034017",0
146.19,-20.91,2010,1,"034017",162.4
146.19,-20.91,2010,2,"034017",152.6
146.19,-20.91,2010,3,"034017",174
146.19,-20.91,2010,4,"034017",24.2
146.19,-20.91,2010,5,"034017",11
146.19,-20.91,2010,6,"034017",0
146.19,-20.91,2010,7,"034017",7.6
146.19,-20.91,2010,8,"034017",49.6
146.19,-20.91,2010,9,"034017",59.2
146.19,-20.91,2010,10,"034017",84.6
146.19,-20.91,2010,11,"034017",204.4
146.19,-20.91,2010,12,"034017",217.2
146.19,-20.91,2011,1,"034017",53.4
146.19,-20.91,2011,2,"034017",78.8
146.19,-20.91,2011,3,"034017",82
146.19,-20.91,2011,4,"034017",95.8
146.19,-20.91,2011,5,"034017",0
146.19,-20.91,2011,6,"034017",33
146.19,-20.91,2011,7,"034017",11.4
146.19,-20.91,2011,8,"034017",0
146.19,-20.91,2011,9,"034017",0
146.19,-20.91,2011,10,"034017",0
146.19,-20.91,2011,11,"034017",53.6
146.19,-20.91,2011,12,"034017",188.4
146.19,-20.91,2012,1,"034017",200
146.19,-20.91,2012,2,"034017",243.4
146.19,-20.91,2012,3,"034017",223.4
146.19,-20.91,2012,4,"034017",19
146.19,-20.91,2012,5,"034017",68.6
146.19,-20.91,2012,6,"034017",0
146.19,-20.91,2012,7,"034017",110.6
146.19,-20.91,2012,8,"034017",0
146.19,-20.91,2012,9,"034017",22.8
146.19,-20.91,2012,10,"034017",0
146.19,-20.91,2012,11,"034017",12.8
146.19,-20.91,2012,12,"034017",10.6
146.19,-20.91,2013,1,"034017",109.2
146.19,-20.91,2013,2,"034017",67.2
146.19,-20.91,2013,3,"034017",100.4
146.19,-20.91,2013,4,"034017",45.8
146.19,-20.91,2013,5,"034017",43.2
146.19,-20.91,2013,6,"034017",0
146.19,-20.91,2013,7,"034017",0
146.19,-20.91,2013,8,"034017",0
146.19,-20.91,2013,9,"034017",0
146.19,-20.91,2013,10,"034017",0
146.19,-20.91,2013,11,"034017",31.8
146.19,-20.91,2013,12,"034017",0
146.19,-20.91,2014,1,"034017",82.6
146.19,-20.91,2014,2,"034017",106.8
146.19,-20.91,2014,3,"034017",0
146.19,-20.91,2014,4,"034017",14
146.19,-20.91,2014,5,"034017",0
146.19,-20.91,2014,6,"034017",16.6
146.19,-20.91,2014,7,"034017",0
146.19,-20.91,2014,8,"034017",34.2
146.19,-20.91,2014,9,"034017",19
146.19,-20.91,2014,10,"034017",0
146.19,-20.91,2014,11,"034017",0
146.19,-20.91,2014,12,"034017",123.2
146.19,-20.91,2015,1,"034017",193.2
146.19,-20.91,2015,2,"034017",0
146.19,-20.91,2015,3,"034017",0
146.19,-20.91,2015,4,"034017",0
146.19,-20.91,2015,5,"034017",0
146.19,-20.91,2015,6,"034017",NA
146.19,-20.91,2015,7,"034017",NA
146.19,-20.91,2015,8,"034017",NA
146.19,-20.91,2015,9,"034017",NA
146.19,-20.91,2015,10,"034017",NA
146.19,-20.91,2015,11,"034017",NA
146.19,-20.91,2015,12,"034017",NA
