"Lon","Lat","Year","Month","Station","Rain"
121.63,-33.66,1967,1,"009802",10.1
121.63,-33.66,1967,2,"009802",3.3
121.63,-33.66,1967,3,"009802",63
121.63,-33.66,1967,4,"009802",22.4
121.63,-33.66,1967,5,"009802",72.5
121.63,-33.66,1967,6,"009802",40.6
121.63,-33.66,1967,7,"009802",88.7
121.63,-33.66,1967,8,"009802",89.2
121.63,-33.66,1967,9,"009802",15.5
121.63,-33.66,1967,10,"009802",61
121.63,-33.66,1967,11,"009802",2
121.63,-33.66,1967,12,"009802",21.8
121.63,-33.66,1968,1,"009802",38.9
121.63,-33.66,1968,2,"009802",13.2
121.63,-33.66,1968,3,"009802",86.5
121.63,-33.66,1968,4,"009802",98.8
121.63,-33.66,1968,5,"009802",71.9
121.63,-33.66,1968,6,"009802",108.6
121.63,-33.66,1968,7,"009802",82
121.63,-33.66,1968,8,"009802",179.4
121.63,-33.66,1968,9,"009802",78.8
121.63,-33.66,1968,10,"009802",44.5
121.63,-33.66,1968,11,"009802",57.4
121.63,-33.66,1968,12,"009802",22.8
121.63,-33.66,1969,1,"009802",18.3
121.63,-33.66,1969,2,"009802",18.4
121.63,-33.66,1969,3,"009802",17.2
121.63,-33.66,1969,4,"009802",18.2
121.63,-33.66,1969,5,"009802",44.4
121.63,-33.66,1969,6,"009802",58.4
121.63,-33.66,1969,7,"009802",65.8
121.63,-33.66,1969,8,"009802",50.9
121.63,-33.66,1969,9,"009802",45
121.63,-33.66,1969,10,"009802",87.7
121.63,-33.66,1969,11,"009802",28.9
121.63,-33.66,1969,12,"009802",14.2
121.63,-33.66,1970,1,"009802",1.3
121.63,-33.66,1970,2,"009802",91.7
121.63,-33.66,1970,3,"009802",5.8
121.63,-33.66,1970,4,"009802",82.5
121.63,-33.66,1970,5,"009802",72.3
121.63,-33.66,1970,6,"009802",30
121.63,-33.66,1970,7,"009802",27.8
121.63,-33.66,1970,8,"009802",68.1
121.63,-33.66,1970,9,"009802",100.6
121.63,-33.66,1970,10,"009802",13
121.63,-33.66,1970,11,"009802",12.7
121.63,-33.66,1970,12,"009802",6.9
121.63,-33.66,1971,1,"009802",30.2
121.63,-33.66,1971,2,"009802",0.8
121.63,-33.66,1971,3,"009802",79.6
121.63,-33.66,1971,4,"009802",53.4
121.63,-33.66,1971,5,"009802",141.4
121.63,-33.66,1971,6,"009802",43.6
121.63,-33.66,1971,7,"009802",43.6
121.63,-33.66,1971,8,"009802",88.3
121.63,-33.66,1971,9,"009802",48.7
121.63,-33.66,1971,10,"009802",102.3
121.63,-33.66,1971,11,"009802",113.3
121.63,-33.66,1971,12,"009802",9.5
121.63,-33.66,1972,1,"009802",54.1
121.63,-33.66,1972,2,"009802",0
121.63,-33.66,1972,3,"009802",23.4
121.63,-33.66,1972,4,"009802",40.9
121.63,-33.66,1972,5,"009802",10.5
121.63,-33.66,1972,6,"009802",70
121.63,-33.66,1972,7,"009802",113.7
121.63,-33.66,1972,8,"009802",56.2
121.63,-33.66,1972,9,"009802",38.7
121.63,-33.66,1972,10,"009802",33.6
121.63,-33.66,1972,11,"009802",13.7
121.63,-33.66,1972,12,"009802",0.5
121.63,-33.66,1973,1,"009802",8.1
121.63,-33.66,1973,2,"009802",16.3
121.63,-33.66,1973,3,"009802",6.9
121.63,-33.66,1973,4,"009802",74.9
121.63,-33.66,1973,5,"009802",43.9
121.63,-33.66,1973,6,"009802",79
121.63,-33.66,1973,7,"009802",47.8
121.63,-33.66,1973,8,"009802",85.6
121.63,-33.66,1973,9,"009802",91.9
121.63,-33.66,1973,10,"009802",44
121.63,-33.66,1973,11,"009802",26.2
121.63,-33.66,1973,12,"009802",37.6
121.63,-33.66,1974,1,"009802",2
121.63,-33.66,1974,2,"009802",77
121.63,-33.66,1974,3,"009802",82.4
121.63,-33.66,1974,4,"009802",57
121.63,-33.66,1974,5,"009802",75
121.63,-33.66,1974,6,"009802",78.2
121.63,-33.66,1974,7,"009802",61.4
121.63,-33.66,1974,8,"009802",38.4
121.63,-33.66,1974,9,"009802",28.8
121.63,-33.66,1974,10,"009802",35.8
121.63,-33.66,1974,11,"009802",43.2
121.63,-33.66,1974,12,"009802",7.4
121.63,-33.66,1975,1,"009802",3.6
121.63,-33.66,1975,2,"009802",17.7
121.63,-33.66,1975,3,"009802",7
121.63,-33.66,1975,4,"009802",20.1
121.63,-33.66,1975,5,"009802",75.2
121.63,-33.66,1975,6,"009802",29
121.63,-33.66,1975,7,"009802",95
121.63,-33.66,1975,8,"009802",77.1
121.63,-33.66,1975,9,"009802",37.3
121.63,-33.66,1975,10,"009802",81.8
121.63,-33.66,1975,11,"009802",83.1
121.63,-33.66,1975,12,"009802",28.3
121.63,-33.66,1976,1,"009802",21
121.63,-33.66,1976,2,"009802",77
121.63,-33.66,1976,3,"009802",25
121.63,-33.66,1976,4,"009802",20.1
121.63,-33.66,1976,5,"009802",31.4
121.63,-33.66,1976,6,"009802",50.1
121.63,-33.66,1976,7,"009802",95.7
121.63,-33.66,1976,8,"009802",75.3
121.63,-33.66,1976,9,"009802",33.7
121.63,-33.66,1976,10,"009802",39.4
121.63,-33.66,1976,11,"009802",49.7
121.63,-33.66,1976,12,"009802",0
121.63,-33.66,1977,1,"009802",1
121.63,-33.66,1977,2,"009802",11.9
121.63,-33.66,1977,3,"009802",0
121.63,-33.66,1977,4,"009802",2.4
121.63,-33.66,1977,5,"009802",150
121.63,-33.66,1977,6,"009802",34.8
121.63,-33.66,1977,7,"009802",16.8
121.63,-33.66,1977,8,"009802",65.6
121.63,-33.66,1977,9,"009802",22.6
121.63,-33.66,1977,10,"009802",44.1
121.63,-33.66,1977,11,"009802",33.6
121.63,-33.66,1977,12,"009802",9.6
121.63,-33.66,1978,1,"009802",6.4
121.63,-33.66,1978,2,"009802",51
121.63,-33.66,1978,3,"009802",3
121.63,-33.66,1978,4,"009802",21.5
121.63,-33.66,1978,5,"009802",52.5
121.63,-33.66,1978,6,"009802",85.2
121.63,-33.66,1978,7,"009802",99.6
121.63,-33.66,1978,8,"009802",60.4
121.63,-33.66,1978,9,"009802",93
121.63,-33.66,1978,10,"009802",13.4
121.63,-33.66,1978,11,"009802",23.6
121.63,-33.66,1978,12,"009802",35.2
121.63,-33.66,1979,1,"009802",0
121.63,-33.66,1979,2,"009802",42.1
121.63,-33.66,1979,3,"009802",4.6
121.63,-33.66,1979,4,"009802",46.4
121.63,-33.66,1979,5,"009802",88.2
121.63,-33.66,1979,6,"009802",86.8
121.63,-33.66,1979,7,"009802",127.4
121.63,-33.66,1979,8,"009802",73
121.63,-33.66,1979,9,"009802",57.3
121.63,-33.66,1979,10,"009802",21.1
121.63,-33.66,1979,11,"009802",63.7
121.63,-33.66,1979,12,"009802",4
121.63,-33.66,1980,1,"009802",21.4
121.63,-33.66,1980,2,"009802",31.8
121.63,-33.66,1980,3,"009802",0
121.63,-33.66,1980,4,"009802",40.4
121.63,-33.66,1980,5,"009802",42.1
121.63,-33.66,1980,6,"009802",94
121.63,-33.66,1980,7,"009802",45.4
121.63,-33.66,1980,8,"009802",36.8
121.63,-33.66,1980,9,"009802",13.9
121.63,-33.66,1980,10,"009802",26.8
121.63,-33.66,1980,11,"009802",36.7
121.63,-33.66,1980,12,"009802",61
121.63,-33.66,1981,1,"009802",29.5
121.63,-33.66,1981,2,"009802",6.9
121.63,-33.66,1981,3,"009802",14
121.63,-33.66,1981,4,"009802",17.5
121.63,-33.66,1981,5,"009802",76.4
121.63,-33.66,1981,6,"009802",83.7
121.63,-33.66,1981,7,"009802",63.2
121.63,-33.66,1981,8,"009802",71.5
121.63,-33.66,1981,9,"009802",16.2
121.63,-33.66,1981,10,"009802",28.3
121.63,-33.66,1981,11,"009802",17.4
121.63,-33.66,1981,12,"009802",0
121.63,-33.66,1982,1,"009802",29.1
121.63,-33.66,1982,2,"009802",5
121.63,-33.66,1982,3,"009802",32.2
121.63,-33.66,1982,4,"009802",7.4
121.63,-33.66,1982,5,"009802",38.1
121.63,-33.66,1982,6,"009802",58.2
121.63,-33.66,1982,7,"009802",37.3
121.63,-33.66,1982,8,"009802",88.1
121.63,-33.66,1982,9,"009802",36.6
121.63,-33.66,1982,10,"009802",76.5
121.63,-33.66,1982,11,"009802",10.6
121.63,-33.66,1982,12,"009802",10.2
121.63,-33.66,1983,1,"009802",14.6
121.63,-33.66,1983,2,"009802",76.4
121.63,-33.66,1983,3,"009802",21.2
121.63,-33.66,1983,4,"009802",38.1
121.63,-33.66,1983,5,"009802",26.8
121.63,-33.66,1983,6,"009802",34.3
121.63,-33.66,1983,7,"009802",46.1
121.63,-33.66,1983,8,"009802",20.2
121.63,-33.66,1983,9,"009802",46.5
121.63,-33.66,1983,10,"009802",36
121.63,-33.66,1983,11,"009802",54.1
121.63,-33.66,1983,12,"009802",44.9
121.63,-33.66,1984,1,"009802",19.6
121.63,-33.66,1984,2,"009802",3.8
121.63,-33.66,1984,3,"009802",16.6
121.63,-33.66,1984,4,"009802",23
121.63,-33.66,1984,5,"009802",29.6
121.63,-33.66,1984,6,"009802",52.3
121.63,-33.66,1984,7,"009802",99.4
121.63,-33.66,1984,8,"009802",91.3
121.63,-33.66,1984,9,"009802",49.1
121.63,-33.66,1984,10,"009802",7
121.63,-33.66,1984,11,"009802",27
121.63,-33.66,1984,12,"009802",14.2
121.63,-33.66,1985,1,"009802",0
121.63,-33.66,1985,2,"009802",0
121.63,-33.66,1985,3,"009802",48.7
121.63,-33.66,1985,4,"009802",13.9
121.63,-33.66,1985,5,"009802",20.4
121.63,-33.66,1985,6,"009802",52.3
121.63,-33.66,1985,7,"009802",62.2
121.63,-33.66,1985,8,"009802",120.8
121.63,-33.66,1985,9,"009802",61.6
121.63,-33.66,1985,10,"009802",63.4
121.63,-33.66,1985,11,"009802",81
121.63,-33.66,1985,12,"009802",23.4
121.63,-33.66,1986,1,"009802",1
121.63,-33.66,1986,2,"009802",42
121.63,-33.66,1986,3,"009802",2
121.63,-33.66,1986,4,"009802",38.2
121.63,-33.66,1986,5,"009802",84.6
121.63,-33.66,1986,6,"009802",38.4
121.63,-33.66,1986,7,"009802",139
121.63,-33.66,1986,8,"009802",123.3
121.63,-33.66,1986,9,"009802",70
121.63,-33.66,1986,10,"009802",33
121.63,-33.66,1986,11,"009802",19.6
121.63,-33.66,1986,12,"009802",6.6
121.63,-33.66,1987,1,"009802",20.6
121.63,-33.66,1987,2,"009802",0.6
121.63,-33.66,1987,3,"009802",23.4
121.63,-33.66,1987,4,"009802",56.7
121.63,-33.66,1987,5,"009802",110.6
121.63,-33.66,1987,6,"009802",49.6
121.63,-33.66,1987,7,"009802",50
121.63,-33.66,1987,8,"009802",67
121.63,-33.66,1987,9,"009802",49.6
121.63,-33.66,1987,10,"009802",24
121.63,-33.66,1987,11,"009802",64.2
121.63,-33.66,1987,12,"009802",12.2
121.63,-33.66,1988,1,"009802",15.4
121.63,-33.66,1988,2,"009802",2
121.63,-33.66,1988,3,"009802",25.9
121.63,-33.66,1988,4,"009802",41
121.63,-33.66,1988,5,"009802",91.2
121.63,-33.66,1988,6,"009802",83
121.63,-33.66,1988,7,"009802",73.4
121.63,-33.66,1988,8,"009802",39
121.63,-33.66,1988,9,"009802",35.2
121.63,-33.66,1988,10,"009802",18.9
121.63,-33.66,1988,11,"009802",22.2
121.63,-33.66,1988,12,"009802",22.4
121.63,-33.66,1989,1,"009802",9.5
121.63,-33.66,1989,2,"009802",5.3
121.63,-33.66,1989,3,"009802",19.1
121.63,-33.66,1989,4,"009802",90.9
121.63,-33.66,1989,5,"009802",97.1
121.63,-33.66,1989,6,"009802",144.2
121.63,-33.66,1989,7,"009802",91.8
121.63,-33.66,1989,8,"009802",73
121.63,-33.66,1989,9,"009802",17.4
121.63,-33.66,1989,10,"009802",51.4
121.63,-33.66,1989,11,"009802",16
121.63,-33.66,1989,12,"009802",6
121.63,-33.66,1990,1,"009802",26.4
121.63,-33.66,1990,2,"009802",22.8
121.63,-33.66,1990,3,"009802",20
121.63,-33.66,1990,4,"009802",29
121.63,-33.66,1990,5,"009802",56.4
121.63,-33.66,1990,6,"009802",46.2
121.63,-33.66,1990,7,"009802",58.6
121.63,-33.66,1990,8,"009802",25.6
121.63,-33.66,1990,9,"009802",27.2
121.63,-33.66,1990,10,"009802",105.3
121.63,-33.66,1990,11,"009802",0
121.63,-33.66,1990,12,"009802",8.6
121.63,-33.66,1991,1,"009802",0
121.63,-33.66,1991,2,"009802",0
121.63,-33.66,1991,3,"009802",10
121.63,-33.66,1991,4,"009802",20
121.63,-33.66,1991,5,"009802",24.2
121.63,-33.66,1991,6,"009802",67
121.63,-33.66,1991,7,"009802",68.8
121.63,-33.66,1991,8,"009802",48
121.63,-33.66,1991,9,"009802",69.4
121.63,-33.66,1991,10,"009802",28.8
121.63,-33.66,1991,11,"009802",34.2
121.63,-33.66,1991,12,"009802",22
121.63,-33.66,1992,1,"009802",1.5
121.63,-33.66,1992,2,"009802",62.4
121.63,-33.66,1992,3,"009802",78.8
121.63,-33.66,1992,4,"009802",21.6
121.63,-33.66,1992,5,"009802",88
121.63,-33.66,1992,6,"009802",31.6
121.63,-33.66,1992,7,"009802",48.6
121.63,-33.66,1992,8,"009802",117
121.63,-33.66,1992,9,"009802",119.8
121.63,-33.66,1992,10,"009802",59
121.63,-33.66,1992,11,"009802",59.4
121.63,-33.66,1992,12,"009802",18.3
121.63,-33.66,1993,1,"009802",8.6
121.63,-33.66,1993,2,"009802",10.5
121.63,-33.66,1993,3,"009802",73
121.63,-33.66,1993,4,"009802",19.6
121.63,-33.66,1993,5,"009802",95.4
121.63,-33.66,1993,6,"009802",43.6
121.63,-33.66,1993,7,"009802",57.4
121.63,-33.66,1993,8,"009802",49.6
121.63,-33.66,1993,9,"009802",29.1
121.63,-33.66,1993,10,"009802",40.8
121.63,-33.66,1993,11,"009802",34.6
121.63,-33.66,1993,12,"009802",4
121.63,-33.66,1994,1,"009802",0
121.63,-33.66,1994,2,"009802",1
121.63,-33.66,1994,3,"009802",14.2
121.63,-33.66,1994,4,"009802",8
121.63,-33.66,1994,5,"009802",NA
121.63,-33.66,1994,6,"009802",43
121.63,-33.66,1994,7,"009802",41
121.63,-33.66,1994,8,"009802",45.1
121.63,-33.66,1994,9,"009802",40.2
121.63,-33.66,1994,10,"009802",64.1
121.63,-33.66,1994,11,"009802",13.6
121.63,-33.66,1994,12,"009802",5.6
121.63,-33.66,1995,1,"009802",25
121.63,-33.66,1995,2,"009802",65.8
121.63,-33.66,1995,3,"009802",13
121.63,-33.66,1995,4,"009802",12.5
121.63,-33.66,1995,5,"009802",70.7
121.63,-33.66,1995,6,"009802",75.2
121.63,-33.66,1995,7,"009802",95.7
121.63,-33.66,1995,8,"009802",31.2
121.63,-33.66,1995,9,"009802",37.2
121.63,-33.66,1995,10,"009802",49.3
121.63,-33.66,1995,11,"009802",17.4
121.63,-33.66,1995,12,"009802",59
121.63,-33.66,1996,1,"009802",3
121.63,-33.66,1996,2,"009802",8.7
121.63,-33.66,1996,3,"009802",32.4
121.63,-33.66,1996,4,"009802",68.2
121.63,-33.66,1996,5,"009802",15.1
121.63,-33.66,1996,6,"009802",58.8
121.63,-33.66,1996,7,"009802",53.7
121.63,-33.66,1996,8,"009802",62.5
121.63,-33.66,1996,9,"009802",87.7
121.63,-33.66,1996,10,"009802",50.4
121.63,-33.66,1996,11,"009802",19.2
121.63,-33.66,1996,12,"009802",1.6
121.63,-33.66,1997,1,"009802",0
121.63,-33.66,1997,2,"009802",58.6
121.63,-33.66,1997,3,"009802",36.7
121.63,-33.66,1997,4,"009802",14.8
121.63,-33.66,1997,5,"009802",67.9
121.63,-33.66,1997,6,"009802",52.4
121.63,-33.66,1997,7,"009802",70.2
121.63,-33.66,1997,8,"009802",114.4
121.63,-33.66,1997,9,"009802",51.4
121.63,-33.66,1997,10,"009802",15
121.63,-33.66,1997,11,"009802",31
121.63,-33.66,1997,12,"009802",0
121.63,-33.66,1998,1,"009802",0
121.63,-33.66,1998,2,"009802",0
121.63,-33.66,1998,3,"009802",6.1
121.63,-33.66,1998,4,"009802",44.9
121.63,-33.66,1998,5,"009802",38
121.63,-33.66,1998,6,"009802",75.5
121.63,-33.66,1998,7,"009802",110.2
121.63,-33.66,1998,8,"009802",47.8
121.63,-33.66,1998,9,"009802",76.4
121.63,-33.66,1998,10,"009802",41.3
121.63,-33.66,1998,11,"009802",26.1
121.63,-33.66,1998,12,"009802",10.2
121.63,-33.66,1999,1,"009802",204.1
121.63,-33.66,1999,2,"009802",41.4
121.63,-33.66,1999,3,"009802",NA
121.63,-33.66,1999,4,"009802",3.6
121.63,-33.66,1999,5,"009802",64.2
121.63,-33.66,1999,6,"009802",61.8
121.63,-33.66,1999,7,"009802",NA
121.63,-33.66,1999,8,"009802",68.5
121.63,-33.66,1999,9,"009802",47.1
121.63,-33.66,1999,10,"009802",50
121.63,-33.66,1999,11,"009802",6.4
121.63,-33.66,1999,12,"009802",NA
121.63,-33.66,2000,1,"009802",118.7
121.63,-33.66,2000,2,"009802",89.6
121.63,-33.66,2000,3,"009802",168.3
121.63,-33.66,2000,4,"009802",NA
121.63,-33.66,2000,5,"009802",38.5
121.63,-33.66,2000,6,"009802",29.9
121.63,-33.66,2000,7,"009802",43.9
121.63,-33.66,2000,8,"009802",66.8
121.63,-33.66,2000,9,"009802",15.5
121.63,-33.66,2000,10,"009802",10.8
121.63,-33.66,2000,11,"009802",11.6
121.63,-33.66,2000,12,"009802",8.4
121.63,-33.66,2001,1,"009802",34
121.63,-33.66,2001,2,"009802",30
121.63,-33.66,2001,3,"009802",11
121.63,-33.66,2001,4,"009802",2.3
121.63,-33.66,2001,5,"009802",NA
121.63,-33.66,2001,6,"009802",NA
121.63,-33.66,2001,7,"009802",94.4
121.63,-33.66,2001,8,"009802",101.1
121.63,-33.66,2001,9,"009802",75.8
121.63,-33.66,2001,10,"009802",66.2
121.63,-33.66,2001,11,"009802",47.6
121.63,-33.66,2001,12,"009802",32.8
121.63,-33.66,2002,1,"009802",2
121.63,-33.66,2002,2,"009802",2.8
121.63,-33.66,2002,3,"009802",19.6
121.63,-33.66,2002,4,"009802",60.4
121.63,-33.66,2002,5,"009802",NA
121.63,-33.66,2002,6,"009802",42.8
121.63,-33.66,2002,7,"009802",46.7
121.63,-33.66,2002,8,"009802",34.2
121.63,-33.66,2002,9,"009802",44.8
121.63,-33.66,2002,10,"009802",31.6
121.63,-33.66,2002,11,"009802",NA
121.63,-33.66,2002,12,"009802",NA
121.63,-33.66,2003,1,"009802",11
121.63,-33.66,2003,2,"009802",42
121.63,-33.66,2003,3,"009802",9.8
121.63,-33.66,2003,4,"009802",47.1
121.63,-33.66,2003,5,"009802",66
121.63,-33.66,2003,6,"009802",44.9
121.63,-33.66,2003,7,"009802",NA
121.63,-33.66,2003,8,"009802",59.7
121.63,-33.66,2003,9,"009802",NA
121.63,-33.66,2003,10,"009802",54.9
121.63,-33.66,2003,11,"009802",38
121.63,-33.66,2003,12,"009802",13
121.63,-33.66,2004,1,"009802",22.3
121.63,-33.66,2004,2,"009802",42.4
121.63,-33.66,2004,3,"009802",31
121.63,-33.66,2004,4,"009802",21
121.63,-33.66,2004,5,"009802",70
121.63,-33.66,2004,6,"009802",49.2
121.63,-33.66,2004,7,"009802",54.7
121.63,-33.66,2004,8,"009802",NA
121.63,-33.66,2004,9,"009802",40.5
121.63,-33.66,2004,10,"009802",15
121.63,-33.66,2004,11,"009802",20.2
121.63,-33.66,2004,12,"009802",0
121.63,-33.66,2005,1,"009802",10.2
121.63,-33.66,2005,2,"009802",0
121.63,-33.66,2005,3,"009802",NA
121.63,-33.66,2005,4,"009802",95.8
121.63,-33.66,2005,5,"009802",50.2
121.63,-33.66,2005,6,"009802",118.7
121.63,-33.66,2005,7,"009802",34.4
121.63,-33.66,2005,8,"009802",70
121.63,-33.66,2005,9,"009802",63.6
121.63,-33.66,2005,10,"009802",50
121.63,-33.66,2005,11,"009802",25.6
121.63,-33.66,2005,12,"009802",8
121.63,-33.66,2006,1,"009802",60
121.63,-33.66,2006,2,"009802",28.2
121.63,-33.66,2006,3,"009802",30
121.63,-33.66,2006,4,"009802",87.4
121.63,-33.66,2006,5,"009802",49.8
121.63,-33.66,2006,6,"009802",52.8
121.63,-33.66,2006,7,"009802",51.4
121.63,-33.66,2006,8,"009802",35.6
121.63,-33.66,2006,9,"009802",43.6
121.63,-33.66,2006,10,"009802",0
121.63,-33.66,2006,11,"009802",29.2
121.63,-33.66,2006,12,"009802",3
121.63,-33.66,2007,1,"009802",166
121.63,-33.66,2007,2,"009802",0
121.63,-33.66,2007,3,"009802",21.2
121.63,-33.66,2007,4,"009802",117.7
121.63,-33.66,2007,5,"009802",33.5
121.63,-33.66,2007,6,"009802",38.7
121.63,-33.66,2007,7,"009802",37.7
121.63,-33.66,2007,8,"009802",66.4
121.63,-33.66,2007,9,"009802",32.7
121.63,-33.66,2007,10,"009802",72.7
121.63,-33.66,2007,11,"009802",0.4
121.63,-33.66,2007,12,"009802",40
121.63,-33.66,2008,1,"009802",8.6
121.63,-33.66,2008,2,"009802",3
121.63,-33.66,2008,3,"009802",7
121.63,-33.66,2008,4,"009802",27.6
121.63,-33.66,2008,5,"009802",40.7
121.63,-33.66,2008,6,"009802",NA
121.63,-33.66,2008,7,"009802",NA
121.63,-33.66,2008,8,"009802",41
121.63,-33.66,2008,9,"009802",89.5
121.63,-33.66,2008,10,"009802",NA
121.63,-33.66,2008,11,"009802",96.5
121.63,-33.66,2008,12,"009802",23.8
121.63,-33.66,2009,1,"009802",104.8
121.63,-33.66,2009,2,"009802",5.3
121.63,-33.66,2009,3,"009802",21
121.63,-33.66,2009,4,"009802",21
121.63,-33.66,2009,5,"009802",22.5
121.63,-33.66,2009,6,"009802",75.6
121.63,-33.66,2009,7,"009802",46
121.63,-33.66,2009,8,"009802",42.8
121.63,-33.66,2009,9,"009802",64.3
121.63,-33.66,2009,10,"009802",9
121.63,-33.66,2009,11,"009802",20.5
121.63,-33.66,2009,12,"009802",4
121.63,-33.66,2010,1,"009802",NA
121.63,-33.66,2010,2,"009802",24.4
121.63,-33.66,2010,3,"009802",24.5
121.63,-33.66,2010,4,"009802",23
121.63,-33.66,2010,5,"009802",90.5
121.63,-33.66,2010,6,"009802",51.6
121.63,-33.66,2010,7,"009802",NA
121.63,-33.66,2010,8,"009802",68.4
121.63,-33.66,2010,9,"009802",23.2
121.63,-33.66,2010,10,"009802",26.7
121.63,-33.66,2010,11,"009802",29
121.63,-33.66,2010,12,"009802",15.1
121.63,-33.66,2011,1,"009802",29.2
121.63,-33.66,2011,2,"009802",27
121.63,-33.66,2011,3,"009802",35.7
121.63,-33.66,2011,4,"009802",38.4
121.63,-33.66,2011,5,"009802",50.3
121.63,-33.66,2011,6,"009802",NA
121.63,-33.66,2011,7,"009802",65.5
121.63,-33.66,2011,8,"009802",47.6
121.63,-33.66,2011,9,"009802",47
121.63,-33.66,2011,10,"009802",127.3
121.63,-33.66,2011,11,"009802",45.8
121.63,-33.66,2011,12,"009802",59.3
121.63,-33.66,2012,1,"009802",44
121.63,-33.66,2012,2,"009802",10.7
121.63,-33.66,2012,3,"009802",42.3
121.63,-33.66,2012,4,"009802",14.5
121.63,-33.66,2012,5,"009802",31.9
121.63,-33.66,2012,6,"009802",79
121.63,-33.66,2012,7,"009802",87
121.63,-33.66,2012,8,"009802",51
121.63,-33.66,2012,9,"009802",53.1
121.63,-33.66,2012,10,"009802",15
121.63,-33.66,2012,11,"009802",75.7
121.63,-33.66,2012,12,"009802",17.2
121.63,-33.66,2013,1,"009802",35.7
121.63,-33.66,2013,2,"009802",10.2
121.63,-33.66,2013,3,"009802",125.4
121.63,-33.66,2013,4,"009802",38.4
121.63,-33.66,2013,5,"009802",NA
121.63,-33.66,2013,6,"009802",48.4
121.63,-33.66,2013,7,"009802",87.2
121.63,-33.66,2013,8,"009802",60.5
121.63,-33.66,2013,9,"009802",NA
121.63,-33.66,2013,10,"009802",NA
121.63,-33.66,2013,11,"009802",20.5
121.63,-33.66,2013,12,"009802",36.6
121.63,-33.66,2014,1,"009802",8.2
121.63,-33.66,2014,2,"009802",4.6
121.63,-33.66,2014,3,"009802",6.2
121.63,-33.66,2014,4,"009802",12.2
121.63,-33.66,2014,5,"009802",54.2
121.63,-33.66,2014,6,"009802",43
121.63,-33.66,2014,7,"009802",73
121.63,-33.66,2014,8,"009802",43.4
121.63,-33.66,2014,9,"009802",41
121.63,-33.66,2014,10,"009802",NA
121.63,-33.66,2014,11,"009802",45.6
121.63,-33.66,2014,12,"009802",16
121.63,-33.66,2015,1,"009802",0
121.63,-33.66,2015,2,"009802",3.2
121.63,-33.66,2015,3,"009802",58.2
121.63,-33.66,2015,4,"009802",50.5
121.63,-33.66,2015,5,"009802",30.2
121.63,-33.66,2015,6,"009802",68.8
121.63,-33.66,2015,7,"009802",35.4
121.63,-33.66,2015,8,"009802",NA
121.63,-33.66,2015,9,"009802",62
121.63,-33.66,2015,10,"009802",31.2
121.63,-33.66,2015,11,"009802",21.6
121.63,-33.66,2015,12,"009802",40.8
121.63,-33.66,2016,1,"009802",50.2
121.63,-33.66,2016,2,"009802",31.4
121.63,-33.66,2016,3,"009802",93.6
121.63,-33.66,2016,4,"009802",38.6
121.63,-33.66,2016,5,"009802",45.8
121.63,-33.66,2016,6,"009802",72.8
121.63,-33.66,2016,7,"009802",64.3
121.63,-33.66,2016,8,"009802",109.5
121.63,-33.66,2016,9,"009802",82.6
121.63,-33.66,2016,10,"009802",40
121.63,-33.66,2016,11,"009802",8.6
121.63,-33.66,2016,12,"009802",26.6
121.63,-33.66,2017,1,"009802",56.5
121.63,-33.66,2017,2,"009802",159.6
121.63,-33.66,2017,3,"009802",19.8
121.63,-33.66,2017,4,"009802",12.4
121.63,-33.66,2017,5,"009802",37.1
121.63,-33.66,2017,6,"009802",22.2
121.63,-33.66,2017,7,"009802",88.4
121.63,-33.66,2017,8,"009802",NA
121.63,-33.66,2017,9,"009802",82.2
121.63,-33.66,2017,10,"009802",28.6
121.63,-33.66,2017,11,"009802",19.4
121.63,-33.66,2017,12,"009802",24.2
121.63,-33.66,2018,1,"009802",1.8
121.63,-33.66,2018,2,"009802",150.7
121.63,-33.66,2018,3,"009802",20.9
121.63,-33.66,2018,4,"009802",6.2
121.63,-33.66,2018,5,"009802",22.8
121.63,-33.66,2018,6,"009802",44.1
121.63,-33.66,2018,7,"009802",45.2
121.63,-33.66,2018,8,"009802",137.7
121.63,-33.66,2018,9,"009802",37.7
121.63,-33.66,2018,10,"009802",34.2
121.63,-33.66,2018,11,"009802",42
121.63,-33.66,2018,12,"009802",16.2
