"Lon","Lat","Year","Month","Station","Rain"
114.5,-24.31,1950,1,"006070",0
114.5,-24.31,1950,2,"006070",0
114.5,-24.31,1950,3,"006070",0
114.5,-24.31,1950,4,"006070",0
114.5,-24.31,1950,5,"006070",49.3
114.5,-24.31,1950,6,"006070",23.1
114.5,-24.31,1950,7,"006070",11.4
114.5,-24.31,1950,8,"006070",5.8
114.5,-24.31,1950,9,"006070",0
114.5,-24.31,1950,10,"006070",0
114.5,-24.31,1950,11,"006070",0
114.5,-24.31,1950,12,"006070",0
114.5,-24.31,1951,1,"006070",0
114.5,-24.31,1951,2,"006070",3.8
114.5,-24.31,1951,3,"006070",0
114.5,-24.31,1951,4,"006070",33
114.5,-24.31,1951,5,"006070",0
114.5,-24.31,1951,6,"006070",177.3
114.5,-24.31,1951,7,"006070",3.6
114.5,-24.31,1951,8,"006070",0
114.5,-24.31,1951,9,"006070",4.8
114.5,-24.31,1951,10,"006070",0
114.5,-24.31,1951,11,"006070",0
114.5,-24.31,1951,12,"006070",0
114.5,-24.31,1952,1,"006070",0
114.5,-24.31,1952,2,"006070",58.4
114.5,-24.31,1952,3,"006070",8.9
114.5,-24.31,1952,4,"006070",0
114.5,-24.31,1952,5,"006070",55.4
114.5,-24.31,1952,6,"006070",4.6
114.5,-24.31,1952,7,"006070",47.8
114.5,-24.31,1952,8,"006070",0
114.5,-24.31,1952,9,"006070",0
114.5,-24.31,1952,10,"006070",0
114.5,-24.31,1952,11,"006070",0
114.5,-24.31,1952,12,"006070",0
114.5,-24.31,1953,1,"006070",8.4
114.5,-24.31,1953,2,"006070",0
114.5,-24.31,1953,3,"006070",85.1
114.5,-24.31,1953,4,"006070",47.5
114.5,-24.31,1953,5,"006070",154.7
114.5,-24.31,1953,6,"006070",43.2
114.5,-24.31,1953,7,"006070",17.8
114.5,-24.31,1953,8,"006070",0
114.5,-24.31,1953,9,"006070",0
114.5,-24.31,1953,10,"006070",5.8
114.5,-24.31,1953,11,"006070",0
114.5,-24.31,1953,12,"006070",0
114.5,-24.31,1954,1,"006070",13
114.5,-24.31,1954,2,"006070",0
114.5,-24.31,1954,3,"006070",0
114.5,-24.31,1954,4,"006070",0
114.5,-24.31,1954,5,"006070",12.4
114.5,-24.31,1954,6,"006070",46.7
114.5,-24.31,1954,7,"006070",1.5
114.5,-24.31,1954,8,"006070",16.3
114.5,-24.31,1954,9,"006070",0
114.5,-24.31,1954,10,"006070",0
114.5,-24.31,1954,11,"006070",0
114.5,-24.31,1954,12,"006070",0
114.5,-24.31,1955,1,"006070",31.5
114.5,-24.31,1955,2,"006070",20.1
114.5,-24.31,1955,3,"006070",22.1
114.5,-24.31,1955,4,"006070",0
114.5,-24.31,1955,5,"006070",24.1
114.5,-24.31,1955,6,"006070",0
114.5,-24.31,1955,7,"006070",10.2
114.5,-24.31,1955,8,"006070",1.8
114.5,-24.31,1955,9,"006070",6.4
114.5,-24.31,1955,10,"006070",0
114.5,-24.31,1955,11,"006070",0
114.5,-24.31,1955,12,"006070",0
114.5,-24.31,1956,1,"006070",0
114.5,-24.31,1956,2,"006070",4.1
114.5,-24.31,1956,3,"006070",55.9
114.5,-24.31,1956,4,"006070",0
114.5,-24.31,1956,5,"006070",24.1
114.5,-24.31,1956,6,"006070",16.5
114.5,-24.31,1956,7,"006070",15.7
114.5,-24.31,1956,8,"006070",37.9
114.5,-24.31,1956,9,"006070",0
114.5,-24.31,1956,10,"006070",0
114.5,-24.31,1956,11,"006070",2.3
114.5,-24.31,1956,12,"006070",1.8
114.5,-24.31,1957,1,"006070",11.4
114.5,-24.31,1957,2,"006070",27.6
114.5,-24.31,1957,3,"006070",43.4
114.5,-24.31,1957,4,"006070",0
114.5,-24.31,1957,5,"006070",10.7
114.5,-24.31,1957,6,"006070",97.5
114.5,-24.31,1957,7,"006070",3
114.5,-24.31,1957,8,"006070",7.1
114.5,-24.31,1957,9,"006070",0
114.5,-24.31,1957,10,"006070",0
114.5,-24.31,1957,11,"006070",0
114.5,-24.31,1957,12,"006070",4.3
114.5,-24.31,1958,1,"006070",19.3
114.5,-24.31,1958,2,"006070",5.6
114.5,-24.31,1958,3,"006070",5.4
114.5,-24.31,1958,4,"006070",0
114.5,-24.31,1958,5,"006070",70.7
114.5,-24.31,1958,6,"006070",4.1
114.5,-24.31,1958,7,"006070",23.4
114.5,-24.31,1958,8,"006070",12.7
114.5,-24.31,1958,9,"006070",14.8
114.5,-24.31,1958,10,"006070",0
114.5,-24.31,1958,11,"006070",0
114.5,-24.31,1958,12,"006070",0
114.5,-24.31,1959,1,"006070",27.2
114.5,-24.31,1959,2,"006070",0
114.5,-24.31,1959,3,"006070",7.6
114.5,-24.31,1959,4,"006070",0
114.5,-24.31,1959,5,"006070",0
114.5,-24.31,1959,6,"006070",19.8
114.5,-24.31,1959,7,"006070",38.1
114.5,-24.31,1959,8,"006070",1
114.5,-24.31,1959,9,"006070",0
114.5,-24.31,1959,10,"006070",25.4
114.5,-24.31,1959,11,"006070",NA
114.5,-24.31,1959,12,"006070",NA
114.5,-24.31,1961,1,"006070",17.8
114.5,-24.31,1961,2,"006070",124.7
114.5,-24.31,1961,3,"006070",22.1
114.5,-24.31,1961,4,"006070",13.4
114.5,-24.31,1961,5,"006070",11.7
114.5,-24.31,1961,6,"006070",43.4
114.5,-24.31,1961,7,"006070",0
114.5,-24.31,1961,8,"006070",14.2
114.5,-24.31,1961,9,"006070",0
114.5,-24.31,1961,10,"006070",0
114.5,-24.31,1961,11,"006070",0
114.5,-24.31,1961,12,"006070",0
114.5,-24.31,1964,1,"006070",0
114.5,-24.31,1964,2,"006070",4.1
114.5,-24.31,1964,3,"006070",69.5
114.5,-24.31,1964,4,"006070",2.5
114.5,-24.31,1964,5,"006070",0
114.5,-24.31,1964,6,"006070",82.1
114.5,-24.31,1964,7,"006070",29.4
114.5,-24.31,1964,8,"006070",2.5
114.5,-24.31,1964,9,"006070",0
114.5,-24.31,1964,10,"006070",0
114.5,-24.31,1964,11,"006070",0
114.5,-24.31,1964,12,"006070",2
114.5,-24.31,1965,1,"006070",0
114.5,-24.31,1965,2,"006070",58.9
114.5,-24.31,1965,3,"006070",43.7
114.5,-24.31,1965,4,"006070",3.6
114.5,-24.31,1965,5,"006070",12.7
114.5,-24.31,1965,6,"006070",140.9
114.5,-24.31,1965,7,"006070",17.6
114.5,-24.31,1965,8,"006070",36.7
114.5,-24.31,1965,9,"006070",0
114.5,-24.31,1965,10,"006070",0
114.5,-24.31,1965,11,"006070",0
114.5,-24.31,1965,12,"006070",0
114.5,-24.31,1966,1,"006070",0
114.5,-24.31,1966,2,"006070",36.3
114.5,-24.31,1966,3,"006070",5.6
114.5,-24.31,1966,4,"006070",29.9
114.5,-24.31,1966,5,"006070",0
114.5,-24.31,1966,6,"006070",16
114.5,-24.31,1966,7,"006070",0
114.5,-24.31,1966,8,"006070",0
114.5,-24.31,1966,9,"006070",0
114.5,-24.31,1966,10,"006070",0
114.5,-24.31,1966,11,"006070",11.9
114.5,-24.31,1966,12,"006070",0
114.5,-24.31,1967,1,"006070",204.2
114.5,-24.31,1967,2,"006070",129.4
114.5,-24.31,1967,3,"006070",34.8
114.5,-24.31,1967,4,"006070",0
114.5,-24.31,1967,5,"006070",28.5
114.5,-24.31,1967,6,"006070",0
114.5,-24.31,1967,7,"006070",0
114.5,-24.31,1967,8,"006070",17.8
114.5,-24.31,1967,9,"006070",0
114.5,-24.31,1967,10,"006070",0
114.5,-24.31,1967,11,"006070",0
114.5,-24.31,1967,12,"006070",0
114.5,-24.31,1968,1,"006070",0
114.5,-24.31,1968,2,"006070",85.4
114.5,-24.31,1968,3,"006070",28.2
114.5,-24.31,1968,4,"006070",8.9
114.5,-24.31,1968,5,"006070",5.1
114.5,-24.31,1968,6,"006070",118.9
114.5,-24.31,1968,7,"006070",0
114.5,-24.31,1968,8,"006070",0
114.5,-24.31,1968,9,"006070",5.4
114.5,-24.31,1968,10,"006070",0
114.5,-24.31,1968,11,"006070",0
114.5,-24.31,1968,12,"006070",0
114.5,-24.31,1969,1,"006070",0
114.5,-24.31,1969,2,"006070",0
114.5,-24.31,1969,3,"006070",0
114.5,-24.31,1969,4,"006070",2.8
114.5,-24.31,1969,5,"006070",43.4
114.5,-24.31,1969,6,"006070",43.4
114.5,-24.31,1969,7,"006070",0
114.5,-24.31,1969,8,"006070",0
114.5,-24.31,1969,9,"006070",0
114.5,-24.31,1969,10,"006070",0
114.5,-24.31,1969,11,"006070",0
114.5,-24.31,1969,12,"006070",0
114.5,-24.31,1970,1,"006070",4.1
114.5,-24.31,1970,2,"006070",73.9
114.5,-24.31,1970,3,"006070",0
114.5,-24.31,1970,4,"006070",26.9
114.5,-24.31,1970,5,"006070",118.4
114.5,-24.31,1970,6,"006070",27
114.5,-24.31,1970,7,"006070",6.4
114.5,-24.31,1970,8,"006070",0
114.5,-24.31,1970,9,"006070",30
114.5,-24.31,1970,10,"006070",0
114.5,-24.31,1970,11,"006070",0
114.5,-24.31,1970,12,"006070",0
114.5,-24.31,1971,1,"006070",34.2
114.5,-24.31,1971,2,"006070",7.6
114.5,-24.31,1971,3,"006070",78.9
114.5,-24.31,1971,4,"006070",4.3
114.5,-24.31,1971,5,"006070",31.3
114.5,-24.31,1971,6,"006070",18.8
114.5,-24.31,1971,7,"006070",82.1
114.5,-24.31,1971,8,"006070",24.6
114.5,-24.31,1971,9,"006070",0
114.5,-24.31,1971,10,"006070",2
114.5,-24.31,1971,11,"006070",0
114.5,-24.31,1971,12,"006070",0
114.5,-24.31,1972,1,"006070",0
114.5,-24.31,1972,2,"006070",0
114.5,-24.31,1972,3,"006070",12.4
114.5,-24.31,1972,4,"006070",0
114.5,-24.31,1972,5,"006070",27.9
114.5,-24.31,1972,6,"006070",37.2
114.5,-24.31,1972,7,"006070",83.9
114.5,-24.31,1972,8,"006070",0
114.5,-24.31,1972,9,"006070",0
114.5,-24.31,1972,10,"006070",0
114.5,-24.31,1972,11,"006070",0
114.5,-24.31,1972,12,"006070",0
114.5,-24.31,1973,1,"006070",0
114.5,-24.31,1973,2,"006070",0
114.5,-24.31,1973,3,"006070",5.1
114.5,-24.31,1973,4,"006070",0
114.5,-24.31,1973,5,"006070",2.5
114.5,-24.31,1973,6,"006070",38.1
114.5,-24.31,1973,7,"006070",32.8
114.5,-24.31,1973,8,"006070",20.1
114.5,-24.31,1973,9,"006070",5.1
114.5,-24.31,1973,10,"006070",0
114.5,-24.31,1973,11,"006070",0
114.5,-24.31,1973,12,"006070",0
114.5,-24.31,1974,1,"006070",4
114.5,-24.31,1974,2,"006070",25
114.5,-24.31,1974,3,"006070",24
114.5,-24.31,1974,4,"006070",0
114.5,-24.31,1974,5,"006070",41
114.5,-24.31,1974,6,"006070",0
114.5,-24.31,1974,7,"006070",170
114.5,-24.31,1974,8,"006070",45
114.5,-24.31,1974,9,"006070",0
114.5,-24.31,1974,10,"006070",26
114.5,-24.31,1974,11,"006070",0
114.5,-24.31,1974,12,"006070",19
114.5,-24.31,1975,1,"006070",0
114.5,-24.31,1975,2,"006070",158.5
114.5,-24.31,1975,3,"006070",45
114.5,-24.31,1975,4,"006070",6
114.5,-24.31,1975,5,"006070",60
114.5,-24.31,1975,6,"006070",27
114.5,-24.31,1975,7,"006070",10
114.5,-24.31,1975,8,"006070",0
114.5,-24.31,1975,9,"006070",0
114.5,-24.31,1975,10,"006070",35
114.5,-24.31,1975,11,"006070",74
114.5,-24.31,1975,12,"006070",0
114.5,-24.31,1976,1,"006070",0
114.5,-24.31,1976,2,"006070",0
114.5,-24.31,1976,3,"006070",9
114.5,-24.31,1976,4,"006070",0
114.5,-24.31,1976,5,"006070",0
114.5,-24.31,1976,6,"006070",0
114.5,-24.31,1976,7,"006070",21
114.5,-24.31,1976,8,"006070",20
114.5,-24.31,1976,9,"006070",0
114.5,-24.31,1976,10,"006070",0
114.5,-24.31,1976,11,"006070",0
114.5,-24.31,1976,12,"006070",0
114.5,-24.31,1977,1,"006070",0
114.5,-24.31,1977,2,"006070",0
114.5,-24.31,1977,3,"006070",22
114.5,-24.31,1977,4,"006070",0
114.5,-24.31,1977,5,"006070",0
114.5,-24.31,1977,6,"006070",35.5
114.5,-24.31,1977,7,"006070",0
114.5,-24.31,1977,8,"006070",0
114.5,-24.31,1977,9,"006070",0
114.5,-24.31,1977,10,"006070",0
114.5,-24.31,1977,11,"006070",0
114.5,-24.31,1977,12,"006070",0
114.5,-24.31,1978,1,"006070",7
114.5,-24.31,1978,2,"006070",52.8
114.5,-24.31,1978,3,"006070",18
114.5,-24.31,1978,4,"006070",21.2
114.5,-24.31,1978,5,"006070",0
114.5,-24.31,1978,6,"006070",0
114.5,-24.31,1978,7,"006070",NA
114.5,-24.31,1978,8,"006070",NA
114.5,-24.31,1978,9,"006070",NA
114.5,-24.31,1978,10,"006070",NA
114.5,-24.31,1978,11,"006070",NA
114.5,-24.31,1978,12,"006070",NA
114.5,-24.31,1979,1,"006070",0
114.5,-24.31,1979,2,"006070",34
114.5,-24.31,1979,3,"006070",48
114.5,-24.31,1979,4,"006070",17
114.5,-24.31,1979,5,"006070",1.2
114.5,-24.31,1979,6,"006070",8
114.5,-24.31,1979,7,"006070",NA
114.5,-24.31,1979,8,"006070",NA
114.5,-24.31,1979,9,"006070",NA
114.5,-24.31,1979,10,"006070",NA
114.5,-24.31,1979,11,"006070",NA
114.5,-24.31,1979,12,"006070",NA
114.5,-24.31,1980,1,"006070",40.6
114.5,-24.31,1980,2,"006070",22
114.5,-24.31,1980,3,"006070",NA
114.5,-24.31,1980,4,"006070",44
114.5,-24.31,1980,5,"006070",59.4
114.5,-24.31,1980,6,"006070",109.4
114.5,-24.31,1980,7,"006070",NA
114.5,-24.31,1980,8,"006070",NA
114.5,-24.31,1980,9,"006070",NA
114.5,-24.31,1980,10,"006070",NA
114.5,-24.31,1980,11,"006070",NA
114.5,-24.31,1980,12,"006070",NA
114.5,-24.31,1981,1,"006070",29
114.5,-24.31,1981,2,"006070",0
114.5,-24.31,1981,3,"006070",28
114.5,-24.31,1981,4,"006070",0
114.5,-24.31,1981,5,"006070",17
114.5,-24.31,1981,6,"006070",21.4
114.5,-24.31,1981,7,"006070",19.3
114.5,-24.31,1981,8,"006070",11.2
114.5,-24.31,1981,9,"006070",0
114.5,-24.31,1981,10,"006070",0
114.5,-24.31,1981,11,"006070",0
114.5,-24.31,1981,12,"006070",6
114.5,-24.31,1982,1,"006070",31.2
114.5,-24.31,1982,2,"006070",52.6
114.5,-24.31,1982,3,"006070",73.2
114.5,-24.31,1982,4,"006070",2.2
114.5,-24.31,1982,5,"006070",24.6
114.5,-24.31,1982,6,"006070",45.8
114.5,-24.31,1982,7,"006070",0
114.5,-24.31,1982,8,"006070",2.2
114.5,-24.31,1982,9,"006070",9.4
114.5,-24.31,1982,10,"006070",0
114.5,-24.31,1982,11,"006070",21.6
114.5,-24.31,1982,12,"006070",0
114.5,-24.31,1983,1,"006070",27.8
114.5,-24.31,1983,2,"006070",0
114.5,-24.31,1983,3,"006070",81.1
114.5,-24.31,1983,4,"006070",0
114.5,-24.31,1983,5,"006070",0
114.5,-24.31,1983,6,"006070",90.3
114.5,-24.31,1983,7,"006070",10.2
114.5,-24.31,1983,8,"006070",23.2
114.5,-24.31,1983,9,"006070",0
114.5,-24.31,1983,10,"006070",0
114.5,-24.31,1983,11,"006070",10
114.5,-24.31,1983,12,"006070",0
114.5,-24.31,1984,1,"006070",0
114.5,-24.31,1984,2,"006070",27.5
114.5,-24.31,1984,3,"006070",33.5
114.5,-24.31,1984,4,"006070",10.6
114.5,-24.31,1984,5,"006070",160.7
114.5,-24.31,1984,6,"006070",29.4
114.5,-24.31,1984,7,"006070",32.4
114.5,-24.31,1984,8,"006070",28.7
114.5,-24.31,1984,9,"006070",2.5
114.5,-24.31,1984,10,"006070",35
114.5,-24.31,1984,11,"006070",0
114.5,-24.31,1984,12,"006070",4.8
114.5,-24.31,1985,1,"006070",0
114.5,-24.31,1985,2,"006070",34.4
114.5,-24.31,1985,3,"006070",6
114.5,-24.31,1985,4,"006070",29.8
114.5,-24.31,1985,5,"006070",0
114.5,-24.31,1985,6,"006070",10.8
114.5,-24.31,1985,7,"006070",60.2
114.5,-24.31,1985,8,"006070",11.9
114.5,-24.31,1985,9,"006070",0
114.5,-24.31,1985,10,"006070",0
114.5,-24.31,1985,11,"006070",0
114.5,-24.31,1985,12,"006070",0
114.5,-24.31,1986,1,"006070",4.2
114.5,-24.31,1986,2,"006070",84.1
114.5,-24.31,1986,3,"006070",3
114.5,-24.31,1986,4,"006070",0
114.5,-24.31,1986,5,"006070",0
114.5,-24.31,1986,6,"006070",62.5
114.5,-24.31,1986,7,"006070",27.2
114.5,-24.31,1986,8,"006070",0
114.5,-24.31,1986,9,"006070",15.4
114.5,-24.31,1986,10,"006070",3.3
114.5,-24.31,1986,11,"006070",0
114.5,-24.31,1986,12,"006070",0
114.5,-24.31,1987,1,"006070",0.4
114.5,-24.31,1987,2,"006070",32.1
114.5,-24.31,1987,3,"006070",6.8
114.5,-24.31,1987,4,"006070",11
114.5,-24.31,1987,5,"006070",29.4
114.5,-24.31,1987,6,"006070",53.4
114.5,-24.31,1987,7,"006070",24
114.5,-24.31,1987,8,"006070",2.4
114.5,-24.31,1987,9,"006070",1.4
114.5,-24.31,1987,10,"006070",0
114.5,-24.31,1987,11,"006070",3.4
114.5,-24.31,1987,12,"006070",0
114.5,-24.31,1988,1,"006070",4
114.5,-24.31,1988,2,"006070",45
114.5,-24.31,1988,3,"006070",0.2
114.5,-24.31,1988,4,"006070",17.2
114.5,-24.31,1988,5,"006070",65.1
114.5,-24.31,1988,6,"006070",14.6
114.5,-24.31,1988,7,"006070",37.7
114.5,-24.31,1988,8,"006070",26.9
114.5,-24.31,1988,9,"006070",0
114.5,-24.31,1988,10,"006070",0
114.5,-24.31,1988,11,"006070",14.6
114.5,-24.31,1988,12,"006070",0
114.5,-24.31,1989,1,"006070",24.6
114.5,-24.31,1989,2,"006070",4.4
114.5,-24.31,1989,3,"006070",10.2
114.5,-24.31,1989,4,"006070",0
114.5,-24.31,1989,5,"006070",44.8
114.5,-24.31,1989,6,"006070",96.4
114.5,-24.31,1989,7,"006070",15
114.5,-24.31,1989,8,"006070",0
114.5,-24.31,1989,9,"006070",0
114.5,-24.31,1989,10,"006070",0
114.5,-24.31,1989,11,"006070",0
114.5,-24.31,1989,12,"006070",0
114.5,-24.31,1990,1,"006070",92
114.5,-24.31,1990,2,"006070",11.6
114.5,-24.31,1990,3,"006070",9
114.5,-24.31,1990,4,"006070",0
114.5,-24.31,1990,5,"006070",0
114.5,-24.31,1990,6,"006070",24.1
114.5,-24.31,1990,7,"006070",24.2
114.5,-24.31,1990,8,"006070",52.4
114.5,-24.31,1990,9,"006070",4
114.5,-24.31,1990,10,"006070",0
114.5,-24.31,1990,11,"006070",0
114.5,-24.31,1990,12,"006070",0
114.5,-24.31,1991,1,"006070",1
114.5,-24.31,1991,2,"006070",85.4
114.5,-24.31,1991,3,"006070",3.8
114.5,-24.31,1991,4,"006070",0
114.5,-24.31,1991,5,"006070",38
114.5,-24.31,1991,6,"006070",36
114.5,-24.31,1991,7,"006070",14
114.5,-24.31,1991,8,"006070",0
114.5,-24.31,1991,9,"006070",2.3
114.5,-24.31,1991,10,"006070",0.8
114.5,-24.31,1991,11,"006070",2
114.5,-24.31,1991,12,"006070",16.8
114.5,-24.31,1992,1,"006070",9.8
114.5,-24.31,1992,2,"006070",0.7
114.5,-24.31,1992,3,"006070",0
114.5,-24.31,1992,4,"006070",34.4
114.5,-24.31,1992,5,"006070",126.6
114.5,-24.31,1992,6,"006070",68.8
114.5,-24.31,1992,7,"006070",0.7
114.5,-24.31,1992,8,"006070",11.1
114.5,-24.31,1992,9,"006070",0.7
114.5,-24.31,1992,10,"006070",11.5
114.5,-24.31,1992,11,"006070",4.5
114.5,-24.31,1992,12,"006070",0
114.5,-24.31,1993,1,"006070",1.4
114.5,-24.31,1993,2,"006070",39.6
114.5,-24.31,1993,3,"006070",0
114.5,-24.31,1993,4,"006070",8.5
114.5,-24.31,1993,5,"006070",12.7
114.5,-24.31,1993,6,"006070",24.3
114.5,-24.31,1993,7,"006070",2.3
114.5,-24.31,1993,8,"006070",24.2
114.5,-24.31,1993,9,"006070",8.6
114.5,-24.31,1993,10,"006070",0
114.5,-24.31,1993,11,"006070",2
114.5,-24.31,1993,12,"006070",18
114.5,-24.31,1994,1,"006070",0
114.5,-24.31,1994,2,"006070",259.2
114.5,-24.31,1994,3,"006070",5.1
114.5,-24.31,1994,4,"006070",0.1
114.5,-24.31,1994,5,"006070",6.4
114.5,-24.31,1994,6,"006070",35.8
114.5,-24.31,1994,7,"006070",18.2
114.5,-24.31,1994,8,"006070",12.2
114.5,-24.31,1994,9,"006070",0
114.5,-24.31,1994,10,"006070",0
114.5,-24.31,1994,11,"006070",0
114.5,-24.31,1994,12,"006070",7
114.5,-24.31,1995,1,"006070",3.3
114.5,-24.31,1995,2,"006070",100.5
114.5,-24.31,1995,3,"006070",4.6
114.5,-24.31,1995,4,"006070",42.1
114.5,-24.31,1995,5,"006070",6.6
114.5,-24.31,1995,6,"006070",39.2
114.5,-24.31,1995,7,"006070",30.6
114.5,-24.31,1995,8,"006070",0
114.5,-24.31,1995,9,"006070",2.5
114.5,-24.31,1995,10,"006070",0
114.5,-24.31,1995,11,"006070",6.6
114.5,-24.31,1995,12,"006070",60.4
114.5,-24.31,1996,1,"006070",0
114.5,-24.31,1996,2,"006070",20.8
114.5,-24.31,1996,3,"006070",4
114.5,-24.31,1996,4,"006070",26.6
114.5,-24.31,1996,5,"006070",0
114.5,-24.31,1996,6,"006070",73.7
114.5,-24.31,1996,7,"006070",149
114.5,-24.31,1996,8,"006070",0
114.5,-24.31,1996,9,"006070",2
114.5,-24.31,1996,10,"006070",0
114.5,-24.31,1996,11,"006070",0
114.5,-24.31,1996,12,"006070",2.2
114.5,-24.31,1997,1,"006070",0
114.5,-24.31,1997,2,"006070",0
114.5,-24.31,1997,3,"006070",0
114.5,-24.31,1997,4,"006070",0
114.5,-24.31,1997,5,"006070",0
114.5,-24.31,1997,6,"006070",20.6
114.5,-24.31,1997,7,"006070",24.1
114.5,-24.31,1997,8,"006070",39.2
114.5,-24.31,1997,9,"006070",16
114.5,-24.31,1997,10,"006070",2.1
114.5,-24.31,1997,11,"006070",0
114.5,-24.31,1997,12,"006070",10.6
114.5,-24.31,1998,1,"006070",0
114.5,-24.31,1998,2,"006070",10.8
114.5,-24.31,1998,3,"006070",44.1
114.5,-24.31,1998,4,"006070",11.5
114.5,-24.31,1998,5,"006070",39.3
114.5,-24.31,1998,6,"006070",23.4
114.5,-24.31,1998,7,"006070",89.1
114.5,-24.31,1998,8,"006070",53.2
114.5,-24.31,1998,9,"006070",0
114.5,-24.31,1998,10,"006070",57.5
114.5,-24.31,1998,11,"006070",0
114.5,-24.31,1998,12,"006070",14.9
114.5,-24.31,1999,1,"006070",21.6
114.5,-24.31,1999,2,"006070",207.6
114.5,-24.31,1999,3,"006070",180.1
114.5,-24.31,1999,4,"006070",22
114.5,-24.31,1999,5,"006070",63.3
114.5,-24.31,1999,6,"006070",0
114.5,-24.31,1999,7,"006070",6.4
114.5,-24.31,1999,8,"006070",0
114.5,-24.31,1999,9,"006070",9.8
114.5,-24.31,1999,10,"006070",0
114.5,-24.31,1999,11,"006070",0.4
114.5,-24.31,1999,12,"006070",0
114.5,-24.31,2000,1,"006070",42.3
114.5,-24.31,2000,2,"006070",53.6
114.5,-24.31,2000,3,"006070",265.8
114.5,-24.31,2000,4,"006070",11
114.5,-24.31,2000,5,"006070",0
114.5,-24.31,2000,6,"006070",0
114.5,-24.31,2000,7,"006070",29.5
114.5,-24.31,2000,8,"006070",11
114.5,-24.31,2000,9,"006070",3.8
114.5,-24.31,2000,10,"006070",0
114.5,-24.31,2000,11,"006070",0
114.5,-24.31,2000,12,"006070",6.2
114.5,-24.31,2001,1,"006070",118.8
114.5,-24.31,2001,2,"006070",14.6
114.5,-24.31,2001,3,"006070",0
114.5,-24.31,2001,4,"006070",4
114.5,-24.31,2001,5,"006070",7.4
114.5,-24.31,2001,6,"006070",0
114.5,-24.31,2001,7,"006070",4
114.5,-24.31,2001,8,"006070",16.2
114.5,-24.31,2001,9,"006070",0
114.5,-24.31,2001,10,"006070",6.7
114.5,-24.31,2001,11,"006070",3.5
114.5,-24.31,2001,12,"006070",0
114.5,-24.31,2002,1,"006070",0
114.5,-24.31,2002,2,"006070",0
114.5,-24.31,2002,3,"006070",16.8
114.5,-24.31,2002,4,"006070",0
114.5,-24.31,2002,5,"006070",39.4
114.5,-24.31,2002,6,"006070",10.9
114.5,-24.31,2002,7,"006070",11.5
114.5,-24.31,2002,8,"006070",13
114.5,-24.31,2002,9,"006070",5
114.5,-24.31,2002,10,"006070",0
114.5,-24.31,2002,11,"006070",0
114.5,-24.31,2002,12,"006070",0
114.5,-24.31,2003,1,"006070",0
114.5,-24.31,2003,2,"006070",8.2
114.5,-24.31,2003,3,"006070",41.6
114.5,-24.31,2003,4,"006070",8
114.5,-24.31,2003,5,"006070",12.2
114.5,-24.31,2003,6,"006070",56.6
114.5,-24.31,2003,7,"006070",0
114.5,-24.31,2003,8,"006070",11.5
114.5,-24.31,2003,9,"006070",NA
114.5,-24.31,2003,10,"006070",0
114.5,-24.31,2003,11,"006070",0
114.5,-24.31,2003,12,"006070",0
114.5,-24.31,2004,1,"006070",74.2
114.5,-24.31,2004,2,"006070",145.4
114.5,-24.31,2004,3,"006070",0
114.5,-24.31,2004,4,"006070",27.5
114.5,-24.31,2004,5,"006070",19
114.5,-24.31,2004,6,"006070",0
114.5,-24.31,2004,7,"006070",132.4
114.5,-24.31,2004,8,"006070",1.4
114.5,-24.31,2004,9,"006070",4.2
114.5,-24.31,2004,10,"006070",0
114.5,-24.31,2004,11,"006070",0
114.5,-24.31,2004,12,"006070",2
114.5,-24.31,2005,1,"006070",0
114.5,-24.31,2005,2,"006070",25.6
114.5,-24.31,2005,3,"006070",4.2
114.5,-24.31,2005,4,"006070",28.5
114.5,-24.31,2005,5,"006070",83.8
114.5,-24.31,2005,6,"006070",73.6
114.5,-24.31,2005,7,"006070",3
114.5,-24.31,2005,8,"006070",27.2
114.5,-24.31,2005,9,"006070",2
114.5,-24.31,2005,10,"006070",2.6
114.5,-24.31,2005,11,"006070",4.5
114.5,-24.31,2005,12,"006070",0
114.5,-24.31,2006,1,"006070",63
114.5,-24.31,2006,2,"006070",99.4
114.5,-24.31,2006,3,"006070",39.2
114.5,-24.31,2006,4,"006070",0.8
114.5,-24.31,2006,5,"006070",14.8
114.5,-24.31,2006,6,"006070",6.8
114.5,-24.31,2006,7,"006070",0
114.5,-24.31,2006,8,"006070",0
114.5,-24.31,2006,9,"006070",8.2
114.5,-24.31,2006,10,"006070",12.2
114.5,-24.31,2006,11,"006070",0
114.5,-24.31,2006,12,"006070",0
114.5,-24.31,2007,1,"006070",0.4
114.5,-24.31,2007,2,"006070",5.4
114.5,-24.31,2007,3,"006070",0
114.5,-24.31,2007,4,"006070",114
114.5,-24.31,2007,5,"006070",3.4
114.5,-24.31,2007,6,"006070",16.4
114.5,-24.31,2007,7,"006070",60
114.5,-24.31,2007,8,"006070",0
114.5,-24.31,2007,9,"006070",0.2
114.5,-24.31,2007,10,"006070",0
114.5,-24.31,2007,11,"006070",3.5
114.5,-24.31,2007,12,"006070",2.5
114.5,-24.31,2008,1,"006070",7
114.5,-24.31,2008,2,"006070",126.7
114.5,-24.31,2008,3,"006070",127
114.5,-24.31,2008,4,"006070",56.7
114.5,-24.31,2008,5,"006070",0
114.5,-24.31,2008,6,"006070",53.4
114.5,-24.31,2008,7,"006070",13.5
114.5,-24.31,2008,8,"006070",8.4
114.5,-24.31,2008,9,"006070",0
114.5,-24.31,2008,10,"006070",8.8
114.5,-24.31,2008,11,"006070",22.2
114.5,-24.31,2008,12,"006070",11.2
114.5,-24.31,2009,1,"006070",6
114.5,-24.31,2009,2,"006070",22.4
114.5,-24.31,2009,3,"006070",0.2
114.5,-24.31,2009,4,"006070",4.4
114.5,-24.31,2009,5,"006070",5
114.5,-24.31,2009,6,"006070",27.7
114.5,-24.31,2009,7,"006070",7.6
114.5,-24.31,2009,8,"006070",8.4
114.5,-24.31,2009,9,"006070",1.2
114.5,-24.31,2009,10,"006070",0
114.5,-24.31,2009,11,"006070",6.8
114.5,-24.31,2009,12,"006070",0
114.5,-24.31,2010,1,"006070",6
114.5,-24.31,2010,2,"006070",17
114.5,-24.31,2010,3,"006070",0
114.5,-24.31,2010,4,"006070",0
114.5,-24.31,2010,5,"006070",9.4
114.5,-24.31,2010,6,"006070",32.8
114.5,-24.31,2010,7,"006070",4.8
114.5,-24.31,2010,8,"006070",7.8
114.5,-24.31,2010,9,"006070",0
114.5,-24.31,2010,10,"006070",0
114.5,-24.31,2010,11,"006070",18.6
114.5,-24.31,2010,12,"006070",232.3
114.5,-24.31,2011,1,"006070",136.5
114.5,-24.31,2011,2,"006070",150.4
114.5,-24.31,2011,3,"006070",28
114.5,-24.31,2011,4,"006070",26
114.5,-24.31,2011,5,"006070",69
114.5,-24.31,2011,6,"006070",44.9
114.5,-24.31,2011,7,"006070",8.4
114.5,-24.31,2011,8,"006070",13.2
114.5,-24.31,2011,9,"006070",1.2
114.5,-24.31,2011,10,"006070",0
114.5,-24.31,2011,11,"006070",2.5
114.5,-24.31,2011,12,"006070",0
114.5,-24.31,2012,1,"006070",74.1
114.5,-24.31,2012,2,"006070",4.2
114.5,-24.31,2012,3,"006070",58.4
114.5,-24.31,2012,4,"006070",9.9
114.5,-24.31,2012,5,"006070",0
114.5,-24.31,2012,6,"006070",35.8
114.5,-24.31,2012,7,"006070",6.4
114.5,-24.31,2012,8,"006070",2
114.5,-24.31,2012,9,"006070",3.8
114.5,-24.31,2012,10,"006070",0.2
114.5,-24.31,2012,11,"006070",2.8
114.5,-24.31,2012,12,"006070",39.1
114.5,-24.31,2013,1,"006070",70.5
114.5,-24.31,2013,2,"006070",97.6
114.5,-24.31,2013,3,"006070",0
114.5,-24.31,2013,4,"006070",0
114.5,-24.31,2013,5,"006070",26.4
114.5,-24.31,2013,6,"006070",23.9
114.5,-24.31,2013,7,"006070",37.4
114.5,-24.31,2013,8,"006070",0
114.5,-24.31,2013,9,"006070",3.2
114.5,-24.31,2013,10,"006070",0.6
114.5,-24.31,2013,11,"006070",0
114.5,-24.31,2013,12,"006070",3.2
114.5,-24.31,2014,1,"006070",62.5
114.5,-24.31,2014,2,"006070",4.8
114.5,-24.31,2014,3,"006070",3.5
114.5,-24.31,2014,4,"006070",23.7
114.5,-24.31,2014,5,"006070",24.4
114.5,-24.31,2014,6,"006070",4.9
114.5,-24.31,2014,7,"006070",0
114.5,-24.31,2014,8,"006070",0
114.5,-24.31,2014,9,"006070",7.2
114.5,-24.31,2014,10,"006070",0
114.5,-24.31,2014,11,"006070",0.6
114.5,-24.31,2014,12,"006070",0
114.5,-24.31,2015,1,"006070",29
114.5,-24.31,2015,2,"006070",16.8
114.5,-24.31,2015,3,"006070",156.4
114.5,-24.31,2015,4,"006070",0
114.5,-24.31,2015,5,"006070",38.5
114.5,-24.31,2015,6,"006070",25.4
114.5,-24.31,2015,7,"006070",36.2
114.5,-24.31,2015,8,"006070",1.4
114.5,-24.31,2015,9,"006070",0
114.5,-24.31,2015,10,"006070",0
114.5,-24.31,2015,11,"006070",0.6
114.5,-24.31,2015,12,"006070",0
114.5,-24.31,2016,1,"006070",9
114.5,-24.31,2016,2,"006070",0
114.5,-24.31,2016,3,"006070",3.8
114.5,-24.31,2016,4,"006070",0
114.5,-24.31,2016,5,"006070",4.3
114.5,-24.31,2016,6,"006070",47.2
114.5,-24.31,2016,7,"006070",24.3
114.5,-24.31,2016,8,"006070",5.5
114.5,-24.31,2016,9,"006070",0
114.5,-24.31,2016,10,"006070",2.8
114.5,-24.31,2016,11,"006070",3.3
114.5,-24.31,2016,12,"006070",0
114.5,-24.31,2017,1,"006070",14.8
114.5,-24.31,2017,2,"006070",81.6
114.5,-24.31,2017,3,"006070",12.6
114.5,-24.31,2017,4,"006070",0
114.5,-24.31,2017,5,"006070",0
114.5,-24.31,2017,6,"006070",0
114.5,-24.31,2017,7,"006070",0
114.5,-24.31,2017,8,"006070",11.6
114.5,-24.31,2017,9,"006070",11.3
114.5,-24.31,2017,10,"006070",0
114.5,-24.31,2017,11,"006070",0
114.5,-24.31,2017,12,"006070",4.8
114.5,-24.31,2018,1,"006070",22.2
114.5,-24.31,2018,2,"006070",15.1
114.5,-24.31,2018,3,"006070",5
114.5,-24.31,2018,4,"006070",0
114.5,-24.31,2018,5,"006070",26.2
114.5,-24.31,2018,6,"006070",174.9
114.5,-24.31,2018,7,"006070",24.3
114.5,-24.31,2018,8,"006070",2.3
114.5,-24.31,2018,9,"006070",0
114.5,-24.31,2018,10,"006070",0
114.5,-24.31,2018,11,"006070",1.6
114.5,-24.31,2018,12,"006070",0
114.5,-24.31,2019,1,"006070",9.2
114.5,-24.31,2019,2,"006070",1.2
114.5,-24.31,2019,3,"006070",13.6
114.5,-24.31,2019,4,"006070",112.2
114.5,-24.31,2019,5,"006070",0
114.5,-24.31,2019,6,"006070",37.5
114.5,-24.31,2019,7,"006070",1.5
114.5,-24.31,2019,8,"006070",0.5
114.5,-24.31,2019,9,"006070",0
114.5,-24.31,2019,10,"006070",0.5
114.5,-24.31,2019,11,"006070",0
114.5,-24.31,2019,12,"006070",2.4
114.5,-24.31,2020,1,"006070",9.8
114.5,-24.31,2020,2,"006070",37.8
114.5,-24.31,2020,3,"006070",36.2
114.5,-24.31,2020,4,"006070",0
114.5,-24.31,2020,5,"006070",22.4
114.5,-24.31,2020,6,"006070",11.4
114.5,-24.31,2020,7,"006070",4.9
114.5,-24.31,2020,8,"006070",30.5
114.5,-24.31,2020,9,"006070",0
114.5,-24.31,2020,10,"006070",0
114.5,-24.31,2020,11,"006070",0.4
114.5,-24.31,2020,12,"006070",11
114.5,-24.31,2021,1,"006070",16.6
114.5,-24.31,2021,2,"006070",267.9
114.5,-24.31,2021,3,"006070",108.8
114.5,-24.31,2021,4,"006070",22.8
114.5,-24.31,2021,5,"006070",133.2
114.5,-24.31,2021,6,"006070",46.9
114.5,-24.31,2021,7,"006070",28.7
114.5,-24.31,2021,8,"006070",2.8
114.5,-24.31,2021,9,"006070",0.2
114.5,-24.31,2021,10,"006070",17.2
114.5,-24.31,2021,11,"006070",1
114.5,-24.31,2021,12,"006070",0
114.5,-24.31,2022,1,"006070",20
114.5,-24.31,2022,2,"006070",32.8
114.5,-24.31,2022,3,"006070",NA
114.5,-24.31,2022,4,"006070",NA
114.5,-24.31,2022,5,"006070",NA
114.5,-24.31,2022,6,"006070",NA
114.5,-24.31,2022,7,"006070",NA
114.5,-24.31,2022,8,"006070",NA
114.5,-24.31,2022,9,"006070",NA
114.5,-24.31,2022,10,"006070",NA
114.5,-24.31,2022,11,"006070",NA
114.5,-24.31,2022,12,"006070",NA
