"Lon","Lat","Year","Month","Station","Rain"
151.06,-33.66,1992,1,"067022",60.6
151.06,-33.66,1992,2,"067022",371.4
151.06,-33.66,1992,3,"067022",67.8
151.06,-33.66,1992,4,"067022",111
151.06,-33.66,1992,5,"067022",35
151.06,-33.66,1992,6,"067022",68.6
151.06,-33.66,1992,7,"067022",11.2
151.06,-33.66,1992,8,"067022",28.4
151.06,-33.66,1992,9,"067022",47.8
151.06,-33.66,1992,10,"067022",50
151.06,-33.66,1992,11,"067022",105.2
151.06,-33.66,1992,12,"067022",211.2
151.06,-33.66,1993,1,"067022",63.4
151.06,-33.66,1993,2,"067022",84.2
151.06,-33.66,1993,3,"067022",107.4
151.06,-33.66,1993,4,"067022",40
151.06,-33.66,1993,5,"067022",12.8
151.06,-33.66,1993,6,"067022",33
151.06,-33.66,1993,7,"067022",57.8
151.06,-33.66,1993,8,"067022",46.2
151.06,-33.66,1993,9,"067022",70
151.06,-33.66,1993,10,"067022",44.8
151.06,-33.66,1993,11,"067022",66.6
151.06,-33.66,1993,12,"067022",48
151.06,-33.66,1994,1,"067022",50.8
151.06,-33.66,1994,2,"067022",106.4
151.06,-33.66,1994,3,"067022",100
151.06,-33.66,1994,4,"067022",89.2
151.06,-33.66,1994,5,"067022",15.6
151.06,-33.66,1994,6,"067022",68
151.06,-33.66,1994,7,"067022",17.8
151.06,-33.66,1994,8,"067022",11
151.06,-33.66,1994,9,"067022",17
151.06,-33.66,1994,10,"067022",23.6
151.06,-33.66,1994,11,"067022",70.4
151.06,-33.66,1994,12,"067022",83.8
151.06,-33.66,1995,1,"067022",94.8
151.06,-33.66,1995,2,"067022",72.6
151.06,-33.66,1995,3,"067022",221
151.06,-33.66,1995,4,"067022",29.6
151.06,-33.66,1995,5,"067022",142.4
151.06,-33.66,1995,6,"067022",61.6
151.06,-33.66,1995,7,"067022",1
151.06,-33.66,1995,8,"067022",0
151.06,-33.66,1995,9,"067022",150.2
151.06,-33.66,1995,10,"067022",20.6
151.06,-33.66,1995,11,"067022",104.2
151.06,-33.66,1995,12,"067022",86.8
151.06,-33.66,1999,1,"067022",161
151.06,-33.66,1999,2,"067022",185.4
151.06,-33.66,1999,3,"067022",32.8
151.06,-33.66,1999,4,"067022",182.2
151.06,-33.66,1999,5,"067022",NA
151.06,-33.66,1999,6,"067022",52
151.06,-33.66,1999,7,"067022",156
151.06,-33.66,1999,8,"067022",65.6
151.06,-33.66,1999,9,"067022",37.6
151.06,-33.66,1999,10,"067022",190.6
151.06,-33.66,1999,11,"067022",73.8
151.06,-33.66,1999,12,"067022",NA
151.06,-33.66,2000,1,"067022",45.2
151.06,-33.66,2000,2,"067022",17.6
151.06,-33.66,2000,3,"067022",245.8
151.06,-33.66,2000,4,"067022",50.2
151.06,-33.66,2000,5,"067022",41.2
151.06,-33.66,2000,6,"067022",NA
151.06,-33.66,2000,7,"067022",21.8
151.06,-33.66,2000,8,"067022",14.6
151.06,-33.66,2000,9,"067022",34.2
151.06,-33.66,2000,10,"067022",64.4
151.06,-33.66,2000,11,"067022",135
151.06,-33.66,2000,12,"067022",NA
151.06,-33.66,2001,1,"067022",111
151.06,-33.66,2001,2,"067022",150.4
151.06,-33.66,2001,3,"067022",126.8
151.06,-33.66,2001,4,"067022",73.6
151.06,-33.66,2001,5,"067022",NA
151.06,-33.66,2001,6,"067022",6.2
151.06,-33.66,2001,7,"067022",62.8
151.06,-33.66,2001,8,"067022",45.6
151.06,-33.66,2001,9,"067022",NA
151.06,-33.66,2001,10,"067022",44.6
151.06,-33.66,2001,11,"067022",75.8
151.06,-33.66,2001,12,"067022",NA
151.06,-33.66,2002,1,"067022",47.8
151.06,-33.66,2002,2,"067022",280.7
151.06,-33.66,2002,3,"067022",141.2
151.06,-33.66,2002,4,"067022",20.8
151.06,-33.66,2002,5,"067022",37
151.06,-33.66,2002,6,"067022",22.4
151.06,-33.66,2002,7,"067022",14.2
151.06,-33.66,2002,8,"067022",23
151.06,-33.66,2002,9,"067022",19.6
151.06,-33.66,2002,10,"067022",4.6
151.06,-33.66,2002,11,"067022",24.4
151.06,-33.66,2002,12,"067022",79.6
151.06,-33.66,2003,1,"067022",13.2
151.06,-33.66,2003,2,"067022",118.2
151.06,-33.66,2003,3,"067022",109.4
151.06,-33.66,2003,4,"067022",91
151.06,-33.66,2003,5,"067022",319.4
151.06,-33.66,2003,6,"067022",33.6
151.06,-33.66,2003,7,"067022",44
151.06,-33.66,2003,8,"067022",NA
151.06,-33.66,2003,9,"067022",4.8
151.06,-33.66,2003,10,"067022",118.2
151.06,-33.66,2003,11,"067022",96.4
151.06,-33.66,2003,12,"067022",68.2
151.06,-33.66,2004,1,"067022",40.2
151.06,-33.66,2004,2,"067022",144.4
151.06,-33.66,2004,3,"067022",70.5
151.06,-33.66,2004,4,"067022",26.4
151.06,-33.66,2004,5,"067022",6.2
151.06,-33.66,2004,6,"067022",11.6
151.06,-33.66,2004,7,"067022",39.7
151.06,-33.66,2004,8,"067022",40.1
151.06,-33.66,2004,9,"067022",30
151.06,-33.66,2004,10,"067022",NA
151.06,-33.66,2004,11,"067022",65.4
151.06,-33.66,2004,12,"067022",84.4
151.06,-33.66,2005,1,"067022",NA
151.06,-33.66,2005,2,"067022",176.4
151.06,-33.66,2005,3,"067022",100.8
151.06,-33.66,2005,4,"067022",NA
151.06,-33.66,2005,5,"067022",69
151.06,-33.66,2005,6,"067022",103
151.06,-33.66,2005,7,"067022",28
151.06,-33.66,2005,8,"067022",3
151.06,-33.66,2005,9,"067022",44.8
151.06,-33.66,2005,10,"067022",71.3
151.06,-33.66,2005,11,"067022",141.6
151.06,-33.66,2005,12,"067022",33.2
151.06,-33.66,2006,1,"067022",93
151.06,-33.66,2006,2,"067022",86.1
151.06,-33.66,2006,3,"067022",24.8
151.06,-33.66,2006,4,"067022",10.1
151.06,-33.66,2006,5,"067022",13.9
151.06,-33.66,2006,6,"067022",69.5
151.06,-33.66,2006,7,"067022",55.9
151.06,-33.66,2006,8,"067022",43.9
151.06,-33.66,2006,9,"067022",NA
151.06,-33.66,2006,10,"067022",6.5
151.06,-33.66,2006,11,"067022",50.8
151.06,-33.66,2006,12,"067022",61.7
151.06,-33.66,2007,1,"067022",37.1
151.06,-33.66,2007,2,"067022",NA
151.06,-33.66,2007,3,"067022",104.4
151.06,-33.66,2007,4,"067022",83.5
151.06,-33.66,2007,5,"067022",19.6
151.06,-33.66,2007,6,"067022",325.7
151.06,-33.66,2007,7,"067022",22.9
151.06,-33.66,2007,8,"067022",NA
151.06,-33.66,2007,9,"067022",NA
151.06,-33.66,2007,10,"067022",NA
151.06,-33.66,2007,11,"067022",137.9
151.06,-33.66,2007,12,"067022",191.9
151.06,-33.66,2008,1,"067022",93
151.06,-33.66,2008,2,"067022",254.8
151.06,-33.66,2008,3,"067022",35.5
151.06,-33.66,2008,4,"067022",107.6
151.06,-33.66,2008,5,"067022",6.8
151.06,-33.66,2008,6,"067022",NA
151.06,-33.66,2008,7,"067022",NA
151.06,-33.66,2008,8,"067022",35.5
151.06,-33.66,2008,9,"067022",102.2
151.06,-33.66,2008,10,"067022",73.3
151.06,-33.66,2008,11,"067022",86.6
151.06,-33.66,2008,12,"067022",NA
151.06,-33.66,2009,1,"067022",67.4
151.06,-33.66,2009,2,"067022",195.4
151.06,-33.66,2009,3,"067022",NA
151.06,-33.66,2009,4,"067022",NA
151.06,-33.66,2009,5,"067022",NA
151.06,-33.66,2009,6,"067022",NA
151.06,-33.66,2009,7,"067022",NA
151.06,-33.66,2009,8,"067022",11.5
151.06,-33.66,2009,9,"067022",NA
151.06,-33.66,2009,10,"067022",117.8
151.06,-33.66,2009,11,"067022",NA
151.06,-33.66,2009,12,"067022",76.8
