"Lon","Lat","Year","Month","Station","Rain"
138.53,-34.65,1988,1,"023103",NA
138.53,-34.65,1988,2,"023103",NA
138.53,-34.65,1988,3,"023103",18.2
138.53,-34.65,1988,4,"023103",11
138.53,-34.65,1988,5,"023103",79.7
138.53,-34.65,1988,6,"023103",75.8
138.53,-34.65,1988,7,"023103",47
138.53,-34.65,1988,8,"023103",22.6
138.53,-34.65,1988,9,"023103",42.6
138.53,-34.65,1988,10,"023103",8.8
138.53,-34.65,1988,11,"023103",36.6
138.53,-34.65,1988,12,"023103",37.6
138.53,-34.65,1989,1,"023103",0.8
138.53,-34.65,1989,2,"023103",0
138.53,-34.65,1989,3,"023103",6.3
138.53,-34.65,1989,4,"023103",30.6
138.53,-34.65,1989,5,"023103",68.6
138.53,-34.65,1989,6,"023103",51.2
138.53,-34.65,1989,7,"023103",57
138.53,-34.65,1989,8,"023103",48.6
138.53,-34.65,1989,9,"023103",32.8
138.53,-34.65,1989,10,"023103",34.8
138.53,-34.65,1989,11,"023103",54.6
138.53,-34.65,1989,12,"023103",14.4
138.53,-34.65,1990,1,"023103",29.4
138.53,-34.65,1990,2,"023103",13.6
138.53,-34.65,1990,3,"023103",1
138.53,-34.65,1990,4,"023103",4.2
138.53,-34.65,1990,5,"023103",9
138.53,-34.65,1990,6,"023103",56.8
138.53,-34.65,1990,7,"023103",87.4
138.53,-34.65,1990,8,"023103",62.8
138.53,-34.65,1990,9,"023103",23.8
138.53,-34.65,1990,10,"023103",24.2
138.53,-34.65,1990,11,"023103",4.8
138.53,-34.65,1990,12,"023103",49
138.53,-34.65,1991,1,"023103",15.6
138.53,-34.65,1991,2,"023103",0
138.53,-34.65,1991,3,"023103",11.8
138.53,-34.65,1991,4,"023103",29.6
138.53,-34.65,1991,5,"023103",11.2
138.53,-34.65,1991,6,"023103",97.4
138.53,-34.65,1991,7,"023103",71.8
138.53,-34.65,1991,8,"023103",54.6
138.53,-34.65,1991,9,"023103",49.6
138.53,-34.65,1991,10,"023103",7.2
138.53,-34.65,1991,11,"023103",40.8
138.53,-34.65,1991,12,"023103",3.8
138.53,-34.65,1992,1,"023103",0
138.53,-34.65,1992,2,"023103",11.2
138.53,-34.65,1992,3,"023103",49.2
138.53,-34.65,1992,4,"023103",28.8
138.53,-34.65,1992,5,"023103",41.1
138.53,-34.65,1992,6,"023103",48.4
138.53,-34.65,1992,7,"023103",34
138.53,-34.65,1992,8,"023103",89.2
138.53,-34.65,1992,9,"023103",116.2
138.53,-34.65,1992,10,"023103",83.6
138.53,-34.65,1992,11,"023103",103.8
138.53,-34.65,1992,12,"023103",93.2
138.53,-34.65,1993,1,"023103",58.8
138.53,-34.65,1993,2,"023103",10
138.53,-34.65,1993,3,"023103",7.8
138.53,-34.65,1993,4,"023103",1.6
138.53,-34.65,1993,5,"023103",25.4
138.53,-34.65,1993,6,"023103",48.4
138.53,-34.65,1993,7,"023103",45.4
138.53,-34.65,1993,8,"023103",27.8
138.53,-34.65,1993,9,"023103",59.6
138.53,-34.65,1993,10,"023103",64.6
138.53,-34.65,1993,11,"023103",NA
138.53,-34.65,1993,12,"023103",NA
138.53,-34.65,1994,1,"023103",23.8
138.53,-34.65,1994,2,"023103",14.6
138.53,-34.65,1994,3,"023103",0
138.53,-34.65,1994,4,"023103",16.4
138.53,-34.65,1994,5,"023103",22.4
138.53,-34.65,1994,6,"023103",86.4
138.53,-34.65,1994,7,"023103",36.4
138.53,-34.65,1994,8,"023103",15
138.53,-34.65,1994,9,"023103",11
138.53,-34.65,1994,10,"023103",21.6
138.53,-34.65,1994,11,"023103",23.4
138.53,-34.65,1994,12,"023103",NA
138.53,-34.65,1995,1,"023103",13.8
138.53,-34.65,1995,2,"023103",18
138.53,-34.65,1995,3,"023103",17.4
138.53,-34.65,1995,4,"023103",28
138.53,-34.65,1995,5,"023103",34.6
138.53,-34.65,1995,6,"023103",44
138.53,-34.65,1995,7,"023103",108.8
138.53,-34.65,1995,8,"023103",16.6
138.53,-34.65,1995,9,"023103",36.2
138.53,-34.65,1995,10,"023103",28.2
138.53,-34.65,1995,11,"023103",NA
138.53,-34.65,1995,12,"023103",NA
138.53,-34.65,1996,1,"023103",58.4
138.53,-34.65,1996,2,"023103",13
138.53,-34.65,1996,3,"023103",6.6
138.53,-34.65,1996,4,"023103",25
138.53,-34.65,1996,5,"023103",6.4
138.53,-34.65,1996,6,"023103",73.2
138.53,-34.65,1996,7,"023103",65
138.53,-34.65,1996,8,"023103",75.2
138.53,-34.65,1996,9,"023103",67.2
138.53,-34.65,1996,10,"023103",22.8
138.53,-34.65,1996,11,"023103",3.6
138.53,-34.65,1996,12,"023103",16.6
138.53,-34.65,1997,1,"023103",31.4
138.53,-34.65,1997,2,"023103",38
138.53,-34.65,1997,3,"023103",1.2
138.53,-34.65,1997,4,"023103",2
138.53,-34.65,1997,5,"023103",39.4
138.53,-34.65,1997,6,"023103",22.8
138.53,-34.65,1997,7,"023103",13.4
138.53,-34.65,1997,8,"023103",60.8
138.53,-34.65,1997,9,"023103",63.8
138.53,-34.65,1997,10,"023103",83.4
138.53,-34.65,1997,11,"023103",33.8
138.53,-34.65,1997,12,"023103",37.6
138.53,-34.65,1998,1,"023103",24
138.53,-34.65,1998,2,"023103",17.6
138.53,-34.65,1998,3,"023103",8.6
138.53,-34.65,1998,4,"023103",59.4
138.53,-34.65,1998,5,"023103",16
138.53,-34.65,1998,6,"023103",52.6
138.53,-34.65,1998,7,"023103",50.6
138.53,-34.65,1998,8,"023103",22.4
138.53,-34.65,1998,9,"023103",50.7
138.53,-34.65,1998,10,"023103",41
138.53,-34.65,1998,11,"023103",34.4
138.53,-34.65,1998,12,"023103",5.2
138.53,-34.65,1999,1,"023103",10.4
138.53,-34.65,1999,2,"023103",5.2
138.53,-34.65,1999,3,"023103",50
138.53,-34.65,1999,4,"023103",4.8
138.53,-34.65,1999,5,"023103",70.2
138.53,-34.65,1999,6,"023103",48.2
138.53,-34.65,1999,7,"023103",42.2
138.53,-34.65,1999,8,"023103",15.2
138.53,-34.65,1999,9,"023103",53.7
138.53,-34.65,1999,10,"023103",62.8
138.53,-34.65,1999,11,"023103",34.6
138.53,-34.65,1999,12,"023103",30.8
138.53,-34.65,2000,1,"023103",1
138.53,-34.65,2000,2,"023103",78
138.53,-34.65,2000,3,"023103",27.6
138.53,-34.65,2000,4,"023103",52.4
138.53,-34.65,2000,5,"023103",38.8
138.53,-34.65,2000,6,"023103",45.2
138.53,-34.65,2000,7,"023103",40.2
138.53,-34.65,2000,8,"023103",72.9
138.53,-34.65,2000,9,"023103",45.2
138.53,-34.65,2000,10,"023103",41.4
138.53,-34.65,2000,11,"023103",14
138.53,-34.65,2000,12,"023103",9.2
138.53,-34.65,2001,1,"023103",6
138.53,-34.65,2001,2,"023103",11.4
138.53,-34.65,2001,3,"023103",31.6
138.53,-34.65,2001,4,"023103",10
138.53,-34.65,2001,5,"023103",60.2
138.53,-34.65,2001,6,"023103",73
138.53,-34.65,2001,7,"023103",45.2
138.53,-34.65,2001,8,"023103",53.6
138.53,-34.65,2001,9,"023103",88.8
138.53,-34.65,2001,10,"023103",41.6
138.53,-34.65,2001,11,"023103",36.4
138.53,-34.65,2001,12,"023103",NA
138.53,-34.65,2002,1,"023103",19.6
138.53,-34.65,2002,2,"023103",0
138.53,-34.65,2002,3,"023103",34
138.53,-34.65,2002,4,"023103",8.2
138.53,-34.65,2002,5,"023103",55.4
138.53,-34.65,2002,6,"023103",46.6
138.53,-34.65,2002,7,"023103",51.6
138.53,-34.65,2002,8,"023103",21.4
138.53,-34.65,2002,9,"023103",35.2
138.53,-34.65,2002,10,"023103",12.8
138.53,-34.65,2002,11,"023103",23.4
138.53,-34.65,2002,12,"023103",9.2
138.53,-34.65,2003,1,"023103",5.8
138.53,-34.65,2003,2,"023103",48.6
138.53,-34.65,2003,3,"023103",5.6
138.53,-34.65,2003,4,"023103",12.6
138.53,-34.65,2003,5,"023103",51.3
138.53,-34.65,2003,6,"023103",NA
138.53,-34.65,2003,7,"023103",NA
138.53,-34.65,2003,8,"023103",NA
138.53,-34.65,2003,9,"023103",NA
138.53,-34.65,2003,10,"023103",NA
138.53,-34.65,2003,11,"023103",NA
138.53,-34.65,2003,12,"023103",NA
