"Lon","Lat","Year","Month","Station","Rain"
138.58,-34.99,2010,1,"023144",13.8
138.58,-34.99,2010,2,"023144",3.2
138.58,-34.99,2010,3,"023144",14.6
138.58,-34.99,2010,4,"023144",82.4
138.58,-34.99,2010,5,"023144",65.2
138.58,-34.99,2010,6,"023144",75.4
138.58,-34.99,2010,7,"023144",NA
138.58,-34.99,2010,8,"023144",101.8
138.58,-34.99,2010,9,"023144",74.2
138.58,-34.99,2010,10,"023144",38.6
138.58,-34.99,2010,11,"023144",23.2
138.58,-34.99,2010,12,"023144",27.4
138.58,-34.99,2011,1,"023144",12.8
138.58,-34.99,2011,2,"023144",39.2
138.58,-34.99,2011,3,"023144",64
138.58,-34.99,2011,4,"023144",15
138.58,-34.99,2011,5,"023144",52.6
138.58,-34.99,2011,6,"023144",37.6
138.58,-34.99,2011,7,"023144",85.4
138.58,-34.99,2011,8,"023144",69.8
138.58,-34.99,2011,9,"023144",44
138.58,-34.99,2011,10,"023144",33.6
138.58,-34.99,2011,11,"023144",22.4
138.58,-34.99,2011,12,"023144",15
138.58,-34.99,2012,1,"023144",15.8
138.58,-34.99,2012,2,"023144",22.6
138.58,-34.99,2012,3,"023144",67.8
138.58,-34.99,2012,4,"023144",33.6
138.58,-34.99,2012,5,"023144",68.8
138.58,-34.99,2012,6,"023144",135.6
138.58,-34.99,2012,7,"023144",66
138.58,-34.99,2012,8,"023144",59.2
138.58,-34.99,2012,9,"023144",25.2
138.58,-34.99,2012,10,"023144",21.4
138.58,-34.99,2012,11,"023144",3.6
138.58,-34.99,2012,12,"023144",5.4
138.58,-34.99,2013,1,"023144",13.2
138.58,-34.99,2013,2,"023144",14.2
138.58,-34.99,2013,3,"023144",12
138.58,-34.99,2013,4,"023144",33.6
138.58,-34.99,2013,5,"023144",59.4
138.58,-34.99,2013,6,"023144",64.4
138.58,-34.99,2013,7,"023144",106.6
138.58,-34.99,2013,8,"023144",75
138.58,-34.99,2013,9,"023144",47
138.58,-34.99,2013,10,"023144",26.8
138.58,-34.99,2013,11,"023144",5.6
138.58,-34.99,2013,12,"023144",15.6
138.58,-34.99,2014,1,"023144",10.8
138.58,-34.99,2014,2,"023144",76.6
138.58,-34.99,2014,3,"023144",15.8
138.58,-34.99,2014,4,"023144",37.6
138.58,-34.99,2014,5,"023144",55.6
138.58,-34.99,2014,6,"023144",82.8
138.58,-34.99,2014,7,"023144",100.6
138.58,-34.99,2014,8,"023144",17.6
138.58,-34.99,2014,9,"023144",25.2
138.58,-34.99,2014,10,"023144",2.4
138.58,-34.99,2014,11,"023144",31.4
138.58,-34.99,2014,12,"023144",4.4
138.58,-34.99,2015,1,"023144",28
138.58,-34.99,2015,2,"023144",0.2
138.58,-34.99,2015,3,"023144",4.8
138.58,-34.99,2015,4,"023144",79
138.58,-34.99,2015,5,"023144",65.2
138.58,-34.99,2015,6,"023144",30
138.58,-34.99,2015,7,"023144",59.8
138.58,-34.99,2015,8,"023144",44.2
138.58,-34.99,2015,9,"023144",22
138.58,-34.99,2015,10,"023144",6
138.58,-34.99,2015,11,"023144",11.4
138.58,-34.99,2015,12,"023144",8.4
138.58,-34.99,2016,1,"023144",NA
138.58,-34.99,2016,2,"023144",0.2
138.58,-34.99,2016,3,"023144",46.8
138.58,-34.99,2016,4,"023144",9.2
138.58,-34.99,2016,5,"023144",77.2
138.58,-34.99,2016,6,"023144",74.6
138.58,-34.99,2016,7,"023144",97
138.58,-34.99,2016,8,"023144",56.6
138.58,-34.99,2016,9,"023144",117
138.58,-34.99,2016,10,"023144",78.6
138.58,-34.99,2016,11,"023144",29.8
138.58,-34.99,2016,12,"023144",64.2
138.58,-34.99,2017,1,"023144",44.4
138.58,-34.99,2017,2,"023144",29.2
138.58,-34.99,2017,3,"023144",22.4
138.58,-34.99,2017,4,"023144",31.6
138.58,-34.99,2017,5,"023144",32.4
138.58,-34.99,2017,6,"023144",13.6
138.58,-34.99,2017,7,"023144",86.4
138.58,-34.99,2017,8,"023144",32.2
138.58,-34.99,2017,9,"023144",NA
138.58,-34.99,2017,10,"023144",NA
138.58,-34.99,2017,11,"023144",NA
138.58,-34.99,2017,12,"023144",NA
