"Lon","Lat","Year","Month","Station","Rain"
149.36,-34.88,1961,1,"070115",48.2
149.36,-34.88,1961,2,"070115",49.6
149.36,-34.88,1961,3,"070115",165
149.36,-34.88,1961,4,"070115",52.2
149.36,-34.88,1961,5,"070115",7.4
149.36,-34.88,1961,6,"070115",38.8
149.36,-34.88,1961,7,"070115",106.7
149.36,-34.88,1961,8,"070115",54.2
149.36,-34.88,1961,9,"070115",44.7
149.36,-34.88,1961,10,"070115",87.8
149.36,-34.88,1961,11,"070115",183.9
149.36,-34.88,1961,12,"070115",102.8
149.36,-34.88,1962,1,"070115",101.9
149.36,-34.88,1962,2,"070115",84.1
149.36,-34.88,1962,3,"070115",18.1
149.36,-34.88,1962,4,"070115",20.3
149.36,-34.88,1962,5,"070115",83.3
149.36,-34.88,1962,6,"070115",27.1
149.36,-34.88,1962,7,"070115",37.8
149.36,-34.88,1962,8,"070115",90.2
149.36,-34.88,1962,9,"070115",81.1
149.36,-34.88,1962,10,"070115",79.2
149.36,-34.88,1962,11,"070115",23.9
149.36,-34.88,1962,12,"070115",100.6
149.36,-34.88,1963,1,"070115",68.6
149.36,-34.88,1963,2,"070115",23.7
149.36,-34.88,1963,3,"070115",48.5
149.36,-34.88,1963,4,"070115",59.5
149.36,-34.88,1963,5,"070115",74.3
149.36,-34.88,1963,6,"070115",73.4
149.36,-34.88,1963,7,"070115",86.9
149.36,-34.88,1963,8,"070115",67.6
149.36,-34.88,1963,9,"070115",56.8
149.36,-34.88,1963,10,"070115",37.3
149.36,-34.88,1963,11,"070115",56.7
149.36,-34.88,1963,12,"070115",74.1
149.36,-34.88,1964,1,"070115",54.1
149.36,-34.88,1964,2,"070115",15.5
149.36,-34.88,1964,3,"070115",49
149.36,-34.88,1964,4,"070115",82.2
149.36,-34.88,1964,5,"070115",54.1
149.36,-34.88,1964,6,"070115",41.9
149.36,-34.88,1964,7,"070115",151.6
149.36,-34.88,1964,8,"070115",63.3
149.36,-34.88,1964,9,"070115",89.2
149.36,-34.88,1964,10,"070115",155.5
149.36,-34.88,1964,11,"070115",5.6
149.36,-34.88,1964,12,"070115",62
149.36,-34.88,1965,1,"070115",0
149.36,-34.88,1965,2,"070115",0
149.36,-34.88,1965,3,"070115",2
149.36,-34.88,1965,4,"070115",37.1
149.36,-34.88,1965,5,"070115",32
149.36,-34.88,1965,6,"070115",19.5
149.36,-34.88,1965,7,"070115",31.1
149.36,-34.88,1965,8,"070115",72.3
149.36,-34.88,1965,9,"070115",51.8
149.36,-34.88,1965,10,"070115",160.5
149.36,-34.88,1965,11,"070115",29.4
149.36,-34.88,1965,12,"070115",57.1
149.36,-34.88,1966,1,"070115",34
149.36,-34.88,1966,2,"070115",56.5
149.36,-34.88,1966,3,"070115",77.8
149.36,-34.88,1966,4,"070115",7.9
149.36,-34.88,1966,5,"070115",33.8
149.36,-34.88,1966,6,"070115",78.9
149.36,-34.88,1966,7,"070115",53
149.36,-34.88,1966,8,"070115",62.5
149.36,-34.88,1966,9,"070115",33.3
149.36,-34.88,1966,10,"070115",84.7
149.36,-34.88,1966,11,"070115",88.7
149.36,-34.88,1966,12,"070115",108.2
149.36,-34.88,1967,1,"070115",48.2
149.36,-34.88,1967,2,"070115",6.1
149.36,-34.88,1967,3,"070115",4.3
149.36,-34.88,1967,4,"070115",6.4
149.36,-34.88,1967,5,"070115",16
149.36,-34.88,1967,6,"070115",35.4
149.36,-34.88,1967,7,"070115",14.8
149.36,-34.88,1967,8,"070115",75.6
149.36,-34.88,1967,9,"070115",90.2
149.36,-34.88,1967,10,"070115",27.9
149.36,-34.88,1967,11,"070115",16.3
149.36,-34.88,1967,12,"070115",0
149.36,-34.88,1968,1,"070115",38.7
149.36,-34.88,1968,2,"070115",0
149.36,-34.88,1968,3,"070115",27.9
149.36,-34.88,1968,4,"070115",53
149.36,-34.88,1968,5,"070115",197.2
149.36,-34.88,1968,6,"070115",28.2
149.36,-34.88,1968,7,"070115",35.5
149.36,-34.88,1968,8,"070115",98.7
149.36,-34.88,1968,9,"070115",19.8
149.36,-34.88,1968,10,"070115",75.2
149.36,-34.88,1968,11,"070115",66.6
149.36,-34.88,1968,12,"070115",127.9
149.36,-34.88,1969,1,"070115",40.4
149.36,-34.88,1969,2,"070115",112.3
149.36,-34.88,1969,3,"070115",103.1
149.36,-34.88,1969,4,"070115",173.5
149.36,-34.88,1969,5,"070115",60.7
149.36,-34.88,1969,6,"070115",47.2
149.36,-34.88,1969,7,"070115",60.5
149.36,-34.88,1969,8,"070115",52.1
149.36,-34.88,1969,9,"070115",62
149.36,-34.88,1969,10,"070115",166.9
149.36,-34.88,1969,11,"070115",81.4
149.36,-34.88,1969,12,"070115",49.6
149.36,-34.88,1970,1,"070115",143.4
149.36,-34.88,1970,2,"070115",107.1
149.36,-34.88,1970,3,"070115",63.2
149.36,-34.88,1970,4,"070115",67.5
149.36,-34.88,1970,5,"070115",90.6
149.36,-34.88,1970,6,"070115",48.9
149.36,-34.88,1970,7,"070115",2.5
149.36,-34.88,1970,8,"070115",89.4
149.36,-34.88,1970,9,"070115",138.9
149.36,-34.88,1970,10,"070115",42.1
149.36,-34.88,1970,11,"070115",87.6
149.36,-34.88,1970,12,"070115",91
149.36,-34.88,1971,1,"070115",142.5
149.36,-34.88,1971,2,"070115",80.7
149.36,-34.88,1971,3,"070115",6.6
149.36,-34.88,1971,4,"070115",30.5
149.36,-34.88,1971,5,"070115",29.2
149.36,-34.88,1971,6,"070115",18.4
149.36,-34.88,1971,7,"070115",24.9
149.36,-34.88,1971,8,"070115",83.4
149.36,-34.88,1971,9,"070115",52.3
149.36,-34.88,1971,10,"070115",38.7
149.36,-34.88,1971,11,"070115",99.9
149.36,-34.88,1971,12,"070115",173.3
149.36,-34.88,1972,1,"070115",96.9
149.36,-34.88,1972,2,"070115",26.6
149.36,-34.88,1972,3,"070115",43.1
149.36,-34.88,1972,4,"070115",60
149.36,-34.88,1972,5,"070115",28.7
149.36,-34.88,1972,6,"070115",11.9
149.36,-34.88,1972,7,"070115",27.6
149.36,-34.88,1972,8,"070115",87.7
149.36,-34.88,1972,9,"070115",24.6
149.36,-34.88,1972,10,"070115",51.6
149.36,-34.88,1972,11,"070115",47
149.36,-34.88,1972,12,"070115",15.3
149.36,-34.88,1973,1,"070115",36.9
149.36,-34.88,1973,2,"070115",173.1
149.36,-34.88,1973,3,"070115",44.2
149.36,-34.88,1973,4,"070115",16.8
149.36,-34.88,1973,5,"070115",29.5
149.36,-34.88,1973,6,"070115",75.7
149.36,-34.88,1973,7,"070115",87.3
149.36,-34.88,1973,8,"070115",102.9
149.36,-34.88,1973,9,"070115",57.9
149.36,-34.88,1973,10,"070115",93.7
149.36,-34.88,1973,11,"070115",100
149.36,-34.88,1973,12,"070115",69.4
149.36,-34.88,1974,1,"070115",71
149.36,-34.88,1974,2,"070115",103.8
149.36,-34.88,1974,3,"070115",39.4
149.36,-34.88,1974,4,"070115",184.1
149.36,-34.88,1974,5,"070115",66.8
149.36,-34.88,1974,6,"070115",38
149.36,-34.88,1974,7,"070115",82.8
149.36,-34.88,1974,8,"070115",155.2
149.36,-34.88,1974,9,"070115",107.7
149.36,-34.88,1974,10,"070115",147
149.36,-34.88,1974,11,"070115",86.8
149.36,-34.88,1974,12,"070115",0.8
149.36,-34.88,1975,1,"070115",53.8
149.36,-34.88,1975,2,"070115",105.2
149.36,-34.88,1975,3,"070115",65
149.36,-34.88,1975,4,"070115",52.4
149.36,-34.88,1975,5,"070115",28.4
149.36,-34.88,1975,6,"070115",93.6
149.36,-34.88,1975,7,"070115",113.2
149.36,-34.88,1975,8,"070115",73
149.36,-34.88,1975,9,"070115",102.8
149.36,-34.88,1975,10,"070115",161
149.36,-34.88,1975,11,"070115",28.2
149.36,-34.88,1975,12,"070115",53.6
149.36,-34.88,1976,1,"070115",126.6
149.36,-34.88,1976,2,"070115",73.2
149.36,-34.88,1976,3,"070115",34.8
149.36,-34.88,1976,4,"070115",20
149.36,-34.88,1976,5,"070115",5
149.36,-34.88,1976,6,"070115",36.4
149.36,-34.88,1976,7,"070115",48.4
149.36,-34.88,1976,8,"070115",36
149.36,-34.88,1976,9,"070115",68.4
149.36,-34.88,1976,10,"070115",198.8
149.36,-34.88,1976,11,"070115",56.4
149.36,-34.88,1976,12,"070115",16.2
149.36,-34.88,1977,1,"070115",27.6
149.36,-34.88,1977,2,"070115",116.4
149.36,-34.88,1977,3,"070115",44.4
149.36,-34.88,1977,4,"070115",28.6
149.36,-34.88,1977,5,"070115",86.8
149.36,-34.88,1977,6,"070115",49.4
149.36,-34.88,1977,7,"070115",23
149.36,-34.88,1977,8,"070115",28.6
149.36,-34.88,1977,9,"070115",82.6
149.36,-34.88,1977,10,"070115",2
149.36,-34.88,1977,11,"070115",6.6
149.36,-34.88,1977,12,"070115",6
149.36,-34.88,1978,1,"070115",237.6
149.36,-34.88,1978,2,"070115",3.8
149.36,-34.88,1978,3,"070115",100.8
149.36,-34.88,1978,4,"070115",34.8
149.36,-34.88,1978,5,"070115",108.6
149.36,-34.88,1978,6,"070115",93.2
149.36,-34.88,1978,7,"070115",79.2
149.36,-34.88,1978,8,"070115",32
149.36,-34.88,1978,9,"070115",120.6
149.36,-34.88,1978,10,"070115",54.2
149.36,-34.88,1978,11,"070115",94.2
149.36,-34.88,1978,12,"070115",62.8
149.36,-34.88,1979,1,"070115",1.8
149.36,-34.88,1979,2,"070115",3
149.36,-34.88,1979,3,"070115",80
149.36,-34.88,1979,4,"070115",62
149.36,-34.88,1979,5,"070115",32
149.36,-34.88,1979,6,"070115",8.4
149.36,-34.88,1979,7,"070115",46.4
149.36,-34.88,1979,8,"070115",50
149.36,-34.88,1979,9,"070115",62.6
149.36,-34.88,1979,10,"070115",77.8
149.36,-34.88,1979,11,"070115",61.4
149.36,-34.88,1979,12,"070115",0.2
149.36,-34.88,1980,1,"070115",45
149.36,-34.88,1980,2,"070115",49.2
149.36,-34.88,1980,3,"070115",35.6
149.36,-34.88,1980,4,"070115",2.4
149.36,-34.88,1980,5,"070115",76.6
149.36,-34.88,1980,6,"070115",44.2
149.36,-34.88,1980,7,"070115",55.6
149.36,-34.88,1980,8,"070115",25.2
149.36,-34.88,1980,9,"070115",39
149.36,-34.88,1980,10,"070115",48.8
149.36,-34.88,1980,11,"070115",20.4
149.36,-34.88,1980,12,"070115",44.4
149.36,-34.88,1981,1,"070115",19.4
149.36,-34.88,1981,2,"070115",92
149.36,-34.88,1981,3,"070115",6
149.36,-34.88,1981,4,"070115",20
149.36,-34.88,1981,5,"070115",60.5
149.36,-34.88,1981,6,"070115",95.5
149.36,-34.88,1981,7,"070115",108.6
149.36,-34.88,1981,8,"070115",81.2
149.36,-34.88,1981,9,"070115",32.2
149.36,-34.88,1981,10,"070115",54.2
149.36,-34.88,1981,11,"070115",74.4
149.36,-34.88,1981,12,"070115",51.8
149.36,-34.88,1982,1,"070115",25.2
149.36,-34.88,1982,2,"070115",6
149.36,-34.88,1982,3,"070115",128.2
149.36,-34.88,1982,4,"070115",23
149.36,-34.88,1982,5,"070115",3.8
149.36,-34.88,1982,6,"070115",24
149.36,-34.88,1982,7,"070115",4.2
149.36,-34.88,1982,8,"070115",17.2
149.36,-34.88,1982,9,"070115",76.6
149.36,-34.88,1982,10,"070115",13.2
149.36,-34.88,1982,11,"070115",8.4
149.36,-34.88,1982,12,"070115",29.4
149.36,-34.88,1983,1,"070115",81.2
149.36,-34.88,1983,2,"070115",48.6
149.36,-34.88,1983,3,"070115",56.2
149.36,-34.88,1983,4,"070115",51.8
149.36,-34.88,1983,5,"070115",102.3
149.36,-34.88,1983,6,"070115",58.8
149.36,-34.88,1983,7,"070115",44
149.36,-34.88,1983,8,"070115",46.2
149.36,-34.88,1983,9,"070115",90.3
149.36,-34.88,1983,10,"070115",131.7
149.36,-34.88,1983,11,"070115",126
149.36,-34.88,1983,12,"070115",98.4
149.36,-34.88,1984,1,"070115",193.8
149.36,-34.88,1984,2,"070115",35.5
149.36,-34.88,1984,3,"070115",21
149.36,-34.88,1984,4,"070115",103
149.36,-34.88,1984,5,"070115",50
149.36,-34.88,1984,6,"070115",30
149.36,-34.88,1984,7,"070115",114
149.36,-34.88,1984,8,"070115",53.8
149.36,-34.88,1984,9,"070115",68
149.36,-34.88,1984,10,"070115",42
149.36,-34.88,1984,11,"070115",42.2
149.36,-34.88,1984,12,"070115",36.4
149.36,-34.88,1985,1,"070115",19
149.36,-34.88,1985,2,"070115",5
149.36,-34.88,1985,3,"070115",59.5
149.36,-34.88,1985,4,"070115",26.4
149.36,-34.88,1985,5,"070115",38.6
149.36,-34.88,1985,6,"070115",28.6
149.36,-34.88,1985,7,"070115",40.7
149.36,-34.88,1985,8,"070115",107.1
149.36,-34.88,1985,9,"070115",92.1
149.36,-34.88,1985,10,"070115",38.8
149.36,-34.88,1985,11,"070115",103
149.36,-34.88,1985,12,"070115",55
149.36,-34.88,1986,1,"070115",57
149.36,-34.88,1986,2,"070115",0
149.36,-34.88,1986,3,"070115",0
149.36,-34.88,1986,4,"070115",37.5
149.36,-34.88,1986,5,"070115",65.8
149.36,-34.88,1986,6,"070115",17.6
149.36,-34.88,1986,7,"070115",112.4
149.36,-34.88,1986,8,"070115",70
149.36,-34.88,1986,9,"070115",64
149.36,-34.88,1986,10,"070115",61.8
149.36,-34.88,1986,11,"070115",141
149.36,-34.88,1986,12,"070115",38
149.36,-34.88,1987,1,"070115",16
149.36,-34.88,1987,2,"070115",74.3
149.36,-34.88,1987,3,"070115",30.5
149.36,-34.88,1987,4,"070115",16
149.36,-34.88,1987,5,"070115",55
149.36,-34.88,1987,6,"070115",57
149.36,-34.88,1987,7,"070115",65.9
149.36,-34.88,1987,8,"070115",79.2
149.36,-34.88,1987,9,"070115",15
149.36,-34.88,1987,10,"070115",72.8
149.36,-34.88,1987,11,"070115",17
149.36,-34.88,1987,12,"070115",50.8
149.36,-34.88,1988,1,"070115",22.6
149.36,-34.88,1988,2,"070115",52
149.36,-34.88,1988,3,"070115",34.4
149.36,-34.88,1988,4,"070115",99.8
149.36,-34.88,1988,5,"070115",84
149.36,-34.88,1988,6,"070115",39
149.36,-34.88,1988,7,"070115",81.8
149.36,-34.88,1988,8,"070115",77.9
149.36,-34.88,1988,9,"070115",71.2
149.36,-34.88,1988,10,"070115",40.2
149.36,-34.88,1988,11,"070115",130.9
149.36,-34.88,1988,12,"070115",126.3
149.36,-34.88,1989,1,"070115",13.3
149.36,-34.88,1989,2,"070115",6
149.36,-34.88,1989,3,"070115",273
149.36,-34.88,1989,4,"070115",150.2
149.36,-34.88,1989,5,"070115",90.9
149.36,-34.88,1989,6,"070115",80.9
149.36,-34.88,1989,7,"070115",94.9
149.36,-34.88,1989,8,"070115",50.3
149.36,-34.88,1989,9,"070115",17.8
149.36,-34.88,1989,10,"070115",49.2
149.36,-34.88,1989,11,"070115",60.2
149.36,-34.88,1989,12,"070115",10.5
149.36,-34.88,1990,1,"070115",0
149.36,-34.88,1990,2,"070115",117.8
149.36,-34.88,1990,3,"070115",4.7
149.36,-34.88,1990,4,"070115",186.3
149.36,-34.88,1990,5,"070115",107.2
149.36,-34.88,1990,6,"070115",19
149.36,-34.88,1990,7,"070115",78.1
149.36,-34.88,1990,8,"070115",85.1
149.36,-34.88,1990,9,"070115",44.7
149.36,-34.88,1990,10,"070115",49.4
149.36,-34.88,1990,11,"070115",0
149.36,-34.88,1990,12,"070115",35.4
149.36,-34.88,1991,1,"070115",58.9
149.36,-34.88,1991,2,"070115",17.5
149.36,-34.88,1991,3,"070115",19.2
149.36,-34.88,1991,4,"070115",0
149.36,-34.88,1991,5,"070115",29.3
149.36,-34.88,1991,6,"070115",99
149.36,-34.88,1991,7,"070115",141.4
149.36,-34.88,1991,8,"070115",106
149.36,-34.88,1991,9,"070115",57.8
149.36,-34.88,1991,10,"070115",26.4
149.36,-34.88,1991,11,"070115",26
149.36,-34.88,1991,12,"070115",74.5
149.36,-34.88,1992,1,"070115",156.3
149.36,-34.88,1992,2,"070115",76.6
149.36,-34.88,1992,3,"070115",45.4
149.36,-34.88,1992,4,"070115",20.2
149.36,-34.88,1992,5,"070115",24.7
149.36,-34.88,1992,6,"070115",34.3
149.36,-34.88,1992,7,"070115",29.9
149.36,-34.88,1992,8,"070115",79.5
149.36,-34.88,1992,9,"070115",45.5
149.36,-34.88,1992,10,"070115",61.9
149.36,-34.88,1992,11,"070115",68.8
149.36,-34.88,1992,12,"070115",107.6
149.36,-34.88,1993,1,"070115",42.8
149.36,-34.88,1993,2,"070115",24
149.36,-34.88,1993,3,"070115",105
149.36,-34.88,1993,4,"070115",0
149.36,-34.88,1993,5,"070115",38.3
149.36,-34.88,1993,6,"070115",41.5
149.36,-34.88,1993,7,"070115",153.4
149.36,-34.88,1993,8,"070115",34
149.36,-34.88,1993,9,"070115",105.8
149.36,-34.88,1993,10,"070115",104.4
149.36,-34.88,1993,11,"070115",95.6
149.36,-34.88,1993,12,"070115",49.2
149.36,-34.88,1994,1,"070115",18.4
149.36,-34.88,1994,2,"070115",89
149.36,-34.88,1994,3,"070115",52.3
149.36,-34.88,1994,4,"070115",105.8
149.36,-34.88,1994,5,"070115",12.8
149.36,-34.88,1994,6,"070115",53.2
149.36,-34.88,1994,7,"070115",30.4
149.36,-34.88,1994,8,"070115",13.8
149.36,-34.88,1994,9,"070115",9.6
149.36,-34.88,1994,10,"070115",58
149.36,-34.88,1994,11,"070115",75.4
149.36,-34.88,1994,12,"070115",45.6
149.36,-34.88,1995,1,"070115",NA
149.36,-34.88,1995,2,"070115",12.4
149.36,-34.88,1995,3,"070115",7.6
149.36,-34.88,1995,4,"070115",13.2
149.36,-34.88,1995,5,"070115",190.2
149.36,-34.88,1995,6,"070115",66
149.36,-34.88,1995,7,"070115",122.6
149.36,-34.88,1995,8,"070115",14.6
149.36,-34.88,1995,9,"070115",82.6
149.36,-34.88,1995,10,"070115",104.2
149.36,-34.88,1995,11,"070115",128
149.36,-34.88,1995,12,"070115",67.6
149.36,-34.88,1996,1,"070115",94.8
149.36,-34.88,1996,2,"070115",34.2
149.36,-34.88,1996,3,"070115",49.6
149.36,-34.88,1996,4,"070115",31
149.36,-34.88,1996,5,"070115",96
149.36,-34.88,1996,6,"070115",73.6
149.36,-34.88,1996,7,"070115",105.4
149.36,-34.88,1996,8,"070115",66
149.36,-34.88,1996,9,"070115",122.6
149.36,-34.88,1996,10,"070115",88.6
149.36,-34.88,1996,11,"070115",82.4
149.36,-34.88,1996,12,"070115",79.4
149.36,-34.88,1997,1,"070115",52.8
149.36,-34.88,1997,2,"070115",25
149.36,-34.88,1997,3,"070115",43.2
149.36,-34.88,1997,4,"070115",0
149.36,-34.88,1997,5,"070115",65.8
149.36,-34.88,1997,6,"070115",139.8
149.36,-34.88,1997,7,"070115",21.8
149.36,-34.88,1997,8,"070115",44.2
149.36,-34.88,1997,9,"070115",114.8
149.36,-34.88,1997,10,"070115",26.4
149.36,-34.88,1997,11,"070115",29.6
149.36,-34.88,1997,12,"070115",19
149.36,-34.88,1998,1,"070115",72.8
149.36,-34.88,1998,2,"070115",37.2
149.36,-34.88,1998,3,"070115",2.6
149.36,-34.88,1998,4,"070115",65.2
149.36,-34.88,1998,5,"070115",62.6
149.36,-34.88,1998,6,"070115",148
149.36,-34.88,1998,7,"070115",114.2
149.36,-34.88,1998,8,"070115",126.4
149.36,-34.88,1998,9,"070115",58.8
149.36,-34.88,1998,10,"070115",97.8
149.36,-34.88,1998,11,"070115",66.8
149.36,-34.88,1998,12,"070115",14.6
149.36,-34.88,1999,1,"070115",64
149.36,-34.88,1999,2,"070115",26.4
149.36,-34.88,1999,3,"070115",91.6
149.36,-34.88,1999,4,"070115",39.4
149.36,-34.88,1999,5,"070115",NA
149.36,-34.88,1999,6,"070115",46.5
149.36,-34.88,1999,7,"070115",29.6
149.36,-34.88,1999,8,"070115",64.6
149.36,-34.88,1999,9,"070115",59
149.36,-34.88,1999,10,"070115",151.2
149.36,-34.88,1999,11,"070115",NA
149.36,-34.88,1999,12,"070115",NA
149.36,-34.88,2000,1,"070115",28.4
149.36,-34.88,2000,2,"070115",16
149.36,-34.88,2000,3,"070115",68.8
149.36,-34.88,2000,4,"070115",NA
149.36,-34.88,2000,5,"070115",68.8
149.36,-34.88,2000,6,"070115",61
149.36,-34.88,2000,7,"070115",55.6
149.36,-34.88,2000,8,"070115",88.4
149.36,-34.88,2000,9,"070115",58.6
149.36,-34.88,2000,10,"070115",92.2
149.36,-34.88,2000,11,"070115",88.8
149.36,-34.88,2000,12,"070115",21.4
149.36,-34.88,2001,1,"070115",63
149.36,-34.88,2001,2,"070115",135.4
149.36,-34.88,2001,3,"070115",NA
149.36,-34.88,2001,4,"070115",17
149.36,-34.88,2001,5,"070115",4.4
149.36,-34.88,2001,6,"070115",69
149.36,-34.88,2001,7,"070115",40.4
149.36,-34.88,2001,8,"070115",115.2
149.36,-34.88,2001,9,"070115",51.2
149.36,-34.88,2001,10,"070115",65.6
149.36,-34.88,2001,11,"070115",66.2
149.36,-34.88,2001,12,"070115",16.8
149.36,-34.88,2002,1,"070115",44.2
149.36,-34.88,2002,2,"070115",202.4
149.36,-34.88,2002,3,"070115",20.6
149.36,-34.88,2002,4,"070115",8.2
149.36,-34.88,2002,5,"070115",44.4
149.36,-34.88,2002,6,"070115",57.5
149.36,-34.88,2002,7,"070115",39.6
149.36,-34.88,2002,8,"070115",NA
149.36,-34.88,2002,9,"070115",59
149.36,-34.88,2002,10,"070115",9.4
149.36,-34.88,2002,11,"070115",7.2
149.36,-34.88,2002,12,"070115",49
149.36,-34.88,2003,1,"070115",16.6
149.36,-34.88,2003,2,"070115",69.4
149.36,-34.88,2003,3,"070115",NA
149.36,-34.88,2003,4,"070115",19.8
149.36,-34.88,2003,5,"070115",35.8
149.36,-34.88,2003,6,"070115",99.8
149.36,-34.88,2003,7,"070115",62.6
149.36,-34.88,2003,8,"070115",59
149.36,-34.88,2003,9,"070115",60.6
149.36,-34.88,2003,10,"070115",91.2
149.36,-34.88,2003,11,"070115",83.4
149.36,-34.88,2003,12,"070115",90.4
149.36,-34.88,2004,1,"070115",48.2
149.36,-34.88,2004,2,"070115",43.6
149.36,-34.88,2004,3,"070115",13.2
149.36,-34.88,2004,4,"070115",10.2
149.36,-34.88,2004,5,"070115",NA
149.36,-34.88,2004,6,"070115",49.4
149.36,-34.88,2004,7,"070115",48
149.36,-34.88,2004,8,"070115",63.4
149.36,-34.88,2004,9,"070115",NA
149.36,-34.88,2004,10,"070115",69.6
149.36,-34.88,2004,11,"070115",82.4
149.36,-34.88,2004,12,"070115",73.4
149.36,-34.88,2005,1,"070115",76.4
149.36,-34.88,2005,2,"070115",60.5
149.36,-34.88,2005,3,"070115",41.8
149.36,-34.88,2005,4,"070115",11.6
149.36,-34.88,2005,5,"070115",0
149.36,-34.88,2005,6,"070115",NA
149.36,-34.88,2005,7,"070115",125.4
149.36,-34.88,2005,8,"070115",77.6
149.36,-34.88,2005,9,"070115",122.2
149.36,-34.88,2005,10,"070115",65.4
149.36,-34.88,2005,11,"070115",113
149.36,-34.88,2005,12,"070115",25.6
149.36,-34.88,2006,1,"070115",92.4
149.36,-34.88,2006,2,"070115",7.2
149.36,-34.88,2006,3,"070115",34.6
149.36,-34.88,2006,4,"070115",NA
149.36,-34.88,2006,5,"070115",13
149.36,-34.88,2006,6,"070115",105.8
149.36,-34.88,2006,7,"070115",56
149.36,-34.88,2006,8,"070115",19
149.36,-34.88,2006,9,"070115",3.2
149.36,-34.88,2006,10,"070115",0
149.36,-34.88,2006,11,"070115",22.4
149.36,-34.88,2006,12,"070115",37.8
149.36,-34.88,2007,1,"070115",5
149.36,-34.88,2007,2,"070115",99.8
149.36,-34.88,2007,3,"070115",42.8
149.36,-34.88,2007,4,"070115",39
149.36,-34.88,2007,5,"070115",59.2
149.36,-34.88,2007,6,"070115",141.7
149.36,-34.88,2007,7,"070115",42.4
149.36,-34.88,2007,8,"070115",17
149.36,-34.88,2007,9,"070115",24.8
149.36,-34.88,2007,10,"070115",58
149.36,-34.88,2007,11,"070115",103
149.36,-34.88,2007,12,"070115",136.2
149.36,-34.88,2008,1,"070115",47
149.36,-34.88,2008,2,"070115",57.8
149.36,-34.88,2008,3,"070115",30.4
149.36,-34.88,2008,4,"070115",25.8
149.36,-34.88,2008,5,"070115",11.6
149.36,-34.88,2008,6,"070115",52.6
149.36,-34.88,2008,7,"070115",54.2
149.36,-34.88,2008,8,"070115",63.4
149.36,-34.88,2008,9,"070115",73.6
149.36,-34.88,2008,10,"070115",93
149.36,-34.88,2008,11,"070115",NA
149.36,-34.88,2008,12,"070115",94.2
149.36,-34.88,2009,1,"070115",62.2
149.36,-34.88,2009,2,"070115",17.4
149.36,-34.88,2009,3,"070115",NA
149.36,-34.88,2009,4,"070115",73.6
149.36,-34.88,2009,5,"070115",16.6
149.36,-34.88,2009,6,"070115",53.2
149.36,-34.88,2009,7,"070115",57.2
149.36,-34.88,2009,8,"070115",33.8
149.36,-34.88,2009,9,"070115",71
149.36,-34.88,2009,10,"070115",70
149.36,-34.88,2009,11,"070115",27.8
149.36,-34.88,2009,12,"070115",118
149.36,-34.88,2010,1,"070115",10.4
149.36,-34.88,2010,2,"070115",148.4
149.36,-34.88,2010,3,"070115",67.2
149.36,-34.88,2010,4,"070115",37.6
149.36,-34.88,2010,5,"070115",80.4
149.36,-34.88,2010,6,"070115",41.6
149.36,-34.88,2010,7,"070115",90.2
149.36,-34.88,2010,8,"070115",129.6
149.36,-34.88,2010,9,"070115",80.6
149.36,-34.88,2010,10,"070115",59.8
149.36,-34.88,2010,11,"070115",146
149.36,-34.88,2010,12,"070115",149.8
149.36,-34.88,2011,1,"070115",27.7
149.36,-34.88,2011,2,"070115",NA
149.36,-34.88,2011,3,"070115",48.7
149.36,-34.88,2011,4,"070115",26.5
149.36,-34.88,2011,5,"070115",44.1
149.36,-34.88,2011,6,"070115",28.2
149.36,-34.88,2011,7,"070115",48.6
149.36,-34.88,2011,8,"070115",75
149.36,-34.88,2011,9,"070115",48.2
149.36,-34.88,2011,10,"070115",36
149.36,-34.88,2011,11,"070115",106
149.36,-34.88,2011,12,"070115",NA
149.36,-34.88,2012,1,"070115",60
149.36,-34.88,2012,2,"070115",196
149.36,-34.88,2012,3,"070115",191.5
149.36,-34.88,2012,4,"070115",30
149.36,-34.88,2012,5,"070115",40
149.36,-34.88,2012,6,"070115",81
149.36,-34.88,2012,7,"070115",48
149.36,-34.88,2012,8,"070115",46
149.36,-34.88,2012,9,"070115",58
149.36,-34.88,2012,10,"070115",46.5
149.36,-34.88,2012,11,"070115",39
149.36,-34.88,2012,12,"070115",41
149.36,-34.88,2016,1,"070115",123
149.36,-34.88,2016,2,"070115",4
149.36,-34.88,2016,3,"070115",NA
149.36,-34.88,2016,4,"070115",NA
149.36,-34.88,2016,5,"070115",NA
149.36,-34.88,2016,6,"070115",NA
149.36,-34.88,2016,7,"070115",NA
149.36,-34.88,2016,8,"070115",NA
149.36,-34.88,2016,9,"070115",NA
149.36,-34.88,2016,10,"070115",NA
149.36,-34.88,2016,11,"070115",NA
149.36,-34.88,2016,12,"070115",NA
