"Lon","Lat","Year","Month","Station","Rain"
144.19,-35.37,1993,1,"075176",NA
144.19,-35.37,1993,2,"075176",NA
144.19,-35.37,1993,3,"075176",NA
144.19,-35.37,1993,4,"075176",NA
144.19,-35.37,1993,5,"075176",NA
144.19,-35.37,1993,6,"075176",NA
144.19,-35.37,1993,7,"075176",24.6
144.19,-35.37,1993,8,"075176",24.6
144.19,-35.37,1993,9,"075176",67.6
144.19,-35.37,1993,10,"075176",104
144.19,-35.37,1993,11,"075176",44.6
144.19,-35.37,1993,12,"075176",33
144.19,-35.37,1994,1,"075176",0.6
144.19,-35.37,1994,2,"075176",43.6
144.19,-35.37,1994,3,"075176",18.8
144.19,-35.37,1994,4,"075176",1.8
144.19,-35.37,1994,5,"075176",0.8
144.19,-35.37,1994,6,"075176",24.8
144.19,-35.37,1994,7,"075176",11.2
144.19,-35.37,1994,8,"075176",3.6
144.19,-35.37,1994,9,"075176",19
144.19,-35.37,1994,10,"075176",14
144.19,-35.37,1994,11,"075176",6.6
144.19,-35.37,1994,12,"075176",5.4
144.19,-35.37,1995,1,"075176",28.2
144.19,-35.37,1995,2,"075176",12.8
144.19,-35.37,1995,3,"075176",0.2
144.19,-35.37,1995,4,"075176",12.4
144.19,-35.37,1995,5,"075176",71.4
144.19,-35.37,1995,6,"075176",27.4
144.19,-35.37,1995,7,"075176",60.8
144.19,-35.37,1995,8,"075176",12.4
144.19,-35.37,1995,9,"075176",15.8
144.19,-35.37,1995,10,"075176",42.8
144.19,-35.37,1995,11,"075176",16.2
144.19,-35.37,1995,12,"075176",2
144.19,-35.37,1996,1,"075176",10.4
144.19,-35.37,1996,2,"075176",21.8
144.19,-35.37,1996,3,"075176",17.4
144.19,-35.37,1996,4,"075176",13.8
144.19,-35.37,1996,5,"075176",4.8
144.19,-35.37,1996,6,"075176",22.8
144.19,-35.37,1996,7,"075176",63.1
144.19,-35.37,1996,8,"075176",41.6
144.19,-35.37,1996,9,"075176",30.6
144.19,-35.37,1996,10,"075176",18.3
144.19,-35.37,1996,11,"075176",16.6
144.19,-35.37,1996,12,"075176",4.4
144.19,-35.37,1997,1,"075176",32.3
144.19,-35.37,1997,2,"075176",21.4
144.19,-35.37,1997,3,"075176",1.8
144.19,-35.37,1997,4,"075176",1.2
144.19,-35.37,1997,5,"075176",27.8
144.19,-35.37,1997,6,"075176",14
144.19,-35.37,1997,7,"075176",11.2
144.19,-35.37,1997,8,"075176",33.7
144.19,-35.37,1997,9,"075176",35.9
144.19,-35.37,1997,10,"075176",12
144.19,-35.37,1997,11,"075176",14.7
144.19,-35.37,1997,12,"075176",17.8
144.19,-35.37,1998,1,"075176",33.2
144.19,-35.37,1998,2,"075176",30.1
144.19,-35.37,1998,3,"075176",1.4
144.19,-35.37,1998,4,"075176",41.8
144.19,-35.37,1998,5,"075176",18.6
144.19,-35.37,1998,6,"075176",8.8
144.19,-35.37,1998,7,"075176",46.3
144.19,-35.37,1998,8,"075176",20.1
144.19,-35.37,1998,9,"075176",47.6
144.19,-35.37,1998,10,"075176",26
144.19,-35.37,1998,11,"075176",63.4
144.19,-35.37,1998,12,"075176",4.4
144.19,-35.37,1999,1,"075176",18.2
144.19,-35.37,1999,2,"075176",8.8
144.19,-35.37,1999,3,"075176",28.6
144.19,-35.37,1999,4,"075176",2.3
144.19,-35.37,1999,5,"075176",31.5
144.19,-35.37,1999,6,"075176",NA
144.19,-35.37,1999,7,"075176",15.9
144.19,-35.37,1999,8,"075176",62.4
144.19,-35.37,1999,9,"075176",29.9
144.19,-35.37,1999,10,"075176",41.4
144.19,-35.37,1999,11,"075176",50.6
144.19,-35.37,1999,12,"075176",NA
144.19,-35.37,2000,1,"075176",4.5
144.19,-35.37,2000,2,"075176",32.2
144.19,-35.37,2000,3,"075176",6.8
144.19,-35.37,2000,4,"075176",26.4
144.19,-35.37,2000,5,"075176",23.5
144.19,-35.37,2000,6,"075176",NA
144.19,-35.37,2000,7,"075176",15.3
144.19,-35.37,2000,8,"075176",10.6
144.19,-35.37,2000,9,"075176",32.7
144.19,-35.37,2000,10,"075176",69.4
144.19,-35.37,2000,11,"075176",55.5
144.19,-35.37,2000,12,"075176",2.2
144.19,-35.37,2001,1,"075176",3.3
144.19,-35.37,2001,2,"075176",13.9
144.19,-35.37,2001,3,"075176",17
144.19,-35.37,2001,4,"075176",5.8
144.19,-35.37,2001,5,"075176",12.4
144.19,-35.37,2001,6,"075176",20.4
144.19,-35.37,2001,7,"075176",39.7
144.19,-35.37,2001,8,"075176",28.2
144.19,-35.37,2001,9,"075176",21
144.19,-35.37,2001,10,"075176",36.8
144.19,-35.37,2001,11,"075176",1.6
144.19,-35.37,2001,12,"075176",2.2
144.19,-35.37,2002,1,"075176",16.8
144.19,-35.37,2002,2,"075176",26.4
144.19,-35.37,2002,3,"075176",NA
144.19,-35.37,2002,4,"075176",NA
144.19,-35.37,2002,5,"075176",NA
144.19,-35.37,2002,6,"075176",NA
144.19,-35.37,2002,7,"075176",NA
144.19,-35.37,2002,8,"075176",NA
144.19,-35.37,2002,9,"075176",NA
144.19,-35.37,2002,10,"075176",NA
144.19,-35.37,2002,11,"075176",NA
144.19,-35.37,2002,12,"075176",NA
144.19,-35.37,2003,1,"075176",NA
144.19,-35.37,2003,2,"075176",34.7
144.19,-35.37,2003,3,"075176",0
144.19,-35.37,2003,4,"075176",18
144.19,-35.37,2003,5,"075176",37.8
144.19,-35.37,2003,6,"075176",33.2
144.19,-35.37,2003,7,"075176",61.9
144.19,-35.37,2003,8,"075176",46
144.19,-35.37,2003,9,"075176",30.4
144.19,-35.37,2003,10,"075176",NA
144.19,-35.37,2003,11,"075176",50.6
144.19,-35.37,2003,12,"075176",NA
144.19,-35.37,2004,1,"075176",4.8
144.19,-35.37,2004,2,"075176",0
144.19,-35.37,2004,3,"075176",0
144.19,-35.37,2004,4,"075176",2.6
144.19,-35.37,2004,5,"075176",13.9
144.19,-35.37,2004,6,"075176",38.6
144.19,-35.37,2004,7,"075176",16.4
144.19,-35.37,2004,8,"075176",39.4
144.19,-35.37,2004,9,"075176",26
144.19,-35.37,2004,10,"075176",0
144.19,-35.37,2004,11,"075176",NA
144.19,-35.37,2004,12,"075176",88.6
144.19,-35.37,2005,1,"075176",13.2
144.19,-35.37,2005,2,"075176",65.8
144.19,-35.37,2005,3,"075176",4
144.19,-35.37,2005,4,"075176",9.4
144.19,-35.37,2005,5,"075176",1.6
144.19,-35.37,2005,6,"075176",38.4
144.19,-35.37,2005,7,"075176",21.4
144.19,-35.37,2005,8,"075176",46.4
144.19,-35.37,2005,9,"075176",41.4
144.19,-35.37,2005,10,"075176",78.8
144.19,-35.37,2005,11,"075176",37.3
144.19,-35.37,2005,12,"075176",14
144.19,-35.37,2006,1,"075176",9
144.19,-35.37,2006,2,"075176",3.2
144.19,-35.37,2006,3,"075176",7
144.19,-35.37,2006,4,"075176",28.6
144.19,-35.37,2006,5,"075176",12.6
144.19,-35.37,2006,6,"075176",12.8
144.19,-35.37,2006,7,"075176",39
144.19,-35.37,2006,8,"075176",3.2
144.19,-35.37,2006,9,"075176",17
144.19,-35.37,2006,10,"075176",0
144.19,-35.37,2006,11,"075176",15.5
144.19,-35.37,2006,12,"075176",NA
144.19,-35.37,2007,1,"075176",NA
144.19,-35.37,2007,2,"075176",9.2
144.19,-35.37,2007,3,"075176",8.6
144.19,-35.37,2007,4,"075176",27.2
144.19,-35.37,2007,5,"075176",34.4
144.19,-35.37,2007,6,"075176",8.2
144.19,-35.37,2007,7,"075176",23.8
144.19,-35.37,2007,8,"075176",1.9
144.19,-35.37,2007,9,"075176",6
144.19,-35.37,2007,10,"075176",1.2
144.19,-35.37,2007,11,"075176",15.4
144.19,-35.37,2007,12,"075176",51.8
144.19,-35.37,2008,1,"075176",35.2
144.19,-35.37,2008,2,"075176",NA
144.19,-35.37,2008,3,"075176",5.2
144.19,-35.37,2008,4,"075176",4
144.19,-35.37,2008,5,"075176",10.6
144.19,-35.37,2008,6,"075176",18.5
144.19,-35.37,2008,7,"075176",25.2
144.19,-35.37,2008,8,"075176",NA
144.19,-35.37,2008,9,"075176",NA
144.19,-35.37,2008,10,"075176",NA
144.19,-35.37,2008,11,"075176",NA
144.19,-35.37,2008,12,"075176",NA
