"Lon","Lat","Year","Month","Station","Rain"
137.98,-33.46,1969,1,"021108",NA
137.98,-33.46,1969,2,"021108",33.3
137.98,-33.46,1969,3,"021108",31.5
137.98,-33.46,1969,4,"021108",23.9
137.98,-33.46,1969,5,"021108",72.1
137.98,-33.46,1969,6,"021108",28.7
137.98,-33.46,1969,7,"021108",54.4
137.98,-33.46,1969,8,"021108",23.7
137.98,-33.46,1969,9,"021108",75
137.98,-33.46,1969,10,"021108",0.3
137.98,-33.46,1969,11,"021108",25.6
137.98,-33.46,1969,12,"021108",6.4
137.98,-33.46,1970,1,"021108",26.7
137.98,-33.46,1970,2,"021108",0
137.98,-33.46,1970,3,"021108",2.8
137.98,-33.46,1970,4,"021108",24.2
137.98,-33.46,1970,5,"021108",18.4
137.98,-33.46,1970,6,"021108",37.4
137.98,-33.46,1970,7,"021108",21.4
137.98,-33.46,1970,8,"021108",40.2
137.98,-33.46,1970,9,"021108",88.8
137.98,-33.46,1970,10,"021108",5.8
137.98,-33.46,1970,11,"021108",29.4
137.98,-33.46,1970,12,"021108",26.2
137.98,-33.46,1971,1,"021108",6.4
137.98,-33.46,1971,2,"021108",0
137.98,-33.46,1971,3,"021108",24.5
137.98,-33.46,1971,4,"021108",69.7
137.98,-33.46,1971,5,"021108",47.2
137.98,-33.46,1971,6,"021108",47.4
137.98,-33.46,1971,7,"021108",64.8
137.98,-33.46,1971,8,"021108",32.4
137.98,-33.46,1971,9,"021108",53.7
137.98,-33.46,1971,10,"021108",11.2
137.98,-33.46,1971,11,"021108",57.3
137.98,-33.46,1971,12,"021108",17.9
137.98,-33.46,1972,1,"021108",13.2
137.98,-33.46,1972,2,"021108",56.9
137.98,-33.46,1972,3,"021108",0
137.98,-33.46,1972,4,"021108",18.8
137.98,-33.46,1972,5,"021108",3.3
137.98,-33.46,1972,6,"021108",7.2
137.98,-33.46,1972,7,"021108",61.4
137.98,-33.46,1972,8,"021108",57.8
137.98,-33.46,1972,9,"021108",18.8
137.98,-33.46,1972,10,"021108",5.1
137.98,-33.46,1972,11,"021108",14.7
137.98,-33.46,1972,12,"021108",9.1
137.98,-33.46,1973,1,"021108",15.5
137.98,-33.46,1973,2,"021108",96.5
137.98,-33.46,1973,3,"021108",19.3
137.98,-33.46,1973,4,"021108",26.6
137.98,-33.46,1973,5,"021108",21.1
137.98,-33.46,1973,6,"021108",55.5
137.98,-33.46,1973,7,"021108",24.4
137.98,-33.46,1973,8,"021108",56.1
137.98,-33.46,1973,9,"021108",31.8
137.98,-33.46,1973,10,"021108",80.8
137.98,-33.46,1973,11,"021108",27.1
137.98,-33.46,1973,12,"021108",15.8
137.98,-33.46,1974,1,"021108",53.8
137.98,-33.46,1974,2,"021108",54.4
137.98,-33.46,1974,3,"021108",3.2
137.98,-33.46,1974,4,"021108",71.7
137.98,-33.46,1974,5,"021108",114.3
137.98,-33.46,1974,6,"021108",14.4
137.98,-33.46,1974,7,"021108",77
137.98,-33.46,1974,8,"021108",17.5
137.98,-33.46,1974,9,"021108",60.6
137.98,-33.46,1974,10,"021108",100.3
137.98,-33.46,1974,11,"021108",4.4
137.98,-33.46,1974,12,"021108",2
137.98,-33.46,1975,1,"021108",17.9
137.98,-33.46,1975,2,"021108",1
137.98,-33.46,1975,3,"021108",31
137.98,-33.46,1975,4,"021108",16
137.98,-33.46,1975,5,"021108",34.2
137.98,-33.46,1975,6,"021108",3.6
137.98,-33.46,1975,7,"021108",39.8
137.98,-33.46,1975,8,"021108",32.9
137.98,-33.46,1975,9,"021108",76.4
137.98,-33.46,1975,10,"021108",105.1
137.98,-33.46,1975,11,"021108",15.4
137.98,-33.46,1975,12,"021108",12.1
137.98,-33.46,1976,1,"021108",2.4
137.98,-33.46,1976,2,"021108",31.6
137.98,-33.46,1976,3,"021108",15
137.98,-33.46,1976,4,"021108",7.8
137.98,-33.46,1976,5,"021108",18.9
137.98,-33.46,1976,6,"021108",20.6
137.98,-33.46,1976,7,"021108",8
137.98,-33.46,1976,8,"021108",20.6
137.98,-33.46,1976,9,"021108",22.7
137.98,-33.46,1976,10,"021108",98.1
137.98,-33.46,1976,11,"021108",24
137.98,-33.46,1976,12,"021108",1.4
137.98,-33.46,1977,1,"021108",6.6
137.98,-33.46,1977,2,"021108",1.2
137.98,-33.46,1977,3,"021108",11.4
137.98,-33.46,1977,4,"021108",11
137.98,-33.46,1977,5,"021108",24.8
137.98,-33.46,1977,6,"021108",27
137.98,-33.46,1977,7,"021108",11.3
137.98,-33.46,1977,8,"021108",11.4
137.98,-33.46,1977,9,"021108",36.2
137.98,-33.46,1977,10,"021108",25.8
137.98,-33.46,1977,11,"021108",21.2
137.98,-33.46,1977,12,"021108",6.2
137.98,-33.46,1978,1,"021108",16.9
137.98,-33.46,1978,2,"021108",2.7
137.98,-33.46,1978,3,"021108",0
137.98,-33.46,1978,4,"021108",22.4
137.98,-33.46,1978,5,"021108",29.3
137.98,-33.46,1978,6,"021108",83.6
137.98,-33.46,1978,7,"021108",63.4
137.98,-33.46,1978,8,"021108",59.5
137.98,-33.46,1978,9,"021108",90.5
137.98,-33.46,1978,10,"021108",25
137.98,-33.46,1978,11,"021108",42
137.98,-33.46,1978,12,"021108",7.9
137.98,-33.46,1979,1,"021108",19
137.98,-33.46,1979,2,"021108",59.2
137.98,-33.46,1979,3,"021108",0
137.98,-33.46,1979,4,"021108",26.3
137.98,-33.46,1979,5,"021108",51.5
137.98,-33.46,1979,6,"021108",7.1
137.98,-33.46,1979,7,"021108",16
137.98,-33.46,1979,8,"021108",49.8
137.98,-33.46,1979,9,"021108",99.6
137.98,-33.46,1979,10,"021108",49.8
137.98,-33.46,1979,11,"021108",39.6
137.98,-33.46,1979,12,"021108",30.4
137.98,-33.46,1980,1,"021108",5
137.98,-33.46,1980,2,"021108",0
137.98,-33.46,1980,3,"021108",0.8
137.98,-33.46,1980,4,"021108",115.5
137.98,-33.46,1980,5,"021108",21.1
137.98,-33.46,1980,6,"021108",68.5
137.98,-33.46,1980,7,"021108",39.4
137.98,-33.46,1980,8,"021108",7.6
137.98,-33.46,1980,9,"021108",6.2
137.98,-33.46,1980,10,"021108",89.2
137.98,-33.46,1980,11,"021108",8.8
137.98,-33.46,1980,12,"021108",47.4
137.98,-33.46,1981,1,"021108",27.8
137.98,-33.46,1981,2,"021108",1.6
137.98,-33.46,1981,3,"021108",25.4
137.98,-33.46,1981,4,"021108",3.2
137.98,-33.46,1981,5,"021108",42.6
137.98,-33.46,1981,6,"021108",66.2
137.98,-33.46,1981,7,"021108",75.8
137.98,-33.46,1981,8,"021108",37.4
137.98,-33.46,1981,9,"021108",8.2
137.98,-33.46,1981,10,"021108",40.4
137.98,-33.46,1981,11,"021108",29.8
137.98,-33.46,1981,12,"021108",4.6
137.98,-33.46,1982,1,"021108",4.2
137.98,-33.46,1982,2,"021108",2
137.98,-33.46,1982,3,"021108",34.2
137.98,-33.46,1982,4,"021108",37.4
137.98,-33.46,1982,5,"021108",22.2
137.98,-33.46,1982,6,"021108",43
137.98,-33.46,1982,7,"021108",8.6
137.98,-33.46,1982,8,"021108",13.8
137.98,-33.46,1982,9,"021108",21.6
137.98,-33.46,1982,10,"021108",10.8
137.98,-33.46,1982,11,"021108",1
137.98,-33.46,1982,12,"021108",5.2
137.98,-33.46,1983,1,"021108",1
137.98,-33.46,1983,2,"021108",8
137.98,-33.46,1983,3,"021108",17.2
137.98,-33.46,1983,4,"021108",52.4
137.98,-33.46,1983,5,"021108",69.2
137.98,-33.46,1983,6,"021108",22.4
137.98,-33.46,1983,7,"021108",42.8
137.98,-33.46,1983,8,"021108",35.7
137.98,-33.46,1983,9,"021108",37.2
137.98,-33.46,1983,10,"021108",22.2
137.98,-33.46,1983,11,"021108",23.6
137.98,-33.46,1983,12,"021108",15
137.98,-33.46,1984,1,"021108",5.8
137.98,-33.46,1984,2,"021108",0
137.98,-33.46,1984,3,"021108",3.6
137.98,-33.46,1984,4,"021108",28.8
137.98,-33.46,1984,5,"021108",23.8
137.98,-33.46,1984,6,"021108",36.5
137.98,-33.46,1984,7,"021108",45.4
137.98,-33.46,1984,8,"021108",52.3
137.98,-33.46,1984,9,"021108",68.9
137.98,-33.46,1984,10,"021108",22.8
137.98,-33.46,1984,11,"021108",35
137.98,-33.46,1984,12,"021108",2.1
137.98,-33.46,1985,1,"021108",12.4
137.98,-33.46,1985,2,"021108",0
137.98,-33.46,1985,3,"021108",15.4
137.98,-33.46,1985,4,"021108",66.2
137.98,-33.46,1985,5,"021108",29.8
137.98,-33.46,1985,6,"021108",26.1
137.98,-33.46,1985,7,"021108",26.6
137.98,-33.46,1985,8,"021108",82.2
137.98,-33.46,1985,9,"021108",24.1
137.98,-33.46,1985,10,"021108",38.8
137.98,-33.46,1985,11,"021108",8.8
137.98,-33.46,1985,12,"021108",40.8
137.98,-33.46,1986,1,"021108",1.6
137.98,-33.46,1986,2,"021108",2.4
137.98,-33.46,1986,3,"021108",0
137.98,-33.46,1986,4,"021108",10.2
137.98,-33.46,1986,5,"021108",15.6
137.98,-33.46,1986,6,"021108",44.4
137.98,-33.46,1986,7,"021108",90.8
137.98,-33.46,1986,8,"021108",62.4
137.98,-33.46,1986,9,"021108",25.2
137.98,-33.46,1986,10,"021108",45
137.98,-33.46,1986,11,"021108",23.6
137.98,-33.46,1986,12,"021108",30.7
137.98,-33.46,1987,1,"021108",21.2
137.98,-33.46,1987,2,"021108",20.4
137.98,-33.46,1987,3,"021108",14.8
137.98,-33.46,1987,4,"021108",16
137.98,-33.46,1987,5,"021108",58.2
137.98,-33.46,1987,6,"021108",25.4
137.98,-33.46,1987,7,"021108",44.2
137.98,-33.46,1987,8,"021108",15.7
137.98,-33.46,1987,9,"021108",29
137.98,-33.46,1987,10,"021108",14.8
137.98,-33.46,1987,11,"021108",14.4
137.98,-33.46,1987,12,"021108",7.8
137.98,-33.46,1988,1,"021108",0
137.98,-33.46,1988,2,"021108",23.8
137.98,-33.46,1988,3,"021108",7
137.98,-33.46,1988,4,"021108",9.4
137.98,-33.46,1988,5,"021108",35.2
137.98,-33.46,1988,6,"021108",77
137.98,-33.46,1988,7,"021108",23
137.98,-33.46,1988,8,"021108",16.2
137.98,-33.46,1988,9,"021108",39.6
137.98,-33.46,1988,10,"021108",25.2
137.98,-33.46,1988,11,"021108",29.1
137.98,-33.46,1988,12,"021108",6.2
137.98,-33.46,1989,1,"021108",0.2
137.98,-33.46,1989,2,"021108",0
137.98,-33.46,1989,3,"021108",107.8
137.98,-33.46,1989,4,"021108",6.6
137.98,-33.46,1989,5,"021108",57.4
137.98,-33.46,1989,6,"021108",60.8
137.98,-33.46,1989,7,"021108",77.6
137.98,-33.46,1989,8,"021108",43.4
137.98,-33.46,1989,9,"021108",18.2
137.98,-33.46,1989,10,"021108",11.2
137.98,-33.46,1989,11,"021108",26.2
137.98,-33.46,1989,12,"021108",25.6
137.98,-33.46,1990,1,"021108",0
137.98,-33.46,1990,2,"021108",32.8
137.98,-33.46,1990,3,"021108",2.6
137.98,-33.46,1990,4,"021108",23.5
137.98,-33.46,1990,5,"021108",26.8
137.98,-33.46,1990,6,"021108",73
137.98,-33.46,1990,7,"021108",57.2
137.98,-33.46,1990,8,"021108",38.2
137.98,-33.46,1990,9,"021108",21.2
137.98,-33.46,1990,10,"021108",12
137.98,-33.46,1990,11,"021108",4
137.98,-33.46,1990,12,"021108",45.2
137.98,-33.46,1991,1,"021108",5.2
137.98,-33.46,1991,2,"021108",0
137.98,-33.46,1991,3,"021108",7.4
137.98,-33.46,1991,4,"021108",18
137.98,-33.46,1991,5,"021108",7.8
137.98,-33.46,1991,6,"021108",120.4
137.98,-33.46,1991,7,"021108",49.2
137.98,-33.46,1991,8,"021108",33.2
137.98,-33.46,1991,9,"021108",20.4
137.98,-33.46,1991,10,"021108",8
137.98,-33.46,1991,11,"021108",45.6
137.98,-33.46,1991,12,"021108",6.2
137.98,-33.46,1992,1,"021108",1.8
137.98,-33.46,1992,2,"021108",5.6
137.98,-33.46,1992,3,"021108",63.8
137.98,-33.46,1992,4,"021108",38.6
137.98,-33.46,1992,5,"021108",28.4
137.98,-33.46,1992,6,"021108",37
137.98,-33.46,1992,7,"021108",14.6
137.98,-33.46,1992,8,"021108",62.6
137.98,-33.46,1992,9,"021108",99.4
137.98,-33.46,1992,10,"021108",65.8
137.98,-33.46,1992,11,"021108",28.2
137.98,-33.46,1992,12,"021108",56.2
137.98,-33.46,1993,1,"021108",64.8
137.98,-33.46,1993,2,"021108",14
137.98,-33.46,1993,3,"021108",4
137.98,-33.46,1993,4,"021108",1.2
137.98,-33.46,1993,5,"021108",43.2
137.98,-33.46,1993,6,"021108",36.4
137.98,-33.46,1993,7,"021108",73
137.98,-33.46,1993,8,"021108",29
137.98,-33.46,1993,9,"021108",68.6
137.98,-33.46,1993,10,"021108",68.6
137.98,-33.46,1993,11,"021108",22.8
137.98,-33.46,1993,12,"021108",35.8
137.98,-33.46,1994,1,"021108",4.4
137.98,-33.46,1994,2,"021108",6.2
137.98,-33.46,1994,3,"021108",0
137.98,-33.46,1994,4,"021108",0.4
137.98,-33.46,1994,5,"021108",4.4
137.98,-33.46,1994,6,"021108",97
137.98,-33.46,1994,7,"021108",40
137.98,-33.46,1994,8,"021108",4
137.98,-33.46,1994,9,"021108",7.6
137.98,-33.46,1994,10,"021108",12.8
137.98,-33.46,1994,11,"021108",30.8
137.98,-33.46,1994,12,"021108",0.8
137.98,-33.46,1995,1,"021108",48.6
137.98,-33.46,1995,2,"021108",7.6
137.98,-33.46,1995,3,"021108",7
137.98,-33.46,1995,4,"021108",40.2
137.98,-33.46,1995,5,"021108",27
137.98,-33.46,1995,6,"021108",66
137.98,-33.46,1995,7,"021108",41.2
137.98,-33.46,1995,8,"021108",16.2
137.98,-33.46,1995,9,"021108",16
137.98,-33.46,1995,10,"021108",42.2
137.98,-33.46,1995,11,"021108",16
137.98,-33.46,1995,12,"021108",6.8
137.98,-33.46,1996,1,"021108",5.6
137.98,-33.46,1996,2,"021108",17.4
137.98,-33.46,1996,3,"021108",6
137.98,-33.46,1996,4,"021108",4
137.98,-33.46,1996,5,"021108",0
137.98,-33.46,1996,6,"021108",32.4
137.98,-33.46,1996,7,"021108",82.6
137.98,-33.46,1996,8,"021108",84.8
137.98,-33.46,1996,9,"021108",71.6
137.98,-33.46,1996,10,"021108",27.4
137.98,-33.46,1996,11,"021108",9.8
137.98,-33.46,1996,12,"021108",11.2
137.98,-33.46,1997,1,"021108",28
137.98,-33.46,1997,2,"021108",36.2
137.98,-33.46,1997,3,"021108",0.6
137.98,-33.46,1997,4,"021108",0
137.98,-33.46,1997,5,"021108",36
137.98,-33.46,1997,6,"021108",10.4
137.98,-33.46,1997,7,"021108",9
137.98,-33.46,1997,8,"021108",26
137.98,-33.46,1997,9,"021108",92.6
137.98,-33.46,1997,10,"021108",76.2
137.98,-33.46,1997,11,"021108",14.2
137.98,-33.46,1997,12,"021108",28.6
137.98,-33.46,1998,1,"021108",2.6
137.98,-33.46,1998,2,"021108",26
137.98,-33.46,1998,3,"021108",9.6
137.98,-33.46,1998,4,"021108",62
137.98,-33.46,1998,5,"021108",6.8
137.98,-33.46,1998,6,"021108",35
137.98,-33.46,1998,7,"021108",30.2
137.98,-33.46,1998,8,"021108",30.6
137.98,-33.46,1998,9,"021108",32.8
137.98,-33.46,1998,10,"021108",22.2
137.98,-33.46,1998,11,"021108",24.8
137.98,-33.46,1998,12,"021108",16.2
137.98,-33.46,1999,1,"021108",10.6
137.98,-33.46,1999,2,"021108",2.2
137.98,-33.46,1999,3,"021108",30.2
137.98,-33.46,1999,4,"021108",4.4
137.98,-33.46,1999,5,"021108",60.8
137.98,-33.46,1999,6,"021108",53.4
137.98,-33.46,1999,7,"021108",16.4
137.98,-33.46,1999,8,"021108",24.2
137.98,-33.46,1999,9,"021108",31.6
137.98,-33.46,1999,10,"021108",29.2
137.98,-33.46,1999,11,"021108",39
137.98,-33.46,1999,12,"021108",32.2
137.98,-33.46,2000,1,"021108",0
137.98,-33.46,2000,2,"021108",49.4
137.98,-33.46,2000,3,"021108",14.4
137.98,-33.46,2000,4,"021108",63.8
137.98,-33.46,2000,5,"021108",60.6
137.98,-33.46,2000,6,"021108",37
137.98,-33.46,2000,7,"021108",41.6
137.98,-33.46,2000,8,"021108",35.6
137.98,-33.46,2000,9,"021108",35.4
137.98,-33.46,2000,10,"021108",27.8
137.98,-33.46,2000,11,"021108",26.6
137.98,-33.46,2000,12,"021108",13.2
137.98,-33.46,2001,1,"021108",9
137.98,-33.46,2001,2,"021108",8.8
137.98,-33.46,2001,3,"021108",31.4
137.98,-33.46,2001,4,"021108",17.6
137.98,-33.46,2001,5,"021108",19.4
137.98,-33.46,2001,6,"021108",56.6
137.98,-33.46,2001,7,"021108",39.7
137.98,-33.46,2001,8,"021108",60.2
137.98,-33.46,2001,9,"021108",NA
137.98,-33.46,2001,10,"021108",38.6
137.98,-33.46,2001,11,"021108",26.2
137.98,-33.46,2001,12,"021108",9
137.98,-33.46,2002,1,"021108",9
137.98,-33.46,2002,2,"021108",0
137.98,-33.46,2002,3,"021108",10
137.98,-33.46,2002,4,"021108",0
137.98,-33.46,2002,5,"021108",49.2
137.98,-33.46,2002,6,"021108",33
137.98,-33.46,2002,7,"021108",28.6
137.98,-33.46,2002,8,"021108",16.4
137.98,-33.46,2002,9,"021108",26.4
137.98,-33.46,2002,10,"021108",9.2
137.98,-33.46,2002,11,"021108",20.8
137.98,-33.46,2002,12,"021108",8.8
137.98,-33.46,2003,1,"021108",9.4
137.98,-33.46,2003,2,"021108",62.4
137.98,-33.46,2003,3,"021108",3
137.98,-33.46,2003,4,"021108",14.8
137.98,-33.46,2003,5,"021108",NA
137.98,-33.46,2003,6,"021108",NA
137.98,-33.46,2003,7,"021108",16
137.98,-33.46,2003,8,"021108",57.4
137.98,-33.46,2003,9,"021108",6.2
137.98,-33.46,2003,10,"021108",17.2
137.98,-33.46,2003,11,"021108",8.8
137.98,-33.46,2003,12,"021108",NA
137.98,-33.46,2004,1,"021108",11.6
137.98,-33.46,2004,2,"021108",4
137.98,-33.46,2004,3,"021108",11.2
137.98,-33.46,2004,4,"021108",1.8
137.98,-33.46,2004,5,"021108",21
137.98,-33.46,2004,6,"021108",NA
137.98,-33.46,2004,7,"021108",38
137.98,-33.46,2004,8,"021108",47.6
137.98,-33.46,2004,9,"021108",26.4
137.98,-33.46,2004,10,"021108",2.6
137.98,-33.46,2004,11,"021108",40.1
137.98,-33.46,2004,12,"021108",20
137.98,-33.46,2005,1,"021108",18.2
137.98,-33.46,2005,2,"021108",0
137.98,-33.46,2005,3,"021108",6.8
137.98,-33.46,2005,4,"021108",8.2
137.98,-33.46,2005,5,"021108",5.4
137.98,-33.46,2005,6,"021108",46
137.98,-33.46,2005,7,"021108",33
137.98,-33.46,2005,8,"021108",NA
137.98,-33.46,2005,9,"021108",54.8
137.98,-33.46,2005,10,"021108",46.6
137.98,-33.46,2005,11,"021108",22.8
137.98,-33.46,2005,12,"021108",19.8
137.98,-33.46,2006,1,"021108",4.4
137.98,-33.46,2006,2,"021108",20.4
137.98,-33.46,2006,3,"021108",52.6
137.98,-33.46,2006,4,"021108",35
137.98,-33.46,2006,5,"021108",43.6
137.98,-33.46,2006,6,"021108",21.6
137.98,-33.46,2006,7,"021108",26.8
137.98,-33.46,2006,8,"021108",0.6
137.98,-33.46,2006,9,"021108",0.8
137.98,-33.46,2006,10,"021108",0
137.98,-33.46,2006,11,"021108",23.6
137.98,-33.46,2006,12,"021108",19.8
137.98,-33.46,2007,1,"021108",68.8
137.98,-33.46,2007,2,"021108",2.6
137.98,-33.46,2007,3,"021108",59
137.98,-33.46,2007,4,"021108",NA
137.98,-33.46,2007,5,"021108",12
137.98,-33.46,2007,6,"021108",16.8
137.98,-33.46,2007,7,"021108",23
137.98,-33.46,2007,8,"021108",8
137.98,-33.46,2007,9,"021108",27.8
137.98,-33.46,2007,10,"021108",39
137.98,-33.46,2007,11,"021108",23
137.98,-33.46,2007,12,"021108",14.8
137.98,-33.46,2008,1,"021108",1
137.98,-33.46,2008,2,"021108",0
137.98,-33.46,2008,3,"021108",2
137.98,-33.46,2008,4,"021108",39.2
137.98,-33.46,2008,5,"021108",43.8
137.98,-33.46,2008,6,"021108",32.4
137.98,-33.46,2008,7,"021108",NA
137.98,-33.46,2008,8,"021108",51.4
137.98,-33.46,2008,9,"021108",14.6
137.98,-33.46,2008,10,"021108",1
137.98,-33.46,2008,11,"021108",16.8
137.98,-33.46,2008,12,"021108",92.2
137.98,-33.46,2009,1,"021108",0
137.98,-33.46,2009,2,"021108",0
137.98,-33.46,2009,3,"021108",6
137.98,-33.46,2009,4,"021108",44.6
137.98,-33.46,2009,5,"021108",22.2
137.98,-33.46,2009,6,"021108",72.8
137.98,-33.46,2009,7,"021108",24.8
137.98,-33.46,2009,8,"021108",25.2
137.98,-33.46,2009,9,"021108",74
137.98,-33.46,2009,10,"021108",26.4
137.98,-33.46,2009,11,"021108",56.2
137.98,-33.46,2009,12,"021108",13.8
137.98,-33.46,2010,1,"021108",20
137.98,-33.46,2010,2,"021108",0
137.98,-33.46,2010,3,"021108",21.8
137.98,-33.46,2010,4,"021108",26.4
137.98,-33.46,2010,5,"021108",63.4
137.98,-33.46,2010,6,"021108",32.6
137.98,-33.46,2010,7,"021108",19.8
137.98,-33.46,2010,8,"021108",42
137.98,-33.46,2010,9,"021108",65.4
137.98,-33.46,2010,10,"021108",38.8
137.98,-33.46,2010,11,"021108",23.4
137.98,-33.46,2010,12,"021108",66.4
137.98,-33.46,2011,1,"021108",3
137.98,-33.46,2011,2,"021108",77
137.98,-33.46,2011,3,"021108",98.6
137.98,-33.46,2011,4,"021108",5.6
137.98,-33.46,2011,5,"021108",70.4
137.98,-33.46,2011,6,"021108",23.6
137.98,-33.46,2011,7,"021108",22
137.98,-33.46,2011,8,"021108",40.6
137.98,-33.46,2011,9,"021108",7.8
137.98,-33.46,2011,10,"021108",26
137.98,-33.46,2011,11,"021108",27.2
137.98,-33.46,2011,12,"021108",55
137.98,-33.46,2012,1,"021108",53.8
137.98,-33.46,2012,2,"021108",21
137.98,-33.46,2012,3,"021108",44.8
137.98,-33.46,2012,4,"021108",4.4
137.98,-33.46,2012,5,"021108",43
137.98,-33.46,2012,6,"021108",59
137.98,-33.46,2012,7,"021108",22.6
137.98,-33.46,2012,8,"021108",19.8
137.98,-33.46,2012,9,"021108",8.4
137.98,-33.46,2012,10,"021108",12
137.98,-33.46,2012,11,"021108",16
137.98,-33.46,2012,12,"021108",11.2
137.98,-33.46,2013,1,"021108",1.4
137.98,-33.46,2013,2,"021108",13.6
137.98,-33.46,2013,3,"021108",15
137.98,-33.46,2013,4,"021108",25.6
137.98,-33.46,2013,5,"021108",63
137.98,-33.46,2013,6,"021108",112.2
137.98,-33.46,2013,7,"021108",59.4
137.98,-33.46,2013,8,"021108",25.2
137.98,-33.46,2013,9,"021108",14.6
137.98,-33.46,2013,10,"021108",4.6
137.98,-33.46,2013,11,"021108",4
137.98,-33.46,2013,12,"021108",29.2
137.98,-33.46,2014,1,"021108",10
137.98,-33.46,2014,2,"021108",71.2
137.98,-33.46,2014,3,"021108",NA
137.98,-33.46,2014,4,"021108",85
137.98,-33.46,2014,5,"021108",47.8
137.98,-33.46,2014,6,"021108",36.4
137.98,-33.46,2014,7,"021108",25.2
137.98,-33.46,2014,8,"021108",5.4
137.98,-33.46,2014,9,"021108",16.6
137.98,-33.46,2014,10,"021108",2.6
137.98,-33.46,2014,11,"021108",6
137.98,-33.46,2014,12,"021108",9.6
137.98,-33.46,2015,1,"021108",52
137.98,-33.46,2015,2,"021108",0
137.98,-33.46,2015,3,"021108",2.6
137.98,-33.46,2015,4,"021108",43.8
137.98,-33.46,2015,5,"021108",24.6
137.98,-33.46,2015,6,"021108",33.4
137.98,-33.46,2015,7,"021108",50.4
137.98,-33.46,2015,8,"021108",48.6
137.98,-33.46,2015,9,"021108",15.6
137.98,-33.46,2015,10,"021108",4.4
137.98,-33.46,2015,11,"021108",46.4
137.98,-33.46,2015,12,"021108",0
137.98,-33.46,2016,1,"021108",68
137.98,-33.46,2016,2,"021108",2
137.98,-33.46,2016,3,"021108",37.4
137.98,-33.46,2016,4,"021108",6.6
137.98,-33.46,2016,5,"021108",45.4
137.98,-33.46,2016,6,"021108",72.6
137.98,-33.46,2016,7,"021108",28.8
137.98,-33.46,2016,8,"021108",54.8
137.98,-33.46,2016,9,"021108",NA
137.98,-33.46,2016,10,"021108",30.6
137.98,-33.46,2016,11,"021108",4
137.98,-33.46,2016,12,"021108",25.4
137.98,-33.46,2017,1,"021108",37.4
137.98,-33.46,2017,2,"021108",23
137.98,-33.46,2017,3,"021108",5
137.98,-33.46,2017,4,"021108",46.2
137.98,-33.46,2017,5,"021108",14
137.98,-33.46,2017,6,"021108",21.2
137.98,-33.46,2017,7,"021108",15
137.98,-33.46,2017,8,"021108",30.6
137.98,-33.46,2017,9,"021108",11.6
137.98,-33.46,2017,10,"021108",6
137.98,-33.46,2017,11,"021108",34
137.98,-33.46,2017,12,"021108",31.4
137.98,-33.46,2018,1,"021108",8
137.98,-33.46,2018,2,"021108",3.4
137.98,-33.46,2018,3,"021108",0
137.98,-33.46,2018,4,"021108",4
137.98,-33.46,2018,5,"021108",42.6
137.98,-33.46,2018,6,"021108",29.2
137.98,-33.46,2018,7,"021108",25.4
137.98,-33.46,2018,8,"021108",NA
137.98,-33.46,2018,9,"021108",NA
137.98,-33.46,2018,10,"021108",NA
137.98,-33.46,2018,11,"021108",NA
137.98,-33.46,2018,12,"021108",NA
