"Lon","Lat","Year","Month","Station","Rain"
147.8,-22.96,2009,1,"035121",161.2
147.8,-22.96,2009,2,"035121",156
147.8,-22.96,2009,3,"035121",1.6
147.8,-22.96,2009,4,"035121",38.9
147.8,-22.96,2009,5,"035121",6.6
147.8,-22.96,2009,6,"035121",24.8
147.8,-22.96,2009,7,"035121",0
147.8,-22.96,2009,8,"035121",0
147.8,-22.96,2009,9,"035121",4
147.8,-22.96,2009,10,"035121",22.8
147.8,-22.96,2009,11,"035121",7.4
147.8,-22.96,2009,12,"035121",22.4
147.8,-22.96,2010,1,"035121",68
147.8,-22.96,2010,2,"035121",56.6
147.8,-22.96,2010,3,"035121",9.6
147.8,-22.96,2010,4,"035121",73
147.8,-22.96,2010,5,"035121",21.4
147.8,-22.96,2010,6,"035121",5.8
147.8,-22.96,2010,7,"035121",5.4
147.8,-22.96,2010,8,"035121",1
147.8,-22.96,2010,9,"035121",34.8
147.8,-22.96,2010,10,"035121",0.8
147.8,-22.96,2010,11,"035121",47.2
147.8,-22.96,2010,12,"035121",10.4
147.8,-22.96,2011,1,"035121",107.6
147.8,-22.96,2011,2,"035121",53.8
147.8,-22.96,2011,3,"035121",127.8
147.8,-22.96,2011,4,"035121",50.6
147.8,-22.96,2011,5,"035121",29
147.8,-22.96,2011,6,"035121",16
147.8,-22.96,2011,7,"035121",7.2
147.8,-22.96,2011,8,"035121",12
147.8,-22.96,2011,9,"035121",0
147.8,-22.96,2011,10,"035121",13.2
147.8,-22.96,2011,11,"035121",38.2
147.8,-22.96,2011,12,"035121",57.6
147.8,-22.96,2012,1,"035121",200.6
147.8,-22.96,2012,2,"035121",180
147.8,-22.96,2012,3,"035121",108.4
147.8,-22.96,2012,4,"035121",37.6
147.8,-22.96,2012,5,"035121",44
147.8,-22.96,2012,6,"035121",NA
147.8,-22.96,2012,7,"035121",57.6
147.8,-22.96,2012,8,"035121",0
147.8,-22.96,2012,9,"035121",0
147.8,-22.96,2012,10,"035121",NA
147.8,-22.96,2012,11,"035121",4.8
147.8,-22.96,2012,12,"035121",48.2
147.8,-22.96,2013,1,"035121",141.8
147.8,-22.96,2013,2,"035121",60.6
147.8,-22.96,2013,3,"035121",34.6
147.8,-22.96,2013,4,"035121",57.6
147.8,-22.96,2013,5,"035121",44.4
147.8,-22.96,2013,6,"035121",7
147.8,-22.96,2013,7,"035121",0
147.8,-22.96,2013,8,"035121",0
147.8,-22.96,2013,9,"035121",0.2
147.8,-22.96,2013,10,"035121",0
147.8,-22.96,2013,11,"035121",68
147.8,-22.96,2013,12,"035121",17.4
147.8,-22.96,2014,1,"035121",129.8
147.8,-22.96,2014,2,"035121",105.6
147.8,-22.96,2014,3,"035121",41.8
147.8,-22.96,2014,4,"035121",17.8
147.8,-22.96,2014,5,"035121",0.8
147.8,-22.96,2014,6,"035121",13
147.8,-22.96,2014,7,"035121",1.6
147.8,-22.96,2014,8,"035121",45.4
147.8,-22.96,2014,9,"035121",78.6
147.8,-22.96,2014,10,"035121",13.6
147.8,-22.96,2014,11,"035121",3.4
147.8,-22.96,2014,12,"035121",138
147.8,-22.96,2015,1,"035121",152.4
147.8,-22.96,2015,2,"035121",63
147.8,-22.96,2015,3,"035121",6
147.8,-22.96,2015,4,"035121",16
147.8,-22.96,2015,5,"035121",0
147.8,-22.96,2015,6,"035121",3
147.8,-22.96,2015,7,"035121",0
147.8,-22.96,2015,8,"035121",8.2
147.8,-22.96,2015,9,"035121",4.4
147.8,-22.96,2015,10,"035121",7.2
147.8,-22.96,2015,11,"035121",25.4
147.8,-22.96,2015,12,"035121",50
147.8,-22.96,2016,1,"035121",49
147.8,-22.96,2016,2,"035121",115.6
147.8,-22.96,2016,3,"035121",61
147.8,-22.96,2016,4,"035121",0
147.8,-22.96,2016,5,"035121",0
147.8,-22.96,2016,6,"035121",66.2
147.8,-22.96,2016,7,"035121",134.8
147.8,-22.96,2016,8,"035121",12.4
147.8,-22.96,2016,9,"035121",17.6
147.8,-22.96,2016,10,"035121",5.6
147.8,-22.96,2016,11,"035121",59
147.8,-22.96,2016,12,"035121",33.8
147.8,-22.96,2017,1,"035121",60.8
147.8,-22.96,2017,2,"035121",45.6
147.8,-22.96,2017,3,"035121",127.8
147.8,-22.96,2017,4,"035121",0
147.8,-22.96,2017,5,"035121",13.4
147.8,-22.96,2017,6,"035121",0
147.8,-22.96,2017,7,"035121",0
147.8,-22.96,2017,8,"035121",0
147.8,-22.96,2017,9,"035121",0
147.8,-22.96,2017,10,"035121",79.6
147.8,-22.96,2017,11,"035121",12.8
147.8,-22.96,2017,12,"035121",11.2
147.8,-22.96,2018,1,"035121",40.4
147.8,-22.96,2018,2,"035121",207.8
147.8,-22.96,2018,3,"035121",28.6
147.8,-22.96,2018,4,"035121",4.4
147.8,-22.96,2018,5,"035121",0
147.8,-22.96,2018,6,"035121",1.6
147.8,-22.96,2018,7,"035121",0
147.8,-22.96,2018,8,"035121",6
147.8,-22.96,2018,9,"035121",0
147.8,-22.96,2018,10,"035121",106.2
147.8,-22.96,2018,11,"035121",19
147.8,-22.96,2018,12,"035121",46.6
147.8,-22.96,2019,1,"035121",41.4
147.8,-22.96,2019,2,"035121",18.4
147.8,-22.96,2019,3,"035121",203.2
147.8,-22.96,2019,4,"035121",41.2
147.8,-22.96,2019,5,"035121",0
147.8,-22.96,2019,6,"035121",2.6
147.8,-22.96,2019,7,"035121",19.4
147.8,-22.96,2019,8,"035121",12
147.8,-22.96,2019,9,"035121",0
147.8,-22.96,2019,10,"035121",13
147.8,-22.96,2019,11,"035121",16.2
147.8,-22.96,2019,12,"035121",7.4
147.8,-22.96,2020,1,"035121",113.2
147.8,-22.96,2020,2,"035121",64.6
147.8,-22.96,2020,3,"035121",0
147.8,-22.96,2020,4,"035121",0
147.8,-22.96,2020,5,"035121",22.4
147.8,-22.96,2020,6,"035121",11.6
147.8,-22.96,2020,7,"035121",0
147.8,-22.96,2020,8,"035121",0
147.8,-22.96,2020,9,"035121",15.6
147.8,-22.96,2020,10,"035121",28.8
147.8,-22.96,2020,11,"035121",9.8
147.8,-22.96,2020,12,"035121",86.6
147.8,-22.96,2021,1,"035121",81
147.8,-22.96,2021,2,"035121",100
147.8,-22.96,2021,3,"035121",71.1
147.8,-22.96,2021,4,"035121",15.2
147.8,-22.96,2021,5,"035121",1.2
147.8,-22.96,2021,6,"035121",16
147.8,-22.96,2021,7,"035121",17.6
147.8,-22.96,2021,8,"035121",0
147.8,-22.96,2021,9,"035121",0
147.8,-22.96,2021,10,"035121",48.6
147.8,-22.96,2021,11,"035121",295.6
147.8,-22.96,2021,12,"035121",157.4
147.8,-22.96,2022,1,"035121",42
147.8,-22.96,2022,2,"035121",22.2
147.8,-22.96,2022,3,"035121",NA
147.8,-22.96,2022,4,"035121",NA
147.8,-22.96,2022,5,"035121",NA
147.8,-22.96,2022,6,"035121",NA
147.8,-22.96,2022,7,"035121",NA
147.8,-22.96,2022,8,"035121",NA
147.8,-22.96,2022,9,"035121",NA
147.8,-22.96,2022,10,"035121",NA
147.8,-22.96,2022,11,"035121",NA
147.8,-22.96,2022,12,"035121",NA
