"Lon","Lat","Year","Month","Station","Rain"
138.54,-34,1997,1,"021134",NA
138.54,-34,1997,2,"021134",NA
138.54,-34,1997,3,"021134",NA
138.54,-34,1997,4,"021134",NA
138.54,-34,1997,5,"021134",NA
138.54,-34,1997,6,"021134",NA
138.54,-34,1997,7,"021134",NA
138.54,-34,1997,8,"021134",NA
138.54,-34,1997,9,"021134",NA
138.54,-34,1997,10,"021134",NA
138.54,-34,1997,11,"021134",43.6
138.54,-34,1997,12,"021134",55.8
138.54,-34,1998,1,"021134",7
138.54,-34,1998,2,"021134",24.6
138.54,-34,1998,3,"021134",12.6
138.54,-34,1998,4,"021134",64
138.54,-34,1998,5,"021134",15.4
138.54,-34,1998,6,"021134",62
138.54,-34,1998,7,"021134",39.4
138.54,-34,1998,8,"021134",40.9
138.54,-34,1998,9,"021134",38.6
138.54,-34,1998,10,"021134",43.6
138.54,-34,1998,11,"021134",28.8
138.54,-34,1998,12,"021134",22
138.54,-34,1999,1,"021134",19.2
138.54,-34,1999,2,"021134",4.8
138.54,-34,1999,3,"021134",36.4
138.54,-34,1999,4,"021134",7.6
138.54,-34,1999,5,"021134",54.6
138.54,-34,1999,6,"021134",NA
138.54,-34,1999,7,"021134",33.5
138.54,-34,1999,8,"021134",37.8
138.54,-34,1999,9,"021134",56.8
138.54,-34,1999,10,"021134",96.6
138.54,-34,1999,11,"021134",37.6
138.54,-34,1999,12,"021134",32.4
138.54,-34,2000,1,"021134",0
138.54,-34,2000,2,"021134",62.2
138.54,-34,2000,3,"021134",21.4
138.54,-34,2000,4,"021134",27.4
138.54,-34,2000,5,"021134",48.6
138.54,-34,2000,6,"021134",63.2
138.54,-34,2000,7,"021134",62.7
138.54,-34,2000,8,"021134",36.6
138.54,-34,2000,9,"021134",33.2
138.54,-34,2000,10,"021134",NA
138.54,-34,2000,11,"021134",20.4
138.54,-34,2000,12,"021134",7.2
138.54,-34,2001,1,"021134",18.4
138.54,-34,2001,2,"021134",15.2
138.54,-34,2001,3,"021134",31.2
138.54,-34,2001,4,"021134",23.6
138.54,-34,2001,5,"021134",64.4
138.54,-34,2001,6,"021134",48.4
138.54,-34,2001,7,"021134",41
138.54,-34,2001,8,"021134",NA
138.54,-34,2001,9,"021134",83.8
138.54,-34,2001,10,"021134",NA
138.54,-34,2001,11,"021134",43.8
138.54,-34,2001,12,"021134",13.4
138.54,-34,2002,1,"021134",NA
138.54,-34,2002,2,"021134",0.6
138.54,-34,2002,3,"021134",12.8
138.54,-34,2002,4,"021134",3.6
138.54,-34,2002,5,"021134",NA
138.54,-34,2002,6,"021134",61.2
138.54,-34,2002,7,"021134",34
138.54,-34,2002,8,"021134",15.8
138.54,-34,2002,9,"021134",25.5
138.54,-34,2002,10,"021134",19
138.54,-34,2002,11,"021134",17.3
138.54,-34,2002,12,"021134",13.4
138.54,-34,2003,1,"021134",11.4
138.54,-34,2003,2,"021134",74.2
138.54,-34,2003,3,"021134",2.6
138.54,-34,2003,4,"021134",17.2
138.54,-34,2003,5,"021134",NA
138.54,-34,2003,6,"021134",NA
138.54,-34,2003,7,"021134",NA
138.54,-34,2003,8,"021134",NA
138.54,-34,2003,9,"021134",NA
138.54,-34,2003,10,"021134",NA
138.54,-34,2003,11,"021134",NA
138.54,-34,2003,12,"021134",NA
