"Lon","Lat","Year","Month","Station","Rain"
147.25,-43.07,1916,1,"094062",NA
147.25,-43.07,1916,2,"094062",NA
147.25,-43.07,1916,3,"094062",NA
147.25,-43.07,1916,4,"094062",NA
147.25,-43.07,1916,5,"094062",NA
147.25,-43.07,1916,6,"094062",79.5
147.25,-43.07,1916,7,"094062",125.7
147.25,-43.07,1916,8,"094062",120.5
147.25,-43.07,1916,9,"094062",77.5
147.25,-43.07,1916,10,"094062",72.1
147.25,-43.07,1916,11,"094062",148.2
147.25,-43.07,1916,12,"094062",226.4
147.25,-43.07,1917,1,"094062",27.4
147.25,-43.07,1917,2,"094062",63.2
147.25,-43.07,1917,3,"094062",75.3
147.25,-43.07,1917,4,"094062",113.5
147.25,-43.07,1917,5,"094062",78.2
147.25,-43.07,1917,6,"094062",79.1
147.25,-43.07,1917,7,"094062",75.8
147.25,-43.07,1917,8,"094062",71.7
147.25,-43.07,1917,9,"094062",88.2
147.25,-43.07,1917,10,"094062",112
147.25,-43.07,1917,11,"094062",88.6
147.25,-43.07,1917,12,"094062",33.3
147.25,-43.07,1918,1,"094062",63.5
147.25,-43.07,1918,2,"094062",62.5
147.25,-43.07,1918,3,"094062",43.2
147.25,-43.07,1918,4,"094062",38.2
147.25,-43.07,1918,5,"094062",99.1
147.25,-43.07,1918,6,"094062",54.8
147.25,-43.07,1918,7,"094062",133.8
147.25,-43.07,1918,8,"094062",118.5
147.25,-43.07,1918,9,"094062",76
147.25,-43.07,1918,10,"094062",83.8
147.25,-43.07,1918,11,"094062",39.9
147.25,-43.07,1918,12,"094062",65.5
147.25,-43.07,1919,1,"094062",90.1
147.25,-43.07,1919,2,"094062",29.9
147.25,-43.07,1919,3,"094062",182.9
147.25,-43.07,1919,4,"094062",49.6
147.25,-43.07,1919,5,"094062",17.1
147.25,-43.07,1919,6,"094062",123.7
147.25,-43.07,1919,7,"094062",70.7
147.25,-43.07,1919,8,"094062",34
147.25,-43.07,1919,9,"094062",48.8
147.25,-43.07,1919,10,"094062",44.4
147.25,-43.07,1919,11,"094062",3.8
147.25,-43.07,1919,12,"094062",29.1
147.25,-43.07,1920,1,"094062",37.7
147.25,-43.07,1920,2,"094062",11.9
147.25,-43.07,1920,3,"094062",68.3
147.25,-43.07,1920,4,"094062",47
147.25,-43.07,1920,5,"094062",97.5
147.25,-43.07,1920,6,"094062",75.9
147.25,-43.07,1920,7,"094062",40.1
147.25,-43.07,1920,8,"094062",73.7
147.25,-43.07,1920,9,"094062",48.9
147.25,-43.07,1920,10,"094062",30.5
147.25,-43.07,1920,11,"094062",78.7
147.25,-43.07,1920,12,"094062",90.9
147.25,-43.07,1921,1,"094062",46.1
147.25,-43.07,1921,2,"094062",39.1
147.25,-43.07,1921,3,"094062",21.8
147.25,-43.07,1921,4,"094062",50
147.25,-43.07,1921,5,"094062",35.9
147.25,-43.07,1921,6,"094062",84
147.25,-43.07,1921,7,"094062",135.6
147.25,-43.07,1921,8,"094062",99
147.25,-43.07,1921,9,"094062",43.4
147.25,-43.07,1921,10,"094062",23.3
147.25,-43.07,1921,11,"094062",20.8
147.25,-43.07,1921,12,"094062",13.9
147.25,-43.07,1922,1,"094062",63.1
147.25,-43.07,1922,2,"094062",71.1
147.25,-43.07,1922,3,"094062",32.3
147.25,-43.07,1922,4,"094062",100.1
147.25,-43.07,1922,5,"094062",3.6
147.25,-43.07,1922,6,"094062",18.5
147.25,-43.07,1922,7,"094062",164.5
147.25,-43.07,1922,8,"094062",71.7
147.25,-43.07,1922,9,"094062",25.4
147.25,-43.07,1922,10,"094062",83.6
147.25,-43.07,1922,11,"094062",45.7
147.25,-43.07,1922,12,"094062",81.5
147.25,-43.07,1923,1,"094062",63.8
147.25,-43.07,1923,2,"094062",28.8
147.25,-43.07,1923,3,"094062",82.5
147.25,-43.07,1923,4,"094062",0
147.25,-43.07,1923,5,"094062",184.6
147.25,-43.07,1923,6,"094062",132.3
147.25,-43.07,1923,7,"094062",47.3
147.25,-43.07,1923,8,"094062",58.4
147.25,-43.07,1923,9,"094062",110
147.25,-43.07,1923,10,"094062",132.3
147.25,-43.07,1923,11,"094062",142.3
147.25,-43.07,1923,12,"094062",51.8
147.25,-43.07,1924,1,"094062",174.1
147.25,-43.07,1924,2,"094062",138.2
147.25,-43.07,1924,3,"094062",92.5
147.25,-43.07,1924,4,"094062",96.7
147.25,-43.07,1924,5,"094062",27.9
147.25,-43.07,1924,6,"094062",157.6
147.25,-43.07,1924,7,"094062",56.4
147.25,-43.07,1924,8,"094062",38.7
147.25,-43.07,1924,9,"094062",48.7
147.25,-43.07,1924,10,"094062",90.1
147.25,-43.07,1924,11,"094062",103.3
147.25,-43.07,1924,12,"094062",17.5
147.25,-43.07,1925,1,"094062",67.1
147.25,-43.07,1925,2,"094062",86.6
147.25,-43.07,1925,3,"094062",58.4
147.25,-43.07,1925,4,"094062",88.6
147.25,-43.07,1925,5,"094062",119.4
147.25,-43.07,1925,6,"094062",56.8
147.25,-43.07,1925,7,"094062",74.9
147.25,-43.07,1925,8,"094062",88.9
147.25,-43.07,1925,9,"094062",56.2
147.25,-43.07,1925,10,"094062",53.4
147.25,-43.07,1925,11,"094062",35.1
147.25,-43.07,1925,12,"094062",50.8
147.25,-43.07,1926,1,"094062",40.7
147.25,-43.07,1926,2,"094062",36.1
147.25,-43.07,1926,3,"094062",24.5
147.25,-43.07,1926,4,"094062",58.3
147.25,-43.07,1926,5,"094062",77.1
147.25,-43.07,1926,6,"094062",120.6
147.25,-43.07,1926,7,"094062",63.5
147.25,-43.07,1926,8,"094062",72.3
147.25,-43.07,1926,9,"094062",82.2
147.25,-43.07,1926,10,"094062",205.7
147.25,-43.07,1926,11,"094062",63
147.25,-43.07,1926,12,"094062",63.4
147.25,-43.07,1927,1,"094062",24.7
147.25,-43.07,1927,2,"094062",66
147.25,-43.07,1927,3,"094062",45.7
147.25,-43.07,1927,4,"094062",16.2
147.25,-43.07,1927,5,"094062",128.6
147.25,-43.07,1927,6,"094062",54.6
147.25,-43.07,1927,7,"094062",92.6
147.25,-43.07,1927,8,"094062",50.8
147.25,-43.07,1927,9,"094062",42.4
147.25,-43.07,1927,10,"094062",29.3
147.25,-43.07,1927,11,"094062",54
147.25,-43.07,1927,12,"094062",52.1
147.25,-43.07,1928,1,"094062",131.6
147.25,-43.07,1928,2,"094062",52.1
147.25,-43.07,1928,3,"094062",30.4
147.25,-43.07,1928,4,"094062",121.3
147.25,-43.07,1928,5,"094062",53.3
147.25,-43.07,1928,6,"094062",69.9
147.25,-43.07,1928,7,"094062",75.7
147.25,-43.07,1928,8,"094062",90.7
147.25,-43.07,1928,9,"094062",193.9
147.25,-43.07,1928,10,"094062",136.3
147.25,-43.07,1928,11,"094062",52.8
147.25,-43.07,1928,12,"094062",54.3
147.25,-43.07,1929,1,"094062",97.5
147.25,-43.07,1929,2,"094062",32.6
147.25,-43.07,1929,3,"094062",47.9
147.25,-43.07,1929,4,"094062",141.4
147.25,-43.07,1929,5,"094062",51.2
147.25,-43.07,1929,6,"094062",91.3
147.25,-43.07,1929,7,"094062",62.9
147.25,-43.07,1929,8,"094062",32.8
147.25,-43.07,1929,9,"094062",60.6
147.25,-43.07,1929,10,"094062",47.3
147.25,-43.07,1929,11,"094062",108.2
147.25,-43.07,1929,12,"094062",122.2
147.25,-43.07,1930,1,"094062",42.2
147.25,-43.07,1930,2,"094062",32.8
147.25,-43.07,1930,3,"094062",48.7
147.25,-43.07,1930,4,"094062",41.1
147.25,-43.07,1930,5,"094062",28.5
147.25,-43.07,1930,6,"094062",53.3
147.25,-43.07,1930,7,"094062",88.1
147.25,-43.07,1930,8,"094062",40.7
147.25,-43.07,1930,9,"094062",85.1
147.25,-43.07,1930,10,"094062",37.3
147.25,-43.07,1930,11,"094062",99.1
147.25,-43.07,1930,12,"094062",58.9
147.25,-43.07,1931,1,"094062",54.6
147.25,-43.07,1931,2,"094062",57.2
147.25,-43.07,1931,3,"094062",112.3
147.25,-43.07,1931,4,"094062",64.7
147.25,-43.07,1931,5,"094062",81.8
147.25,-43.07,1931,6,"094062",97
147.25,-43.07,1931,7,"094062",124
147.25,-43.07,1931,8,"094062",66
147.25,-43.07,1931,9,"094062",92.6
147.25,-43.07,1931,10,"094062",86.8
147.25,-43.07,1931,11,"094062",106.4
147.25,-43.07,1931,12,"094062",13.4
147.25,-43.07,1932,1,"094062",18.7
147.25,-43.07,1932,2,"094062",36.8
147.25,-43.07,1932,3,"094062",199.6
147.25,-43.07,1932,4,"094062",94
147.25,-43.07,1932,5,"094062",10.2
147.25,-43.07,1932,6,"094062",78.4
147.25,-43.07,1932,7,"094062",34.4
147.25,-43.07,1932,8,"094062",89.4
147.25,-43.07,1932,9,"094062",43.9
147.25,-43.07,1932,10,"094062",134.6
147.25,-43.07,1932,11,"094062",45.1
147.25,-43.07,1932,12,"094062",72
147.25,-43.07,1933,1,"094062",101.3
147.25,-43.07,1933,2,"094062",47.1
147.25,-43.07,1933,3,"094062",57.3
147.25,-43.07,1933,4,"094062",61.4
147.25,-43.07,1933,5,"094062",61.9
147.25,-43.07,1933,6,"094062",52.8
147.25,-43.07,1933,7,"094062",22.3
147.25,-43.07,1933,8,"094062",42.3
147.25,-43.07,1933,9,"094062",49.2
147.25,-43.07,1933,10,"094062",117.9
147.25,-43.07,1933,11,"094062",32.5
147.25,-43.07,1933,12,"094062",44.4
147.25,-43.07,1934,1,"094062",29.2
147.25,-43.07,1934,2,"094062",36.8
147.25,-43.07,1934,3,"094062",24.7
147.25,-43.07,1934,4,"094062",130.6
147.25,-43.07,1934,5,"094062",2.5
147.25,-43.07,1934,6,"094062",55.6
147.25,-43.07,1934,7,"094062",73.9
147.25,-43.07,1934,8,"094062",35.8
147.25,-43.07,1934,9,"094062",93.7
147.25,-43.07,1934,10,"094062",89.7
147.25,-43.07,1934,11,"094062",58.2
147.25,-43.07,1934,12,"094062",204.8
147.25,-43.07,1935,1,"094062",50.1
147.25,-43.07,1935,2,"094062",150.9
147.25,-43.07,1935,3,"094062",44.8
147.25,-43.07,1935,4,"094062",233
147.25,-43.07,1935,5,"094062",39.9
147.25,-43.07,1935,6,"094062",66.4
147.25,-43.07,1935,7,"094062",60.6
147.25,-43.07,1935,8,"094062",74.2
147.25,-43.07,1935,9,"094062",31.4
147.25,-43.07,1935,10,"094062",134.1
147.25,-43.07,1935,11,"094062",101
147.25,-43.07,1935,12,"094062",85.1
147.25,-43.07,1936,1,"094062",30.2
147.25,-43.07,1936,2,"094062",20.3
147.25,-43.07,1936,3,"094062",22
147.25,-43.07,1936,4,"094062",43.3
147.25,-43.07,1936,5,"094062",32.4
147.25,-43.07,1936,6,"094062",51
147.25,-43.07,1936,7,"094062",39.3
147.25,-43.07,1936,8,"094062",195.4
147.25,-43.07,1936,9,"094062",48.1
147.25,-43.07,1936,10,"094062",51.7
147.25,-43.07,1936,11,"094062",67.1
147.25,-43.07,1936,12,"094062",117.5
147.25,-43.07,1937,1,"094062",106.4
147.25,-43.07,1937,2,"094062",28.8
147.25,-43.07,1937,3,"094062",53.1
147.25,-43.07,1937,4,"094062",44.3
147.25,-43.07,1937,5,"094062",104.2
147.25,-43.07,1937,6,"094062",43
147.25,-43.07,1937,7,"094062",49
147.25,-43.07,1937,8,"094062",19.5
147.25,-43.07,1937,9,"094062",70.2
147.25,-43.07,1937,10,"094062",60.9
147.25,-43.07,1937,11,"094062",25.2
147.25,-43.07,1937,12,"094062",79.5
147.25,-43.07,1938,1,"094062",128.7
147.25,-43.07,1938,2,"094062",121.4
147.25,-43.07,1938,3,"094062",125.2
147.25,-43.07,1938,4,"094062",38.4
147.25,-43.07,1938,5,"094062",51.3
147.25,-43.07,1938,6,"094062",143.7
147.25,-43.07,1938,7,"094062",133.8
147.25,-43.07,1938,8,"094062",54.9
147.25,-43.07,1938,9,"094062",17.6
147.25,-43.07,1938,10,"094062",70.5
147.25,-43.07,1938,11,"094062",56.7
147.25,-43.07,1938,12,"094062",96
147.25,-43.07,1939,1,"094062",26.6
147.25,-43.07,1939,2,"094062",46.7
147.25,-43.07,1939,3,"094062",44.7
147.25,-43.07,1939,4,"094062",36.8
147.25,-43.07,1939,5,"094062",45.3
147.25,-43.07,1939,6,"094062",120.4
147.25,-43.07,1939,7,"094062",72.8
147.25,-43.07,1939,8,"094062",133.7
147.25,-43.07,1939,9,"094062",128
147.25,-43.07,1939,10,"094062",32
147.25,-43.07,1939,11,"094062",85.1
147.25,-43.07,1939,12,"094062",52.1
147.25,-43.07,1940,1,"094062",49.1
147.25,-43.07,1940,2,"094062",64.7
147.25,-43.07,1940,3,"094062",54.2
147.25,-43.07,1940,4,"094062",31.2
147.25,-43.07,1940,5,"094062",36.4
147.25,-43.07,1940,6,"094062",40.4
147.25,-43.07,1940,7,"094062",36
147.25,-43.07,1940,8,"094062",41.1
147.25,-43.07,1940,9,"094062",68.1
147.25,-43.07,1940,10,"094062",85.6
147.25,-43.07,1940,11,"094062",44
147.25,-43.07,1940,12,"094062",61.4
147.25,-43.07,1941,1,"094062",67.4
147.25,-43.07,1941,2,"094062",26.4
147.25,-43.07,1941,3,"094062",149.4
147.25,-43.07,1941,4,"094062",28.2
147.25,-43.07,1941,5,"094062",25.9
147.25,-43.07,1941,6,"094062",53.9
147.25,-43.07,1941,7,"094062",84.8
147.25,-43.07,1941,8,"094062",63
147.25,-43.07,1941,9,"094062",61.7
147.25,-43.07,1941,10,"094062",54.3
147.25,-43.07,1941,11,"094062",51.8
147.25,-43.07,1941,12,"094062",145.1
147.25,-43.07,1942,1,"094062",45.1
147.25,-43.07,1942,2,"094062",25.4
147.25,-43.07,1942,3,"094062",43.2
147.25,-43.07,1942,4,"094062",53.9
147.25,-43.07,1942,5,"094062",126.8
147.25,-43.07,1942,6,"094062",42.4
147.25,-43.07,1942,7,"094062",54.8
147.25,-43.07,1942,8,"094062",96.7
147.25,-43.07,1942,9,"094062",84.1
147.25,-43.07,1942,10,"094062",29.2
147.25,-43.07,1942,11,"094062",45.6
147.25,-43.07,1942,12,"094062",46.2
147.25,-43.07,1943,1,"094062",53.5
147.25,-43.07,1943,2,"094062",39.4
147.25,-43.07,1943,3,"094062",9.1
147.25,-43.07,1943,4,"094062",93.5
147.25,-43.07,1943,5,"094062",33.8
147.25,-43.07,1943,6,"094062",123.6
147.25,-43.07,1943,7,"094062",64.7
147.25,-43.07,1943,8,"094062",36.4
147.25,-43.07,1943,9,"094062",71
147.25,-43.07,1943,10,"094062",52.9
147.25,-43.07,1943,11,"094062",122.5
147.25,-43.07,1943,12,"094062",68.6
147.25,-43.07,1944,1,"094062",116.9
147.25,-43.07,1944,2,"094062",23.1
147.25,-43.07,1944,3,"094062",82.8
147.25,-43.07,1944,4,"094062",66
147.25,-43.07,1944,5,"094062",70.2
147.25,-43.07,1944,6,"094062",90.9
147.25,-43.07,1944,7,"094062",58
147.25,-43.07,1944,8,"094062",41.2
147.25,-43.07,1944,9,"094062",90.2
147.25,-43.07,1944,10,"094062",91.1
147.25,-43.07,1944,11,"094062",59.5
147.25,-43.07,1944,12,"094062",72.6
147.25,-43.07,1945,1,"094062",70.9
147.25,-43.07,1945,2,"094062",21.1
147.25,-43.07,1945,3,"094062",36.4
147.25,-43.07,1945,4,"094062",16.4
147.25,-43.07,1945,5,"094062",17.7
147.25,-43.07,1945,6,"094062",41.6
147.25,-43.07,1945,7,"094062",31.9
147.25,-43.07,1945,8,"094062",121.2
147.25,-43.07,1945,9,"094062",91.7
147.25,-43.07,1945,10,"094062",41.1
147.25,-43.07,1945,11,"094062",45
147.25,-43.07,1945,12,"094062",28.5
147.25,-43.07,1946,1,"094062",27.1
147.25,-43.07,1946,2,"094062",81.2
147.25,-43.07,1946,3,"094062",349.3
147.25,-43.07,1946,4,"094062",47.7
147.25,-43.07,1946,5,"094062",39.3
147.25,-43.07,1946,6,"094062",93.5
147.25,-43.07,1946,7,"094062",169.1
147.25,-43.07,1946,8,"094062",182.3
147.25,-43.07,1946,9,"094062",66.2
147.25,-43.07,1946,10,"094062",69.9
147.25,-43.07,1946,11,"094062",56.9
147.25,-43.07,1946,12,"094062",71.1
147.25,-43.07,1947,1,"094062",8.4
147.25,-43.07,1947,2,"094062",39.3
147.25,-43.07,1947,3,"094062",92.5
147.25,-43.07,1947,4,"094062",27
147.25,-43.07,1947,5,"094062",90.6
147.25,-43.07,1947,6,"094062",227.3
147.25,-43.07,1947,7,"094062",132.7
147.25,-43.07,1947,8,"094062",63.9
147.25,-43.07,1947,9,"094062",86.1
147.25,-43.07,1947,10,"094062",206
147.25,-43.07,1947,11,"094062",25.6
147.25,-43.07,1947,12,"094062",163
147.25,-43.07,1948,1,"094062",27.5
147.25,-43.07,1948,2,"094062",23.1
147.25,-43.07,1948,3,"094062",79.7
147.25,-43.07,1948,4,"094062",65.5
147.25,-43.07,1948,5,"094062",134.5
147.25,-43.07,1948,6,"094062",27.6
147.25,-43.07,1948,7,"094062",57.1
147.25,-43.07,1948,8,"094062",28.9
147.25,-43.07,1948,9,"094062",78.1
147.25,-43.07,1948,10,"094062",160.9
147.25,-43.07,1948,11,"094062",78.9
147.25,-43.07,1948,12,"094062",62
147.25,-43.07,1949,1,"094062",103.6
147.25,-43.07,1949,2,"094062",43.3
147.25,-43.07,1949,3,"094062",67.3
147.25,-43.07,1949,4,"094062",40.9
147.25,-43.07,1949,5,"094062",86.5
147.25,-43.07,1949,6,"094062",36.8
147.25,-43.07,1949,7,"094062",144.7
147.25,-43.07,1949,8,"094062",16.5
147.25,-43.07,1949,9,"094062",27.1
147.25,-43.07,1949,10,"094062",118.7
147.25,-43.07,1949,11,"094062",68.2
147.25,-43.07,1949,12,"094062",NA
147.25,-43.07,1953,1,"094062",45.2
147.25,-43.07,1953,2,"094062",80.8
147.25,-43.07,1953,3,"094062",18.8
147.25,-43.07,1953,4,"094062",49.5
147.25,-43.07,1953,5,"094062",5.8
147.25,-43.07,1953,6,"094062",84.3
147.25,-43.07,1953,7,"094062",81.8
147.25,-43.07,1953,8,"094062",68.8
147.25,-43.07,1953,9,"094062",155.4
147.25,-43.07,1953,10,"094062",42.1
147.25,-43.07,1953,11,"094062",178.5
147.25,-43.07,1953,12,"094062",105.4
147.25,-43.07,1954,1,"094062",26.7
147.25,-43.07,1954,2,"094062",104.5
147.25,-43.07,1954,3,"094062",28.4
147.25,-43.07,1954,4,"094062",35.6
147.25,-43.07,1954,5,"094062",44.1
147.25,-43.07,1954,6,"094062",284.1
147.25,-43.07,1954,7,"094062",21.2
147.25,-43.07,1954,8,"094062",80.7
147.25,-43.07,1954,9,"094062",24.2
147.25,-43.07,1954,10,"094062",45.8
147.25,-43.07,1954,11,"094062",68.9
147.25,-43.07,1954,12,"094062",14
147.25,-43.07,1955,1,"094062",12.4
147.25,-43.07,1955,2,"094062",42.9
147.25,-43.07,1955,3,"094062",27.1
147.25,-43.07,1955,4,"094062",72.2
147.25,-43.07,1955,5,"094062",54.1
147.25,-43.07,1955,6,"094062",89
147.25,-43.07,1955,7,"094062",80.9
147.25,-43.07,1955,8,"094062",47.4
147.25,-43.07,1955,9,"094062",39.6
147.25,-43.07,1955,10,"094062",57.9
147.25,-43.07,1955,11,"094062",72.5
147.25,-43.07,1955,12,"094062",108
147.25,-43.07,1956,1,"094062",47.7
147.25,-43.07,1956,2,"094062",94.7
147.25,-43.07,1956,3,"094062",47.5
147.25,-43.07,1956,4,"094062",62.5
147.25,-43.07,1956,5,"094062",156.1
147.25,-43.07,1956,6,"094062",138.8
147.25,-43.07,1956,7,"094062",78.3
147.25,-43.07,1956,8,"094062",96.3
147.25,-43.07,1956,9,"094062",43.1
147.25,-43.07,1956,10,"094062",132.9
147.25,-43.07,1956,11,"094062",104.9
147.25,-43.07,1956,12,"094062",38.3
147.25,-43.07,1957,1,"094062",35.6
147.25,-43.07,1957,2,"094062",48.1
147.25,-43.07,1957,3,"094062",44
147.25,-43.07,1957,4,"094062",109.8
147.25,-43.07,1957,5,"094062",68.4
147.25,-43.07,1957,6,"094062",20.7
147.25,-43.07,1957,7,"094062",18.1
147.25,-43.07,1957,8,"094062",35.4
147.25,-43.07,1957,9,"094062",200.5
147.25,-43.07,1957,10,"094062",58.9
147.25,-43.07,1957,11,"094062",136.2
147.25,-43.07,1957,12,"094062",68.9
147.25,-43.07,1958,1,"094062",5.4
147.25,-43.07,1958,2,"094062",28.7
147.25,-43.07,1958,3,"094062",69.6
147.25,-43.07,1958,4,"094062",37.8
147.25,-43.07,1958,5,"094062",201
147.25,-43.07,1958,6,"094062",33.8
147.25,-43.07,1958,7,"094062",71
147.25,-43.07,1958,8,"094062",218.3
147.25,-43.07,1958,9,"094062",24.9
147.25,-43.07,1958,10,"094062",165.8
147.25,-43.07,1958,11,"094062",45.1
147.25,-43.07,1958,12,"094062",130.6
147.25,-43.07,1959,1,"094062",64.7
147.25,-43.07,1959,2,"094062",42.4
147.25,-43.07,1959,3,"094062",31.4
147.25,-43.07,1959,4,"094062",88.8
147.25,-43.07,1959,5,"094062",36.5
147.25,-43.07,1959,6,"094062",50.5
147.25,-43.07,1959,7,"094062",92.7
147.25,-43.07,1959,8,"094062",33.3
147.25,-43.07,1959,9,"094062",101.3
147.25,-43.07,1959,10,"094062",36
147.25,-43.07,1959,11,"094062",16.8
147.25,-43.07,1959,12,"094062",105.7
147.25,-43.07,1960,1,"094062",41.3
147.25,-43.07,1960,2,"094062",24.8
147.25,-43.07,1960,3,"094062",21.3
147.25,-43.07,1960,4,"094062",363
147.25,-43.07,1960,5,"094062",150.5
147.25,-43.07,1960,6,"094062",22.4
147.25,-43.07,1960,7,"094062",57.4
147.25,-43.07,1960,8,"094062",31.5
147.25,-43.07,1960,9,"094062",72.4
147.25,-43.07,1960,10,"094062",65.1
147.25,-43.07,1960,11,"094062",44
147.25,-43.07,1960,12,"094062",14
147.25,-43.07,1961,1,"094062",24.3
147.25,-43.07,1961,2,"094062",29.7
147.25,-43.07,1961,3,"094062",25
147.25,-43.07,1961,4,"094062",39.3
147.25,-43.07,1961,5,"094062",42
147.25,-43.07,1961,6,"094062",73.7
147.25,-43.07,1961,7,"094062",108.9
147.25,-43.07,1961,8,"094062",55.5
147.25,-43.07,1961,9,"094062",64.6
147.25,-43.07,1961,10,"094062",45.6
147.25,-43.07,1961,11,"094062",28.6
147.25,-43.07,1961,12,"094062",58.3
147.25,-43.07,1962,1,"094062",44.4
147.25,-43.07,1962,2,"094062",26.2
147.25,-43.07,1962,3,"094062",46.8
147.25,-43.07,1962,4,"094062",57.9
147.25,-43.07,1962,5,"094062",128
147.25,-43.07,1962,6,"094062",83.8
147.25,-43.07,1962,7,"094062",91
147.25,-43.07,1962,8,"094062",123.1
147.25,-43.07,1962,9,"094062",119.3
147.25,-43.07,1962,10,"094062",95
147.25,-43.07,1962,11,"094062",39.6
147.25,-43.07,1962,12,"094062",34.2
147.25,-43.07,1963,1,"094062",44.7
147.25,-43.07,1963,2,"094062",40.1
147.25,-43.07,1963,3,"094062",28.6
147.25,-43.07,1963,4,"094062",27.2
147.25,-43.07,1963,5,"094062",38.9
147.25,-43.07,1963,6,"094062",49.4
147.25,-43.07,1963,7,"094062",96.8
147.25,-43.07,1963,8,"094062",45
147.25,-43.07,1963,9,"094062",49.4
147.25,-43.07,1963,10,"094062",46.3
147.25,-43.07,1963,11,"094062",47
147.25,-43.07,1963,12,"094062",18.4
147.25,-43.07,1964,1,"094062",32.5
147.25,-43.07,1964,2,"094062",206.7
147.25,-43.07,1964,3,"094062",35.5
147.25,-43.07,1964,4,"094062",37.4
147.25,-43.07,1964,5,"094062",59
147.25,-43.07,1964,6,"094062",71.5
147.25,-43.07,1964,7,"094062",86.7
147.25,-43.07,1964,8,"094062",98.3
147.25,-43.07,1964,9,"094062",69.8
147.25,-43.07,1964,10,"094062",37.6
147.25,-43.07,1964,11,"094062",69.7
147.25,-43.07,1964,12,"094062",106.2
147.25,-43.07,1965,1,"094062",67.2
147.25,-43.07,1965,2,"094062",14
147.25,-43.07,1965,3,"094062",56.6
147.25,-43.07,1965,4,"094062",114.4
147.25,-43.07,1965,5,"094062",96.5
147.25,-43.07,1965,6,"094062",37.5
147.25,-43.07,1965,7,"094062",22.4
147.25,-43.07,1965,8,"094062",51.5
147.25,-43.07,1965,9,"094062",45.3
147.25,-43.07,1965,10,"094062",48.7
147.25,-43.07,1965,11,"094062",82
147.25,-43.07,1965,12,"094062",65.6
147.25,-43.07,1966,1,"094062",20.4
147.25,-43.07,1966,2,"094062",44.6
147.25,-43.07,1966,3,"094062",105.4
147.25,-43.07,1966,4,"094062",107.1
147.25,-43.07,1966,5,"094062",58.2
147.25,-43.07,1966,6,"094062",21.6
147.25,-43.07,1966,7,"094062",126
147.25,-43.07,1966,8,"094062",63.8
147.25,-43.07,1966,9,"094062",122.7
147.25,-43.07,1966,10,"094062",96.7
147.25,-43.07,1966,11,"094062",41.1
147.25,-43.07,1966,12,"094062",33
147.25,-43.07,1967,1,"094062",16.8
147.25,-43.07,1967,2,"094062",17.2
147.25,-43.07,1967,3,"094062",27.4
147.25,-43.07,1967,4,"094062",27
147.25,-43.07,1967,5,"094062",23.7
147.25,-43.07,1967,6,"094062",13.4
147.25,-43.07,1967,7,"094062",167.6
147.25,-43.07,1967,8,"094062",75.5
147.25,-43.07,1967,9,"094062",66
147.25,-43.07,1967,10,"094062",62.2
147.25,-43.07,1967,11,"094062",110.6
147.25,-43.07,1967,12,"094062",58.1
147.25,-43.07,1968,1,"094062",15.9
147.25,-43.07,1968,2,"094062",52.3
147.25,-43.07,1968,3,"094062",48.6
147.25,-43.07,1968,4,"094062",52.8
147.25,-43.07,1968,5,"094062",89.8
147.25,-43.07,1968,6,"094062",59.6
147.25,-43.07,1968,7,"094062",43.2
147.25,-43.07,1968,8,"094062",95.3
147.25,-43.07,1968,9,"094062",64.2
147.25,-43.07,1968,10,"094062",54.6
147.25,-43.07,1968,11,"094062",101
147.25,-43.07,1968,12,"094062",41.6
147.25,-43.07,1969,1,"094062",27.6
147.25,-43.07,1969,2,"094062",153.9
147.25,-43.07,1969,3,"094062",30.5
147.25,-43.07,1969,4,"094062",94.4
147.25,-43.07,1969,5,"094062",95.4
147.25,-43.07,1969,6,"094062",65.2
147.25,-43.07,1969,7,"094062",29.2
147.25,-43.07,1969,8,"094062",60.5
147.25,-43.07,1969,9,"094062",34.4
147.25,-43.07,1969,10,"094062",36.8
147.25,-43.07,1969,11,"094062",160.4
147.25,-43.07,1969,12,"094062",162.9
147.25,-43.07,1970,1,"094062",130.9
147.25,-43.07,1970,2,"094062",32.7
147.25,-43.07,1970,3,"094062",91
147.25,-43.07,1970,4,"094062",36.3
147.25,-43.07,1970,5,"094062",40
147.25,-43.07,1970,6,"094062",41.8
147.25,-43.07,1970,7,"094062",91.9
147.25,-43.07,1970,8,"094062",147.6
147.25,-43.07,1970,9,"094062",54.5
147.25,-43.07,1970,10,"094062",96.9
147.25,-43.07,1970,11,"094062",62.6
147.25,-43.07,1970,12,"094062",192.2
147.25,-43.07,1971,1,"094062",112.3
147.25,-43.07,1971,2,"094062",174
147.25,-43.07,1971,3,"094062",45.2
147.25,-43.07,1971,4,"094062",42.5
147.25,-43.07,1971,5,"094062",152.8
147.25,-43.07,1971,6,"094062",55.2
147.25,-43.07,1971,7,"094062",45.3
147.25,-43.07,1971,8,"094062",91.5
147.25,-43.07,1971,9,"094062",83.3
147.25,-43.07,1971,10,"094062",123.6
147.25,-43.07,1971,11,"094062",124.6
147.25,-43.07,1971,12,"094062",48.8
147.25,-43.07,1972,1,"094062",64.1
147.25,-43.07,1972,2,"094062",40
147.25,-43.07,1972,3,"094062",28.5
147.25,-43.07,1972,4,"094062",69.5
147.25,-43.07,1972,5,"094062",17.1
147.25,-43.07,1972,6,"094062",20.4
147.25,-43.07,1972,7,"094062",107.7
147.25,-43.07,1972,8,"094062",43.6
147.25,-43.07,1972,9,"094062",80.2
147.25,-43.07,1972,10,"094062",32.8
147.25,-43.07,1972,11,"094062",36.8
147.25,-43.07,1972,12,"094062",66.2
147.25,-43.07,1973,1,"094062",34.2
147.25,-43.07,1973,2,"094062",54.4
147.25,-43.07,1973,3,"094062",40.1
147.25,-43.07,1973,4,"094062",102
147.25,-43.07,1973,5,"094062",102
147.25,-43.07,1973,6,"094062",60.3
147.25,-43.07,1973,7,"094062",14.2
147.25,-43.07,1973,8,"094062",37.8
147.25,-43.07,1973,9,"094062",54.7
147.25,-43.07,1973,10,"094062",114.7
147.25,-43.07,1973,11,"094062",60.2
147.25,-43.07,1973,12,"094062",72.9
147.25,-43.07,1974,1,"094062",12.8
147.25,-43.07,1974,2,"094062",38.2
147.25,-43.07,1974,3,"094062",39.8
147.25,-43.07,1974,4,"094062",98.6
147.25,-43.07,1974,5,"094062",34.6
147.25,-43.07,1974,6,"094062",98.2
147.25,-43.07,1974,7,"094062",233.2
147.25,-43.07,1974,8,"094062",52.2
147.25,-43.07,1974,9,"094062",82.2
147.25,-43.07,1974,10,"094062",52.6
147.25,-43.07,1974,11,"094062",50
147.25,-43.07,1974,12,"094062",97.6
147.25,-43.07,1975,1,"094062",79.6
147.25,-43.07,1975,2,"094062",17.8
147.25,-43.07,1975,3,"094062",119.4
147.25,-43.07,1975,4,"094062",26.8
147.25,-43.07,1975,5,"094062",122
147.25,-43.07,1975,6,"094062",54.6
147.25,-43.07,1975,7,"094062",120
147.25,-43.07,1975,8,"094062",159.4
147.25,-43.07,1975,9,"094062",47.2
147.25,-43.07,1975,10,"094062",142.6
147.25,-43.07,1975,11,"094062",108
147.25,-43.07,1975,12,"094062",23.4
147.25,-43.07,1976,1,"094062",48
147.25,-43.07,1976,2,"094062",6.2
147.25,-43.07,1976,3,"094062",80.2
147.25,-43.07,1976,4,"094062",33.2
147.25,-43.07,1976,5,"094062",45.4
147.25,-43.07,1976,6,"094062",64.8
147.25,-43.07,1976,7,"094062",41.6
147.25,-43.07,1976,8,"094062",165.4
147.25,-43.07,1976,9,"094062",73.6
147.25,-43.07,1976,10,"094062",76.2
147.25,-43.07,1976,11,"094062",160.8
147.25,-43.07,1976,12,"094062",145.2
147.25,-43.07,1977,1,"094062",59.4
147.25,-43.07,1977,2,"094062",36.8
147.25,-43.07,1977,3,"094062",98
147.25,-43.07,1977,4,"094062",45
147.25,-43.07,1977,5,"094062",38.2
147.25,-43.07,1977,6,"094062",62.4
147.25,-43.07,1977,7,"094062",132.2
147.25,-43.07,1977,8,"094062",30.4
147.25,-43.07,1977,9,"094062",66.6
147.25,-43.07,1977,10,"094062",26
147.25,-43.07,1977,11,"094062",96.2
147.25,-43.07,1977,12,"094062",33.8
147.25,-43.07,1978,1,"094062",22.6
147.25,-43.07,1978,2,"094062",91.2
147.25,-43.07,1978,3,"094062",18.8
147.25,-43.07,1978,4,"094062",68.8
147.25,-43.07,1978,5,"094062",72.4
147.25,-43.07,1978,6,"094062",65.8
147.25,-43.07,1978,7,"094062",76
147.25,-43.07,1978,8,"094062",121.2
147.25,-43.07,1978,9,"094062",13.4
147.25,-43.07,1978,10,"094062",56.6
147.25,-43.07,1978,11,"094062",90.4
147.25,-43.07,1978,12,"094062",63.8
147.25,-43.07,1979,1,"094062",32
147.25,-43.07,1979,2,"094062",43.8
147.25,-43.07,1979,3,"094062",24.4
147.25,-43.07,1979,4,"094062",46.2
147.25,-43.07,1979,5,"094062",36.2
147.25,-43.07,1979,6,"094062",3.6
147.25,-43.07,1979,7,"094062",28.2
147.25,-43.07,1979,8,"094062",103
147.25,-43.07,1979,9,"094062",99
147.25,-43.07,1979,10,"094062",54.6
147.25,-43.07,1979,11,"094062",43
147.25,-43.07,1979,12,"094062",61.4
147.25,-43.07,1980,1,"094062",25.2
147.25,-43.07,1980,2,"094062",47.2
147.25,-43.07,1980,3,"094062",59.6
147.25,-43.07,1980,4,"094062",68.4
147.25,-43.07,1980,5,"094062",57.8
147.25,-43.07,1980,6,"094062",50.4
147.25,-43.07,1980,7,"094062",45.2
147.25,-43.07,1980,8,"094062",73.4
147.25,-43.07,1980,9,"094062",109
147.25,-43.07,1980,10,"094062",75.8
147.25,-43.07,1980,11,"094062",85.4
147.25,-43.07,1980,12,"094062",44.4
147.25,-43.07,1981,1,"094062",23.6
147.25,-43.07,1981,2,"094062",32.2
147.25,-43.07,1981,3,"094062",86.2
147.25,-43.07,1981,4,"094062",120.2
147.25,-43.07,1981,5,"094062",60.2
147.25,-43.07,1981,6,"094062",97.2
147.25,-43.07,1981,7,"094062",85.2
147.25,-43.07,1981,8,"094062",90.8
147.25,-43.07,1981,9,"094062",55
147.25,-43.07,1981,10,"094062",60.6
147.25,-43.07,1981,11,"094062",26.6
147.25,-43.07,1981,12,"094062",63.6
147.25,-43.07,1982,1,"094062",24.4
147.25,-43.07,1982,2,"094062",27.4
147.25,-43.07,1982,3,"094062",51.8
147.25,-43.07,1982,4,"094062",16.8
147.25,-43.07,1982,5,"094062",72.4
147.25,-43.07,1982,6,"094062",39.4
147.25,-43.07,1982,7,"094062",65
147.25,-43.07,1982,8,"094062",23.2
147.25,-43.07,1982,9,"094062",88.2
147.25,-43.07,1982,10,"094062",24
147.25,-43.07,1982,11,"094062",48.8
147.25,-43.07,1982,12,"094062",18.4
147.25,-43.07,1983,1,"094062",22.4
147.25,-43.07,1983,2,"094062",20.6
147.25,-43.07,1983,3,"094062",136.6
147.25,-43.07,1983,4,"094062",68.6
147.25,-43.07,1983,5,"094062",38
147.25,-43.07,1983,6,"094062",93.2
147.25,-43.07,1983,7,"094062",62
147.25,-43.07,1983,8,"094062",47
147.25,-43.07,1983,9,"094062",178.5
147.25,-43.07,1983,10,"094062",60.5
147.25,-43.07,1983,11,"094062",64.2
147.25,-43.07,1983,12,"094062",15.8
147.25,-43.07,1984,1,"094062",21.6
147.25,-43.07,1984,2,"094062",17
147.25,-43.07,1984,3,"094062",37.4
147.25,-43.07,1984,4,"094062",24.2
147.25,-43.07,1984,5,"094062",27.8
147.25,-43.07,1984,6,"094062",18
147.25,-43.07,1984,7,"094062",101.3
147.25,-43.07,1984,8,"094062",115.6
147.25,-43.07,1984,9,"094062",106.2
147.25,-43.07,1984,10,"094062",90.8
147.25,-43.07,1984,11,"094062",70.8
147.25,-43.07,1984,12,"094062",160.9
147.25,-43.07,1985,1,"094062",82.4
147.25,-43.07,1985,2,"094062",93.8
147.25,-43.07,1985,3,"094062",72.2
147.25,-43.07,1985,4,"094062",56.9
147.25,-43.07,1985,5,"094062",31.2
147.25,-43.07,1985,6,"094062",51.6
147.25,-43.07,1985,7,"094062",103
147.25,-43.07,1985,8,"094062",44.4
147.25,-43.07,1985,9,"094062",55.2
147.25,-43.07,1985,10,"094062",79.4
147.25,-43.07,1985,11,"094062",24.4
147.25,-43.07,1985,12,"094062",242.8
147.25,-43.07,1986,1,"094062",114.4
147.25,-43.07,1986,2,"094062",40.6
147.25,-43.07,1986,3,"094062",34.6
147.25,-43.07,1986,4,"094062",77.4
147.25,-43.07,1986,5,"094062",134.2
147.25,-43.07,1986,6,"094062",54.6
147.25,-43.07,1986,7,"094062",98.2
147.25,-43.07,1986,8,"094062",65.6
147.25,-43.07,1986,9,"094062",48.8
147.25,-43.07,1986,10,"094062",69.8
147.25,-43.07,1986,11,"094062",39.2
147.25,-43.07,1986,12,"094062",111.4
147.25,-43.07,1987,1,"094062",94.2
147.25,-43.07,1987,2,"094062",40.4
147.25,-43.07,1987,3,"094062",40.2
147.25,-43.07,1987,4,"094062",19.4
147.25,-43.07,1987,5,"094062",50.2
147.25,-43.07,1987,6,"094062",43.8
147.25,-43.07,1987,7,"094062",51.6
147.25,-43.07,1987,8,"094062",43.2
147.25,-43.07,1987,9,"094062",50.6
147.25,-43.07,1987,10,"094062",74.4
147.25,-43.07,1987,11,"094062",56.4
147.25,-43.07,1987,12,"094062",70.4
147.25,-43.07,1988,1,"094062",13.4
147.25,-43.07,1988,2,"094062",16
147.25,-43.07,1988,3,"094062",14.8
147.25,-43.07,1988,4,"094062",22
147.25,-43.07,1988,5,"094062",99.8
147.25,-43.07,1988,6,"094062",60.8
147.25,-43.07,1988,7,"094062",112
147.25,-43.07,1988,8,"094062",77.4
147.25,-43.07,1988,9,"094062",54.4
147.25,-43.07,1988,10,"094062",199
147.25,-43.07,1988,11,"094062",79.6
147.25,-43.07,1988,12,"094062",39.8
147.25,-43.07,1989,1,"094062",73.8
147.25,-43.07,1989,2,"094062",23.4
147.25,-43.07,1989,3,"094062",55.2
147.25,-43.07,1989,4,"094062",39.4
147.25,-43.07,1989,5,"094062",32.4
147.25,-43.07,1989,6,"094062",37.6
147.25,-43.07,1989,7,"094062",66.3
147.25,-43.07,1989,8,"094062",53.2
147.25,-43.07,1989,9,"094062",25.8
147.25,-43.07,1989,10,"094062",155.2
147.25,-43.07,1989,11,"094062",26.6
147.25,-43.07,1989,12,"094062",26.6
147.25,-43.07,1990,1,"094062",36.2
147.25,-43.07,1990,2,"094062",56.5
147.25,-43.07,1990,3,"094062",16.8
147.25,-43.07,1990,4,"094062",44.8
147.25,-43.07,1990,5,"094062",52
147.25,-43.07,1990,6,"094062",43.8
147.25,-43.07,1990,7,"094062",172
147.25,-43.07,1990,8,"094062",92.4
147.25,-43.07,1990,9,"094062",40
147.25,-43.07,1990,10,"094062",52.2
147.25,-43.07,1990,11,"094062",37.2
147.25,-43.07,1990,12,"094062",55.8
147.25,-43.07,1991,1,"094062",70.8
147.25,-43.07,1991,2,"094062",8.4
147.25,-43.07,1991,3,"094062",71.6
147.25,-43.07,1991,4,"094062",32.6
147.25,-43.07,1991,5,"094062",10.4
147.25,-43.07,1991,6,"094062",58.2
147.25,-43.07,1991,7,"094062",50.6
147.25,-43.07,1991,8,"094062",162.8
147.25,-43.07,1991,9,"094062",54.6
147.25,-43.07,1991,10,"094062",88
147.25,-43.07,1991,11,"094062",51.6
147.25,-43.07,1991,12,"094062",130.6
147.25,-43.07,1992,1,"094062",67.4
147.25,-43.07,1992,2,"094062",35.6
147.25,-43.07,1992,3,"094062",8
147.25,-43.07,1992,4,"094062",42.6
147.25,-43.07,1992,5,"094062",18.6
147.25,-43.07,1992,6,"094062",33.4
147.25,-43.07,1992,7,"094062",86.6
147.25,-43.07,1992,8,"094062",77.4
147.25,-43.07,1992,9,"094062",82.2
147.25,-43.07,1992,10,"094062",45.8
147.25,-43.07,1992,11,"094062",51.8
147.25,-43.07,1992,12,"094062",31.8
147.25,-43.07,1993,1,"094062",42.6
147.25,-43.07,1993,2,"094062",51
147.25,-43.07,1993,3,"094062",49
147.25,-43.07,1993,4,"094062",27.8
147.25,-43.07,1993,5,"094062",61.8
147.25,-43.07,1993,6,"094062",98.8
147.25,-43.07,1993,7,"094062",47.6
147.25,-43.07,1993,8,"094062",63.6
147.25,-43.07,1993,9,"094062",32.6
147.25,-43.07,1993,10,"094062",53.8
147.25,-43.07,1993,11,"094062",96.4
147.25,-43.07,1993,12,"094062",205
147.25,-43.07,1994,1,"094062",40.2
147.25,-43.07,1994,2,"094062",19.6
147.25,-43.07,1994,3,"094062",11.2
147.25,-43.07,1994,4,"094062",51.3
147.25,-43.07,1994,5,"094062",116
147.25,-43.07,1994,6,"094062",17.8
147.25,-43.07,1994,7,"094062",59.2
147.25,-43.07,1994,8,"094062",132.8
147.25,-43.07,1994,9,"094062",99.8
147.25,-43.07,1994,10,"094062",56.6
147.25,-43.07,1994,11,"094062",NA
147.25,-43.07,1994,12,"094062",NA
147.25,-43.07,1995,1,"094062",NA
147.25,-43.07,1995,2,"094062",NA
147.25,-43.07,1995,3,"094062",NA
147.25,-43.07,1995,4,"094062",NA
147.25,-43.07,1995,5,"094062",25.2
147.25,-43.07,1995,6,"094062",66
147.25,-43.07,1995,7,"094062",77
147.25,-43.07,1995,8,"094062",122.2
147.25,-43.07,1995,9,"094062",70.2
147.25,-43.07,1995,10,"094062",45.4
147.25,-43.07,1995,11,"094062",70.2
147.25,-43.07,1995,12,"094062",120.6
147.25,-43.07,1996,1,"094062",NA
147.25,-43.07,1996,2,"094062",NA
147.25,-43.07,1996,3,"094062",61.6
147.25,-43.07,1996,4,"094062",230.8
147.25,-43.07,1996,5,"094062",33.4
147.25,-43.07,1996,6,"094062",37.4
147.25,-43.07,1996,7,"094062",49.4
147.25,-43.07,1996,8,"094062",65.4
147.25,-43.07,1996,9,"094062",83.8
147.25,-43.07,1996,10,"094062",42.4
147.25,-43.07,1996,11,"094062",72.6
147.25,-43.07,1996,12,"094062",34.6
147.25,-43.07,1997,1,"094062",94.8
147.25,-43.07,1997,2,"094062",57.2
147.25,-43.07,1997,3,"094062",126.4
147.25,-43.07,1997,4,"094062",25.8
147.25,-43.07,1997,5,"094062",28
147.25,-43.07,1997,6,"094062",19.4
147.25,-43.07,1997,7,"094062",44.8
147.25,-43.07,1997,8,"094062",96
147.25,-43.07,1997,9,"094062",76.8
147.25,-43.07,1997,10,"094062",63.2
147.25,-43.07,1997,11,"094062",33.6
147.25,-43.07,1997,12,"094062",NA
147.25,-43.07,1998,1,"094062",0
147.25,-43.07,1998,2,"094062",99.6
147.25,-43.07,1998,3,"094062",9
147.25,-43.07,1998,4,"094062",63.6
147.25,-43.07,1998,5,"094062",35
147.25,-43.07,1998,6,"094062",79.6
147.25,-43.07,1998,7,"094062",32.8
147.25,-43.07,1998,8,"094062",41
147.25,-43.07,1998,9,"094062",NA
147.25,-43.07,1998,10,"094062",106.6
147.25,-43.07,1998,11,"094062",78.4
147.25,-43.07,1998,12,"094062",83.4
147.25,-43.07,1999,1,"094062",9.8
147.25,-43.07,1999,2,"094062",196.6
147.25,-43.07,1999,3,"094062",44.8
147.25,-43.07,1999,4,"094062",NA
147.25,-43.07,1999,5,"094062",NA
147.25,-43.07,1999,6,"094062",22.6
147.25,-43.07,1999,7,"094062",80.6
147.25,-43.07,1999,8,"094062",24.6
147.25,-43.07,1999,9,"094062",14.9
147.25,-43.07,1999,10,"094062",42.2
147.25,-43.07,1999,11,"094062",66.2
147.25,-43.07,1999,12,"094062",NA
147.25,-43.07,2000,1,"094062",NA
147.25,-43.07,2000,2,"094062",NA
147.25,-43.07,2000,3,"094062",25.6
147.25,-43.07,2000,4,"094062",20.7
147.25,-43.07,2000,5,"094062",80.2
147.25,-43.07,2000,6,"094062",31.2
147.25,-43.07,2000,7,"094062",88.2
147.25,-43.07,2000,8,"094062",79
147.25,-43.07,2000,9,"094062",80.4
147.25,-43.07,2000,10,"094062",74
147.25,-43.07,2000,11,"094062",44.2
147.25,-43.07,2000,12,"094062",NA
147.25,-43.07,2001,1,"094062",NA
147.25,-43.07,2001,2,"094062",NA
147.25,-43.07,2001,3,"094062",68.2
147.25,-43.07,2001,4,"094062",NA
147.25,-43.07,2001,5,"094062",42.4
147.25,-43.07,2001,6,"094062",101.2
147.25,-43.07,2001,7,"094062",32
147.25,-43.07,2001,8,"094062",123.8
147.25,-43.07,2001,9,"094062",44.8
147.25,-43.07,2001,10,"094062",NA
147.25,-43.07,2001,11,"094062",134
147.25,-43.07,2001,12,"094062",NA
147.25,-43.07,2002,1,"094062",NA
147.25,-43.07,2002,2,"094062",NA
147.25,-43.07,2002,3,"094062",36.6
147.25,-43.07,2002,4,"094062",17.8
147.25,-43.07,2002,5,"094062",29.2
147.25,-43.07,2002,6,"094062",NA
147.25,-43.07,2002,7,"094062",57.8
147.25,-43.07,2002,8,"094062",NA
147.25,-43.07,2002,9,"094062",129.4
147.25,-43.07,2002,10,"094062",80
147.25,-43.07,2002,11,"094062",30.2
147.25,-43.07,2002,12,"094062",28
147.25,-43.07,2003,1,"094062",NA
147.25,-43.07,2003,2,"094062",NA
147.25,-43.07,2003,3,"094062",159.6
147.25,-43.07,2003,4,"094062",43.8
147.25,-43.07,2003,5,"094062",71.8
147.25,-43.07,2003,6,"094062",82.6
147.25,-43.07,2003,7,"094062",62.8
147.25,-43.07,2003,8,"094062",124
147.25,-43.07,2003,9,"094062",157.2
147.25,-43.07,2003,10,"094062",29
147.25,-43.07,2003,11,"094062",2.8
147.25,-43.07,2003,12,"094062",61.8
