"Lon","Lat","Year","Month","Station","Rain"
117.79,-32.79,1908,1,"010629",0
117.79,-32.79,1908,2,"010629",0
117.79,-32.79,1908,3,"010629",17.8
117.79,-32.79,1908,4,"010629",0.3
117.79,-32.79,1908,5,"010629",105.4
117.79,-32.79,1908,6,"010629",67.5
117.79,-32.79,1908,7,"010629",72.2
117.79,-32.79,1908,8,"010629",24.4
117.79,-32.79,1908,9,"010629",18.3
117.79,-32.79,1908,10,"010629",10
117.79,-32.79,1908,11,"010629",11.2
117.79,-32.79,1908,12,"010629",1.8
117.79,-32.79,1909,1,"010629",0
117.79,-32.79,1909,2,"010629",0
117.79,-32.79,1909,3,"010629",7.4
117.79,-32.79,1909,4,"010629",56.1
117.79,-32.79,1909,5,"010629",37.3
117.79,-32.79,1909,6,"010629",85.3
117.79,-32.79,1909,7,"010629",30.1
117.79,-32.79,1909,8,"010629",121.9
117.79,-32.79,1909,9,"010629",48
117.79,-32.79,1909,10,"010629",17.7
117.79,-32.79,1909,11,"010629",18.6
117.79,-32.79,1909,12,"010629",3.8
117.79,-32.79,1910,1,"010629",42.8
117.79,-32.79,1910,2,"010629",4.1
117.79,-32.79,1910,3,"010629",0.5
117.79,-32.79,1910,4,"010629",25.2
117.79,-32.79,1910,5,"010629",97.3
117.79,-32.79,1910,6,"010629",102.9
117.79,-32.79,1910,7,"010629",82.9
117.79,-32.79,1910,8,"010629",45.8
117.79,-32.79,1910,9,"010629",NA
117.79,-32.79,1910,10,"010629",NA
117.79,-32.79,1910,11,"010629",NA
117.79,-32.79,1910,12,"010629",NA
117.79,-32.79,1911,1,"010629",5.1
117.79,-32.79,1911,2,"010629",0
117.79,-32.79,1911,3,"010629",8.9
117.79,-32.79,1911,4,"010629",45.4
117.79,-32.79,1911,5,"010629",22.4
117.79,-32.79,1911,6,"010629",52
117.79,-32.79,1911,7,"010629",64.7
117.79,-32.79,1911,8,"010629",30.9
117.79,-32.79,1911,9,"010629",24.8
117.79,-32.79,1911,10,"010629",43.2
117.79,-32.79,1911,11,"010629",0
117.79,-32.79,1911,12,"010629",5.1
117.79,-32.79,1912,1,"010629",6
117.79,-32.79,1912,2,"010629",5.8
117.79,-32.79,1912,3,"010629",18.8
117.79,-32.79,1912,4,"010629",0
117.79,-32.79,1912,5,"010629",43.6
117.79,-32.79,1912,6,"010629",24.8
117.79,-32.79,1912,7,"010629",113
117.79,-32.79,1912,8,"010629",45.8
117.79,-32.79,1912,9,"010629",48.7
117.79,-32.79,1912,10,"010629",23.6
117.79,-32.79,1912,11,"010629",10.9
117.79,-32.79,1912,12,"010629",24.3
117.79,-32.79,1913,1,"010629",5.1
117.79,-32.79,1913,2,"010629",5.1
117.79,-32.79,1913,3,"010629",4.6
117.79,-32.79,1913,4,"010629",44.6
117.79,-32.79,1913,5,"010629",5.6
117.79,-32.79,1913,6,"010629",81.7
117.79,-32.79,1913,7,"010629",61
117.79,-32.79,1913,8,"010629",51
117.79,-32.79,1913,9,"010629",51.8
117.79,-32.79,1913,10,"010629",28.4
117.79,-32.79,1913,11,"010629",31
117.79,-32.79,1913,12,"010629",115.3
117.79,-32.79,1914,1,"010629",0
117.79,-32.79,1914,2,"010629",7.4
117.79,-32.79,1914,3,"010629",4.3
117.79,-32.79,1914,4,"010629",0
117.79,-32.79,1914,5,"010629",16.5
117.79,-32.79,1914,6,"010629",29
117.79,-32.79,1914,7,"010629",42.7
117.79,-32.79,1914,8,"010629",15.3
117.79,-32.79,1914,9,"010629",5.2
117.79,-32.79,1914,10,"010629",39.1
117.79,-32.79,1914,11,"010629",34.5
117.79,-32.79,1914,12,"010629",16.8
117.79,-32.79,1915,1,"010629",32.9
117.79,-32.79,1915,2,"010629",61.3
117.79,-32.79,1915,3,"010629",12.2
117.79,-32.79,1915,4,"010629",3.6
117.79,-32.79,1915,5,"010629",68.4
117.79,-32.79,1915,6,"010629",73.7
117.79,-32.79,1915,7,"010629",52.4
117.79,-32.79,1915,8,"010629",86.6
117.79,-32.79,1915,9,"010629",45.4
117.79,-32.79,1915,10,"010629",30.5
117.79,-32.79,1915,11,"010629",0
117.79,-32.79,1915,12,"010629",0
117.79,-32.79,1916,1,"010629",34.6
117.79,-32.79,1916,2,"010629",12.2
117.79,-32.79,1916,3,"010629",10.2
117.79,-32.79,1916,4,"010629",6.8
117.79,-32.79,1916,5,"010629",45.2
117.79,-32.79,1916,6,"010629",54.4
117.79,-32.79,1916,7,"010629",76
117.79,-32.79,1916,8,"010629",50.6
117.79,-32.79,1916,9,"010629",4.3
117.79,-32.79,1916,10,"010629",28.2
117.79,-32.79,1916,11,"010629",33.1
117.79,-32.79,1916,12,"010629",0
117.79,-32.79,1917,1,"010629",0
117.79,-32.79,1917,2,"010629",5.1
117.79,-32.79,1917,3,"010629",22.9
117.79,-32.79,1917,4,"010629",32
117.79,-32.79,1917,5,"010629",53.8
117.79,-32.79,1917,6,"010629",147.4
117.79,-32.79,1917,7,"010629",73.7
117.79,-32.79,1917,8,"010629",65.3
117.79,-32.79,1917,9,"010629",59.6
117.79,-32.79,1917,10,"010629",29.2
117.79,-32.79,1917,11,"010629",4.8
117.79,-32.79,1917,12,"010629",4.3
117.79,-32.79,1918,1,"010629",0
117.79,-32.79,1918,2,"010629",24.2
117.79,-32.79,1918,3,"010629",10.6
117.79,-32.79,1918,4,"010629",19.2
117.79,-32.79,1918,5,"010629",49.7
117.79,-32.79,1918,6,"010629",99.7
117.79,-32.79,1918,7,"010629",39.9
117.79,-32.79,1918,8,"010629",99.9
117.79,-32.79,1918,9,"010629",48.1
117.79,-32.79,1918,10,"010629",21.3
117.79,-32.79,1918,11,"010629",0
117.79,-32.79,1918,12,"010629",0
117.79,-32.79,1919,1,"010629",2.5
117.79,-32.79,1919,2,"010629",0
117.79,-32.79,1919,3,"010629",17
117.79,-32.79,1919,4,"010629",71.3
117.79,-32.79,1919,5,"010629",10.4
117.79,-32.79,1919,6,"010629",35
117.79,-32.79,1919,7,"010629",54
117.79,-32.79,1919,8,"010629",46.7
117.79,-32.79,1919,9,"010629",19.9
117.79,-32.79,1919,10,"010629",21.6
117.79,-32.79,1919,11,"010629",34
117.79,-32.79,1919,12,"010629",0
117.79,-32.79,1920,1,"010629",0
117.79,-32.79,1920,2,"010629",9.9
117.79,-32.79,1920,3,"010629",29.5
117.79,-32.79,1920,4,"010629",17.3
117.79,-32.79,1920,5,"010629",57.1
117.79,-32.79,1920,6,"010629",59.7
117.79,-32.79,1920,7,"010629",37.6
117.79,-32.79,1920,8,"010629",77.8
117.79,-32.79,1920,9,"010629",3.3
117.79,-32.79,1920,10,"010629",0
117.79,-32.79,1920,11,"010629",11.9
117.79,-32.79,1920,12,"010629",0
117.79,-32.79,1921,1,"010629",6.4
117.79,-32.79,1921,2,"010629",0
117.79,-32.79,1921,3,"010629",3.3
117.79,-32.79,1921,4,"010629",0
117.79,-32.79,1921,5,"010629",118.8
117.79,-32.79,1921,6,"010629",47.3
117.79,-32.79,1921,7,"010629",60.1
117.79,-32.79,1921,8,"010629",39.3
117.79,-32.79,1921,9,"010629",35.2
117.79,-32.79,1921,10,"010629",41.6
117.79,-32.79,1921,11,"010629",2.5
117.79,-32.79,1921,12,"010629",34
117.79,-32.79,1922,1,"010629",0
117.79,-32.79,1922,2,"010629",35.3
117.79,-32.79,1922,3,"010629",0
117.79,-32.79,1922,4,"010629",57.4
117.79,-32.79,1922,5,"010629",37.1
117.79,-32.79,1922,6,"010629",43.7
117.79,-32.79,1922,7,"010629",69.7
117.79,-32.79,1922,8,"010629",63
117.79,-32.79,1922,9,"010629",26.3
117.79,-32.79,1922,10,"010629",0
117.79,-32.79,1922,11,"010629",11.4
117.79,-32.79,1922,12,"010629",17.8
117.79,-32.79,1923,1,"010629",33
117.79,-32.79,1923,2,"010629",0
117.79,-32.79,1923,3,"010629",22.9
117.79,-32.79,1923,4,"010629",74.5
117.79,-32.79,1923,5,"010629",52.9
117.79,-32.79,1923,6,"010629",107.6
117.79,-32.79,1923,7,"010629",25.5
117.79,-32.79,1923,8,"010629",24.8
117.79,-32.79,1923,9,"010629",62.3
117.79,-32.79,1923,10,"010629",20.1
117.79,-32.79,1923,11,"010629",0.3
117.79,-32.79,1923,12,"010629",5.8
117.79,-32.79,1924,1,"010629",0.5
117.79,-32.79,1924,2,"010629",0
117.79,-32.79,1924,3,"010629",0.3
117.79,-32.79,1924,4,"010629",6.1
117.79,-32.79,1924,5,"010629",63.1
117.79,-32.79,1924,6,"010629",44.4
117.79,-32.79,1924,7,"010629",55.2
117.79,-32.79,1924,8,"010629",48
117.79,-32.79,1924,9,"010629",26.9
117.79,-32.79,1924,10,"010629",42.1
117.79,-32.79,1924,11,"010629",10.4
117.79,-32.79,1924,12,"010629",2.5
117.79,-32.79,1925,1,"010629",25.1
117.79,-32.79,1925,2,"010629",47
117.79,-32.79,1925,3,"010629",41.6
117.79,-32.79,1925,4,"010629",9.2
117.79,-32.79,1925,5,"010629",38.6
117.79,-32.79,1925,6,"010629",76.5
117.79,-32.79,1925,7,"010629",40.4
117.79,-32.79,1925,8,"010629",7.1
117.79,-32.79,1925,9,"010629",32.8
117.79,-32.79,1925,10,"010629",23.1
117.79,-32.79,1925,11,"010629",0
117.79,-32.79,1925,12,"010629",33
117.79,-32.79,1926,1,"010629",5.8
117.79,-32.79,1926,2,"010629",45.1
117.79,-32.79,1926,3,"010629",53.8
117.79,-32.79,1926,4,"010629",35.7
117.79,-32.79,1926,5,"010629",46.8
117.79,-32.79,1926,6,"010629",50.8
117.79,-32.79,1926,7,"010629",138.2
117.79,-32.79,1926,8,"010629",27
117.79,-32.79,1926,9,"010629",53.4
117.79,-32.79,1926,10,"010629",38.8
117.79,-32.79,1926,11,"010629",15.7
117.79,-32.79,1926,12,"010629",9.1
117.79,-32.79,1927,1,"010629",0
117.79,-32.79,1927,2,"010629",0
117.79,-32.79,1927,3,"010629",48.2
117.79,-32.79,1927,4,"010629",11.7
117.79,-32.79,1927,5,"010629",36.9
117.79,-32.79,1927,6,"010629",83.6
117.79,-32.79,1927,7,"010629",52.1
117.79,-32.79,1927,8,"010629",31.9
117.79,-32.79,1927,9,"010629",43.2
117.79,-32.79,1927,10,"010629",42.9
117.79,-32.79,1927,11,"010629",6.9
117.79,-32.79,1927,12,"010629",0
117.79,-32.79,1928,1,"010629",23.7
117.79,-32.79,1928,2,"010629",0
117.79,-32.79,1928,3,"010629",5.1
117.79,-32.79,1928,4,"010629",58.2
117.79,-32.79,1928,5,"010629",39.4
117.79,-32.79,1928,6,"010629",27.8
117.79,-32.79,1928,7,"010629",84.1
117.79,-32.79,1928,8,"010629",107.1
117.79,-32.79,1928,9,"010629",39.1
117.79,-32.79,1928,10,"010629",15
117.79,-32.79,1928,11,"010629",1
117.79,-32.79,1928,12,"010629",8.3
117.79,-32.79,1929,1,"010629",43.2
117.79,-32.79,1929,2,"010629",7.8
117.79,-32.79,1929,3,"010629",24.4
117.79,-32.79,1929,4,"010629",8.3
117.79,-32.79,1929,5,"010629",58
117.79,-32.79,1929,6,"010629",99.2
117.79,-32.79,1929,7,"010629",55.4
117.79,-32.79,1929,8,"010629",33.2
117.79,-32.79,1929,9,"010629",23.9
117.79,-32.79,1929,10,"010629",10.7
117.79,-32.79,1929,11,"010629",59.2
117.79,-32.79,1929,12,"010629",1.1
117.79,-32.79,1930,1,"010629",0
117.79,-32.79,1930,2,"010629",0
117.79,-32.79,1930,3,"010629",73
117.79,-32.79,1930,4,"010629",35.1
117.79,-32.79,1930,5,"010629",17.6
117.79,-32.79,1930,6,"010629",115.3
117.79,-32.79,1930,7,"010629",151.7
117.79,-32.79,1930,8,"010629",43.4
117.79,-32.79,1930,9,"010629",27
117.79,-32.79,1930,10,"010629",7.1
117.79,-32.79,1930,11,"010629",3.6
117.79,-32.79,1930,12,"010629",16
117.79,-32.79,1931,1,"010629",0
117.79,-32.79,1931,2,"010629",0
117.79,-32.79,1931,3,"010629",4
117.79,-32.79,1931,4,"010629",NA
117.79,-32.79,1931,5,"010629",NA
117.79,-32.79,1931,6,"010629",NA
117.79,-32.79,1931,7,"010629",73.2
117.79,-32.79,1931,8,"010629",104.8
117.79,-32.79,1931,9,"010629",83.1
117.79,-32.79,1931,10,"010629",11.3
117.79,-32.79,1931,11,"010629",10.7
117.79,-32.79,1931,12,"010629",8.1
117.79,-32.79,1932,1,"010629",30.7
117.79,-32.79,1932,2,"010629",1
117.79,-32.79,1932,3,"010629",15.2
117.79,-32.79,1932,4,"010629",25.9
117.79,-32.79,1932,5,"010629",84
117.79,-32.79,1932,6,"010629",36.3
117.79,-32.79,1932,7,"010629",81
117.79,-32.79,1932,8,"010629",83.5
117.79,-32.79,1932,9,"010629",29.7
117.79,-32.79,1932,10,"010629",60.4
117.79,-32.79,1932,11,"010629",0
117.79,-32.79,1932,12,"010629",0
117.79,-32.79,1933,1,"010629",88.9
117.79,-32.79,1933,2,"010629",0
117.79,-32.79,1933,3,"010629",41.6
117.79,-32.79,1933,4,"010629",7.1
117.79,-32.79,1933,5,"010629",60.5
117.79,-32.79,1933,6,"010629",88.8
117.79,-32.79,1933,7,"010629",34.3
117.79,-32.79,1933,8,"010629",36.6
117.79,-32.79,1933,9,"010629",24.8
117.79,-32.79,1933,10,"010629",39
117.79,-32.79,1933,11,"010629",0
117.79,-32.79,1933,12,"010629",0.8
117.79,-32.79,1934,1,"010629",8.4
117.79,-32.79,1934,2,"010629",2.5
117.79,-32.79,1934,3,"010629",67.1
117.79,-32.79,1934,4,"010629",42.5
117.79,-32.79,1934,5,"010629",49.8
117.79,-32.79,1934,6,"010629",58.6
117.79,-32.79,1934,7,"010629",62.1
117.79,-32.79,1934,8,"010629",42.2
117.79,-32.79,1934,9,"010629",16.9
117.79,-32.79,1934,10,"010629",11.5
117.79,-32.79,1934,11,"010629",21.6
117.79,-32.79,1934,12,"010629",0
117.79,-32.79,1935,1,"010629",15.2
117.79,-32.79,1935,2,"010629",16
117.79,-32.79,1935,3,"010629",6.4
117.79,-32.79,1935,4,"010629",21.3
117.79,-32.79,1935,5,"010629",37.6
117.79,-32.79,1935,6,"010629",40.9
117.79,-32.79,1935,7,"010629",107.5
117.79,-32.79,1935,8,"010629",60.4
117.79,-32.79,1935,9,"010629",51.9
117.79,-32.79,1935,10,"010629",59.2
117.79,-32.79,1935,11,"010629",0
117.79,-32.79,1935,12,"010629",1
117.79,-32.79,1937,1,"010629",0
117.79,-32.79,1937,2,"010629",0
117.79,-32.79,1937,3,"010629",18.5
117.79,-32.79,1937,4,"010629",30.5
117.79,-32.79,1937,5,"010629",91.4
117.79,-32.79,1937,6,"010629",65
117.79,-32.79,1937,7,"010629",10.2
117.79,-32.79,1937,8,"010629",59.9
117.79,-32.79,1937,9,"010629",14.7
117.79,-32.79,1937,10,"010629",5.6
117.79,-32.79,1937,11,"010629",17.8
117.79,-32.79,1937,12,"010629",0
117.79,-32.79,1938,1,"010629",7.1
117.79,-32.79,1938,2,"010629",22.1
117.79,-32.79,1938,3,"010629",63.4
117.79,-32.79,1938,4,"010629",0
117.79,-32.79,1938,5,"010629",0
117.79,-32.79,1938,6,"010629",32.6
117.79,-32.79,1938,7,"010629",75.8
117.79,-32.79,1938,8,"010629",33.3
117.79,-32.79,1938,9,"010629",39.9
117.79,-32.79,1938,10,"010629",10
117.79,-32.79,1938,11,"010629",19.1
117.79,-32.79,1938,12,"010629",0
117.79,-32.79,1939,1,"010629",0
117.79,-32.79,1939,2,"010629",61
117.79,-32.79,1939,3,"010629",0
117.79,-32.79,1939,4,"010629",76.2
117.79,-32.79,1939,5,"010629",105.1
117.79,-32.79,1939,6,"010629",46.4
117.79,-32.79,1939,7,"010629",107.7
117.79,-32.79,1939,8,"010629",61.1
117.79,-32.79,1939,9,"010629",42.9
117.79,-32.79,1939,10,"010629",72.8
117.79,-32.79,1939,11,"010629",26.2
117.79,-32.79,1939,12,"010629",0
117.79,-32.79,1940,1,"010629",11.4
117.79,-32.79,1940,2,"010629",0
117.79,-32.79,1940,3,"010629",0
117.79,-32.79,1940,4,"010629",22.7
117.79,-32.79,1940,5,"010629",10.6
117.79,-32.79,1940,6,"010629",36.7
117.79,-32.79,1940,7,"010629",51
117.79,-32.79,1940,8,"010629",12.7
117.79,-32.79,1940,9,"010629",37.1
117.79,-32.79,1940,10,"010629",11.6
117.79,-32.79,1940,11,"010629",8.9
117.79,-32.79,1940,12,"010629",31.5
117.79,-32.79,1941,1,"010629",0
117.79,-32.79,1941,2,"010629",0
117.79,-32.79,1941,3,"010629",10.7
117.79,-32.79,1941,4,"010629",27.6
117.79,-32.79,1941,5,"010629",9.4
117.79,-32.79,1941,6,"010629",70.6
117.79,-32.79,1941,7,"010629",48.4
117.79,-32.79,1941,8,"010629",40.7
117.79,-32.79,1941,9,"010629",41.7
117.79,-32.79,1941,10,"010629",24.7
117.79,-32.79,1941,11,"010629",7.9
117.79,-32.79,1941,12,"010629",38.1
117.79,-32.79,1942,1,"010629",0
117.79,-32.79,1942,2,"010629",0
117.79,-32.79,1942,3,"010629",108.2
117.79,-32.79,1942,4,"010629",80.5
117.79,-32.79,1942,5,"010629",81
117.79,-32.79,1942,6,"010629",50.1
117.79,-32.79,1942,7,"010629",71.9
117.79,-32.79,1942,8,"010629",33.3
117.79,-32.79,1942,9,"010629",34
117.79,-32.79,1942,10,"010629",13.5
117.79,-32.79,1942,11,"010629",0
117.79,-32.79,1942,12,"010629",30
117.79,-32.79,1943,1,"010629",15.2
117.79,-32.79,1943,2,"010629",15.7
117.79,-32.79,1943,3,"010629",27.4
117.79,-32.79,1943,4,"010629",28.4
117.79,-32.79,1943,5,"010629",36.1
117.79,-32.79,1943,6,"010629",57.7
117.79,-32.79,1943,7,"010629",51.5
117.79,-32.79,1943,8,"010629",49
117.79,-32.79,1943,9,"010629",58.6
117.79,-32.79,1943,10,"010629",19.4
117.79,-32.79,1943,11,"010629",0
117.79,-32.79,1943,12,"010629",0
117.79,-32.79,1944,1,"010629",3.8
117.79,-32.79,1944,2,"010629",14
117.79,-32.79,1944,3,"010629",0
117.79,-32.79,1944,4,"010629",20.3
117.79,-32.79,1944,5,"010629",51.3
117.79,-32.79,1944,6,"010629",25.9
117.79,-32.79,1944,7,"010629",69.5
117.79,-32.79,1944,8,"010629",51.7
117.79,-32.79,1944,9,"010629",11.1
117.79,-32.79,1944,10,"010629",5.1
117.79,-32.79,1944,11,"010629",3.8
117.79,-32.79,1944,12,"010629",8.9
117.79,-32.79,1945,1,"010629",0
117.79,-32.79,1945,2,"010629",1.5
117.79,-32.79,1945,3,"010629",40.2
117.79,-32.79,1945,4,"010629",5.1
117.79,-32.79,1945,5,"010629",39.1
117.79,-32.79,1945,6,"010629",280.6
117.79,-32.79,1945,7,"010629",84
117.79,-32.79,1945,8,"010629",104.3
117.79,-32.79,1945,9,"010629",28.4
117.79,-32.79,1945,10,"010629",4.8
117.79,-32.79,1945,11,"010629",5.3
117.79,-32.79,1945,12,"010629",7.9
117.79,-32.79,1946,1,"010629",0
117.79,-32.79,1946,2,"010629",NA
117.79,-32.79,1946,3,"010629",NA
117.79,-32.79,1946,4,"010629",NA
117.79,-32.79,1946,5,"010629",NA
117.79,-32.79,1946,6,"010629",NA
117.79,-32.79,1946,7,"010629",NA
117.79,-32.79,1946,8,"010629",NA
117.79,-32.79,1946,9,"010629",NA
117.79,-32.79,1946,10,"010629",NA
117.79,-32.79,1946,11,"010629",NA
117.79,-32.79,1946,12,"010629",NA
117.79,-32.79,1949,1,"010629",NA
117.79,-32.79,1949,2,"010629",NA
117.79,-32.79,1949,3,"010629",5.6
117.79,-32.79,1949,4,"010629",20.3
117.79,-32.79,1949,5,"010629",18.3
117.79,-32.79,1949,6,"010629",37.5
117.79,-32.79,1949,7,"010629",75.6
117.79,-32.79,1949,8,"010629",81.1
117.79,-32.79,1949,9,"010629",29.3
117.79,-32.79,1949,10,"010629",19.3
117.79,-32.79,1949,11,"010629",21
117.79,-32.79,1949,12,"010629",0
117.79,-32.79,1950,1,"010629",4.1
117.79,-32.79,1950,2,"010629",0
117.79,-32.79,1950,3,"010629",1.8
117.79,-32.79,1950,4,"010629",0
117.79,-32.79,1950,5,"010629",100.1
117.79,-32.79,1950,6,"010629",47
117.79,-32.79,1950,7,"010629",60.6
117.79,-32.79,1950,8,"010629",24.2
117.79,-32.79,1950,9,"010629",28.8
117.79,-32.79,1950,10,"010629",18.3
117.79,-32.79,1950,11,"010629",9.9
117.79,-32.79,1950,12,"010629",0
117.79,-32.79,1951,1,"010629",4
117.79,-32.79,1951,2,"010629",27.1
117.79,-32.79,1951,3,"010629",2.6
117.79,-32.79,1951,4,"010629",80.7
117.79,-32.79,1951,5,"010629",21.2
117.79,-32.79,1951,6,"010629",83.1
117.79,-32.79,1951,7,"010629",32.4
117.79,-32.79,1951,8,"010629",33.5
117.79,-32.79,1951,9,"010629",42.7
117.79,-32.79,1951,10,"010629",41.9
117.79,-32.79,1951,11,"010629",2.3
117.79,-32.79,1951,12,"010629",16.5
117.79,-32.79,1952,1,"010629",5.6
117.79,-32.79,1952,2,"010629",3.6
117.79,-32.79,1952,3,"010629",13.5
117.79,-32.79,1952,4,"010629",2.3
117.79,-32.79,1952,5,"010629",69.5
117.79,-32.79,1952,6,"010629",95.4
117.79,-32.79,1952,7,"010629",49.8
117.79,-32.79,1952,8,"010629",21.3
117.79,-32.79,1952,9,"010629",28.7
117.79,-32.79,1952,10,"010629",33.3
117.79,-32.79,1952,11,"010629",23.1
117.79,-32.79,1952,12,"010629",15
117.79,-32.79,1953,1,"010629",0
117.79,-32.79,1953,2,"010629",3.6
117.79,-32.79,1953,3,"010629",14.8
117.79,-32.79,1953,4,"010629",28.3
117.79,-32.79,1953,5,"010629",122.5
117.79,-32.79,1953,6,"010629",86.3
117.79,-32.79,1953,7,"010629",44
117.79,-32.79,1953,8,"010629",27
117.79,-32.79,1953,9,"010629",22.1
117.79,-32.79,1953,10,"010629",67.1
117.79,-32.79,1953,11,"010629",10.3
117.79,-32.79,1953,12,"010629",0
117.79,-32.79,1954,1,"010629",0
117.79,-32.79,1954,2,"010629",0
117.79,-32.79,1954,3,"010629",0
117.79,-32.79,1954,4,"010629",5.1
117.79,-32.79,1954,5,"010629",55.3
117.79,-32.79,1954,6,"010629",34.1
117.79,-32.79,1954,7,"010629",67.3
117.79,-32.79,1954,8,"010629",35.4
117.79,-32.79,1954,9,"010629",9.2
117.79,-32.79,1954,10,"010629",5.3
117.79,-32.79,1954,11,"010629",12
117.79,-32.79,1954,12,"010629",4.1
117.79,-32.79,1955,1,"010629",0
117.79,-32.79,1955,2,"010629",171.2
117.79,-32.79,1955,3,"010629",37.1
117.79,-32.79,1955,4,"010629",61.1
117.79,-32.79,1955,5,"010629",41
117.79,-32.79,1955,6,"010629",21.4
117.79,-32.79,1955,7,"010629",42.2
117.79,-32.79,1955,8,"010629",127.3
117.79,-32.79,1955,9,"010629",39.2
117.79,-32.79,1955,10,"010629",25.4
117.79,-32.79,1955,11,"010629",2.3
117.79,-32.79,1955,12,"010629",9.1
117.79,-32.79,1956,1,"010629",NA
117.79,-32.79,1956,2,"010629",NA
117.79,-32.79,1956,3,"010629",NA
117.79,-32.79,1956,4,"010629",NA
117.79,-32.79,1956,5,"010629",NA
117.79,-32.79,1956,6,"010629",NA
117.79,-32.79,1956,7,"010629",81.5
117.79,-32.79,1956,8,"010629",9.7
117.79,-32.79,1956,9,"010629",25.9
117.79,-32.79,1956,10,"010629",28.5
117.79,-32.79,1956,11,"010629",45.4
117.79,-32.79,1956,12,"010629",0
117.79,-32.79,1957,1,"010629",15.2
117.79,-32.79,1957,2,"010629",6.6
117.79,-32.79,1957,3,"010629",12
117.79,-32.79,1957,4,"010629",23.5
117.79,-32.79,1957,5,"010629",43.8
117.79,-32.79,1957,6,"010629",76.2
117.79,-32.79,1957,7,"010629",20.1
117.79,-32.79,1957,8,"010629",40.9
117.79,-32.79,1957,9,"010629",9.7
117.79,-32.79,1957,10,"010629",17.1
117.79,-32.79,1957,11,"010629",0
117.79,-32.79,1957,12,"010629",0
117.79,-32.79,1963,1,"010629",3
117.79,-32.79,1963,2,"010629",43.9
117.79,-32.79,1963,3,"010629",14.5
117.79,-32.79,1963,4,"010629",18.2
117.79,-32.79,1963,5,"010629",66.4
117.79,-32.79,1963,6,"010629",106.7
117.79,-32.79,1963,7,"010629",58.3
117.79,-32.79,1963,8,"010629",66.5
117.79,-32.79,1963,9,"010629",31.1
117.79,-32.79,1963,10,"010629",14.3
117.79,-32.79,1963,11,"010629",20
117.79,-32.79,1963,12,"010629",0
117.79,-32.79,1964,1,"010629",1.3
117.79,-32.79,1964,2,"010629",6
117.79,-32.79,1964,3,"010629",6.4
117.79,-32.79,1964,4,"010629",46.4
117.79,-32.79,1964,5,"010629",13.7
117.79,-32.79,1964,6,"010629",123.8
117.79,-32.79,1964,7,"010629",113.3
117.79,-32.79,1964,8,"010629",57.5
117.79,-32.79,1964,9,"010629",27.8
117.79,-32.79,1964,10,"010629",14.6
117.79,-32.79,1964,11,"010629",1.8
117.79,-32.79,1964,12,"010629",7.6
117.79,-32.79,1965,1,"010629",1.3
117.79,-32.79,1965,2,"010629",4.1
117.79,-32.79,1965,3,"010629",9.5
117.79,-32.79,1965,4,"010629",3.8
117.79,-32.79,1965,5,"010629",70.2
117.79,-32.79,1965,6,"010629",61.7
117.79,-32.79,1965,7,"010629",57.5
117.79,-32.79,1965,8,"010629",67.1
117.79,-32.79,1965,9,"010629",30.6
117.79,-32.79,1965,10,"010629",59.5
117.79,-32.79,1965,11,"010629",37.1
117.79,-32.79,1965,12,"010629",41.4
117.79,-32.79,1966,1,"010629",4.1
117.79,-32.79,1966,2,"010629",25.6
117.79,-32.79,1966,3,"010629",0
117.79,-32.79,1966,4,"010629",26.4
117.79,-32.79,1966,5,"010629",6.3
117.79,-32.79,1966,6,"010629",79.7
117.79,-32.79,1966,7,"010629",87.5
117.79,-32.79,1966,8,"010629",20.4
117.79,-32.79,1966,9,"010629",30.6
117.79,-32.79,1966,10,"010629",32.6
117.79,-32.79,1966,11,"010629",0
117.79,-32.79,1966,12,"010629",0
117.79,-32.79,1967,1,"010629",4.1
117.79,-32.79,1967,2,"010629",8.1
117.79,-32.79,1967,3,"010629",3.8
117.79,-32.79,1967,4,"010629",20
117.79,-32.79,1967,5,"010629",111.8
117.79,-32.79,1967,6,"010629",82.8
117.79,-32.79,1967,7,"010629",45.2
117.79,-32.79,1967,8,"010629",28.7
117.79,-32.79,1967,9,"010629",10.2
117.79,-32.79,1967,10,"010629",4.8
117.79,-32.79,1967,11,"010629",0
117.79,-32.79,1967,12,"010629",12.7
117.79,-32.79,1968,1,"010629",53
117.79,-32.79,1968,2,"010629",23.2
117.79,-32.79,1968,3,"010629",86.6
117.79,-32.79,1968,4,"010629",54
117.79,-32.79,1968,5,"010629",49.1
117.79,-32.79,1968,6,"010629",113.6
117.79,-32.79,1968,7,"010629",33.8
117.79,-32.79,1968,8,"010629",23.9
117.79,-32.79,1968,9,"010629",42.1
117.79,-32.79,1968,10,"010629",14.8
117.79,-32.79,1968,11,"010629",0
117.79,-32.79,1968,12,"010629",0
117.79,-32.79,1969,1,"010629",0
117.79,-32.79,1969,2,"010629",0
117.79,-32.79,1969,3,"010629",21.6
117.79,-32.79,1969,4,"010629",11.5
117.79,-32.79,1969,5,"010629",33.8
117.79,-32.79,1969,6,"010629",74.4
117.79,-32.79,1969,7,"010629",29
117.79,-32.79,1969,8,"010629",26
117.79,-32.79,1969,9,"010629",44.9
117.79,-32.79,1969,10,"010629",0
117.79,-32.79,1969,11,"010629",14
117.79,-32.79,1969,12,"010629",2.5
117.79,-32.79,1970,1,"010629",0
117.79,-32.79,1970,2,"010629",43.2
117.79,-32.79,1970,3,"010629",0
117.79,-32.79,1970,4,"010629",13.2
117.79,-32.79,1970,5,"010629",44.7
117.79,-32.79,1970,6,"010629",76.7
117.79,-32.79,1970,7,"010629",21.9
117.79,-32.79,1970,8,"010629",25.6
117.79,-32.79,1970,9,"010629",72.8
117.79,-32.79,1970,10,"010629",36.3
117.79,-32.79,1970,11,"010629",8.3
117.79,-32.79,1970,12,"010629",1.5
117.79,-32.79,1971,1,"010629",0
117.79,-32.79,1971,2,"010629",32
117.79,-32.79,1971,3,"010629",66.5
117.79,-32.79,1971,4,"010629",0
117.79,-32.79,1971,5,"010629",33.5
117.79,-32.79,1971,6,"010629",26.3
117.79,-32.79,1971,7,"010629",23.3
117.79,-32.79,1971,8,"010629",35.5
117.79,-32.79,1971,9,"010629",47.5
117.79,-32.79,1971,10,"010629",24.9
117.79,-32.79,1971,11,"010629",64.3
117.79,-32.79,1971,12,"010629",0
117.79,-32.79,1972,1,"010629",0
117.79,-32.79,1972,2,"010629",0
117.79,-32.79,1972,3,"010629",0
117.79,-32.79,1972,4,"010629",8.9
117.79,-32.79,1972,5,"010629",31.5
117.79,-32.79,1972,6,"010629",36.3
117.79,-32.79,1972,7,"010629",73.9
117.79,-32.79,1972,8,"010629",35.6
117.79,-32.79,1972,9,"010629",12.9
117.79,-32.79,1972,10,"010629",13.8
117.79,-32.79,1972,11,"010629",26.7
117.79,-32.79,1972,12,"010629",0
117.79,-32.79,1973,1,"010629",8.1
117.79,-32.79,1973,2,"010629",0
117.79,-32.79,1973,3,"010629",0
117.79,-32.79,1973,4,"010629",16.9
117.79,-32.79,1973,5,"010629",18
117.79,-32.79,1973,6,"010629",80.6
117.79,-32.79,1973,7,"010629",87.1
117.79,-32.79,1973,8,"010629",46.2
117.79,-32.79,1973,9,"010629",64
117.79,-32.79,1973,10,"010629",30.5
117.79,-32.79,1973,11,"010629",55.1
117.79,-32.79,1973,12,"010629",0
117.79,-32.79,1974,1,"010629",0
117.79,-32.79,1974,2,"010629",5.4
117.79,-32.79,1974,3,"010629",8
117.79,-32.79,1974,4,"010629",98.2
117.79,-32.79,1974,5,"010629",99.3
117.79,-32.79,1974,6,"010629",43.2
117.79,-32.79,1974,7,"010629",69.6
117.79,-32.79,1974,8,"010629",56
117.79,-32.79,1974,9,"010629",25.6
117.79,-32.79,1974,10,"010629",36.5
117.79,-32.79,1974,11,"010629",18
117.79,-32.79,1974,12,"010629",0
117.79,-32.79,1975,1,"010629",0
117.79,-32.79,1975,2,"010629",0
117.79,-32.79,1975,3,"010629",0
117.79,-32.79,1975,4,"010629",62.2
117.79,-32.79,1975,5,"010629",45
117.79,-32.79,1975,6,"010629",33.2
117.79,-32.79,1975,7,"010629",59.2
117.79,-32.79,1975,8,"010629",44.1
117.79,-32.79,1975,9,"010629",29.7
117.79,-32.79,1975,10,"010629",22.2
117.79,-32.79,1975,11,"010629",7
117.79,-32.79,1975,12,"010629",0
117.79,-32.79,1976,1,"010629",17
117.79,-32.79,1976,2,"010629",67
117.79,-32.79,1976,3,"010629",2.6
117.79,-32.79,1976,4,"010629",25.4
117.79,-32.79,1976,5,"010629",35.8
117.79,-32.79,1976,6,"010629",18.3
117.79,-32.79,1976,7,"010629",23.8
117.79,-32.79,1976,8,"010629",133.6
117.79,-32.79,1976,9,"010629",36.4
117.79,-32.79,1976,10,"010629",23.8
117.79,-32.79,1976,11,"010629",0
117.79,-32.79,1976,12,"010629",0
117.79,-32.79,1977,1,"010629",0
117.79,-32.79,1977,2,"010629",0
117.79,-32.79,1977,3,"010629",0
117.79,-32.79,1977,4,"010629",3.8
117.79,-32.79,1977,5,"010629",44.8
117.79,-32.79,1977,6,"010629",35.6
117.79,-32.79,1977,7,"010629",31
117.79,-32.79,1977,8,"010629",45.7
117.79,-32.79,1977,9,"010629",24
117.79,-32.79,1977,10,"010629",59.8
117.79,-32.79,1977,11,"010629",9
117.79,-32.79,1977,12,"010629",16.2
117.79,-32.79,1978,1,"010629",3.8
117.79,-32.79,1978,2,"010629",16.5
117.79,-32.79,1978,3,"010629",0
117.79,-32.79,1978,4,"010629",17.6
117.79,-32.79,1978,5,"010629",17.6
117.79,-32.79,1978,6,"010629",74.5
117.79,-32.79,1978,7,"010629",72
117.79,-32.79,1978,8,"010629",17.6
117.79,-32.79,1978,9,"010629",33.6
117.79,-32.79,1978,10,"010629",14
117.79,-32.79,1978,11,"010629",5.4
117.79,-32.79,1978,12,"010629",23.4
117.79,-32.79,1979,1,"010629",17
117.79,-32.79,1979,2,"010629",16
117.79,-32.79,1979,3,"010629",15.2
117.79,-32.79,1979,4,"010629",15.4
117.79,-32.79,1979,5,"010629",26.6
117.79,-32.79,1979,6,"010629",38.4
117.79,-32.79,1979,7,"010629",30.6
117.79,-32.79,1979,8,"010629",32.6
117.79,-32.79,1979,9,"010629",35.2
117.79,-32.79,1979,10,"010629",10.5
117.79,-32.79,1979,11,"010629",10.8
117.79,-32.79,1979,12,"010629",1
117.79,-32.79,1980,1,"010629",0
117.79,-32.79,1980,2,"010629",82
117.79,-32.79,1980,3,"010629",0
117.79,-32.79,1980,4,"010629",16.2
117.79,-32.79,1980,5,"010629",22.6
117.79,-32.79,1980,6,"010629",33.2
117.79,-32.79,1980,7,"010629",27.1
117.79,-32.79,1980,8,"010629",29.3
117.79,-32.79,1980,9,"010629",15.4
117.79,-32.79,1980,10,"010629",59.3
117.79,-32.79,1980,11,"010629",1
117.79,-32.79,1980,12,"010629",66.4
117.79,-32.79,1981,1,"010629",1
117.79,-32.79,1981,2,"010629",56
117.79,-32.79,1981,3,"010629",3.2
117.79,-32.79,1981,4,"010629",37
117.79,-32.79,1981,5,"010629",60.6
117.79,-32.79,1981,6,"010629",56.6
117.79,-32.79,1981,7,"010629",50.2
117.79,-32.79,1981,8,"010629",33.2
117.79,-32.79,1981,9,"010629",18
117.79,-32.79,1981,10,"010629",9.8
117.79,-32.79,1981,11,"010629",33.2
117.79,-32.79,1981,12,"010629",1.2
117.79,-32.79,1982,1,"010629",99
117.79,-32.79,1982,2,"010629",2.4
117.79,-32.79,1982,3,"010629",4.6
117.79,-32.79,1982,4,"010629",0
117.79,-32.79,1982,5,"010629",32.6
117.79,-32.79,1982,6,"010629",51.6
117.79,-32.79,1982,7,"010629",33.8
117.79,-32.79,1982,8,"010629",67.8
117.79,-32.79,1982,9,"010629",50
117.79,-32.79,1982,10,"010629",15.6
117.79,-32.79,1982,11,"010629",28
117.79,-32.79,1982,12,"010629",1.6
117.79,-32.79,1983,1,"010629",2.6
117.79,-32.79,1983,2,"010629",10.3
117.79,-32.79,1983,3,"010629",3.8
117.79,-32.79,1983,4,"010629",0
117.79,-32.79,1983,5,"010629",17.4
117.79,-32.79,1983,6,"010629",161.2
117.79,-32.79,1983,7,"010629",86.2
117.79,-32.79,1983,8,"010629",38.2
117.79,-32.79,1983,9,"010629",35.7
117.79,-32.79,1983,10,"010629",8.8
117.79,-32.79,1983,11,"010629",41.3
117.79,-32.79,1983,12,"010629",31.2
117.79,-32.79,1984,1,"010629",0
117.79,-32.79,1984,2,"010629",4.4
117.79,-32.79,1984,3,"010629",17.4
117.79,-32.79,1984,4,"010629",33.8
117.79,-32.79,1984,5,"010629",72.6
117.79,-32.79,1984,6,"010629",26.4
117.79,-32.79,1984,7,"010629",38.6
117.79,-32.79,1984,8,"010629",32
117.79,-32.79,1984,9,"010629",51.6
117.79,-32.79,1984,10,"010629",6.4
117.79,-32.79,1984,11,"010629",37.4
117.79,-32.79,1984,12,"010629",4.8
117.79,-32.79,1985,1,"010629",0
117.79,-32.79,1985,2,"010629",27.8
117.79,-32.79,1985,3,"010629",2.2
117.79,-32.79,1985,4,"010629",28
117.79,-32.79,1985,5,"010629",14
117.79,-32.79,1985,6,"010629",38.8
117.79,-32.79,1985,7,"010629",80.7
117.79,-32.79,1985,8,"010629",61.4
117.79,-32.79,1985,9,"010629",29.6
117.79,-32.79,1985,10,"010629",19.4
117.79,-32.79,1985,11,"010629",22
117.79,-32.79,1985,12,"010629",0.4
117.79,-32.79,1986,1,"010629",1.4
117.79,-32.79,1986,2,"010629",51.6
117.79,-32.79,1986,3,"010629",13.6
117.79,-32.79,1986,4,"010629",0
117.79,-32.79,1986,5,"010629",34.2
117.79,-32.79,1986,6,"010629",62
117.79,-32.79,1986,7,"010629",34
117.79,-32.79,1986,8,"010629",36.9
117.79,-32.79,1986,9,"010629",16.8
117.79,-32.79,1986,10,"010629",7
117.79,-32.79,1986,11,"010629",21.1
117.79,-32.79,1986,12,"010629",3
117.79,-32.79,1987,1,"010629",0
117.79,-32.79,1987,2,"010629",0
117.79,-32.79,1987,3,"010629",4.8
117.79,-32.79,1987,4,"010629",45.4
117.79,-32.79,1987,5,"010629",39.8
117.79,-32.79,1987,6,"010629",47.6
117.79,-32.79,1987,7,"010629",83
117.79,-32.79,1987,8,"010629",39.8
117.79,-32.79,1987,9,"010629",38.4
117.79,-32.79,1987,10,"010629",9.2
117.79,-32.79,1987,11,"010629",42.6
117.79,-32.79,1987,12,"010629",13
117.79,-32.79,1988,1,"010629",0
117.79,-32.79,1988,2,"010629",0
117.79,-32.79,1988,3,"010629",32
117.79,-32.79,1988,4,"010629",33.4
117.79,-32.79,1988,5,"010629",77.6
117.79,-32.79,1988,6,"010629",82.4
117.79,-32.79,1988,7,"010629",58.7
117.79,-32.79,1988,8,"010629",52.2
117.79,-32.79,1988,9,"010629",44.6
117.79,-32.79,1988,10,"010629",12.2
117.79,-32.79,1988,11,"010629",6.4
117.79,-32.79,1988,12,"010629",24.2
117.79,-32.79,1989,1,"010629",14.8
117.79,-32.79,1989,2,"010629",21
117.79,-32.79,1989,3,"010629",0
117.79,-32.79,1989,4,"010629",31
117.79,-32.79,1989,5,"010629",76
117.79,-32.79,1989,6,"010629",47.4
117.79,-32.79,1989,7,"010629",42.6
117.79,-32.79,1989,8,"010629",31.8
117.79,-32.79,1989,9,"010629",13.6
117.79,-32.79,1989,10,"010629",24
117.79,-32.79,1989,11,"010629",3
117.79,-32.79,1989,12,"010629",0
117.79,-32.79,1990,1,"010629",116.2
117.79,-32.79,1990,2,"010629",24.6
117.79,-32.79,1990,3,"010629",19.2
117.79,-32.79,1990,4,"010629",25.4
117.79,-32.79,1990,5,"010629",61.4
117.79,-32.79,1990,6,"010629",21
117.79,-32.79,1990,7,"010629",82.4
117.79,-32.79,1990,8,"010629",25.4
117.79,-32.79,1990,9,"010629",26
117.79,-32.79,1990,10,"010629",30.6
117.79,-32.79,1990,11,"010629",3.2
117.79,-32.79,1990,12,"010629",1.8
117.79,-32.79,1991,1,"010629",24.9
117.79,-32.79,1991,2,"010629",22.8
117.79,-32.79,1991,3,"010629",0
117.79,-32.79,1991,4,"010629",39.8
117.79,-32.79,1991,5,"010629",21.2
117.79,-32.79,1991,6,"010629",45.2
117.79,-32.79,1991,7,"010629",77.2
117.79,-32.79,1991,8,"010629",50.4
117.79,-32.79,1991,9,"010629",32.6
117.79,-32.79,1991,10,"010629",18.2
117.79,-32.79,1991,11,"010629",33
117.79,-32.79,1991,12,"010629",25.4
117.79,-32.79,1992,1,"010629",0.4
117.79,-32.79,1992,2,"010629",24.2
117.79,-32.79,1992,3,"010629",12
117.79,-32.79,1992,4,"010629",40
117.79,-32.79,1992,5,"010629",17
117.79,-32.79,1992,6,"010629",120.8
117.79,-32.79,1992,7,"010629",35.3
117.79,-32.79,1992,8,"010629",93.2
117.79,-32.79,1992,9,"010629",48.8
117.79,-32.79,1992,10,"010629",12.2
117.79,-32.79,1992,11,"010629",20.8
117.79,-32.79,1992,12,"010629",12.6
117.79,-32.79,1993,1,"010629",0
117.79,-32.79,1993,2,"010629",54.6
117.79,-32.79,1993,3,"010629",37.2
117.79,-32.79,1993,4,"010629",5
117.79,-32.79,1993,5,"010629",91.6
117.79,-32.79,1993,6,"010629",54.2
117.79,-32.79,1993,7,"010629",49
117.79,-32.79,1993,8,"010629",41.4
117.79,-32.79,1993,9,"010629",36.8
117.79,-32.79,1993,10,"010629",12.6
117.79,-32.79,1993,11,"010629",37
117.79,-32.79,1993,12,"010629",7.4
117.79,-32.79,1994,1,"010629",0
117.79,-32.79,1994,2,"010629",0
117.79,-32.79,1994,3,"010629",0
117.79,-32.79,1994,4,"010629",0.2
117.79,-32.79,1994,5,"010629",78.2
117.79,-32.79,1994,6,"010629",51.4
117.79,-32.79,1994,7,"010629",37
117.79,-32.79,1994,8,"010629",45.6
117.79,-32.79,1994,9,"010629",19
117.79,-32.79,1994,10,"010629",16
117.79,-32.79,1994,11,"010629",5.6
117.79,-32.79,1994,12,"010629",2.6
117.79,-32.79,1995,1,"010629",14.2
117.79,-32.79,1995,2,"010629",0.8
117.79,-32.79,1995,3,"010629",4.2
117.79,-32.79,1995,4,"010629",11.2
117.79,-32.79,1995,5,"010629",61.2
117.79,-32.79,1995,6,"010629",56.6
117.79,-32.79,1995,7,"010629",75.2
117.79,-32.79,1995,8,"010629",16.3
117.79,-32.79,1995,9,"010629",24.4
117.79,-32.79,1995,10,"010629",54.6
117.79,-32.79,1995,11,"010629",8.3
117.79,-32.79,1995,12,"010629",13.4
117.79,-32.79,1996,1,"010629",0
117.79,-32.79,1996,2,"010629",0
117.79,-32.79,1996,3,"010629",3
117.79,-32.79,1996,4,"010629",0
117.79,-32.79,1996,5,"010629",15
117.79,-32.79,1996,6,"010629",66.5
117.79,-32.79,1996,7,"010629",98
117.79,-32.79,1996,8,"010629",35
117.79,-32.79,1996,9,"010629",37.5
117.79,-32.79,1996,10,"010629",9
117.79,-32.79,1996,11,"010629",24
117.79,-32.79,1996,12,"010629",0.5
117.79,-32.79,1997,1,"010629",0
117.79,-32.79,1997,2,"010629",29
117.79,-32.79,1997,3,"010629",57
117.79,-32.79,1997,4,"010629",22
117.79,-32.79,1997,5,"010629",36.5
117.79,-32.79,1997,6,"010629",32.5
117.79,-32.79,1997,7,"010629",38.5
117.79,-32.79,1997,8,"010629",61
117.79,-32.79,1997,9,"010629",46.5
117.79,-32.79,1997,10,"010629",20.5
117.79,-32.79,1997,11,"010629",3.5
117.79,-32.79,1997,12,"010629",0
117.79,-32.79,1998,1,"010629",0
117.79,-32.79,1998,2,"010629",0
117.79,-32.79,1998,3,"010629",27
117.79,-32.79,1998,4,"010629",51
117.79,-32.79,1998,5,"010629",32.5
117.79,-32.79,1998,6,"010629",92
117.79,-32.79,1998,7,"010629",20.5
117.79,-32.79,1998,8,"010629",77.5
117.79,-32.79,1998,9,"010629",28
117.79,-32.79,1998,10,"010629",24
117.79,-32.79,1998,11,"010629",14
117.79,-32.79,1998,12,"010629",16.5
117.79,-32.79,1999,1,"010629",0
117.79,-32.79,1999,2,"010629",0
117.79,-32.79,1999,3,"010629",20
117.79,-32.79,1999,4,"010629",12
117.79,-32.79,1999,5,"010629",66.5
117.79,-32.79,1999,6,"010629",48
117.79,-32.79,1999,7,"010629",56
117.79,-32.79,1999,8,"010629",51.5
117.79,-32.79,1999,9,"010629",46.5
117.79,-32.79,1999,10,"010629",44.5
117.79,-32.79,1999,11,"010629",1.5
117.79,-32.79,1999,12,"010629",25.5
117.79,-32.79,2000,1,"010629",109
117.79,-32.79,2000,2,"010629",0
117.79,-32.79,2000,3,"010629",9.5
117.79,-32.79,2000,4,"010629",15.5
117.79,-32.79,2000,5,"010629",7
117.79,-32.79,2000,6,"010629",58
117.79,-32.79,2000,7,"010629",73
117.79,-32.79,2000,8,"010629",38
117.79,-32.79,2000,9,"010629",15
117.79,-32.79,2000,10,"010629",0
117.79,-32.79,2000,11,"010629",4.5
117.79,-32.79,2000,12,"010629",0
117.79,-32.79,2001,1,"010629",2
117.79,-32.79,2001,2,"010629",3
117.79,-32.79,2001,3,"010629",0
117.79,-32.79,2001,4,"010629",10
117.79,-32.79,2001,5,"010629",32.5
117.79,-32.79,2001,6,"010629",12.5
117.79,-32.79,2001,7,"010629",76
117.79,-32.79,2001,8,"010629",66
117.79,-32.79,2001,9,"010629",42
117.79,-32.79,2001,10,"010629",13
117.79,-32.79,2001,11,"010629",25
117.79,-32.79,2001,12,"010629",37
117.79,-32.79,2002,1,"010629",2.5
117.79,-32.79,2002,2,"010629",0
117.79,-32.79,2002,3,"010629",0
117.79,-32.79,2002,4,"010629",21
117.79,-32.79,2002,5,"010629",16.5
117.79,-32.79,2002,6,"010629",45.5
117.79,-32.79,2002,7,"010629",42
117.79,-32.79,2002,8,"010629",32.5
117.79,-32.79,2002,9,"010629",NA
117.79,-32.79,2002,10,"010629",16.5
117.79,-32.79,2002,11,"010629",25.5
117.79,-32.79,2002,12,"010629",NA
117.79,-32.79,2003,1,"010629",0
117.79,-32.79,2003,2,"010629",48
117.79,-32.79,2003,3,"010629",34
117.79,-32.79,2003,4,"010629",27.5
117.79,-32.79,2003,5,"010629",41.7
117.79,-32.79,2003,6,"010629",44
117.79,-32.79,2003,7,"010629",58.3
117.79,-32.79,2003,8,"010629",55
117.79,-32.79,2003,9,"010629",NA
117.79,-32.79,2003,10,"010629",11.5
117.79,-32.79,2003,11,"010629",NA
117.79,-32.79,2003,12,"010629",NA
117.79,-32.79,2004,1,"010629",NA
117.79,-32.79,2004,2,"010629",13
117.79,-32.79,2004,3,"010629",NA
117.79,-32.79,2004,4,"010629",0
117.79,-32.79,2004,5,"010629",26.5
117.79,-32.79,2004,6,"010629",51.7
117.79,-32.79,2004,7,"010629",41.4
117.79,-32.79,2004,8,"010629",50
117.79,-32.79,2004,9,"010629",21
117.79,-32.79,2004,10,"010629",NA
117.79,-32.79,2004,11,"010629",23.5
117.79,-32.79,2004,12,"010629",49
117.79,-32.79,2005,1,"010629",0
117.79,-32.79,2005,2,"010629",NA
117.79,-32.79,2005,3,"010629",31.5
117.79,-32.79,2005,4,"010629",27.5
117.79,-32.79,2005,5,"010629",99.5
117.79,-32.79,2005,6,"010629",81.7
117.79,-32.79,2005,7,"010629",18.2
117.79,-32.79,2005,8,"010629",49.6
117.79,-32.79,2005,9,"010629",35
117.79,-32.79,2005,10,"010629",NA
117.79,-32.79,2005,11,"010629",NA
117.79,-32.79,2005,12,"010629",NA
117.79,-32.79,2006,1,"010629",NA
117.79,-32.79,2006,2,"010629",13.5
117.79,-32.79,2006,3,"010629",19
117.79,-32.79,2006,4,"010629",29
117.79,-32.79,2006,5,"010629",NA
117.79,-32.79,2006,6,"010629",19.6
117.79,-32.79,2006,7,"010629",NA
117.79,-32.79,2006,8,"010629",54.8
117.79,-32.79,2006,9,"010629",NA
117.79,-32.79,2006,10,"010629",19
117.79,-32.79,2006,11,"010629",NA
117.79,-32.79,2006,12,"010629",NA
117.79,-32.79,2007,1,"010629",32.6
117.79,-32.79,2007,2,"010629",0
117.79,-32.79,2007,3,"010629",1.4
117.79,-32.79,2007,4,"010629",28.8
117.79,-32.79,2007,5,"010629",19.8
117.79,-32.79,2007,6,"010629",40.2
117.79,-32.79,2007,7,"010629",NA
117.79,-32.79,2007,8,"010629",40.8
117.79,-32.79,2007,9,"010629",27
117.79,-32.79,2007,10,"010629",18.3
117.79,-32.79,2007,11,"010629",0
117.79,-32.79,2007,12,"010629",11.4
117.79,-32.79,2008,1,"010629",0
117.79,-32.79,2008,2,"010629",6.4
117.79,-32.79,2008,3,"010629",2.4
117.79,-32.79,2008,4,"010629",85.4
117.79,-32.79,2008,5,"010629",69
117.79,-32.79,2008,6,"010629",21
117.79,-32.79,2008,7,"010629",83.8
117.79,-32.79,2008,8,"010629",10.4
117.79,-32.79,2008,9,"010629",41.2
117.79,-32.79,2008,10,"010629",39
117.79,-32.79,2008,11,"010629",20
117.79,-32.79,2008,12,"010629",32.6
117.79,-32.79,2009,1,"010629",2.2
117.79,-32.79,2009,2,"010629",6
117.79,-32.79,2009,3,"010629",51.4
117.79,-32.79,2009,4,"010629",0
117.79,-32.79,2009,5,"010629",18.4
117.79,-32.79,2009,6,"010629",43.8
117.79,-32.79,2009,7,"010629",48.4
117.79,-32.79,2009,8,"010629",44.4
117.79,-32.79,2009,9,"010629",41.6
117.79,-32.79,2009,10,"010629",12.4
117.79,-32.79,2009,11,"010629",18.6
117.79,-32.79,2009,12,"010629",0
117.79,-32.79,2010,1,"010629",0
117.79,-32.79,2010,2,"010629",3.6
117.79,-32.79,2010,3,"010629",49.2
117.79,-32.79,2010,4,"010629",0
117.79,-32.79,2010,5,"010629",21.8
117.79,-32.79,2010,6,"010629",28
117.79,-32.79,2010,7,"010629",NA
117.79,-32.79,2010,8,"010629",NA
117.79,-32.79,2010,9,"010629",NA
117.79,-32.79,2010,10,"010629",NA
117.79,-32.79,2010,11,"010629",NA
117.79,-32.79,2010,12,"010629",NA
