"Lon","Lat","Year","Month","Station","Rain"
145.51,-37.65,1998,1,"086385",NA
145.51,-37.65,1998,2,"086385",NA
145.51,-37.65,1998,3,"086385",NA
145.51,-37.65,1998,4,"086385",NA
145.51,-37.65,1998,5,"086385",72.4
145.51,-37.65,1998,6,"086385",109
145.51,-37.65,1998,7,"086385",68
145.51,-37.65,1998,8,"086385",51.2
145.51,-37.65,1998,9,"086385",NA
145.51,-37.65,1998,10,"086385",NA
145.51,-37.65,1998,11,"086385",97.8
145.51,-37.65,1998,12,"086385",74.2
145.51,-37.65,1999,1,"086385",NA
145.51,-37.65,1999,2,"086385",NA
145.51,-37.65,1999,3,"086385",NA
145.51,-37.65,1999,4,"086385",75.8
145.51,-37.65,1999,5,"086385",NA
145.51,-37.65,1999,6,"086385",NA
145.51,-37.65,1999,7,"086385",NA
145.51,-37.65,1999,8,"086385",NA
145.51,-37.65,1999,9,"086385",NA
145.51,-37.65,1999,10,"086385",NA
145.51,-37.65,1999,11,"086385",NA
145.51,-37.65,1999,12,"086385",NA
145.51,-37.65,2003,1,"086385",NA
145.51,-37.65,2003,2,"086385",NA
145.51,-37.65,2003,3,"086385",NA
145.51,-37.65,2003,4,"086385",NA
145.51,-37.65,2003,5,"086385",72
145.51,-37.65,2003,6,"086385",76.5
145.51,-37.65,2003,7,"086385",136
145.51,-37.65,2003,8,"086385",116
145.51,-37.65,2003,9,"086385",NA
145.51,-37.65,2003,10,"086385",NA
145.51,-37.65,2003,11,"086385",NA
145.51,-37.65,2003,12,"086385",NA
145.51,-37.65,2004,1,"086385",74.4
145.51,-37.65,2004,2,"086385",48
145.51,-37.65,2004,3,"086385",26.6
145.51,-37.65,2004,4,"086385",NA
145.51,-37.65,2004,5,"086385",60.8
145.51,-37.65,2004,6,"086385",NA
145.51,-37.65,2004,7,"086385",NA
145.51,-37.65,2004,8,"086385",NA
145.51,-37.65,2004,9,"086385",NA
145.51,-37.65,2004,10,"086385",NA
145.51,-37.65,2004,11,"086385",NA
145.51,-37.65,2004,12,"086385",NA
145.51,-37.65,2008,1,"086385",NA
145.51,-37.65,2008,2,"086385",NA
145.51,-37.65,2008,3,"086385",NA
145.51,-37.65,2008,4,"086385",NA
145.51,-37.65,2008,5,"086385",NA
145.51,-37.65,2008,6,"086385",69.6
145.51,-37.65,2008,7,"086385",88
145.51,-37.65,2008,8,"086385",94
145.51,-37.65,2008,9,"086385",37.5
145.51,-37.65,2008,10,"086385",28
145.51,-37.65,2008,11,"086385",146.5
145.51,-37.65,2008,12,"086385",107.5
145.51,-37.65,2009,1,"086385",8
145.51,-37.65,2009,2,"086385",1
145.51,-37.65,2009,3,"086385",71
145.51,-37.65,2009,4,"086385",70.5
145.51,-37.65,2009,5,"086385",NA
145.51,-37.65,2009,6,"086385",56
145.51,-37.65,2009,7,"086385",NA
145.51,-37.65,2009,8,"086385",91
145.51,-37.65,2009,9,"086385",NA
145.51,-37.65,2009,10,"086385",NA
145.51,-37.65,2009,11,"086385",NA
145.51,-37.65,2009,12,"086385",NA
145.51,-37.65,2010,1,"086385",NA
145.51,-37.65,2010,2,"086385",NA
145.51,-37.65,2010,3,"086385",103
145.51,-37.65,2010,4,"086385",96
145.51,-37.65,2010,5,"086385",NA
145.51,-37.65,2010,6,"086385",122.5
145.51,-37.65,2010,7,"086385",44.5
145.51,-37.65,2010,8,"086385",NA
145.51,-37.65,2010,9,"086385",NA
145.51,-37.65,2010,10,"086385",169
145.51,-37.65,2010,11,"086385",130.4
145.51,-37.65,2010,12,"086385",NA
145.51,-37.65,2012,1,"086385",44
145.51,-37.65,2012,2,"086385",82.1
145.51,-37.65,2012,3,"086385",100.5
145.51,-37.65,2012,4,"086385",NA
145.51,-37.65,2012,5,"086385",115.5
145.51,-37.65,2012,6,"086385",NA
145.51,-37.65,2012,7,"086385",NA
145.51,-37.65,2012,8,"086385",107
145.51,-37.65,2012,9,"086385",NA
145.51,-37.65,2012,10,"086385",NA
145.51,-37.65,2012,11,"086385",NA
145.51,-37.65,2012,12,"086385",NA
145.51,-37.65,2013,1,"086385",7.6
145.51,-37.65,2013,2,"086385",NA
145.51,-37.65,2013,3,"086385",65.2
145.51,-37.65,2013,4,"086385",19.7
145.51,-37.65,2013,5,"086385",NA
145.51,-37.65,2013,6,"086385",NA
145.51,-37.65,2013,7,"086385",NA
145.51,-37.65,2013,8,"086385",86.4
145.51,-37.65,2013,9,"086385",72.4
145.51,-37.65,2013,10,"086385",79
145.51,-37.65,2013,11,"086385",78.1
145.51,-37.65,2013,12,"086385",NA
145.51,-37.65,2014,1,"086385",30.4
145.51,-37.65,2014,2,"086385",25.2
145.51,-37.65,2014,3,"086385",32.6
145.51,-37.65,2014,4,"086385",NA
145.51,-37.65,2014,5,"086385",74.1
145.51,-37.65,2014,6,"086385",79.9
145.51,-37.65,2014,7,"086385",83.4
145.51,-37.65,2014,8,"086385",57
145.51,-37.65,2014,9,"086385",NA
145.51,-37.65,2014,10,"086385",75.4
145.51,-37.65,2014,11,"086385",72.6
145.51,-37.65,2014,12,"086385",NA
