"Lon","Lat","Year","Month","Station","Rain"
115.81,-33.64,1973,1,"009916",1.5
115.81,-33.64,1973,2,"009916",2
115.81,-33.64,1973,3,"009916",1.8
115.81,-33.64,1973,4,"009916",75.8
115.81,-33.64,1973,5,"009916",220.1
115.81,-33.64,1973,6,"009916",193.5
115.81,-33.64,1973,7,"009916",209
115.81,-33.64,1973,8,"009916",136.9
115.81,-33.64,1973,9,"009916",154.5
115.81,-33.64,1973,10,"009916",49.4
115.81,-33.64,1973,11,"009916",30
115.81,-33.64,1973,12,"009916",1.8
115.81,-33.64,1974,1,"009916",NA
115.81,-33.64,1974,2,"009916",36.8
115.81,-33.64,1974,3,"009916",NA
115.81,-33.64,1974,4,"009916",45.8
115.81,-33.64,1974,5,"009916",229.2
115.81,-33.64,1974,6,"009916",156.9
115.81,-33.64,1974,7,"009916",250.9
115.81,-33.64,1974,8,"009916",163.4
115.81,-33.64,1974,9,"009916",51
115.81,-33.64,1974,10,"009916",112
115.81,-33.64,1974,11,"009916",25
115.81,-33.64,1974,12,"009916",NA
115.81,-33.64,1975,1,"009916",0.2
115.81,-33.64,1975,2,"009916",1.6
115.81,-33.64,1975,3,"009916",25.2
115.81,-33.64,1975,4,"009916",25
115.81,-33.64,1975,5,"009916",124.6
115.81,-33.64,1975,6,"009916",179.6
115.81,-33.64,1975,7,"009916",210.2
115.81,-33.64,1975,8,"009916",69
115.81,-33.64,1975,9,"009916",82.6
115.81,-33.64,1975,10,"009916",24
115.81,-33.64,1975,11,"009916",8.6
115.81,-33.64,1975,12,"009916",NA
115.81,-33.64,1976,1,"009916",73.2
115.81,-33.64,1976,2,"009916",4
115.81,-33.64,1976,3,"009916",NA
115.81,-33.64,1976,4,"009916",100.8
115.81,-33.64,1976,5,"009916",130.6
115.81,-33.64,1976,6,"009916",71.2
115.81,-33.64,1976,7,"009916",102.4
115.81,-33.64,1976,8,"009916",143.4
115.81,-33.64,1976,9,"009916",75.4
115.81,-33.64,1976,10,"009916",54
115.81,-33.64,1976,11,"009916",73.4
115.81,-33.64,1976,12,"009916",8.4
115.81,-33.64,1977,1,"009916",21.4
115.81,-33.64,1977,2,"009916",1.4
115.81,-33.64,1977,3,"009916",4.6
115.81,-33.64,1977,4,"009916",1.4
115.81,-33.64,1977,5,"009916",114.6
115.81,-33.64,1977,6,"009916",163.4
115.81,-33.64,1977,7,"009916",114.2
115.81,-33.64,1977,8,"009916",180.5
115.81,-33.64,1977,9,"009916",60
115.81,-33.64,1977,10,"009916",128.2
115.81,-33.64,1977,11,"009916",20.8
115.81,-33.64,1977,12,"009916",7.8
115.81,-33.64,1978,1,"009916",6
115.81,-33.64,1978,2,"009916",20.8
115.81,-33.64,1978,3,"009916",6
115.81,-33.64,1978,4,"009916",15.2
115.81,-33.64,1978,5,"009916",194.2
115.81,-33.64,1978,6,"009916",150
115.81,-33.64,1978,7,"009916",175.2
115.81,-33.64,1978,8,"009916",59.6
115.81,-33.64,1978,9,"009916",113.8
115.81,-33.64,1978,10,"009916",38.2
115.81,-33.64,1978,11,"009916",28.6
115.81,-33.64,1978,12,"009916",12.8
115.81,-33.64,1979,1,"009916",2.6
115.81,-33.64,1979,2,"009916",17.6
115.81,-33.64,1979,3,"009916",15.2
115.81,-33.64,1979,4,"009916",62.6
115.81,-33.64,1979,5,"009916",82.2
115.81,-33.64,1979,6,"009916",108.5
115.81,-33.64,1979,7,"009916",159.2
115.81,-33.64,1979,8,"009916",74.4
115.81,-33.64,1979,9,"009916",67
115.81,-33.64,1979,10,"009916",76
115.81,-33.64,1979,11,"009916",74.3
115.81,-33.64,1979,12,"009916",5.2
115.81,-33.64,1980,1,"009916",1
115.81,-33.64,1980,2,"009916",39
115.81,-33.64,1980,3,"009916",5.2
115.81,-33.64,1980,4,"009916",93
115.81,-33.64,1980,5,"009916",82.6
115.81,-33.64,1980,6,"009916",141.6
115.81,-33.64,1980,7,"009916",180.8
115.81,-33.64,1980,8,"009916",152
115.81,-33.64,1980,9,"009916",100.4
115.81,-33.64,1980,10,"009916",46.8
115.81,-33.64,1980,11,"009916",43
115.81,-33.64,1980,12,"009916",17
115.81,-33.64,1981,1,"009916",NA
115.81,-33.64,1981,2,"009916",NA
115.81,-33.64,1981,3,"009916",11.2
115.81,-33.64,1981,4,"009916",41.4
115.81,-33.64,1981,5,"009916",127.2
115.81,-33.64,1981,6,"009916",157.8
115.81,-33.64,1981,7,"009916",146.6
115.81,-33.64,1981,8,"009916",135
115.81,-33.64,1981,9,"009916",99
115.81,-33.64,1981,10,"009916",50.6
115.81,-33.64,1981,11,"009916",74.8
115.81,-33.64,1981,12,"009916",16.6
115.81,-33.64,1982,1,"009916",103.8
115.81,-33.64,1982,2,"009916",7.8
115.81,-33.64,1982,3,"009916",12.8
115.81,-33.64,1982,4,"009916",NA
115.81,-33.64,1982,5,"009916",64
115.81,-33.64,1982,6,"009916",173.6
115.81,-33.64,1982,7,"009916",130
115.81,-33.64,1982,8,"009916",78.2
115.81,-33.64,1982,9,"009916",95.6
115.81,-33.64,1982,10,"009916",71.2
115.81,-33.64,1982,11,"009916",3.4
115.81,-33.64,1982,12,"009916",18.8
115.81,-33.64,1983,1,"009916",2.2
115.81,-33.64,1983,2,"009916",48.6
115.81,-33.64,1983,3,"009916",8.6
115.81,-33.64,1983,4,"009916",24.2
115.81,-33.64,1983,5,"009916",61.4
115.81,-33.64,1983,6,"009916",271.2
115.81,-33.64,1983,7,"009916",171.4
115.81,-33.64,1983,8,"009916",256.4
115.81,-33.64,1983,9,"009916",138
115.81,-33.64,1983,10,"009916",32
115.81,-33.64,1983,11,"009916",21.4
115.81,-33.64,1983,12,"009916",5
115.81,-33.64,1984,1,"009916",NA
115.81,-33.64,1984,2,"009916",2.7
115.81,-33.64,1984,3,"009916",9.8
115.81,-33.64,1984,4,"009916",75.4
115.81,-33.64,1984,5,"009916",158.6
115.81,-33.64,1984,6,"009916",126.8
115.81,-33.64,1984,7,"009916",97.4
115.81,-33.64,1984,8,"009916",102
115.81,-33.64,1984,9,"009916",74.4
115.81,-33.64,1984,10,"009916",30.4
115.81,-33.64,1984,11,"009916",83
115.81,-33.64,1984,12,"009916",33.8
115.81,-33.64,1985,1,"009916",5
115.81,-33.64,1985,2,"009916",6
115.81,-33.64,1985,3,"009916",18
115.81,-33.64,1985,4,"009916",130.2
115.81,-33.64,1985,5,"009916",NA
115.81,-33.64,1985,6,"009916",NA
115.81,-33.64,1985,7,"009916",NA
115.81,-33.64,1985,8,"009916",163.8
115.81,-33.64,1985,9,"009916",59.6
115.81,-33.64,1985,10,"009916",NA
115.81,-33.64,1985,11,"009916",NA
115.81,-33.64,1985,12,"009916",NA
115.81,-33.64,1986,1,"009916",4.2
115.81,-33.64,1986,2,"009916",48.8
115.81,-33.64,1986,3,"009916",49.6
115.81,-33.64,1986,4,"009916",7.2
115.81,-33.64,1986,5,"009916",142.6
115.81,-33.64,1986,6,"009916",72.8
115.81,-33.64,1986,7,"009916",151.6
115.81,-33.64,1986,8,"009916",114.8
115.81,-33.64,1986,9,"009916",60.6
115.81,-33.64,1986,10,"009916",51
115.81,-33.64,1986,11,"009916",26.2
115.81,-33.64,1986,12,"009916",1.4
115.81,-33.64,1987,1,"009916",10
115.81,-33.64,1987,2,"009916",0
115.81,-33.64,1987,3,"009916",37.2
115.81,-33.64,1987,4,"009916",50.2
115.81,-33.64,1987,5,"009916",73.4
115.81,-33.64,1987,6,"009916",162.4
115.81,-33.64,1987,7,"009916",130.2
115.81,-33.64,1987,8,"009916",57.6
115.81,-33.64,1987,9,"009916",49
115.81,-33.64,1987,10,"009916",24.4
115.81,-33.64,1987,11,"009916",34
115.81,-33.64,1987,12,"009916",25.3
115.81,-33.64,1988,1,"009916",4
115.81,-33.64,1988,2,"009916",2
115.81,-33.64,1988,3,"009916",16.8
115.81,-33.64,1988,4,"009916",64.2
115.81,-33.64,1988,5,"009916",204.2
115.81,-33.64,1988,6,"009916",338.2
115.81,-33.64,1988,7,"009916",131.4
115.81,-33.64,1988,8,"009916",136.4
115.81,-33.64,1988,9,"009916",136.2
115.81,-33.64,1988,10,"009916",46
115.81,-33.64,1988,11,"009916",39
115.81,-33.64,1988,12,"009916",1
115.81,-33.64,1989,1,"009916",20.4
115.81,-33.64,1989,2,"009916",68.6
115.81,-33.64,1989,3,"009916",2.8
115.81,-33.64,1989,4,"009916",37.6
115.81,-33.64,1989,5,"009916",121.6
115.81,-33.64,1989,6,"009916",83.2
115.81,-33.64,1989,7,"009916",207.6
115.81,-33.64,1989,8,"009916",99.9
115.81,-33.64,1989,9,"009916",72.6
115.81,-33.64,1989,10,"009916",83.2
115.81,-33.64,1989,11,"009916",16.2
115.81,-33.64,1989,12,"009916",9.8
115.81,-33.64,1990,1,"009916",15.8
115.81,-33.64,1990,2,"009916",31.2
115.81,-33.64,1990,3,"009916",35
115.81,-33.64,1990,4,"009916",126.2
115.81,-33.64,1990,5,"009916",90.4
115.81,-33.64,1990,6,"009916",81.4
115.81,-33.64,1990,7,"009916",197.2
115.81,-33.64,1990,8,"009916",119.2
115.81,-33.64,1990,9,"009916",71.6
115.81,-33.64,1990,10,"009916",56.2
115.81,-33.64,1990,11,"009916",27.4
115.81,-33.64,1990,12,"009916",6
115.81,-33.64,1991,1,"009916",4.8
115.81,-33.64,1991,2,"009916",20.4
115.81,-33.64,1991,3,"009916",7.4
115.81,-33.64,1991,4,"009916",30.2
115.81,-33.64,1991,5,"009916",180.4
115.81,-33.64,1991,6,"009916",148.8
115.81,-33.64,1991,7,"009916",143.4
115.81,-33.64,1991,8,"009916",126.2
115.81,-33.64,1991,9,"009916",94
115.81,-33.64,1991,10,"009916",39.2
115.81,-33.64,1991,11,"009916",38.8
115.81,-33.64,1991,12,"009916",12
115.81,-33.64,1992,1,"009916",1.6
115.81,-33.64,1992,2,"009916",10.4
115.81,-33.64,1992,3,"009916",17.6
115.81,-33.64,1992,4,"009916",33
115.81,-33.64,1992,5,"009916",109.4
115.81,-33.64,1992,6,"009916",234.8
115.81,-33.64,1992,7,"009916",133
115.81,-33.64,1992,8,"009916",144
115.81,-33.64,1992,9,"009916",74.4
115.81,-33.64,1992,10,"009916",9.8
115.81,-33.64,1992,11,"009916",73.6
115.81,-33.64,1992,12,"009916",7.8
115.81,-33.64,1993,1,"009916",4
115.81,-33.64,1993,2,"009916",0
115.81,-33.64,1993,3,"009916",59.2
115.81,-33.64,1993,4,"009916",34.6
115.81,-33.64,1993,5,"009916",71
115.81,-33.64,1993,6,"009916",71
115.81,-33.64,1993,7,"009916",233.6
115.81,-33.64,1993,8,"009916",120.2
115.81,-33.64,1993,9,"009916",130.8
115.81,-33.64,1993,10,"009916",51.8
115.81,-33.64,1993,11,"009916",17.4
115.81,-33.64,1993,12,"009916",0.8
115.81,-33.64,1994,1,"009916",1.6
115.81,-33.64,1994,2,"009916",8.2
115.81,-33.64,1994,3,"009916",3.4
115.81,-33.64,1994,4,"009916",7.6
115.81,-33.64,1994,5,"009916",127.4
115.81,-33.64,1994,6,"009916",161.4
115.81,-33.64,1994,7,"009916",149.2
115.81,-33.64,1994,8,"009916",115.8
115.81,-33.64,1994,9,"009916",56.2
115.81,-33.64,1994,10,"009916",31.8
115.81,-33.64,1994,11,"009916",8.8
115.81,-33.64,1994,12,"009916",0
115.81,-33.64,1995,1,"009916",0
115.81,-33.64,1995,2,"009916",2
115.81,-33.64,1995,3,"009916",5.4
115.81,-33.64,1995,4,"009916",15.8
115.81,-33.64,1995,5,"009916",135.8
115.81,-33.64,1995,6,"009916",125.8
115.81,-33.64,1995,7,"009916",266
115.81,-33.64,1995,8,"009916",114
115.81,-33.64,1995,9,"009916",52
115.81,-33.64,1995,10,"009916",59.8
115.81,-33.64,1995,11,"009916",19.6
115.81,-33.64,1995,12,"009916",27.2
115.81,-33.64,1996,1,"009916",4.2
115.81,-33.64,1996,2,"009916",0
115.81,-33.64,1996,3,"009916",5.2
115.81,-33.64,1996,4,"009916",8.8
115.81,-33.64,1996,5,"009916",67.4
115.81,-33.64,1996,6,"009916",203.6
115.81,-33.64,1996,7,"009916",277
115.81,-33.64,1996,8,"009916",141.8
115.81,-33.64,1996,9,"009916",161
115.81,-33.64,1996,10,"009916",54.6
115.81,-33.64,1996,11,"009916",49.2
115.81,-33.64,1996,12,"009916",55.2
115.81,-33.64,1997,1,"009916",2.2
115.81,-33.64,1997,2,"009916",54.2
115.81,-33.64,1997,3,"009916",7.8
115.81,-33.64,1997,4,"009916",28.2
115.81,-33.64,1997,5,"009916",115.8
115.81,-33.64,1997,6,"009916",201.6
115.81,-33.64,1997,7,"009916",128.4
115.81,-33.64,1997,8,"009916",151.2
115.81,-33.64,1997,9,"009916",66.2
115.81,-33.64,1997,10,"009916",37.2
115.81,-33.64,1997,11,"009916",37.2
115.81,-33.64,1997,12,"009916",0
115.81,-33.64,1998,1,"009916",5
115.81,-33.64,1998,2,"009916",0
115.81,-33.64,1998,3,"009916",64
115.81,-33.64,1998,4,"009916",19
115.81,-33.64,1998,5,"009916",87.2
115.81,-33.64,1998,6,"009916",166
115.81,-33.64,1998,7,"009916",90
115.81,-33.64,1998,8,"009916",149
115.81,-33.64,1998,9,"009916",118.6
115.81,-33.64,1998,10,"009916",48.4
115.81,-33.64,1998,11,"009916",9.6
115.81,-33.64,1998,12,"009916",10.4
115.81,-33.64,1999,1,"009916",3.2
115.81,-33.64,1999,2,"009916",1.8
115.81,-33.64,1999,3,"009916",15.8
115.81,-33.64,1999,4,"009916",6.6
115.81,-33.64,1999,5,"009916",211.2
115.81,-33.64,1999,6,"009916",192.8
115.81,-33.64,1999,7,"009916",NA
115.81,-33.64,1999,8,"009916",150.2
115.81,-33.64,1999,9,"009916",99.4
115.81,-33.64,1999,10,"009916",110.6
115.81,-33.64,1999,11,"009916",0
115.81,-33.64,1999,12,"009916",20.4
115.81,-33.64,2000,1,"009916",36.2
115.81,-33.64,2000,2,"009916",0
115.81,-33.64,2000,3,"009916",55.4
115.81,-33.64,2000,4,"009916",49
115.81,-33.64,2000,5,"009916",25.8
115.81,-33.64,2000,6,"009916",150
115.81,-33.64,2000,7,"009916",281.4
115.81,-33.64,2000,8,"009916",148.8
115.81,-33.64,2000,9,"009916",71.6
115.81,-33.64,2000,10,"009916",25
115.81,-33.64,2000,11,"009916",22.8
115.81,-33.64,2000,12,"009916",1.6
115.81,-33.64,2001,1,"009916",2
115.81,-33.64,2001,2,"009916",2
115.81,-33.64,2001,3,"009916",0.4
115.81,-33.64,2001,4,"009916",1.2
115.81,-33.64,2001,5,"009916",129
115.81,-33.64,2001,6,"009916",50.8
115.81,-33.64,2001,7,"009916",NA
115.81,-33.64,2001,8,"009916",140.8
115.81,-33.64,2001,9,"009916",105.6
115.81,-33.64,2001,10,"009916",17.4
115.81,-33.64,2001,11,"009916",37.2
115.81,-33.64,2001,12,"009916",69.6
115.81,-33.64,2002,1,"009916",3.8
115.81,-33.64,2002,2,"009916",2.2
115.81,-33.64,2002,3,"009916",8.6
115.81,-33.64,2002,4,"009916",46.4
115.81,-33.64,2002,5,"009916",118.8
115.81,-33.64,2002,6,"009916",138.6
115.81,-33.64,2002,7,"009916",153.2
115.81,-33.64,2002,8,"009916",169.8
115.81,-33.64,2002,9,"009916",63.2
115.81,-33.64,2002,10,"009916",68
115.81,-33.64,2002,11,"009916",16
115.81,-33.64,2002,12,"009916",2.8
115.81,-33.64,2003,1,"009916",4.6
115.81,-33.64,2003,2,"009916",NA
115.81,-33.64,2003,3,"009916",5.6
115.81,-33.64,2003,4,"009916",53.8
115.81,-33.64,2003,5,"009916",118.4
115.81,-33.64,2003,6,"009916",126
115.81,-33.64,2003,7,"009916",157
115.81,-33.64,2003,8,"009916",98.6
115.81,-33.64,2003,9,"009916",108
115.81,-33.64,2003,10,"009916",NA
115.81,-33.64,2003,11,"009916",15.4
115.81,-33.64,2003,12,"009916",4.4
115.81,-33.64,2004,1,"009916",11.4
115.81,-33.64,2004,2,"009916",2
115.81,-33.64,2004,3,"009916",2.4
115.81,-33.64,2004,4,"009916",24.4
115.81,-33.64,2004,5,"009916",104
115.81,-33.64,2004,6,"009916",NA
115.81,-33.64,2004,7,"009916",112.6
115.81,-33.64,2004,8,"009916",145.4
115.81,-33.64,2004,9,"009916",31.2
115.81,-33.64,2004,10,"009916",50.6
115.81,-33.64,2004,11,"009916",29.4
115.81,-33.64,2004,12,"009916",4.8
115.81,-33.64,2005,1,"009916",0.6
115.81,-33.64,2005,2,"009916",6
115.81,-33.64,2005,3,"009916",19.4
115.81,-33.64,2005,4,"009916",113.7
115.81,-33.64,2005,5,"009916",136.4
115.81,-33.64,2005,6,"009916",157.4
115.81,-33.64,2005,7,"009916",67.2
115.81,-33.64,2005,8,"009916",143.2
115.81,-33.64,2005,9,"009916",125.2
115.81,-33.64,2005,10,"009916",71.4
115.81,-33.64,2005,11,"009916",38
115.81,-33.64,2005,12,"009916",17.2
115.81,-33.64,2006,1,"009916",28.4
115.81,-33.64,2006,2,"009916",3
115.81,-33.64,2006,3,"009916",2.2
115.81,-33.64,2006,4,"009916",26.6
115.81,-33.64,2006,5,"009916",11.2
115.81,-33.64,2006,6,"009916",22.6
115.81,-33.64,2006,7,"009916",120.8
115.81,-33.64,2006,8,"009916",168
115.81,-33.64,2006,9,"009916",54.8
115.81,-33.64,2006,10,"009916",29.2
115.81,-33.64,2006,11,"009916",26
115.81,-33.64,2006,12,"009916",1.8
115.81,-33.64,2007,1,"009916",19.4
115.81,-33.64,2007,2,"009916",8.4
115.81,-33.64,2007,3,"009916",23.8
115.81,-33.64,2007,4,"009916",83.2
115.81,-33.64,2007,5,"009916",51.6
115.81,-33.64,2007,6,"009916",118.4
115.81,-33.64,2007,7,"009916",218.6
115.81,-33.64,2007,8,"009916",142
115.81,-33.64,2007,9,"009916",112.8
115.81,-33.64,2007,10,"009916",48
115.81,-33.64,2007,11,"009916",2.8
115.81,-33.64,2007,12,"009916",34.8
115.81,-33.64,2008,1,"009916",0
115.81,-33.64,2008,2,"009916",9.8
115.81,-33.64,2008,3,"009916",7
115.81,-33.64,2008,4,"009916",96.6
115.81,-33.64,2008,5,"009916",123.4
115.81,-33.64,2008,6,"009916",94.2
115.81,-33.64,2008,7,"009916",166.6
115.81,-33.64,2008,8,"009916",19.4
115.81,-33.64,2008,9,"009916",93
115.81,-33.64,2008,10,"009916",34.6
115.81,-33.64,2008,11,"009916",56
115.81,-33.64,2008,12,"009916",7.6
115.81,-33.64,2009,1,"009916",0.4
115.81,-33.64,2009,2,"009916",16.6
115.81,-33.64,2009,3,"009916",7.2
115.81,-33.64,2009,4,"009916",0.4
115.81,-33.64,2009,5,"009916",80
115.81,-33.64,2009,6,"009916",240
115.81,-33.64,2009,7,"009916",158.6
115.81,-33.64,2009,8,"009916",109.2
115.81,-33.64,2009,9,"009916",136.8
115.81,-33.64,2009,10,"009916",14.8
115.81,-33.64,2009,11,"009916",48.4
115.81,-33.64,2009,12,"009916",0.4
115.81,-33.64,2010,1,"009916",0
115.81,-33.64,2010,2,"009916",4
115.81,-33.64,2010,3,"009916",13
115.81,-33.64,2010,4,"009916",53
115.81,-33.64,2010,5,"009916",69.4
115.81,-33.64,2010,6,"009916",72.2
115.81,-33.64,2010,7,"009916",128
115.81,-33.64,2010,8,"009916",41.8
115.81,-33.64,2010,9,"009916",28.8
115.81,-33.64,2010,10,"009916",20.8
115.81,-33.64,2010,11,"009916",53.4
115.81,-33.64,2010,12,"009916",18
115.81,-33.64,2011,1,"009916",NA
115.81,-33.64,2011,2,"009916",5
115.81,-33.64,2011,3,"009916",3.6
115.81,-33.64,2011,4,"009916",63.4
115.81,-33.64,2011,5,"009916",68.8
115.81,-33.64,2011,6,"009916",140.8
115.81,-33.64,2011,7,"009916",170.6
115.81,-33.64,2011,8,"009916",122
115.81,-33.64,2011,9,"009916",102.2
115.81,-33.64,2011,10,"009916",27.8
115.81,-33.64,2011,11,"009916",52.8
115.81,-33.64,2011,12,"009916",26
115.81,-33.64,2012,1,"009916",4.6
115.81,-33.64,2012,2,"009916",18.6
115.81,-33.64,2012,3,"009916",0
115.81,-33.64,2012,4,"009916",43
115.81,-33.64,2012,5,"009916",68.4
115.81,-33.64,2012,6,"009916",153.4
115.81,-33.64,2012,7,"009916",60.2
115.81,-33.64,2012,8,"009916",91.1
115.81,-33.64,2012,9,"009916",114
115.81,-33.64,2012,10,"009916",25
115.81,-33.64,2012,11,"009916",53.4
115.81,-33.64,2012,12,"009916",60.2
115.81,-33.64,2013,1,"009916",6.8
115.81,-33.64,2013,2,"009916",0.6
115.81,-33.64,2013,3,"009916",26.6
115.81,-33.64,2013,4,"009916",27.4
115.81,-33.64,2013,5,"009916",177.8
115.81,-33.64,2013,6,"009916",58.6
115.81,-33.64,2013,7,"009916",140.8
115.81,-33.64,2013,8,"009916",184.2
115.81,-33.64,2013,9,"009916",173.2
115.81,-33.64,2013,10,"009916",33.2
115.81,-33.64,2013,11,"009916",44.4
115.81,-33.64,2013,12,"009916",0.4
115.81,-33.64,2014,1,"009916",2
115.81,-33.64,2014,2,"009916",0
115.81,-33.64,2014,3,"009916",17.2
115.81,-33.64,2014,4,"009916",7.2
115.81,-33.64,2014,5,"009916",201.2
115.81,-33.64,2014,6,"009916",85.4
115.81,-33.64,2014,7,"009916",NA
115.81,-33.64,2014,8,"009916",197.8
115.81,-33.64,2014,9,"009916",53.4
115.81,-33.64,2014,10,"009916",16.8
115.81,-33.64,2014,11,"009916",19
115.81,-33.64,2014,12,"009916",NA
