"Lon","Lat","Year","Month","Station","Rain"
117.78,-28.56,1910,1,"007037",NA
117.78,-28.56,1910,2,"007037",NA
117.78,-28.56,1910,3,"007037",NA
117.78,-28.56,1910,4,"007037",NA
117.78,-28.56,1910,5,"007037",NA
117.78,-28.56,1910,6,"007037",NA
117.78,-28.56,1910,7,"007037",NA
117.78,-28.56,1910,8,"007037",9.4
117.78,-28.56,1910,9,"007037",6.3
117.78,-28.56,1910,10,"007037",14.4
117.78,-28.56,1910,11,"007037",0
117.78,-28.56,1910,12,"007037",30.5
117.78,-28.56,1911,1,"007037",7.6
117.78,-28.56,1911,2,"007037",0
117.78,-28.56,1911,3,"007037",0
117.78,-28.56,1911,4,"007037",0
117.78,-28.56,1911,5,"007037",7.6
117.78,-28.56,1911,6,"007037",15.2
117.78,-28.56,1911,7,"007037",23.2
117.78,-28.56,1911,8,"007037",2.5
117.78,-28.56,1911,9,"007037",0.5
117.78,-28.56,1911,10,"007037",0
117.78,-28.56,1911,11,"007037",0
117.78,-28.56,1911,12,"007037",0
117.78,-28.56,1912,1,"007037",9.7
117.78,-28.56,1912,2,"007037",5.1
117.78,-28.56,1912,3,"007037",0
117.78,-28.56,1912,4,"007037",4.3
117.78,-28.56,1912,5,"007037",54.8
117.78,-28.56,1912,6,"007037",1.5
117.78,-28.56,1912,7,"007037",36.9
117.78,-28.56,1912,8,"007037",2.3
117.78,-28.56,1912,9,"007037",13.6
117.78,-28.56,1912,10,"007037",17.3
117.78,-28.56,1912,11,"007037",0
117.78,-28.56,1912,12,"007037",32.2
117.78,-28.56,1913,1,"007037",34.8
117.78,-28.56,1913,2,"007037",0
117.78,-28.56,1913,3,"007037",10.2
117.78,-28.56,1913,4,"007037",36.2
117.78,-28.56,1913,5,"007037",0
117.78,-28.56,1913,6,"007037",28.1
117.78,-28.56,1913,7,"007037",45
117.78,-28.56,1913,8,"007037",37
117.78,-28.56,1913,9,"007037",17.8
117.78,-28.56,1913,10,"007037",9
117.78,-28.56,1913,11,"007037",1.8
117.78,-28.56,1913,12,"007037",3.8
117.78,-28.56,1914,1,"007037",1.8
117.78,-28.56,1914,2,"007037",17.3
117.78,-28.56,1914,3,"007037",6.4
117.78,-28.56,1914,4,"007037",3.8
117.78,-28.56,1914,5,"007037",0
117.78,-28.56,1914,6,"007037",4.6
117.78,-28.56,1914,7,"007037",39.9
117.78,-28.56,1914,8,"007037",46.6
117.78,-28.56,1914,9,"007037",0
117.78,-28.56,1914,10,"007037",3.6
117.78,-28.56,1914,11,"007037",48.5
117.78,-28.56,1914,12,"007037",56.4
117.78,-28.56,1915,1,"007037",106.5
117.78,-28.56,1915,2,"007037",90.9
117.78,-28.56,1915,3,"007037",1.8
117.78,-28.56,1915,4,"007037",7.4
117.78,-28.56,1915,5,"007037",28.5
117.78,-28.56,1915,6,"007037",113
117.78,-28.56,1915,7,"007037",52.2
117.78,-28.56,1915,8,"007037",31.2
117.78,-28.56,1915,9,"007037",17.7
117.78,-28.56,1915,10,"007037",0.8
117.78,-28.56,1915,11,"007037",3.8
117.78,-28.56,1915,12,"007037",3.3
117.78,-28.56,1916,1,"007037",48.3
117.78,-28.56,1916,2,"007037",15.8
117.78,-28.56,1916,3,"007037",33.1
117.78,-28.56,1916,4,"007037",0
117.78,-28.56,1916,5,"007037",20
117.78,-28.56,1916,6,"007037",31.2
117.78,-28.56,1916,7,"007037",19.6
117.78,-28.56,1916,8,"007037",10.2
117.78,-28.56,1916,9,"007037",0
117.78,-28.56,1916,10,"007037",34.8
117.78,-28.56,1916,11,"007037",18.6
117.78,-28.56,1916,12,"007037",0
117.78,-28.56,1917,1,"007037",7.7
117.78,-28.56,1917,2,"007037",0.5
117.78,-28.56,1917,3,"007037",64
117.78,-28.56,1917,4,"007037",19.5
117.78,-28.56,1917,5,"007037",17
117.78,-28.56,1917,6,"007037",45.1
117.78,-28.56,1917,7,"007037",33.8
117.78,-28.56,1917,8,"007037",33.5
117.78,-28.56,1917,9,"007037",29.6
117.78,-28.56,1917,10,"007037",9.7
117.78,-28.56,1917,11,"007037",33
117.78,-28.56,1917,12,"007037",35.1
117.78,-28.56,1918,1,"007037",2.5
117.78,-28.56,1918,2,"007037",195.2
117.78,-28.56,1918,3,"007037",74
117.78,-28.56,1918,4,"007037",73.2
117.78,-28.56,1918,5,"007037",17.2
117.78,-28.56,1918,6,"007037",62.4
117.78,-28.56,1918,7,"007037",35.3
117.78,-28.56,1918,8,"007037",18.1
117.78,-28.56,1918,9,"007037",29.2
117.78,-28.56,1918,10,"007037",4.1
117.78,-28.56,1918,11,"007037",3.1
117.78,-28.56,1918,12,"007037",0
117.78,-28.56,1919,1,"007037",0
117.78,-28.56,1919,2,"007037",0
117.78,-28.56,1919,3,"007037",0
117.78,-28.56,1919,4,"007037",14.7
117.78,-28.56,1919,5,"007037",26.6
117.78,-28.56,1919,6,"007037",32.5
117.78,-28.56,1919,7,"007037",59.5
117.78,-28.56,1919,8,"007037",56.1
117.78,-28.56,1919,9,"007037",3.3
117.78,-28.56,1919,10,"007037",108.4
117.78,-28.56,1919,11,"007037",42.2
117.78,-28.56,1919,12,"007037",11.4
117.78,-28.56,1920,1,"007037",8.9
117.78,-28.56,1920,2,"007037",0
117.78,-28.56,1920,3,"007037",4.8
117.78,-28.56,1920,4,"007037",33
117.78,-28.56,1920,5,"007037",40.2
117.78,-28.56,1920,6,"007037",24
117.78,-28.56,1920,7,"007037",7.9
117.78,-28.56,1920,8,"007037",37.7
117.78,-28.56,1920,9,"007037",4.1
117.78,-28.56,1920,10,"007037",1
117.78,-28.56,1920,11,"007037",14.8
117.78,-28.56,1920,12,"007037",66.7
117.78,-28.56,1921,1,"007037",0
117.78,-28.56,1921,2,"007037",14.5
117.78,-28.56,1921,3,"007037",16
117.78,-28.56,1921,4,"007037",0
117.78,-28.56,1921,5,"007037",227.4
117.78,-28.56,1921,6,"007037",45.2
117.78,-28.56,1921,7,"007037",7.1
117.78,-28.56,1921,8,"007037",21.6
117.78,-28.56,1921,9,"007037",9.2
117.78,-28.56,1921,10,"007037",13.5
117.78,-28.56,1921,11,"007037",0
117.78,-28.56,1921,12,"007037",0
117.78,-28.56,1922,1,"007037",0
117.78,-28.56,1922,2,"007037",6.6
117.78,-28.56,1922,3,"007037",32.7
117.78,-28.56,1922,4,"007037",12.2
117.78,-28.56,1922,5,"007037",9.1
117.78,-28.56,1922,6,"007037",4.3
117.78,-28.56,1922,7,"007037",37.3
117.78,-28.56,1922,8,"007037",29
117.78,-28.56,1922,9,"007037",3.8
117.78,-28.56,1922,10,"007037",0
117.78,-28.56,1922,11,"007037",0
117.78,-28.56,1922,12,"007037",0
117.78,-28.56,1923,1,"007037",19.3
117.78,-28.56,1923,2,"007037",0
117.78,-28.56,1923,3,"007037",16.3
117.78,-28.56,1923,4,"007037",49.3
117.78,-28.56,1923,5,"007037",10.9
117.78,-28.56,1923,6,"007037",69.6
117.78,-28.56,1923,7,"007037",40.9
117.78,-28.56,1923,8,"007037",8.7
117.78,-28.56,1923,9,"007037",0
117.78,-28.56,1923,10,"007037",0
117.78,-28.56,1923,11,"007037",0
117.78,-28.56,1923,12,"007037",2.3
117.78,-28.56,1924,1,"007037",0
117.78,-28.56,1924,2,"007037",7.6
117.78,-28.56,1924,3,"007037",25.1
117.78,-28.56,1924,4,"007037",2.5
117.78,-28.56,1924,5,"007037",19.4
117.78,-28.56,1924,6,"007037",22
117.78,-28.56,1924,7,"007037",11.2
117.78,-28.56,1924,8,"007037",13.5
117.78,-28.56,1924,9,"007037",0
117.78,-28.56,1924,10,"007037",11.6
117.78,-28.56,1924,11,"007037",0
117.78,-28.56,1924,12,"007037",0
117.78,-28.56,1925,1,"007037",53.8
117.78,-28.56,1925,2,"007037",62.5
117.78,-28.56,1925,3,"007037",38.4
117.78,-28.56,1925,4,"007037",0
117.78,-28.56,1925,5,"007037",5
117.78,-28.56,1925,6,"007037",27.1
117.78,-28.56,1925,7,"007037",20.5
117.78,-28.56,1925,8,"007037",10.7
117.78,-28.56,1925,9,"007037",14.7
117.78,-28.56,1925,10,"007037",5.1
117.78,-28.56,1925,11,"007037",2.5
117.78,-28.56,1925,12,"007037",20.5
117.78,-28.56,1926,1,"007037",0
117.78,-28.56,1926,2,"007037",23.9
117.78,-28.56,1926,3,"007037",168.6
117.78,-28.56,1926,4,"007037",53
117.78,-28.56,1926,5,"007037",52.2
117.78,-28.56,1926,6,"007037",22.3
117.78,-28.56,1926,7,"007037",42.3
117.78,-28.56,1926,8,"007037",2.8
117.78,-28.56,1926,9,"007037",4.8
117.78,-28.56,1926,10,"007037",7.1
117.78,-28.56,1926,11,"007037",24.4
117.78,-28.56,1926,12,"007037",28.2
117.78,-28.56,1927,1,"007037",0
117.78,-28.56,1927,2,"007037",41.9
117.78,-28.56,1927,3,"007037",63
117.78,-28.56,1927,4,"007037",10.6
117.78,-28.56,1927,5,"007037",8.6
117.78,-28.56,1927,6,"007037",111
117.78,-28.56,1927,7,"007037",33.6
117.78,-28.56,1927,8,"007037",10.7
117.78,-28.56,1927,9,"007037",27
117.78,-28.56,1927,10,"007037",0
117.78,-28.56,1927,11,"007037",0
117.78,-28.56,1927,12,"007037",0
117.78,-28.56,1928,1,"007037",10.1
117.78,-28.56,1928,2,"007037",0
117.78,-28.56,1928,3,"007037",46.4
117.78,-28.56,1928,4,"007037",4.1
117.78,-28.56,1928,5,"007037",28.9
117.78,-28.56,1928,6,"007037",17
117.78,-28.56,1928,7,"007037",41.1
117.78,-28.56,1928,8,"007037",7.6
117.78,-28.56,1928,9,"007037",6.4
117.78,-28.56,1928,10,"007037",3.8
117.78,-28.56,1928,11,"007037",4.3
117.78,-28.56,1928,12,"007037",18.6
117.78,-28.56,1929,1,"007037",36.8
117.78,-28.56,1929,2,"007037",39.5
117.78,-28.56,1929,3,"007037",0
117.78,-28.56,1929,4,"007037",0
117.78,-28.56,1929,5,"007037",104.2
117.78,-28.56,1929,6,"007037",26.8
117.78,-28.56,1929,7,"007037",1.5
117.78,-28.56,1929,8,"007037",25.8
117.78,-28.56,1929,9,"007037",0.8
117.78,-28.56,1929,10,"007037",6.4
117.78,-28.56,1929,11,"007037",0
117.78,-28.56,1929,12,"007037",0
117.78,-28.56,1930,1,"007037",36.8
117.78,-28.56,1930,2,"007037",39.5
117.78,-28.56,1930,3,"007037",0
117.78,-28.56,1930,4,"007037",0
117.78,-28.56,1930,5,"007037",104.2
117.78,-28.56,1930,6,"007037",26.8
117.78,-28.56,1930,7,"007037",1.5
117.78,-28.56,1930,8,"007037",25.9
117.78,-28.56,1930,9,"007037",3.3
117.78,-28.56,1930,10,"007037",6.4
117.78,-28.56,1930,11,"007037",0
117.78,-28.56,1930,12,"007037",0
117.78,-28.56,1931,1,"007037",0
117.78,-28.56,1931,2,"007037",22.9
117.78,-28.56,1931,3,"007037",16.8
117.78,-28.56,1931,4,"007037",43.5
117.78,-28.56,1931,5,"007037",14.7
117.78,-28.56,1931,6,"007037",34.8
117.78,-28.56,1931,7,"007037",11.5
117.78,-28.56,1931,8,"007037",25.2
117.78,-28.56,1931,9,"007037",3.3
117.78,-28.56,1931,10,"007037",0
117.78,-28.56,1931,11,"007037",0
117.78,-28.56,1931,12,"007037",7.4
117.78,-28.56,1932,1,"007037",34
117.78,-28.56,1932,2,"007037",0
117.78,-28.56,1932,3,"007037",28.2
117.78,-28.56,1932,4,"007037",18
117.78,-28.56,1932,5,"007037",28.2
117.78,-28.56,1932,6,"007037",9.6
117.78,-28.56,1932,7,"007037",29.6
117.78,-28.56,1932,8,"007037",27.1
117.78,-28.56,1932,9,"007037",4
117.78,-28.56,1932,10,"007037",6.6
117.78,-28.56,1932,11,"007037",0
117.78,-28.56,1932,12,"007037",25.4
117.78,-28.56,1933,1,"007037",0
117.78,-28.56,1933,2,"007037",0
117.78,-28.56,1933,3,"007037",43.8
117.78,-28.56,1933,4,"007037",0
117.78,-28.56,1933,5,"007037",75.4
117.78,-28.56,1933,6,"007037",81
117.78,-28.56,1933,7,"007037",28.4
117.78,-28.56,1933,8,"007037",41.1
117.78,-28.56,1933,9,"007037",4.6
117.78,-28.56,1933,10,"007037",12.4
117.78,-28.56,1933,11,"007037",13
117.78,-28.56,1933,12,"007037",5.3
117.78,-28.56,1934,1,"007037",8.6
117.78,-28.56,1934,2,"007037",4
117.78,-28.56,1934,3,"007037",48.1
117.78,-28.56,1934,4,"007037",50.5
117.78,-28.56,1934,5,"007037",0
117.78,-28.56,1934,6,"007037",26.7
117.78,-28.56,1934,7,"007037",33.1
117.78,-28.56,1934,8,"007037",26.4
117.78,-28.56,1934,9,"007037",8.6
117.78,-28.56,1934,10,"007037",0
117.78,-28.56,1934,11,"007037",0
117.78,-28.56,1934,12,"007037",0
117.78,-28.56,1935,1,"007037",8.4
117.78,-28.56,1935,2,"007037",85.4
117.78,-28.56,1935,3,"007037",41.7
117.78,-28.56,1935,4,"007037",1
117.78,-28.56,1935,5,"007037",0
117.78,-28.56,1935,6,"007037",5.1
117.78,-28.56,1935,7,"007037",17.1
117.78,-28.56,1935,8,"007037",26.6
117.78,-28.56,1935,9,"007037",0
117.78,-28.56,1935,10,"007037",0
117.78,-28.56,1935,11,"007037",0
117.78,-28.56,1935,12,"007037",0
117.78,-28.56,1936,1,"007037",26.7
117.78,-28.56,1936,2,"007037",0
117.78,-28.56,1936,3,"007037",6.6
117.78,-28.56,1936,4,"007037",5.6
117.78,-28.56,1936,5,"007037",0
117.78,-28.56,1936,6,"007037",28.7
117.78,-28.56,1936,7,"007037",11.2
117.78,-28.56,1936,8,"007037",8.1
117.78,-28.56,1936,9,"007037",2.5
117.78,-28.56,1936,10,"007037",2.5
117.78,-28.56,1936,11,"007037",25.7
117.78,-28.56,1936,12,"007037",12
117.78,-28.56,1937,1,"007037",32
117.78,-28.56,1937,2,"007037",0
117.78,-28.56,1937,3,"007037",35.3
117.78,-28.56,1937,4,"007037",18
117.78,-28.56,1937,5,"007037",13.5
117.78,-28.56,1937,6,"007037",28.9
117.78,-28.56,1937,7,"007037",0
117.78,-28.56,1937,8,"007037",24.4
117.78,-28.56,1937,9,"007037",4.6
117.78,-28.56,1937,10,"007037",4.6
117.78,-28.56,1937,11,"007037",30.7
117.78,-28.56,1937,12,"007037",0
117.78,-28.56,1938,1,"007037",19.3
117.78,-28.56,1938,2,"007037",0
117.78,-28.56,1938,3,"007037",4.1
117.78,-28.56,1938,4,"007037",10.7
117.78,-28.56,1938,5,"007037",12.7
117.78,-28.56,1938,6,"007037",17
117.78,-28.56,1938,7,"007037",47.4
117.78,-28.56,1938,8,"007037",10.5
117.78,-28.56,1938,9,"007037",1
117.78,-28.56,1938,10,"007037",0
117.78,-28.56,1938,11,"007037",17.3
117.78,-28.56,1938,12,"007037",8.9
117.78,-28.56,1939,1,"007037",42.9
117.78,-28.56,1939,2,"007037",37.1
117.78,-28.56,1939,3,"007037",11.2
117.78,-28.56,1939,4,"007037",7.2
117.78,-28.56,1939,5,"007037",16
117.78,-28.56,1939,6,"007037",46.6
117.78,-28.56,1939,7,"007037",38.3
117.78,-28.56,1939,8,"007037",13.4
117.78,-28.56,1939,9,"007037",0.8
117.78,-28.56,1939,10,"007037",10.2
117.78,-28.56,1939,11,"007037",46.9
117.78,-28.56,1939,12,"007037",0
117.78,-28.56,1940,1,"007037",12.7
117.78,-28.56,1940,2,"007037",0
117.78,-28.56,1940,3,"007037",0
117.78,-28.56,1940,4,"007037",3
117.78,-28.56,1940,5,"007037",20.1
117.78,-28.56,1940,6,"007037",6.6
117.78,-28.56,1940,7,"007037",10.5
117.78,-28.56,1940,8,"007037",4.8
117.78,-28.56,1940,9,"007037",9.2
117.78,-28.56,1940,10,"007037",6.9
117.78,-28.56,1940,11,"007037",2.3
117.78,-28.56,1940,12,"007037",0
117.78,-28.56,1941,1,"007037",0
117.78,-28.56,1941,2,"007037",4.6
117.78,-28.56,1941,3,"007037",1
117.78,-28.56,1941,4,"007037",19.6
117.78,-28.56,1941,5,"007037",32.8
117.78,-28.56,1941,6,"007037",39.3
117.78,-28.56,1941,7,"007037",17.1
117.78,-28.56,1941,8,"007037",31.3
117.78,-28.56,1941,9,"007037",3.6
117.78,-28.56,1941,10,"007037",18.3
117.78,-28.56,1941,11,"007037",0
117.78,-28.56,1941,12,"007037",22.6
117.78,-28.56,1942,1,"007037",28.2
117.78,-28.56,1942,2,"007037",6.1
117.78,-28.56,1942,3,"007037",51.3
117.78,-28.56,1942,4,"007037",29
117.78,-28.56,1942,5,"007037",26.4
117.78,-28.56,1942,6,"007037",42.6
117.78,-28.56,1942,7,"007037",22.7
117.78,-28.56,1942,8,"007037",20
117.78,-28.56,1942,9,"007037",9.2
117.78,-28.56,1942,10,"007037",0
117.78,-28.56,1942,11,"007037",0
117.78,-28.56,1942,12,"007037",19.3
117.78,-28.56,1943,1,"007037",0
117.78,-28.56,1943,2,"007037",17.3
117.78,-28.56,1943,3,"007037",58.2
117.78,-28.56,1943,4,"007037",23.9
117.78,-28.56,1943,5,"007037",20.8
117.78,-28.56,1943,6,"007037",35.1
117.78,-28.56,1943,7,"007037",9.7
117.78,-28.56,1943,8,"007037",7.9
117.78,-28.56,1943,9,"007037",4.6
117.78,-28.56,1943,10,"007037",3.8
117.78,-28.56,1943,11,"007037",0
117.78,-28.56,1943,12,"007037",5.8
117.78,-28.56,1944,1,"007037",0
117.78,-28.56,1944,2,"007037",0
117.78,-28.56,1944,3,"007037",0.5
117.78,-28.56,1944,4,"007037",5.1
117.78,-28.56,1944,5,"007037",10.9
117.78,-28.56,1944,6,"007037",2.5
117.78,-28.56,1944,7,"007037",23.9
117.78,-28.56,1944,8,"007037",32.1
117.78,-28.56,1944,9,"007037",0
117.78,-28.56,1944,10,"007037",0
117.78,-28.56,1944,11,"007037",0
117.78,-28.56,1944,12,"007037",2.5
117.78,-28.56,1945,1,"007037",0
117.78,-28.56,1945,2,"007037",28.7
117.78,-28.56,1945,3,"007037",3.5
117.78,-28.56,1945,4,"007037",9.1
117.78,-28.56,1945,5,"007037",4.1
117.78,-28.56,1945,6,"007037",87.2
117.78,-28.56,1945,7,"007037",7.4
117.78,-28.56,1945,8,"007037",54.4
117.78,-28.56,1945,9,"007037",9.9
117.78,-28.56,1945,10,"007037",0
117.78,-28.56,1945,11,"007037",0
117.78,-28.56,1945,12,"007037",14.7
117.78,-28.56,1946,1,"007037",40.7
117.78,-28.56,1946,2,"007037",7.9
117.78,-28.56,1946,3,"007037",0
117.78,-28.56,1946,4,"007037",18.5
117.78,-28.56,1946,5,"007037",10.2
117.78,-28.56,1946,6,"007037",23.1
117.78,-28.56,1946,7,"007037",52.6
117.78,-28.56,1946,8,"007037",19.3
117.78,-28.56,1946,9,"007037",3.3
117.78,-28.56,1946,10,"007037",0
117.78,-28.56,1946,11,"007037",6.1
117.78,-28.56,1946,12,"007037",0
117.78,-28.56,1947,1,"007037",26.9
117.78,-28.56,1947,2,"007037",12.7
117.78,-28.56,1947,3,"007037",22.4
117.78,-28.56,1947,4,"007037",10.9
117.78,-28.56,1947,5,"007037",59.2
117.78,-28.56,1947,6,"007037",17.1
117.78,-28.56,1947,7,"007037",58
117.78,-28.56,1947,8,"007037",17.5
117.78,-28.56,1947,9,"007037",12.9
117.78,-28.56,1947,10,"007037",30.8
117.78,-28.56,1947,11,"007037",0
117.78,-28.56,1947,12,"007037",0
117.78,-28.56,1948,1,"007037",0
117.78,-28.56,1948,2,"007037",155.4
117.78,-28.56,1948,3,"007037",20.8
117.78,-28.56,1948,4,"007037",15.7
117.78,-28.56,1948,5,"007037",0
117.78,-28.56,1948,6,"007037",30.2
117.78,-28.56,1948,7,"007037",17
117.78,-28.56,1948,8,"007037",24.4
117.78,-28.56,1948,9,"007037",4.8
117.78,-28.56,1948,10,"007037",0
117.78,-28.56,1948,11,"007037",35.5
117.78,-28.56,1948,12,"007037",17.3
117.78,-28.56,1949,1,"007037",1.6
117.78,-28.56,1949,2,"007037",13.3
117.78,-28.56,1949,3,"007037",0
117.78,-28.56,1949,4,"007037",2.5
117.78,-28.56,1949,5,"007037",0
117.78,-28.56,1949,6,"007037",20
117.78,-28.56,1949,7,"007037",25.4
117.78,-28.56,1949,8,"007037",48.2
117.78,-28.56,1949,9,"007037",21.1
117.78,-28.56,1949,10,"007037",4.1
117.78,-28.56,1949,11,"007037",24.9
117.78,-28.56,1949,12,"007037",0
117.78,-28.56,1950,1,"007037",0
117.78,-28.56,1950,2,"007037",0
117.78,-28.56,1950,3,"007037",0
117.78,-28.56,1950,4,"007037",0
117.78,-28.56,1950,5,"007037",77.2
117.78,-28.56,1950,6,"007037",11.2
117.78,-28.56,1950,7,"007037",25.7
117.78,-28.56,1950,8,"007037",10.7
117.78,-28.56,1950,9,"007037",10.9
117.78,-28.56,1950,10,"007037",0
117.78,-28.56,1950,11,"007037",0
117.78,-28.56,1950,12,"007037",0
117.78,-28.56,1951,1,"007037",35.9
117.78,-28.56,1951,2,"007037",46.5
117.78,-28.56,1951,3,"007037",3
117.78,-28.56,1951,4,"007037",77.7
117.78,-28.56,1951,5,"007037",36.1
117.78,-28.56,1951,6,"007037",65.8
117.78,-28.56,1951,7,"007037",63.3
117.78,-28.56,1951,8,"007037",14.9
117.78,-28.56,1951,9,"007037",1.5
117.78,-28.56,1951,10,"007037",2.5
117.78,-28.56,1951,11,"007037",0
117.78,-28.56,1951,12,"007037",0
117.78,-28.56,1952,1,"007037",45.7
117.78,-28.56,1952,2,"007037",105
117.78,-28.56,1952,3,"007037",6.6
117.78,-28.56,1952,4,"007037",7.9
117.78,-28.56,1952,5,"007037",0
117.78,-28.56,1952,6,"007037",1.5
117.78,-28.56,1952,7,"007037",50.8
117.78,-28.56,1952,8,"007037",0.8
117.78,-28.56,1952,9,"007037",13.6
117.78,-28.56,1952,10,"007037",3.5
117.78,-28.56,1952,11,"007037",0
117.78,-28.56,1952,12,"007037",0
117.78,-28.56,1953,1,"007037",0
117.78,-28.56,1953,2,"007037",0
117.78,-28.56,1953,3,"007037",181.6
117.78,-28.56,1953,4,"007037",54
117.78,-28.56,1953,5,"007037",48.7
117.78,-28.56,1953,6,"007037",28.2
117.78,-28.56,1953,7,"007037",19.6
117.78,-28.56,1953,8,"007037",14.2
117.78,-28.56,1953,9,"007037",2.8
117.78,-28.56,1953,10,"007037",6.1
117.78,-28.56,1953,11,"007037",0
117.78,-28.56,1953,12,"007037",4
117.78,-28.56,1954,1,"007037",48.8
117.78,-28.56,1954,2,"007037",0
117.78,-28.56,1954,3,"007037",0
117.78,-28.56,1954,4,"007037",0
117.78,-28.56,1954,5,"007037",35.4
117.78,-28.56,1954,6,"007037",7.3
117.78,-28.56,1954,7,"007037",12.9
117.78,-28.56,1954,8,"007037",10.4
117.78,-28.56,1954,9,"007037",2.6
117.78,-28.56,1954,10,"007037",0
117.78,-28.56,1954,11,"007037",0
117.78,-28.56,1954,12,"007037",10.4
117.78,-28.56,1955,1,"007037",21.4
117.78,-28.56,1955,2,"007037",73.9
117.78,-28.56,1955,3,"007037",7.1
117.78,-28.56,1955,4,"007037",9.9
117.78,-28.56,1955,5,"007037",22.9
117.78,-28.56,1955,6,"007037",37.5
117.78,-28.56,1955,7,"007037",20.5
117.78,-28.56,1955,8,"007037",26.6
117.78,-28.56,1955,9,"007037",40.4
117.78,-28.56,1955,10,"007037",0
117.78,-28.56,1955,11,"007037",0
117.78,-28.56,1955,12,"007037",0
117.78,-28.56,1956,1,"007037",0
117.78,-28.56,1956,2,"007037",0
117.78,-28.56,1956,3,"007037",0
117.78,-28.56,1956,4,"007037",0
117.78,-28.56,1956,5,"007037",36.9
117.78,-28.56,1956,6,"007037",30.5
117.78,-28.56,1956,7,"007037",19.8
117.78,-28.56,1956,8,"007037",13
117.78,-28.56,1956,9,"007037",0
117.78,-28.56,1956,10,"007037",11.9
117.78,-28.56,1956,11,"007037",2.5
117.78,-28.56,1956,12,"007037",0
117.78,-28.56,1957,1,"007037",38.3
117.78,-28.56,1957,2,"007037",3.6
117.78,-28.56,1957,3,"007037",17.7
117.78,-28.56,1957,4,"007037",2
117.78,-28.56,1957,5,"007037",10.7
117.78,-28.56,1957,6,"007037",58.5
117.78,-28.56,1957,7,"007037",3.6
117.78,-28.56,1957,8,"007037",15.8
117.78,-28.56,1957,9,"007037",6.8
117.78,-28.56,1957,10,"007037",0
117.78,-28.56,1957,11,"007037",0
117.78,-28.56,1957,12,"007037",0
117.78,-28.56,1958,1,"007037",32.2
117.78,-28.56,1958,2,"007037",0
117.78,-28.56,1958,3,"007037",55.2
117.78,-28.56,1958,4,"007037",2
117.78,-28.56,1958,5,"007037",48.3
117.78,-28.56,1958,6,"007037",8.2
117.78,-28.56,1958,7,"007037",60.4
117.78,-28.56,1958,8,"007037",31.2
117.78,-28.56,1958,9,"007037",38.4
117.78,-28.56,1958,10,"007037",12.9
117.78,-28.56,1958,11,"007037",44.7
117.78,-28.56,1958,12,"007037",5.3
117.78,-28.56,1959,1,"007037",10.1
117.78,-28.56,1959,2,"007037",5.9
117.78,-28.56,1959,3,"007037",17.8
117.78,-28.56,1959,4,"007037",7.8
117.78,-28.56,1959,5,"007037",0
117.78,-28.56,1959,6,"007037",50.5
117.78,-28.56,1959,7,"007037",13.4
117.78,-28.56,1959,8,"007037",13.5
117.78,-28.56,1959,9,"007037",1.5
117.78,-28.56,1959,10,"007037",6.6
117.78,-28.56,1959,11,"007037",9.6
117.78,-28.56,1959,12,"007037",14.2
117.78,-28.56,1960,1,"007037",2
117.78,-28.56,1960,2,"007037",235.4
117.78,-28.56,1960,3,"007037",26.4
117.78,-28.56,1960,4,"007037",16
117.78,-28.56,1960,5,"007037",27.5
117.78,-28.56,1960,6,"007037",9
117.78,-28.56,1960,7,"007037",79.5
117.78,-28.56,1960,8,"007037",3.8
117.78,-28.56,1960,9,"007037",10.9
117.78,-28.56,1960,10,"007037",0
117.78,-28.56,1960,11,"007037",0
117.78,-28.56,1960,12,"007037",0
117.78,-28.56,1961,1,"007037",22.6
117.78,-28.56,1961,2,"007037",0
117.78,-28.56,1961,3,"007037",5
117.78,-28.56,1961,4,"007037",31.8
117.78,-28.56,1961,5,"007037",3.8
117.78,-28.56,1961,6,"007037",93.3
117.78,-28.56,1961,7,"007037",10.1
117.78,-28.56,1961,8,"007037",16
117.78,-28.56,1961,9,"007037",0
117.78,-28.56,1961,10,"007037",1
117.78,-28.56,1961,11,"007037",0
117.78,-28.56,1961,12,"007037",1.5
117.78,-28.56,1962,1,"007037",0
117.78,-28.56,1962,2,"007037",33
117.78,-28.56,1962,3,"007037",1
117.78,-28.56,1962,4,"007037",0
117.78,-28.56,1962,5,"007037",103.6
117.78,-28.56,1962,6,"007037",19.8
117.78,-28.56,1962,7,"007037",18
117.78,-28.56,1962,8,"007037",3.8
117.78,-28.56,1962,9,"007037",8.7
117.78,-28.56,1962,10,"007037",31.1
117.78,-28.56,1962,11,"007037",0
117.78,-28.56,1962,12,"007037",31.1
117.78,-28.56,1963,1,"007037",79
117.78,-28.56,1963,2,"007037",50.3
117.78,-28.56,1963,3,"007037",41.7
117.78,-28.56,1963,4,"007037",26
117.78,-28.56,1963,5,"007037",117.1
117.78,-28.56,1963,6,"007037",45
117.78,-28.56,1963,7,"007037",64.3
117.78,-28.56,1963,8,"007037",20.7
117.78,-28.56,1963,9,"007037",3
117.78,-28.56,1963,10,"007037",4
117.78,-28.56,1963,11,"007037",0
117.78,-28.56,1963,12,"007037",6.1
117.78,-28.56,1964,1,"007037",3.8
117.78,-28.56,1964,2,"007037",4.8
117.78,-28.56,1964,3,"007037",8.4
117.78,-28.56,1964,4,"007037",72.2
117.78,-28.56,1964,5,"007037",0
117.78,-28.56,1964,6,"007037",36.5
117.78,-28.56,1964,7,"007037",54.3
117.78,-28.56,1964,8,"007037",11.7
117.78,-28.56,1964,9,"007037",11.2
117.78,-28.56,1964,10,"007037",1.8
117.78,-28.56,1964,11,"007037",15
117.78,-28.56,1964,12,"007037",0
117.78,-28.56,1965,1,"007037",0
117.78,-28.56,1965,2,"007037",0
117.78,-28.56,1965,3,"007037",32.2
117.78,-28.56,1965,4,"007037",0
117.78,-28.56,1965,5,"007037",20.6
117.78,-28.56,1965,6,"007037",68.9
117.78,-28.56,1965,7,"007037",30.1
117.78,-28.56,1965,8,"007037",45.8
117.78,-28.56,1965,9,"007037",5.8
117.78,-28.56,1965,10,"007037",7.9
117.78,-28.56,1965,11,"007037",62.6
117.78,-28.56,1965,12,"007037",0
117.78,-28.56,1966,1,"007037",0
117.78,-28.56,1966,2,"007037",6.9
117.78,-28.56,1966,3,"007037",0
117.78,-28.56,1966,4,"007037",58.9
117.78,-28.56,1966,5,"007037",0
117.78,-28.56,1966,6,"007037",14.9
117.78,-28.56,1966,7,"007037",18.8
117.78,-28.56,1966,8,"007037",29.9
117.78,-28.56,1966,9,"007037",8.9
117.78,-28.56,1966,10,"007037",18.3
117.78,-28.56,1966,11,"007037",11.2
117.78,-28.56,1966,12,"007037",0
117.78,-28.56,1967,1,"007037",54.6
117.78,-28.56,1967,2,"007037",0
117.78,-28.56,1967,3,"007037",3.3
117.78,-28.56,1967,4,"007037",6.2
117.78,-28.56,1967,5,"007037",39.7
117.78,-28.56,1967,6,"007037",22.1
117.78,-28.56,1967,7,"007037",23.1
117.78,-28.56,1967,8,"007037",21.1
117.78,-28.56,1967,9,"007037",6.9
117.78,-28.56,1967,10,"007037",0
117.78,-28.56,1967,11,"007037",0
117.78,-28.56,1967,12,"007037",6.1
117.78,-28.56,1968,1,"007037",17.5
117.78,-28.56,1968,2,"007037",4.9
117.78,-28.56,1968,3,"007037",1
117.78,-28.56,1968,4,"007037",18
117.78,-28.56,1968,5,"007037",20.8
117.78,-28.56,1968,6,"007037",117.3
117.78,-28.56,1968,7,"007037",8.5
117.78,-28.56,1968,8,"007037",9.9
117.78,-28.56,1968,9,"007037",17.8
117.78,-28.56,1968,10,"007037",0
117.78,-28.56,1968,11,"007037",6.9
117.78,-28.56,1968,12,"007037",0
117.78,-28.56,1969,1,"007037",0
117.78,-28.56,1969,2,"007037",17.8
117.78,-28.56,1969,3,"007037",1.5
117.78,-28.56,1969,4,"007037",0
117.78,-28.56,1969,5,"007037",32
117.78,-28.56,1969,6,"007037",21.6
117.78,-28.56,1969,7,"007037",7.6
117.78,-28.56,1969,8,"007037",1.5
117.78,-28.56,1969,9,"007037",17.7
117.78,-28.56,1969,10,"007037",12.7
117.78,-28.56,1969,11,"007037",0
117.78,-28.56,1969,12,"007037",0
117.78,-28.56,1970,1,"007037",0
117.78,-28.56,1970,2,"007037",27.7
117.78,-28.56,1970,3,"007037",0
117.78,-28.56,1970,4,"007037",16.5
117.78,-28.56,1970,5,"007037",22.2
117.78,-28.56,1970,6,"007037",36.9
117.78,-28.56,1970,7,"007037",12.2
117.78,-28.56,1970,8,"007037",6.6
117.78,-28.56,1970,9,"007037",14.3
117.78,-28.56,1970,10,"007037",6.4
117.78,-28.56,1970,11,"007037",0
117.78,-28.56,1970,12,"007037",25.2
117.78,-28.56,1971,1,"007037",5.6
117.78,-28.56,1971,2,"007037",39.4
117.78,-28.56,1971,3,"007037",38.5
117.78,-28.56,1971,4,"007037",3
117.78,-28.56,1971,5,"007037",16.6
117.78,-28.56,1971,6,"007037",10.4
117.78,-28.56,1971,7,"007037",29.5
117.78,-28.56,1971,8,"007037",13.5
117.78,-28.56,1971,9,"007037",4.1
117.78,-28.56,1971,10,"007037",13.9
117.78,-28.56,1971,11,"007037",5.1
117.78,-28.56,1971,12,"007037",2
117.78,-28.56,1972,1,"007037",2
117.78,-28.56,1972,2,"007037",15.2
117.78,-28.56,1972,3,"007037",0
117.78,-28.56,1972,4,"007037",0
117.78,-28.56,1972,5,"007037",11.4
117.78,-28.56,1972,6,"007037",35.1
117.78,-28.56,1972,7,"007037",50.1
117.78,-28.56,1972,8,"007037",17.1
117.78,-28.56,1972,9,"007037",18.8
117.78,-28.56,1972,10,"007037",4.6
117.78,-28.56,1972,11,"007037",10.2
117.78,-28.56,1972,12,"007037",0
117.78,-28.56,1973,1,"007037",0
117.78,-28.56,1973,2,"007037",18.8
117.78,-28.56,1973,3,"007037",0
117.78,-28.56,1973,4,"007037",18.1
117.78,-28.56,1973,5,"007037",28.4
117.78,-28.56,1973,6,"007037",43.7
117.78,-28.56,1973,7,"007037",77.7
117.78,-28.56,1973,8,"007037",49
117.78,-28.56,1973,9,"007037",8.8
117.78,-28.56,1973,10,"007037",2.5
117.78,-28.56,1973,11,"007037",26.6
117.78,-28.56,1973,12,"007037",2.5
117.78,-28.56,1974,1,"007037",10.8
117.78,-28.56,1974,2,"007037",0
117.78,-28.56,1974,3,"007037",39.4
117.78,-28.56,1974,4,"007037",33.8
117.78,-28.56,1974,5,"007037",46.6
117.78,-28.56,1974,6,"007037",20.8
117.78,-28.56,1974,7,"007037",73.4
117.78,-28.56,1974,8,"007037",33.6
117.78,-28.56,1974,9,"007037",73.8
117.78,-28.56,1974,10,"007037",17.6
117.78,-28.56,1974,11,"007037",14
117.78,-28.56,1974,12,"007037",0
117.78,-28.56,1975,1,"007037",1
117.78,-28.56,1975,2,"007037",129.2
117.78,-28.56,1975,3,"007037",56
117.78,-28.56,1975,4,"007037",30.6
117.78,-28.56,1975,5,"007037",18.6
117.78,-28.56,1975,6,"007037",33
117.78,-28.56,1975,7,"007037",30.3
117.78,-28.56,1975,8,"007037",18.1
117.78,-28.56,1975,9,"007037",0
117.78,-28.56,1975,10,"007037",65.6
117.78,-28.56,1975,11,"007037",17
117.78,-28.56,1975,12,"007037",13.2
117.78,-28.56,1976,1,"007037",5.8
117.78,-28.56,1976,2,"007037",1
117.78,-28.56,1976,3,"007037",40
117.78,-28.56,1976,4,"007037",10.4
117.78,-28.56,1976,5,"007037",14
117.78,-28.56,1976,6,"007037",3.6
117.78,-28.56,1976,7,"007037",0
117.78,-28.56,1976,8,"007037",9.4
117.78,-28.56,1976,9,"007037",9
117.78,-28.56,1976,10,"007037",25.7
117.78,-28.56,1976,11,"007037",0
117.78,-28.56,1976,12,"007037",0
117.78,-28.56,1977,1,"007037",0
117.78,-28.56,1977,2,"007037",15.3
117.78,-28.56,1977,3,"007037",9
117.78,-28.56,1977,4,"007037",24.8
117.78,-28.56,1977,5,"007037",10.6
117.78,-28.56,1977,6,"007037",13.8
117.78,-28.56,1977,7,"007037",0
117.78,-28.56,1977,8,"007037",7.9
117.78,-28.56,1977,9,"007037",0
117.78,-28.56,1977,10,"007037",1.6
117.78,-28.56,1977,11,"007037",0
117.78,-28.56,1977,12,"007037",23.9
117.78,-28.56,1978,1,"007037",34.9
117.78,-28.56,1978,2,"007037",73.2
117.78,-28.56,1978,3,"007037",0
117.78,-28.56,1978,4,"007037",5.6
117.78,-28.56,1978,5,"007037",3.2
117.78,-28.56,1978,6,"007037",14.8
117.78,-28.56,1978,7,"007037",25.5
117.78,-28.56,1978,8,"007037",36
117.78,-28.56,1978,9,"007037",22.5
117.78,-28.56,1978,10,"007037",4.2
117.78,-28.56,1978,11,"007037",0
117.78,-28.56,1978,12,"007037",77
117.78,-28.56,1979,1,"007037",0
117.78,-28.56,1979,2,"007037",5.3
117.78,-28.56,1979,3,"007037",6.3
117.78,-28.56,1979,4,"007037",16.2
117.78,-28.56,1979,5,"007037",4.2
117.78,-28.56,1979,6,"007037",41.8
117.78,-28.56,1979,7,"007037",2.8
117.78,-28.56,1979,8,"007037",37.7
117.78,-28.56,1979,9,"007037",0.8
117.78,-28.56,1979,10,"007037",0
117.78,-28.56,1979,11,"007037",20.1
117.78,-28.56,1979,12,"007037",5.4
117.78,-28.56,1980,1,"007037",68
117.78,-28.56,1980,2,"007037",23.4
117.78,-28.56,1980,3,"007037",0
117.78,-28.56,1980,4,"007037",15.4
117.78,-28.56,1980,5,"007037",98.3
117.78,-28.56,1980,6,"007037",114.7
117.78,-28.56,1980,7,"007037",49.5
117.78,-28.56,1980,8,"007037",11.6
117.78,-28.56,1980,9,"007037",0
117.78,-28.56,1980,10,"007037",28.4
117.78,-28.56,1980,11,"007037",26.2
117.78,-28.56,1980,12,"007037",0
117.78,-28.56,1981,1,"007037",0
117.78,-28.56,1981,2,"007037",43
117.78,-28.56,1981,3,"007037",0
117.78,-28.56,1981,4,"007037",0
117.78,-28.56,1981,5,"007037",24.2
117.78,-28.56,1981,6,"007037",46.6
117.78,-28.56,1981,7,"007037",21.6
117.78,-28.56,1981,8,"007037",18.3
117.78,-28.56,1981,9,"007037",0
117.78,-28.56,1981,10,"007037",0
117.78,-28.56,1981,11,"007037",4.6
117.78,-28.56,1981,12,"007037",34.2
117.78,-28.56,1982,1,"007037",20
117.78,-28.56,1982,2,"007037",3
117.78,-28.56,1982,3,"007037",25.7
117.78,-28.56,1982,4,"007037",0
117.78,-28.56,1982,5,"007037",16.2
117.78,-28.56,1982,6,"007037",28
117.78,-28.56,1982,7,"007037",4.4
117.78,-28.56,1982,8,"007037",14
117.78,-28.56,1982,9,"007037",20.2
117.78,-28.56,1982,10,"007037",22.1
117.78,-28.56,1982,11,"007037",27.2
117.78,-28.56,1982,12,"007037",5
117.78,-28.56,1983,1,"007037",0
117.78,-28.56,1983,2,"007037",0
117.78,-28.56,1983,3,"007037",0
117.78,-28.56,1983,4,"007037",0
117.78,-28.56,1983,5,"007037",5.2
117.78,-28.56,1983,6,"007037",40.3
117.78,-28.56,1983,7,"007037",14.2
117.78,-28.56,1983,8,"007037",28.6
117.78,-28.56,1983,9,"007037",24.6
117.78,-28.56,1983,10,"007037",17.8
117.78,-28.56,1983,11,"007037",11.8
117.78,-28.56,1983,12,"007037",59.3
117.78,-28.56,1984,1,"007037",7.5
117.78,-28.56,1984,2,"007037",11.2
117.78,-28.56,1984,3,"007037",52.4
117.78,-28.56,1984,4,"007037",9
117.78,-28.56,1984,5,"007037",64.1
117.78,-28.56,1984,6,"007037",8.8
117.78,-28.56,1984,7,"007037",47.8
117.78,-28.56,1984,8,"007037",3.4
117.78,-28.56,1984,9,"007037",28.6
117.78,-28.56,1984,10,"007037",32.2
117.78,-28.56,1984,11,"007037",5
117.78,-28.56,1984,12,"007037",25.2
117.78,-28.56,1985,1,"007037",0
117.78,-28.56,1985,2,"007037",33
117.78,-28.56,1985,3,"007037",13
117.78,-28.56,1985,4,"007037",10.8
117.78,-28.56,1985,5,"007037",51.2
117.78,-28.56,1985,6,"007037",17.4
117.78,-28.56,1985,7,"007037",63
117.78,-28.56,1985,8,"007037",15
117.78,-28.56,1985,9,"007037",0
117.78,-28.56,1985,10,"007037",3
117.78,-28.56,1985,11,"007037",2
117.78,-28.56,1985,12,"007037",0
117.78,-28.56,1986,1,"007037",27.8
117.78,-28.56,1986,2,"007037",28.6
117.78,-28.56,1986,3,"007037",0
117.78,-28.56,1986,4,"007037",0
117.78,-28.56,1986,5,"007037",6
117.78,-28.56,1986,6,"007037",89.4
117.78,-28.56,1986,7,"007037",32.6
117.78,-28.56,1986,8,"007037",13.4
117.78,-28.56,1986,9,"007037",20.8
117.78,-28.56,1986,10,"007037",22.2
117.78,-28.56,1986,11,"007037",0
117.78,-28.56,1986,12,"007037",0
117.78,-28.56,1987,1,"007037",16.4
117.78,-28.56,1987,2,"007037",0
117.78,-28.56,1987,3,"007037",12.6
117.78,-28.56,1987,4,"007037",0
117.78,-28.56,1987,5,"007037",21.2
117.78,-28.56,1987,6,"007037",34.2
117.78,-28.56,1987,7,"007037",23.2
117.78,-28.56,1987,8,"007037",13.8
117.78,-28.56,1987,9,"007037",3
117.78,-28.56,1987,10,"007037",0
117.78,-28.56,1987,11,"007037",20.8
117.78,-28.56,1987,12,"007037",7.2
117.78,-28.56,1988,1,"007037",0
117.78,-28.56,1988,2,"007037",0
117.78,-28.56,1988,3,"007037",0
117.78,-28.56,1988,4,"007037",23
117.78,-28.56,1988,5,"007037",64.4
117.78,-28.56,1988,6,"007037",18.4
117.78,-28.56,1988,7,"007037",58.6
117.78,-28.56,1988,8,"007037",34
117.78,-28.56,1988,9,"007037",0
117.78,-28.56,1988,10,"007037",0
117.78,-28.56,1988,11,"007037",25.6
117.78,-28.56,1988,12,"007037",26.2
117.78,-28.56,1989,1,"007037",22.4
117.78,-28.56,1989,2,"007037",43.2
117.78,-28.56,1989,3,"007037",0
117.78,-28.56,1989,4,"007037",32.8
117.78,-28.56,1989,5,"007037",54.8
117.78,-28.56,1989,6,"007037",17
117.78,-28.56,1989,7,"007037",19.8
117.78,-28.56,1989,8,"007037",0
117.78,-28.56,1989,9,"007037",0
117.78,-28.56,1989,10,"007037",0
117.78,-28.56,1989,11,"007037",0
117.78,-28.56,1989,12,"007037",0
117.78,-28.56,1990,1,"007037",57.2
117.78,-28.56,1990,2,"007037",42
117.78,-28.56,1990,3,"007037",11.6
117.78,-28.56,1990,4,"007037",19.4
117.78,-28.56,1990,5,"007037",20.3
117.78,-28.56,1990,6,"007037",14
117.78,-28.56,1990,7,"007037",42.4
117.78,-28.56,1990,8,"007037",25.5
117.78,-28.56,1990,9,"007037",2.8
117.78,-28.56,1990,10,"007037",3.6
117.78,-28.56,1990,11,"007037",0
117.78,-28.56,1990,12,"007037",4.2
117.78,-28.56,1991,1,"007037",14.9
117.78,-28.56,1991,2,"007037",0
117.78,-28.56,1991,3,"007037",3.2
117.78,-28.56,1991,4,"007037",9.4
117.78,-28.56,1991,5,"007037",25.2
117.78,-28.56,1991,6,"007037",38.2
117.78,-28.56,1991,7,"007037",51.2
117.78,-28.56,1991,8,"007037",2.2
117.78,-28.56,1991,9,"007037",3
117.78,-28.56,1991,10,"007037",3
117.78,-28.56,1991,11,"007037",14.8
117.78,-28.56,1991,12,"007037",6.4
117.78,-28.56,1992,1,"007037",3
117.78,-28.56,1992,2,"007037",3.4
117.78,-28.56,1992,3,"007037",130.2
117.78,-28.56,1992,4,"007037",126.8
117.78,-28.56,1992,5,"007037",22.6
117.78,-28.56,1992,6,"007037",48
117.78,-28.56,1992,7,"007037",8.3
117.78,-28.56,1992,8,"007037",77
117.78,-28.56,1992,9,"007037",47.1
117.78,-28.56,1992,10,"007037",18.8
117.78,-28.56,1992,11,"007037",5.8
117.78,-28.56,1992,12,"007037",5
117.78,-28.56,1993,1,"007037",3
117.78,-28.56,1993,2,"007037",5
117.78,-28.56,1993,3,"007037",5
117.78,-28.56,1993,4,"007037",18.8
117.78,-28.56,1993,5,"007037",39.3
117.78,-28.56,1993,6,"007037",59.4
117.78,-28.56,1993,7,"007037",29.8
117.78,-28.56,1993,8,"007037",32.1
117.78,-28.56,1993,9,"007037",4.8
117.78,-28.56,1993,10,"007037",0
117.78,-28.56,1993,11,"007037",21.2
117.78,-28.56,1993,12,"007037",8.2
117.78,-28.56,1994,1,"007037",0
117.78,-28.56,1994,2,"007037",19.4
117.78,-28.56,1994,3,"007037",3
117.78,-28.56,1994,4,"007037",0
117.78,-28.56,1994,5,"007037",10.4
117.78,-28.56,1994,6,"007037",17.4
117.78,-28.56,1994,7,"007037",12
117.78,-28.56,1994,8,"007037",40.3
117.78,-28.56,1994,9,"007037",7.1
117.78,-28.56,1994,10,"007037",0
117.78,-28.56,1994,11,"007037",0
117.78,-28.56,1994,12,"007037",65
117.78,-28.56,1995,1,"007037",27.2
117.78,-28.56,1995,2,"007037",113.7
117.78,-28.56,1995,3,"007037",1.3
117.78,-28.56,1995,4,"007037",39.4
117.78,-28.56,1995,5,"007037",12.4
117.78,-28.56,1995,6,"007037",38.2
117.78,-28.56,1995,7,"007037",82.8
117.78,-28.56,1995,8,"007037",2.8
117.78,-28.56,1995,9,"007037",0
117.78,-28.56,1995,10,"007037",3.6
117.78,-28.56,1995,11,"007037",10
117.78,-28.56,1995,12,"007037",32.3
117.78,-28.56,1996,1,"007037",0
117.78,-28.56,1996,2,"007037",20.3
117.78,-28.56,1996,3,"007037",0
117.78,-28.56,1996,4,"007037",29.2
117.78,-28.56,1996,5,"007037",0
117.78,-28.56,1996,6,"007037",64.1
117.78,-28.56,1996,7,"007037",127.1
117.78,-28.56,1996,8,"007037",25
117.78,-28.56,1996,9,"007037",18.4
117.78,-28.56,1996,10,"007037",6.2
117.78,-28.56,1996,11,"007037",6.8
117.78,-28.56,1996,12,"007037",32.2
117.78,-28.56,1997,1,"007037",0
117.78,-28.56,1997,2,"007037",64
117.78,-28.56,1997,3,"007037",8.6
117.78,-28.56,1997,4,"007037",47.4
117.78,-28.56,1997,5,"007037",33
117.78,-28.56,1997,6,"007037",21.5
117.78,-28.56,1997,7,"007037",25.8
117.78,-28.56,1997,8,"007037",34
117.78,-28.56,1997,9,"007037",12.8
117.78,-28.56,1997,10,"007037",7.2
117.78,-28.56,1997,11,"007037",4.2
117.78,-28.56,1997,12,"007037",5.4
117.78,-28.56,1998,1,"007037",0
117.78,-28.56,1998,2,"007037",0
117.78,-28.56,1998,3,"007037",0
117.78,-28.56,1998,4,"007037",8.8
117.78,-28.56,1998,5,"007037",41.8
117.78,-28.56,1998,6,"007037",40
117.78,-28.56,1998,7,"007037",95.2
117.78,-28.56,1998,8,"007037",24
117.78,-28.56,1998,9,"007037",11.2
117.78,-28.56,1998,10,"007037",0
117.78,-28.56,1998,11,"007037",20
117.78,-28.56,1998,12,"007037",42.3
117.78,-28.56,1999,1,"007037",22.4
117.78,-28.56,1999,2,"007037",0
117.78,-28.56,1999,3,"007037",92.4
117.78,-28.56,1999,4,"007037",1.2
117.78,-28.56,1999,5,"007037",67.2
117.78,-28.56,1999,6,"007037",7.8
117.78,-28.56,1999,7,"007037",NA
117.78,-28.56,1999,8,"007037",5.8
117.78,-28.56,1999,9,"007037",20.2
117.78,-28.56,1999,10,"007037",4.6
117.78,-28.56,1999,11,"007037",15
117.78,-28.56,1999,12,"007037",6
117.78,-28.56,2000,1,"007037",46.6
117.78,-28.56,2000,2,"007037",6.2
117.78,-28.56,2000,3,"007037",116.5
117.78,-28.56,2000,4,"007037",19.6
117.78,-28.56,2000,5,"007037",0
117.78,-28.56,2000,6,"007037",13.6
117.78,-28.56,2000,7,"007037",10.2
117.78,-28.56,2000,8,"007037",30.2
117.78,-28.56,2000,9,"007037",4.8
117.78,-28.56,2000,10,"007037",0
117.78,-28.56,2000,11,"007037",0
117.78,-28.56,2000,12,"007037",11.2
117.78,-28.56,2001,1,"007037",104.4
117.78,-28.56,2001,2,"007037",65.8
117.78,-28.56,2001,3,"007037",NA
117.78,-28.56,2001,4,"007037",6.2
117.78,-28.56,2001,5,"007037",27.4
117.78,-28.56,2001,6,"007037",0
117.78,-28.56,2001,7,"007037",20.6
117.78,-28.56,2001,8,"007037",20.2
117.78,-28.56,2001,9,"007037",6.8
117.78,-28.56,2001,10,"007037",9
117.78,-28.56,2001,11,"007037",53.4
117.78,-28.56,2001,12,"007037",4.8
117.78,-28.56,2002,1,"007037",7
117.78,-28.56,2002,2,"007037",6.2
117.78,-28.56,2002,3,"007037",4
117.78,-28.56,2002,4,"007037",18.8
117.78,-28.56,2002,5,"007037",16
117.78,-28.56,2002,6,"007037",20.4
117.78,-28.56,2002,7,"007037",14
117.78,-28.56,2002,8,"007037",15.8
117.78,-28.56,2002,9,"007037",14.4
117.78,-28.56,2002,10,"007037",6.2
117.78,-28.56,2002,11,"007037",0
117.78,-28.56,2002,12,"007037",29.2
117.78,-28.56,2003,1,"007037",45
117.78,-28.56,2003,2,"007037",2
117.78,-28.56,2003,3,"007037",35.2
117.78,-28.56,2003,4,"007037",6.2
117.78,-28.56,2003,5,"007037",32.9
117.78,-28.56,2003,6,"007037",17.6
117.78,-28.56,2003,7,"007037",11.6
117.78,-28.56,2003,8,"007037",22.8
117.78,-28.56,2003,9,"007037",16.6
117.78,-28.56,2003,10,"007037",3
117.78,-28.56,2003,11,"007037",23
117.78,-28.56,2003,12,"007037",0
117.78,-28.56,2004,1,"007037",19.9
117.78,-28.56,2004,2,"007037",28.8
117.78,-28.56,2004,3,"007037",34
117.78,-28.56,2004,4,"007037",69.2
117.78,-28.56,2004,5,"007037",21.4
117.78,-28.56,2004,6,"007037",11.3
117.78,-28.56,2004,7,"007037",53.8
117.78,-28.56,2004,8,"007037",5.4
117.78,-28.56,2004,9,"007037",5.4
117.78,-28.56,2004,10,"007037",12.8
117.78,-28.56,2004,11,"007037",8.1
117.78,-28.56,2004,12,"007037",1.6
117.78,-28.56,2005,1,"007037",10.5
117.78,-28.56,2005,2,"007037",10.5
117.78,-28.56,2005,3,"007037",11.2
117.78,-28.56,2005,4,"007037",2
117.78,-28.56,2005,5,"007037",31.7
117.78,-28.56,2005,6,"007037",NA
117.78,-28.56,2005,7,"007037",2.8
117.78,-28.56,2005,8,"007037",47.3
117.78,-28.56,2005,9,"007037",17.2
117.78,-28.56,2005,10,"007037",0
117.78,-28.56,2005,11,"007037",0
117.78,-28.56,2005,12,"007037",0
117.78,-28.56,2006,1,"007037",81.8
117.78,-28.56,2006,2,"007037",43.7
117.78,-28.56,2006,3,"007037",95
117.78,-28.56,2006,4,"007037",70.1
117.78,-28.56,2006,5,"007037",4.4
117.78,-28.56,2006,6,"007037",0
117.78,-28.56,2006,7,"007037",6.9
117.78,-28.56,2006,8,"007037",2.6
117.78,-28.56,2006,9,"007037",42
117.78,-28.56,2006,10,"007037",29.6
117.78,-28.56,2006,11,"007037",12.8
117.78,-28.56,2006,12,"007037",0
117.78,-28.56,2007,1,"007037",31
117.78,-28.56,2007,2,"007037",31.3
117.78,-28.56,2007,3,"007037",0
117.78,-28.56,2007,4,"007037",0
117.78,-28.56,2007,5,"007037",4.5
117.78,-28.56,2007,6,"007037",10.4
117.78,-28.56,2007,7,"007037",27.1
117.78,-28.56,2007,8,"007037",0
117.78,-28.56,2007,9,"007037",8.6
117.78,-28.56,2007,10,"007037",0
117.78,-28.56,2007,11,"007037",0
117.78,-28.56,2007,12,"007037",28.8
117.78,-28.56,2008,1,"007037",16.8
117.78,-28.56,2008,2,"007037",105.4
117.78,-28.56,2008,3,"007037",41.3
117.78,-28.56,2008,4,"007037",34.4
117.78,-28.56,2008,5,"007037",0
117.78,-28.56,2008,6,"007037",17
117.78,-28.56,2008,7,"007037",44.8
117.78,-28.56,2008,8,"007037",14.1
117.78,-28.56,2008,9,"007037",6.9
117.78,-28.56,2008,10,"007037",0
117.78,-28.56,2008,11,"007037",12.2
117.78,-28.56,2008,12,"007037",0
117.78,-28.56,2009,1,"007037",93
117.78,-28.56,2009,2,"007037",0
117.78,-28.56,2009,3,"007037",0
117.78,-28.56,2009,4,"007037",9.2
117.78,-28.56,2009,5,"007037",9.8
117.78,-28.56,2009,6,"007037",75.9
117.78,-28.56,2009,7,"007037",42.4
117.78,-28.56,2009,8,"007037",9.8
117.78,-28.56,2009,9,"007037",10.7
117.78,-28.56,2009,10,"007037",0
117.78,-28.56,2009,11,"007037",8
117.78,-28.56,2009,12,"007037",10.3
117.78,-28.56,2010,1,"007037",0
117.78,-28.56,2010,2,"007037",0
117.78,-28.56,2010,3,"007037",18.3
117.78,-28.56,2010,4,"007037",2
117.78,-28.56,2010,5,"007037",15.2
117.78,-28.56,2010,6,"007037",27.8
117.78,-28.56,2010,7,"007037",12.8
117.78,-28.56,2010,8,"007037",29.1
117.78,-28.56,2010,9,"007037",23
117.78,-28.56,2010,10,"007037",0
117.78,-28.56,2010,11,"007037",0
117.78,-28.56,2010,12,"007037",67
117.78,-28.56,2011,1,"007037",50.7
117.78,-28.56,2011,2,"007037",95.6
117.78,-28.56,2011,3,"007037",3.4
117.78,-28.56,2011,4,"007037",7.2
117.78,-28.56,2011,5,"007037",23.1
117.78,-28.56,2011,6,"007037",39.2
117.78,-28.56,2011,7,"007037",76.5
117.78,-28.56,2011,8,"007037",13.6
117.78,-28.56,2011,9,"007037",14.6
117.78,-28.56,2011,10,"007037",37.2
117.78,-28.56,2011,11,"007037",8.4
117.78,-28.56,2011,12,"007037",39.9
117.78,-28.56,2012,1,"007037",54.5
117.78,-28.56,2012,2,"007037",11.2
117.78,-28.56,2012,3,"007037",29
117.78,-28.56,2012,4,"007037",3.5
117.78,-28.56,2012,5,"007037",15.4
117.78,-28.56,2012,6,"007037",45
117.78,-28.56,2012,7,"007037",3.8
117.78,-28.56,2012,8,"007037",3.9
117.78,-28.56,2012,9,"007037",8.6
117.78,-28.56,2012,10,"007037",2.2
117.78,-28.56,2012,11,"007037",27.7
117.78,-28.56,2012,12,"007037",38
117.78,-28.56,2013,1,"007037",40.8
117.78,-28.56,2013,2,"007037",1.5
117.78,-28.56,2013,3,"007037",19.6
117.78,-28.56,2013,4,"007037",2.8
117.78,-28.56,2013,5,"007037",38.4
117.78,-28.56,2013,6,"007037",2.8
117.78,-28.56,2013,7,"007037",9.9
117.78,-28.56,2013,8,"007037",13.1
117.78,-28.56,2013,9,"007037",24.2
117.78,-28.56,2013,10,"007037",3.2
117.78,-28.56,2013,11,"007037",11.8
117.78,-28.56,2013,12,"007037",2.2
117.78,-28.56,2014,1,"007037",37
117.78,-28.56,2014,2,"007037",85.9
117.78,-28.56,2014,3,"007037",5.1
117.78,-28.56,2014,4,"007037",24.7
117.78,-28.56,2014,5,"007037",56.7
117.78,-28.56,2014,6,"007037",5.5
117.78,-28.56,2014,7,"007037",8.7
117.78,-28.56,2014,8,"007037",7.2
117.78,-28.56,2014,9,"007037",16.7
117.78,-28.56,2014,10,"007037",15.6
117.78,-28.56,2014,11,"007037",9.9
117.78,-28.56,2014,12,"007037",1.2
117.78,-28.56,2015,1,"007037",7.5
117.78,-28.56,2015,2,"007037",18.8
117.78,-28.56,2015,3,"007037",122.1
117.78,-28.56,2015,4,"007037",22.7
117.78,-28.56,2015,5,"007037",8.5
117.78,-28.56,2015,6,"007037",19.7
117.78,-28.56,2015,7,"007037",24.5
117.78,-28.56,2015,8,"007037",30.2
117.78,-28.56,2015,9,"007037",0
117.78,-28.56,2015,10,"007037",0
117.78,-28.56,2015,11,"007037",13
117.78,-28.56,2015,12,"007037",4.4
117.78,-28.56,2016,1,"007037",29
117.78,-28.56,2016,2,"007037",6.6
117.78,-28.56,2016,3,"007037",97
117.78,-28.56,2016,4,"007037",18.9
117.78,-28.56,2016,5,"007037",30.9
117.78,-28.56,2016,6,"007037",36.8
117.78,-28.56,2016,7,"007037",32.5
117.78,-28.56,2016,8,"007037",40.9
117.78,-28.56,2016,9,"007037",3.4
117.78,-28.56,2016,10,"007037",7.6
117.78,-28.56,2016,11,"007037",2.3
117.78,-28.56,2016,12,"007037",9.5
117.78,-28.56,2017,1,"007037",38.5
117.78,-28.56,2017,2,"007037",92.1
117.78,-28.56,2017,3,"007037",23.2
117.78,-28.56,2017,4,"007037",15
117.78,-28.56,2017,5,"007037",2.2
117.78,-28.56,2017,6,"007037",2.2
117.78,-28.56,2017,7,"007037",15.9
117.78,-28.56,2017,8,"007037",57
117.78,-28.56,2017,9,"007037",24
117.78,-28.56,2017,10,"007037",3.5
117.78,-28.56,2017,11,"007037",4
117.78,-28.56,2017,12,"007037",7
117.78,-28.56,2018,1,"007037",29.7
117.78,-28.56,2018,2,"007037",18.5
117.78,-28.56,2018,3,"007037",10.4
117.78,-28.56,2018,4,"007037",11
117.78,-28.56,2018,5,"007037",6.4
117.78,-28.56,2018,6,"007037",21.1
117.78,-28.56,2018,7,"007037",30.9
117.78,-28.56,2018,8,"007037",19
117.78,-28.56,2018,9,"007037",10
117.78,-28.56,2018,10,"007037",28.4
117.78,-28.56,2018,11,"007037",47.6
117.78,-28.56,2018,12,"007037",9.6
117.78,-28.56,2019,1,"007037",0
117.78,-28.56,2019,2,"007037",0.4
117.78,-28.56,2019,3,"007037",18
117.78,-28.56,2019,4,"007037",14
117.78,-28.56,2019,5,"007037",1.6
117.78,-28.56,2019,6,"007037",57.1
117.78,-28.56,2019,7,"007037",10.5
117.78,-28.56,2019,8,"007037",7.8
117.78,-28.56,2019,9,"007037",0
117.78,-28.56,2019,10,"007037",0
117.78,-28.56,2019,11,"007037",0
117.78,-28.56,2019,12,"007037",4.2
117.78,-28.56,2020,1,"007037",16.1
117.78,-28.56,2020,2,"007037",33.4
117.78,-28.56,2020,3,"007037",14
117.78,-28.56,2020,4,"007037",1
117.78,-28.56,2020,5,"007037",4
117.78,-28.56,2020,6,"007037",11.8
117.78,-28.56,2020,7,"007037",14.8
117.78,-28.56,2020,8,"007037",30.8
117.78,-28.56,2020,9,"007037",0.2
117.78,-28.56,2020,10,"007037",NA
117.78,-28.56,2020,11,"007037",11.2
117.78,-28.56,2020,12,"007037",5.7
117.78,-28.56,2021,1,"007037",8.2
117.78,-28.56,2021,2,"007037",28
117.78,-28.56,2021,3,"007037",48.1
117.78,-28.56,2021,4,"007037",5.4
117.78,-28.56,2021,5,"007037",86.7
117.78,-28.56,2021,6,"007037",19.8
117.78,-28.56,2021,7,"007037",43.5
117.78,-28.56,2021,8,"007037",8.7
117.78,-28.56,2021,9,"007037",3.9
117.78,-28.56,2021,10,"007037",21.4
117.78,-28.56,2021,11,"007037",28.9
117.78,-28.56,2021,12,"007037",0
117.78,-28.56,2022,1,"007037",21.8
117.78,-28.56,2022,2,"007037",52.4
117.78,-28.56,2022,3,"007037",NA
117.78,-28.56,2022,4,"007037",NA
117.78,-28.56,2022,5,"007037",NA
117.78,-28.56,2022,6,"007037",NA
117.78,-28.56,2022,7,"007037",NA
117.78,-28.56,2022,8,"007037",NA
117.78,-28.56,2022,9,"007037",NA
117.78,-28.56,2022,10,"007037",NA
117.78,-28.56,2022,11,"007037",NA
117.78,-28.56,2022,12,"007037",NA
