"Lon","Lat","Year","Month","Station","Rain"
149.71,-32.5,1971,1,"062084",NA
149.71,-32.5,1971,2,"062084",NA
149.71,-32.5,1971,3,"062084",NA
149.71,-32.5,1971,4,"062084",NA
149.71,-32.5,1971,5,"062084",25.9
149.71,-32.5,1971,6,"062084",1.3
149.71,-32.5,1971,7,"062084",69.4
149.71,-32.5,1971,8,"062084",70.3
149.71,-32.5,1971,9,"062084",63.1
149.71,-32.5,1971,10,"062084",4.6
149.71,-32.5,1971,11,"062084",62.1
149.71,-32.5,1971,12,"062084",73.7
149.71,-32.5,1972,1,"062084",153.4
149.71,-32.5,1972,2,"062084",65.2
149.71,-32.5,1972,3,"062084",17.3
149.71,-32.5,1972,4,"062084",27.8
149.71,-32.5,1972,5,"062084",18.8
149.71,-32.5,1972,6,"062084",2.3
149.71,-32.5,1972,7,"062084",12.8
149.71,-32.5,1972,8,"062084",39.3
149.71,-32.5,1972,9,"062084",29
149.71,-32.5,1972,10,"062084",50.2
149.71,-32.5,1972,11,"062084",38.9
149.71,-32.5,1972,12,"062084",53.8
149.71,-32.5,1973,1,"062084",107.1
149.71,-32.5,1973,2,"062084",151
149.71,-32.5,1973,3,"062084",50
149.71,-32.5,1973,4,"062084",51.3
149.71,-32.5,1973,5,"062084",77.7
149.71,-32.5,1973,6,"062084",93.9
149.71,-32.5,1973,7,"062084",73.4
149.71,-32.5,1973,8,"062084",74.7
149.71,-32.5,1973,9,"062084",51.3
149.71,-32.5,1973,10,"062084",221.1
149.71,-32.5,1973,11,"062084",131.2
149.71,-32.5,1973,12,"062084",69.6
149.71,-32.5,1974,1,"062084",76.9
149.71,-32.5,1974,2,"062084",51.3
149.71,-32.5,1974,3,"062084",0.6
149.71,-32.5,1974,4,"062084",90.3
149.71,-32.5,1974,5,"062084",51
149.71,-32.5,1974,6,"062084",20.7
149.71,-32.5,1974,7,"062084",36.1
149.71,-32.5,1974,8,"062084",40.7
149.71,-32.5,1974,9,"062084",55.9
149.71,-32.5,1974,10,"062084",48.3
149.71,-32.5,1974,11,"062084",17.3
149.71,-32.5,1974,12,"062084",0
149.71,-32.5,1975,1,"062084",30.2
149.71,-32.5,1975,2,"062084",137.6
149.71,-32.5,1975,3,"062084",77.4
149.71,-32.5,1975,4,"062084",12.2
149.71,-32.5,1975,5,"062084",7
149.71,-32.5,1975,6,"062084",75.8
149.71,-32.5,1975,7,"062084",16
149.71,-32.5,1975,8,"062084",57.2
149.71,-32.5,1975,9,"062084",40.2
149.71,-32.5,1975,10,"062084",47.8
149.71,-32.5,1975,11,"062084",21.4
149.71,-32.5,1975,12,"062084",45.3
149.71,-32.5,1976,1,"062084",163.6
149.71,-32.5,1976,2,"062084",112
149.71,-32.5,1976,3,"062084",87.5
149.71,-32.5,1976,4,"062084",14.2
149.71,-32.5,1976,5,"062084",19.2
149.71,-32.5,1976,6,"062084",21.6
149.71,-32.5,1976,7,"062084",66.4
149.71,-32.5,1976,8,"062084",22.6
149.71,-32.5,1976,9,"062084",46
149.71,-32.5,1976,10,"062084",152.4
149.71,-32.5,1976,11,"062084",32.6
149.71,-32.5,1976,12,"062084",48.2
149.71,-32.5,1977,1,"062084",50.4
149.71,-32.5,1977,2,"062084",47.2
149.71,-32.5,1977,3,"062084",107
149.71,-32.5,1977,4,"062084",45.4
149.71,-32.5,1977,5,"062084",80.3
149.71,-32.5,1977,6,"062084",36.2
149.71,-32.5,1977,7,"062084",14.6
149.71,-32.5,1977,8,"062084",14.8
149.71,-32.5,1977,9,"062084",43.4
149.71,-32.5,1977,10,"062084",22.4
149.71,-32.5,1977,11,"062084",15.6
149.71,-32.5,1977,12,"062084",17.4
149.71,-32.5,1978,1,"062084",174.8
149.71,-32.5,1978,2,"062084",11.8
149.71,-32.5,1978,3,"062084",113.2
149.71,-32.5,1978,4,"062084",2.6
149.71,-32.5,1978,5,"062084",115.4
149.71,-32.5,1978,6,"062084",50
149.71,-32.5,1978,7,"062084",69.2
149.71,-32.5,1978,8,"062084",9.2
149.71,-32.5,1978,9,"062084",130.3
149.71,-32.5,1978,10,"062084",15.2
149.71,-32.5,1978,11,"062084",82.8
149.71,-32.5,1978,12,"062084",45.2
149.71,-32.5,1979,1,"062084",13.8
149.71,-32.5,1979,2,"062084",2.9
149.71,-32.5,1979,3,"062084",96.4
149.71,-32.5,1979,4,"062084",61.6
149.71,-32.5,1979,5,"062084",68.6
149.71,-32.5,1979,6,"062084",16
149.71,-32.5,1979,7,"062084",5
149.71,-32.5,1979,8,"062084",23
149.71,-32.5,1979,9,"062084",127.1
149.71,-32.5,1979,10,"062084",14.5
149.71,-32.5,1979,11,"062084",31
149.71,-32.5,1979,12,"062084",4.6
149.71,-32.5,1980,1,"062084",53.8
149.71,-32.5,1980,2,"062084",29.8
149.71,-32.5,1980,3,"062084",35.6
149.71,-32.5,1980,4,"062084",1
149.71,-32.5,1980,5,"062084",22.2
149.71,-32.5,1980,6,"062084",67.2
149.71,-32.5,1980,7,"062084",33.4
149.71,-32.5,1980,8,"062084",16.7
149.71,-32.5,1980,9,"062084",3.8
149.71,-32.5,1980,10,"062084",46
149.71,-32.5,1980,11,"062084",1.5
149.71,-32.5,1980,12,"062084",55.8
149.71,-32.5,1981,1,"062084",24.6
149.71,-32.5,1981,2,"062084",97.8
149.71,-32.5,1981,3,"062084",6.8
149.71,-32.5,1981,4,"062084",14.4
149.71,-32.5,1981,5,"062084",25
149.71,-32.5,1981,6,"062084",54.6
149.71,-32.5,1981,7,"062084",146.2
149.71,-32.5,1981,8,"062084",25
149.71,-32.5,1981,9,"062084",43.4
149.71,-32.5,1981,10,"062084",78.9
149.71,-32.5,1981,11,"062084",114.8
149.71,-32.5,1981,12,"062084",50.2
149.71,-32.5,1982,1,"062084",32
149.71,-32.5,1982,2,"062084",29.4
149.71,-32.5,1982,3,"062084",107.8
149.71,-32.5,1982,4,"062084",0
149.71,-32.5,1982,5,"062084",18
149.71,-32.5,1982,6,"062084",40.6
149.71,-32.5,1982,7,"062084",14.7
149.71,-32.5,1982,8,"062084",0.6
149.71,-32.5,1982,9,"062084",19
149.71,-32.5,1982,10,"062084",8.1
149.71,-32.5,1982,11,"062084",8.8
149.71,-32.5,1982,12,"062084",39.6
149.71,-32.5,1983,1,"062084",63.6
149.71,-32.5,1983,2,"062084",23.4
149.71,-32.5,1983,3,"062084",37.6
149.71,-32.5,1983,4,"062084",121.4
149.71,-32.5,1983,5,"062084",175.1
149.71,-32.5,1983,6,"062084",17
149.71,-32.5,1983,7,"062084",55.6
149.71,-32.5,1983,8,"062084",39.4
149.71,-32.5,1983,9,"062084",49.6
149.71,-32.5,1983,10,"062084",62.4
149.71,-32.5,1983,11,"062084",108.9
149.71,-32.5,1983,12,"062084",55.7
149.71,-32.5,1984,1,"062084",200.2
149.71,-32.5,1984,2,"062084",70.4
149.71,-32.5,1984,3,"062084",21
149.71,-32.5,1984,4,"062084",20.5
149.71,-32.5,1984,5,"062084",17.8
149.71,-32.5,1984,6,"062084",3.6
149.71,-32.5,1984,7,"062084",141.4
149.71,-32.5,1984,8,"062084",62.8
149.71,-32.5,1984,9,"062084",64.6
149.71,-32.5,1984,10,"062084",36.7
149.71,-32.5,1984,11,"062084",40.2
149.71,-32.5,1984,12,"062084",29.8
149.71,-32.5,1985,1,"062084",3.6
149.71,-32.5,1985,2,"062084",19
149.71,-32.5,1985,3,"062084",24.6
149.71,-32.5,1985,4,"062084",44.2
149.71,-32.5,1985,5,"062084",35.2
149.71,-32.5,1985,6,"062084",61.5
149.71,-32.5,1985,7,"062084",5.4
149.71,-32.5,1985,8,"062084",120.5
149.71,-32.5,1985,9,"062084",55.1
149.71,-32.5,1985,10,"062084",113.2
149.71,-32.5,1985,11,"062084",94.7
149.71,-32.5,1985,12,"062084",58.1
149.71,-32.5,1986,1,"062084",110
149.71,-32.5,1986,2,"062084",19
149.71,-32.5,1986,3,"062084",1.8
149.71,-32.5,1986,4,"062084",9
149.71,-32.5,1986,5,"062084",27.3
149.71,-32.5,1986,6,"062084",7.6
149.71,-32.5,1986,7,"062084",116.4
149.71,-32.5,1986,8,"062084",108
149.71,-32.5,1986,9,"062084",46.3
149.71,-32.5,1986,10,"062084",58.5
149.71,-32.5,1986,11,"062084",62.9
149.71,-32.5,1986,12,"062084",14.8
149.71,-32.5,1987,1,"062084",84.2
149.71,-32.5,1987,2,"062084",37.5
149.71,-32.5,1987,3,"062084",110.4
149.71,-32.5,1987,4,"062084",2
149.71,-32.5,1987,5,"062084",61.4
149.71,-32.5,1987,6,"062084",104.8
149.71,-32.5,1987,7,"062084",30
149.71,-32.5,1987,8,"062084",111.5
149.71,-32.5,1987,9,"062084",27.2
149.71,-32.5,1987,10,"062084",76.4
149.71,-32.5,1987,11,"062084",46.6
149.71,-32.5,1987,12,"062084",87.8
149.71,-32.5,1988,1,"062084",90.3
149.71,-32.5,1988,2,"062084",61.4
149.71,-32.5,1988,3,"062084",4
149.71,-32.5,1988,4,"062084",69.2
149.71,-32.5,1988,5,"062084",44.7
149.71,-32.5,1988,6,"062084",15.2
149.71,-32.5,1988,7,"062084",67
149.71,-32.5,1988,8,"062084",73.9
149.71,-32.5,1988,9,"062084",76.3
149.71,-32.5,1988,10,"062084",7.4
149.71,-32.5,1988,11,"062084",44.8
149.71,-32.5,1988,12,"062084",110.9
149.71,-32.5,1989,1,"062084",31.4
149.71,-32.5,1989,2,"062084",32.2
149.71,-32.5,1989,3,"062084",96
149.71,-32.5,1989,4,"062084",148.2
149.71,-32.5,1989,5,"062084",143.9
149.71,-32.5,1989,6,"062084",73.4
149.71,-32.5,1989,7,"062084",69.8
149.71,-32.5,1989,8,"062084",22.4
149.71,-32.5,1989,9,"062084",7.7
149.71,-32.5,1989,10,"062084",41.2
149.71,-32.5,1989,11,"062084",55.7
149.71,-32.5,1989,12,"062084",63.9
149.71,-32.5,1990,1,"062084",61.8
149.71,-32.5,1990,2,"062084",163.4
149.71,-32.5,1990,3,"062084",65.6
149.71,-32.5,1990,4,"062084",207.6
149.71,-32.5,1990,5,"062084",68.5
149.71,-32.5,1990,6,"062084",33.4
149.71,-32.5,1990,7,"062084",78
149.71,-32.5,1990,8,"062084",71.4
149.71,-32.5,1990,9,"062084",33.6
149.71,-32.5,1990,10,"062084",56.1
149.71,-32.5,1990,11,"062084",1.2
149.71,-32.5,1990,12,"062084",43.3
149.71,-32.5,1991,1,"062084",130.8
149.71,-32.5,1991,2,"062084",5.6
149.71,-32.5,1991,3,"062084",31.8
149.71,-32.5,1991,4,"062084",5
149.71,-32.5,1991,5,"062084",68
149.71,-32.5,1991,6,"062084",86
149.71,-32.5,1991,7,"062084",63.2
149.71,-32.5,1991,8,"062084",42.6
149.71,-32.5,1991,9,"062084",38.8
149.71,-32.5,1991,10,"062084",35.2
149.71,-32.5,1991,11,"062084",50.9
149.71,-32.5,1991,12,"062084",89.6
149.71,-32.5,1992,1,"062084",61.3
149.71,-32.5,1992,2,"062084",215.8
149.71,-32.5,1992,3,"062084",49.2
149.71,-32.5,1992,4,"062084",28.2
149.71,-32.5,1992,5,"062084",16.4
149.71,-32.5,1992,6,"062084",25.4
149.71,-32.5,1992,7,"062084",28
149.71,-32.5,1992,8,"062084",71.6
149.71,-32.5,1992,9,"062084",38
149.71,-32.5,1992,10,"062084",72
149.71,-32.5,1992,11,"062084",107.9
149.71,-32.5,1992,12,"062084",121.7
149.71,-32.5,1993,1,"062084",27.4
149.71,-32.5,1993,2,"062084",42.6
149.71,-32.5,1993,3,"062084",34.2
149.71,-32.5,1993,4,"062084",4.2
149.71,-32.5,1993,5,"062084",29.4
149.71,-32.5,1993,6,"062084",36.6
149.71,-32.5,1993,7,"062084",108.6
149.71,-32.5,1993,8,"062084",34
149.71,-32.5,1993,9,"062084",124.8
149.71,-32.5,1993,10,"062084",81.6
149.71,-32.5,1993,11,"062084",63.3
149.71,-32.5,1993,12,"062084",25.2
149.71,-32.5,1994,1,"062084",57
149.71,-32.5,1994,2,"062084",119.3
149.71,-32.5,1994,3,"062084",19.5
149.71,-32.5,1994,4,"062084",15.2
149.71,-32.5,1994,5,"062084",1.5
149.71,-32.5,1994,6,"062084",12.3
149.71,-32.5,1994,7,"062084",43
149.71,-32.5,1994,8,"062084",15
149.71,-32.5,1994,9,"062084",1.3
149.71,-32.5,1994,10,"062084",15
149.71,-32.5,1994,11,"062084",100.5
149.71,-32.5,1994,12,"062084",68
149.71,-32.5,1995,1,"062084",113.5
149.71,-32.5,1995,2,"062084",17
149.71,-32.5,1995,3,"062084",0
149.71,-32.5,1995,4,"062084",0
149.71,-32.5,1995,5,"062084",108
149.71,-32.5,1995,6,"062084",20
149.71,-32.5,1995,7,"062084",35
149.71,-32.5,1995,8,"062084",0
149.71,-32.5,1995,9,"062084",87.5
149.71,-32.5,1995,10,"062084",36.2
149.71,-32.5,1995,11,"062084",96.8
149.71,-32.5,1995,12,"062084",139.6
149.71,-32.5,1996,1,"062084",144.9
149.71,-32.5,1996,2,"062084",25.2
149.71,-32.5,1996,3,"062084",19.8
149.71,-32.5,1996,4,"062084",8
149.71,-32.5,1996,5,"062084",44.6
149.71,-32.5,1996,6,"062084",53.3
149.71,-32.5,1996,7,"062084",124.4
149.71,-32.5,1996,8,"062084",62.2
149.71,-32.5,1996,9,"062084",110
149.71,-32.5,1996,10,"062084",66.5
149.71,-32.5,1996,11,"062084",108.6
149.71,-32.5,1996,12,"062084",133
149.71,-32.5,1997,1,"062084",67
149.71,-32.5,1997,2,"062084",82
149.71,-32.5,1997,3,"062084",36
149.71,-32.5,1997,4,"062084",3.2
149.71,-32.5,1997,5,"062084",34.6
149.71,-32.5,1997,6,"062084",27.8
149.71,-32.5,1997,7,"062084",40
149.71,-32.5,1997,8,"062084",18.4
149.71,-32.5,1997,9,"062084",98.6
149.71,-32.5,1997,10,"062084",32.9
149.71,-32.5,1997,11,"062084",22.2
149.71,-32.5,1997,12,"062084",36.9
149.71,-32.5,1998,1,"062084",96
149.71,-32.5,1998,2,"062084",44
149.71,-32.5,1998,3,"062084",0
149.71,-32.5,1998,4,"062084",77.6
149.71,-32.5,1998,5,"062084",70.3
149.71,-32.5,1998,6,"062084",99.2
149.71,-32.5,1998,7,"062084",156.7
149.71,-32.5,1998,8,"062084",93.3
149.71,-32.5,1998,9,"062084",78.2
149.71,-32.5,1998,10,"062084",67.8
149.71,-32.5,1998,11,"062084",66.4
149.71,-32.5,1998,12,"062084",23.6
149.71,-32.5,1999,1,"062084",85.9
149.71,-32.5,1999,2,"062084",3.2
149.71,-32.5,1999,3,"062084",88.3
149.71,-32.5,1999,4,"062084",60.8
149.71,-32.5,1999,5,"062084",10.8
149.71,-32.5,1999,6,"062084",45.2
149.71,-32.5,1999,7,"062084",35.6
149.71,-32.5,1999,8,"062084",67.6
149.71,-32.5,1999,9,"062084",52.8
149.71,-32.5,1999,10,"062084",NA
149.71,-32.5,1999,11,"062084",NA
149.71,-32.5,1999,12,"062084",82.8
149.71,-32.5,2000,1,"062084",122
149.71,-32.5,2000,2,"062084",3.4
149.71,-32.5,2000,3,"062084",229.8
149.71,-32.5,2000,4,"062084",138.2
149.71,-32.5,2000,5,"062084",96
149.71,-32.5,2000,6,"062084",47.6
149.71,-32.5,2000,7,"062084",46.6
149.71,-32.5,2000,8,"062084",88.6
149.71,-32.5,2000,9,"062084",27.8
149.71,-32.5,2000,10,"062084",141.4
149.71,-32.5,2000,11,"062084",183.4
149.71,-32.5,2000,12,"062084",32
149.71,-32.5,2001,1,"062084",51.6
149.71,-32.5,2001,2,"062084",NA
149.71,-32.5,2001,3,"062084",64.2
149.71,-32.5,2001,4,"062084",75.2
149.71,-32.5,2001,5,"062084",NA
149.71,-32.5,2001,6,"062084",22.5
149.71,-32.5,2001,7,"062084",61.3
149.71,-32.5,2001,8,"062084",38.4
149.71,-32.5,2001,9,"062084",NA
149.71,-32.5,2001,10,"062084",79.6
149.71,-32.5,2001,11,"062084",44.8
149.71,-32.5,2001,12,"062084",51.4
149.71,-32.5,2002,1,"062084",30.6
149.71,-32.5,2002,2,"062084",173.7
149.71,-32.5,2002,3,"062084",62
149.71,-32.5,2002,4,"062084",13.6
149.71,-32.5,2002,5,"062084",34.4
149.71,-32.5,2002,6,"062084",43.4
149.71,-32.5,2002,7,"062084",6.4
149.71,-32.5,2002,8,"062084",7.8
149.71,-32.5,2002,9,"062084",32.4
149.71,-32.5,2002,10,"062084",2.7
149.71,-32.5,2002,11,"062084",NA
149.71,-32.5,2002,12,"062084",38
149.71,-32.5,2003,1,"062084",9.8
149.71,-32.5,2003,2,"062084",273.8
149.71,-32.5,2003,3,"062084",NA
149.71,-32.5,2003,4,"062084",67.4
149.71,-32.5,2003,5,"062084",8.6
149.71,-32.5,2003,6,"062084",61.4
149.71,-32.5,2003,7,"062084",29.6
149.71,-32.5,2003,8,"062084",119.8
149.71,-32.5,2003,9,"062084",12.8
149.71,-32.5,2003,10,"062084",91
149.71,-32.5,2003,11,"062084",NA
149.71,-32.5,2003,12,"062084",NA
149.71,-32.5,2004,1,"062084",60.6
149.71,-32.5,2004,2,"062084",119.4
149.71,-32.5,2004,3,"062084",11
149.71,-32.5,2004,4,"062084",4.4
149.71,-32.5,2004,5,"062084",55.2
149.71,-32.5,2004,6,"062084",31
149.71,-32.5,2004,7,"062084",66
149.71,-32.5,2004,8,"062084",40
149.71,-32.5,2004,9,"062084",41.4
149.71,-32.5,2004,10,"062084",57
149.71,-32.5,2004,11,"062084",71.7
149.71,-32.5,2004,12,"062084",99.4
149.71,-32.5,2005,1,"062084",51.8
149.71,-32.5,2005,2,"062084",92.6
149.71,-32.5,2005,3,"062084",56.6
149.71,-32.5,2005,4,"062084",0
149.71,-32.5,2005,5,"062084",1.6
149.71,-32.5,2005,6,"062084",90.2
149.71,-32.5,2005,7,"062084",62.8
149.71,-32.5,2005,8,"062084",25
149.71,-32.5,2005,9,"062084",111.6
149.71,-32.5,2005,10,"062084",68.8
149.71,-32.5,2005,11,"062084",NA
149.71,-32.5,2005,12,"062084",34.6
149.71,-32.5,2006,1,"062084",35.4
149.71,-32.5,2006,2,"062084",66
149.71,-32.5,2006,3,"062084",9.4
149.71,-32.5,2006,4,"062084",37
149.71,-32.5,2006,5,"062084",1.2
149.71,-32.5,2006,6,"062084",26.4
149.71,-32.5,2006,7,"062084",62.8
149.71,-32.5,2006,8,"062084",8.8
149.71,-32.5,2006,9,"062084",13.2
149.71,-32.5,2006,10,"062084",3.6
149.71,-32.5,2006,11,"062084",29.2
149.71,-32.5,2006,12,"062084",33.5
149.71,-32.5,2007,1,"062084",4
149.71,-32.5,2007,2,"062084",74.8
149.71,-32.5,2007,3,"062084",28.4
149.71,-32.5,2007,4,"062084",42.6
149.71,-32.5,2007,5,"062084",55.4
149.71,-32.5,2007,6,"062084",182.2
149.71,-32.5,2007,7,"062084",NA
149.71,-32.5,2007,8,"062084",36.2
149.71,-32.5,2007,9,"062084",4
149.71,-32.5,2007,10,"062084",64
149.71,-32.5,2007,11,"062084",126.4
149.71,-32.5,2007,12,"062084",186.8
149.71,-32.5,2008,1,"062084",104.8
149.71,-32.5,2008,2,"062084",90.8
149.71,-32.5,2008,3,"062084",20.2
149.71,-32.5,2008,4,"062084",7.2
149.71,-32.5,2008,5,"062084",15.4
149.71,-32.5,2008,6,"062084",43.4
149.71,-32.5,2008,7,"062084",45.6
149.71,-32.5,2008,8,"062084",70.2
149.71,-32.5,2008,9,"062084",59.2
149.71,-32.5,2008,10,"062084",62.3
149.71,-32.5,2008,11,"062084",144
149.71,-32.5,2008,12,"062084",91.8
149.71,-32.5,2009,1,"062084",7.2
149.71,-32.5,2009,2,"062084",88.8
149.71,-32.5,2009,3,"062084",25.6
149.71,-32.5,2009,4,"062084",32.2
149.71,-32.5,2009,5,"062084",4
149.71,-32.5,2009,6,"062084",39.6
149.71,-32.5,2009,7,"062084",46.2
149.71,-32.5,2009,8,"062084",12.6
149.71,-32.5,2009,9,"062084",67.6
149.71,-32.5,2009,10,"062084",32
149.71,-32.5,2009,11,"062084",20.6
149.71,-32.5,2009,12,"062084",183.4
149.71,-32.5,2010,1,"062084",51
149.71,-32.5,2010,2,"062084",120.4
149.71,-32.5,2010,3,"062084",81.8
149.71,-32.5,2010,4,"062084",72.4
149.71,-32.5,2010,5,"062084",66.8
149.71,-32.5,2010,6,"062084",35.8
149.71,-32.5,2010,7,"062084",105.2
149.71,-32.5,2010,8,"062084",78.2
149.71,-32.5,2010,9,"062084",75.1
149.71,-32.5,2010,10,"062084",67.6
149.71,-32.5,2010,11,"062084",132.2
149.71,-32.5,2010,12,"062084",230.2
149.71,-32.5,2011,1,"062084",17
149.71,-32.5,2011,2,"062084",NA
149.71,-32.5,2011,3,"062084",26.2
149.71,-32.5,2011,4,"062084",35.4
149.71,-32.5,2011,5,"062084",39.4
149.71,-32.5,2011,6,"062084",12.2
149.71,-32.5,2011,7,"062084",9.4
149.71,-32.5,2011,8,"062084",61.4
149.71,-32.5,2011,9,"062084",96.4
149.71,-32.5,2011,10,"062084",NA
149.71,-32.5,2011,11,"062084",119
149.71,-32.5,2011,12,"062084",48
149.71,-32.5,2012,1,"062084",92
149.71,-32.5,2012,2,"062084",100
149.71,-32.5,2012,3,"062084",134.2
149.71,-32.5,2012,4,"062084",23.8
149.71,-32.5,2012,5,"062084",43.2
149.71,-32.5,2012,6,"062084",38.8
149.71,-32.5,2012,7,"062084",59.8
149.71,-32.5,2012,8,"062084",8.6
149.71,-32.5,2012,9,"062084",53.8
149.71,-32.5,2012,10,"062084",10.2
149.71,-32.5,2012,11,"062084",37.8
149.71,-32.5,2012,12,"062084",53.6
149.71,-32.5,2013,1,"062084",99.8
149.71,-32.5,2013,2,"062084",51.2
149.71,-32.5,2013,3,"062084",90.2
149.71,-32.5,2013,4,"062084",1.2
149.71,-32.5,2013,5,"062084",24.6
149.71,-32.5,2013,6,"062084",98.4
149.71,-32.5,2013,7,"062084",21.2
149.71,-32.5,2013,8,"062084",11.4
149.71,-32.5,2013,9,"062084",53.8
149.71,-32.5,2013,10,"062084",7.6
149.71,-32.5,2013,11,"062084",41.3
149.71,-32.5,2013,12,"062084",28.7
149.71,-32.5,2014,1,"062084",31.2
149.71,-32.5,2014,2,"062084",88.6
149.71,-32.5,2014,3,"062084",110.8
149.71,-32.5,2014,4,"062084",112.8
149.71,-32.5,2014,5,"062084",26.4
149.71,-32.5,2014,6,"062084",45.4
149.71,-32.5,2014,7,"062084",31.4
149.71,-32.5,2014,8,"062084",19.2
149.71,-32.5,2014,9,"062084",29.2
149.71,-32.5,2014,10,"062084",14.6
149.71,-32.5,2014,11,"062084",35.8
149.71,-32.5,2014,12,"062084",123.6
149.71,-32.5,2015,1,"062084",82.2
149.71,-32.5,2015,2,"062084",23.2
149.71,-32.5,2015,3,"062084",26.8
149.71,-32.5,2015,4,"062084",115.2
149.71,-32.5,2015,5,"062084",41.4
149.71,-32.5,2015,6,"062084",65.2
149.71,-32.5,2015,7,"062084",51.4
149.71,-32.5,2015,8,"062084",34
149.71,-32.5,2015,9,"062084",22.4
149.71,-32.5,2015,10,"062084",59
149.71,-32.5,2015,11,"062084",79.4
149.71,-32.5,2015,12,"062084",88.2
149.71,-32.5,2016,1,"062084",NA
149.71,-32.5,2016,2,"062084",22
149.71,-32.5,2016,3,"062084",17.2
149.71,-32.5,2016,4,"062084",14.2
149.71,-32.5,2016,5,"062084",81.2
149.71,-32.5,2016,6,"062084",108.2
149.71,-32.5,2016,7,"062084",114.8
149.71,-32.5,2016,8,"062084",34.4
149.71,-32.5,2016,9,"062084",210.4
149.71,-32.5,2016,10,"062084",NA
149.71,-32.5,2016,11,"062084",51.2
149.71,-32.5,2016,12,"062084",37.2
149.71,-32.5,2017,1,"062084",40.6
149.71,-32.5,2017,2,"062084",6.8
149.71,-32.5,2017,3,"062084",134
149.71,-32.5,2017,4,"062084",23.6
149.71,-32.5,2017,5,"062084",22.4
149.71,-32.5,2017,6,"062084",12.2
149.71,-32.5,2017,7,"062084",7.2
149.71,-32.5,2017,8,"062084",27.6
149.71,-32.5,2017,9,"062084",5
149.71,-32.5,2017,10,"062084",37
149.71,-32.5,2017,11,"062084",95.6
149.71,-32.5,2017,12,"062084",89.6
149.71,-32.5,2018,1,"062084",30
149.71,-32.5,2018,2,"062084",47.3
149.71,-32.5,2018,3,"062084",54.8
149.71,-32.5,2018,4,"062084",16.2
149.71,-32.5,2018,5,"062084",17.6
149.71,-32.5,2018,6,"062084",42.8
149.71,-32.5,2018,7,"062084",NA
149.71,-32.5,2018,8,"062084",NA
149.71,-32.5,2018,9,"062084",NA
149.71,-32.5,2018,10,"062084",NA
149.71,-32.5,2018,11,"062084",NA
149.71,-32.5,2018,12,"062084",NA
