"Lon","Lat","Year","Month","Station","Rain"
147.36,-41.33,1907,1,"091088",47
147.36,-41.33,1907,2,"091088",57.7
147.36,-41.33,1907,3,"091088",71.6
147.36,-41.33,1907,4,"091088",39
147.36,-41.33,1907,5,"091088",64
147.36,-41.33,1907,6,"091088",106
147.36,-41.33,1907,7,"091088",116.1
147.36,-41.33,1907,8,"091088",187.6
147.36,-41.33,1907,9,"091088",154.4
147.36,-41.33,1907,10,"091088",128
147.36,-41.33,1907,11,"091088",41.3
147.36,-41.33,1907,12,"091088",116.1
147.36,-41.33,1908,1,"091088",19.8
147.36,-41.33,1908,2,"091088",25.4
147.36,-41.33,1908,3,"091088",169.4
147.36,-41.33,1908,4,"091088",12.7
147.36,-41.33,1908,5,"091088",49.3
147.36,-41.33,1908,6,"091088",73.7
147.36,-41.33,1908,7,"091088",92
147.36,-41.33,1908,8,"091088",116.6
147.36,-41.33,1908,9,"091088",105.4
147.36,-41.33,1908,10,"091088",80.3
147.36,-41.33,1908,11,"091088",33.1
147.36,-41.33,1908,12,"091088",21
147.36,-41.33,1909,1,"091088",77.1
147.36,-41.33,1909,2,"091088",15
147.36,-41.33,1909,3,"091088",83
147.36,-41.33,1909,4,"091088",149.3
147.36,-41.33,1909,5,"091088",150
147.36,-41.33,1909,6,"091088",114.9
147.36,-41.33,1909,7,"091088",94.1
147.36,-41.33,1909,8,"091088",242.8
147.36,-41.33,1909,9,"091088",NA
147.36,-41.33,1909,10,"091088",NA
147.36,-41.33,1909,11,"091088",NA
147.36,-41.33,1909,12,"091088",NA
147.36,-41.33,1910,1,"091088",NA
147.36,-41.33,1910,2,"091088",NA
147.36,-41.33,1910,3,"091088",NA
147.36,-41.33,1910,4,"091088",NA
147.36,-41.33,1910,5,"091088",NA
147.36,-41.33,1910,6,"091088",101.6
147.36,-41.33,1910,7,"091088",119
147.36,-41.33,1910,8,"091088",245.7
147.36,-41.33,1910,9,"091088",203.8
147.36,-41.33,1910,10,"091088",107.5
147.36,-41.33,1910,11,"091088",78
147.36,-41.33,1910,12,"091088",124.5
147.36,-41.33,1911,1,"091088",52.1
147.36,-41.33,1911,2,"091088",118.2
147.36,-41.33,1911,3,"091088",197.1
147.36,-41.33,1911,4,"091088",129.3
147.36,-41.33,1911,5,"091088",92.1
147.36,-41.33,1911,6,"091088",194.2
147.36,-41.33,1911,7,"091088",168.4
147.36,-41.33,1911,8,"091088",61.2
147.36,-41.33,1911,9,"091088",118.5
147.36,-41.33,1911,10,"091088",40.6
147.36,-41.33,1911,11,"091088",9.7
147.36,-41.33,1911,12,"091088",125
147.36,-41.33,1912,1,"091088",35.6
147.36,-41.33,1912,2,"091088",19.1
147.36,-41.33,1912,3,"091088",113.7
147.36,-41.33,1912,4,"091088",94.4
147.36,-41.33,1912,5,"091088",70.3
147.36,-41.33,1912,6,"091088",121.5
147.36,-41.33,1912,7,"091088",174.9
147.36,-41.33,1912,8,"091088",171.2
147.36,-41.33,1912,9,"091088",163.2
147.36,-41.33,1912,10,"091088",107.9
147.36,-41.33,1912,11,"091088",100.1
147.36,-41.33,1912,12,"091088",139.1
147.36,-41.33,1913,1,"091088",62.2
147.36,-41.33,1913,2,"091088",15.2
147.36,-41.33,1913,3,"091088",101.7
147.36,-41.33,1913,4,"091088",86.3
147.36,-41.33,1913,5,"091088",23.7
147.36,-41.33,1913,6,"091088",98.4
147.36,-41.33,1913,7,"091088",191.9
147.36,-41.33,1913,8,"091088",302
147.36,-41.33,1913,9,"091088",116.6
147.36,-41.33,1913,10,"091088",84.9
147.36,-41.33,1913,11,"091088",83.7
147.36,-41.33,1913,12,"091088",83.4
147.36,-41.33,1914,1,"091088",41.7
147.36,-41.33,1914,2,"091088",2.8
147.36,-41.33,1914,3,"091088",37.5
147.36,-41.33,1914,4,"091088",217.3
147.36,-41.33,1914,5,"091088",111.6
147.36,-41.33,1914,6,"091088",65.3
147.36,-41.33,1914,7,"091088",82.7
147.36,-41.33,1914,8,"091088",37.4
147.36,-41.33,1914,9,"091088",21
147.36,-41.33,1914,10,"091088",3.7
147.36,-41.33,1914,11,"091088",48.6
147.36,-41.33,1914,12,"091088",84.5
147.36,-41.33,1915,1,"091088",27.4
147.36,-41.33,1915,2,"091088",15.8
147.36,-41.33,1915,3,"091088",81.7
147.36,-41.33,1915,4,"091088",126.3
147.36,-41.33,1915,5,"091088",142.4
147.36,-41.33,1915,6,"091088",252.8
147.36,-41.33,1915,7,"091088",170.1
147.36,-41.33,1915,8,"091088",200.5
147.36,-41.33,1915,9,"091088",305.5
147.36,-41.33,1915,10,"091088",181.8
147.36,-41.33,1915,11,"091088",103.8
147.36,-41.33,1915,12,"091088",10.7
147.36,-41.33,1916,1,"091088",166.7
147.36,-41.33,1916,2,"091088",102.1
147.36,-41.33,1916,3,"091088",10.8
147.36,-41.33,1916,4,"091088",134.7
147.36,-41.33,1916,5,"091088",148.4
147.36,-41.33,1916,6,"091088",193.8
147.36,-41.33,1916,7,"091088",124.6
147.36,-41.33,1916,8,"091088",194.4
147.36,-41.33,1916,9,"091088",119.2
147.36,-41.33,1916,10,"091088",219
147.36,-41.33,1916,11,"091088",155.8
147.36,-41.33,1916,12,"091088",265.1
147.36,-41.33,1917,1,"091088",56.2
147.36,-41.33,1917,2,"091088",79.1
147.36,-41.33,1917,3,"091088",48.4
147.36,-41.33,1917,4,"091088",138.8
147.36,-41.33,1917,5,"091088",191.6
147.36,-41.33,1917,6,"091088",224.7
147.36,-41.33,1917,7,"091088",278.4
147.36,-41.33,1917,8,"091088",110.9
147.36,-41.33,1917,9,"091088",252.4
147.36,-41.33,1917,10,"091088",236.7
147.36,-41.33,1917,11,"091088",183.3
147.36,-41.33,1917,12,"091088",22.9
147.36,-41.33,1918,1,"091088",51.3
147.36,-41.33,1918,2,"091088",113.8
147.36,-41.33,1918,3,"091088",35.6
147.36,-41.33,1918,4,"091088",33
147.36,-41.33,1918,5,"091088",272.7
147.36,-41.33,1918,6,"091088",240.9
147.36,-41.33,1918,7,"091088",173.1
147.36,-41.33,1918,8,"091088",58.4
147.36,-41.33,1918,9,"091088",38.2
147.36,-41.33,1918,10,"091088",131.7
147.36,-41.33,1918,11,"091088",7.1
147.36,-41.33,1918,12,"091088",80.2
147.36,-41.33,1919,1,"091088",16.6
147.36,-41.33,1919,2,"091088",28.7
147.36,-41.33,1919,3,"091088",19.5
147.36,-41.33,1919,4,"091088",56.7
147.36,-41.33,1919,5,"091088",116.9
147.36,-41.33,1919,6,"091088",212.3
147.36,-41.33,1919,7,"091088",154.3
147.36,-41.33,1919,8,"091088",110
147.36,-41.33,1919,9,"091088",112.2
147.36,-41.33,1919,10,"091088",84.1
147.36,-41.33,1919,11,"091088",21.9
147.36,-41.33,1919,12,"091088",52.1
147.36,-41.33,1920,1,"091088",49.7
147.36,-41.33,1920,2,"091088",16
147.36,-41.33,1920,3,"091088",77.3
147.36,-41.33,1920,4,"091088",66.6
147.36,-41.33,1920,5,"091088",128.2
147.36,-41.33,1920,6,"091088",297.6
147.36,-41.33,1920,7,"091088",207
147.36,-41.33,1920,8,"091088",132.3
147.36,-41.33,1920,9,"091088",140
147.36,-41.33,1920,10,"091088",111.9
147.36,-41.33,1920,11,"091088",57.1
147.36,-41.33,1920,12,"091088",40.9
147.36,-41.33,1921,1,"091088",73.7
147.36,-41.33,1921,2,"091088",35.7
147.36,-41.33,1921,3,"091088",16.4
147.36,-41.33,1921,4,"091088",97.2
147.36,-41.33,1921,5,"091088",71.2
147.36,-41.33,1921,6,"091088",215.2
147.36,-41.33,1921,7,"091088",240.4
147.36,-41.33,1921,8,"091088",138.4
147.36,-41.33,1921,9,"091088",224.9
147.36,-41.33,1921,10,"091088",49.7
147.36,-41.33,1921,11,"091088",65.1
147.36,-41.33,1921,12,"091088",19.7
147.36,-41.33,1922,1,"091088",25.8
147.36,-41.33,1922,2,"091088",131.4
147.36,-41.33,1922,3,"091088",32.7
147.36,-41.33,1922,4,"091088",75.3
147.36,-41.33,1922,5,"091088",67.8
147.36,-41.33,1922,6,"091088",81
147.36,-41.33,1922,7,"091088",90.1
147.36,-41.33,1922,8,"091088",117.2
147.36,-41.33,1922,9,"091088",90.2
147.36,-41.33,1922,10,"091088",184.7
147.36,-41.33,1922,11,"091088",28.7
147.36,-41.33,1922,12,"091088",115
147.36,-41.33,1923,1,"091088",NA
147.36,-41.33,1923,2,"091088",NA
147.36,-41.33,1923,3,"091088",38.2
147.36,-41.33,1923,4,"091088",5.5
147.36,-41.33,1923,5,"091088",508.3
147.36,-41.33,1923,6,"091088",157.3
147.36,-41.33,1923,7,"091088",167.3
147.36,-41.33,1923,8,"091088",109.4
147.36,-41.33,1923,9,"091088",207.9
147.36,-41.33,1923,10,"091088",150.7
147.36,-41.33,1923,11,"091088",233.8
147.36,-41.33,1923,12,"091088",98.3
147.36,-41.33,1924,1,"091088",81.3
147.36,-41.33,1924,2,"091088",142.6
147.36,-41.33,1924,3,"091088",88.2
147.36,-41.33,1924,4,"091088",103
147.36,-41.33,1924,5,"091088",111.4
147.36,-41.33,1924,6,"091088",162.9
147.36,-41.33,1924,7,"091088",188.2
147.36,-41.33,1924,8,"091088",246.7
147.36,-41.33,1924,9,"091088",265.4
147.36,-41.33,1924,10,"091088",174.6
147.36,-41.33,1924,11,"091088",255.2
147.36,-41.33,1924,12,"091088",25.9
147.36,-41.33,1925,1,"091088",95.7
147.36,-41.33,1925,2,"091088",70.5
147.36,-41.33,1925,3,"091088",55.6
147.36,-41.33,1925,4,"091088",77.8
147.36,-41.33,1925,5,"091088",111
147.36,-41.33,1925,6,"091088",111.2
147.36,-41.33,1925,7,"091088",131.8
147.36,-41.33,1925,8,"091088",193
147.36,-41.33,1925,9,"091088",98.9
147.36,-41.33,1925,10,"091088",190.9
147.36,-41.33,1925,11,"091088",20.6
147.36,-41.33,1925,12,"091088",37.3
147.36,-41.33,1926,1,"091088",28.5
147.36,-41.33,1926,2,"091088",73.3
147.36,-41.33,1926,3,"091088",21.4
147.36,-41.33,1926,4,"091088",121.4
147.36,-41.33,1926,5,"091088",87
147.36,-41.33,1926,6,"091088",178.3
147.36,-41.33,1926,7,"091088",268.3
147.36,-41.33,1926,8,"091088",242.1
147.36,-41.33,1926,9,"091088",88.9
147.36,-41.33,1926,10,"091088",224.1
147.36,-41.33,1926,11,"091088",65.9
147.36,-41.33,1926,12,"091088",136.9
147.36,-41.33,1927,1,"091088",50.5
147.36,-41.33,1927,2,"091088",131.3
147.36,-41.33,1927,3,"091088",36.6
147.36,-41.33,1927,4,"091088",17.8
147.36,-41.33,1927,5,"091088",199.6
147.36,-41.33,1927,6,"091088",121.3
147.36,-41.33,1927,7,"091088",244.5
147.36,-41.33,1927,8,"091088",321.6
147.36,-41.33,1927,9,"091088",83.2
147.36,-41.33,1927,10,"091088",76.1
147.36,-41.33,1927,11,"091088",42.6
147.36,-41.33,1927,12,"091088",175.6
147.36,-41.33,1928,1,"091088",63.6
147.36,-41.33,1928,2,"091088",84.6
147.36,-41.33,1928,3,"091088",61.5
147.36,-41.33,1928,4,"091088",94.2
147.36,-41.33,1928,5,"091088",97.4
147.36,-41.33,1928,6,"091088",116.9
147.36,-41.33,1928,7,"091088",301.6
147.36,-41.33,1928,8,"091088",176.6
147.36,-41.33,1928,9,"091088",275.8
147.36,-41.33,1928,10,"091088",339.1
147.36,-41.33,1928,11,"091088",100.7
147.36,-41.33,1928,12,"091088",44.6
147.36,-41.33,1929,1,"091088",119.7
147.36,-41.33,1929,2,"091088",110
147.36,-41.33,1929,3,"091088",74.7
147.36,-41.33,1929,4,"091088",426.3
147.36,-41.33,1929,5,"091088",95.7
147.36,-41.33,1929,6,"091088",282.2
147.36,-41.33,1929,7,"091088",165.8
147.36,-41.33,1929,8,"091088",208.1
147.36,-41.33,1929,9,"091088",92.2
147.36,-41.33,1929,10,"091088",111.8
147.36,-41.33,1929,11,"091088",139.4
147.36,-41.33,1929,12,"091088",101
147.36,-41.33,1930,1,"091088",26.1
147.36,-41.33,1930,2,"091088",69.7
147.36,-41.33,1930,3,"091088",25.5
147.36,-41.33,1930,4,"091088",151.8
147.36,-41.33,1930,5,"091088",91.2
147.36,-41.33,1930,6,"091088",22.1
147.36,-41.33,1930,7,"091088",292.7
147.36,-41.33,1930,8,"091088",268.8
147.36,-41.33,1930,9,"091088",140.4
147.36,-41.33,1930,10,"091088",119.6
147.36,-41.33,1930,11,"091088",111.8
147.36,-41.33,1930,12,"091088",162.4
147.36,-41.33,1931,1,"091088",39.3
147.36,-41.33,1931,2,"091088",30.8
147.36,-41.33,1931,3,"091088",255
147.36,-41.33,1931,4,"091088",59.2
147.36,-41.33,1931,5,"091088",438.3
147.36,-41.33,1931,6,"091088",418.4
147.36,-41.33,1931,7,"091088",289.4
147.36,-41.33,1931,8,"091088",233.4
147.36,-41.33,1931,9,"091088",287.4
147.36,-41.33,1931,10,"091088",22.2
147.36,-41.33,1931,11,"091088",94.1
147.36,-41.33,1931,12,"091088",0.8
147.36,-41.33,1932,1,"091088",59.6
147.36,-41.33,1932,2,"091088",55.1
147.36,-41.33,1932,3,"091088",194.6
147.36,-41.33,1932,4,"091088",163.9
147.36,-41.33,1932,5,"091088",14
147.36,-41.33,1932,6,"091088",245.7
147.36,-41.33,1932,7,"091088",128.2
147.36,-41.33,1932,8,"091088",177.6
147.36,-41.33,1932,9,"091088",193.8
147.36,-41.33,1932,10,"091088",116.8
147.36,-41.33,1932,11,"091088",110.8
147.36,-41.33,1932,12,"091088",140.5
147.36,-41.33,1933,1,"091088",44.5
147.36,-41.33,1933,2,"091088",8.6
147.36,-41.33,1933,3,"091088",104.3
147.36,-41.33,1933,4,"091088",113.9
147.36,-41.33,1933,5,"091088",109.3
147.36,-41.33,1933,6,"091088",94.7
147.36,-41.33,1933,7,"091088",128.7
147.36,-41.33,1933,8,"091088",150.7
147.36,-41.33,1933,9,"091088",186.2
147.36,-41.33,1933,10,"091088",100.6
147.36,-41.33,1933,11,"091088",33.5
147.36,-41.33,1933,12,"091088",38.2
147.36,-41.33,1934,1,"091088",52.6
147.36,-41.33,1934,2,"091088",41.7
147.36,-41.33,1934,3,"091088",27.2
147.36,-41.33,1934,4,"091088",171.9
147.36,-41.33,1934,5,"091088",28.5
147.36,-41.33,1934,6,"091088",27.9
147.36,-41.33,1934,7,"091088",279.6
147.36,-41.33,1934,8,"091088",114.6
147.36,-41.33,1934,9,"091088",170
147.36,-41.33,1934,10,"091088",218.3
147.36,-41.33,1934,11,"091088",174.9
147.36,-41.33,1934,12,"091088",61.3
147.36,-41.33,1935,1,"091088",57.2
147.36,-41.33,1935,2,"091088",87.3
147.36,-41.33,1935,3,"091088",82
147.36,-41.33,1935,4,"091088",164.5
147.36,-41.33,1935,5,"091088",174.8
147.36,-41.33,1935,6,"091088",114.1
147.36,-41.33,1935,7,"091088",220.6
147.36,-41.33,1935,8,"091088",154
147.36,-41.33,1935,9,"091088",83.9
147.36,-41.33,1935,10,"091088",58.7
147.36,-41.33,1935,11,"091088",77.4
147.36,-41.33,1935,12,"091088",37.9
147.36,-41.33,1936,1,"091088",41.4
147.36,-41.33,1936,2,"091088",39.6
147.36,-41.33,1936,3,"091088",38.5
147.36,-41.33,1936,4,"091088",154.5
147.36,-41.33,1936,5,"091088",125.7
147.36,-41.33,1936,6,"091088",96.2
147.36,-41.33,1936,7,"091088",160.7
147.36,-41.33,1936,8,"091088",513.1
147.36,-41.33,1936,9,"091088",154.8
147.36,-41.33,1936,10,"091088",112.4
147.36,-41.33,1936,11,"091088",57.1
147.36,-41.33,1936,12,"091088",63.8
147.36,-41.33,1937,1,"091088",140
147.36,-41.33,1937,2,"091088",39.7
147.36,-41.33,1937,3,"091088",71
147.36,-41.33,1937,4,"091088",32.2
147.36,-41.33,1937,5,"091088",231.1
147.36,-41.33,1937,6,"091088",29.7
147.36,-41.33,1937,7,"091088",206.1
147.36,-41.33,1937,8,"091088",97.8
147.36,-41.33,1937,9,"091088",121.2
147.36,-41.33,1937,10,"091088",85.7
147.36,-41.33,1937,11,"091088",60.1
147.36,-41.33,1937,12,"091088",220.8
147.36,-41.33,1938,1,"091088",56.7
147.36,-41.33,1938,2,"091088",127.8
147.36,-41.33,1938,3,"091088",49.2
147.36,-41.33,1938,4,"091088",110.8
147.36,-41.33,1938,5,"091088",89.3
147.36,-41.33,1938,6,"091088",339.9
147.36,-41.33,1938,7,"091088",35
147.36,-41.33,1938,8,"091088",108.1
147.36,-41.33,1938,9,"091088",121.7
147.36,-41.33,1938,10,"091088",69.6
147.36,-41.33,1938,11,"091088",105.2
147.36,-41.33,1938,12,"091088",86.8
147.36,-41.33,1939,1,"091088",1.6
147.36,-41.33,1939,2,"091088",140.7
147.36,-41.33,1939,3,"091088",102.8
147.36,-41.33,1939,4,"091088",162
147.36,-41.33,1939,5,"091088",124.4
147.36,-41.33,1939,6,"091088",198.1
147.36,-41.33,1939,7,"091088",48.6
147.36,-41.33,1939,8,"091088",503.6
147.36,-41.33,1939,9,"091088",185.8
147.36,-41.33,1939,10,"091088",132.5
147.36,-41.33,1939,11,"091088",130.7
147.36,-41.33,1939,12,"091088",66.2
147.36,-41.33,1940,1,"091088",83.5
147.36,-41.33,1940,2,"091088",45.8
147.36,-41.33,1940,3,"091088",47.9
147.36,-41.33,1940,4,"091088",95.6
147.36,-41.33,1940,5,"091088",83.6
147.36,-41.33,1940,6,"091088",147.7
147.36,-41.33,1940,7,"091088",293.4
147.36,-41.33,1940,8,"091088",62.3
147.36,-41.33,1940,9,"091088",66.9
147.36,-41.33,1940,10,"091088",32.3
147.36,-41.33,1940,11,"091088",92.6
147.36,-41.33,1940,12,"091088",108.2
147.36,-41.33,1941,1,"091088",45.8
147.36,-41.33,1941,2,"091088",21.4
147.36,-41.33,1941,3,"091088",133.9
147.36,-41.33,1941,4,"091088",28.9
147.36,-41.33,1941,5,"091088",63.7
147.36,-41.33,1941,6,"091088",130.7
147.36,-41.33,1941,7,"091088",207.1
147.36,-41.33,1941,8,"091088",55.1
147.36,-41.33,1941,9,"091088",157.7
147.36,-41.33,1941,10,"091088",112.9
147.36,-41.33,1941,11,"091088",70.1
147.36,-41.33,1941,12,"091088",43.5
147.36,-41.33,1942,1,"091088",75.8
147.36,-41.33,1942,2,"091088",66.2
147.36,-41.33,1942,3,"091088",28.4
147.36,-41.33,1942,4,"091088",91.2
147.36,-41.33,1942,5,"091088",174.1
147.36,-41.33,1942,6,"091088",231.5
147.36,-41.33,1942,7,"091088",296.8
147.36,-41.33,1942,8,"091088",223.2
147.36,-41.33,1942,9,"091088",164
147.36,-41.33,1942,10,"091088",99.2
147.36,-41.33,1942,11,"091088",25.9
147.36,-41.33,1942,12,"091088",58.3
147.36,-41.33,1943,1,"091088",81.9
147.36,-41.33,1943,2,"091088",76.2
147.36,-41.33,1943,3,"091088",3.9
147.36,-41.33,1943,4,"091088",124.3
147.36,-41.33,1943,5,"091088",110.2
147.36,-41.33,1943,6,"091088",149.2
147.36,-41.33,1943,7,"091088",297
147.36,-41.33,1943,8,"091088",84.3
147.36,-41.33,1943,9,"091088",126.2
147.36,-41.33,1943,10,"091088",50.6
147.36,-41.33,1943,11,"091088",97
147.36,-41.33,1943,12,"091088",25.7
147.36,-41.33,1944,1,"091088",110.9
147.36,-41.33,1944,2,"091088",57.5
147.36,-41.33,1944,3,"091088",36.7
147.36,-41.33,1944,4,"091088",84.3
147.36,-41.33,1944,5,"091088",141.8
147.36,-41.33,1944,6,"091088",60
147.36,-41.33,1944,7,"091088",379.9
147.36,-41.33,1944,8,"091088",101.4
147.36,-41.33,1944,9,"091088",149.2
147.36,-41.33,1944,10,"091088",84.6
147.36,-41.33,1944,11,"091088",79.9
147.36,-41.33,1944,12,"091088",135
147.36,-41.33,1945,1,"091088",120.1
147.36,-41.33,1945,2,"091088",190.9
147.36,-41.33,1945,3,"091088",20.2
147.36,-41.33,1945,4,"091088",38.1
147.36,-41.33,1945,5,"091088",70.7
147.36,-41.33,1945,6,"091088",256.6
147.36,-41.33,1945,7,"091088",167
147.36,-41.33,1945,8,"091088",347.1
147.36,-41.33,1945,9,"091088",158
147.36,-41.33,1945,10,"091088",35.5
147.36,-41.33,1945,11,"091088",77.9
147.36,-41.33,1945,12,"091088",33
147.36,-41.33,1946,1,"091088",180.8
147.36,-41.33,1946,2,"091088",178
147.36,-41.33,1946,3,"091088",177.4
147.36,-41.33,1946,4,"091088",51.8
147.36,-41.33,1946,5,"091088",115.5
147.36,-41.33,1946,6,"091088",74.7
147.36,-41.33,1946,7,"091088",455.1
147.36,-41.33,1946,8,"091088",243.3
147.36,-41.33,1946,9,"091088",94.6
147.36,-41.33,1946,10,"091088",64.1
147.36,-41.33,1946,11,"091088",58.4
147.36,-41.33,1946,12,"091088",102.7
147.36,-41.33,1947,1,"091088",67.3
147.36,-41.33,1947,2,"091088",45.3
147.36,-41.33,1947,3,"091088",123.2
147.36,-41.33,1947,4,"091088",72.8
147.36,-41.33,1947,5,"091088",91.1
147.36,-41.33,1947,6,"091088",324
147.36,-41.33,1947,7,"091088",360.5
147.36,-41.33,1947,8,"091088",220.1
147.36,-41.33,1947,9,"091088",156
147.36,-41.33,1947,10,"091088",256
147.36,-41.33,1947,11,"091088",98.8
147.36,-41.33,1947,12,"091088",144.5
147.36,-41.33,1948,1,"091088",NA
147.36,-41.33,1948,2,"091088",NA
147.36,-41.33,1948,3,"091088",NA
147.36,-41.33,1948,4,"091088",37.3
147.36,-41.33,1948,5,"091088",187.9
147.36,-41.33,1948,6,"091088",166.9
147.36,-41.33,1948,7,"091088",162.2
147.36,-41.33,1948,8,"091088",124.1
147.36,-41.33,1948,9,"091088",180.6
147.36,-41.33,1948,10,"091088",171.4
147.36,-41.33,1948,11,"091088",NA
147.36,-41.33,1948,12,"091088",NA
147.36,-41.33,1949,1,"091088",NA
147.36,-41.33,1949,2,"091088",NA
147.36,-41.33,1949,3,"091088",NA
147.36,-41.33,1949,4,"091088",31
147.36,-41.33,1949,5,"091088",94.7
147.36,-41.33,1949,6,"091088",45.8
147.36,-41.33,1949,7,"091088",92.5
147.36,-41.33,1949,8,"091088",97.5
147.36,-41.33,1949,9,"091088",55.9
147.36,-41.33,1949,10,"091088",205.4
147.36,-41.33,1949,11,"091088",155.2
147.36,-41.33,1949,12,"091088",21.9
147.36,-41.33,1950,1,"091088",63.7
147.36,-41.33,1950,2,"091088",64
147.36,-41.33,1950,3,"091088",47.5
147.36,-41.33,1950,4,"091088",50
147.36,-41.33,1950,5,"091088",99.3
147.36,-41.33,1950,6,"091088",26.4
147.36,-41.33,1950,7,"091088",113.7
147.36,-41.33,1950,8,"091088",100.3
147.36,-41.33,1950,9,"091088",94.4
147.36,-41.33,1950,10,"091088",130.8
147.36,-41.33,1950,11,"091088",100.7
147.36,-41.33,1950,12,"091088",71.3
147.36,-41.33,1951,1,"091088",34
147.36,-41.33,1951,2,"091088",42.3
147.36,-41.33,1951,3,"091088",33.4
147.36,-41.33,1951,4,"091088",152.5
147.36,-41.33,1951,5,"091088",115.7
147.36,-41.33,1951,6,"091088",56.9
147.36,-41.33,1951,7,"091088",236.8
147.36,-41.33,1951,8,"091088",132.7
147.36,-41.33,1951,9,"091088",48.2
147.36,-41.33,1951,10,"091088",93.8
147.36,-41.33,1951,11,"091088",128
147.36,-41.33,1951,12,"091088",60.3
147.36,-41.33,1952,1,"091088",61
147.36,-41.33,1952,2,"091088",26
147.36,-41.33,1952,3,"091088",10
147.36,-41.33,1952,4,"091088",123.8
147.36,-41.33,1952,5,"091088",157.7
147.36,-41.33,1952,6,"091088",181.2
147.36,-41.33,1952,7,"091088",175.1
147.36,-41.33,1952,8,"091088",142.5
147.36,-41.33,1952,9,"091088",227.9
147.36,-41.33,1952,10,"091088",162.6
147.36,-41.33,1952,11,"091088",148.4
147.36,-41.33,1952,12,"091088",20.9
147.36,-41.33,1953,1,"091088",57.6
147.36,-41.33,1953,2,"091088",5.3
147.36,-41.33,1953,3,"091088",15.8
147.36,-41.33,1953,4,"091088",97.2
147.36,-41.33,1953,5,"091088",114.4
147.36,-41.33,1953,6,"091088",206.8
147.36,-41.33,1953,7,"091088",208.7
147.36,-41.33,1953,8,"091088",147.5
147.36,-41.33,1953,9,"091088",151.3
147.36,-41.33,1953,10,"091088",99
147.36,-41.33,1953,11,"091088",101.3
147.36,-41.33,1953,12,"091088",104.6
147.36,-41.33,1954,1,"091088",17.5
147.36,-41.33,1954,2,"091088",87.1
147.36,-41.33,1954,3,"091088",63.7
147.36,-41.33,1954,4,"091088",136.8
147.36,-41.33,1954,5,"091088",80.3
147.36,-41.33,1954,6,"091088",95
147.36,-41.33,1954,7,"091088",126.9
147.36,-41.33,1954,8,"091088",234
147.36,-41.33,1954,9,"091088",77.8
147.36,-41.33,1954,10,"091088",57.2
147.36,-41.33,1954,11,"091088",42.1
147.36,-41.33,1954,12,"091088",73.9
147.36,-41.33,1955,1,"091088",40.9
147.36,-41.33,1955,2,"091088",93.7
147.36,-41.33,1955,3,"091088",11.2
147.36,-41.33,1955,4,"091088",88.6
147.36,-41.33,1955,5,"091088",184.1
147.36,-41.33,1955,6,"091088",183.2
147.36,-41.33,1955,7,"091088",165
147.36,-41.33,1955,8,"091088",376.8
147.36,-41.33,1955,9,"091088",94.9
147.36,-41.33,1955,10,"091088",238.7
147.36,-41.33,1955,11,"091088",123.3
147.36,-41.33,1955,12,"091088",104.8
147.36,-41.33,1956,1,"091088",146.5
147.36,-41.33,1956,2,"091088",48.6
147.36,-41.33,1956,3,"091088",51.8
147.36,-41.33,1956,4,"091088",292.4
147.36,-41.33,1956,5,"091088",162.7
147.36,-41.33,1956,6,"091088",306.8
147.36,-41.33,1956,7,"091088",168.1
147.36,-41.33,1956,8,"091088",174.5
147.36,-41.33,1956,9,"091088",97.6
147.36,-41.33,1956,10,"091088",100.1
147.36,-41.33,1956,11,"091088",104.5
147.36,-41.33,1956,12,"091088",120.3
147.36,-41.33,1957,1,"091088",28.7
147.36,-41.33,1957,2,"091088",94.7
147.36,-41.33,1957,3,"091088",69.3
147.36,-41.33,1957,4,"091088",161
147.36,-41.33,1957,5,"091088",165.2
147.36,-41.33,1957,6,"091088",135.9
147.36,-41.33,1957,7,"091088",24.4
147.36,-41.33,1957,8,"091088",90.7
147.36,-41.33,1957,9,"091088",116.2
147.36,-41.33,1957,10,"091088",72.2
147.36,-41.33,1957,11,"091088",116.1
147.36,-41.33,1957,12,"091088",61.4
147.36,-41.33,1958,1,"091088",18.3
147.36,-41.33,1958,2,"091088",74.4
147.36,-41.33,1958,3,"091088",76.8
147.36,-41.33,1958,4,"091088",39.8
147.36,-41.33,1958,5,"091088",379.5
147.36,-41.33,1958,6,"091088",104.8
147.36,-41.33,1958,7,"091088",162.5
147.36,-41.33,1958,8,"091088",182.1
147.36,-41.33,1958,9,"091088",62.2
147.36,-41.33,1958,10,"091088",179.9
147.36,-41.33,1958,11,"091088",110.7
147.36,-41.33,1958,12,"091088",69.1
147.36,-41.33,1959,1,"091088",30.3
147.36,-41.33,1959,2,"091088",82.3
147.36,-41.33,1959,3,"091088",26.6
147.36,-41.33,1959,4,"091088",147.1
147.36,-41.33,1959,5,"091088",41.1
147.36,-41.33,1959,6,"091088",103.6
147.36,-41.33,1959,7,"091088",71.4
147.36,-41.33,1959,8,"091088",236.3
147.36,-41.33,1959,9,"091088",85.2
147.36,-41.33,1959,10,"091088",101.8
147.36,-41.33,1959,11,"091088",45.4
147.36,-41.33,1959,12,"091088",85.5
147.36,-41.33,1960,1,"091088",45
147.36,-41.33,1960,2,"091088",82.3
147.36,-41.33,1960,3,"091088",18.3
147.36,-41.33,1960,4,"091088",203.1
147.36,-41.33,1960,5,"091088",178.1
147.36,-41.33,1960,6,"091088",123.9
147.36,-41.33,1960,7,"091088",256.1
147.36,-41.33,1960,8,"091088",64.3
147.36,-41.33,1960,9,"091088",136.3
147.36,-41.33,1960,10,"091088",88
147.36,-41.33,1960,11,"091088",78.1
147.36,-41.33,1960,12,"091088",0
147.36,-41.33,1961,1,"091088",2.3
147.36,-41.33,1961,2,"091088",19.1
147.36,-41.33,1961,3,"091088",19.5
147.36,-41.33,1961,4,"091088",175.1
147.36,-41.33,1961,5,"091088",52.8
147.36,-41.33,1961,6,"091088",95.3
147.36,-41.33,1961,7,"091088",104.5
147.36,-41.33,1961,8,"091088",74.7
147.36,-41.33,1961,9,"091088",52.3
147.36,-41.33,1961,10,"091088",98.1
147.36,-41.33,1961,11,"091088",64.7
147.36,-41.33,1961,12,"091088",130.1
147.36,-41.33,1962,1,"091088",81.9
147.36,-41.33,1962,2,"091088",73.2
147.36,-41.33,1962,3,"091088",43.5
147.36,-41.33,1962,4,"091088",23.9
147.36,-41.33,1962,5,"091088",151.4
147.36,-41.33,1962,6,"091088",247.4
147.36,-41.33,1962,7,"091088",142.7
147.36,-41.33,1962,8,"091088",162.9
147.36,-41.33,1962,9,"091088",72.3
147.36,-41.33,1962,10,"091088",196.9
147.36,-41.33,1962,11,"091088",84.5
147.36,-41.33,1962,12,"091088",20.3
147.36,-41.33,1963,1,"091088",122.6
147.36,-41.33,1963,2,"091088",48.3
147.36,-41.33,1963,3,"091088",82.8
147.36,-41.33,1963,4,"091088",17.5
147.36,-41.33,1963,5,"091088",46.9
147.36,-41.33,1963,6,"091088",63.5
147.36,-41.33,1963,7,"091088",185.2
147.36,-41.33,1963,8,"091088",256.1
147.36,-41.33,1963,9,"091088",182.6
147.36,-41.33,1963,10,"091088",75.7
147.36,-41.33,1963,11,"091088",43.8
147.36,-41.33,1963,12,"091088",41.3
147.36,-41.33,1964,1,"091088",18.3
147.36,-41.33,1964,2,"091088",170.2
147.36,-41.33,1964,3,"091088",75.7
147.36,-41.33,1964,4,"091088",60.7
147.36,-41.33,1964,5,"091088",95.7
147.36,-41.33,1964,6,"091088",235.5
147.36,-41.33,1964,7,"091088",287.1
147.36,-41.33,1964,8,"091088",154.7
147.36,-41.33,1964,9,"091088",216.8
147.36,-41.33,1964,10,"091088",105.3
147.36,-41.33,1964,11,"091088",68.1
147.36,-41.33,1964,12,"091088",94.2
147.36,-41.33,1965,1,"091088",50.1
147.36,-41.33,1965,2,"091088",0
147.36,-41.33,1965,3,"091088",72.9
147.36,-41.33,1965,4,"091088",181.4
147.36,-41.33,1965,5,"091088",244.7
147.36,-41.33,1965,6,"091088",96.8
147.36,-41.33,1965,7,"091088",125.5
147.36,-41.33,1965,8,"091088",70.6
147.36,-41.33,1965,9,"091088",131.5
147.36,-41.33,1965,10,"091088",29.8
147.36,-41.33,1965,11,"091088",76.4
147.36,-41.33,1965,12,"091088",67.4
147.36,-41.33,1966,1,"091088",14.5
147.36,-41.33,1966,2,"091088",36.1
147.36,-41.33,1966,3,"091088",47.6
147.36,-41.33,1966,4,"091088",45.8
147.36,-41.33,1966,5,"091088",109.2
147.36,-41.33,1966,6,"091088",NA
147.36,-41.33,1966,7,"091088",NA
147.36,-41.33,1966,8,"091088",NA
147.36,-41.33,1966,9,"091088",NA
147.36,-41.33,1966,10,"091088",NA
147.36,-41.33,1966,11,"091088",NA
147.36,-41.33,1966,12,"091088",NA
147.36,-41.33,1968,1,"091088",NA
147.36,-41.33,1968,2,"091088",NA
147.36,-41.33,1968,3,"091088",67.9
147.36,-41.33,1968,4,"091088",162.6
147.36,-41.33,1968,5,"091088",227.7
147.36,-41.33,1968,6,"091088",179.5
147.36,-41.33,1968,7,"091088",184.9
147.36,-41.33,1968,8,"091088",331.6
147.36,-41.33,1968,9,"091088",92.8
147.36,-41.33,1968,10,"091088",197.8
147.36,-41.33,1968,11,"091088",196.8
147.36,-41.33,1968,12,"091088",14.8
147.36,-41.33,1969,1,"091088",60.2
147.36,-41.33,1969,2,"091088",165.5
147.36,-41.33,1969,3,"091088",42.6
147.36,-41.33,1969,4,"091088",61.4
147.36,-41.33,1969,5,"091088",174.3
147.36,-41.33,1969,6,"091088",51.2
147.36,-41.33,1969,7,"091088",172.9
147.36,-41.33,1969,8,"091088",211.3
147.36,-41.33,1969,9,"091088",121.6
147.36,-41.33,1969,10,"091088",46.7
147.36,-41.33,1969,11,"091088",86.6
147.36,-41.33,1969,12,"091088",107.4
147.36,-41.33,1970,1,"091088",65.7
147.36,-41.33,1970,2,"091088",62.1
147.36,-41.33,1970,3,"091088",94.8
147.36,-41.33,1970,4,"091088",154.5
147.36,-41.33,1970,5,"091088",83.2
147.36,-41.33,1970,6,"091088",161
147.36,-41.33,1970,7,"091088",254.9
147.36,-41.33,1970,8,"091088",327.4
147.36,-41.33,1970,9,"091088",96.1
147.36,-41.33,1970,10,"091088",86
147.36,-41.33,1970,11,"091088",71.6
147.36,-41.33,1970,12,"091088",167.3
147.36,-41.33,1971,1,"091088",93.2
147.36,-41.33,1971,2,"091088",66
147.36,-41.33,1971,3,"091088",34.3
147.36,-41.33,1971,4,"091088",203.3
147.36,-41.33,1971,5,"091088",226.1
147.36,-41.33,1971,6,"091088",270.1
147.36,-41.33,1971,7,"091088",27.9
147.36,-41.33,1971,8,"091088",186.7
147.36,-41.33,1971,9,"091088",138.7
147.36,-41.33,1971,10,"091088",177.6
147.36,-41.33,1971,11,"091088",122
147.36,-41.33,1971,12,"091088",156.6
147.36,-41.33,1972,1,"091088",51
147.36,-41.33,1972,2,"091088",63.3
147.36,-41.33,1972,3,"091088",10.4
147.36,-41.33,1972,4,"091088",113.7
147.36,-41.33,1972,5,"091088",30.4
147.36,-41.33,1972,6,"091088",116.9
147.36,-41.33,1972,7,"091088",172.5
147.36,-41.33,1972,8,"091088",167.7
147.36,-41.33,1972,9,"091088",64.1
147.36,-41.33,1972,10,"091088",26.7
147.36,-41.33,1972,11,"091088",59.2
147.36,-41.33,1972,12,"091088",11.2
147.36,-41.33,1973,1,"091088",99.4
147.36,-41.33,1973,2,"091088",45.6
147.36,-41.33,1973,3,"091088",84.7
147.36,-41.33,1973,4,"091088",162.2
147.36,-41.33,1973,5,"091088",205.9
147.36,-41.33,1973,6,"091088",201.4
147.36,-41.33,1973,7,"091088",121.6
147.36,-41.33,1973,8,"091088",169.8
147.36,-41.33,1973,9,"091088",227.2
147.36,-41.33,1973,10,"091088",132.3
147.36,-41.33,1973,11,"091088",69.7
147.36,-41.33,1973,12,"091088",122.9
147.36,-41.33,1974,1,"091088",78.4
147.36,-41.33,1974,2,"091088",35.4
147.36,-41.33,1974,3,"091088",37.8
147.36,-41.33,1974,4,"091088",182.5
147.36,-41.33,1974,5,"091088",103.6
147.36,-41.33,1974,6,"091088",148.5
147.36,-41.33,1974,7,"091088",312.2
147.36,-41.33,1974,8,"091088",137.5
147.36,-41.33,1974,9,"091088",249.4
147.36,-41.33,1974,10,"091088",113.6
147.36,-41.33,1974,11,"091088",102.2
147.36,-41.33,1974,12,"091088",194.8
147.36,-41.33,1975,1,"091088",74.4
147.36,-41.33,1975,2,"091088",11.6
147.36,-41.33,1975,3,"091088",235.8
147.36,-41.33,1975,4,"091088",84.2
147.36,-41.33,1975,5,"091088",157.4
147.36,-41.33,1975,6,"091088",98.2
147.36,-41.33,1975,7,"091088",356.5
147.36,-41.33,1975,8,"091088",136.6
147.36,-41.33,1975,9,"091088",143.2
147.36,-41.33,1975,10,"091088",121.8
147.36,-41.33,1975,11,"091088",154
147.36,-41.33,1975,12,"091088",74.4
147.36,-41.33,1976,1,"091088",48.2
147.36,-41.33,1976,2,"091088",36
147.36,-41.33,1976,3,"091088",60
147.36,-41.33,1976,4,"091088",62.6
147.36,-41.33,1976,5,"091088",168
147.36,-41.33,1976,6,"091088",113.6
147.36,-41.33,1976,7,"091088",56.9
147.36,-41.33,1976,8,"091088",145
147.36,-41.33,1976,9,"091088",70.5
147.36,-41.33,1976,10,"091088",57.3
147.36,-41.33,1976,11,"091088",126.2
147.36,-41.33,1976,12,"091088",159.2
147.36,-41.33,1977,1,"091088",83
147.36,-41.33,1977,2,"091088",96
147.36,-41.33,1977,3,"091088",160.8
147.36,-41.33,1977,4,"091088",46
147.36,-41.33,1977,5,"091088",228.9
147.36,-41.33,1977,6,"091088",125.2
147.36,-41.33,1977,7,"091088",61.2
147.36,-41.33,1977,8,"091088",122.1
147.36,-41.33,1977,9,"091088",32.6
147.36,-41.33,1977,10,"091088",61.4
147.36,-41.33,1977,11,"091088",63.2
147.36,-41.33,1977,12,"091088",52.3
147.36,-41.33,1978,1,"091088",45.8
147.36,-41.33,1978,2,"091088",89.8
147.36,-41.33,1978,3,"091088",66.6
147.36,-41.33,1978,4,"091088",89.6
147.36,-41.33,1978,5,"091088",104.2
147.36,-41.33,1978,6,"091088",63.2
147.36,-41.33,1978,7,"091088",160.6
147.36,-41.33,1978,8,"091088",158.8
147.36,-41.33,1978,9,"091088",85.8
147.36,-41.33,1978,10,"091088",96.6
147.36,-41.33,1978,11,"091088",112.7
147.36,-41.33,1978,12,"091088",98.2
147.36,-41.33,1979,1,"091088",54.6
147.36,-41.33,1979,2,"091088",54.6
147.36,-41.33,1979,3,"091088",62.3
147.36,-41.33,1979,4,"091088",119.9
147.36,-41.33,1979,5,"091088",108
147.36,-41.33,1979,6,"091088",97.8
147.36,-41.33,1979,7,"091088",140.8
147.36,-41.33,1979,8,"091088",111.6
147.36,-41.33,1979,9,"091088",191.7
147.36,-41.33,1979,10,"091088",159.2
147.36,-41.33,1979,11,"091088",44.4
147.36,-41.33,1979,12,"091088",53.6
147.36,-41.33,1980,1,"091088",32.4
147.36,-41.33,1980,2,"091088",20.2
147.36,-41.33,1980,3,"091088",47
147.36,-41.33,1980,4,"091088",173
147.36,-41.33,1980,5,"091088",88.2
147.36,-41.33,1980,6,"091088",90.8
147.36,-41.33,1980,7,"091088",151.7
147.36,-41.33,1980,8,"091088",186.8
147.36,-41.33,1980,9,"091088",185
147.36,-41.33,1980,10,"091088",47.2
147.36,-41.33,1980,11,"091088",46.8
147.36,-41.33,1980,12,"091088",71.2
147.36,-41.33,1981,1,"091088",27.6
147.36,-41.33,1981,2,"091088",23.8
147.36,-41.33,1981,3,"091088",101.4
147.36,-41.33,1981,4,"091088",70
147.36,-41.33,1981,5,"091088",65.6
147.36,-41.33,1981,6,"091088",105
147.36,-41.33,1981,7,"091088",168.6
147.36,-41.33,1981,8,"091088",269.4
147.36,-41.33,1981,9,"091088",48.8
147.36,-41.33,1981,10,"091088",123
147.36,-41.33,1981,11,"091088",50.4
147.36,-41.33,1981,12,"091088",54.2
147.36,-41.33,1982,1,"091088",27.6
147.36,-41.33,1982,2,"091088",55.2
147.36,-41.33,1982,3,"091088",74
147.36,-41.33,1982,4,"091088",95.4
147.36,-41.33,1982,5,"091088",92.6
147.36,-41.33,1982,6,"091088",87.5
147.36,-41.33,1982,7,"091088",60.2
147.36,-41.33,1982,8,"091088",44.7
147.36,-41.33,1982,9,"091088",129.4
147.36,-41.33,1982,10,"091088",30
147.36,-41.33,1982,11,"091088",42
147.36,-41.33,1982,12,"091088",78.8
147.36,-41.33,1983,1,"091088",53.8
147.36,-41.33,1983,2,"091088",3.2
147.36,-41.33,1983,3,"091088",98.2
147.36,-41.33,1983,4,"091088",108.4
147.36,-41.33,1983,5,"091088",75.5
147.36,-41.33,1983,6,"091088",114.1
147.36,-41.33,1983,7,"091088",122
147.36,-41.33,1983,8,"091088",129.6
147.36,-41.33,1983,9,"091088",143.7
147.36,-41.33,1983,10,"091088",48.8
147.36,-41.33,1983,11,"091088",129.4
147.36,-41.33,1983,12,"091088",7.6
147.36,-41.33,1984,1,"091088",60.2
147.36,-41.33,1984,2,"091088",20.5
147.36,-41.33,1984,3,"091088",200.2
147.36,-41.33,1984,4,"091088",109.6
147.36,-41.33,1984,5,"091088",75
147.36,-41.33,1984,6,"091088",75.2
147.36,-41.33,1984,7,"091088",114
147.36,-41.33,1984,8,"091088",244.9
147.36,-41.33,1984,9,"091088",238
147.36,-41.33,1984,10,"091088",70
147.36,-41.33,1984,11,"091088",73
147.36,-41.33,1984,12,"091088",69
147.36,-41.33,1985,1,"091088",26.4
147.36,-41.33,1985,2,"091088",21.8
147.36,-41.33,1985,3,"091088",46.4
147.36,-41.33,1985,4,"091088",41.2
147.36,-41.33,1985,5,"091088",196.6
147.36,-41.33,1985,6,"091088",158
147.36,-41.33,1985,7,"091088",121.5
147.36,-41.33,1985,8,"091088",126.2
147.36,-41.33,1985,9,"091088",23
147.36,-41.33,1985,10,"091088",67.8
147.36,-41.33,1985,11,"091088",72
147.36,-41.33,1985,12,"091088",209.4
147.36,-41.33,1986,1,"091088",59.4
147.36,-41.33,1986,2,"091088",34
147.36,-41.33,1986,3,"091088",18.6
147.36,-41.33,1986,4,"091088",111
147.36,-41.33,1986,5,"091088",107.6
147.36,-41.33,1986,6,"091088",58.2
147.36,-41.33,1986,7,"091088",167.6
147.36,-41.33,1986,8,"091088",82.8
147.36,-41.33,1986,9,"091088",137.4
147.36,-41.33,1986,10,"091088",166.6
147.36,-41.33,1986,11,"091088",49.4
147.36,-41.33,1986,12,"091088",78.2
147.36,-41.33,1987,1,"091088",58.2
147.36,-41.33,1987,2,"091088",19.8
147.36,-41.33,1987,3,"091088",40.4
147.36,-41.33,1987,4,"091088",28.6
147.36,-41.33,1987,5,"091088",182.6
147.36,-41.33,1987,6,"091088",60.6
147.36,-41.33,1987,7,"091088",123.8
147.36,-41.33,1987,8,"091088",59
147.36,-41.33,1987,9,"091088",20
147.36,-41.33,1987,10,"091088",78.8
147.36,-41.33,1987,11,"091088",80
147.36,-41.33,1987,12,"091088",89.8
147.36,-41.33,1988,1,"091088",35.4
147.36,-41.33,1988,2,"091088",26.6
147.36,-41.33,1988,3,"091088",8.8
147.36,-41.33,1988,4,"091088",59.2
147.36,-41.33,1988,5,"091088",191.6
147.36,-41.33,1988,6,"091088",152
147.36,-41.33,1988,7,"091088",219.4
147.36,-41.33,1988,8,"091088",134
147.36,-41.33,1988,9,"091088",117.8
147.36,-41.33,1988,10,"091088",135.1
147.36,-41.33,1988,11,"091088",59.6
147.36,-41.33,1988,12,"091088",76
147.36,-41.33,1989,1,"091088",54.2
147.36,-41.33,1989,2,"091088",37.4
147.36,-41.33,1989,3,"091088",52
147.36,-41.33,1989,4,"091088",200.4
147.36,-41.33,1989,5,"091088",143.6
147.36,-41.33,1989,6,"091088",102.2
147.36,-41.33,1989,7,"091088",200
147.36,-41.33,1989,8,"091088",71.6
147.36,-41.33,1989,9,"091088",106.6
147.36,-41.33,1989,10,"091088",154.4
147.36,-41.33,1989,11,"091088",72.2
147.36,-41.33,1989,12,"091088",73.6
147.36,-41.33,1990,1,"091088",14.8
147.36,-41.33,1990,2,"091088",39.8
147.36,-41.33,1990,3,"091088",28.8
147.36,-41.33,1990,4,"091088",51.6
147.36,-41.33,1990,5,"091088",51
147.36,-41.33,1990,6,"091088",135.2
147.36,-41.33,1990,7,"091088",133.6
147.36,-41.33,1990,8,"091088",193
147.36,-41.33,1990,9,"091088",51.2
147.36,-41.33,1990,10,"091088",88.2
147.36,-41.33,1990,11,"091088",54.4
147.36,-41.33,1990,12,"091088",26.2
147.36,-41.33,1991,1,"091088",103
147.36,-41.33,1991,2,"091088",1
147.36,-41.33,1991,3,"091088",50.2
147.36,-41.33,1991,4,"091088",46.8
147.36,-41.33,1991,5,"091088",9.6
147.36,-41.33,1991,6,"091088",223.4
147.36,-41.33,1991,7,"091088",82
147.36,-41.33,1991,8,"091088",295.8
147.36,-41.33,1991,9,"091088",90.4
147.36,-41.33,1991,10,"091088",38.4
147.36,-41.33,1991,11,"091088",80.5
147.36,-41.33,1991,12,"091088",61.2
147.36,-41.33,1992,1,"091088",87.6
147.36,-41.33,1992,2,"091088",28.4
147.36,-41.33,1992,3,"091088",17.2
147.36,-41.33,1992,4,"091088",172.6
147.36,-41.33,1992,5,"091088",172.4
147.36,-41.33,1992,6,"091088",115.6
147.36,-41.33,1992,7,"091088",186.4
147.36,-41.33,1992,8,"091088",143.8
147.36,-41.33,1992,9,"091088",154
147.36,-41.33,1992,10,"091088",142
147.36,-41.33,1992,11,"091088",143.6
147.36,-41.33,1992,12,"091088",94
147.36,-41.33,1993,1,"091088",43.4
147.36,-41.33,1993,2,"091088",93.6
147.36,-41.33,1993,3,"091088",35.4
147.36,-41.33,1993,4,"091088",31.4
147.36,-41.33,1993,5,"091088",107
147.36,-41.33,1993,6,"091088",78.2
147.36,-41.33,1993,7,"091088",134.8
147.36,-41.33,1993,8,"091088",116.4
147.36,-41.33,1993,9,"091088",91.2
147.36,-41.33,1993,10,"091088",87
147.36,-41.33,1993,11,"091088",75.4
147.36,-41.33,1993,12,"091088",135.2
147.36,-41.33,1994,1,"091088",93.6
147.36,-41.33,1994,2,"091088",96
147.36,-41.33,1994,3,"091088",3.2
147.36,-41.33,1994,4,"091088",42.8
147.36,-41.33,1994,5,"091088",188
147.36,-41.33,1994,6,"091088",62
147.36,-41.33,1994,7,"091088",98.4
147.36,-41.33,1994,8,"091088",101
147.36,-41.33,1994,9,"091088",23.4
147.36,-41.33,1994,10,"091088",49
147.36,-41.33,1994,11,"091088",73.8
147.36,-41.33,1994,12,"091088",13
147.36,-41.33,1995,1,"091088",92.2
147.36,-41.33,1995,2,"091088",69.4
147.36,-41.33,1995,3,"091088",18.8
147.36,-41.33,1995,4,"091088",100.8
147.36,-41.33,1995,5,"091088",105.6
147.36,-41.33,1995,6,"091088",141.4
147.36,-41.33,1995,7,"091088",89.6
147.36,-41.33,1995,8,"091088",87.8
147.36,-41.33,1995,9,"091088",59
147.36,-41.33,1995,10,"091088",73
147.36,-41.33,1995,11,"091088",52.2
147.36,-41.33,1995,12,"091088",71
147.36,-41.33,1996,1,"091088",187.2
147.36,-41.33,1996,2,"091088",74.2
147.36,-41.33,1996,3,"091088",89.6
147.36,-41.33,1996,4,"091088",86.8
147.36,-41.33,1996,5,"091088",34.4
147.36,-41.33,1996,6,"091088",161.8
147.36,-41.33,1996,7,"091088",111.2
147.36,-41.33,1996,8,"091088",243
147.36,-41.33,1996,9,"091088",185.2
147.36,-41.33,1996,10,"091088",NA
147.36,-41.33,1996,11,"091088",55.2
147.36,-41.33,1996,12,"091088",38.6
147.36,-41.33,1997,1,"091088",68.2
147.36,-41.33,1997,2,"091088",45.6
147.36,-41.33,1997,3,"091088",20.8
147.36,-41.33,1997,4,"091088",34.6
147.36,-41.33,1997,5,"091088",249.4
147.36,-41.33,1997,6,"091088",101
147.36,-41.33,1997,7,"091088",74.2
147.36,-41.33,1997,8,"091088",142.4
147.36,-41.33,1997,9,"091088",80.6
147.36,-41.33,1997,10,"091088",69
147.36,-41.33,1997,11,"091088",59.2
147.36,-41.33,1997,12,"091088",32.4
147.36,-41.33,1998,1,"091088",70
147.36,-41.33,1998,2,"091088",50.6
147.36,-41.33,1998,3,"091088",9
147.36,-41.33,1998,4,"091088",107.6
147.36,-41.33,1998,5,"091088",63
147.36,-41.33,1998,6,"091088",157
147.36,-41.33,1998,7,"091088",236.8
147.36,-41.33,1998,8,"091088",66.4
147.36,-41.33,1998,9,"091088",198.2
147.36,-41.33,1998,10,"091088",102.6
147.36,-41.33,1998,11,"091088",103.4
147.36,-41.33,1998,12,"091088",78.8
147.36,-41.33,1999,1,"091088",17.8
147.36,-41.33,1999,2,"091088",85
147.36,-41.33,1999,3,"091088",60.6
147.36,-41.33,1999,4,"091088",57.4
147.36,-41.33,1999,5,"091088",NA
147.36,-41.33,1999,6,"091088",83
147.36,-41.33,1999,7,"091088",74.8
147.36,-41.33,1999,8,"091088",174.4
147.36,-41.33,1999,9,"091088",NA
147.36,-41.33,1999,10,"091088",82
147.36,-41.33,1999,11,"091088",47.4
147.36,-41.33,1999,12,"091088",NA
147.36,-41.33,2000,1,"091088",73.6
147.36,-41.33,2000,2,"091088",37.2
147.36,-41.33,2000,3,"091088",50.8
147.36,-41.33,2000,4,"091088",52
147.36,-41.33,2000,5,"091088",NA
147.36,-41.33,2000,6,"091088",64
147.36,-41.33,2000,7,"091088",209.8
147.36,-41.33,2000,8,"091088",38.2
147.36,-41.33,2000,9,"091088",164.2
147.36,-41.33,2000,10,"091088",143.2
147.36,-41.33,2000,11,"091088",96.6
147.36,-41.33,2000,12,"091088",17.6
147.36,-41.33,2001,1,"091088",36
147.36,-41.33,2001,2,"091088",10.8
147.36,-41.33,2001,3,"091088",81.2
147.36,-41.33,2001,4,"091088",NA
147.36,-41.33,2001,5,"091088",NA
147.36,-41.33,2001,6,"091088",NA
147.36,-41.33,2001,7,"091088",39.2
147.36,-41.33,2001,8,"091088",223.6
147.36,-41.33,2001,9,"091088",99.8
147.36,-41.33,2001,10,"091088",NA
147.36,-41.33,2001,11,"091088",111
147.36,-41.33,2001,12,"091088",58
147.36,-41.33,2002,1,"091088",NA
147.36,-41.33,2002,2,"091088",28
147.36,-41.33,2002,3,"091088",20.2
147.36,-41.33,2002,4,"091088",24.4
147.36,-41.33,2002,5,"091088",50
147.36,-41.33,2002,6,"091088",154.6
147.36,-41.33,2002,7,"091088",NA
147.36,-41.33,2002,8,"091088",150.8
147.36,-41.33,2002,9,"091088",223
147.36,-41.33,2002,10,"091088",128.4
147.36,-41.33,2002,11,"091088",31.4
147.36,-41.33,2002,12,"091088",34.2
147.36,-41.33,2003,1,"091088",106.4
147.36,-41.33,2003,2,"091088",0.2
147.36,-41.33,2003,3,"091088",NA
147.36,-41.33,2003,4,"091088",133.4
147.36,-41.33,2003,5,"091088",112.8
147.36,-41.33,2003,6,"091088",284
147.36,-41.33,2003,7,"091088",197.7
147.36,-41.33,2003,8,"091088",207.8
147.36,-41.33,2003,9,"091088",162.2
147.36,-41.33,2003,10,"091088",NA
147.36,-41.33,2003,11,"091088",NA
147.36,-41.33,2003,12,"091088",NA
147.36,-41.33,2005,1,"091088",NA
147.36,-41.33,2005,2,"091088",NA
147.36,-41.33,2005,3,"091088",NA
147.36,-41.33,2005,4,"091088",NA
147.36,-41.33,2005,5,"091088",NA
147.36,-41.33,2005,6,"091088",NA
147.36,-41.33,2005,7,"091088",NA
147.36,-41.33,2005,8,"091088",344
147.36,-41.33,2005,9,"091088",141.5
147.36,-41.33,2005,10,"091088",178.4
147.36,-41.33,2005,11,"091088",103.8
147.36,-41.33,2005,12,"091088",115.2
147.36,-41.33,2006,1,"091088",41.6
147.36,-41.33,2006,2,"091088",22.6
147.36,-41.33,2006,3,"091088",47.6
147.36,-41.33,2006,4,"091088",149.2
147.36,-41.33,2006,5,"091088",87.7
147.36,-41.33,2006,6,"091088",32
147.36,-41.33,2006,7,"091088",124.6
147.36,-41.33,2006,8,"091088",31.2
147.36,-41.33,2006,9,"091088",109.9
147.36,-41.33,2006,10,"091088",43
147.36,-41.33,2006,11,"091088",28.8
147.36,-41.33,2006,12,"091088",27.6
147.36,-41.33,2007,1,"091088",44.9
147.36,-41.33,2007,2,"091088",93.8
147.36,-41.33,2007,3,"091088",60.6
147.36,-41.33,2007,4,"091088",9.8
147.36,-41.33,2007,5,"091088",316.4
147.36,-41.33,2007,6,"091088",9.8
147.36,-41.33,2007,7,"091088",92.2
147.36,-41.33,2007,8,"091088",253.3
147.36,-41.33,2007,9,"091088",129.8
147.36,-41.33,2007,10,"091088",67.3
147.36,-41.33,2007,11,"091088",16.8
147.36,-41.33,2007,12,"091088",64
147.36,-41.33,2008,1,"091088",20.9
147.36,-41.33,2008,2,"091088",35.8
147.36,-41.33,2008,3,"091088",52
147.36,-41.33,2008,4,"091088",NA
147.36,-41.33,2008,5,"091088",55.8
147.36,-41.33,2008,6,"091088",128.4
147.36,-41.33,2008,7,"091088",104
147.36,-41.33,2008,8,"091088",80
147.36,-41.33,2008,9,"091088",180.3
147.36,-41.33,2008,10,"091088",16
147.36,-41.33,2008,11,"091088",156
147.36,-41.33,2008,12,"091088",72.6
147.36,-41.33,2009,1,"091088",26
147.36,-41.33,2009,2,"091088",26
147.36,-41.33,2009,3,"091088",116.8
147.36,-41.33,2009,4,"091088",138.2
147.36,-41.33,2009,5,"091088",NA
147.36,-41.33,2009,6,"091088",112.4
147.36,-41.33,2009,7,"091088",222
147.36,-41.33,2009,8,"091088",336.8
147.36,-41.33,2009,9,"091088",128.2
147.36,-41.33,2009,10,"091088",NA
147.36,-41.33,2009,11,"091088",70.4
147.36,-41.33,2009,12,"091088",41
147.36,-41.33,2010,1,"091088",5.2
147.36,-41.33,2010,2,"091088",119.6
147.36,-41.33,2010,3,"091088",132.4
147.36,-41.33,2010,4,"091088",141.6
147.36,-41.33,2010,5,"091088",85.2
147.36,-41.33,2010,6,"091088",243.6
147.36,-41.33,2010,7,"091088",141.8
147.36,-41.33,2010,8,"091088",152.2
147.36,-41.33,2010,9,"091088",139.4
147.36,-41.33,2010,10,"091088",101.8
147.36,-41.33,2010,11,"091088",81
147.36,-41.33,2010,12,"091088",166.8
147.36,-41.33,2011,1,"091088",125.6
147.36,-41.33,2011,2,"091088",68
147.36,-41.33,2011,3,"091088",114.4
147.36,-41.33,2011,4,"091088",76.6
147.36,-41.33,2011,5,"091088",NA
147.36,-41.33,2011,6,"091088",202.4
147.36,-41.33,2011,7,"091088",95
147.36,-41.33,2011,8,"091088",191.8
147.36,-41.33,2011,9,"091088",48.8
147.36,-41.33,2011,10,"091088",76.4
147.36,-41.33,2011,11,"091088",124.8
147.36,-41.33,2011,12,"091088",36
147.36,-41.33,2012,1,"091088",58.2
147.36,-41.33,2012,2,"091088",39.8
147.36,-41.33,2012,3,"091088",86.7
147.36,-41.33,2012,4,"091088",75.8
147.36,-41.33,2012,5,"091088",137.4
147.36,-41.33,2012,6,"091088",143.8
147.36,-41.33,2012,7,"091088",108.6
147.36,-41.33,2012,8,"091088",155.2
147.36,-41.33,2012,9,"091088",145.6
147.36,-41.33,2012,10,"091088",17
147.36,-41.33,2012,11,"091088",56.4
147.36,-41.33,2012,12,"091088",88.2
147.36,-41.33,2013,1,"091088",19.6
147.36,-41.33,2013,2,"091088",32.8
147.36,-41.33,2013,3,"091088",137.2
147.36,-41.33,2013,4,"091088",42.4
147.36,-41.33,2013,5,"091088",131.8
147.36,-41.33,2013,6,"091088",52.2
147.36,-41.33,2013,7,"091088",233.8
147.36,-41.33,2013,8,"091088",420.2
147.36,-41.33,2013,9,"091088",134
147.36,-41.33,2013,10,"091088",143.8
147.36,-41.33,2013,11,"091088",154.2
147.36,-41.33,2013,12,"091088",65.8
147.36,-41.33,2014,1,"091088",26.4
147.36,-41.33,2014,2,"091088",11.4
147.36,-41.33,2014,3,"091088",93.2
147.36,-41.33,2014,4,"091088",132.6
147.36,-41.33,2014,5,"091088",97
147.36,-41.33,2014,6,"091088",85
147.36,-41.33,2014,7,"091088",249.2
147.36,-41.33,2014,8,"091088",83
147.36,-41.33,2014,9,"091088",99
147.36,-41.33,2014,10,"091088",103
147.36,-41.33,2014,11,"091088",32.6
147.36,-41.33,2014,12,"091088",65.4
147.36,-41.33,2015,1,"091088",81.2
147.36,-41.33,2015,2,"091088",33.8
147.36,-41.33,2015,3,"091088",70
147.36,-41.33,2015,4,"091088",35
147.36,-41.33,2015,5,"091088",203.8
147.36,-41.33,2015,6,"091088",69
147.36,-41.33,2015,7,"091088",131.4
147.36,-41.33,2015,8,"091088",103.2
147.36,-41.33,2015,9,"091088",49.4
147.36,-41.33,2015,10,"091088",3
147.36,-41.33,2015,11,"091088",48.4
147.36,-41.33,2015,12,"091088",34.4
147.36,-41.33,2016,1,"091088",74.4
147.36,-41.33,2016,2,"091088",37.8
147.36,-41.33,2016,3,"091088",64.8
147.36,-41.33,2016,4,"091088",37.8
147.36,-41.33,2016,5,"091088",236.8
147.36,-41.33,2016,6,"091088",360.8
147.36,-41.33,2016,7,"091088",303
147.36,-41.33,2016,8,"091088",146
147.36,-41.33,2016,9,"091088",94.2
147.36,-41.33,2016,10,"091088",NA
147.36,-41.33,2016,11,"091088",NA
147.36,-41.33,2016,12,"091088",NA
147.36,-41.33,2018,1,"091088",NA
147.36,-41.33,2018,2,"091088",NA
147.36,-41.33,2018,3,"091088",NA
147.36,-41.33,2018,4,"091088",NA
147.36,-41.33,2018,5,"091088",NA
147.36,-41.33,2018,6,"091088",NA
147.36,-41.33,2018,7,"091088",NA
147.36,-41.33,2018,8,"091088",NA
147.36,-41.33,2018,9,"091088",70.8
147.36,-41.33,2018,10,"091088",45.2
147.36,-41.33,2018,11,"091088",106
147.36,-41.33,2018,12,"091088",92.4
147.36,-41.33,2019,1,"091088",0
147.36,-41.33,2019,2,"091088",83
147.36,-41.33,2019,3,"091088",23
147.36,-41.33,2019,4,"091088",109.8
147.36,-41.33,2019,5,"091088",3.6
147.36,-41.33,2019,6,"091088",73.5
147.36,-41.33,2019,7,"091088",112.8
147.36,-41.33,2019,8,"091088",NA
147.36,-41.33,2019,9,"091088",NA
147.36,-41.33,2019,10,"091088",NA
147.36,-41.33,2019,11,"091088",NA
147.36,-41.33,2019,12,"091088",NA
