"Lon","Lat","Year","Month","Station","Rain"
145.55,-41.1,2001,1,"091323",NA
145.55,-41.1,2001,2,"091323",NA
145.55,-41.1,2001,3,"091323",NA
145.55,-41.1,2001,4,"091323",NA
145.55,-41.1,2001,5,"091323",NA
145.55,-41.1,2001,6,"091323",NA
145.55,-41.1,2001,7,"091323",NA
145.55,-41.1,2001,8,"091323",NA
145.55,-41.1,2001,9,"091323",198.2
145.55,-41.1,2001,10,"091323",209.4
145.55,-41.1,2001,11,"091323",104.4
145.55,-41.1,2001,12,"091323",80.4
145.55,-41.1,2002,1,"091323",79.6
145.55,-41.1,2002,2,"091323",41.8
145.55,-41.1,2002,3,"091323",22.4
145.55,-41.1,2002,4,"091323",28.2
145.55,-41.1,2002,5,"091323",97.4
145.55,-41.1,2002,6,"091323",181.4
145.55,-41.1,2002,7,"091323",214.4
145.55,-41.1,2002,8,"091323",179.3
145.55,-41.1,2002,9,"091323",243.2
145.55,-41.1,2002,10,"091323",154.2
145.55,-41.1,2002,11,"091323",58.6
145.55,-41.1,2002,12,"091323",75.6
145.55,-41.1,2003,1,"091323",81.8
145.55,-41.1,2003,2,"091323",7.4
145.55,-41.1,2003,3,"091323",70
145.55,-41.1,2003,4,"091323",177.6
145.55,-41.1,2003,5,"091323",107
145.55,-41.1,2003,6,"091323",219.6
145.55,-41.1,2003,7,"091323",209.2
145.55,-41.1,2003,8,"091323",213.8
145.55,-41.1,2003,9,"091323",257.4
145.55,-41.1,2003,10,"091323",102.2
145.55,-41.1,2003,11,"091323",16.2
145.55,-41.1,2003,12,"091323",71.2
145.55,-41.1,2004,1,"091323",154.8
145.55,-41.1,2004,2,"091323",44.6
145.55,-41.1,2004,3,"091323",46.4
145.55,-41.1,2004,4,"091323",84.5
145.55,-41.1,2004,5,"091323",205.2
145.55,-41.1,2004,6,"091323",310.4
145.55,-41.1,2004,7,"091323",199.2
145.55,-41.1,2004,8,"091323",146.8
145.55,-41.1,2004,9,"091323",84.8
145.55,-41.1,2004,10,"091323",87.8
145.55,-41.1,2004,11,"091323",118
145.55,-41.1,2004,12,"091323",48.6
145.55,-41.1,2005,1,"091323",39.2
145.55,-41.1,2005,2,"091323",74.4
145.55,-41.1,2005,3,"091323",18.4
145.55,-41.1,2005,4,"091323",92.4
145.55,-41.1,2005,5,"091323",70.4
145.55,-41.1,2005,6,"091323",122
145.55,-41.1,2005,7,"091323",201.2
145.55,-41.1,2005,8,"091323",270.6
145.55,-41.1,2005,9,"091323",156.6
145.55,-41.1,2005,10,"091323",252.5
145.55,-41.1,2005,11,"091323",145.4
145.55,-41.1,2005,12,"091323",152.2
145.55,-41.1,2006,1,"091323",32
145.55,-41.1,2006,2,"091323",NA
145.55,-41.1,2006,3,"091323",48.4
145.55,-41.1,2006,4,"091323",NA
145.55,-41.1,2006,5,"091323",NA
145.55,-41.1,2006,6,"091323",NA
145.55,-41.1,2006,7,"091323",NA
145.55,-41.1,2006,8,"091323",NA
145.55,-41.1,2006,9,"091323",146.8
145.55,-41.1,2006,10,"091323",37.4
145.55,-41.1,2006,11,"091323",32.8
145.55,-41.1,2006,12,"091323",41
145.55,-41.1,2007,1,"091323",82.4
145.55,-41.1,2007,2,"091323",16.8
145.55,-41.1,2007,3,"091323",62.2
145.55,-41.1,2007,4,"091323",34.8
145.55,-41.1,2007,5,"091323",360
145.55,-41.1,2007,6,"091323",44.6
145.55,-41.1,2007,7,"091323",131.5
145.55,-41.1,2007,8,"091323",251.8
145.55,-41.1,2007,9,"091323",182
145.55,-41.1,2007,10,"091323",129.6
145.55,-41.1,2007,11,"091323",21
145.55,-41.1,2007,12,"091323",155
145.55,-41.1,2008,1,"091323",NA
145.55,-41.1,2008,2,"091323",34.8
145.55,-41.1,2008,3,"091323",52.6
145.55,-41.1,2008,4,"091323",96.2
145.55,-41.1,2008,5,"091323",110.6
145.55,-41.1,2008,6,"091323",155.6
145.55,-41.1,2008,7,"091323",209
145.55,-41.1,2008,8,"091323",151.6
145.55,-41.1,2008,9,"091323",195.4
145.55,-41.1,2008,10,"091323",30.2
145.55,-41.1,2008,11,"091323",135
145.55,-41.1,2008,12,"091323",94.4
145.55,-41.1,2009,1,"091323",55.6
145.55,-41.1,2009,2,"091323",20.8
145.55,-41.1,2009,3,"091323",111.2
145.55,-41.1,2009,4,"091323",144.2
145.55,-41.1,2009,5,"091323",153
145.55,-41.1,2009,6,"091323",124.2
145.55,-41.1,2009,7,"091323",327.2
145.55,-41.1,2009,8,"091323",381.2
145.55,-41.1,2009,9,"091323",166.8
145.55,-41.1,2009,10,"091323",50.2
145.55,-41.1,2009,11,"091323",99.8
145.55,-41.1,2009,12,"091323",60.2
145.55,-41.1,2010,1,"091323",12.2
145.55,-41.1,2010,2,"091323",71
145.55,-41.1,2010,3,"091323",125.6
145.55,-41.1,2010,4,"091323",132
145.55,-41.1,2010,5,"091323",98
145.55,-41.1,2010,6,"091323",145.2
145.55,-41.1,2010,7,"091323",164.6
145.55,-41.1,2010,8,"091323",240.4
145.55,-41.1,2010,9,"091323",204.8
145.55,-41.1,2010,10,"091323",148.4
145.55,-41.1,2010,11,"091323",101.4
145.55,-41.1,2010,12,"091323",138.2
145.55,-41.1,2011,1,"091323",198.2
145.55,-41.1,2011,2,"091323",NA
145.55,-41.1,2011,3,"091323",NA
145.55,-41.1,2011,4,"091323",NA
145.55,-41.1,2011,5,"091323",NA
145.55,-41.1,2011,6,"091323",NA
145.55,-41.1,2011,7,"091323",NA
145.55,-41.1,2011,8,"091323",NA
145.55,-41.1,2011,9,"091323",NA
145.55,-41.1,2011,10,"091323",NA
145.55,-41.1,2011,11,"091323",NA
145.55,-41.1,2011,12,"091323",NA
