"Lon","Lat","Year","Month","Station","Rain"
150.99,-33.39,1903,1,"061119",NA
150.99,-33.39,1903,2,"061119",NA
150.99,-33.39,1903,3,"061119",88.5
150.99,-33.39,1903,4,"061119",74.7
150.99,-33.39,1903,5,"061119",39.1
150.99,-33.39,1903,6,"061119",30.5
150.99,-33.39,1903,7,"061119",98.3
150.99,-33.39,1903,8,"061119",82.3
150.99,-33.39,1903,9,"061119",140.2
150.99,-33.39,1903,10,"061119",135
150.99,-33.39,1903,11,"061119",66
150.99,-33.39,1903,12,"061119",92.7
150.99,-33.39,1904,1,"061119",NA
150.99,-33.39,1904,2,"061119",NA
150.99,-33.39,1904,3,"061119",103.4
150.99,-33.39,1904,4,"061119",132.6
150.99,-33.39,1904,5,"061119",NA
150.99,-33.39,1904,6,"061119",NA
150.99,-33.39,1904,7,"061119",298.5
150.99,-33.39,1904,8,"061119",NA
150.99,-33.39,1904,9,"061119",NA
150.99,-33.39,1904,10,"061119",NA
150.99,-33.39,1904,11,"061119",NA
150.99,-33.39,1904,12,"061119",NA
150.99,-33.39,1905,1,"061119",0
150.99,-33.39,1905,2,"061119",0
150.99,-33.39,1905,3,"061119",221
150.99,-33.39,1905,4,"061119",NA
150.99,-33.39,1905,5,"061119",16.5
150.99,-33.39,1905,6,"061119",NA
150.99,-33.39,1905,7,"061119",NA
150.99,-33.39,1905,8,"061119",NA
150.99,-33.39,1905,9,"061119",45.7
150.99,-33.39,1905,10,"061119",12.7
150.99,-33.39,1905,11,"061119",165.6
150.99,-33.39,1905,12,"061119",42.4
150.99,-33.39,1906,1,"061119",59
150.99,-33.39,1906,2,"061119",21.2
150.99,-33.39,1906,3,"061119",57.8
150.99,-33.39,1906,4,"061119",5.1
150.99,-33.39,1906,5,"061119",42.9
150.99,-33.39,1906,6,"061119",15.4
150.99,-33.39,1906,7,"061119",2.3
150.99,-33.39,1906,8,"061119",108.3
150.99,-33.39,1906,9,"061119",17.7
150.99,-33.39,1906,10,"061119",44.2
150.99,-33.39,1906,11,"061119",37.1
150.99,-33.39,1906,12,"061119",25.7
150.99,-33.39,1907,1,"061119",44.7
150.99,-33.39,1907,2,"061119",65
150.99,-33.39,1907,3,"061119",205.3
150.99,-33.39,1907,4,"061119",24.1
150.99,-33.39,1907,5,"061119",26.9
150.99,-33.39,1907,6,"061119",83
150.99,-33.39,1907,7,"061119",0
150.99,-33.39,1907,8,"061119",6.4
150.99,-33.39,1907,9,"061119",7.4
150.99,-33.39,1907,10,"061119",5.1
150.99,-33.39,1907,11,"061119",72.6
150.99,-33.39,1907,12,"061119",33.6
150.99,-33.39,1908,1,"061119",46.3
150.99,-33.39,1908,2,"061119",271.8
150.99,-33.39,1908,3,"061119",64.8
150.99,-33.39,1908,4,"061119",33.8
150.99,-33.39,1908,5,"061119",39.1
150.99,-33.39,1908,6,"061119",9.9
150.99,-33.39,1908,7,"061119",104.3
150.99,-33.39,1908,8,"061119",121.4
150.99,-33.39,1908,9,"061119",22.1
150.99,-33.39,1908,10,"061119",6.9
150.99,-33.39,1908,11,"061119",62.7
150.99,-33.39,1908,12,"061119",26.6
150.99,-33.39,1909,1,"061119",27.2
150.99,-33.39,1909,2,"061119",206
150.99,-33.39,1909,3,"061119",8.4
150.99,-33.39,1909,4,"061119",13.5
150.99,-33.39,1909,5,"061119",18
150.99,-33.39,1909,6,"061119",90.2
150.99,-33.39,1909,7,"061119",5.1
150.99,-33.39,1909,8,"061119",15.2
150.99,-33.39,1909,9,"061119",50.8
150.99,-33.39,1909,10,"061119",37.8
150.99,-33.39,1909,11,"061119",42.7
150.99,-33.39,1909,12,"061119",202.7
150.99,-33.39,1910,1,"061119",174.6
150.99,-33.39,1910,2,"061119",18.5
150.99,-33.39,1910,3,"061119",125.8
150.99,-33.39,1910,4,"061119",40.8
150.99,-33.39,1910,5,"061119",20.1
150.99,-33.39,1910,6,"061119",49.6
150.99,-33.39,1910,7,"061119",151.3
150.99,-33.39,1910,8,"061119",6.4
150.99,-33.39,1910,9,"061119",22.4
150.99,-33.39,1910,10,"061119",32.6
150.99,-33.39,1910,11,"061119",19.9
150.99,-33.39,1910,12,"061119",106
150.99,-33.39,1911,1,"061119",282.4
150.99,-33.39,1911,2,"061119",136.6
150.99,-33.39,1911,3,"061119",69.5
150.99,-33.39,1911,4,"061119",51
150.99,-33.39,1911,5,"061119",34.6
150.99,-33.39,1911,6,"061119",11.2
150.99,-33.39,1911,7,"061119",105.5
150.99,-33.39,1911,8,"061119",60.2
150.99,-33.39,1911,9,"061119",38.4
150.99,-33.39,1911,10,"061119",37.3
150.99,-33.39,1911,11,"061119",42.4
150.99,-33.39,1911,12,"061119",59.7
150.99,-33.39,1912,1,"061119",0
150.99,-33.39,1912,2,"061119",126.3
150.99,-33.39,1912,3,"061119",50.3
150.99,-33.39,1912,4,"061119",91.4
150.99,-33.39,1912,5,"061119",81.3
150.99,-33.39,1912,6,"061119",55.7
150.99,-33.39,1912,7,"061119",229.3
150.99,-33.39,1912,8,"061119",63.7
150.99,-33.39,1912,9,"061119",11.7
150.99,-33.39,1912,10,"061119",20.8
150.99,-33.39,1912,11,"061119",23.7
150.99,-33.39,1912,12,"061119",16.4
150.99,-33.39,1913,1,"061119",11.7
150.99,-33.39,1913,2,"061119",19.2
150.99,-33.39,1913,3,"061119",131.7
150.99,-33.39,1913,4,"061119",186.2
150.99,-33.39,1913,5,"061119",445.9
150.99,-33.39,1913,6,"061119",187.4
150.99,-33.39,1913,7,"061119",86.3
150.99,-33.39,1913,8,"061119",0.5
150.99,-33.39,1913,9,"061119",29.4
150.99,-33.39,1913,10,"061119",8.1
150.99,-33.39,1913,11,"061119",21.3
150.99,-33.39,1913,12,"061119",0
150.99,-33.39,1914,1,"061119",16.8
150.99,-33.39,1914,2,"061119",60.5
150.99,-33.39,1914,3,"061119",142
150.99,-33.39,1914,4,"061119",37.3
150.99,-33.39,1914,5,"061119",41.2
150.99,-33.39,1914,6,"061119",78
150.99,-33.39,1914,7,"061119",61
150.99,-33.39,1914,8,"061119",13.7
150.99,-33.39,1914,9,"061119",137.3
150.99,-33.39,1914,10,"061119",197.3
150.99,-33.39,1914,11,"061119",81.1
150.99,-33.39,1914,12,"061119",203.4
150.99,-33.39,1915,1,"061119",8.8
150.99,-33.39,1915,2,"061119",49.1
150.99,-33.39,1915,3,"061119",61.6
150.99,-33.39,1915,4,"061119",46.3
150.99,-33.39,1915,5,"061119",181.8
150.99,-33.39,1915,6,"061119",7.6
150.99,-33.39,1915,7,"061119",25.4
150.99,-33.39,1915,8,"061119",15
150.99,-33.39,1915,9,"061119",18.8
150.99,-33.39,1915,10,"061119",18
150.99,-33.39,1915,11,"061119",0
150.99,-33.39,1915,12,"061119",62.5
150.99,-33.39,1916,1,"061119",22.7
150.99,-33.39,1916,2,"061119",54.6
150.99,-33.39,1916,3,"061119",25.3
150.99,-33.39,1916,4,"061119",78.8
150.99,-33.39,1916,5,"061119",24.5
150.99,-33.39,1916,6,"061119",61.6
150.99,-33.39,1916,7,"061119",41.3
150.99,-33.39,1916,8,"061119",31.1
150.99,-33.39,1916,9,"061119",50.1
150.99,-33.39,1916,10,"061119",141.4
150.99,-33.39,1916,11,"061119",61.5
150.99,-33.39,1916,12,"061119",114.2
150.99,-33.39,1917,1,"061119",113.5
150.99,-33.39,1917,2,"061119",67.8
150.99,-33.39,1917,3,"061119",22.8
150.99,-33.39,1917,4,"061119",107.2
150.99,-33.39,1917,5,"061119",13.2
150.99,-33.39,1917,6,"061119",38.9
150.99,-33.39,1917,7,"061119",9.4
150.99,-33.39,1917,8,"061119",24.6
150.99,-33.39,1917,9,"061119",195.6
150.99,-33.39,1917,10,"061119",34
150.99,-33.39,1917,11,"061119",168.2
150.99,-33.39,1917,12,"061119",29.8
150.99,-33.39,1921,1,"061119",180.1
150.99,-33.39,1921,2,"061119",5.8
150.99,-33.39,1921,3,"061119",118
150.99,-33.39,1921,4,"061119",189.7
150.99,-33.39,1921,5,"061119",200.5
150.99,-33.39,1921,6,"061119",36.8
150.99,-33.39,1921,7,"061119",187.9
150.99,-33.39,1921,8,"061119",11.8
150.99,-33.39,1921,9,"061119",41.9
150.99,-33.39,1921,10,"061119",23.8
150.99,-33.39,1921,11,"061119",65.1
150.99,-33.39,1921,12,"061119",150.5
150.99,-33.39,1922,1,"061119",197.5
150.99,-33.39,1922,2,"061119",135.2
150.99,-33.39,1922,3,"061119",34.3
150.99,-33.39,1922,4,"061119",13.5
150.99,-33.39,1922,5,"061119",4.1
150.99,-33.39,1922,6,"061119",16.8
150.99,-33.39,1922,7,"061119",154.2
150.99,-33.39,1922,8,"061119",0
150.99,-33.39,1922,9,"061119",89.9
150.99,-33.39,1922,10,"061119",10.9
150.99,-33.39,1922,11,"061119",8.6
150.99,-33.39,1922,12,"061119",59.4
150.99,-33.39,1923,1,"061119",51.1
150.99,-33.39,1923,2,"061119",10.7
150.99,-33.39,1923,3,"061119",58.4
150.99,-33.39,1923,4,"061119",126.9
150.99,-33.39,1923,5,"061119",9.4
150.99,-33.39,1923,6,"061119",121.6
150.99,-33.39,1923,7,"061119",129.1
150.99,-33.39,1923,8,"061119",98.9
150.99,-33.39,1923,9,"061119",25.5
150.99,-33.39,1923,10,"061119",25.1
150.99,-33.39,1923,11,"061119",38.6
150.99,-33.39,1923,12,"061119",61.5
150.99,-33.39,1924,1,"061119",40.6
150.99,-33.39,1924,2,"061119",95.8
150.99,-33.39,1924,3,"061119",18.5
150.99,-33.39,1924,4,"061119",53.8
150.99,-33.39,1924,5,"061119",0
150.99,-33.39,1924,6,"061119",62.2
150.99,-33.39,1924,7,"061119",31
150.99,-33.39,1924,8,"061119",24.1
150.99,-33.39,1924,9,"061119",28.7
150.99,-33.39,1924,10,"061119",22.6
150.99,-33.39,1924,11,"061119",64.8
150.99,-33.39,1924,12,"061119",77
150.99,-33.39,1933,1,"061119",NA
150.99,-33.39,1933,2,"061119",25.6
150.99,-33.39,1933,3,"061119",38.5
150.99,-33.39,1933,4,"061119",114.7
150.99,-33.39,1933,5,"061119",29.4
150.99,-33.39,1933,6,"061119",NA
150.99,-33.39,1933,7,"061119",NA
150.99,-33.39,1933,8,"061119",NA
150.99,-33.39,1933,9,"061119",NA
150.99,-33.39,1933,10,"061119",NA
150.99,-33.39,1933,11,"061119",NA
150.99,-33.39,1933,12,"061119",NA
150.99,-33.39,1935,1,"061119",NA
150.99,-33.39,1935,2,"061119",96.3
150.99,-33.39,1935,3,"061119",NA
150.99,-33.39,1935,4,"061119",NA
150.99,-33.39,1935,5,"061119",NA
150.99,-33.39,1935,6,"061119",NA
150.99,-33.39,1935,7,"061119",NA
150.99,-33.39,1935,8,"061119",NA
150.99,-33.39,1935,9,"061119",NA
150.99,-33.39,1935,10,"061119",NA
150.99,-33.39,1935,11,"061119",NA
150.99,-33.39,1935,12,"061119",NA
150.99,-33.39,1936,1,"061119",NA
150.99,-33.39,1936,2,"061119",216.3
150.99,-33.39,1936,3,"061119",NA
150.99,-33.39,1936,4,"061119",NA
150.99,-33.39,1936,5,"061119",NA
150.99,-33.39,1936,6,"061119",NA
150.99,-33.39,1936,7,"061119",NA
150.99,-33.39,1936,8,"061119",NA
150.99,-33.39,1936,9,"061119",NA
150.99,-33.39,1936,10,"061119",NA
150.99,-33.39,1936,11,"061119",NA
150.99,-33.39,1936,12,"061119",NA
150.99,-33.39,1963,1,"061119",121.8
150.99,-33.39,1963,2,"061119",63
150.99,-33.39,1963,3,"061119",213.1
150.99,-33.39,1963,4,"061119",194.6
150.99,-33.39,1963,5,"061119",212.7
150.99,-33.39,1963,6,"061119",144.2
150.99,-33.39,1963,7,"061119",20.3
150.99,-33.39,1963,8,"061119",158.9
150.99,-33.39,1963,9,"061119",33.3
150.99,-33.39,1963,10,"061119",43.7
150.99,-33.39,1963,11,"061119",71.4
150.99,-33.39,1963,12,"061119",157.1
150.99,-33.39,1964,1,"061119",29.7
150.99,-33.39,1964,2,"061119",48
150.99,-33.39,1964,3,"061119",85.6
150.99,-33.39,1964,4,"061119",61.4
150.99,-33.39,1964,5,"061119",21.3
150.99,-33.39,1964,6,"061119",300.3
150.99,-33.39,1964,7,"061119",0
150.99,-33.39,1964,8,"061119",41.4
150.99,-33.39,1964,9,"061119",23.6
150.99,-33.39,1964,10,"061119",47.3
150.99,-33.39,1964,11,"061119",37.6
150.99,-33.39,1964,12,"061119",48
150.99,-33.39,1965,1,"061119",12.5
150.99,-33.39,1965,2,"061119",7.6
150.99,-33.39,1965,3,"061119",0
150.99,-33.39,1965,4,"061119",0
150.99,-33.39,1965,5,"061119",20.8
150.99,-33.39,1965,6,"061119",49.8
150.99,-33.39,1965,7,"061119",112
150.99,-33.39,1965,8,"061119",9.2
150.99,-33.39,1965,9,"061119",59.2
150.99,-33.39,1965,10,"061119",180.4
150.99,-33.39,1965,11,"061119",15.5
150.99,-33.39,1965,12,"061119",63.7
150.99,-33.39,1966,1,"061119",0
150.99,-33.39,1966,2,"061119",81.3
150.99,-33.39,1966,3,"061119",59.1
150.99,-33.39,1966,4,"061119",80.7
150.99,-33.39,1966,5,"061119",31.2
150.99,-33.39,1966,6,"061119",59.4
150.99,-33.39,1966,7,"061119",0
150.99,-33.39,1966,8,"061119",44
150.99,-33.39,1966,9,"061119",24.4
150.99,-33.39,1966,10,"061119",50.2
150.99,-33.39,1966,11,"061119",68.6
150.99,-33.39,1966,12,"061119",65.5
150.99,-33.39,1967,1,"061119",137
150.99,-33.39,1967,2,"061119",141.4
150.99,-33.39,1967,3,"061119",158.5
150.99,-33.39,1967,4,"061119",18.5
150.99,-33.39,1967,5,"061119",27.4
150.99,-33.39,1967,6,"061119",189.7
150.99,-33.39,1967,7,"061119",28.7
150.99,-33.39,1967,8,"061119",138.2
150.99,-33.39,1967,9,"061119",45.2
150.99,-33.39,1967,10,"061119",170.4
150.99,-33.39,1967,11,"061119",6.1
150.99,-33.39,1967,12,"061119",0
150.99,-33.39,1968,1,"061119",245.8
150.99,-33.39,1968,2,"061119",23.1
150.99,-33.39,1968,3,"061119",72.4
150.99,-33.39,1968,4,"061119",14
150.99,-33.39,1968,5,"061119",132.1
150.99,-33.39,1968,6,"061119",8.9
150.99,-33.39,1968,7,"061119",32.7
150.99,-33.39,1968,8,"061119",18.4
150.99,-33.39,1968,9,"061119",25.1
150.99,-33.39,1968,10,"061119",0
150.99,-33.39,1968,11,"061119",19.8
150.99,-33.39,1968,12,"061119",108.5
150.99,-33.39,1969,1,"061119",9.2
150.99,-33.39,1969,2,"061119",179.1
150.99,-33.39,1969,3,"061119",61.7
150.99,-33.39,1969,4,"061119",87.1
150.99,-33.39,1969,5,"061119",40.9
150.99,-33.39,1969,6,"061119",141.6
150.99,-33.39,1969,7,"061119",13
150.99,-33.39,1969,8,"061119",149
150.99,-33.39,1969,9,"061119",42.1
150.99,-33.39,1969,10,"061119",63.1
150.99,-33.39,1969,11,"061119",152
150.99,-33.39,1969,12,"061119",26.7
150.99,-33.39,1970,1,"061119",154.2
150.99,-33.39,1970,2,"061119",37.4
150.99,-33.39,1970,3,"061119",49.5
150.99,-33.39,1970,4,"061119",34.3
150.99,-33.39,1970,5,"061119",10.6
150.99,-33.39,1970,6,"061119",10.1
150.99,-33.39,1970,7,"061119",1
150.99,-33.39,1970,8,"061119",17.8
150.99,-33.39,1970,9,"061119",163.8
150.99,-33.39,1970,10,"061119",24.4
150.99,-33.39,1970,11,"061119",88
150.99,-33.39,1970,12,"061119",171.3
150.99,-33.39,1971,1,"061119",127.2
150.99,-33.39,1971,2,"061119",219.1
150.99,-33.39,1971,3,"061119",88.8
150.99,-33.39,1971,4,"061119",31.7
150.99,-33.39,1971,5,"061119",101.6
150.99,-33.39,1971,6,"061119",0
150.99,-33.39,1971,7,"061119",30
150.99,-33.39,1971,8,"061119",25.3
150.99,-33.39,1971,9,"061119",23.6
150.99,-33.39,1971,10,"061119",2.5
150.99,-33.39,1971,11,"061119",80.1
150.99,-33.39,1971,12,"061119",128.8
150.99,-33.39,1972,1,"061119",343.4
150.99,-33.39,1972,2,"061119",51.1
150.99,-33.39,1972,3,"061119",75.3
150.99,-33.39,1972,4,"061119",50.3
150.99,-33.39,1972,5,"061119",35.2
150.99,-33.39,1972,6,"061119",40.2
150.99,-33.39,1972,7,"061119",1.8
150.99,-33.39,1972,8,"061119",36.4
150.99,-33.39,1972,9,"061119",12.2
150.99,-33.39,1972,10,"061119",164.6
150.99,-33.39,1972,11,"061119",97.6
150.99,-33.39,1972,12,"061119",15.7
150.99,-33.39,1973,1,"061119",125.2
150.99,-33.39,1973,2,"061119",210.8
150.99,-33.39,1973,3,"061119",129.3
150.99,-33.39,1973,4,"061119",45.7
150.99,-33.39,1973,5,"061119",17.8
150.99,-33.39,1973,6,"061119",29
150.99,-33.39,1973,7,"061119",63.5
150.99,-33.39,1973,8,"061119",64
150.99,-33.39,1973,9,"061119",37.3
150.99,-33.39,1973,10,"061119",178
150.99,-33.39,1973,11,"061119",132.6
150.99,-33.39,1973,12,"061119",68.2
150.99,-33.39,1974,1,"061119",274
150.99,-33.39,1974,2,"061119",71
150.99,-33.39,1974,3,"061119",50.5
150.99,-33.39,1974,4,"061119",36.3
150.99,-33.39,1974,5,"061119",47.2
150.99,-33.39,1974,6,"061119",41.7
150.99,-33.39,1974,7,"061119",3
150.99,-33.39,1974,8,"061119",22
150.99,-33.39,1974,9,"061119",12
150.99,-33.39,1974,10,"061119",55
150.99,-33.39,1974,11,"061119",184
150.99,-33.39,1974,12,"061119",8
150.99,-33.39,1975,1,"061119",43
150.99,-33.39,1975,2,"061119",166
150.99,-33.39,1975,3,"061119",116
150.99,-33.39,1975,4,"061119",55
150.99,-33.39,1975,5,"061119",37
150.99,-33.39,1975,6,"061119",182
150.99,-33.39,1975,7,"061119",70
150.99,-33.39,1975,8,"061119",33
150.99,-33.39,1975,9,"061119",60
150.99,-33.39,1975,10,"061119",87
150.99,-33.39,1975,11,"061119",65
150.99,-33.39,1975,12,"061119",20
150.99,-33.39,1976,1,"061119",214
150.99,-33.39,1976,2,"061119",242
150.99,-33.39,1976,3,"061119",298
150.99,-33.39,1976,4,"061119",21
150.99,-33.39,1976,5,"061119",2.5
150.99,-33.39,1976,6,"061119",20.8
150.99,-33.39,1976,7,"061119",21
150.99,-33.39,1976,8,"061119",6.4
150.99,-33.39,1976,9,"061119",8.6
150.99,-33.39,1976,10,"061119",99
150.99,-33.39,1976,11,"061119",64
150.99,-33.39,1976,12,"061119",4.2
150.99,-33.39,1977,1,"061119",52
150.99,-33.39,1977,2,"061119",142
150.99,-33.39,1977,3,"061119",163
150.99,-33.39,1977,4,"061119",14
150.99,-33.39,1977,5,"061119",220
150.99,-33.39,1977,6,"061119",64
150.99,-33.39,1977,7,"061119",8
150.99,-33.39,1977,8,"061119",22
150.99,-33.39,1977,9,"061119",47
150.99,-33.39,1977,10,"061119",23
150.99,-33.39,1977,11,"061119",23
150.99,-33.39,1977,12,"061119",31
150.99,-33.39,1978,1,"061119",274
150.99,-33.39,1978,2,"061119",28
150.99,-33.39,1978,3,"061119",371
150.99,-33.39,1978,4,"061119",16
150.99,-33.39,1978,5,"061119",98
150.99,-33.39,1978,6,"061119",281
150.99,-33.39,1978,7,"061119",6
150.99,-33.39,1978,8,"061119",20
150.99,-33.39,1978,9,"061119",126
150.99,-33.39,1978,10,"061119",68
150.99,-33.39,1978,11,"061119",119
150.99,-33.39,1978,12,"061119",35
150.99,-33.39,1979,1,"061119",56
150.99,-33.39,1979,2,"061119",4
150.99,-33.39,1979,3,"061119",220
150.99,-33.39,1979,4,"061119",17
150.99,-33.39,1979,5,"061119",139
150.99,-33.39,1979,6,"061119",87
150.99,-33.39,1979,7,"061119",0
150.99,-33.39,1979,8,"061119",0
150.99,-33.39,1979,9,"061119",46
150.99,-33.39,1979,10,"061119",19
150.99,-33.39,1979,11,"061119",74
150.99,-33.39,1979,12,"061119",10
150.99,-33.39,1980,1,"061119",105
150.99,-33.39,1980,2,"061119",38
150.99,-33.39,1980,3,"061119",34
150.99,-33.39,1980,4,"061119",5
150.99,-33.39,1980,5,"061119",139
150.99,-33.39,1980,6,"061119",51
150.99,-33.39,1980,7,"061119",19
150.99,-33.39,1980,8,"061119",5
150.99,-33.39,1980,9,"061119",4
150.99,-33.39,1980,10,"061119",60
150.99,-33.39,1980,11,"061119",40
150.99,-33.39,1980,12,"061119",110
150.99,-33.39,1981,1,"061119",67
150.99,-33.39,1981,2,"061119",212
150.99,-33.39,1981,3,"061119",1
150.99,-33.39,1981,4,"061119",55
150.99,-33.39,1981,5,"061119",133
150.99,-33.39,1981,6,"061119",21
150.99,-33.39,1981,7,"061119",32
150.99,-33.39,1981,8,"061119",7
150.99,-33.39,1981,9,"061119",1
150.99,-33.39,1981,10,"061119",140
150.99,-33.39,1981,11,"061119",140
150.99,-33.39,1981,12,"061119",28
150.99,-33.39,1982,1,"061119",97
150.99,-33.39,1982,2,"061119",40
150.99,-33.39,1982,3,"061119",213
150.99,-33.39,1982,4,"061119",0
150.99,-33.39,1982,5,"061119",3
150.99,-33.39,1982,6,"061119",21
150.99,-33.39,1982,7,"061119",15
150.99,-33.39,1982,8,"061119",0
150.99,-33.39,1982,9,"061119",136
150.99,-33.39,1982,10,"061119",65
150.99,-33.39,1982,11,"061119",16
150.99,-33.39,1982,12,"061119",9
150.99,-33.39,1983,1,"061119",43
150.99,-33.39,1983,2,"061119",76
150.99,-33.39,1983,3,"061119",168
150.99,-33.39,1983,4,"061119",43
150.99,-33.39,1983,5,"061119",187
150.99,-33.39,1983,6,"061119",38
150.99,-33.39,1983,7,"061119",2.1
150.99,-33.39,1983,8,"061119",8
150.99,-33.39,1983,9,"061119",56
150.99,-33.39,1983,10,"061119",18.4
150.99,-33.39,1983,11,"061119",53
150.99,-33.39,1983,12,"061119",108
150.99,-33.39,1984,1,"061119",134
150.99,-33.39,1984,2,"061119",131
150.99,-33.39,1984,3,"061119",40.2
150.99,-33.39,1984,4,"061119",15
150.99,-33.39,1984,5,"061119",53.4
150.99,-33.39,1984,6,"061119",48.2
150.99,-33.39,1984,7,"061119",135
150.99,-33.39,1984,8,"061119",14
150.99,-33.39,1984,9,"061119",41.2
150.99,-33.39,1984,10,"061119",18
150.99,-33.39,1984,11,"061119",118
150.99,-33.39,1984,12,"061119",54
150.99,-33.39,1985,1,"061119",6
150.99,-33.39,1985,2,"061119",51.9
150.99,-33.39,1985,3,"061119",28
150.99,-33.39,1985,4,"061119",157
150.99,-33.39,1985,5,"061119",147
150.99,-33.39,1985,6,"061119",71
150.99,-33.39,1985,7,"061119",15
150.99,-33.39,1985,8,"061119",0
150.99,-33.39,1985,9,"061119",54
150.99,-33.39,1985,10,"061119",234
150.99,-33.39,1985,11,"061119",90
150.99,-33.39,1985,12,"061119",81
150.99,-33.39,1986,1,"061119",158
150.99,-33.39,1986,2,"061119",49
150.99,-33.39,1986,3,"061119",10
150.99,-33.39,1986,4,"061119",16
150.99,-33.39,1986,5,"061119",29
150.99,-33.39,1986,6,"061119",18
150.99,-33.39,1986,7,"061119",23
150.99,-33.39,1986,8,"061119",320
150.99,-33.39,1986,9,"061119",92
150.99,-33.39,1986,10,"061119",37
150.99,-33.39,1986,11,"061119",194
150.99,-33.39,1986,12,"061119",12
150.99,-33.39,1987,1,"061119",38
150.99,-33.39,1987,2,"061119",60
150.99,-33.39,1987,3,"061119",132
150.99,-33.39,1987,4,"061119",0
150.99,-33.39,1987,5,"061119",63
150.99,-33.39,1987,6,"061119",46
150.99,-33.39,1987,7,"061119",28
150.99,-33.39,1987,8,"061119",249
150.99,-33.39,1987,9,"061119",10
150.99,-33.39,1987,10,"061119",222
150.99,-33.39,1987,11,"061119",84
150.99,-33.39,1987,12,"061119",62
150.99,-33.39,1988,1,"061119",190
150.99,-33.39,1988,2,"061119",168
150.99,-33.39,1988,3,"061119",88
150.99,-33.39,1988,4,"061119",399
150.99,-33.39,1988,5,"061119",99
150.99,-33.39,1988,6,"061119",45
150.99,-33.39,1988,7,"061119",120
150.99,-33.39,1988,8,"061119",25
150.99,-33.39,1988,9,"061119",106
150.99,-33.39,1988,10,"061119",0
150.99,-33.39,1988,11,"061119",98
150.99,-33.39,1988,12,"061119",160
150.99,-33.39,1989,1,"061119",148
150.99,-33.39,1989,2,"061119",100
150.99,-33.39,1989,3,"061119",171
150.99,-33.39,1989,4,"061119",262
150.99,-33.39,1989,5,"061119",88
150.99,-33.39,1989,6,"061119",154
150.99,-33.39,1989,7,"061119",40
150.99,-33.39,1989,8,"061119",18
150.99,-33.39,1989,9,"061119",2
150.99,-33.39,1989,10,"061119",29
150.99,-33.39,1989,11,"061119",68
150.99,-33.39,1989,12,"061119",94
150.99,-33.39,1990,1,"061119",136
150.99,-33.39,1990,2,"061119",337
150.99,-33.39,1990,3,"061119",164
150.99,-33.39,1990,4,"061119",226
150.99,-33.39,1990,5,"061119",103
150.99,-33.39,1990,6,"061119",19
150.99,-33.39,1990,7,"061119",93
150.99,-33.39,1990,8,"061119",200
150.99,-33.39,1990,9,"061119",100
150.99,-33.39,1990,10,"061119",25
150.99,-33.39,1990,11,"061119",9
150.99,-33.39,1990,12,"061119",58
150.99,-33.39,1991,1,"061119",49
150.99,-33.39,1991,2,"061119",43
150.99,-33.39,1991,3,"061119",27
150.99,-33.39,1991,4,"061119",7
150.99,-33.39,1991,5,"061119",43
150.99,-33.39,1991,6,"061119",128
150.99,-33.39,1991,7,"061119",59
150.99,-33.39,1991,8,"061119",5
150.99,-33.39,1991,9,"061119",16
150.99,-33.39,1991,10,"061119",8
150.99,-33.39,1991,11,"061119",35
150.99,-33.39,1991,12,"061119",195
150.99,-33.39,1992,1,"061119",47
150.99,-33.39,1992,2,"061119",480
150.99,-33.39,1992,3,"061119",76
150.99,-33.39,1992,4,"061119",123
150.99,-33.39,1992,5,"061119",11
150.99,-33.39,1992,6,"061119",66
150.99,-33.39,1992,7,"061119",10
150.99,-33.39,1992,8,"061119",32
150.99,-33.39,1992,9,"061119",13
150.99,-33.39,1992,10,"061119",26
150.99,-33.39,1992,11,"061119",238
150.99,-33.39,1992,12,"061119",109
150.99,-33.39,1993,1,"061119",55
150.99,-33.39,1993,2,"061119",75
150.99,-33.39,1993,3,"061119",68
150.99,-33.39,1993,4,"061119",27
150.99,-33.39,1993,5,"061119",9
150.99,-33.39,1993,6,"061119",22
150.99,-33.39,1993,7,"061119",58
150.99,-33.39,1993,8,"061119",43
150.99,-33.39,1993,9,"061119",45
150.99,-33.39,1993,10,"061119",42
150.99,-33.39,1993,11,"061119",81
150.99,-33.39,1993,12,"061119",47
150.99,-33.39,1994,1,"061119",49
150.99,-33.39,1994,2,"061119",81
150.99,-33.39,1994,3,"061119",133
150.99,-33.39,1994,4,"061119",37
150.99,-33.39,1994,5,"061119",9
150.99,-33.39,1994,6,"061119",48
150.99,-33.39,1994,7,"061119",15
150.99,-33.39,1994,8,"061119",13
150.99,-33.39,1994,9,"061119",3
150.99,-33.39,1994,10,"061119",19
150.99,-33.39,1994,11,"061119",55
150.99,-33.39,1994,12,"061119",77
150.99,-33.39,1995,1,"061119",104
150.99,-33.39,1995,2,"061119",72
150.99,-33.39,1995,3,"061119",202
150.99,-33.39,1995,4,"061119",12
150.99,-33.39,1995,5,"061119",116
150.99,-33.39,1995,6,"061119",48
150.99,-33.39,1995,7,"061119",1
150.99,-33.39,1995,8,"061119",1
150.99,-33.39,1995,9,"061119",144
150.99,-33.39,1995,10,"061119",14
150.99,-33.39,1995,11,"061119",93
150.99,-33.39,1995,12,"061119",131
150.99,-33.39,1996,1,"061119",103
150.99,-33.39,1996,2,"061119",41
150.99,-33.39,1996,3,"061119",71
150.99,-33.39,1996,4,"061119",31
150.99,-33.39,1996,5,"061119",115
150.99,-33.39,1996,6,"061119",41
150.99,-33.39,1996,7,"061119",48
150.99,-33.39,1996,8,"061119",157
150.99,-33.39,1996,9,"061119",100
150.99,-33.39,1996,10,"061119",30
150.99,-33.39,1996,11,"061119",86
150.99,-33.39,1996,12,"061119",44
150.99,-33.39,1997,1,"061119",94
150.99,-33.39,1997,2,"061119",150
150.99,-33.39,1997,3,"061119",16
150.99,-33.39,1997,4,"061119",8
150.99,-33.39,1997,5,"061119",71
150.99,-33.39,1997,6,"061119",33
150.99,-33.39,1997,7,"061119",42
150.99,-33.39,1997,8,"061119",5
150.99,-33.39,1997,9,"061119",81
150.99,-33.39,1997,10,"061119",56
150.99,-33.39,1997,11,"061119",40
150.99,-33.39,1997,12,"061119",18
150.99,-33.39,1998,1,"061119",112
150.99,-33.39,1998,2,"061119",71
150.99,-33.39,1998,3,"061119",10
150.99,-33.39,1998,4,"061119",94
150.99,-33.39,1998,5,"061119",138
150.99,-33.39,1998,6,"061119",82
150.99,-33.39,1998,7,"061119",62
150.99,-33.39,1998,8,"061119",198
150.99,-33.39,1998,9,"061119",44
150.99,-33.39,1998,10,"061119",33
150.99,-33.39,1998,11,"061119",61
150.99,-33.39,1998,12,"061119",31
150.99,-33.39,1999,1,"061119",103
150.99,-33.39,1999,2,"061119",179
150.99,-33.39,1999,3,"061119",35.1
150.99,-33.39,1999,4,"061119",NA
150.99,-33.39,1999,5,"061119",21.8
150.99,-33.39,1999,6,"061119",56.7
150.99,-33.39,1999,7,"061119",151.1
150.99,-33.39,1999,8,"061119",47
150.99,-33.39,1999,9,"061119",83.4
150.99,-33.39,1999,10,"061119",153.6
150.99,-33.39,1999,11,"061119",59.2
150.99,-33.39,1999,12,"061119",75.6
150.99,-33.39,2000,1,"061119",44.4
150.99,-33.39,2000,2,"061119",18.6
150.99,-33.39,2000,3,"061119",247.8
150.99,-33.39,2000,4,"061119",63.8
150.99,-33.39,2000,5,"061119",23.6
150.99,-33.39,2000,6,"061119",20.4
150.99,-33.39,2000,7,"061119",13.6
150.99,-33.39,2000,8,"061119",16.4
150.99,-33.39,2000,9,"061119",39.2
150.99,-33.39,2000,10,"061119",38.6
150.99,-33.39,2000,11,"061119",165.8
150.99,-33.39,2000,12,"061119",65.6
150.99,-33.39,2001,1,"061119",88
150.99,-33.39,2001,2,"061119",175
150.99,-33.39,2001,3,"061119",164.2
150.99,-33.39,2001,4,"061119",153.8
150.99,-33.39,2001,5,"061119",83.4
150.99,-33.39,2001,6,"061119",4.8
150.99,-33.39,2001,7,"061119",63.8
150.99,-33.39,2001,8,"061119",27.2
150.99,-33.39,2001,9,"061119",NA
150.99,-33.39,2001,10,"061119",38.6
150.99,-33.39,2001,11,"061119",48.6
150.99,-33.39,2001,12,"061119",NA
150.99,-33.39,2002,1,"061119",42.2
150.99,-33.39,2002,2,"061119",209
150.99,-33.39,2002,3,"061119",148.2
150.99,-33.39,2002,4,"061119",64.2
150.99,-33.39,2002,5,"061119",65.4
150.99,-33.39,2002,6,"061119",12.4
150.99,-33.39,2002,7,"061119",6
150.99,-33.39,2002,8,"061119",13.1
150.99,-33.39,2002,9,"061119",19
150.99,-33.39,2002,10,"061119",20
150.99,-33.39,2002,11,"061119",NA
150.99,-33.39,2002,12,"061119",NA
150.99,-33.39,2003,1,"061119",NA
150.99,-33.39,2003,2,"061119",81.2
150.99,-33.39,2003,3,"061119",59.4
150.99,-33.39,2003,4,"061119",NA
150.99,-33.39,2003,5,"061119",117.2
150.99,-33.39,2003,6,"061119",18.6
150.99,-33.39,2003,7,"061119",45
150.99,-33.39,2003,8,"061119",33.2
150.99,-33.39,2003,9,"061119",3
150.99,-33.39,2003,10,"061119",43.1
150.99,-33.39,2003,11,"061119",NA
150.99,-33.39,2003,12,"061119",76
150.99,-33.39,2004,1,"061119",57
150.99,-33.39,2004,2,"061119",126
150.99,-33.39,2004,3,"061119",36
150.99,-33.39,2004,4,"061119",32
150.99,-33.39,2004,5,"061119",7.2
150.99,-33.39,2004,6,"061119",6
150.99,-33.39,2004,7,"061119",23
150.99,-33.39,2004,8,"061119",22.6
150.99,-33.39,2004,9,"061119",24
150.99,-33.39,2004,10,"061119",235.4
150.99,-33.39,2004,11,"061119",70
150.99,-33.39,2004,12,"061119",82
150.99,-33.39,2005,1,"061119",80
150.99,-33.39,2005,2,"061119",92
150.99,-33.39,2005,3,"061119",NA
150.99,-33.39,2005,4,"061119",25
150.99,-33.39,2005,5,"061119",46
150.99,-33.39,2005,6,"061119",NA
150.99,-33.39,2005,7,"061119",22
150.99,-33.39,2005,8,"061119",1
150.99,-33.39,2005,9,"061119",47.2
150.99,-33.39,2005,10,"061119",79.2
150.99,-33.39,2005,11,"061119",102
150.99,-33.39,2005,12,"061119",33
150.99,-33.39,2006,1,"061119",NA
150.99,-33.39,2006,2,"061119",48
150.99,-33.39,2006,3,"061119",72
150.99,-33.39,2006,4,"061119",14
150.99,-33.39,2006,5,"061119",17.1
150.99,-33.39,2006,6,"061119",34
150.99,-33.39,2006,7,"061119",39
150.99,-33.39,2006,8,"061119",28
150.99,-33.39,2006,9,"061119",NA
150.99,-33.39,2006,10,"061119",4
150.99,-33.39,2006,11,"061119",31
150.99,-33.39,2006,12,"061119",89
150.99,-33.39,2007,1,"061119",47
150.99,-33.39,2007,2,"061119",140
150.99,-33.39,2007,3,"061119",131
150.99,-33.39,2007,4,"061119",54
150.99,-33.39,2007,5,"061119",18
150.99,-33.39,2007,6,"061119",347
150.99,-33.39,2007,7,"061119",20
150.99,-33.39,2007,8,"061119",139
150.99,-33.39,2007,9,"061119",25
150.99,-33.39,2007,10,"061119",NA
150.99,-33.39,2007,11,"061119",154
150.99,-33.39,2007,12,"061119",NA
150.99,-33.39,2008,1,"061119",163
150.99,-33.39,2008,2,"061119",196
150.99,-33.39,2008,3,"061119",NA
150.99,-33.39,2008,4,"061119",156
150.99,-33.39,2008,5,"061119",0
150.99,-33.39,2008,6,"061119",NA
150.99,-33.39,2008,7,"061119",26
150.99,-33.39,2008,8,"061119",NA
150.99,-33.39,2008,9,"061119",109
150.99,-33.39,2008,10,"061119",65
150.99,-33.39,2008,11,"061119",61
150.99,-33.39,2008,12,"061119",91
150.99,-33.39,2009,1,"061119",37
150.99,-33.39,2009,2,"061119",190
150.99,-33.39,2009,3,"061119",40
150.99,-33.39,2009,4,"061119",135
150.99,-33.39,2009,5,"061119",109
150.99,-33.39,2009,6,"061119",42
150.99,-33.39,2009,7,"061119",15
150.99,-33.39,2009,8,"061119",8
150.99,-33.39,2009,9,"061119",8
150.99,-33.39,2009,10,"061119",100
150.99,-33.39,2009,11,"061119",28
150.99,-33.39,2009,12,"061119",71
150.99,-33.39,2010,1,"061119",98
150.99,-33.39,2010,2,"061119",150
150.99,-33.39,2010,3,"061119",79
150.99,-33.39,2010,4,"061119",30
150.99,-33.39,2010,5,"061119",71
150.99,-33.39,2010,6,"061119",80
150.99,-33.39,2010,7,"061119",NA
150.99,-33.39,2010,8,"061119",13
150.99,-33.39,2010,9,"061119",38
150.99,-33.39,2010,10,"061119",79
150.99,-33.39,2010,11,"061119",166.5
150.99,-33.39,2010,12,"061119",135
150.99,-33.39,2011,1,"061119",56.5
150.99,-33.39,2011,2,"061119",22
150.99,-33.39,2011,3,"061119",89
150.99,-33.39,2011,4,"061119",117
150.99,-33.39,2011,5,"061119",63
150.99,-33.39,2011,6,"061119",109
150.99,-33.39,2011,7,"061119",94
150.99,-33.39,2011,8,"061119",132
150.99,-33.39,2011,9,"061119",78
150.99,-33.39,2011,10,"061119",81
150.99,-33.39,2011,11,"061119",NA
150.99,-33.39,2011,12,"061119",73
150.99,-33.39,2012,1,"061119",97
150.99,-33.39,2012,2,"061119",187
150.99,-33.39,2012,3,"061119",185
150.99,-33.39,2012,4,"061119",101
150.99,-33.39,2012,5,"061119",21
150.99,-33.39,2012,6,"061119",85
150.99,-33.39,2012,7,"061119",15
150.99,-33.39,2012,8,"061119",7
150.99,-33.39,2012,9,"061119",29
150.99,-33.39,2012,10,"061119",19
150.99,-33.39,2012,11,"061119",64
150.99,-33.39,2012,12,"061119",77
150.99,-33.39,2013,1,"061119",175
150.99,-33.39,2013,2,"061119",225
150.99,-33.39,2013,3,"061119",151
150.99,-33.39,2013,4,"061119",85
150.99,-33.39,2013,5,"061119",60
150.99,-33.39,2013,6,"061119",96.5
150.99,-33.39,2013,7,"061119",13
150.99,-33.39,2013,8,"061119",10
150.99,-33.39,2013,9,"061119",19
150.99,-33.39,2013,10,"061119",31.5
150.99,-33.39,2013,11,"061119",141
150.99,-33.39,2013,12,"061119",22
150.99,-33.39,2014,1,"061119",32
150.99,-33.39,2014,2,"061119",106
150.99,-33.39,2014,3,"061119",139
150.99,-33.39,2014,4,"061119",42
150.99,-33.39,2014,5,"061119",8
150.99,-33.39,2014,6,"061119",23
150.99,-33.39,2014,7,"061119",14.5
150.99,-33.39,2014,8,"061119",145
150.99,-33.39,2014,9,"061119",44
150.99,-33.39,2014,10,"061119",33
150.99,-33.39,2014,11,"061119",18
150.99,-33.39,2014,12,"061119",174
150.99,-33.39,2015,1,"061119",147
150.99,-33.39,2015,2,"061119",47
150.99,-33.39,2015,3,"061119",110
150.99,-33.39,2015,4,"061119",344
150.99,-33.39,2015,5,"061119",70
150.99,-33.39,2015,6,"061119",47
150.99,-33.39,2015,7,"061119",24
150.99,-33.39,2015,8,"061119",30
150.99,-33.39,2015,9,"061119",35.8
150.99,-33.39,2015,10,"061119",42.6
150.99,-33.39,2015,11,"061119",101.9
150.99,-33.39,2015,12,"061119",200.2
150.99,-33.39,2016,1,"061119",354
150.99,-33.39,2016,2,"061119",13.2
150.99,-33.39,2016,3,"061119",36
150.99,-33.39,2016,4,"061119",4
150.99,-33.39,2016,5,"061119",13.8
150.99,-33.39,2016,6,"061119",177.3
150.99,-33.39,2016,7,"061119",53.6
150.99,-33.39,2016,8,"061119",61.7
150.99,-33.39,2016,9,"061119",61.4
150.99,-33.39,2016,10,"061119",30.1
150.99,-33.39,2016,11,"061119",69.6
150.99,-33.39,2016,12,"061119",87.7
150.99,-33.39,2017,1,"061119",51.5
150.99,-33.39,2017,2,"061119",85.9
150.99,-33.39,2017,3,"061119",286.2
150.99,-33.39,2017,4,"061119",38
150.99,-33.39,2017,5,"061119",17.2
150.99,-33.39,2017,6,"061119",84.5
150.99,-33.39,2017,7,"061119",0
150.99,-33.39,2017,8,"061119",15.9
150.99,-33.39,2017,9,"061119",1.1
150.99,-33.39,2017,10,"061119",NA
150.99,-33.39,2017,11,"061119",25.1
150.99,-33.39,2017,12,"061119",52.4
150.99,-33.39,2018,1,"061119",18
150.99,-33.39,2018,2,"061119",102.4
150.99,-33.39,2018,3,"061119",88.9
150.99,-33.39,2018,4,"061119",37.8
150.99,-33.39,2018,5,"061119",6.8
150.99,-33.39,2018,6,"061119",58.1
150.99,-33.39,2018,7,"061119",3
150.99,-33.39,2018,8,"061119",3.2
150.99,-33.39,2018,9,"061119",35.1
150.99,-33.39,2018,10,"061119",NA
150.99,-33.39,2018,11,"061119",85.2
150.99,-33.39,2018,12,"061119",67.3
150.99,-33.39,2019,1,"061119",43.3
150.99,-33.39,2019,2,"061119",59.5
150.99,-33.39,2019,3,"061119",163
150.99,-33.39,2019,4,"061119",NA
150.99,-33.39,2019,5,"061119",NA
150.99,-33.39,2019,6,"061119",NA
150.99,-33.39,2019,7,"061119",NA
150.99,-33.39,2019,8,"061119",NA
150.99,-33.39,2019,9,"061119",NA
150.99,-33.39,2019,10,"061119",NA
150.99,-33.39,2019,11,"061119",NA
150.99,-33.39,2019,12,"061119",NA
150.99,-33.39,2022,1,"061119",128.4
150.99,-33.39,2022,2,"061119",NA
150.99,-33.39,2022,3,"061119",NA
150.99,-33.39,2022,4,"061119",NA
150.99,-33.39,2022,5,"061119",NA
150.99,-33.39,2022,6,"061119",NA
150.99,-33.39,2022,7,"061119",NA
150.99,-33.39,2022,8,"061119",NA
150.99,-33.39,2022,9,"061119",NA
150.99,-33.39,2022,10,"061119",NA
150.99,-33.39,2022,11,"061119",NA
150.99,-33.39,2022,12,"061119",NA
