"Lon","Lat","Year","Month","Station","Rain"
149.97,-36.72,2002,1,"069089",NA
149.97,-36.72,2002,2,"069089",NA
149.97,-36.72,2002,3,"069089",NA
149.97,-36.72,2002,4,"069089",NA
149.97,-36.72,2002,5,"069089",28.4
149.97,-36.72,2002,6,"069089",12.8
149.97,-36.72,2002,7,"069089",4.6
149.97,-36.72,2002,8,"069089",4.8
149.97,-36.72,2002,9,"069089",18.4
149.97,-36.72,2002,10,"069089",22.2
149.97,-36.72,2002,11,"069089",33.8
149.97,-36.72,2002,12,"069089",8.4
149.97,-36.72,2003,1,"069089",23.6
149.97,-36.72,2003,2,"069089",83.4
149.97,-36.72,2003,3,"069089",168.8
149.97,-36.72,2003,4,"069089",125
149.97,-36.72,2003,5,"069089",NA
149.97,-36.72,2003,6,"069089",23
149.97,-36.72,2003,7,"069089",43.8
149.97,-36.72,2003,8,"069089",32.8
149.97,-36.72,2003,9,"069089",20.8
149.97,-36.72,2003,10,"069089",69.8
149.97,-36.72,2003,11,"069089",92.8
149.97,-36.72,2003,12,"069089",80.2
149.97,-36.72,2004,1,"069089",130.2
149.97,-36.72,2004,2,"069089",40.8
149.97,-36.72,2004,3,"069089",3
149.97,-36.72,2004,4,"069089",55.4
149.97,-36.72,2004,5,"069089",16
149.97,-36.72,2004,6,"069089",2
149.97,-36.72,2004,7,"069089",29.2
149.97,-36.72,2004,8,"069089",25.2
149.97,-36.72,2004,9,"069089",84.6
149.97,-36.72,2004,10,"069089",82.8
149.97,-36.72,2004,11,"069089",77.4
149.97,-36.72,2004,12,"069089",142
149.97,-36.72,2005,1,"069089",71.8
149.97,-36.72,2005,2,"069089",85.8
149.97,-36.72,2005,3,"069089",66.4
149.97,-36.72,2005,4,"069089",14.2
149.97,-36.72,2005,5,"069089",18
149.97,-36.72,2005,6,"069089",83
149.97,-36.72,2005,7,"069089",186.8
149.97,-36.72,2005,8,"069089",9.4
149.97,-36.72,2005,9,"069089",77
149.97,-36.72,2005,10,"069089",89.4
149.97,-36.72,2005,11,"069089",81.2
149.97,-36.72,2005,12,"069089",19.8
149.97,-36.72,2006,1,"069089",39.2
149.97,-36.72,2006,2,"069089",5.6
149.97,-36.72,2006,3,"069089",31.8
149.97,-36.72,2006,4,"069089",25.2
149.97,-36.72,2006,5,"069089",150.6
149.97,-36.72,2006,6,"069089",110.2
149.97,-36.72,2006,7,"069089",86.2
149.97,-36.72,2006,8,"069089",30.8
149.97,-36.72,2006,9,"069089",57
149.97,-36.72,2006,10,"069089",7.2
149.97,-36.72,2006,11,"069089",64.8
149.97,-36.72,2006,12,"069089",51.8
149.97,-36.72,2007,1,"069089",32.2
149.97,-36.72,2007,2,"069089",170.6
149.97,-36.72,2007,3,"069089",58.2
149.97,-36.72,2007,4,"069089",38.8
149.97,-36.72,2007,5,"069089",20.8
149.97,-36.72,2007,6,"069089",218.4
149.97,-36.72,2007,7,"069089",32.2
149.97,-36.72,2007,8,"069089",30.4
149.97,-36.72,2007,9,"069089",17.6
149.97,-36.72,2007,10,"069089",27.2
149.97,-36.72,2007,11,"069089",117.4
149.97,-36.72,2007,12,"069089",45.2
149.97,-36.72,2008,1,"069089",104.6
149.97,-36.72,2008,2,"069089",203.4
149.97,-36.72,2008,3,"069089",21.6
149.97,-36.72,2008,4,"069089",17.6
149.97,-36.72,2008,5,"069089",4.8
149.97,-36.72,2008,6,"069089",50.4
149.97,-36.72,2008,7,"069089",14.4
149.97,-36.72,2008,8,"069089",88.8
149.97,-36.72,2008,9,"069089",11.8
149.97,-36.72,2008,10,"069089",25.6
149.97,-36.72,2008,11,"069089",86
149.97,-36.72,2008,12,"069089",45.6
149.97,-36.72,2009,1,"069089",10.8
149.97,-36.72,2009,2,"069089",64.6
149.97,-36.72,2009,3,"069089",21.6
149.97,-36.72,2009,4,"069089",75.4
149.97,-36.72,2009,5,"069089",20.2
149.97,-36.72,2009,6,"069089",61.2
149.97,-36.72,2009,7,"069089",3.6
149.97,-36.72,2009,8,"069089",5.2
149.97,-36.72,2009,9,"069089",31.8
149.97,-36.72,2009,10,"069089",82.8
149.97,-36.72,2009,11,"069089",NA
149.97,-36.72,2009,12,"069089",22
149.97,-36.72,2010,1,"069089",33.6
149.97,-36.72,2010,2,"069089",481.2
149.97,-36.72,2010,3,"069089",42.2
149.97,-36.72,2010,4,"069089",5.8
149.97,-36.72,2010,5,"069089",150.4
149.97,-36.72,2010,6,"069089",13.4
149.97,-36.72,2010,7,"069089",27.8
149.97,-36.72,2010,8,"069089",24.6
149.97,-36.72,2010,9,"069089",27.4
149.97,-36.72,2010,10,"069089",65.8
149.97,-36.72,2010,11,"069089",87.6
149.97,-36.72,2010,12,"069089",200.8
149.97,-36.72,2011,1,"069089",34.6
149.97,-36.72,2011,2,"069089",89.2
149.97,-36.72,2011,3,"069089",138.6
149.97,-36.72,2011,4,"069089",59.6
149.97,-36.72,2011,5,"069089",40
149.97,-36.72,2011,6,"069089",33.6
149.97,-36.72,2011,7,"069089",75
149.97,-36.72,2011,8,"069089",120
149.97,-36.72,2011,9,"069089",12.4
149.97,-36.72,2011,10,"069089",54
149.97,-36.72,2011,11,"069089",116.4
149.97,-36.72,2011,12,"069089",24
149.97,-36.72,2012,1,"069089",34.2
149.97,-36.72,2012,2,"069089",168
149.97,-36.72,2012,3,"069089",372.2
149.97,-36.72,2012,4,"069089",95.8
149.97,-36.72,2012,5,"069089",20.8
149.97,-36.72,2012,6,"069089",108.8
149.97,-36.72,2012,7,"069089",5.2
149.97,-36.72,2012,8,"069089",20.2
149.97,-36.72,2012,9,"069089",33
149.97,-36.72,2012,10,"069089",111.2
149.97,-36.72,2012,11,"069089",60.6
149.97,-36.72,2012,12,"069089",32
149.97,-36.72,2013,1,"069089",62
149.97,-36.72,2013,2,"069089",81
149.97,-36.72,2013,3,"069089",24.4
149.97,-36.72,2013,4,"069089",86.4
149.97,-36.72,2013,5,"069089",52.4
149.97,-36.72,2013,6,"069089",130
149.97,-36.72,2013,7,"069089",9.2
149.97,-36.72,2013,8,"069089",9.8
149.97,-36.72,2013,9,"069089",63.6
149.97,-36.72,2013,10,"069089",30.4
149.97,-36.72,2013,11,"069089",124
149.97,-36.72,2013,12,"069089",54.8
149.97,-36.72,2014,1,"069089",13.2
149.97,-36.72,2014,2,"069089",22.4
149.97,-36.72,2014,3,"069089",202.4
149.97,-36.72,2014,4,"069089",129.4
149.97,-36.72,2014,5,"069089",33
149.97,-36.72,2014,6,"069089",133.2
149.97,-36.72,2014,7,"069089",5.4
149.97,-36.72,2014,8,"069089",105.2
149.97,-36.72,2014,9,"069089",35.4
149.97,-36.72,2014,10,"069089",118.2
149.97,-36.72,2014,11,"069089",29.4
149.97,-36.72,2014,12,"069089",203
