"Lon","Lat","Year","Month","Station","Rain"
146.17,-35.56,1886,1,"074088",NA
146.17,-35.56,1886,2,"074088",7.1
146.17,-35.56,1886,3,"074088",0
146.17,-35.56,1886,4,"074088",64.8
146.17,-35.56,1886,5,"074088",86.8
146.17,-35.56,1886,6,"074088",28.7
146.17,-35.56,1886,7,"074088",39
146.17,-35.56,1886,8,"074088",113.7
146.17,-35.56,1886,9,"074088",18.8
146.17,-35.56,1886,10,"074088",48.1
146.17,-35.56,1886,11,"074088",120.9
146.17,-35.56,1886,12,"074088",153.1
146.17,-35.56,1887,1,"074088",190.5
146.17,-35.56,1887,2,"074088",35.7
146.17,-35.56,1887,3,"074088",146
146.17,-35.56,1887,4,"074088",21.3
146.17,-35.56,1887,5,"074088",21.1
146.17,-35.56,1887,6,"074088",41.4
146.17,-35.56,1887,7,"074088",43.2
146.17,-35.56,1887,8,"074088",96.8
146.17,-35.56,1887,9,"074088",20.2
146.17,-35.56,1887,10,"074088",51.3
146.17,-35.56,1887,11,"074088",70.7
146.17,-35.56,1887,12,"074088",93.2
146.17,-35.56,1888,1,"074088",20.3
146.17,-35.56,1888,2,"074088",90.1
146.17,-35.56,1888,3,"074088",5.1
146.17,-35.56,1888,4,"074088",3.8
146.17,-35.56,1888,5,"074088",43.2
146.17,-35.56,1888,6,"074088",2.5
146.17,-35.56,1888,7,"074088",10.2
146.17,-35.56,1888,8,"074088",10.2
146.17,-35.56,1888,9,"074088",38
146.17,-35.56,1888,10,"074088",19.8
146.17,-35.56,1888,11,"074088",3
146.17,-35.56,1888,12,"074088",51.7
146.17,-35.56,1889,1,"074088",30.5
146.17,-35.56,1889,2,"074088",24.1
146.17,-35.56,1889,3,"074088",3.3
146.17,-35.56,1889,4,"074088",140.6
146.17,-35.56,1889,5,"074088",76.4
146.17,-35.56,1889,6,"074088",65.8
146.17,-35.56,1889,7,"074088",12
146.17,-35.56,1889,8,"074088",51.6
146.17,-35.56,1889,9,"074088",33.8
146.17,-35.56,1889,10,"074088",78.3
146.17,-35.56,1889,11,"074088",23.9
146.17,-35.56,1889,12,"074088",211.2
146.17,-35.56,1890,1,"074088",39
146.17,-35.56,1890,2,"074088",154.9
146.17,-35.56,1890,3,"074088",158.4
146.17,-35.56,1890,4,"074088",84.1
146.17,-35.56,1890,5,"074088",139.1
146.17,-35.56,1890,6,"074088",39.7
146.17,-35.56,1890,7,"074088",53.8
146.17,-35.56,1890,8,"074088",26.6
146.17,-35.56,1890,9,"074088",79.1
146.17,-35.56,1890,10,"074088",27.1
146.17,-35.56,1890,11,"074088",15.7
146.17,-35.56,1890,12,"074088",39.2
146.17,-35.56,1891,1,"074088",185.1
146.17,-35.56,1891,2,"074088",12.2
146.17,-35.56,1891,3,"074088",29.9
146.17,-35.56,1891,4,"074088",64.3
146.17,-35.56,1891,5,"074088",95
146.17,-35.56,1891,6,"074088",79.4
146.17,-35.56,1891,7,"074088",89.3
146.17,-35.56,1891,8,"074088",57
146.17,-35.56,1891,9,"074088",76.4
146.17,-35.56,1891,10,"074088",63.8
146.17,-35.56,1891,11,"074088",43.3
146.17,-35.56,1891,12,"074088",24.4
146.17,-35.56,1925,1,"074088",NA
146.17,-35.56,1925,2,"074088",NA
146.17,-35.56,1925,3,"074088",NA
146.17,-35.56,1925,4,"074088",NA
146.17,-35.56,1925,5,"074088",NA
146.17,-35.56,1925,6,"074088",62.5
146.17,-35.56,1925,7,"074088",34.1
146.17,-35.56,1925,8,"074088",28.5
146.17,-35.56,1925,9,"074088",25.7
146.17,-35.56,1925,10,"074088",13.1
146.17,-35.56,1925,11,"074088",6.4
146.17,-35.56,1925,12,"074088",0
146.17,-35.56,1926,1,"074088",19.8
146.17,-35.56,1926,2,"074088",0
146.17,-35.56,1926,3,"074088",42.9
146.17,-35.56,1926,4,"074088",105
146.17,-35.56,1926,5,"074088",63.9
146.17,-35.56,1926,6,"074088",49.8
146.17,-35.56,1926,7,"074088",33.3
146.17,-35.56,1926,8,"074088",55.3
146.17,-35.56,1926,9,"074088",57.2
146.17,-35.56,1926,10,"074088",41.4
146.17,-35.56,1926,11,"074088",4.1
146.17,-35.56,1926,12,"074088",14.2
146.17,-35.56,1927,1,"074088",25.4
146.17,-35.56,1927,2,"074088",13
146.17,-35.56,1927,3,"074088",7.2
146.17,-35.56,1927,4,"074088",0
146.17,-35.56,1927,5,"074088",37.5
146.17,-35.56,1927,6,"074088",14.2
146.17,-35.56,1927,7,"074088",37.9
146.17,-35.56,1927,8,"074088",40.4
146.17,-35.56,1927,9,"074088",27.2
146.17,-35.56,1927,10,"074088",69
146.17,-35.56,1927,11,"074088",14.7
146.17,-35.56,1927,12,"074088",9.1
146.17,-35.56,1928,1,"074088",65.5
146.17,-35.56,1928,2,"074088",72.4
146.17,-35.56,1928,3,"074088",78.8
146.17,-35.56,1928,4,"074088",27.5
146.17,-35.56,1928,5,"074088",30.1
146.17,-35.56,1928,6,"074088",31.8
146.17,-35.56,1928,7,"074088",25.9
146.17,-35.56,1928,8,"074088",10.9
146.17,-35.56,1928,9,"074088",14.7
146.17,-35.56,1928,10,"074088",38.7
146.17,-35.56,1928,11,"074088",0
146.17,-35.56,1928,12,"074088",4.3
146.17,-35.56,1929,1,"074088",7.9
146.17,-35.56,1929,2,"074088",43.3
146.17,-35.56,1929,3,"074088",32
146.17,-35.56,1929,4,"074088",74.8
146.17,-35.56,1929,5,"074088",17.1
146.17,-35.56,1929,6,"074088",20.5
146.17,-35.56,1929,7,"074088",8.2
146.17,-35.56,1929,8,"074088",48.1
146.17,-35.56,1929,9,"074088",79.5
146.17,-35.56,1929,10,"074088",25.7
146.17,-35.56,1929,11,"074088",23.6
146.17,-35.56,1929,12,"074088",43
146.17,-35.56,1930,1,"074088",4.3
146.17,-35.56,1930,2,"074088",2.3
146.17,-35.56,1930,3,"074088",2.8
146.17,-35.56,1930,4,"074088",18.5
146.17,-35.56,1930,5,"074088",32.3
146.17,-35.56,1930,6,"074088",26
146.17,-35.56,1930,7,"074088",30.7
146.17,-35.56,1930,8,"074088",57.8
146.17,-35.56,1930,9,"074088",8.1
146.17,-35.56,1930,10,"074088",71.9
146.17,-35.56,1930,11,"074088",29.3
146.17,-35.56,1930,12,"074088",173.8
146.17,-35.56,1931,1,"074088",8.9
146.17,-35.56,1931,2,"074088",19.3
146.17,-35.56,1931,3,"074088",123.7
146.17,-35.56,1931,4,"074088",55.7
146.17,-35.56,1931,5,"074088",99.2
146.17,-35.56,1931,6,"074088",160.7
146.17,-35.56,1931,7,"074088",38.3
146.17,-35.56,1931,8,"074088",25
146.17,-35.56,1931,9,"074088",35.1
146.17,-35.56,1931,10,"074088",34.3
146.17,-35.56,1931,11,"074088",45
146.17,-35.56,1931,12,"074088",0
146.17,-35.56,1932,1,"074088",0
146.17,-35.56,1932,2,"074088",16
146.17,-35.56,1932,3,"074088",61.6
146.17,-35.56,1932,4,"074088",90.2
146.17,-35.56,1932,5,"074088",4.6
146.17,-35.56,1932,6,"074088",57.1
146.17,-35.56,1932,7,"074088",43.7
146.17,-35.56,1932,8,"074088",80.6
146.17,-35.56,1932,9,"074088",36.6
146.17,-35.56,1932,10,"074088",23.2
146.17,-35.56,1932,11,"074088",29.5
146.17,-35.56,1932,12,"074088",8.1
146.17,-35.56,1933,1,"074088",129.3
146.17,-35.56,1933,2,"074088",0
146.17,-35.56,1933,3,"074088",13.7
146.17,-35.56,1933,4,"074088",21.4
146.17,-35.56,1933,5,"074088",35.5
146.17,-35.56,1933,6,"074088",43.8
146.17,-35.56,1933,7,"074088",28.4
146.17,-35.56,1933,8,"074088",28.8
146.17,-35.56,1933,9,"074088",76.5
146.17,-35.56,1933,10,"074088",29.9
146.17,-35.56,1933,11,"074088",65
146.17,-35.56,1933,12,"074088",124.4
146.17,-35.56,1934,1,"074088",84.6
146.17,-35.56,1934,2,"074088",70.6
146.17,-35.56,1934,3,"074088",11.2
146.17,-35.56,1934,4,"074088",51.1
146.17,-35.56,1934,5,"074088",1
146.17,-35.56,1934,6,"074088",34
146.17,-35.56,1934,7,"074088",53.3
146.17,-35.56,1934,8,"074088",96.4
146.17,-35.56,1934,9,"074088",25.6
146.17,-35.56,1934,10,"074088",117
146.17,-35.56,1934,11,"074088",56.1
146.17,-35.56,1934,12,"074088",18.8
146.17,-35.56,1935,1,"074088",38.8
146.17,-35.56,1935,2,"074088",31.8
146.17,-35.56,1935,3,"074088",18.5
146.17,-35.56,1935,4,"074088",88.8
146.17,-35.56,1935,5,"074088",6.8
146.17,-35.56,1935,6,"074088",29
146.17,-35.56,1935,7,"074088",59.6
146.17,-35.56,1935,8,"074088",35.1
146.17,-35.56,1935,9,"074088",60.2
146.17,-35.56,1935,10,"074088",104.7
146.17,-35.56,1935,11,"074088",2.3
146.17,-35.56,1935,12,"074088",29.7
146.17,-35.56,1936,1,"074088",46.1
146.17,-35.56,1936,2,"074088",26.4
146.17,-35.56,1936,3,"074088",26.4
146.17,-35.56,1936,4,"074088",28.4
146.17,-35.56,1936,5,"074088",7.5
146.17,-35.56,1936,6,"074088",108.8
146.17,-35.56,1936,7,"074088",75
146.17,-35.56,1936,8,"074088",40.4
146.17,-35.56,1936,9,"074088",14.9
146.17,-35.56,1936,10,"074088",25.1
146.17,-35.56,1936,11,"074088",7.8
146.17,-35.56,1936,12,"074088",86
146.17,-35.56,1937,1,"074088",79.3
146.17,-35.56,1937,2,"074088",2.3
146.17,-35.56,1937,3,"074088",14.5
146.17,-35.56,1937,4,"074088",8.9
146.17,-35.56,1937,5,"074088",24.9
146.17,-35.56,1937,6,"074088",31.7
146.17,-35.56,1937,7,"074088",15
146.17,-35.56,1937,8,"074088",51.4
146.17,-35.56,1937,9,"074088",25.3
146.17,-35.56,1937,10,"074088",62.5
146.17,-35.56,1937,11,"074088",26.2
146.17,-35.56,1937,12,"074088",14.5
146.17,-35.56,1938,1,"074088",11
146.17,-35.56,1938,2,"074088",15.5
146.17,-35.56,1938,3,"074088",0
146.17,-35.56,1938,4,"074088",15.5
146.17,-35.56,1938,5,"074088",14
146.17,-35.56,1938,6,"074088",43.4
146.17,-35.56,1938,7,"074088",31.5
146.17,-35.56,1938,8,"074088",54.1
146.17,-35.56,1938,9,"074088",7.6
146.17,-35.56,1938,10,"074088",5.6
146.17,-35.56,1938,11,"074088",1.5
146.17,-35.56,1938,12,"074088",0
146.17,-35.56,1939,1,"074088",0
146.17,-35.56,1939,2,"074088",68.1
146.17,-35.56,1939,3,"074088",173.6
146.17,-35.56,1939,4,"074088",81.3
146.17,-35.56,1939,5,"074088",21.3
146.17,-35.56,1939,6,"074088",86
146.17,-35.56,1939,7,"074088",29.5
146.17,-35.56,1939,8,"074088",113
146.17,-35.56,1939,9,"074088",21
146.17,-35.56,1939,10,"074088",54.2
146.17,-35.56,1939,11,"074088",61.5
146.17,-35.56,1939,12,"074088",3.6
146.17,-35.56,1940,1,"074088",0
146.17,-35.56,1940,2,"074088",7.1
146.17,-35.56,1940,3,"074088",0
146.17,-35.56,1940,4,"074088",53.1
146.17,-35.56,1940,5,"074088",31.5
146.17,-35.56,1940,6,"074088",6.6
146.17,-35.56,1940,7,"074088",17.2
146.17,-35.56,1940,8,"074088",18.3
146.17,-35.56,1940,9,"074088",35.8
146.17,-35.56,1940,10,"074088",1.5
146.17,-35.56,1940,11,"074088",14
146.17,-35.56,1940,12,"074088",34.2
146.17,-35.56,1941,1,"074088",65
146.17,-35.56,1941,2,"074088",26.6
146.17,-35.56,1941,3,"074088",66.1
146.17,-35.56,1941,4,"074088",7.4
146.17,-35.56,1941,5,"074088",1.6
146.17,-35.56,1941,6,"074088",39.9
146.17,-35.56,1941,7,"074088",43.5
146.17,-35.56,1941,8,"074088",15
146.17,-35.56,1941,9,"074088",24.2
146.17,-35.56,1941,10,"074088",19.3
146.17,-35.56,1941,11,"074088",27.2
146.17,-35.56,1941,12,"074088",6.2
146.17,-35.56,1942,1,"074088",18.8
146.17,-35.56,1942,2,"074088",58.7
146.17,-35.56,1942,3,"074088",23.1
146.17,-35.56,1942,4,"074088",23.1
146.17,-35.56,1942,5,"074088",94
146.17,-35.56,1942,6,"074088",56.4
146.17,-35.56,1942,7,"074088",22.8
146.17,-35.56,1942,8,"074088",56.7
146.17,-35.56,1942,9,"074088",40.1
146.17,-35.56,1942,10,"074088",49.1
146.17,-35.56,1942,11,"074088",26.2
146.17,-35.56,1942,12,"074088",5.8
146.17,-35.56,1943,1,"074088",75.3
146.17,-35.56,1943,2,"074088",32.7
146.17,-35.56,1943,3,"074088",4.1
146.17,-35.56,1943,4,"074088",26.1
146.17,-35.56,1943,5,"074088",21.3
146.17,-35.56,1943,6,"074088",20.1
146.17,-35.56,1943,7,"074088",34.4
146.17,-35.56,1943,8,"074088",33.8
146.17,-35.56,1943,9,"074088",49.3
146.17,-35.56,1943,10,"074088",38.6
146.17,-35.56,1943,11,"074088",0
146.17,-35.56,1943,12,"074088",0
146.17,-35.56,1944,1,"074088",0
146.17,-35.56,1944,2,"074088",0
146.17,-35.56,1944,3,"074088",7.9
146.17,-35.56,1944,4,"074088",42.9
146.17,-35.56,1944,5,"074088",43.1
146.17,-35.56,1944,6,"074088",8.4
146.17,-35.56,1944,7,"074088",20.9
146.17,-35.56,1944,8,"074088",0
146.17,-35.56,1944,9,"074088",4.5
146.17,-35.56,1944,10,"074088",58.7
146.17,-35.56,1944,11,"074088",16.9
146.17,-35.56,1944,12,"074088",35.5
146.17,-35.56,1945,1,"074088",32.5
146.17,-35.56,1945,2,"074088",6.6
146.17,-35.56,1945,3,"074088",0
146.17,-35.56,1945,4,"074088",4.8
146.17,-35.56,1945,5,"074088",3.8
146.17,-35.56,1945,6,"074088",60.7
146.17,-35.56,1945,7,"074088",38.9
146.17,-35.56,1945,8,"074088",0
146.17,-35.56,1945,9,"074088",4
146.17,-35.56,1945,10,"074088",70.6
146.17,-35.56,1945,11,"074088",38.9
146.17,-35.56,1945,12,"074088",7.9
146.17,-35.56,1946,1,"074088",53.1
146.17,-35.56,1946,2,"074088",75.3
146.17,-35.56,1946,3,"074088",33.8
146.17,-35.56,1946,4,"074088",14.7
146.17,-35.56,1946,5,"074088",19.1
146.17,-35.56,1946,6,"074088",16.5
146.17,-35.56,1946,7,"074088",76.5
146.17,-35.56,1946,8,"074088",23.3
146.17,-35.56,1946,9,"074088",2.5
146.17,-35.56,1946,10,"074088",7.3
146.17,-35.56,1946,11,"074088",78.8
146.17,-35.56,1946,12,"074088",5.1
146.17,-35.56,1947,1,"074088",4.1
146.17,-35.56,1947,2,"074088",32.8
146.17,-35.56,1947,3,"074088",59.4
146.17,-35.56,1947,4,"074088",12.1
146.17,-35.56,1947,5,"074088",6.4
146.17,-35.56,1947,6,"074088",33.3
146.17,-35.56,1947,7,"074088",61.5
146.17,-35.56,1947,8,"074088",39.4
146.17,-35.56,1947,9,"074088",40.4
146.17,-35.56,1947,10,"074088",41.1
146.17,-35.56,1947,11,"074088",32.5
146.17,-35.56,1947,12,"074088",96.6
146.17,-35.56,1948,1,"074088",13.7
146.17,-35.56,1948,2,"074088",66.6
146.17,-35.56,1948,3,"074088",0
146.17,-35.56,1948,4,"074088",30
146.17,-35.56,1948,5,"074088",31
146.17,-35.56,1948,6,"074088",46
146.17,-35.56,1948,7,"074088",14.7
146.17,-35.56,1948,8,"074088",13.4
146.17,-35.56,1948,9,"074088",42.9
146.17,-35.56,1948,10,"074088",35.9
146.17,-35.56,1948,11,"074088",41.4
146.17,-35.56,1948,12,"074088",34.4
146.17,-35.56,1949,1,"074088",24.1
146.17,-35.56,1949,2,"074088",32.3
146.17,-35.56,1949,3,"074088",77.2
146.17,-35.56,1949,4,"074088",15.7
146.17,-35.56,1949,5,"074088",41.1
146.17,-35.56,1949,6,"074088",10.4
146.17,-35.56,1949,7,"074088",24.2
146.17,-35.56,1949,8,"074088",11.2
146.17,-35.56,1949,9,"074088",36.3
146.17,-35.56,1949,10,"074088",97.5
146.17,-35.56,1949,11,"074088",41.4
146.17,-35.56,1949,12,"074088",4.9
146.17,-35.56,1950,1,"074088",4
146.17,-35.56,1950,2,"074088",91.9
146.17,-35.56,1950,3,"074088",153
146.17,-35.56,1950,4,"074088",3.6
146.17,-35.56,1950,5,"074088",34.6
146.17,-35.56,1950,6,"074088",31.7
146.17,-35.56,1950,7,"074088",25.4
146.17,-35.56,1950,8,"074088",21.4
146.17,-35.56,1950,9,"074088",28.1
146.17,-35.56,1950,10,"074088",51.5
146.17,-35.56,1950,11,"074088",38.8
146.17,-35.56,1950,12,"074088",18
146.17,-35.56,1951,1,"074088",14
146.17,-35.56,1951,2,"074088",84.3
146.17,-35.56,1951,3,"074088",0
146.17,-35.56,1951,4,"074088",29
146.17,-35.56,1951,5,"074088",53.6
146.17,-35.56,1951,6,"074088",73.9
146.17,-35.56,1951,7,"074088",59
146.17,-35.56,1951,8,"074088",40.5
146.17,-35.56,1951,9,"074088",70
146.17,-35.56,1951,10,"074088",48.9
146.17,-35.56,1951,11,"074088",24.2
146.17,-35.56,1951,12,"074088",9.7
146.17,-35.56,1952,1,"074088",0.3
146.17,-35.56,1952,2,"074088",1.5
146.17,-35.56,1952,3,"074088",35.4
146.17,-35.56,1952,4,"074088",139.4
146.17,-35.56,1952,5,"074088",110.1
146.17,-35.56,1952,6,"074088",79.8
146.17,-35.56,1952,7,"074088",42.6
146.17,-35.56,1952,8,"074088",22.6
146.17,-35.56,1952,9,"074088",44.7
146.17,-35.56,1952,10,"074088",89.6
146.17,-35.56,1952,11,"074088",42.6
146.17,-35.56,1952,12,"074088",39.5
146.17,-35.56,1953,1,"074088",16.5
146.17,-35.56,1953,2,"074088",8.1
146.17,-35.56,1953,3,"074088",0
146.17,-35.56,1953,4,"074088",25.6
146.17,-35.56,1953,5,"074088",24.6
146.17,-35.56,1953,6,"074088",41.6
146.17,-35.56,1953,7,"074088",26.9
146.17,-35.56,1953,8,"074088",73.3
146.17,-35.56,1953,9,"074088",72.4
146.17,-35.56,1953,10,"074088",58.4
146.17,-35.56,1953,11,"074088",26.5
146.17,-35.56,1953,12,"074088",10.6
146.17,-35.56,1954,1,"074088",175
146.17,-35.56,1954,2,"074088",23.9
146.17,-35.56,1954,3,"074088",1.3
146.17,-35.56,1954,4,"074088",27.4
146.17,-35.56,1954,5,"074088",17.4
146.17,-35.56,1954,6,"074088",35.4
146.17,-35.56,1954,7,"074088",14.7
146.17,-35.56,1954,8,"074088",32
146.17,-35.56,1954,9,"074088",23.7
146.17,-35.56,1954,10,"074088",28.2
146.17,-35.56,1954,11,"074088",97.2
146.17,-35.56,1954,12,"074088",61.6
146.17,-35.56,1955,1,"074088",0
146.17,-35.56,1955,2,"074088",93.4
146.17,-35.56,1955,3,"074088",54.4
146.17,-35.56,1955,4,"074088",5.8
146.17,-35.56,1955,5,"074088",70.7
146.17,-35.56,1955,6,"074088",40.4
146.17,-35.56,1955,7,"074088",59.3
146.17,-35.56,1955,8,"074088",53
146.17,-35.56,1955,9,"074088",55.7
146.17,-35.56,1955,10,"074088",133.5
146.17,-35.56,1955,11,"074088",23.2
146.17,-35.56,1955,12,"074088",50.5
146.17,-35.56,1956,1,"074088",84
146.17,-35.56,1956,2,"074088",33.6
146.17,-35.56,1956,3,"074088",138.8
146.17,-35.56,1956,4,"074088",41
146.17,-35.56,1956,5,"074088",134.6
146.17,-35.56,1956,6,"074088",102.2
146.17,-35.56,1956,7,"074088",116.1
146.17,-35.56,1956,8,"074088",33.1
146.17,-35.56,1956,9,"074088",46.1
146.17,-35.56,1956,10,"074088",126.8
146.17,-35.56,1956,11,"074088",15.5
146.17,-35.56,1956,12,"074088",25.2
146.17,-35.56,1957,1,"074088",0
146.17,-35.56,1957,2,"074088",33.3
146.17,-35.56,1957,3,"074088",42.9
146.17,-35.56,1957,4,"074088",12
146.17,-35.56,1957,5,"074088",6.6
146.17,-35.56,1957,6,"074088",99.7
146.17,-35.56,1957,7,"074088",74
146.17,-35.56,1957,8,"074088",6.9
146.17,-35.56,1957,9,"074088",14.7
146.17,-35.56,1957,10,"074088",33.8
146.17,-35.56,1957,11,"074088",29.7
146.17,-35.56,1957,12,"074088",59.4
146.17,-35.56,1958,1,"074088",17
146.17,-35.56,1958,2,"074088",16.2
146.17,-35.56,1958,3,"074088",25.8
146.17,-35.56,1958,4,"074088",14.4
146.17,-35.56,1958,5,"074088",74.9
146.17,-35.56,1958,6,"074088",10.7
146.17,-35.56,1958,7,"074088",61.3
146.17,-35.56,1958,8,"074088",58.2
146.17,-35.56,1958,9,"074088",41
146.17,-35.56,1958,10,"074088",65.8
146.17,-35.56,1958,11,"074088",33.8
146.17,-35.56,1958,12,"074088",35.6
146.17,-35.56,1959,1,"074088",26.7
146.17,-35.56,1959,2,"074088",39.8
146.17,-35.56,1959,3,"074088",36.1
146.17,-35.56,1959,4,"074088",8.3
146.17,-35.56,1959,5,"074088",19.1
146.17,-35.56,1959,6,"074088",25.6
146.17,-35.56,1959,7,"074088",12.9
146.17,-35.56,1959,8,"074088",20.3
146.17,-35.56,1959,9,"074088",35.3
146.17,-35.56,1959,10,"074088",80.9
146.17,-35.56,1959,11,"074088",4
146.17,-35.56,1959,12,"074088",25.2
146.17,-35.56,1960,1,"074088",56.7
146.17,-35.56,1960,2,"074088",10
146.17,-35.56,1960,3,"074088",22.1
146.17,-35.56,1960,4,"074088",24.7
146.17,-35.56,1960,5,"074088",91.2
146.17,-35.56,1960,6,"074088",9.7
146.17,-35.56,1960,7,"074088",95.2
146.17,-35.56,1960,8,"074088",54.9
146.17,-35.56,1960,9,"074088",121.1
146.17,-35.56,1960,10,"074088",13.5
146.17,-35.56,1960,11,"074088",23.7
146.17,-35.56,1960,12,"074088",78.7
146.17,-35.56,1961,1,"074088",11.5
146.17,-35.56,1961,2,"074088",2.5
146.17,-35.56,1961,3,"074088",47.4
146.17,-35.56,1961,4,"074088",37.7
146.17,-35.56,1961,5,"074088",6.4
146.17,-35.56,1961,6,"074088",45.9
146.17,-35.56,1961,7,"074088",58.3
146.17,-35.56,1961,8,"074088",68.1
146.17,-35.56,1961,9,"074088",15.9
146.17,-35.56,1961,10,"074088",18.8
146.17,-35.56,1961,11,"074088",57.6
146.17,-35.56,1961,12,"074088",21.8
146.17,-35.56,1962,1,"074088",60.8
146.17,-35.56,1962,2,"074088",5.3
146.17,-35.56,1962,3,"074088",28.2
146.17,-35.56,1962,4,"074088",27.4
146.17,-35.56,1962,5,"074088",71.1
146.17,-35.56,1962,6,"074088",33.2
146.17,-35.56,1962,7,"074088",18
146.17,-35.56,1962,8,"074088",92.2
146.17,-35.56,1962,9,"074088",46.8
146.17,-35.56,1962,10,"074088",30.2
146.17,-35.56,1962,11,"074088",26.7
146.17,-35.56,1962,12,"074088",88.6
146.17,-35.56,1963,1,"074088",90.4
146.17,-35.56,1963,2,"074088",13
146.17,-35.56,1963,3,"074088",26.4
146.17,-35.56,1963,4,"074088",13.4
146.17,-35.56,1963,5,"074088",104.9
146.17,-35.56,1963,6,"074088",59.1
146.17,-35.56,1963,7,"074088",57.2
146.17,-35.56,1963,8,"074088",31.4
146.17,-35.56,1963,9,"074088",55.2
146.17,-35.56,1963,10,"074088",60.2
146.17,-35.56,1963,11,"074088",21
146.17,-35.56,1963,12,"074088",14.7
146.17,-35.56,1964,1,"074088",12.2
146.17,-35.56,1964,2,"074088",25.5
146.17,-35.56,1964,3,"074088",1.8
146.17,-35.56,1964,4,"074088",58.1
146.17,-35.56,1964,5,"074088",25.2
146.17,-35.56,1964,6,"074088",24.3
146.17,-35.56,1964,7,"074088",47.6
146.17,-35.56,1964,8,"074088",20.2
146.17,-35.56,1964,9,"074088",94.3
146.17,-35.56,1964,10,"074088",50.6
146.17,-35.56,1964,11,"074088",3.3
146.17,-35.56,1964,12,"074088",32.2
146.17,-35.56,1965,1,"074088",0
146.17,-35.56,1965,2,"074088",0
146.17,-35.56,1965,3,"074088",5.1
146.17,-35.56,1965,4,"074088",10.5
146.17,-35.56,1965,5,"074088",36.2
146.17,-35.56,1965,6,"074088",15.5
146.17,-35.56,1965,7,"074088",26.8
146.17,-35.56,1965,8,"074088",64.7
146.17,-35.56,1965,9,"074088",30.7
146.17,-35.56,1965,10,"074088",80
146.17,-35.56,1965,11,"074088",39.6
146.17,-35.56,1965,12,"074088",87.9
146.17,-35.56,1966,1,"074088",13.9
146.17,-35.56,1966,2,"074088",17
146.17,-35.56,1966,3,"074088",50.6
146.17,-35.56,1966,4,"074088",6.8
146.17,-35.56,1966,5,"074088",37.6
146.17,-35.56,1966,6,"074088",14.1
146.17,-35.56,1966,7,"074088",19.1
146.17,-35.56,1966,8,"074088",39
146.17,-35.56,1966,9,"074088",67.1
146.17,-35.56,1966,10,"074088",52.4
146.17,-35.56,1966,11,"074088",69.7
146.17,-35.56,1966,12,"074088",76
146.17,-35.56,1967,1,"074088",4.4
146.17,-35.56,1967,2,"074088",2.5
146.17,-35.56,1967,3,"074088",8.4
146.17,-35.56,1967,4,"074088",3.8
146.17,-35.56,1967,5,"074088",18.1
146.17,-35.56,1967,6,"074088",62.6
146.17,-35.56,1967,7,"074088",9.2
146.17,-35.56,1967,8,"074088",46.7
146.17,-35.56,1967,9,"074088",31.7
146.17,-35.56,1967,10,"074088",24.1
146.17,-35.56,1967,11,"074088",0
146.17,-35.56,1967,12,"074088",2.1
146.17,-35.56,1968,1,"074088",29.8
146.17,-35.56,1968,2,"074088",0
146.17,-35.56,1968,3,"074088",9.9
146.17,-35.56,1968,4,"074088",34.4
146.17,-35.56,1968,5,"074088",118.5
146.17,-35.56,1968,6,"074088",34.6
146.17,-35.56,1968,7,"074088",55
146.17,-35.56,1968,8,"074088",34.1
146.17,-35.56,1968,9,"074088",7.6
146.17,-35.56,1968,10,"074088",32.7
146.17,-35.56,1968,11,"074088",20.2
146.17,-35.56,1968,12,"074088",62.7
146.17,-35.56,1969,1,"074088",8.1
146.17,-35.56,1969,2,"074088",93.9
146.17,-35.56,1969,3,"074088",53
146.17,-35.56,1969,4,"074088",100.7
146.17,-35.56,1969,5,"074088",61.7
146.17,-35.56,1969,6,"074088",19.9
146.17,-35.56,1969,7,"074088",72.2
146.17,-35.56,1969,8,"074088",21.9
146.17,-35.56,1969,9,"074088",35.5
146.17,-35.56,1969,10,"074088",12.4
146.17,-35.56,1969,11,"074088",60.4
146.17,-35.56,1969,12,"074088",18.8
146.17,-35.56,1970,1,"074088",51.6
146.17,-35.56,1970,2,"074088",19.3
146.17,-35.56,1970,3,"074088",41.7
146.17,-35.56,1970,4,"074088",65
146.17,-35.56,1970,5,"074088",9.7
146.17,-35.56,1970,6,"074088",22.7
146.17,-35.56,1970,7,"074088",9.4
146.17,-35.56,1970,8,"074088",71.9
146.17,-35.56,1970,9,"074088",111.7
146.17,-35.56,1970,10,"074088",10.1
146.17,-35.56,1970,11,"074088",47.8
146.17,-35.56,1970,12,"074088",19.3
146.17,-35.56,1971,1,"074088",8.4
146.17,-35.56,1971,2,"074088",64
146.17,-35.56,1971,3,"074088",0
146.17,-35.56,1971,4,"074088",37.9
146.17,-35.56,1971,5,"074088",21.7
146.17,-35.56,1971,6,"074088",17.3
146.17,-35.56,1971,7,"074088",37.8
146.17,-35.56,1971,8,"074088",30.8
146.17,-35.56,1971,9,"074088",14.2
146.17,-35.56,1971,10,"074088",19
146.17,-35.56,1971,11,"074088",75.4
146.17,-35.56,1971,12,"074088",64.3
146.17,-35.56,1972,1,"074088",53.2
146.17,-35.56,1972,2,"074088",50.6
146.17,-35.56,1972,3,"074088",3
146.17,-35.56,1972,4,"074088",28.6
146.17,-35.56,1972,5,"074088",7.4
146.17,-35.56,1972,6,"074088",12.5
146.17,-35.56,1972,7,"074088",15.8
146.17,-35.56,1972,8,"074088",72.3
146.17,-35.56,1972,9,"074088",6.9
146.17,-35.56,1972,10,"074088",12.2
146.17,-35.56,1972,11,"074088",32
146.17,-35.56,1972,12,"074088",0
146.17,-35.56,1973,1,"074088",50.6
146.17,-35.56,1973,2,"074088",111
146.17,-35.56,1973,3,"074088",60
146.17,-35.56,1973,4,"074088",97.1
146.17,-35.56,1973,5,"074088",32.9
146.17,-35.56,1973,6,"074088",76.2
146.17,-35.56,1973,7,"074088",35.1
146.17,-35.56,1973,8,"074088",96.5
146.17,-35.56,1973,9,"074088",31.3
146.17,-35.56,1973,10,"074088",98.9
146.17,-35.56,1973,11,"074088",31
146.17,-35.56,1973,12,"074088",22.6
146.17,-35.56,1974,1,"074088",180.9
146.17,-35.56,1974,2,"074088",21.8
146.17,-35.56,1974,3,"074088",0
146.17,-35.56,1974,4,"074088",116.4
146.17,-35.56,1974,5,"074088",105.6
146.17,-35.56,1974,6,"074088",0
146.17,-35.56,1974,7,"074088",60.2
146.17,-35.56,1974,8,"074088",55.2
146.17,-35.56,1974,9,"074088",67.8
146.17,-35.56,1974,10,"074088",69.8
146.17,-35.56,1974,11,"074088",55.6
146.17,-35.56,1974,12,"074088",7.6
146.17,-35.56,1975,1,"074088",10.8
146.17,-35.56,1975,2,"074088",20.6
146.17,-35.56,1975,3,"074088",20.6
146.17,-35.56,1975,4,"074088",14.4
146.17,-35.56,1975,5,"074088",31.8
146.17,-35.56,1975,6,"074088",9.6
146.17,-35.56,1975,7,"074088",54.6
146.17,-35.56,1975,8,"074088",48.8
146.17,-35.56,1975,9,"074088",31.4
146.17,-35.56,1975,10,"074088",119.4
146.17,-35.56,1975,11,"074088",0
146.17,-35.56,1975,12,"074088",79.8
146.17,-35.56,1976,1,"074088",12.4
146.17,-35.56,1976,2,"074088",23.6
146.17,-35.56,1976,3,"074088",5.6
146.17,-35.56,1976,4,"074088",6.4
146.17,-35.56,1976,5,"074088",0
146.17,-35.56,1976,6,"074088",2
146.17,-35.56,1976,7,"074088",21.4
146.17,-35.56,1976,8,"074088",11.2
146.17,-35.56,1976,9,"074088",29.8
146.17,-35.56,1976,10,"074088",69.6
146.17,-35.56,1976,11,"074088",45.3
146.17,-35.56,1976,12,"074088",79.8
146.17,-35.56,1977,1,"074088",10.8
146.17,-35.56,1977,2,"074088",30.4
146.17,-35.56,1977,3,"074088",36.2
146.17,-35.56,1977,4,"074088",0
146.17,-35.56,1977,5,"074088",46.7
146.17,-35.56,1977,6,"074088",38.6
146.17,-35.56,1977,7,"074088",10.2
146.17,-35.56,1977,8,"074088",0.4
146.17,-35.56,1977,9,"074088",25.6
146.17,-35.56,1977,10,"074088",9.6
146.17,-35.56,1977,11,"074088",12
146.17,-35.56,1977,12,"074088",0
146.17,-35.56,1978,1,"074088",59.9
146.17,-35.56,1978,2,"074088",0
146.17,-35.56,1978,3,"074088",40.5
146.17,-35.56,1978,4,"074088",52.2
146.17,-35.56,1978,5,"074088",98.2
146.17,-35.56,1978,6,"074088",60.2
146.17,-35.56,1978,7,"074088",57
146.17,-35.56,1978,8,"074088",25.8
146.17,-35.56,1978,9,"074088",63.3
146.17,-35.56,1978,10,"074088",38.5
146.17,-35.56,1978,11,"074088",42.7
146.17,-35.56,1978,12,"074088",89.2
146.17,-35.56,1979,1,"074088",19.6
146.17,-35.56,1979,2,"074088",5.3
146.17,-35.56,1979,3,"074088",14.1
146.17,-35.56,1979,4,"074088",29.8
146.17,-35.56,1979,5,"074088",55.7
146.17,-35.56,1979,6,"074088",45.6
146.17,-35.56,1979,7,"074088",7.2
146.17,-35.56,1979,8,"074088",38
146.17,-35.56,1979,9,"074088",60.2
146.17,-35.56,1979,10,"074088",67.4
146.17,-35.56,1979,11,"074088",26.3
146.17,-35.56,1979,12,"074088",1.2
146.17,-35.56,1980,1,"074088",52.5
146.17,-35.56,1980,2,"074088",1.6
146.17,-35.56,1980,3,"074088",24.6
146.17,-35.56,1980,4,"074088",42.6
146.17,-35.56,1980,5,"074088",10.8
146.17,-35.56,1980,6,"074088",38.1
146.17,-35.56,1980,7,"074088",31.2
146.17,-35.56,1980,8,"074088",44
146.17,-35.56,1980,9,"074088",29.6
146.17,-35.56,1980,10,"074088",39.6
146.17,-35.56,1980,11,"074088",5
146.17,-35.56,1980,12,"074088",55.8
146.17,-35.56,1981,1,"074088",28.8
146.17,-35.56,1981,2,"074088",94
146.17,-35.56,1981,3,"074088",33.2
146.17,-35.56,1981,4,"074088",4.6
146.17,-35.56,1981,5,"074088",31.8
146.17,-35.56,1981,6,"074088",97.9
146.17,-35.56,1981,7,"074088",114.2
146.17,-35.56,1981,8,"074088",58.4
146.17,-35.56,1981,9,"074088",34.9
146.17,-35.56,1981,10,"074088",27
146.17,-35.56,1981,11,"074088",20
146.17,-35.56,1981,12,"074088",22.2
146.17,-35.56,1982,1,"074088",30.1
146.17,-35.56,1982,2,"074088",0
146.17,-35.56,1982,3,"074088",64.6
146.17,-35.56,1982,4,"074088",18.4
146.17,-35.56,1982,5,"074088",19
146.17,-35.56,1982,6,"074088",34.4
146.17,-35.56,1982,7,"074088",1.5
146.17,-35.56,1982,8,"074088",1.4
146.17,-35.56,1982,9,"074088",31.2
146.17,-35.56,1982,10,"074088",1.8
146.17,-35.56,1982,11,"074088",1
146.17,-35.56,1982,12,"074088",5.2
146.17,-35.56,1983,1,"074088",24
146.17,-35.56,1983,2,"074088",10.4
146.17,-35.56,1983,3,"074088",16.7
146.17,-35.56,1983,4,"074088",55
146.17,-35.56,1983,5,"074088",83.4
146.17,-35.56,1983,6,"074088",31
146.17,-35.56,1983,7,"074088",74
146.17,-35.56,1983,8,"074088",45.6
146.17,-35.56,1983,9,"074088",37.4
146.17,-35.56,1983,10,"074088",53.2
146.17,-35.56,1983,11,"074088",19.9
146.17,-35.56,1983,12,"074088",31.5
146.17,-35.56,1984,1,"074088",100
146.17,-35.56,1984,2,"074088",18.8
146.17,-35.56,1984,3,"074088",7.6
146.17,-35.56,1984,4,"074088",21.2
146.17,-35.56,1984,5,"074088",2.4
146.17,-35.56,1984,6,"074088",1.9
146.17,-35.56,1984,7,"074088",79.8
146.17,-35.56,1984,8,"074088",66.8
146.17,-35.56,1984,9,"074088",37.5
146.17,-35.56,1984,10,"074088",33.1
146.17,-35.56,1984,11,"074088",18
146.17,-35.56,1984,12,"074088",15
146.17,-35.56,1985,1,"074088",9.8
146.17,-35.56,1985,2,"074088",5
146.17,-35.56,1985,3,"074088",70.4
146.17,-35.56,1985,4,"074088",26.9
146.17,-35.56,1985,5,"074088",42
146.17,-35.56,1985,6,"074088",36.4
146.17,-35.56,1985,7,"074088",13.2
146.17,-35.56,1985,8,"074088",75
146.17,-35.56,1985,9,"074088",35.6
146.17,-35.56,1985,10,"074088",26.7
146.17,-35.56,1985,11,"074088",58.4
146.17,-35.56,1985,12,"074088",110
146.17,-35.56,1986,1,"074088",7.2
146.17,-35.56,1986,2,"074088",7.6
146.17,-35.56,1986,3,"074088",0
146.17,-35.56,1986,4,"074088",28.4
146.17,-35.56,1986,5,"074088",28.2
146.17,-35.56,1986,6,"074088",8.4
146.17,-35.56,1986,7,"074088",117.4
146.17,-35.56,1986,8,"074088",48.8
146.17,-35.56,1986,9,"074088",71.2
146.17,-35.56,1986,10,"074088",86.3
146.17,-35.56,1986,11,"074088",33.8
146.17,-35.56,1986,12,"074088",36.4
146.17,-35.56,1987,1,"074088",0
146.17,-35.56,1987,2,"074088",34.5
146.17,-35.56,1987,3,"074088",2.6
146.17,-35.56,1987,4,"074088",11.6
146.17,-35.56,1987,5,"074088",44.3
146.17,-35.56,1987,6,"074088",69.7
146.17,-35.56,1987,7,"074088",58.8
146.17,-35.56,1987,8,"074088",45.1
146.17,-35.56,1987,9,"074088",16.4
146.17,-35.56,1987,10,"074088",13.4
146.17,-35.56,1987,11,"074088",28.4
146.17,-35.56,1987,12,"074088",14.2
146.17,-35.56,1988,1,"074088",55.8
146.17,-35.56,1988,2,"074088",4.2
146.17,-35.56,1988,3,"074088",18.3
146.17,-35.56,1988,4,"074088",23.8
146.17,-35.56,1988,5,"074088",146
146.17,-35.56,1988,6,"074088",55
146.17,-35.56,1988,7,"074088",74.1
146.17,-35.56,1988,8,"074088",7
146.17,-35.56,1988,9,"074088",52
146.17,-35.56,1988,10,"074088",12.6
146.17,-35.56,1988,11,"074088",73
146.17,-35.56,1988,12,"074088",176.3
146.17,-35.56,1991,1,"074088",50
146.17,-35.56,1991,2,"074088",0
146.17,-35.56,1991,3,"074088",0
146.17,-35.56,1991,4,"074088",22.2
146.17,-35.56,1991,5,"074088",6.5
146.17,-35.56,1991,6,"074088",109.4
146.17,-35.56,1991,7,"074088",31.7
146.17,-35.56,1991,8,"074088",34.3
146.17,-35.56,1991,9,"074088",36.4
146.17,-35.56,1991,10,"074088",3.5
146.17,-35.56,1991,11,"074088",16.2
146.17,-35.56,1991,12,"074088",67.2
146.17,-35.56,1992,1,"074088",18.4
146.17,-35.56,1992,2,"074088",16.3
146.17,-35.56,1992,3,"074088",5
146.17,-35.56,1992,4,"074088",19.3
146.17,-35.56,1992,5,"074088",47
146.17,-35.56,1992,6,"074088",21.4
146.17,-35.56,1992,7,"074088",26.5
146.17,-35.56,1992,8,"074088",87.5
146.17,-35.56,1992,9,"074088",106.1
146.17,-35.56,1992,10,"074088",122.8
146.17,-35.56,1992,11,"074088",33
146.17,-35.56,1992,12,"074088",135.2
146.17,-35.56,1993,1,"074088",36
146.17,-35.56,1993,2,"074088",29
146.17,-35.56,1993,3,"074088",33.4
146.17,-35.56,1993,4,"074088",2.4
146.17,-35.56,1993,5,"074088",25.3
146.17,-35.56,1993,6,"074088",10.5
146.17,-35.56,1993,7,"074088",72.9
146.17,-35.56,1993,8,"074088",11.8
146.17,-35.56,1993,9,"074088",79
146.17,-35.56,1993,10,"074088",64.2
146.17,-35.56,1993,11,"074088",48.6
146.17,-35.56,1993,12,"074088",89.8
146.17,-35.56,1994,1,"074088",2.9
146.17,-35.56,1994,2,"074088",75.1
146.17,-35.56,1994,3,"074088",72
146.17,-35.56,1994,4,"074088",14.3
146.17,-35.56,1994,5,"074088",1.8
146.17,-35.56,1994,6,"074088",52.4
146.17,-35.56,1994,7,"074088",2.8
146.17,-35.56,1994,8,"074088",1.4
146.17,-35.56,1994,9,"074088",17
146.17,-35.56,1994,10,"074088",49.4
146.17,-35.56,1994,11,"074088",38
146.17,-35.56,1994,12,"074088",16.8
146.17,-35.56,1995,1,"074088",139
146.17,-35.56,1995,2,"074088",12.4
146.17,-35.56,1995,3,"074088",0
146.17,-35.56,1995,4,"074088",23
146.17,-35.56,1995,5,"074088",63.6
146.17,-35.56,1995,6,"074088",50.8
146.17,-35.56,1995,7,"074088",92
146.17,-35.56,1995,8,"074088",13.8
146.17,-35.56,1995,9,"074088",13.2
146.17,-35.56,1995,10,"074088",53.8
146.17,-35.56,1995,11,"074088",136.8
146.17,-35.56,1995,12,"074088",11.6
146.17,-35.56,1996,1,"074088",55.4
146.17,-35.56,1996,2,"074088",46.8
146.17,-35.56,1996,3,"074088",34.2
146.17,-35.56,1996,4,"074088",12.6
146.17,-35.56,1996,5,"074088",16
146.17,-35.56,1996,6,"074088",59.2
146.17,-35.56,1996,7,"074088",64.8
146.17,-35.56,1996,8,"074088",52.4
146.17,-35.56,1996,9,"074088",52.6
146.17,-35.56,1996,10,"074088",31.6
146.17,-35.56,1996,11,"074088",32
146.17,-35.56,1996,12,"074088",8.4
146.17,-35.56,1997,1,"074088",13.2
146.17,-35.56,1997,2,"074088",8.4
146.17,-35.56,1997,3,"074088",18.4
146.17,-35.56,1997,4,"074088",4.6
146.17,-35.56,1997,5,"074088",44.4
146.17,-35.56,1997,6,"074088",16.4
146.17,-35.56,1997,7,"074088",10.4
146.17,-35.56,1997,8,"074088",55.8
146.17,-35.56,1997,9,"074088",34.8
146.17,-35.56,1997,10,"074088",25.8
146.17,-35.56,1997,11,"074088",25
146.17,-35.56,1997,12,"074088",19.8
146.17,-35.56,1998,1,"074088",12.4
146.17,-35.56,1998,2,"074088",24.6
146.17,-35.56,1998,3,"074088",3.2
146.17,-35.56,1998,4,"074088",64
146.17,-35.56,1998,5,"074088",3.6
146.17,-35.56,1998,6,"074088",50.8
146.17,-35.56,1998,7,"074088",48.6
146.17,-35.56,1998,8,"074088",16.6
146.17,-35.56,1998,9,"074088",67.2
146.17,-35.56,1998,10,"074088",NA
146.17,-35.56,1998,11,"074088",59.2
146.17,-35.56,1998,12,"074088",18.6
146.17,-35.56,1999,1,"074088",48.2
146.17,-35.56,1999,2,"074088",4.4
146.17,-35.56,1999,3,"074088",73.6
146.17,-35.56,1999,4,"074088",3.8
146.17,-35.56,1999,5,"074088",31
146.17,-35.56,1999,6,"074088",34.6
146.17,-35.56,1999,7,"074088",32.8
146.17,-35.56,1999,8,"074088",63.2
146.17,-35.56,1999,9,"074088",38.6
146.17,-35.56,1999,10,"074088",75.6
146.17,-35.56,1999,11,"074088",29.6
146.17,-35.56,1999,12,"074088",55.2
146.17,-35.56,2000,1,"074088",27.2
146.17,-35.56,2000,2,"074088",36.2
146.17,-35.56,2000,3,"074088",52.4
146.17,-35.56,2000,4,"074088",26
146.17,-35.56,2000,5,"074088",79.2
146.17,-35.56,2000,6,"074088",40.6
146.17,-35.56,2000,7,"074088",34.2
146.17,-35.56,2000,8,"074088",79.6
146.17,-35.56,2000,9,"074088",71.4
146.17,-35.56,2000,10,"074088",51
146.17,-35.56,2000,11,"074088",NA
146.17,-35.56,2000,12,"074088",7.6
146.17,-35.56,2001,1,"074088",41.2
146.17,-35.56,2001,2,"074088",25.4
146.17,-35.56,2001,3,"074088",36
146.17,-35.56,2001,4,"074088",35.8
146.17,-35.56,2001,5,"074088",3.6
146.17,-35.56,2001,6,"074088",25
146.17,-35.56,2001,7,"074088",46.4
146.17,-35.56,2001,8,"074088",35.4
146.17,-35.56,2001,9,"074088",27.4
146.17,-35.56,2001,10,"074088",81.2
146.17,-35.56,2001,11,"074088",6.8
146.17,-35.56,2001,12,"074088",0.4
146.17,-35.56,2002,1,"074088",10.4
146.17,-35.56,2002,2,"074088",90.2
146.17,-35.56,2002,3,"074088",33.2
146.17,-35.56,2002,4,"074088",9.6
146.17,-35.56,2002,5,"074088",13.2
146.17,-35.56,2002,6,"074088",24.2
146.17,-35.56,2002,7,"074088",8
146.17,-35.56,2002,8,"074088",17.4
146.17,-35.56,2002,9,"074088",26.6
146.17,-35.56,2002,10,"074088",4
146.17,-35.56,2002,11,"074088",NA
146.17,-35.56,2002,12,"074088",1.8
146.17,-35.56,2003,1,"074088",10
146.17,-35.56,2003,2,"074088",32.4
146.17,-35.56,2003,3,"074088",0
146.17,-35.56,2003,4,"074088",32
146.17,-35.56,2003,5,"074088",44.6
146.17,-35.56,2003,6,"074088",44.4
146.17,-35.56,2003,7,"074088",61.6
146.17,-35.56,2003,8,"074088",117.4
146.17,-35.56,2003,9,"074088",30.6
146.17,-35.56,2003,10,"074088",73.2
146.17,-35.56,2003,11,"074088",41.8
146.17,-35.56,2003,12,"074088",109.8
146.17,-35.56,2004,1,"074088",9.5
146.17,-35.56,2004,2,"074088",1.2
146.17,-35.56,2004,3,"074088",0
146.17,-35.56,2004,4,"074088",27.4
146.17,-35.56,2004,5,"074088",28.6
146.17,-35.56,2004,6,"074088",69.2
146.17,-35.56,2004,7,"074088",NA
146.17,-35.56,2004,8,"074088",61
146.17,-35.56,2004,9,"074088",30.4
146.17,-35.56,2004,10,"074088",6.4
146.17,-35.56,2004,11,"074088",48.8
146.17,-35.56,2004,12,"074088",81.2
146.17,-35.56,2005,1,"074088",39.4
146.17,-35.56,2005,2,"074088",100.8
146.17,-35.56,2005,3,"074088",7.8
146.17,-35.56,2005,4,"074088",15.2
146.17,-35.56,2005,5,"074088",6.2
146.17,-35.56,2005,6,"074088",78.8
146.17,-35.56,2005,7,"074088",29
146.17,-35.56,2005,8,"074088",69.2
146.17,-35.56,2005,9,"074088",62
146.17,-35.56,2005,10,"074088",95.6
146.17,-35.56,2005,11,"074088",63.8
146.17,-35.56,2005,12,"074088",30.2
146.17,-35.56,2006,1,"074088",NA
146.17,-35.56,2006,2,"074088",7.8
146.17,-35.56,2006,3,"074088",53.3
146.17,-35.56,2006,4,"074088",21.9
146.17,-35.56,2006,5,"074088",8
146.17,-35.56,2006,6,"074088",27.4
146.17,-35.56,2006,7,"074088",29.6
146.17,-35.56,2006,8,"074088",17
146.17,-35.56,2006,9,"074088",33
146.17,-35.56,2006,10,"074088",0.6
146.17,-35.56,2006,11,"074088",42.3
146.17,-35.56,2006,12,"074088",1.6
146.17,-35.56,2007,1,"074088",30.8
146.17,-35.56,2007,2,"074088",23
146.17,-35.56,2007,3,"074088",22.8
146.17,-35.56,2007,4,"074088",34
146.17,-35.56,2007,5,"074088",52.4
146.17,-35.56,2007,6,"074088",14.4
146.17,-35.56,2007,7,"074088",56.8
146.17,-35.56,2007,8,"074088",4.2
146.17,-35.56,2007,9,"074088",2.4
146.17,-35.56,2007,10,"074088",31.8
146.17,-35.56,2007,11,"074088",17
146.17,-35.56,2007,12,"074088",69.8
146.17,-35.56,2008,1,"074088",53.2
146.17,-35.56,2008,2,"074088",23.8
146.17,-35.56,2008,3,"074088",15.4
146.17,-35.56,2008,4,"074088",11.2
146.17,-35.56,2008,5,"074088",14.2
146.17,-35.56,2008,6,"074088",14.6
146.17,-35.56,2008,7,"074088",43.8
146.17,-35.56,2008,8,"074088",16
146.17,-35.56,2008,9,"074088",18.2
146.17,-35.56,2008,10,"074088",26
146.17,-35.56,2008,11,"074088",78.6
146.17,-35.56,2008,12,"074088",53.2
146.17,-35.56,2009,1,"074088",0
146.17,-35.56,2009,2,"074088",2.8
146.17,-35.56,2009,3,"074088",16
146.17,-35.56,2009,4,"074088",61
146.17,-35.56,2009,5,"074088",5.8
146.17,-35.56,2009,6,"074088",65.6
146.17,-35.56,2009,7,"074088",24
146.17,-35.56,2009,8,"074088",27.6
146.17,-35.56,2009,9,"074088",54.8
146.17,-35.56,2009,10,"074088",8
146.17,-35.56,2009,11,"074088",54.2
146.17,-35.56,2009,12,"074088",22
146.17,-35.56,2010,1,"074088",18.6
146.17,-35.56,2010,2,"074088",84.2
146.17,-35.56,2010,3,"074088",97.8
146.17,-35.56,2010,4,"074088",9.6
146.17,-35.56,2010,5,"074088",57.2
146.17,-35.56,2010,6,"074088",15.4
146.17,-35.56,2010,7,"074088",43.8
146.17,-35.56,2010,8,"074088",66.9
146.17,-35.56,2010,9,"074088",55.6
146.17,-35.56,2010,10,"074088",156.4
146.17,-35.56,2010,11,"074088",99.4
146.17,-35.56,2010,12,"074088",118.6
146.17,-35.56,2011,1,"074088",35
146.17,-35.56,2011,2,"074088",228.8
146.17,-35.56,2011,3,"074088",74
146.17,-35.56,2011,4,"074088",26.8
146.17,-35.56,2011,5,"074088",30
146.17,-35.56,2011,6,"074088",17.6
146.17,-35.56,2011,7,"074088",31
146.17,-35.56,2011,8,"074088",56.2
146.17,-35.56,2011,9,"074088",38.8
146.17,-35.56,2011,10,"074088",15.6
146.17,-35.56,2011,11,"074088",61.4
146.17,-35.56,2011,12,"074088",47.6
146.17,-35.56,2012,1,"074088",32.2
146.17,-35.56,2012,2,"074088",71.4
146.17,-35.56,2012,3,"074088",113.8
146.17,-35.56,2012,4,"074088",37.4
146.17,-35.56,2012,5,"074088",15
146.17,-35.56,2012,6,"074088",9.2
146.17,-35.56,2012,7,"074088",53
146.17,-35.56,2012,8,"074088",35
146.17,-35.56,2012,9,"074088",13.8
146.17,-35.56,2012,10,"074088",18.8
146.17,-35.56,2012,11,"074088",26.2
146.17,-35.56,2012,12,"074088",20.2
146.17,-35.56,2013,1,"074088",2.2
146.17,-35.56,2013,2,"074088",17.8
146.17,-35.56,2013,3,"074088",31.8
146.17,-35.56,2013,4,"074088",6
146.17,-35.56,2013,5,"074088",26.2
146.17,-35.56,2013,6,"074088",71.2
146.17,-35.56,2013,7,"074088",47
146.17,-35.56,2013,8,"074088",28.8
146.17,-35.56,2013,9,"074088",33.2
146.17,-35.56,2013,10,"074088",20.4
146.17,-35.56,2013,11,"074088",23.6
146.17,-35.56,2013,12,"074088",46.2
146.17,-35.56,2014,1,"074088",23
146.17,-35.56,2014,2,"074088",17.6
146.17,-35.56,2014,3,"074088",29.6
146.17,-35.56,2014,4,"074088",73.6
146.17,-35.56,2014,5,"074088",46.4
146.17,-35.56,2014,6,"074088",56.2
146.17,-35.56,2014,7,"074088",16.2
146.17,-35.56,2014,8,"074088",8.4
146.17,-35.56,2014,9,"074088",82.4
146.17,-35.56,2014,10,"074088",17.2
146.17,-35.56,2014,11,"074088",32.2
146.17,-35.56,2014,12,"074088",26.6
146.17,-35.56,2015,1,"074088",41.8
146.17,-35.56,2015,2,"074088",79
146.17,-35.56,2015,3,"074088",0.6
146.17,-35.56,2015,4,"074088",52.8
146.17,-35.56,2015,5,"074088",24
146.17,-35.56,2015,6,"074088",118.2
146.17,-35.56,2015,7,"074088",30.2
146.17,-35.56,2015,8,"074088",59
146.17,-35.56,2015,9,"074088",18.6
146.17,-35.56,2015,10,"074088",31
146.17,-35.56,2015,11,"074088",119.8
146.17,-35.56,2015,12,"074088",22.2
146.17,-35.56,2016,1,"074088",48.4
146.17,-35.56,2016,2,"074088",13.6
146.17,-35.56,2016,3,"074088",23.8
146.17,-35.56,2016,4,"074088",27.4
146.17,-35.56,2016,5,"074088",84.2
146.17,-35.56,2016,6,"074088",92.2
146.17,-35.56,2016,7,"074088",NA
146.17,-35.56,2016,8,"074088",NA
146.17,-35.56,2016,9,"074088",NA
146.17,-35.56,2016,10,"074088",51
146.17,-35.56,2016,11,"074088",NA
146.17,-35.56,2016,12,"074088",NA
146.17,-35.56,2017,1,"074088",NA
146.17,-35.56,2017,2,"074088",NA
146.17,-35.56,2017,3,"074088",46.7
146.17,-35.56,2017,4,"074088",50.8
146.17,-35.56,2017,5,"074088",42.6
146.17,-35.56,2017,6,"074088",2.8
146.17,-35.56,2017,7,"074088",40.8
146.17,-35.56,2017,8,"074088",45.4
146.17,-35.56,2017,9,"074088",4.6
146.17,-35.56,2017,10,"074088",53.4
146.17,-35.56,2017,11,"074088",87.4
146.17,-35.56,2017,12,"074088",56.2
146.17,-35.56,2018,1,"074088",37.4
146.17,-35.56,2018,2,"074088",2.2
146.17,-35.56,2018,3,"074088",6.4
146.17,-35.56,2018,4,"074088",5.6
146.17,-35.56,2018,5,"074088",30.6
146.17,-35.56,2018,6,"074088",27.6
146.17,-35.56,2018,7,"074088",13.4
146.17,-35.56,2018,8,"074088",18.2
146.17,-35.56,2018,9,"074088",13
146.17,-35.56,2018,10,"074088",17
146.17,-35.56,2018,11,"074088",57.5
146.17,-35.56,2018,12,"074088",22.8
146.17,-35.56,2019,1,"074088",7.8
146.17,-35.56,2019,2,"074088",20.2
146.17,-35.56,2019,3,"074088",19
146.17,-35.56,2019,4,"074088",6.8
146.17,-35.56,2019,5,"074088",76.8
146.17,-35.56,2019,6,"074088",32.6
146.17,-35.56,2019,7,"074088",28.8
146.17,-35.56,2019,8,"074088",13.4
146.17,-35.56,2019,9,"074088",12.6
146.17,-35.56,2019,10,"074088",7.6
146.17,-35.56,2019,11,"074088",16.2
146.17,-35.56,2019,12,"074088",10.4
146.17,-35.56,2020,1,"074088",24
146.17,-35.56,2020,2,"074088",61
146.17,-35.56,2020,3,"074088",76.2
146.17,-35.56,2020,4,"074088",101.2
146.17,-35.56,2020,5,"074088",31.8
146.17,-35.56,2020,6,"074088",30.4
146.17,-35.56,2020,7,"074088",34.6
146.17,-35.56,2020,8,"074088",69.8
146.17,-35.56,2020,9,"074088",25.4
146.17,-35.56,2020,10,"074088",60.8
146.17,-35.56,2020,11,"074088",12.8
146.17,-35.56,2020,12,"074088",11.6
146.17,-35.56,2021,1,"074088",33.8
146.17,-35.56,2021,2,"074088",11.8
146.17,-35.56,2021,3,"074088",79.3
146.17,-35.56,2021,4,"074088",0.6
146.17,-35.56,2021,5,"074088",20.8
146.17,-35.56,2021,6,"074088",59.6
146.17,-35.56,2021,7,"074088",45
146.17,-35.56,2021,8,"074088",22.4
146.17,-35.56,2021,9,"074088",61.6
146.17,-35.56,2021,10,"074088",21.4
146.17,-35.56,2021,11,"074088",143
146.17,-35.56,2021,12,"074088",31.4
146.17,-35.56,2022,1,"074088",97.5
146.17,-35.56,2022,2,"074088",16.7
146.17,-35.56,2022,3,"074088",NA
146.17,-35.56,2022,4,"074088",NA
146.17,-35.56,2022,5,"074088",NA
146.17,-35.56,2022,6,"074088",NA
146.17,-35.56,2022,7,"074088",NA
146.17,-35.56,2022,8,"074088",NA
146.17,-35.56,2022,9,"074088",NA
146.17,-35.56,2022,10,"074088",NA
146.17,-35.56,2022,11,"074088",NA
146.17,-35.56,2022,12,"074088",NA
