"Lon","Lat","Year","Month","Station","Rain"
116.91,-33.2,1915,1,"010598",NA
116.91,-33.2,1915,2,"010598",NA
116.91,-33.2,1915,3,"010598",NA
116.91,-33.2,1915,4,"010598",NA
116.91,-33.2,1915,5,"010598",NA
116.91,-33.2,1915,6,"010598",NA
116.91,-33.2,1915,7,"010598",NA
116.91,-33.2,1915,8,"010598",NA
116.91,-33.2,1915,9,"010598",83.2
116.91,-33.2,1915,10,"010598",56.9
116.91,-33.2,1915,11,"010598",5.3
116.91,-33.2,1915,12,"010598",1.5
116.91,-33.2,1916,1,"010598",28.2
116.91,-33.2,1916,2,"010598",28.2
116.91,-33.2,1916,3,"010598",17
116.91,-33.2,1916,4,"010598",5.6
116.91,-33.2,1916,5,"010598",48.5
116.91,-33.2,1916,6,"010598",84.3
116.91,-33.2,1916,7,"010598",108.5
116.91,-33.2,1916,8,"010598",96.5
116.91,-33.2,1916,9,"010598",6.9
116.91,-33.2,1916,10,"010598",41.7
116.91,-33.2,1916,11,"010598",49.2
116.91,-33.2,1916,12,"010598",2.3
116.91,-33.2,1917,1,"010598",4.3
116.91,-33.2,1917,2,"010598",13.2
116.91,-33.2,1917,3,"010598",18.2
116.91,-33.2,1917,4,"010598",62.3
116.91,-33.2,1917,5,"010598",57.5
116.91,-33.2,1917,6,"010598",130.8
116.91,-33.2,1917,7,"010598",161.7
116.91,-33.2,1917,8,"010598",NA
116.91,-33.2,1917,9,"010598",129.6
116.91,-33.2,1917,10,"010598",53.1
116.91,-33.2,1917,11,"010598",0
116.91,-33.2,1917,12,"010598",14
116.91,-33.2,1918,1,"010598",43.2
116.91,-33.2,1918,2,"010598",18.8
116.91,-33.2,1918,3,"010598",31.2
116.91,-33.2,1918,4,"010598",32.1
116.91,-33.2,1918,5,"010598",86.3
116.91,-33.2,1918,6,"010598",124.3
116.91,-33.2,1918,7,"010598",35.5
116.91,-33.2,1918,8,"010598",79.3
116.91,-33.2,1918,9,"010598",70.2
116.91,-33.2,1918,10,"010598",36.4
116.91,-33.2,1918,11,"010598",1.3
116.91,-33.2,1918,12,"010598",0
116.91,-33.2,1919,1,"010598",6.1
116.91,-33.2,1919,2,"010598",0
116.91,-33.2,1919,3,"010598",14.4
116.91,-33.2,1919,4,"010598",51.6
116.91,-33.2,1919,5,"010598",27.6
116.91,-33.2,1919,6,"010598",99.2
116.91,-33.2,1919,7,"010598",110.9
116.91,-33.2,1919,8,"010598",97
116.91,-33.2,1919,9,"010598",50.8
116.91,-33.2,1919,10,"010598",30.7
116.91,-33.2,1919,11,"010598",26.3
116.91,-33.2,1919,12,"010598",1.5
116.91,-33.2,1920,1,"010598",0
116.91,-33.2,1920,2,"010598",9.6
116.91,-33.2,1920,3,"010598",21.1
116.91,-33.2,1920,4,"010598",8.9
116.91,-33.2,1920,5,"010598",100.6
116.91,-33.2,1920,6,"010598",107.5
116.91,-33.2,1920,7,"010598",83
116.91,-33.2,1920,8,"010598",158.2
116.91,-33.2,1920,9,"010598",21.3
116.91,-33.2,1920,10,"010598",17.3
116.91,-33.2,1920,11,"010598",5.4
116.91,-33.2,1920,12,"010598",0
116.91,-33.2,1921,1,"010598",0
116.91,-33.2,1921,2,"010598",23.4
116.91,-33.2,1921,3,"010598",5.1
116.91,-33.2,1921,4,"010598",9.9
116.91,-33.2,1921,5,"010598",138.6
116.91,-33.2,1921,6,"010598",87.4
116.91,-33.2,1921,7,"010598",91
116.91,-33.2,1921,8,"010598",55.9
116.91,-33.2,1921,9,"010598",52.4
116.91,-33.2,1921,10,"010598",56.8
116.91,-33.2,1921,11,"010598",16.6
116.91,-33.2,1921,12,"010598",17.3
116.91,-33.2,1922,1,"010598",0
116.91,-33.2,1922,2,"010598",10.2
116.91,-33.2,1922,3,"010598",46
116.91,-33.2,1922,4,"010598",16.5
116.91,-33.2,1922,5,"010598",76.6
116.91,-33.2,1922,6,"010598",30.7
116.91,-33.2,1922,7,"010598",121.4
116.91,-33.2,1922,8,"010598",69.3
116.91,-33.2,1922,9,"010598",49.2
116.91,-33.2,1922,10,"010598",21.8
116.91,-33.2,1922,11,"010598",22.9
116.91,-33.2,1922,12,"010598",22.1
116.91,-33.2,1923,1,"010598",17
116.91,-33.2,1923,2,"010598",0
116.91,-33.2,1923,3,"010598",28.4
116.91,-33.2,1923,4,"010598",57.7
116.91,-33.2,1923,5,"010598",103.9
116.91,-33.2,1923,6,"010598",162.2
116.91,-33.2,1923,7,"010598",60
116.91,-33.2,1923,8,"010598",57.1
116.91,-33.2,1923,9,"010598",117.2
116.91,-33.2,1923,10,"010598",28.9
116.91,-33.2,1923,11,"010598",0
116.91,-33.2,1923,12,"010598",6.8
116.91,-33.2,1924,1,"010598",1.8
116.91,-33.2,1924,2,"010598",4.1
116.91,-33.2,1924,3,"010598",5.6
116.91,-33.2,1924,4,"010598",4.1
116.91,-33.2,1924,5,"010598",42
116.91,-33.2,1924,6,"010598",19.8
116.91,-33.2,1924,7,"010598",NA
116.91,-33.2,1924,8,"010598",120.4
116.91,-33.2,1924,9,"010598",28.7
116.91,-33.2,1924,10,"010598",31.4
116.91,-33.2,1924,11,"010598",5.9
116.91,-33.2,1924,12,"010598",0
116.91,-33.2,1925,1,"010598",20.6
116.91,-33.2,1925,2,"010598",12.5
116.91,-33.2,1925,3,"010598",37.5
116.91,-33.2,1925,4,"010598",14.2
116.91,-33.2,1925,5,"010598",48.3
116.91,-33.2,1925,6,"010598",66.2
116.91,-33.2,1925,7,"010598",75
116.91,-33.2,1925,8,"010598",26.7
116.91,-33.2,1925,9,"010598",50.8
116.91,-33.2,1925,10,"010598",36.7
116.91,-33.2,1925,11,"010598",2.5
116.91,-33.2,1925,12,"010598",36.8
116.91,-33.2,1926,1,"010598",0
116.91,-33.2,1926,2,"010598",6.1
116.91,-33.2,1926,3,"010598",40.5
116.91,-33.2,1926,4,"010598",103.1
116.91,-33.2,1926,5,"010598",75.1
116.91,-33.2,1926,6,"010598",107.5
116.91,-33.2,1926,7,"010598",237.2
116.91,-33.2,1926,8,"010598",41.5
116.91,-33.2,1926,9,"010598",26.6
116.91,-33.2,1926,10,"010598",35.2
116.91,-33.2,1926,11,"010598",17.3
116.91,-33.2,1926,12,"010598",2.8
116.91,-33.2,1927,1,"010598",10.4
116.91,-33.2,1927,2,"010598",0
116.91,-33.2,1927,3,"010598",88.3
116.91,-33.2,1927,4,"010598",13.5
116.91,-33.2,1927,5,"010598",58.7
116.91,-33.2,1927,6,"010598",132
116.91,-33.2,1927,7,"010598",59
116.91,-33.2,1927,8,"010598",63
116.91,-33.2,1927,9,"010598",59
116.91,-33.2,1927,10,"010598",37
116.91,-33.2,1927,11,"010598",10.4
116.91,-33.2,1927,12,"010598",3.3
116.91,-33.2,1928,1,"010598",22.1
116.91,-33.2,1928,2,"010598",0
116.91,-33.2,1928,3,"010598",0
116.91,-33.2,1928,4,"010598",33
116.91,-33.2,1928,5,"010598",62.8
116.91,-33.2,1928,6,"010598",60.7
116.91,-33.2,1928,7,"010598",154.2
116.91,-33.2,1928,8,"010598",125.3
116.91,-33.2,1928,9,"010598",67.1
116.91,-33.2,1928,10,"010598",18.7
116.91,-33.2,1928,11,"010598",1
116.91,-33.2,1928,12,"010598",7.1
116.91,-33.2,1929,1,"010598",5.8
116.91,-33.2,1929,2,"010598",22.4
116.91,-33.2,1929,3,"010598",0
116.91,-33.2,1929,4,"010598",16.3
116.91,-33.2,1929,5,"010598",163.7
116.91,-33.2,1929,6,"010598",146.3
116.91,-33.2,1929,7,"010598",61.4
116.91,-33.2,1929,8,"010598",36.6
116.91,-33.2,1929,9,"010598",36.2
116.91,-33.2,1929,10,"010598",20.5
116.91,-33.2,1929,11,"010598",47.6
116.91,-33.2,1929,12,"010598",0.8
116.91,-33.2,1930,1,"010598",0
116.91,-33.2,1930,2,"010598",7.7
116.91,-33.2,1930,3,"010598",39.9
116.91,-33.2,1930,4,"010598",24.4
116.91,-33.2,1930,5,"010598",38.4
116.91,-33.2,1930,6,"010598",138.6
116.91,-33.2,1930,7,"010598",134.1
116.91,-33.2,1930,8,"010598",38.8
116.91,-33.2,1930,9,"010598",68
116.91,-33.2,1930,10,"010598",22.6
116.91,-33.2,1930,11,"010598",6.5
116.91,-33.2,1930,12,"010598",5.9
116.91,-33.2,1931,1,"010598",0
116.91,-33.2,1931,2,"010598",0
116.91,-33.2,1931,3,"010598",20.8
116.91,-33.2,1931,4,"010598",50.6
116.91,-33.2,1931,5,"010598",86.9
116.91,-33.2,1931,6,"010598",69.9
116.91,-33.2,1931,7,"010598",78.2
116.91,-33.2,1931,8,"010598",113
116.91,-33.2,1931,9,"010598",96.9
116.91,-33.2,1931,10,"010598",13.2
116.91,-33.2,1931,11,"010598",0
116.91,-33.2,1931,12,"010598",25.6
116.91,-33.2,1932,1,"010598",30.3
116.91,-33.2,1932,2,"010598",0
116.91,-33.2,1932,3,"010598",13.3
116.91,-33.2,1932,4,"010598",27.7
116.91,-33.2,1932,5,"010598",103.3
116.91,-33.2,1932,6,"010598",81
116.91,-33.2,1932,7,"010598",134.7
116.91,-33.2,1932,8,"010598",67.6
116.91,-33.2,1932,9,"010598",35.5
116.91,-33.2,1932,10,"010598",85.6
116.91,-33.2,1932,11,"010598",2
116.91,-33.2,1932,12,"010598",0.8
116.91,-33.2,1933,1,"010598",13.2
116.91,-33.2,1933,2,"010598",0
116.91,-33.2,1933,3,"010598",0
116.91,-33.2,1933,4,"010598",23.6
116.91,-33.2,1933,5,"010598",78.5
116.91,-33.2,1933,6,"010598",123.3
116.91,-33.2,1933,7,"010598",72.2
116.91,-33.2,1933,8,"010598",68.5
116.91,-33.2,1933,9,"010598",41.2
116.91,-33.2,1933,10,"010598",53
116.91,-33.2,1933,11,"010598",11.7
116.91,-33.2,1933,12,"010598",10.2
116.91,-33.2,1934,1,"010598",1.3
116.91,-33.2,1934,2,"010598",3
116.91,-33.2,1934,3,"010598",117.6
116.91,-33.2,1934,4,"010598",26.2
116.91,-33.2,1934,5,"010598",50
116.91,-33.2,1934,6,"010598",107.9
116.91,-33.2,1934,7,"010598",84.3
116.91,-33.2,1934,8,"010598",64.5
116.91,-33.2,1934,9,"010598",43.9
116.91,-33.2,1934,10,"010598",9.4
116.91,-33.2,1934,11,"010598",24.6
116.91,-33.2,1934,12,"010598",3.8
116.91,-33.2,1935,1,"010598",2.3
116.91,-33.2,1935,2,"010598",27.9
116.91,-33.2,1935,3,"010598",0
116.91,-33.2,1935,4,"010598",28.3
116.91,-33.2,1935,5,"010598",43.1
116.91,-33.2,1935,6,"010598",71.9
116.91,-33.2,1935,7,"010598",172.6
116.91,-33.2,1935,8,"010598",61.7
116.91,-33.2,1935,9,"010598",48.6
116.91,-33.2,1935,10,"010598",103.6
116.91,-33.2,1935,11,"010598",0
116.91,-33.2,1935,12,"010598",0
116.91,-33.2,1936,1,"010598",13.2
116.91,-33.2,1936,2,"010598",0
116.91,-33.2,1936,3,"010598",4.1
116.91,-33.2,1936,4,"010598",33
116.91,-33.2,1936,5,"010598",54.1
116.91,-33.2,1936,6,"010598",110.5
116.91,-33.2,1936,7,"010598",40.8
116.91,-33.2,1936,8,"010598",91.5
116.91,-33.2,1936,9,"010598",30.3
116.91,-33.2,1936,10,"010598",11.4
116.91,-33.2,1936,11,"010598",9.7
116.91,-33.2,1936,12,"010598",20.4
116.91,-33.2,1937,1,"010598",0
116.91,-33.2,1937,2,"010598",0
116.91,-33.2,1937,3,"010598",30.5
116.91,-33.2,1937,4,"010598",49.5
116.91,-33.2,1937,5,"010598",91.9
116.91,-33.2,1937,6,"010598",88.2
116.91,-33.2,1937,7,"010598",37.6
116.91,-33.2,1937,8,"010598",108
116.91,-33.2,1937,9,"010598",18.1
116.91,-33.2,1937,10,"010598",15
116.91,-33.2,1937,11,"010598",16.5
116.91,-33.2,1937,12,"010598",0
116.91,-33.2,1938,1,"010598",1.3
116.91,-33.2,1938,2,"010598",0
116.91,-33.2,1938,3,"010598",37.9
116.91,-33.2,1938,4,"010598",11.9
116.91,-33.2,1938,5,"010598",33.3
116.91,-33.2,1938,6,"010598",34
116.91,-33.2,1938,7,"010598",96.8
116.91,-33.2,1938,8,"010598",72.1
116.91,-33.2,1938,9,"010598",49.4
116.91,-33.2,1938,10,"010598",16
116.91,-33.2,1938,11,"010598",12
116.91,-33.2,1938,12,"010598",0
116.91,-33.2,1939,1,"010598",55.4
116.91,-33.2,1939,2,"010598",23.8
116.91,-33.2,1939,3,"010598",0
116.91,-33.2,1939,4,"010598",26.7
116.91,-33.2,1939,5,"010598",77.3
116.91,-33.2,1939,6,"010598",111.7
116.91,-33.2,1939,7,"010598",189
116.91,-33.2,1939,8,"010598",129.2
116.91,-33.2,1939,9,"010598",12.4
116.91,-33.2,1939,10,"010598",76.6
116.91,-33.2,1939,11,"010598",22.2
116.91,-33.2,1939,12,"010598",0
116.91,-33.2,1940,1,"010598",7.4
116.91,-33.2,1940,2,"010598",0
116.91,-33.2,1940,3,"010598",0
116.91,-33.2,1940,4,"010598",12.7
116.91,-33.2,1940,5,"010598",28.9
116.91,-33.2,1940,6,"010598",41.3
116.91,-33.2,1940,7,"010598",63.6
116.91,-33.2,1940,8,"010598",35
116.91,-33.2,1940,9,"010598",21.7
116.91,-33.2,1940,10,"010598",20.3
116.91,-33.2,1940,11,"010598",4.1
116.91,-33.2,1940,12,"010598",27
116.91,-33.2,1941,1,"010598",0.8
116.91,-33.2,1941,2,"010598",2.1
116.91,-33.2,1941,3,"010598",7.9
116.91,-33.2,1941,4,"010598",46.5
116.91,-33.2,1941,5,"010598",53.4
116.91,-33.2,1941,6,"010598",104.7
116.91,-33.2,1941,7,"010598",106.8
116.91,-33.2,1941,8,"010598",48.5
116.91,-33.2,1941,9,"010598",94.5
116.91,-33.2,1941,10,"010598",25.6
116.91,-33.2,1941,11,"010598",18.7
116.91,-33.2,1941,12,"010598",3.5
116.91,-33.2,1942,1,"010598",3.5
116.91,-33.2,1942,2,"010598",13.7
116.91,-33.2,1942,3,"010598",50.3
116.91,-33.2,1942,4,"010598",42.7
116.91,-33.2,1942,5,"010598",76.4
116.91,-33.2,1942,6,"010598",95.8
116.91,-33.2,1942,7,"010598",76.7
116.91,-33.2,1942,8,"010598",116.2
116.91,-33.2,1942,9,"010598",78.6
116.91,-33.2,1942,10,"010598",32.8
116.91,-33.2,1942,11,"010598",5.3
116.91,-33.2,1942,12,"010598",18.8
116.91,-33.2,1943,1,"010598",33
116.91,-33.2,1943,2,"010598",20.3
116.91,-33.2,1943,3,"010598",85
116.91,-33.2,1943,4,"010598",51
116.91,-33.2,1943,5,"010598",52
116.91,-33.2,1943,6,"010598",84.9
116.91,-33.2,1943,7,"010598",89.1
116.91,-33.2,1943,8,"010598",57.4
116.91,-33.2,1943,9,"010598",65.9
116.91,-33.2,1943,10,"010598",29.5
116.91,-33.2,1943,11,"010598",0
116.91,-33.2,1943,12,"010598",10.9
116.91,-33.2,1944,1,"010598",4.1
116.91,-33.2,1944,2,"010598",0
116.91,-33.2,1944,3,"010598",3.3
116.91,-33.2,1944,4,"010598",9.4
116.91,-33.2,1944,5,"010598",53.7
116.91,-33.2,1944,6,"010598",48.1
116.91,-33.2,1944,7,"010598",100.9
116.91,-33.2,1944,8,"010598",60.3
116.91,-33.2,1944,9,"010598",25.8
116.91,-33.2,1944,10,"010598",7
116.91,-33.2,1944,11,"010598",7.2
116.91,-33.2,1944,12,"010598",17.3
116.91,-33.2,1945,1,"010598",0
116.91,-33.2,1945,2,"010598",0.8
116.91,-33.2,1945,3,"010598",17.7
116.91,-33.2,1945,4,"010598",1.8
116.91,-33.2,1945,5,"010598",69.5
116.91,-33.2,1945,6,"010598",288.9
116.91,-33.2,1945,7,"010598",83
116.91,-33.2,1945,8,"010598",140.2
116.91,-33.2,1945,9,"010598",63
116.91,-33.2,1945,10,"010598",5.8
116.91,-33.2,1945,11,"010598",12.7
116.91,-33.2,1945,12,"010598",8.1
116.91,-33.2,1946,1,"010598",0
116.91,-33.2,1946,2,"010598",0
116.91,-33.2,1946,3,"010598",5.8
116.91,-33.2,1946,4,"010598",42.9
116.91,-33.2,1946,5,"010598",82
116.91,-33.2,1946,6,"010598",91.2
116.91,-33.2,1946,7,"010598",232.1
116.91,-33.2,1946,8,"010598",53.4
116.91,-33.2,1946,9,"010598",24.7
116.91,-33.2,1946,10,"010598",3.8
116.91,-33.2,1946,11,"010598",49
116.91,-33.2,1946,12,"010598",0
116.91,-33.2,1947,1,"010598",2.5
116.91,-33.2,1947,2,"010598",5
116.91,-33.2,1947,3,"010598",4.8
116.91,-33.2,1947,4,"010598",39.5
116.91,-33.2,1947,5,"010598",129.8
116.91,-33.2,1947,6,"010598",140.5
116.91,-33.2,1947,7,"010598",46.6
116.91,-33.2,1947,8,"010598",33
116.91,-33.2,1947,9,"010598",37.2
116.91,-33.2,1947,10,"010598",85.1
116.91,-33.2,1947,11,"010598",9.6
116.91,-33.2,1947,12,"010598",2.6
116.91,-33.2,1948,1,"010598",0
116.91,-33.2,1948,2,"010598",0
116.91,-33.2,1948,3,"010598",3.6
116.91,-33.2,1948,4,"010598",33.2
116.91,-33.2,1948,5,"010598",3.8
116.91,-33.2,1948,6,"010598",49.5
116.91,-33.2,1948,7,"010598",95.9
116.91,-33.2,1948,8,"010598",76.7
116.91,-33.2,1948,9,"010598",82.4
116.91,-33.2,1948,10,"010598",25.9
116.91,-33.2,1948,11,"010598",17.5
116.91,-33.2,1948,12,"010598",20
116.91,-33.2,1949,1,"010598",2.5
116.91,-33.2,1949,2,"010598",0
116.91,-33.2,1949,3,"010598",10.6
116.91,-33.2,1949,4,"010598",34
116.91,-33.2,1949,5,"010598",11.2
116.91,-33.2,1949,6,"010598",37.7
116.91,-33.2,1949,7,"010598",111.9
116.91,-33.2,1949,8,"010598",112.6
116.91,-33.2,1949,9,"010598",25.5
116.91,-33.2,1949,10,"010598",61.5
116.91,-33.2,1949,11,"010598",36.8
116.91,-33.2,1949,12,"010598",3
116.91,-33.2,1950,1,"010598",0
116.91,-33.2,1950,2,"010598",0
116.91,-33.2,1950,3,"010598",0
116.91,-33.2,1950,4,"010598",2.5
116.91,-33.2,1950,5,"010598",75.4
116.91,-33.2,1950,6,"010598",80.8
116.91,-33.2,1950,7,"010598",61.8
116.91,-33.2,1950,8,"010598",53.8
116.91,-33.2,1950,9,"010598",51.1
116.91,-33.2,1950,10,"010598",37.7
116.91,-33.2,1950,11,"010598",25.7
116.91,-33.2,1950,12,"010598",18.6
116.91,-33.2,1951,1,"010598",8.9
116.91,-33.2,1951,2,"010598",20.6
116.91,-33.2,1951,3,"010598",2.5
116.91,-33.2,1951,4,"010598",60.3
116.91,-33.2,1951,5,"010598",49.1
116.91,-33.2,1951,6,"010598",133.5
116.91,-33.2,1951,7,"010598",52.5
116.91,-33.2,1951,8,"010598",55.9
116.91,-33.2,1951,9,"010598",14
116.91,-33.2,1951,10,"010598",34.3
116.91,-33.2,1951,11,"010598",16.5
116.91,-33.2,1951,12,"010598",86.3
116.91,-33.2,1952,1,"010598",5.1
116.91,-33.2,1952,2,"010598",0
116.91,-33.2,1952,3,"010598",19.1
116.91,-33.2,1952,4,"010598",0.8
116.91,-33.2,1952,5,"010598",68.7
116.91,-33.2,1952,6,"010598",134.9
116.91,-33.2,1952,7,"010598",72
116.91,-33.2,1952,8,"010598",41.1
116.91,-33.2,1952,9,"010598",58.6
116.91,-33.2,1952,10,"010598",35
116.91,-33.2,1952,11,"010598",0
116.91,-33.2,1952,12,"010598",0
116.91,-33.2,1953,1,"010598",12.9
116.91,-33.2,1953,2,"010598",0
116.91,-33.2,1953,3,"010598",11.7
116.91,-33.2,1953,4,"010598",47.1
116.91,-33.2,1953,5,"010598",78.2
116.91,-33.2,1953,6,"010598",84.8
116.91,-33.2,1953,7,"010598",105.1
116.91,-33.2,1953,8,"010598",24.7
116.91,-33.2,1953,9,"010598",40.3
116.91,-33.2,1953,10,"010598",43.7
116.91,-33.2,1953,11,"010598",0
116.91,-33.2,1953,12,"010598",0
116.91,-33.2,1954,1,"010598",0
116.91,-33.2,1954,2,"010598",0
116.91,-33.2,1954,3,"010598",0
116.91,-33.2,1954,4,"010598",8.9
116.91,-33.2,1954,5,"010598",72.9
116.91,-33.2,1954,6,"010598",44.6
116.91,-33.2,1954,7,"010598",120.8
116.91,-33.2,1954,8,"010598",46.3
116.91,-33.2,1954,9,"010598",9.6
116.91,-33.2,1954,10,"010598",12.6
116.91,-33.2,1954,11,"010598",0
116.91,-33.2,1954,12,"010598",0
116.91,-33.2,1955,1,"010598",0
116.91,-33.2,1955,2,"010598",248.2
116.91,-33.2,1955,3,"010598",0
116.91,-33.2,1955,4,"010598",51.7
116.91,-33.2,1955,5,"010598",104.1
116.91,-33.2,1955,6,"010598",56.2
116.91,-33.2,1955,7,"010598",89.7
116.91,-33.2,1955,8,"010598",212.5
116.91,-33.2,1955,9,"010598",70.1
116.91,-33.2,1955,10,"010598",36.6
116.91,-33.2,1955,11,"010598",0
116.91,-33.2,1955,12,"010598",0
116.91,-33.2,1956,1,"010598",0
116.91,-33.2,1956,2,"010598",0
116.91,-33.2,1956,3,"010598",35.6
116.91,-33.2,1956,4,"010598",17.6
116.91,-33.2,1956,5,"010598",122.2
116.91,-33.2,1956,6,"010598",94
116.91,-33.2,1956,7,"010598",120.8
116.91,-33.2,1956,8,"010598",NA
116.91,-33.2,1956,9,"010598",NA
116.91,-33.2,1956,10,"010598",NA
116.91,-33.2,1956,11,"010598",NA
116.91,-33.2,1956,12,"010598",NA
116.91,-33.2,1957,1,"010598",0
116.91,-33.2,1957,2,"010598",0
116.91,-33.2,1957,3,"010598",0
116.91,-33.2,1957,4,"010598",36.7
116.91,-33.2,1957,5,"010598",90.7
116.91,-33.2,1957,6,"010598",150
116.91,-33.2,1957,7,"010598",28.7
116.91,-33.2,1957,8,"010598",79
116.91,-33.2,1957,9,"010598",14.2
116.91,-33.2,1957,10,"010598",13.7
116.91,-33.2,1957,11,"010598",0
116.91,-33.2,1957,12,"010598",0
116.91,-33.2,1958,1,"010598",0
116.91,-33.2,1958,2,"010598",18
116.91,-33.2,1958,3,"010598",0
116.91,-33.2,1958,4,"010598",17.9
116.91,-33.2,1958,5,"010598",82.9
116.91,-33.2,1958,6,"010598",29.5
116.91,-33.2,1958,7,"010598",187.4
116.91,-33.2,1958,8,"010598",56.9
116.91,-33.2,1958,9,"010598",42.9
116.91,-33.2,1958,10,"010598",29
116.91,-33.2,1958,11,"010598",1
116.91,-33.2,1958,12,"010598",0
116.91,-33.2,1959,1,"010598",0
116.91,-33.2,1959,2,"010598",24.1
116.91,-33.2,1959,3,"010598",0
116.91,-33.2,1959,4,"010598",39.8
116.91,-33.2,1959,5,"010598",12.6
116.91,-33.2,1959,6,"010598",119.6
116.91,-33.2,1959,7,"010598",20.3
116.91,-33.2,1959,8,"010598",69
116.91,-33.2,1959,9,"010598",45.6
116.91,-33.2,1959,10,"010598",31.9
116.91,-33.2,1959,11,"010598",14.2
116.91,-33.2,1959,12,"010598",30.2
116.91,-33.2,1960,1,"010598",53.5
116.91,-33.2,1960,2,"010598",0
116.91,-33.2,1960,3,"010598",68.2
116.91,-33.2,1960,4,"010598",14
116.91,-33.2,1960,5,"010598",75.8
116.91,-33.2,1960,6,"010598",53.6
116.91,-33.2,1960,7,"010598",150.3
116.91,-33.2,1960,8,"010598",30.8
116.91,-33.2,1960,9,"010598",51.1
116.91,-33.2,1960,10,"010598",0
116.91,-33.2,1960,11,"010598",0
116.91,-33.2,1960,12,"010598",1
116.91,-33.2,1961,1,"010598",0
116.91,-33.2,1961,2,"010598",0
116.91,-33.2,1961,3,"010598",8.3
116.91,-33.2,1961,4,"010598",60.9
116.91,-33.2,1961,5,"010598",23.3
116.91,-33.2,1961,6,"010598",123.6
116.91,-33.2,1961,7,"010598",84.3
116.91,-33.2,1961,8,"010598",69.3
116.91,-33.2,1961,9,"010598",30.5
116.91,-33.2,1961,10,"010598",15.5
116.91,-33.2,1961,11,"010598",0
116.91,-33.2,1961,12,"010598",8.4
116.91,-33.2,1962,1,"010598",58.2
116.91,-33.2,1962,2,"010598",4.7
116.91,-33.2,1962,3,"010598",0
116.91,-33.2,1962,4,"010598",2.5
116.91,-33.2,1962,5,"010598",81.6
116.91,-33.2,1962,6,"010598",81.2
116.91,-33.2,1962,7,"010598",42.7
116.91,-33.2,1962,8,"010598",56
116.91,-33.2,1962,9,"010598",22.2
116.91,-33.2,1962,10,"010598",53.7
116.91,-33.2,1962,11,"010598",31.3
116.91,-33.2,1962,12,"010598",8.9
116.91,-33.2,1963,1,"010598",1.3
116.91,-33.2,1963,2,"010598",12.9
116.91,-33.2,1963,3,"010598",25.9
116.91,-33.2,1963,4,"010598",17.9
116.91,-33.2,1963,5,"010598",104.6
116.91,-33.2,1963,6,"010598",125
116.91,-33.2,1963,7,"010598",107.3
116.91,-33.2,1963,8,"010598",127.8
116.91,-33.2,1963,9,"010598",87.1
116.91,-33.2,1963,10,"010598",0
116.91,-33.2,1963,11,"010598",0
116.91,-33.2,1963,12,"010598",0
116.91,-33.2,1965,1,"010598",0
116.91,-33.2,1965,2,"010598",0
116.91,-33.2,1965,3,"010598",15.7
116.91,-33.2,1965,4,"010598",6.6
116.91,-33.2,1965,5,"010598",101.9
116.91,-33.2,1965,6,"010598",106.7
116.91,-33.2,1965,7,"010598",50.1
116.91,-33.2,1965,8,"010598",81.2
116.91,-33.2,1965,9,"010598",35.9
116.91,-33.2,1965,10,"010598",54.3
116.91,-33.2,1965,11,"010598",63.3
116.91,-33.2,1965,12,"010598",14.4
116.91,-33.2,1966,1,"010598",2.5
116.91,-33.2,1966,2,"010598",4.3
116.91,-33.2,1966,3,"010598",3.8
116.91,-33.2,1966,4,"010598",8.4
116.91,-33.2,1966,5,"010598",25.7
116.91,-33.2,1966,6,"010598",101.1
116.91,-33.2,1966,7,"010598",132.8
116.91,-33.2,1966,8,"010598",39.6
116.91,-33.2,1966,9,"010598",50.8
116.91,-33.2,1966,10,"010598",33
116.91,-33.2,1966,11,"010598",2.6
116.91,-33.2,1966,12,"010598",18.3
116.91,-33.2,1967,1,"010598",1.5
116.91,-33.2,1967,2,"010598",5.8
116.91,-33.2,1967,3,"010598",2
116.91,-33.2,1967,4,"010598",45.5
116.91,-33.2,1967,5,"010598",94.3
116.91,-33.2,1967,6,"010598",154.6
116.91,-33.2,1967,7,"010598",119.6
116.91,-33.2,1967,8,"010598",88.1
116.91,-33.2,1967,9,"010598",15.7
116.91,-33.2,1967,10,"010598",13.5
116.91,-33.2,1967,11,"010598",6.3
116.91,-33.2,1967,12,"010598",2.5
116.91,-33.2,1968,1,"010598",28
116.91,-33.2,1968,2,"010598",13.7
116.91,-33.2,1968,3,"010598",62
116.91,-33.2,1968,4,"010598",46
116.91,-33.2,1968,5,"010598",60.2
116.91,-33.2,1968,6,"010598",166
116.91,-33.2,1968,7,"010598",87.7
116.91,-33.2,1968,8,"010598",62.5
116.91,-33.2,1968,9,"010598",85.6
116.91,-33.2,1968,10,"010598",35.5
116.91,-33.2,1968,11,"010598",5.1
116.91,-33.2,1968,12,"010598",5.1
116.91,-33.2,1969,1,"010598",2.5
116.91,-33.2,1969,2,"010598",0
116.91,-33.2,1969,3,"010598",14
116.91,-33.2,1969,4,"010598",63.3
116.91,-33.2,1969,5,"010598",44.5
116.91,-33.2,1969,6,"010598",118.5
116.91,-33.2,1969,7,"010598",46
116.91,-33.2,1969,8,"010598",25.9
116.91,-33.2,1969,9,"010598",16.3
116.91,-33.2,1969,10,"010598",0
116.91,-33.2,1969,11,"010598",24.9
116.91,-33.2,1969,12,"010598",8.1
116.91,-33.2,1970,1,"010598",0
116.91,-33.2,1970,2,"010598",59.1
116.91,-33.2,1970,3,"010598",0.5
116.91,-33.2,1970,4,"010598",46.7
116.91,-33.2,1970,5,"010598",65.9
116.91,-33.2,1970,6,"010598",187.9
116.91,-33.2,1970,7,"010598",56.4
116.91,-33.2,1970,8,"010598",48.8
116.91,-33.2,1970,9,"010598",35.9
116.91,-33.2,1970,10,"010598",45.7
116.91,-33.2,1970,11,"010598",4.6
116.91,-33.2,1970,12,"010598",0
116.91,-33.2,1971,1,"010598",0
116.91,-33.2,1971,2,"010598",46.9
116.91,-33.2,1971,3,"010598",98
116.91,-33.2,1971,4,"010598",14.3
116.91,-33.2,1971,5,"010598",66.8
116.91,-33.2,1971,6,"010598",55.6
116.91,-33.2,1971,7,"010598",NA
116.91,-33.2,1971,8,"010598",NA
116.91,-33.2,1971,9,"010598",NA
116.91,-33.2,1971,10,"010598",35.8
116.91,-33.2,1971,11,"010598",65.6
116.91,-33.2,1971,12,"010598",1.3
116.91,-33.2,1972,1,"010598",0
116.91,-33.2,1972,2,"010598",2.5
116.91,-33.2,1972,3,"010598",0
116.91,-33.2,1972,4,"010598",16.3
116.91,-33.2,1972,5,"010598",43.6
116.91,-33.2,1972,6,"010598",61
116.91,-33.2,1972,7,"010598",101.2
116.91,-33.2,1972,8,"010598",107.7
116.91,-33.2,1972,9,"010598",18.2
116.91,-33.2,1972,10,"010598",26.7
116.91,-33.2,1972,11,"010598",0
116.91,-33.2,1972,12,"010598",0
116.91,-33.2,1973,1,"010598",46.2
116.91,-33.2,1973,2,"010598",NA
116.91,-33.2,1973,3,"010598",NA
116.91,-33.2,1973,4,"010598",NA
116.91,-33.2,1973,5,"010598",NA
116.91,-33.2,1973,6,"010598",NA
116.91,-33.2,1973,7,"010598",NA
116.91,-33.2,1973,8,"010598",NA
116.91,-33.2,1973,9,"010598",NA
116.91,-33.2,1973,10,"010598",NA
116.91,-33.2,1973,11,"010598",NA
116.91,-33.2,1973,12,"010598",NA
116.91,-33.2,1974,1,"010598",0
116.91,-33.2,1974,2,"010598",0
116.91,-33.2,1974,3,"010598",0
116.91,-33.2,1974,4,"010598",40.2
116.91,-33.2,1974,5,"010598",154.2
116.91,-33.2,1974,6,"010598",67.3
116.91,-33.2,1974,7,"010598",147.1
116.91,-33.2,1974,8,"010598",96.7
116.91,-33.2,1974,9,"010598",12.5
116.91,-33.2,1974,10,"010598",54.4
116.91,-33.2,1974,11,"010598",24
116.91,-33.2,1974,12,"010598",0
116.91,-33.2,1975,1,"010598",0
116.91,-33.2,1975,2,"010598",0
116.91,-33.2,1975,3,"010598",18.1
116.91,-33.2,1975,4,"010598",57.2
116.91,-33.2,1975,5,"010598",52.9
116.91,-33.2,1975,6,"010598",51.2
116.91,-33.2,1975,7,"010598",101.2
116.91,-33.2,1975,8,"010598",49.8
116.91,-33.2,1975,9,"010598",45.4
116.91,-33.2,1975,10,"010598",15.8
116.91,-33.2,1975,11,"010598",23
116.91,-33.2,1975,12,"010598",0
116.91,-33.2,1976,1,"010598",44
116.91,-33.2,1976,2,"010598",107.1
116.91,-33.2,1976,3,"010598",0
116.91,-33.2,1976,4,"010598",66.6
116.91,-33.2,1976,5,"010598",65.1
116.91,-33.2,1976,6,"010598",33.2
116.91,-33.2,1976,7,"010598",24.5
116.91,-33.2,1976,8,"010598",99.8
116.91,-33.2,1976,9,"010598",16.5
116.91,-33.2,1976,10,"010598",30.3
116.91,-33.2,1976,11,"010598",0
116.91,-33.2,1976,12,"010598",0
116.91,-33.2,1978,1,"010598",5
116.91,-33.2,1978,2,"010598",21.9
116.91,-33.2,1978,3,"010598",10
116.91,-33.2,1978,4,"010598",0
116.91,-33.2,1978,5,"010598",49.4
116.91,-33.2,1978,6,"010598",106.7
116.91,-33.2,1978,7,"010598",89.4
116.91,-33.2,1978,8,"010598",27
116.91,-33.2,1978,9,"010598",29.6
116.91,-33.2,1978,10,"010598",33.4
116.91,-33.2,1978,11,"010598",0
116.91,-33.2,1978,12,"010598",0
116.91,-33.2,1980,1,"010598",0
116.91,-33.2,1980,2,"010598",57
116.91,-33.2,1980,3,"010598",0
116.91,-33.2,1980,4,"010598",35
116.91,-33.2,1980,5,"010598",44.7
116.91,-33.2,1980,6,"010598",58.7
116.91,-33.2,1980,7,"010598",45.4
116.91,-33.2,1980,8,"010598",59
116.91,-33.2,1980,9,"010598",38.4
116.91,-33.2,1980,10,"010598",78
116.91,-33.2,1980,11,"010598",0
116.91,-33.2,1980,12,"010598",45.2
116.91,-33.2,1981,1,"010598",0
116.91,-33.2,1981,2,"010598",20
116.91,-33.2,1981,3,"010598",11.6
116.91,-33.2,1981,4,"010598",24.6
116.91,-33.2,1981,5,"010598",87.2
116.91,-33.2,1981,6,"010598",70.7
116.91,-33.2,1981,7,"010598",72.3
116.91,-33.2,1981,8,"010598",72.3
116.91,-33.2,1981,9,"010598",29.4
116.91,-33.2,1981,10,"010598",5.8
116.91,-33.2,1981,11,"010598",50.8
116.91,-33.2,1981,12,"010598",3.8
116.91,-33.2,1982,1,"010598",209
116.91,-33.2,1982,2,"010598",2
116.91,-33.2,1982,3,"010598",4.4
116.91,-33.2,1982,4,"010598",0
116.91,-33.2,1982,5,"010598",15.4
116.91,-33.2,1982,6,"010598",54.8
116.91,-33.2,1982,7,"010598",0
116.91,-33.2,1982,8,"010598",44.6
116.91,-33.2,1982,9,"010598",53.6
116.91,-33.2,1982,10,"010598",NA
116.91,-33.2,1982,11,"010598",NA
116.91,-33.2,1982,12,"010598",NA
116.91,-33.2,1983,1,"010598",0
116.91,-33.2,1983,2,"010598",30.5
116.91,-33.2,1983,3,"010598",0
116.91,-33.2,1983,4,"010598",4.5
116.91,-33.2,1983,5,"010598",29.3
116.91,-33.2,1983,6,"010598",170.4
116.91,-33.2,1983,7,"010598",92.9
116.91,-33.2,1983,8,"010598",90.9
116.91,-33.2,1983,9,"010598",77.2
116.91,-33.2,1983,10,"010598",13.1
116.91,-33.2,1983,11,"010598",36.8
116.91,-33.2,1983,12,"010598",28
116.91,-33.2,1984,1,"010598",0
116.91,-33.2,1984,2,"010598",4.4
116.91,-33.2,1984,3,"010598",18
116.91,-33.2,1984,4,"010598",28.7
116.91,-33.2,1984,5,"010598",78.4
116.91,-33.2,1984,6,"010598",67.6
116.91,-33.2,1984,7,"010598",38.6
116.91,-33.2,1984,8,"010598",42.7
116.91,-33.2,1984,9,"010598",56.2
116.91,-33.2,1984,10,"010598",18.2
116.91,-33.2,1984,11,"010598",70.4
116.91,-33.2,1984,12,"010598",0
116.91,-33.2,1985,1,"010598",0
116.91,-33.2,1985,2,"010598",0
116.91,-33.2,1985,3,"010598",0
116.91,-33.2,1985,4,"010598",51
116.91,-33.2,1985,5,"010598",23.9
116.91,-33.2,1985,6,"010598",74.1
116.91,-33.2,1985,7,"010598",120.3
116.91,-33.2,1985,8,"010598",74.3
116.91,-33.2,1985,9,"010598",12
116.91,-33.2,1985,10,"010598",18.7
116.91,-33.2,1985,11,"010598",7.2
116.91,-33.2,1985,12,"010598",0
116.91,-33.2,1986,1,"010598",1.2
116.91,-33.2,1986,2,"010598",81.8
116.91,-33.2,1986,3,"010598",10.6
116.91,-33.2,1986,4,"010598",1
116.91,-33.2,1986,5,"010598",63.6
116.91,-33.2,1986,6,"010598",64.2
116.91,-33.2,1986,7,"010598",51.7
116.91,-33.2,1986,8,"010598",57.2
116.91,-33.2,1986,9,"010598",25.9
116.91,-33.2,1986,10,"010598",25.6
116.91,-33.2,1986,11,"010598",31.6
116.91,-33.2,1986,12,"010598",5.8
116.91,-33.2,1987,1,"010598",0
116.91,-33.2,1987,2,"010598",0
116.91,-33.2,1987,3,"010598",12.4
116.91,-33.2,1987,4,"010598",71.9
116.91,-33.2,1987,5,"010598",20.3
116.91,-33.2,1987,6,"010598",48.7
116.91,-33.2,1987,7,"010598",89.5
116.91,-33.2,1987,8,"010598",47.8
116.91,-33.2,1987,9,"010598",22.7
116.91,-33.2,1987,10,"010598",9.2
116.91,-33.2,1987,11,"010598",32
116.91,-33.2,1987,12,"010598",22
116.91,-33.2,1988,1,"010598",6.2
116.91,-33.2,1988,2,"010598",0
116.91,-33.2,1988,3,"010598",17
116.91,-33.2,1988,4,"010598",47
116.91,-33.2,1988,5,"010598",79
116.91,-33.2,1988,6,"010598",140.2
116.91,-33.2,1988,7,"010598",112.9
116.91,-33.2,1988,8,"010598",63.6
116.91,-33.2,1988,9,"010598",62.9
116.91,-33.2,1988,10,"010598",26.1
116.91,-33.2,1988,11,"010598",19.2
116.91,-33.2,1988,12,"010598",14
116.91,-33.2,1989,1,"010598",22.8
116.91,-33.2,1989,2,"010598",29.8
116.91,-33.2,1989,3,"010598",1
116.91,-33.2,1989,4,"010598",40.1
116.91,-33.2,1989,5,"010598",120.1
116.91,-33.2,1989,6,"010598",51.4
116.91,-33.2,1989,7,"010598",79.5
116.91,-33.2,1989,8,"010598",69.2
116.91,-33.2,1989,9,"010598",34
116.91,-33.2,1989,10,"010598",51.2
116.91,-33.2,1989,11,"010598",0
116.91,-33.2,1989,12,"010598",7.6
116.91,-33.2,1990,1,"010598",52.6
116.91,-33.2,1990,2,"010598",10.4
116.91,-33.2,1990,3,"010598",16
116.91,-33.2,1990,4,"010598",69
116.91,-33.2,1990,5,"010598",84.9
116.91,-33.2,1990,6,"010598",45
116.91,-33.2,1990,7,"010598",140.6
116.91,-33.2,1990,8,"010598",47.3
116.91,-33.2,1990,9,"010598",43.4
116.91,-33.2,1990,10,"010598",31.1
116.91,-33.2,1990,11,"010598",7.8
116.91,-33.2,1990,12,"010598",0
116.91,-33.2,1991,1,"010598",2.4
116.91,-33.2,1991,2,"010598",53.2
116.91,-33.2,1991,3,"010598",0
116.91,-33.2,1991,4,"010598",35.4
116.91,-33.2,1991,5,"010598",67.8
116.91,-33.2,1991,6,"010598",87.8
116.91,-33.2,1991,7,"010598",108.2
116.91,-33.2,1991,8,"010598",74.4
116.91,-33.2,1991,9,"010598",53.8
116.91,-33.2,1991,10,"010598",22.6
116.91,-33.2,1991,11,"010598",31.8
116.91,-33.2,1991,12,"010598",29.4
116.91,-33.2,1992,1,"010598",2
116.91,-33.2,1992,2,"010598",32.4
116.91,-33.2,1992,3,"010598",38.9
116.91,-33.2,1992,4,"010598",75.2
116.91,-33.2,1992,5,"010598",56
116.91,-33.2,1992,6,"010598",145.3
116.91,-33.2,1992,7,"010598",58.6
116.91,-33.2,1992,8,"010598",98
116.91,-33.2,1992,9,"010598",38.8
116.91,-33.2,1992,10,"010598",18.2
116.91,-33.2,1992,11,"010598",58.3
116.91,-33.2,1992,12,"010598",16.2
116.91,-33.2,1993,1,"010598",0
116.91,-33.2,1993,2,"010598",27.6
116.91,-33.2,1993,3,"010598",80.3
116.91,-33.2,1993,4,"010598",8
116.91,-33.2,1993,5,"010598",97.8
116.91,-33.2,1993,6,"010598",58.4
116.91,-33.2,1993,7,"010598",55.1
116.91,-33.2,1993,8,"010598",71.4
116.91,-33.2,1993,9,"010598",51.8
116.91,-33.2,1993,10,"010598",28.7
116.91,-33.2,1993,11,"010598",34.6
116.91,-33.2,1993,12,"010598",12.2
116.91,-33.2,1994,1,"010598",0
116.91,-33.2,1994,2,"010598",2.8
116.91,-33.2,1994,3,"010598",1.4
116.91,-33.2,1994,4,"010598",2
116.91,-33.2,1994,5,"010598",111.4
116.91,-33.2,1994,6,"010598",68
116.91,-33.2,1994,7,"010598",84
116.91,-33.2,1994,8,"010598",67.6
116.91,-33.2,1994,9,"010598",32.6
116.91,-33.2,1994,10,"010598",17.3
116.91,-33.2,1994,11,"010598",9.4
116.91,-33.2,1994,12,"010598",0
116.91,-33.2,1995,1,"010598",5
116.91,-33.2,1995,2,"010598",7
116.91,-33.2,1995,3,"010598",1.8
116.91,-33.2,1995,4,"010598",8.8
116.91,-33.2,1995,5,"010598",70.6
116.91,-33.2,1995,6,"010598",82.4
116.91,-33.2,1995,7,"010598",129.2
116.91,-33.2,1995,8,"010598",53.6
116.91,-33.2,1995,9,"010598",65.4
116.91,-33.2,1995,10,"010598",70.6
116.91,-33.2,1995,11,"010598",9
116.91,-33.2,1995,12,"010598",20.8
116.91,-33.2,1996,1,"010598",3.3
116.91,-33.2,1996,2,"010598",1.8
116.91,-33.2,1996,3,"010598",4.6
116.91,-33.2,1996,4,"010598",16.7
116.91,-33.2,1996,5,"010598",37.5
116.91,-33.2,1996,6,"010598",120.9
116.91,-33.2,1996,7,"010598",189
116.91,-33.2,1996,8,"010598",66.3
116.91,-33.2,1996,9,"010598",79.8
116.91,-33.2,1996,10,"010598",40
116.91,-33.2,1996,11,"010598",30.4
116.91,-33.2,1996,12,"010598",7.8
116.91,-33.2,1997,1,"010598",0
116.91,-33.2,1997,2,"010598",17.5
116.91,-33.2,1997,3,"010598",36.6
116.91,-33.2,1997,4,"010598",4.2
116.91,-33.2,1997,5,"010598",68.5
116.91,-33.2,1997,6,"010598",77.9
116.91,-33.2,1997,7,"010598",52.5
116.91,-33.2,1997,8,"010598",73
116.91,-33.2,1997,9,"010598",31.8
116.91,-33.2,1997,10,"010598",21.6
116.91,-33.2,1997,11,"010598",9
116.91,-33.2,1997,12,"010598",1.2
116.91,-33.2,1998,1,"010598",0.4
116.91,-33.2,1998,2,"010598",0
116.91,-33.2,1998,3,"010598",92
116.91,-33.2,1998,4,"010598",40
116.91,-33.2,1998,5,"010598",34
116.91,-33.2,1998,6,"010598",129.6
116.91,-33.2,1998,7,"010598",52.6
116.91,-33.2,1998,8,"010598",123.8
116.91,-33.2,1998,9,"010598",64.4
116.91,-33.2,1998,10,"010598",35.6
116.91,-33.2,1998,11,"010598",39.6
116.91,-33.2,1998,12,"010598",11.7
116.91,-33.2,1999,1,"010598",8.8
116.91,-33.2,1999,2,"010598",1.4
116.91,-33.2,1999,3,"010598",16.3
116.91,-33.2,1999,4,"010598",4.5
116.91,-33.2,1999,5,"010598",74.6
116.91,-33.2,1999,6,"010598",72
116.91,-33.2,1999,7,"010598",62.8
116.91,-33.2,1999,8,"010598",79.8
116.91,-33.2,1999,9,"010598",70.7
116.91,-33.2,1999,10,"010598",57.2
116.91,-33.2,1999,11,"010598",7.6
116.91,-33.2,1999,12,"010598",36.2
116.91,-33.2,2000,1,"010598",77.8
116.91,-33.2,2000,2,"010598",0
116.91,-33.2,2000,3,"010598",21.2
116.91,-33.2,2000,4,"010598",9
116.91,-33.2,2000,5,"010598",6
116.91,-33.2,2000,6,"010598",70.6
116.91,-33.2,2000,7,"010598",138.9
116.91,-33.2,2000,8,"010598",81.4
116.91,-33.2,2000,9,"010598",33.2
116.91,-33.2,2000,10,"010598",1.6
116.91,-33.2,2000,11,"010598",NA
116.91,-33.2,2000,12,"010598",NA
116.91,-33.2,2001,1,"010598",7.2
116.91,-33.2,2001,2,"010598",5.2
116.91,-33.2,2001,3,"010598",0
116.91,-33.2,2001,4,"010598",0
116.91,-33.2,2001,5,"010598",73.9
116.91,-33.2,2001,6,"010598",8.8
116.91,-33.2,2001,7,"010598",86.3
116.91,-33.2,2001,8,"010598",86.5
116.91,-33.2,2001,9,"010598",44.5
116.91,-33.2,2001,10,"010598",6.9
116.91,-33.2,2001,11,"010598",35.3
116.91,-33.2,2001,12,"010598",45.9
116.91,-33.2,2002,1,"010598",16
116.91,-33.2,2002,2,"010598",0
116.91,-33.2,2002,3,"010598",5.5
116.91,-33.2,2002,4,"010598",56
116.91,-33.2,2002,5,"010598",55.5
116.91,-33.2,2002,6,"010598",69
116.91,-33.2,2002,7,"010598",93.1
116.91,-33.2,2002,8,"010598",70.3
116.91,-33.2,2002,9,"010598",38
116.91,-33.2,2002,10,"010598",NA
116.91,-33.2,2002,11,"010598",NA
116.91,-33.2,2002,12,"010598",NA
116.91,-33.2,2003,1,"010598",0
116.91,-33.2,2003,2,"010598",3.8
116.91,-33.2,2003,3,"010598",27
116.91,-33.2,2003,4,"010598",50.1
116.91,-33.2,2003,5,"010598",51.7
116.91,-33.2,2003,6,"010598",88.8
116.91,-33.2,2003,7,"010598",86.5
116.91,-33.2,2003,8,"010598",94.7
116.91,-33.2,2003,9,"010598",NA
116.91,-33.2,2003,10,"010598",24.9
116.91,-33.2,2003,11,"010598",NA
116.91,-33.2,2003,12,"010598",10
116.91,-33.2,2004,1,"010598",11.4
116.91,-33.2,2004,2,"010598",3.2
116.91,-33.2,2004,3,"010598",1
116.91,-33.2,2004,4,"010598",3.8
116.91,-33.2,2004,5,"010598",73.9
116.91,-33.2,2004,6,"010598",133.5
116.91,-33.2,2004,7,"010598",70.2
116.91,-33.2,2004,8,"010598",113.4
116.91,-33.2,2004,9,"010598",21.3
116.91,-33.2,2004,10,"010598",NA
116.91,-33.2,2004,11,"010598",NA
116.91,-33.2,2004,12,"010598",0
116.91,-33.2,2005,1,"010598",0
116.91,-33.2,2005,2,"010598",2
116.91,-33.2,2005,3,"010598",27.6
116.91,-33.2,2005,4,"010598",61.7
116.91,-33.2,2005,5,"010598",136.7
116.91,-33.2,2005,6,"010598",59.4
116.91,-33.2,2005,7,"010598",36.8
116.91,-33.2,2005,8,"010598",74.4
116.91,-33.2,2005,9,"010598",62.3
116.91,-33.2,2005,10,"010598",40.1
116.91,-33.2,2005,11,"010598",14.5
116.91,-33.2,2005,12,"010598",6
116.91,-33.2,2006,1,"010598",55.6
116.91,-33.2,2006,2,"010598",0
116.91,-33.2,2006,3,"010598",0
116.91,-33.2,2006,4,"010598",28
116.91,-33.2,2006,5,"010598",13.1
116.91,-33.2,2006,6,"010598",20.7
116.91,-33.2,2006,7,"010598",60.5
116.91,-33.2,2006,8,"010598",104.2
116.91,-33.2,2006,9,"010598",22.8
116.91,-33.2,2006,10,"010598",27.3
116.91,-33.2,2006,11,"010598",9
116.91,-33.2,2006,12,"010598",7.5
116.91,-33.2,2007,1,"010598",11.4
116.91,-33.2,2007,2,"010598",0
116.91,-33.2,2007,3,"010598",11.4
116.91,-33.2,2007,4,"010598",76.5
116.91,-33.2,2007,5,"010598",31.8
116.91,-33.2,2007,6,"010598",49.4
116.91,-33.2,2007,7,"010598",127
116.91,-33.2,2007,8,"010598",69.7
116.91,-33.2,2007,9,"010598",56
116.91,-33.2,2007,10,"010598",NA
116.91,-33.2,2007,11,"010598",13.2
116.91,-33.2,2007,12,"010598",NA
116.91,-33.2,2008,1,"010598",0
116.91,-33.2,2008,2,"010598",0
116.91,-33.2,2008,3,"010598",1
116.91,-33.2,2008,4,"010598",97.5
116.91,-33.2,2008,5,"010598",47.7
116.91,-33.2,2008,6,"010598",77.4
116.91,-33.2,2008,7,"010598",130.5
116.91,-33.2,2008,8,"010598",10.5
116.91,-33.2,2008,9,"010598",35.7
116.91,-33.2,2008,10,"010598",45.5
116.91,-33.2,2008,11,"010598",21.5
116.91,-33.2,2008,12,"010598",3.2
116.91,-33.2,2009,1,"010598",7
116.91,-33.2,2009,2,"010598",13.8
116.91,-33.2,2009,3,"010598",30.2
116.91,-33.2,2009,4,"010598",6.2
116.91,-33.2,2009,5,"010598",30.3
116.91,-33.2,2009,6,"010598",161.7
116.91,-33.2,2009,7,"010598",80.6
116.91,-33.2,2009,8,"010598",80
116.91,-33.2,2009,9,"010598",63.7
116.91,-33.2,2009,10,"010598",9.2
116.91,-33.2,2009,11,"010598",22.6
116.91,-33.2,2009,12,"010598",0
116.91,-33.2,2010,1,"010598",0
116.91,-33.2,2010,2,"010598",3.1
116.91,-33.2,2010,3,"010598",26.6
116.91,-33.2,2010,4,"010598",2.6
116.91,-33.2,2010,5,"010598",49.2
116.91,-33.2,2010,6,"010598",52.6
116.91,-33.2,2010,7,"010598",52.7
116.91,-33.2,2010,8,"010598",32.4
116.91,-33.2,2010,9,"010598",16.2
116.91,-33.2,2010,10,"010598",9.7
116.91,-33.2,2010,11,"010598",7.8
116.91,-33.2,2010,12,"010598",9
116.91,-33.2,2011,1,"010598",74.6
116.91,-33.2,2011,2,"010598",5.5
116.91,-33.2,2011,3,"010598",0
116.91,-33.2,2011,4,"010598",17.8
116.91,-33.2,2011,5,"010598",50.2
116.91,-33.2,2011,6,"010598",100.2
116.91,-33.2,2011,7,"010598",93.1
116.91,-33.2,2011,8,"010598",65
116.91,-33.2,2011,9,"010598",70.8
116.91,-33.2,2011,10,"010598",32.1
116.91,-33.2,2011,11,"010598",49.5
116.91,-33.2,2011,12,"010598",96.3
116.91,-33.2,2012,1,"010598",1.6
116.91,-33.2,2012,2,"010598",NA
116.91,-33.2,2012,3,"010598",0
116.91,-33.2,2012,4,"010598",NA
116.91,-33.2,2012,5,"010598",59.2
116.91,-33.2,2012,6,"010598",105.1
116.91,-33.2,2012,7,"010598",30.2
116.91,-33.2,2012,8,"010598",49
116.91,-33.2,2012,9,"010598",73.9
116.91,-33.2,2012,10,"010598",10.4
116.91,-33.2,2012,11,"010598",39.7
116.91,-33.2,2012,12,"010598",37.2
116.91,-33.2,2013,1,"010598",3
116.91,-33.2,2013,2,"010598",0
116.91,-33.2,2013,3,"010598",75.1
116.91,-33.2,2013,4,"010598",18.6
116.91,-33.2,2013,5,"010598",118
116.91,-33.2,2013,6,"010598",16.3
116.91,-33.2,2013,7,"010598",75.6
116.91,-33.2,2013,8,"010598",60.4
116.91,-33.2,2013,9,"010598",107.7
116.91,-33.2,2013,10,"010598",18.7
116.91,-33.2,2013,11,"010598",9.2
116.91,-33.2,2013,12,"010598",0
116.91,-33.2,2014,1,"010598",0
116.91,-33.2,2014,2,"010598",0
116.91,-33.2,2014,3,"010598",2.6
116.91,-33.2,2014,4,"010598",11.3
116.91,-33.2,2014,5,"010598",103.2
116.91,-33.2,2014,6,"010598",30.3
116.91,-33.2,2014,7,"010598",86.9
116.91,-33.2,2014,8,"010598",76.8
116.91,-33.2,2014,9,"010598",53.7
116.91,-33.2,2014,10,"010598",23.2
116.91,-33.2,2014,11,"010598",17.6
116.91,-33.2,2014,12,"010598",0
116.91,-33.2,2015,1,"010598",6.5
116.91,-33.2,2015,2,"010598",0.2
116.91,-33.2,2015,3,"010598",17.4
116.91,-33.2,2015,4,"010598",51.2
116.91,-33.2,2015,5,"010598",37.4
116.91,-33.2,2015,6,"010598",68.9
116.91,-33.2,2015,7,"010598",59.5
116.91,-33.2,2015,8,"010598",48.7
116.91,-33.2,2015,9,"010598",23.6
116.91,-33.2,2015,10,"010598",14.4
116.91,-33.2,2015,11,"010598",21.1
116.91,-33.2,2015,12,"010598",NA
116.91,-33.2,2016,1,"010598",64
116.91,-33.2,2016,2,"010598",0
116.91,-33.2,2016,3,"010598",63
116.91,-33.2,2016,4,"010598",37.8
116.91,-33.2,2016,5,"010598",62.7
116.91,-33.2,2016,6,"010598",36.3
116.91,-33.2,2016,7,"010598",41.4
116.91,-33.2,2016,8,"010598",80.5
116.91,-33.2,2016,9,"010598",43.7
116.91,-33.2,2016,10,"010598",25
116.91,-33.2,2016,11,"010598",3.8
116.91,-33.2,2016,12,"010598",NA
116.91,-33.2,2017,1,"010598",0
116.91,-33.2,2017,2,"010598",177.8
116.91,-33.2,2017,3,"010598",21.2
116.91,-33.2,2017,4,"010598",0
116.91,-33.2,2017,5,"010598",58
116.91,-33.2,2017,6,"010598",40.6
116.91,-33.2,2017,7,"010598",107.2
116.91,-33.2,2017,8,"010598",93
116.91,-33.2,2017,9,"010598",47.6
116.91,-33.2,2017,10,"010598",20.6
116.91,-33.2,2017,11,"010598",16
116.91,-33.2,2017,12,"010598",22.2
116.91,-33.2,2018,1,"010598",52.3
116.91,-33.2,2018,2,"010598",NA
116.91,-33.2,2018,3,"010598",4
116.91,-33.2,2018,4,"010598",8.6
116.91,-33.2,2018,5,"010598",30.8
116.91,-33.2,2018,6,"010598",81
116.91,-33.2,2018,7,"010598",100.8
116.91,-33.2,2018,8,"010598",84.3
116.91,-33.2,2018,9,"010598",11.5
116.91,-33.2,2018,10,"010598",29.5
116.91,-33.2,2018,11,"010598",8.8
116.91,-33.2,2018,12,"010598",2.3
116.91,-33.2,2019,1,"010598",3.8
116.91,-33.2,2019,2,"010598",0
116.91,-33.2,2019,3,"010598",34.2
116.91,-33.2,2019,4,"010598",12
116.91,-33.2,2019,5,"010598",13.6
116.91,-33.2,2019,6,"010598",94.3
116.91,-33.2,2019,7,"010598",42.2
116.91,-33.2,2019,8,"010598",64.2
116.91,-33.2,2019,9,"010598",17.6
116.91,-33.2,2019,10,"010598",29
116.91,-33.2,2019,11,"010598",7.2
116.91,-33.2,2019,12,"010598",0.4
116.91,-33.2,2020,1,"010598",0
116.91,-33.2,2020,2,"010598",25.6
116.91,-33.2,2020,3,"010598",NA
116.91,-33.2,2020,4,"010598",6.4
116.91,-33.2,2020,5,"010598",57.6
116.91,-33.2,2020,6,"010598",74.6
116.91,-33.2,2020,7,"010598",52.2
116.91,-33.2,2020,8,"010598",39.3
116.91,-33.2,2020,9,"010598",59
116.91,-33.2,2020,10,"010598",30.2
116.91,-33.2,2020,11,"010598",55.1
116.91,-33.2,2020,12,"010598",0
116.91,-33.2,2021,1,"010598",12.8
116.91,-33.2,2021,2,"010598",45.8
116.91,-33.2,2021,3,"010598",39.7
116.91,-33.2,2021,4,"010598",61
116.91,-33.2,2021,5,"010598",61.1
116.91,-33.2,2021,6,"010598",39.5
116.91,-33.2,2021,7,"010598",185
116.91,-33.2,2021,8,"010598",60.9
116.91,-33.2,2021,9,"010598",66.5
116.91,-33.2,2021,10,"010598",NA
116.91,-33.2,2021,11,"010598",NA
116.91,-33.2,2021,12,"010598",NA
