"Lon","Lat","Year","Month","Station","Rain"
129.07,-24.88,1973,1,"015522",NA
129.07,-24.88,1973,2,"015522",NA
129.07,-24.88,1973,3,"015522",NA
129.07,-24.88,1973,4,"015522",NA
129.07,-24.88,1973,5,"015522",NA
129.07,-24.88,1973,6,"015522",45.5
129.07,-24.88,1973,7,"015522",38.4
129.07,-24.88,1973,8,"015522",35.5
129.07,-24.88,1973,9,"015522",20.3
129.07,-24.88,1973,10,"015522",30.6
129.07,-24.88,1973,11,"015522",0
129.07,-24.88,1973,12,"015522",8.6
129.07,-24.88,1974,1,"015522",234.4
129.07,-24.88,1974,2,"015522",213
129.07,-24.88,1974,3,"015522",43.6
129.07,-24.88,1974,4,"015522",83.6
129.07,-24.88,1974,5,"015522",23
129.07,-24.88,1974,6,"015522",0
129.07,-24.88,1974,7,"015522",12.6
129.07,-24.88,1974,8,"015522",29.4
129.07,-24.88,1974,9,"015522",34.2
129.07,-24.88,1974,10,"015522",93.8
129.07,-24.88,1974,11,"015522",86.2
129.07,-24.88,1974,12,"015522",NA
129.07,-24.88,1975,1,"015522",NA
129.07,-24.88,1975,2,"015522",49.6
129.07,-24.88,1975,3,"015522",NA
129.07,-24.88,1975,4,"015522",NA
129.07,-24.88,1975,5,"015522",NA
129.07,-24.88,1975,6,"015522",NA
129.07,-24.88,1975,7,"015522",NA
129.07,-24.88,1975,8,"015522",NA
129.07,-24.88,1975,9,"015522",NA
129.07,-24.88,1975,10,"015522",NA
129.07,-24.88,1975,11,"015522",NA
129.07,-24.88,1975,12,"015522",NA
129.07,-24.88,1976,1,"015522",43.2
129.07,-24.88,1976,2,"015522",23.5
129.07,-24.88,1976,3,"015522",NA
129.07,-24.88,1976,4,"015522",NA
129.07,-24.88,1976,5,"015522",NA
129.07,-24.88,1976,6,"015522",NA
129.07,-24.88,1976,7,"015522",NA
129.07,-24.88,1976,8,"015522",NA
129.07,-24.88,1976,9,"015522",NA
129.07,-24.88,1976,10,"015522",23.8
129.07,-24.88,1976,11,"015522",NA
129.07,-24.88,1976,12,"015522",NA
129.07,-24.88,1997,1,"015522",NA
129.07,-24.88,1997,2,"015522",NA
129.07,-24.88,1997,3,"015522",NA
129.07,-24.88,1997,4,"015522",NA
129.07,-24.88,1997,5,"015522",NA
129.07,-24.88,1997,6,"015522",NA
129.07,-24.88,1997,7,"015522",NA
129.07,-24.88,1997,8,"015522",NA
129.07,-24.88,1997,9,"015522",NA
129.07,-24.88,1997,10,"015522",NA
129.07,-24.88,1997,11,"015522",NA
129.07,-24.88,1997,12,"015522",9.6
129.07,-24.88,1998,1,"015522",9.4
129.07,-24.88,1998,2,"015522",7.8
129.07,-24.88,1998,3,"015522",18.9
129.07,-24.88,1998,4,"015522",48.3
129.07,-24.88,1998,5,"015522",10.8
129.07,-24.88,1998,6,"015522",19.4
129.07,-24.88,1998,7,"015522",42.2
129.07,-24.88,1998,8,"015522",10.4
129.07,-24.88,1998,9,"015522",22.4
129.07,-24.88,1998,10,"015522",22.8
129.07,-24.88,1998,11,"015522",110.2
129.07,-24.88,1998,12,"015522",4.2
129.07,-24.88,1999,1,"015522",54.4
129.07,-24.88,1999,2,"015522",114.2
129.07,-24.88,1999,3,"015522",49.6
129.07,-24.88,1999,4,"015522",3.8
129.07,-24.88,1999,5,"015522",0
129.07,-24.88,1999,6,"015522",33
129.07,-24.88,1999,7,"015522",1.4
129.07,-24.88,1999,8,"015522",0
129.07,-24.88,1999,9,"015522",1.2
129.07,-24.88,1999,10,"015522",82.6
129.07,-24.88,1999,11,"015522",23.6
129.07,-24.88,1999,12,"015522",117.6
129.07,-24.88,2000,1,"015522",63.4
129.07,-24.88,2000,2,"015522",371.4
129.07,-24.88,2000,3,"015522",50.4
129.07,-24.88,2000,4,"015522",145.4
129.07,-24.88,2000,5,"015522",6.8
129.07,-24.88,2000,6,"015522",0
129.07,-24.88,2000,7,"015522",0
129.07,-24.88,2000,8,"015522",6.2
129.07,-24.88,2000,9,"015522",0
129.07,-24.88,2000,10,"015522",29
129.07,-24.88,2000,11,"015522",76
129.07,-24.88,2000,12,"015522",9.2
129.07,-24.88,2001,1,"015522",40.6
129.07,-24.88,2001,2,"015522",30.6
129.07,-24.88,2001,3,"015522",248.6
129.07,-24.88,2001,4,"015522",4
129.07,-24.88,2001,5,"015522",14.8
129.07,-24.88,2001,6,"015522",86.4
129.07,-24.88,2001,7,"015522",38.4
129.07,-24.88,2001,8,"015522",0
129.07,-24.88,2001,9,"015522",17.8
129.07,-24.88,2001,10,"015522",70.4
129.07,-24.88,2001,11,"015522",40
129.07,-24.88,2001,12,"015522",359.9
129.07,-24.88,2002,1,"015522",23.4
129.07,-24.88,2002,2,"015522",57.6
129.07,-24.88,2002,3,"015522",0
129.07,-24.88,2002,4,"015522",3.5
129.07,-24.88,2002,5,"015522",4.8
129.07,-24.88,2002,6,"015522",0
129.07,-24.88,2002,7,"015522",0
129.07,-24.88,2002,8,"015522",0
129.07,-24.88,2002,9,"015522",0.4
129.07,-24.88,2002,10,"015522",12.6
129.07,-24.88,2002,11,"015522",7.2
129.07,-24.88,2002,12,"015522",4.9
129.07,-24.88,2003,1,"015522",44.1
129.07,-24.88,2003,2,"015522",17.5
129.07,-24.88,2003,3,"015522",4
129.07,-24.88,2003,4,"015522",13.3
129.07,-24.88,2003,5,"015522",2.8
129.07,-24.88,2003,6,"015522",2.2
129.07,-24.88,2003,7,"015522",0
129.07,-24.88,2003,8,"015522",19.5
129.07,-24.88,2003,9,"015522",19.6
129.07,-24.88,2003,10,"015522",0
129.07,-24.88,2003,11,"015522",94.4
129.07,-24.88,2003,12,"015522",166.5
129.07,-24.88,2004,1,"015522",40
129.07,-24.88,2004,2,"015522",41
129.07,-24.88,2004,3,"015522",39.5
129.07,-24.88,2004,4,"015522",16
129.07,-24.88,2004,5,"015522",83
129.07,-24.88,2004,6,"015522",45
129.07,-24.88,2004,7,"015522",0
129.07,-24.88,2004,8,"015522",0
129.07,-24.88,2004,9,"015522",24
129.07,-24.88,2004,10,"015522",3.2
129.07,-24.88,2004,11,"015522",22
129.07,-24.88,2004,12,"015522",0
129.07,-24.88,2005,1,"015522",1
129.07,-24.88,2005,2,"015522",0
129.07,-24.88,2005,3,"015522",8
129.07,-24.88,2005,4,"015522",0
129.07,-24.88,2005,5,"015522",0
129.07,-24.88,2005,6,"015522",12.2
129.07,-24.88,2005,7,"015522",65.5
129.07,-24.88,2005,8,"015522",22
129.07,-24.88,2005,9,"015522",0
129.07,-24.88,2005,10,"015522",24.5
129.07,-24.88,2005,11,"015522",78.5
129.07,-24.88,2005,12,"015522",121
129.07,-24.88,2006,1,"015522",111.5
129.07,-24.88,2006,2,"015522",61
129.07,-24.88,2006,3,"015522",20.5
129.07,-24.88,2006,4,"015522",29.5
129.07,-24.88,2006,5,"015522",0
129.07,-24.88,2006,6,"015522",0
129.07,-24.88,2006,7,"015522",70
129.07,-24.88,2006,8,"015522",0
129.07,-24.88,2006,9,"015522",0
129.07,-24.88,2006,10,"015522",18.5
129.07,-24.88,2006,11,"015522",5
129.07,-24.88,2006,12,"015522",11
129.07,-24.88,2007,1,"015522",41
129.07,-24.88,2007,2,"015522",0
129.07,-24.88,2007,3,"015522",185
129.07,-24.88,2007,4,"015522",0
129.07,-24.88,2007,5,"015522",15.5
129.07,-24.88,2007,6,"015522",0
129.07,-24.88,2007,7,"015522",0
129.07,-24.88,2007,8,"015522",NA
129.07,-24.88,2007,9,"015522",NA
129.07,-24.88,2007,10,"015522",4.5
129.07,-24.88,2007,11,"015522",49
129.07,-24.88,2007,12,"015522",132
129.07,-24.88,2008,1,"015522",6.8
129.07,-24.88,2008,2,"015522",NA
129.07,-24.88,2008,3,"015522",5.8
129.07,-24.88,2008,4,"015522",NA
129.07,-24.88,2008,5,"015522",NA
129.07,-24.88,2008,6,"015522",NA
129.07,-24.88,2008,7,"015522",NA
129.07,-24.88,2008,8,"015522",0.8
129.07,-24.88,2008,9,"015522",NA
129.07,-24.88,2008,10,"015522",NA
129.07,-24.88,2008,11,"015522",57.3
129.07,-24.88,2008,12,"015522",NA
