"Lon","Lat","Year","Month","Station","Rain"
153.06,-27.11,2006,1,"040972",NA
153.06,-27.11,2006,2,"040972",NA
153.06,-27.11,2006,3,"040972",NA
153.06,-27.11,2006,4,"040972",NA
153.06,-27.11,2006,5,"040972",13.9
153.06,-27.11,2006,6,"040972",51.9
153.06,-27.11,2006,7,"040972",42.1
153.06,-27.11,2006,8,"040972",55.8
153.06,-27.11,2006,9,"040972",112.2
153.06,-27.11,2006,10,"040972",23.3
153.06,-27.11,2006,11,"040972",52.6
153.06,-27.11,2006,12,"040972",13.7
153.06,-27.11,2007,1,"040972",152.3
153.06,-27.11,2007,2,"040972",20.6
153.06,-27.11,2007,3,"040972",NA
153.06,-27.11,2007,4,"040972",NA
153.06,-27.11,2007,5,"040972",NA
153.06,-27.11,2007,6,"040972",NA
153.06,-27.11,2007,7,"040972",NA
153.06,-27.11,2007,8,"040972",NA
153.06,-27.11,2007,9,"040972",NA
153.06,-27.11,2007,10,"040972",NA
153.06,-27.11,2007,11,"040972",NA
153.06,-27.11,2007,12,"040972",142.3
153.06,-27.11,2008,1,"040972",202.8
153.06,-27.11,2008,2,"040972",202
153.06,-27.11,2008,3,"040972",81.5
153.06,-27.11,2008,4,"040972",NA
153.06,-27.11,2008,5,"040972",58.7
153.06,-27.11,2008,6,"040972",105.6
153.06,-27.11,2008,7,"040972",125.6
153.06,-27.11,2008,8,"040972",13.2
153.06,-27.11,2008,9,"040972",57
153.06,-27.11,2008,10,"040972",NA
153.06,-27.11,2008,11,"040972",NA
153.06,-27.11,2008,12,"040972",NA
