"Lon","Lat","Year","Month","Station","Rain"
147.2,-31.55,1879,1,"051039",18.7
147.2,-31.55,1879,2,"051039",188.1
147.2,-31.55,1879,3,"051039",13.5
147.2,-31.55,1879,4,"051039",43.1
147.2,-31.55,1879,5,"051039",65.4
147.2,-31.55,1879,6,"051039",8.4
147.2,-31.55,1879,7,"051039",36.3
147.2,-31.55,1879,8,"051039",145.2
147.2,-31.55,1879,9,"051039",51.5
147.2,-31.55,1879,10,"051039",37.4
147.2,-31.55,1879,11,"051039",40.3
147.2,-31.55,1879,12,"051039",11.1
147.2,-31.55,1880,1,"051039",NA
147.2,-31.55,1880,2,"051039",NA
147.2,-31.55,1880,3,"051039",NA
147.2,-31.55,1880,4,"051039",NA
147.2,-31.55,1880,5,"051039",NA
147.2,-31.55,1880,6,"051039",NA
147.2,-31.55,1880,7,"051039",NA
147.2,-31.55,1880,8,"051039",NA
147.2,-31.55,1880,9,"051039",NA
147.2,-31.55,1880,10,"051039",NA
147.2,-31.55,1880,11,"051039",NA
147.2,-31.55,1880,12,"051039",0
147.2,-31.55,1881,1,"051039",NA
147.2,-31.55,1881,2,"051039",NA
147.2,-31.55,1881,3,"051039",NA
147.2,-31.55,1881,4,"051039",0
147.2,-31.55,1881,5,"051039",39.1
147.2,-31.55,1881,6,"051039",9.7
147.2,-31.55,1881,7,"051039",13.5
147.2,-31.55,1881,8,"051039",2.1
147.2,-31.55,1881,9,"051039",0
147.2,-31.55,1881,10,"051039",0.5
147.2,-31.55,1881,11,"051039",50.7
147.2,-31.55,1881,12,"051039",3
147.2,-31.55,1882,1,"051039",NA
147.2,-31.55,1882,2,"051039",NA
147.2,-31.55,1882,3,"051039",NA
147.2,-31.55,1882,4,"051039",NA
147.2,-31.55,1882,5,"051039",NA
147.2,-31.55,1882,6,"051039",NA
147.2,-31.55,1882,7,"051039",NA
147.2,-31.55,1882,8,"051039",22.7
147.2,-31.55,1882,9,"051039",NA
147.2,-31.55,1882,10,"051039",NA
147.2,-31.55,1882,11,"051039",NA
147.2,-31.55,1882,12,"051039",NA
147.2,-31.55,1884,1,"051039",0
147.2,-31.55,1884,2,"051039",12.7
147.2,-31.55,1884,3,"051039",5.6
147.2,-31.55,1884,4,"051039",42.9
147.2,-31.55,1884,5,"051039",10.7
147.2,-31.55,1884,6,"051039",50.2
147.2,-31.55,1884,7,"051039",23.9
147.2,-31.55,1884,8,"051039",20.1
147.2,-31.55,1884,9,"051039",36
147.2,-31.55,1884,10,"051039",5.3
147.2,-31.55,1884,11,"051039",45.9
147.2,-31.55,1884,12,"051039",9.4
147.2,-31.55,1885,1,"051039",106.4
147.2,-31.55,1885,2,"051039",28.2
147.2,-31.55,1885,3,"051039",95.3
147.2,-31.55,1885,4,"051039",45.8
147.2,-31.55,1885,5,"051039",33.6
147.2,-31.55,1885,6,"051039",36.2
147.2,-31.55,1885,7,"051039",8.9
147.2,-31.55,1885,8,"051039",8.9
147.2,-31.55,1885,9,"051039",39.9
147.2,-31.55,1885,10,"051039",7.6
147.2,-31.55,1885,11,"051039",2.5
147.2,-31.55,1885,12,"051039",78.5
147.2,-31.55,1886,1,"051039",21.8
147.2,-31.55,1886,2,"051039",0
147.2,-31.55,1886,3,"051039",0
147.2,-31.55,1886,4,"051039",63.8
147.2,-31.55,1886,5,"051039",68.6
147.2,-31.55,1886,6,"051039",24.4
147.2,-31.55,1886,7,"051039",59.2
147.2,-31.55,1886,8,"051039",94.7
147.2,-31.55,1886,9,"051039",17.5
147.2,-31.55,1886,10,"051039",28.9
147.2,-31.55,1886,11,"051039",66.3
147.2,-31.55,1886,12,"051039",127.5
147.2,-31.55,1887,1,"051039",75.7
147.2,-31.55,1887,2,"051039",159.3
147.2,-31.55,1887,3,"051039",121.7
147.2,-31.55,1887,4,"051039",34.3
147.2,-31.55,1887,5,"051039",8.9
147.2,-31.55,1887,6,"051039",16
147.2,-31.55,1887,7,"051039",38.1
147.2,-31.55,1887,8,"051039",128.3
147.2,-31.55,1887,9,"051039",7.6
147.2,-31.55,1887,10,"051039",14
147.2,-31.55,1887,11,"051039",75.4
147.2,-31.55,1887,12,"051039",19.8
147.2,-31.55,1888,1,"051039",26.2
147.2,-31.55,1888,2,"051039",61.8
147.2,-31.55,1888,3,"051039",4.3
147.2,-31.55,1888,4,"051039",1.8
147.2,-31.55,1888,5,"051039",50.3
147.2,-31.55,1888,6,"051039",0
147.2,-31.55,1888,7,"051039",8.4
147.2,-31.55,1888,8,"051039",0
147.2,-31.55,1888,9,"051039",17.8
147.2,-31.55,1888,10,"051039",5.3
147.2,-31.55,1888,11,"051039",0
147.2,-31.55,1888,12,"051039",14.5
147.2,-31.55,1889,1,"051039",12.2
147.2,-31.55,1889,2,"051039",10.7
147.2,-31.55,1889,3,"051039",26.1
147.2,-31.55,1889,4,"051039",138
147.2,-31.55,1889,5,"051039",166.4
147.2,-31.55,1889,6,"051039",44.2
147.2,-31.55,1889,7,"051039",8.9
147.2,-31.55,1889,8,"051039",29.7
147.2,-31.55,1889,9,"051039",42.2
147.2,-31.55,1889,10,"051039",38.1
147.2,-31.55,1889,11,"051039",51.6
147.2,-31.55,1889,12,"051039",65.5
147.2,-31.55,1890,1,"051039",97.3
147.2,-31.55,1890,2,"051039",261.7
147.2,-31.55,1890,3,"051039",115.8
147.2,-31.55,1890,4,"051039",26.1
147.2,-31.55,1890,5,"051039",96.5
147.2,-31.55,1890,6,"051039",22.6
147.2,-31.55,1890,7,"051039",54.6
147.2,-31.55,1890,8,"051039",16
147.2,-31.55,1890,9,"051039",37.1
147.2,-31.55,1890,10,"051039",13.3
147.2,-31.55,1890,11,"051039",6.4
147.2,-31.55,1890,12,"051039",35.3
147.2,-31.55,1891,1,"051039",236.7
147.2,-31.55,1891,2,"051039",2.3
147.2,-31.55,1891,3,"051039",87.8
147.2,-31.55,1891,4,"051039",50.3
147.2,-31.55,1891,5,"051039",56.6
147.2,-31.55,1891,6,"051039",55.7
147.2,-31.55,1891,7,"051039",41.8
147.2,-31.55,1891,8,"051039",37.3
147.2,-31.55,1891,9,"051039",29.8
147.2,-31.55,1891,10,"051039",24.1
147.2,-31.55,1891,11,"051039",34.1
147.2,-31.55,1891,12,"051039",39.5
147.2,-31.55,1892,1,"051039",22.1
147.2,-31.55,1892,2,"051039",7.4
147.2,-31.55,1892,3,"051039",9.2
147.2,-31.55,1892,4,"051039",2.8
147.2,-31.55,1892,5,"051039",37.5
147.2,-31.55,1892,6,"051039",34.8
147.2,-31.55,1892,7,"051039",43.1
147.2,-31.55,1892,8,"051039",10
147.2,-31.55,1892,9,"051039",36.7
147.2,-31.55,1892,10,"051039",76.5
147.2,-31.55,1892,11,"051039",32.3
147.2,-31.55,1892,12,"051039",29.1
147.2,-31.55,1893,1,"051039",8.6
147.2,-31.55,1893,2,"051039",10.9
147.2,-31.55,1893,3,"051039",129.3
147.2,-31.55,1893,4,"051039",54.8
147.2,-31.55,1893,5,"051039",60
147.2,-31.55,1893,6,"051039",74.9
147.2,-31.55,1893,7,"051039",23.9
147.2,-31.55,1893,8,"051039",23.3
147.2,-31.55,1893,9,"051039",14.5
147.2,-31.55,1893,10,"051039",16.3
147.2,-31.55,1893,11,"051039",55.7
147.2,-31.55,1893,12,"051039",14.2
147.2,-31.55,1894,1,"051039",83.7
147.2,-31.55,1894,2,"051039",54
147.2,-31.55,1894,3,"051039",132.6
147.2,-31.55,1894,4,"051039",162.7
147.2,-31.55,1894,5,"051039",16.5
147.2,-31.55,1894,6,"051039",24.1
147.2,-31.55,1894,7,"051039",10.4
147.2,-31.55,1894,8,"051039",28
147.2,-31.55,1894,9,"051039",24.1
147.2,-31.55,1894,10,"051039",54.3
147.2,-31.55,1894,11,"051039",2.3
147.2,-31.55,1894,12,"051039",47.6
147.2,-31.55,1895,1,"051039",124
147.2,-31.55,1895,2,"051039",11.4
147.2,-31.55,1895,3,"051039",0
147.2,-31.55,1895,4,"051039",3.3
147.2,-31.55,1895,5,"051039",28.9
147.2,-31.55,1895,6,"051039",17.8
147.2,-31.55,1895,7,"051039",11.2
147.2,-31.55,1895,8,"051039",22.1
147.2,-31.55,1895,9,"051039",29.7
147.2,-31.55,1895,10,"051039",40.1
147.2,-31.55,1895,11,"051039",65.3
147.2,-31.55,1895,12,"051039",120.2
147.2,-31.55,1896,1,"051039",36.4
147.2,-31.55,1896,2,"051039",297
147.2,-31.55,1896,3,"051039",12.7
147.2,-31.55,1896,4,"051039",21.8
147.2,-31.55,1896,5,"051039",60.4
147.2,-31.55,1896,6,"051039",20.3
147.2,-31.55,1896,7,"051039",9.2
147.2,-31.55,1896,8,"051039",29
147.2,-31.55,1896,9,"051039",0
147.2,-31.55,1896,10,"051039",8
147.2,-31.55,1896,11,"051039",85.3
147.2,-31.55,1896,12,"051039",29.5
147.2,-31.55,1897,1,"051039",50
147.2,-31.55,1897,2,"051039",20.1
147.2,-31.55,1897,3,"051039",25.9
147.2,-31.55,1897,4,"051039",0
147.2,-31.55,1897,5,"051039",29.4
147.2,-31.55,1897,6,"051039",82.7
147.2,-31.55,1897,7,"051039",109.3
147.2,-31.55,1897,8,"051039",16.5
147.2,-31.55,1897,9,"051039",37.8
147.2,-31.55,1897,10,"051039",19.1
147.2,-31.55,1897,11,"051039",1.3
147.2,-31.55,1897,12,"051039",13.7
147.2,-31.55,1898,1,"051039",57.9
147.2,-31.55,1898,2,"051039",67.4
147.2,-31.55,1898,3,"051039",18.5
147.2,-31.55,1898,4,"051039",0
147.2,-31.55,1898,5,"051039",21.7
147.2,-31.55,1898,6,"051039",37.3
147.2,-31.55,1898,7,"051039",8.3
147.2,-31.55,1898,8,"051039",55.3
147.2,-31.55,1898,9,"051039",9.9
147.2,-31.55,1898,10,"051039",34.9
147.2,-31.55,1898,11,"051039",9.6
147.2,-31.55,1898,12,"051039",8.7
147.2,-31.55,1899,1,"051039",12.2
147.2,-31.55,1899,2,"051039",14
147.2,-31.55,1899,3,"051039",7.2
147.2,-31.55,1899,4,"051039",18.5
147.2,-31.55,1899,5,"051039",0
147.2,-31.55,1899,6,"051039",29.2
147.2,-31.55,1899,7,"051039",28.8
147.2,-31.55,1899,8,"051039",53.8
147.2,-31.55,1899,9,"051039",53.6
147.2,-31.55,1899,10,"051039",30.5
147.2,-31.55,1899,11,"051039",7.4
147.2,-31.55,1899,12,"051039",0
147.2,-31.55,1900,1,"051039",13.2
147.2,-31.55,1900,2,"051039",12.7
147.2,-31.55,1900,3,"051039",112.8
147.2,-31.55,1900,4,"051039",22.8
147.2,-31.55,1900,5,"051039",27.8
147.2,-31.55,1900,6,"051039",32.8
147.2,-31.55,1900,7,"051039",52.6
147.2,-31.55,1900,8,"051039",1.5
147.2,-31.55,1900,9,"051039",5.4
147.2,-31.55,1900,10,"051039",6.4
147.2,-31.55,1900,11,"051039",5.1
147.2,-31.55,1900,12,"051039",4.4
147.2,-31.55,1901,1,"051039",11.5
147.2,-31.55,1901,2,"051039",1.8
147.2,-31.55,1901,3,"051039",37.9
147.2,-31.55,1901,4,"051039",36
147.2,-31.55,1901,5,"051039",3.6
147.2,-31.55,1901,6,"051039",12.2
147.2,-31.55,1901,7,"051039",16.7
147.2,-31.55,1901,8,"051039",73.3
147.2,-31.55,1901,9,"051039",11.2
147.2,-31.55,1901,10,"051039",26.4
147.2,-31.55,1901,11,"051039",8.4
147.2,-31.55,1901,12,"051039",0
147.2,-31.55,1902,1,"051039",0
147.2,-31.55,1902,2,"051039",0
147.2,-31.55,1902,3,"051039",15.8
147.2,-31.55,1902,4,"051039",0
147.2,-31.55,1902,5,"051039",0
147.2,-31.55,1902,6,"051039",1.8
147.2,-31.55,1902,7,"051039",3.6
147.2,-31.55,1902,8,"051039",18.6
147.2,-31.55,1902,9,"051039",9.7
147.2,-31.55,1902,10,"051039",24.6
147.2,-31.55,1902,11,"051039",53.2
147.2,-31.55,1902,12,"051039",81.7
147.2,-31.55,1903,1,"051039",38.1
147.2,-31.55,1903,2,"051039",0
147.2,-31.55,1903,3,"051039",19.1
147.2,-31.55,1903,4,"051039",78.8
147.2,-31.55,1903,5,"051039",33.8
147.2,-31.55,1903,6,"051039",2.8
147.2,-31.55,1903,7,"051039",53.1
147.2,-31.55,1903,8,"051039",36
147.2,-31.55,1903,9,"051039",63.9
147.2,-31.55,1903,10,"051039",24.4
147.2,-31.55,1903,11,"051039",43.9
147.2,-31.55,1903,12,"051039",31
147.2,-31.55,1904,1,"051039",29.2
147.2,-31.55,1904,2,"051039",38.8
147.2,-31.55,1904,3,"051039",23.4
147.2,-31.55,1904,4,"051039",13.7
147.2,-31.55,1904,5,"051039",17.5
147.2,-31.55,1904,6,"051039",6.1
147.2,-31.55,1904,7,"051039",37.3
147.2,-31.55,1904,8,"051039",7.4
147.2,-31.55,1904,9,"051039",14.2
147.2,-31.55,1904,10,"051039",26.7
147.2,-31.55,1904,11,"051039",18
147.2,-31.55,1904,12,"051039",10.1
147.2,-31.55,1905,1,"051039",0
147.2,-31.55,1905,2,"051039",10.9
147.2,-31.55,1905,3,"051039",33.3
147.2,-31.55,1905,4,"051039",212.8
147.2,-31.55,1905,5,"051039",8.1
147.2,-31.55,1905,6,"051039",5.3
147.2,-31.55,1905,7,"051039",25.7
147.2,-31.55,1905,8,"051039",4.6
147.2,-31.55,1905,9,"051039",1.8
147.2,-31.55,1905,10,"051039",9.4
147.2,-31.55,1905,11,"051039",15.5
147.2,-31.55,1905,12,"051039",31
147.2,-31.55,1906,1,"051039",59.2
147.2,-31.55,1906,2,"051039",180.7
147.2,-31.55,1906,3,"051039",150.2
147.2,-31.55,1906,4,"051039",9.9
147.2,-31.55,1906,5,"051039",35.7
147.2,-31.55,1906,6,"051039",26.9
147.2,-31.55,1906,7,"051039",5.3
147.2,-31.55,1906,8,"051039",52.3
147.2,-31.55,1906,9,"051039",75.8
147.2,-31.55,1906,10,"051039",54.1
147.2,-31.55,1906,11,"051039",24.7
147.2,-31.55,1906,12,"051039",42
147.2,-31.55,1907,1,"051039",149.7
147.2,-31.55,1907,2,"051039",0
147.2,-31.55,1907,3,"051039",67
147.2,-31.55,1907,4,"051039",2.5
147.2,-31.55,1907,5,"051039",0
147.2,-31.55,1907,6,"051039",25.7
147.2,-31.55,1907,7,"051039",8.6
147.2,-31.55,1907,8,"051039",30.8
147.2,-31.55,1907,9,"051039",3
147.2,-31.55,1907,10,"051039",5.6
147.2,-31.55,1907,11,"051039",37.1
147.2,-31.55,1907,12,"051039",41.4
147.2,-31.55,1908,1,"051039",7.1
147.2,-31.55,1908,2,"051039",39.6
147.2,-31.55,1908,3,"051039",0
147.2,-31.55,1908,4,"051039",32.5
147.2,-31.55,1908,5,"051039",10.2
147.2,-31.55,1908,6,"051039",9.2
147.2,-31.55,1908,7,"051039",26.7
147.2,-31.55,1908,8,"051039",37.6
147.2,-31.55,1908,9,"051039",14.8
147.2,-31.55,1908,10,"051039",22.6
147.2,-31.55,1908,11,"051039",22.1
147.2,-31.55,1908,12,"051039",14.2
147.2,-31.55,1909,1,"051039",81.9
147.2,-31.55,1909,2,"051039",76.2
147.2,-31.55,1909,3,"051039",20.3
147.2,-31.55,1909,4,"051039",17.1
147.2,-31.55,1909,5,"051039",14
147.2,-31.55,1909,6,"051039",41.4
147.2,-31.55,1909,7,"051039",1.8
147.2,-31.55,1909,8,"051039",86.4
147.2,-31.55,1909,9,"051039",23.3
147.2,-31.55,1909,10,"051039",12.5
147.2,-31.55,1909,11,"051039",9.5
147.2,-31.55,1909,12,"051039",126.6
147.2,-31.55,1910,1,"051039",127.4
147.2,-31.55,1910,2,"051039",3.8
147.2,-31.55,1910,3,"051039",72.7
147.2,-31.55,1910,4,"051039",9.4
147.2,-31.55,1910,5,"051039",12.2
147.2,-31.55,1910,6,"051039",42.5
147.2,-31.55,1910,7,"051039",10.9
147.2,-31.55,1910,8,"051039",6
147.2,-31.55,1910,9,"051039",15.8
147.2,-31.55,1910,10,"051039",10.7
147.2,-31.55,1910,11,"051039",38
147.2,-31.55,1910,12,"051039",44.9
147.2,-31.55,1911,1,"051039",69.1
147.2,-31.55,1911,2,"051039",51.6
147.2,-31.55,1911,3,"051039",2.1
147.2,-31.55,1911,4,"051039",0
147.2,-31.55,1911,5,"051039",41.4
147.2,-31.55,1911,6,"051039",11.4
147.2,-31.55,1911,7,"051039",29.1
147.2,-31.55,1911,8,"051039",44.7
147.2,-31.55,1911,9,"051039",28.7
147.2,-31.55,1911,10,"051039",4.1
147.2,-31.55,1911,11,"051039",58.7
147.2,-31.55,1911,12,"051039",101.9
147.2,-31.55,1912,1,"051039",9.1
147.2,-31.55,1912,2,"051039",4.1
147.2,-31.55,1912,3,"051039",4.8
147.2,-31.55,1912,4,"051039",0
147.2,-31.55,1912,5,"051039",0.3
147.2,-31.55,1912,6,"051039",83.8
147.2,-31.55,1912,7,"051039",57.4
147.2,-31.55,1912,8,"051039",18.5
147.2,-31.55,1912,9,"051039",6.6
147.2,-31.55,1912,10,"051039",19.8
147.2,-31.55,1912,11,"051039",0
147.2,-31.55,1912,12,"051039",10.7
147.2,-31.55,1913,1,"051039",20.3
147.2,-31.55,1913,2,"051039",42.7
147.2,-31.55,1913,3,"051039",44.6
147.2,-31.55,1913,4,"051039",29.4
147.2,-31.55,1913,5,"051039",56.4
147.2,-31.55,1913,6,"051039",94.7
147.2,-31.55,1913,7,"051039",7.9
147.2,-31.55,1913,8,"051039",8.4
147.2,-31.55,1913,9,"051039",3.5
147.2,-31.55,1913,10,"051039",13.7
147.2,-31.55,1913,11,"051039",11.4
147.2,-31.55,1913,12,"051039",33.8
147.2,-31.55,1914,1,"051039",8.6
147.2,-31.55,1914,2,"051039",43.7
147.2,-31.55,1914,3,"051039",36.7
147.2,-31.55,1914,4,"051039",3.3
147.2,-31.55,1914,5,"051039",19
147.2,-31.55,1914,6,"051039",15
147.2,-31.55,1914,7,"051039",18.6
147.2,-31.55,1914,8,"051039",0
147.2,-31.55,1914,9,"051039",8.9
147.2,-31.55,1914,10,"051039",4.8
147.2,-31.55,1914,11,"051039",46.1
147.2,-31.55,1914,12,"051039",127.8
147.2,-31.55,1915,1,"051039",15.5
147.2,-31.55,1915,2,"051039",0
147.2,-31.55,1915,3,"051039",4.4
147.2,-31.55,1915,4,"051039",2.8
147.2,-31.55,1915,5,"051039",111.5
147.2,-31.55,1915,6,"051039",11.2
147.2,-31.55,1915,7,"051039",9.5
147.2,-31.55,1915,8,"051039",14.5
147.2,-31.55,1915,9,"051039",20.2
147.2,-31.55,1915,10,"051039",40.4
147.2,-31.55,1915,11,"051039",0
147.2,-31.55,1915,12,"051039",36.6
147.2,-31.55,1916,1,"051039",17.5
147.2,-31.55,1916,2,"051039",18.3
147.2,-31.55,1916,3,"051039",0
147.2,-31.55,1916,4,"051039",99.4
147.2,-31.55,1916,5,"051039",6.4
147.2,-31.55,1916,6,"051039",69
147.2,-31.55,1916,7,"051039",76.2
147.2,-31.55,1916,8,"051039",18.8
147.2,-31.55,1916,9,"051039",40.4
147.2,-31.55,1916,10,"051039",109.3
147.2,-31.55,1916,11,"051039",48.1
147.2,-31.55,1916,12,"051039",81.5
147.2,-31.55,1917,1,"051039",89.2
147.2,-31.55,1917,2,"051039",37.9
147.2,-31.55,1917,3,"051039",5.6
147.2,-31.55,1917,4,"051039",13.2
147.2,-31.55,1917,5,"051039",5.4
147.2,-31.55,1917,6,"051039",70.1
147.2,-31.55,1917,7,"051039",31.9
147.2,-31.55,1917,8,"051039",30.6
147.2,-31.55,1917,9,"051039",31.5
147.2,-31.55,1917,10,"051039",41.8
147.2,-31.55,1917,11,"051039",90.8
147.2,-31.55,1917,12,"051039",38.7
147.2,-31.55,1918,1,"051039",82.9
147.2,-31.55,1918,2,"051039",7.2
147.2,-31.55,1918,3,"051039",11.4
147.2,-31.55,1918,4,"051039",15.5
147.2,-31.55,1918,5,"051039",13.7
147.2,-31.55,1918,6,"051039",17.8
147.2,-31.55,1918,7,"051039",21.9
147.2,-31.55,1918,8,"051039",44.7
147.2,-31.55,1918,9,"051039",7.6
147.2,-31.55,1918,10,"051039",11.1
147.2,-31.55,1918,11,"051039",3.1
147.2,-31.55,1918,12,"051039",11.2
147.2,-31.55,1919,1,"051039",11.4
147.2,-31.55,1919,2,"051039",40.4
147.2,-31.55,1919,3,"051039",1.5
147.2,-31.55,1919,4,"051039",6.8
147.2,-31.55,1919,5,"051039",68.7
147.2,-31.55,1919,6,"051039",0
147.2,-31.55,1919,7,"051039",4.8
147.2,-31.55,1919,8,"051039",25.7
147.2,-31.55,1919,9,"051039",9.6
147.2,-31.55,1919,10,"051039",0.8
147.2,-31.55,1919,11,"051039",0
147.2,-31.55,1919,12,"051039",35.5
147.2,-31.55,1920,1,"051039",47.5
147.2,-31.55,1920,2,"051039",0
147.2,-31.55,1920,3,"051039",0.5
147.2,-31.55,1920,4,"051039",0
147.2,-31.55,1920,5,"051039",17.1
147.2,-31.55,1920,6,"051039",86.7
147.2,-31.55,1920,7,"051039",58.9
147.2,-31.55,1920,8,"051039",19.5
147.2,-31.55,1920,9,"051039",81.5
147.2,-31.55,1920,10,"051039",54.8
147.2,-31.55,1920,11,"051039",29.2
147.2,-31.55,1920,12,"051039",72.2
147.2,-31.55,1921,1,"051039",63.6
147.2,-31.55,1921,2,"051039",38.1
147.2,-31.55,1921,3,"051039",20.6
147.2,-31.55,1921,4,"051039",44.8
147.2,-31.55,1921,5,"051039",56.9
147.2,-31.55,1921,6,"051039",61.5
147.2,-31.55,1921,7,"051039",59.5
147.2,-31.55,1921,8,"051039",17.5
147.2,-31.55,1921,9,"051039",23.6
147.2,-31.55,1921,10,"051039",17.2
147.2,-31.55,1921,11,"051039",22.1
147.2,-31.55,1921,12,"051039",59.8
147.2,-31.55,1922,1,"051039",19.3
147.2,-31.55,1922,2,"051039",34.8
147.2,-31.55,1922,3,"051039",0
147.2,-31.55,1922,4,"051039",11.9
147.2,-31.55,1922,5,"051039",2.8
147.2,-31.55,1922,6,"051039",10.9
147.2,-31.55,1922,7,"051039",23.3
147.2,-31.55,1922,8,"051039",14.2
147.2,-31.55,1922,9,"051039",22.7
147.2,-31.55,1922,10,"051039",9.1
147.2,-31.55,1922,11,"051039",0
147.2,-31.55,1922,12,"051039",51
147.2,-31.55,1923,1,"051039",38.9
147.2,-31.55,1923,2,"051039",0.5
147.2,-31.55,1923,3,"051039",0.8
147.2,-31.55,1923,4,"051039",3.3
147.2,-31.55,1923,5,"051039",10.1
147.2,-31.55,1923,6,"051039",77.8
147.2,-31.55,1923,7,"051039",25.9
147.2,-31.55,1923,8,"051039",3.3
147.2,-31.55,1923,9,"051039",4.1
147.2,-31.55,1923,10,"051039",15.5
147.2,-31.55,1923,11,"051039",35.3
147.2,-31.55,1923,12,"051039",113.2
147.2,-31.55,1924,1,"051039",14
147.2,-31.55,1924,2,"051039",59.8
147.2,-31.55,1924,3,"051039",5.8
147.2,-31.55,1924,4,"051039",19.5
147.2,-31.55,1924,5,"051039",2.6
147.2,-31.55,1924,6,"051039",23.4
147.2,-31.55,1924,7,"051039",27.8
147.2,-31.55,1924,8,"051039",16.8
147.2,-31.55,1924,9,"051039",51.1
147.2,-31.55,1924,10,"051039",44.8
147.2,-31.55,1924,11,"051039",144.1
147.2,-31.55,1924,12,"051039",56.3
147.2,-31.55,1925,1,"051039",87.9
147.2,-31.55,1925,2,"051039",21.6
147.2,-31.55,1925,3,"051039",29.7
147.2,-31.55,1925,4,"051039",0.3
147.2,-31.55,1925,5,"051039",39.4
147.2,-31.55,1925,6,"051039",128.8
147.2,-31.55,1925,7,"051039",24
147.2,-31.55,1925,8,"051039",23.1
147.2,-31.55,1925,9,"051039",4.9
147.2,-31.55,1925,10,"051039",15
147.2,-31.55,1925,11,"051039",99.8
147.2,-31.55,1925,12,"051039",30
147.2,-31.55,1926,1,"051039",27.1
147.2,-31.55,1926,2,"051039",1.3
147.2,-31.55,1926,3,"051039",79.8
147.2,-31.55,1926,4,"051039",84
147.2,-31.55,1926,5,"051039",49.1
147.2,-31.55,1926,6,"051039",23.4
147.2,-31.55,1926,7,"051039",12.5
147.2,-31.55,1926,8,"051039",6.9
147.2,-31.55,1926,9,"051039",26.9
147.2,-31.55,1926,10,"051039",3.3
147.2,-31.55,1926,11,"051039",0
147.2,-31.55,1926,12,"051039",52.6
147.2,-31.55,1927,1,"051039",15.8
147.2,-31.55,1927,2,"051039",1.3
147.2,-31.55,1927,3,"051039",23.5
147.2,-31.55,1927,4,"051039",32.2
147.2,-31.55,1927,5,"051039",15.7
147.2,-31.55,1927,6,"051039",48.8
147.2,-31.55,1927,7,"051039",0
147.2,-31.55,1927,8,"051039",19.8
147.2,-31.55,1927,9,"051039",52.8
147.2,-31.55,1927,10,"051039",16
147.2,-31.55,1927,11,"051039",43.4
147.2,-31.55,1927,12,"051039",60.2
147.2,-31.55,1928,1,"051039",44.1
147.2,-31.55,1928,2,"051039",139.8
147.2,-31.55,1928,3,"051039",17.3
147.2,-31.55,1928,4,"051039",56.4
147.2,-31.55,1928,5,"051039",24.6
147.2,-31.55,1928,6,"051039",16.5
147.2,-31.55,1928,7,"051039",40.4
147.2,-31.55,1928,8,"051039",0
147.2,-31.55,1928,9,"051039",0.8
147.2,-31.55,1928,10,"051039",19.1
147.2,-31.55,1928,11,"051039",16
147.2,-31.55,1928,12,"051039",0
147.2,-31.55,1929,1,"051039",1.8
147.2,-31.55,1929,2,"051039",0
147.2,-31.55,1929,3,"051039",28.2
147.2,-31.55,1929,4,"051039",39.4
147.2,-31.55,1929,5,"051039",0
147.2,-31.55,1929,6,"051039",1.8
147.2,-31.55,1929,7,"051039",26.1
147.2,-31.55,1929,8,"051039",33.2
147.2,-31.55,1929,9,"051039",14.5
147.2,-31.55,1929,10,"051039",15.2
147.2,-31.55,1929,11,"051039",17.3
147.2,-31.55,1929,12,"051039",12.5
147.2,-31.55,1930,1,"051039",32.5
147.2,-31.55,1930,2,"051039",5.2
147.2,-31.55,1930,3,"051039",17.7
147.2,-31.55,1930,4,"051039",13.2
147.2,-31.55,1930,5,"051039",28.7
147.2,-31.55,1930,6,"051039",88.9
147.2,-31.55,1930,7,"051039",49.6
147.2,-31.55,1930,8,"051039",45
147.2,-31.55,1930,9,"051039",5.1
147.2,-31.55,1930,10,"051039",47.8
147.2,-31.55,1930,11,"051039",27.7
147.2,-31.55,1930,12,"051039",72
147.2,-31.55,1931,1,"051039",30.2
147.2,-31.55,1931,2,"051039",1
147.2,-31.55,1931,3,"051039",156.2
147.2,-31.55,1931,4,"051039",78.1
147.2,-31.55,1931,5,"051039",91.1
147.2,-31.55,1931,6,"051039",69.9
147.2,-31.55,1931,7,"051039",26.4
147.2,-31.55,1931,8,"051039",5.6
147.2,-31.55,1931,9,"051039",4.6
147.2,-31.55,1931,10,"051039",4.1
147.2,-31.55,1931,11,"051039",25.1
147.2,-31.55,1931,12,"051039",124
147.2,-31.55,1932,1,"051039",3.6
147.2,-31.55,1932,2,"051039",14.2
147.2,-31.55,1932,3,"051039",99.7
147.2,-31.55,1932,4,"051039",38.6
147.2,-31.55,1932,5,"051039",35.3
147.2,-31.55,1932,6,"051039",13
147.2,-31.55,1932,7,"051039",17.2
147.2,-31.55,1932,8,"051039",25
147.2,-31.55,1932,9,"051039",84.4
147.2,-31.55,1932,10,"051039",15
147.2,-31.55,1932,11,"051039",25.4
147.2,-31.55,1932,12,"051039",18.6
147.2,-31.55,1933,1,"051039",10.7
147.2,-31.55,1933,2,"051039",0
147.2,-31.55,1933,3,"051039",11.2
147.2,-31.55,1933,4,"051039",7.1
147.2,-31.55,1933,5,"051039",17.2
147.2,-31.55,1933,6,"051039",9.9
147.2,-31.55,1933,7,"051039",20.8
147.2,-31.55,1933,8,"051039",3.5
147.2,-31.55,1933,9,"051039",76.6
147.2,-31.55,1933,10,"051039",24.9
147.2,-31.55,1933,11,"051039",73
147.2,-31.55,1933,12,"051039",36.7
147.2,-31.55,1934,1,"051039",39.1
147.2,-31.55,1934,2,"051039",100.2
147.2,-31.55,1934,3,"051039",0
147.2,-31.55,1934,4,"051039",19.4
147.2,-31.55,1934,5,"051039",0
147.2,-31.55,1934,6,"051039",35
147.2,-31.55,1934,7,"051039",48.5
147.2,-31.55,1934,8,"051039",61.1
147.2,-31.55,1934,9,"051039",29.5
147.2,-31.55,1934,10,"051039",113.1
147.2,-31.55,1934,11,"051039",58.9
147.2,-31.55,1934,12,"051039",10.4
147.2,-31.55,1935,1,"051039",32.9
147.2,-31.55,1935,2,"051039",2.3
147.2,-31.55,1935,3,"051039",0
147.2,-31.55,1935,4,"051039",16.3
147.2,-31.55,1935,5,"051039",3.8
147.2,-31.55,1935,6,"051039",3.1
147.2,-31.55,1935,7,"051039",27
147.2,-31.55,1935,8,"051039",10.9
147.2,-31.55,1935,9,"051039",81.5
147.2,-31.55,1935,10,"051039",54.1
147.2,-31.55,1935,11,"051039",14
147.2,-31.55,1935,12,"051039",3.8
147.2,-31.55,1936,1,"051039",162.5
147.2,-31.55,1936,2,"051039",53.6
147.2,-31.55,1936,3,"051039",152.4
147.2,-31.55,1936,4,"051039",1.3
147.2,-31.55,1936,5,"051039",1.5
147.2,-31.55,1936,6,"051039",54.1
147.2,-31.55,1936,7,"051039",71.4
147.2,-31.55,1936,8,"051039",38.3
147.2,-31.55,1936,9,"051039",6.1
147.2,-31.55,1936,10,"051039",9.9
147.2,-31.55,1936,11,"051039",0
147.2,-31.55,1936,12,"051039",149.3
147.2,-31.55,1937,1,"051039",44.3
147.2,-31.55,1937,2,"051039",45.2
147.2,-31.55,1937,3,"051039",14.2
147.2,-31.55,1937,4,"051039",5.7
147.2,-31.55,1937,5,"051039",13.8
147.2,-31.55,1937,6,"051039",45.3
147.2,-31.55,1937,7,"051039",10.7
147.2,-31.55,1937,8,"051039",35.1
147.2,-31.55,1937,9,"051039",4.6
147.2,-31.55,1937,10,"051039",1.3
147.2,-31.55,1937,11,"051039",15.5
147.2,-31.55,1937,12,"051039",9.7
147.2,-31.55,1938,1,"051039",7.8
147.2,-31.55,1938,2,"051039",5.1
147.2,-31.55,1938,3,"051039",8.3
147.2,-31.55,1938,4,"051039",4.9
147.2,-31.55,1938,5,"051039",28
147.2,-31.55,1938,6,"051039",53.2
147.2,-31.55,1938,7,"051039",39
147.2,-31.55,1938,8,"051039",25.4
147.2,-31.55,1938,9,"051039",15.7
147.2,-31.55,1938,10,"051039",87.3
147.2,-31.55,1938,11,"051039",61.8
147.2,-31.55,1938,12,"051039",0
147.2,-31.55,1939,1,"051039",47.6
147.2,-31.55,1939,2,"051039",109.3
147.2,-31.55,1939,3,"051039",82.2
147.2,-31.55,1939,4,"051039",55.5
147.2,-31.55,1939,5,"051039",13.5
147.2,-31.55,1939,6,"051039",34.4
147.2,-31.55,1939,7,"051039",26.7
147.2,-31.55,1939,8,"051039",78.3
147.2,-31.55,1939,9,"051039",0
147.2,-31.55,1939,10,"051039",23.1
147.2,-31.55,1939,11,"051039",24.9
147.2,-31.55,1939,12,"051039",7.6
147.2,-31.55,1940,1,"051039",2.5
147.2,-31.55,1940,2,"051039",0
147.2,-31.55,1940,3,"051039",0
147.2,-31.55,1940,4,"051039",91.1
147.2,-31.55,1940,5,"051039",2.3
147.2,-31.55,1940,6,"051039",2
147.2,-31.55,1940,7,"051039",0
147.2,-31.55,1940,8,"051039",18
147.2,-31.55,1940,9,"051039",33.8
147.2,-31.55,1940,10,"051039",0
147.2,-31.55,1940,11,"051039",11.6
147.2,-31.55,1940,12,"051039",69.8
147.2,-31.55,1941,1,"051039",144.8
147.2,-31.55,1941,2,"051039",0
147.2,-31.55,1941,3,"051039",111.1
147.2,-31.55,1941,4,"051039",0
147.2,-31.55,1941,5,"051039",11.7
147.2,-31.55,1941,6,"051039",52.1
147.2,-31.55,1941,7,"051039",8.1
147.2,-31.55,1941,8,"051039",1.3
147.2,-31.55,1941,9,"051039",2.5
147.2,-31.55,1941,10,"051039",3.3
147.2,-31.55,1941,11,"051039",24.9
147.2,-31.55,1941,12,"051039",11.4
147.2,-31.55,1942,1,"051039",31.2
147.2,-31.55,1942,2,"051039",66.8
147.2,-31.55,1942,3,"051039",1
147.2,-31.55,1942,4,"051039",0
147.2,-31.55,1942,5,"051039",92
147.2,-31.55,1942,6,"051039",41.1
147.2,-31.55,1942,7,"051039",34.2
147.2,-31.55,1942,8,"051039",5.9
147.2,-31.55,1942,9,"051039",30.1
147.2,-31.55,1942,10,"051039",37
147.2,-31.55,1942,11,"051039",50.4
147.2,-31.55,1942,12,"051039",56.6
147.2,-31.55,1943,1,"051039",39.8
147.2,-31.55,1943,2,"051039",21.5
147.2,-31.55,1943,3,"051039",0
147.2,-31.55,1943,4,"051039",37.6
147.2,-31.55,1943,5,"051039",41.1
147.2,-31.55,1943,6,"051039",8.5
147.2,-31.55,1943,7,"051039",16.5
147.2,-31.55,1943,8,"051039",11.6
147.2,-31.55,1943,9,"051039",20
147.2,-31.55,1943,10,"051039",31.6
147.2,-31.55,1943,11,"051039",72.1
147.2,-31.55,1943,12,"051039",1.5
147.2,-31.55,1944,1,"051039",0
147.2,-31.55,1944,2,"051039",45.4
147.2,-31.55,1944,3,"051039",27.2
147.2,-31.55,1944,4,"051039",6.6
147.2,-31.55,1944,5,"051039",43
147.2,-31.55,1944,6,"051039",2.8
147.2,-31.55,1944,7,"051039",18.6
147.2,-31.55,1944,8,"051039",57.7
147.2,-31.55,1944,9,"051039",5.3
147.2,-31.55,1944,10,"051039",5.1
147.2,-31.55,1944,11,"051039",3.8
147.2,-31.55,1944,12,"051039",1.5
147.2,-31.55,1945,1,"051039",24
147.2,-31.55,1945,2,"051039",52.4
147.2,-31.55,1945,3,"051039",8.2
147.2,-31.55,1945,4,"051039",59.4
147.2,-31.55,1945,5,"051039",62.3
147.2,-31.55,1945,6,"051039",78.3
147.2,-31.55,1945,7,"051039",28.5
147.2,-31.55,1945,8,"051039",61.3
147.2,-31.55,1945,9,"051039",6.1
147.2,-31.55,1945,10,"051039",12.2
147.2,-31.55,1945,11,"051039",4.6
147.2,-31.55,1945,12,"051039",1.3
147.2,-31.55,1946,1,"051039",52.8
147.2,-31.55,1946,2,"051039",19.8
147.2,-31.55,1946,3,"051039",35.6
147.2,-31.55,1946,4,"051039",12
147.2,-31.55,1946,5,"051039",12.1
147.2,-31.55,1946,6,"051039",11.8
147.2,-31.55,1946,7,"051039",5.7
147.2,-31.55,1946,8,"051039",2
147.2,-31.55,1946,9,"051039",40.9
147.2,-31.55,1946,10,"051039",3.8
147.2,-31.55,1946,11,"051039",9.1
147.2,-31.55,1946,12,"051039",46.5
147.2,-31.55,1947,1,"051039",11.7
147.2,-31.55,1947,2,"051039",117.6
147.2,-31.55,1947,3,"051039",13.5
147.2,-31.55,1947,4,"051039",7.9
147.2,-31.55,1947,5,"051039",26.5
147.2,-31.55,1947,6,"051039",18.3
147.2,-31.55,1947,7,"051039",32
147.2,-31.55,1947,8,"051039",31.3
147.2,-31.55,1947,9,"051039",49.2
147.2,-31.55,1947,10,"051039",58.9
147.2,-31.55,1947,11,"051039",67.5
147.2,-31.55,1947,12,"051039",74.4
147.2,-31.55,1948,1,"051039",10.5
147.2,-31.55,1948,2,"051039",44.5
147.2,-31.55,1948,3,"051039",11.7
147.2,-31.55,1948,4,"051039",31.7
147.2,-31.55,1948,5,"051039",58
147.2,-31.55,1948,6,"051039",128.4
147.2,-31.55,1948,7,"051039",13.2
147.2,-31.55,1948,8,"051039",25.1
147.2,-31.55,1948,9,"051039",32.6
147.2,-31.55,1948,10,"051039",6.1
147.2,-31.55,1948,11,"051039",32.6
147.2,-31.55,1948,12,"051039",15.2
147.2,-31.55,1949,1,"051039",94.8
147.2,-31.55,1949,2,"051039",30.5
147.2,-31.55,1949,3,"051039",89.8
147.2,-31.55,1949,4,"051039",29.2
147.2,-31.55,1949,5,"051039",63.4
147.2,-31.55,1949,6,"051039",22.8
147.2,-31.55,1949,7,"051039",9.5
147.2,-31.55,1949,8,"051039",17.5
147.2,-31.55,1949,9,"051039",85.6
147.2,-31.55,1949,10,"051039",65.8
147.2,-31.55,1949,11,"051039",26.5
147.2,-31.55,1949,12,"051039",12.4
147.2,-31.55,1950,1,"051039",59.4
147.2,-31.55,1950,2,"051039",211.8
147.2,-31.55,1950,3,"051039",201.9
147.2,-31.55,1950,4,"051039",97.2
147.2,-31.55,1950,5,"051039",31
147.2,-31.55,1950,6,"051039",88.5
147.2,-31.55,1950,7,"051039",67.4
147.2,-31.55,1950,8,"051039",49.5
147.2,-31.55,1950,9,"051039",36.7
147.2,-31.55,1950,10,"051039",150.8
147.2,-31.55,1950,11,"051039",132.8
147.2,-31.55,1950,12,"051039",0
147.2,-31.55,1951,1,"051039",41.1
147.2,-31.55,1951,2,"051039",9.7
147.2,-31.55,1951,3,"051039",14.2
147.2,-31.55,1951,4,"051039",11
147.2,-31.55,1951,5,"051039",43.5
147.2,-31.55,1951,6,"051039",46.5
147.2,-31.55,1951,7,"051039",10.2
147.2,-31.55,1951,8,"051039",34.2
147.2,-31.55,1951,9,"051039",11.9
147.2,-31.55,1951,10,"051039",11.4
147.2,-31.55,1951,11,"051039",13.2
147.2,-31.55,1951,12,"051039",4.6
147.2,-31.55,1952,1,"051039",7.9
147.2,-31.55,1952,2,"051039",16.7
147.2,-31.55,1952,3,"051039",81.7
147.2,-31.55,1952,4,"051039",33.6
147.2,-31.55,1952,5,"051039",57.1
147.2,-31.55,1952,6,"051039",23.4
147.2,-31.55,1952,7,"051039",40.9
147.2,-31.55,1952,8,"051039",105.4
147.2,-31.55,1952,9,"051039",12
147.2,-31.55,1952,10,"051039",25.9
147.2,-31.55,1952,11,"051039",24.9
147.2,-31.55,1952,12,"051039",41.1
147.2,-31.55,1953,1,"051039",27.5
147.2,-31.55,1953,2,"051039",36
147.2,-31.55,1953,3,"051039",25.5
147.2,-31.55,1953,4,"051039",17.7
147.2,-31.55,1953,5,"051039",41.7
147.2,-31.55,1953,6,"051039",4.1
147.2,-31.55,1953,7,"051039",4.1
147.2,-31.55,1953,8,"051039",38.5
147.2,-31.55,1953,9,"051039",14.8
147.2,-31.55,1953,10,"051039",49.9
147.2,-31.55,1953,11,"051039",33
147.2,-31.55,1953,12,"051039",17.8
147.2,-31.55,1954,1,"051039",38.6
147.2,-31.55,1954,2,"051039",80.8
147.2,-31.55,1954,3,"051039",0
147.2,-31.55,1954,4,"051039",11.4
147.2,-31.55,1954,5,"051039",2.3
147.2,-31.55,1954,6,"051039",23.7
147.2,-31.55,1954,7,"051039",9.7
147.2,-31.55,1954,8,"051039",16.3
147.2,-31.55,1954,9,"051039",25.9
147.2,-31.55,1954,10,"051039",78.7
147.2,-31.55,1954,11,"051039",39.9
147.2,-31.55,1954,12,"051039",30
147.2,-31.55,1955,1,"051039",95.8
147.2,-31.55,1955,2,"051039",296.2
147.2,-31.55,1955,3,"051039",15.7
147.2,-31.55,1955,4,"051039",44.7
147.2,-31.55,1955,5,"051039",38.7
147.2,-31.55,1955,6,"051039",37.6
147.2,-31.55,1955,7,"051039",31.2
147.2,-31.55,1955,8,"051039",38.3
147.2,-31.55,1955,9,"051039",45.5
147.2,-31.55,1955,10,"051039",119.1
147.2,-31.55,1955,11,"051039",47.4
147.2,-31.55,1955,12,"051039",5.9
147.2,-31.55,1956,1,"051039",43.5
147.2,-31.55,1956,2,"051039",123.2
147.2,-31.55,1956,3,"051039",233.1
147.2,-31.55,1956,4,"051039",52.5
147.2,-31.55,1956,5,"051039",81.7
147.2,-31.55,1956,6,"051039",72.4
147.2,-31.55,1956,7,"051039",82.2
147.2,-31.55,1956,8,"051039",3.3
147.2,-31.55,1956,9,"051039",12.7
147.2,-31.55,1956,10,"051039",88.8
147.2,-31.55,1956,11,"051039",4.8
147.2,-31.55,1956,12,"051039",16.5
147.2,-31.55,1957,1,"051039",9.4
147.2,-31.55,1957,2,"051039",90
147.2,-31.55,1957,3,"051039",10.6
147.2,-31.55,1957,4,"051039",4.4
147.2,-31.55,1957,5,"051039",0
147.2,-31.55,1957,6,"051039",28.7
147.2,-31.55,1957,7,"051039",13
147.2,-31.55,1957,8,"051039",12.7
147.2,-31.55,1957,9,"051039",0
147.2,-31.55,1957,10,"051039",12.4
147.2,-31.55,1957,11,"051039",7.1
147.2,-31.55,1957,12,"051039",47.4
147.2,-31.55,1958,1,"051039",39.9
147.2,-31.55,1958,2,"051039",13.2
147.2,-31.55,1958,3,"051039",19.3
147.2,-31.55,1958,4,"051039",23.2
147.2,-31.55,1958,5,"051039",40
147.2,-31.55,1958,6,"051039",14.7
147.2,-31.55,1958,7,"051039",34.2
147.2,-31.55,1958,8,"051039",25.7
147.2,-31.55,1958,9,"051039",57.6
147.2,-31.55,1958,10,"051039",45.4
147.2,-31.55,1958,11,"051039",7.9
147.2,-31.55,1958,12,"051039",77.3
147.2,-31.55,1959,1,"051039",141.3
147.2,-31.55,1959,2,"051039",81.7
147.2,-31.55,1959,3,"051039",94.3
147.2,-31.55,1959,4,"051039",134.4
147.2,-31.55,1959,5,"051039",12.2
147.2,-31.55,1959,6,"051039",32.1
147.2,-31.55,1959,7,"051039",49.8
147.2,-31.55,1959,8,"051039",0
147.2,-31.55,1959,9,"051039",9.4
147.2,-31.55,1959,10,"051039",18.8
147.2,-31.55,1959,11,"051039",4.3
147.2,-31.55,1959,12,"051039",18.5
147.2,-31.55,1960,1,"051039",21.8
147.2,-31.55,1960,2,"051039",3.8
147.2,-31.55,1960,3,"051039",9.4
147.2,-31.55,1960,4,"051039",31.5
147.2,-31.55,1960,5,"051039",38.1
147.2,-31.55,1960,6,"051039",1.3
147.2,-31.55,1960,7,"051039",40.5
147.2,-31.55,1960,8,"051039",79.5
147.2,-31.55,1960,9,"051039",40
147.2,-31.55,1960,10,"051039",12.2
147.2,-31.55,1960,11,"051039",102.1
147.2,-31.55,1960,12,"051039",8.2
147.2,-31.55,1961,1,"051039",45.2
147.2,-31.55,1961,2,"051039",2.9
147.2,-31.55,1961,3,"051039",30.3
147.2,-31.55,1961,4,"051039",63.5
147.2,-31.55,1961,5,"051039",2.1
147.2,-31.55,1961,6,"051039",35.4
147.2,-31.55,1961,7,"051039",34.8
147.2,-31.55,1961,8,"051039",21.7
147.2,-31.55,1961,9,"051039",5.8
147.2,-31.55,1961,10,"051039",15
147.2,-31.55,1961,11,"051039",112.2
147.2,-31.55,1961,12,"051039",74.1
147.2,-31.55,1962,1,"051039",77.4
147.2,-31.55,1962,2,"051039",34.9
147.2,-31.55,1962,3,"051039",43.4
147.2,-31.55,1962,4,"051039",0
147.2,-31.55,1962,5,"051039",30.4
147.2,-31.55,1962,6,"051039",3.1
147.2,-31.55,1962,7,"051039",69.7
147.2,-31.55,1962,8,"051039",51
147.2,-31.55,1962,9,"051039",29.8
147.2,-31.55,1962,10,"051039",33.6
147.2,-31.55,1962,11,"051039",10.9
147.2,-31.55,1962,12,"051039",170.6
147.2,-31.55,1963,1,"051039",90.4
147.2,-31.55,1963,2,"051039",25.9
147.2,-31.55,1963,3,"051039",47.3
147.2,-31.55,1963,4,"051039",29.7
147.2,-31.55,1963,5,"051039",61.5
147.2,-31.55,1963,6,"051039",43.8
147.2,-31.55,1963,7,"051039",16.3
147.2,-31.55,1963,8,"051039",52.6
147.2,-31.55,1963,9,"051039",25.4
147.2,-31.55,1963,10,"051039",29.5
147.2,-31.55,1963,11,"051039",46
147.2,-31.55,1963,12,"051039",24.7
147.2,-31.55,1964,1,"051039",22.4
147.2,-31.55,1964,2,"051039",63.5
147.2,-31.55,1964,3,"051039",44.9
147.2,-31.55,1964,4,"051039",16.2
147.2,-31.55,1964,5,"051039",7.6
147.2,-31.55,1964,6,"051039",27.7
147.2,-31.55,1964,7,"051039",25.9
147.2,-31.55,1964,8,"051039",28.2
147.2,-31.55,1964,9,"051039",71.7
147.2,-31.55,1964,10,"051039",79.7
147.2,-31.55,1964,11,"051039",0
147.2,-31.55,1964,12,"051039",5.6
147.2,-31.55,1965,1,"051039",0
147.2,-31.55,1965,2,"051039",0
147.2,-31.55,1965,3,"051039",6.7
147.2,-31.55,1965,4,"051039",5.4
147.2,-31.55,1965,5,"051039",13.6
147.2,-31.55,1965,6,"051039",12.9
147.2,-31.55,1965,7,"051039",10.2
147.2,-31.55,1965,8,"051039",22.1
147.2,-31.55,1965,9,"051039",17.1
147.2,-31.55,1965,10,"051039",25.9
147.2,-31.55,1965,11,"051039",7.1
147.2,-31.55,1965,12,"051039",48.3
147.2,-31.55,1966,1,"051039",15.8
147.2,-31.55,1966,2,"051039",8.6
147.2,-31.55,1966,3,"051039",85.3
147.2,-31.55,1966,4,"051039",1.6
147.2,-31.55,1966,5,"051039",22.9
147.2,-31.55,1966,6,"051039",7.6
147.2,-31.55,1966,7,"051039",21.1
147.2,-31.55,1966,8,"051039",99.5
147.2,-31.55,1966,9,"051039",17.3
147.2,-31.55,1966,10,"051039",26.4
147.2,-31.55,1966,11,"051039",41.2
147.2,-31.55,1966,12,"051039",131
147.2,-31.55,1967,1,"051039",8.6
147.2,-31.55,1967,2,"051039",6.6
147.2,-31.55,1967,3,"051039",47.5
147.2,-31.55,1967,4,"051039",0
147.2,-31.55,1967,5,"051039",31.3
147.2,-31.55,1967,6,"051039",45.9
147.2,-31.55,1967,7,"051039",0
147.2,-31.55,1967,8,"051039",24.1
147.2,-31.55,1967,9,"051039",2.6
147.2,-31.55,1967,10,"051039",21.5
147.2,-31.55,1967,11,"051039",6.8
147.2,-31.55,1967,12,"051039",0.3
147.2,-31.55,1968,1,"051039",224.1
147.2,-31.55,1968,2,"051039",12.5
147.2,-31.55,1968,3,"051039",28.2
147.2,-31.55,1968,4,"051039",37.7
147.2,-31.55,1968,5,"051039",74.8
147.2,-31.55,1968,6,"051039",13
147.2,-31.55,1968,7,"051039",38.4
147.2,-31.55,1968,8,"051039",17.9
147.2,-31.55,1968,9,"051039",4
147.2,-31.55,1968,10,"051039",3.1
147.2,-31.55,1968,11,"051039",14.5
147.2,-31.55,1968,12,"051039",51.9
147.2,-31.55,1969,1,"051039",7.4
147.2,-31.55,1969,2,"051039",51.4
147.2,-31.55,1969,3,"051039",107
147.2,-31.55,1969,4,"051039",36.9
147.2,-31.55,1969,5,"051039",41
147.2,-31.55,1969,6,"051039",34.1
147.2,-31.55,1969,7,"051039",61.8
147.2,-31.55,1969,8,"051039",18.3
147.2,-31.55,1969,9,"051039",55
147.2,-31.55,1969,10,"051039",82.6
147.2,-31.55,1969,11,"051039",35.6
147.2,-31.55,1969,12,"051039",10.1
147.2,-31.55,1970,1,"051039",43.6
147.2,-31.55,1970,2,"051039",32.6
147.2,-31.55,1970,3,"051039",75.5
147.2,-31.55,1970,4,"051039",35.6
147.2,-31.55,1970,5,"051039",6.3
147.2,-31.55,1970,6,"051039",11.2
147.2,-31.55,1970,7,"051039",0
147.2,-31.55,1970,8,"051039",24.3
147.2,-31.55,1970,9,"051039",85
147.2,-31.55,1970,10,"051039",114.3
147.2,-31.55,1970,11,"051039",12
147.2,-31.55,1970,12,"051039",46.2
147.2,-31.55,1971,1,"051039",155.1
147.2,-31.55,1971,2,"051039",54.6
147.2,-31.55,1971,3,"051039",15.1
147.2,-31.55,1971,4,"051039",18
147.2,-31.55,1971,5,"051039",1.3
147.2,-31.55,1971,6,"051039",4.6
147.2,-31.55,1971,7,"051039",54.5
147.2,-31.55,1971,8,"051039",33.7
147.2,-31.55,1971,9,"051039",22.1
147.2,-31.55,1971,10,"051039",6.4
147.2,-31.55,1971,11,"051039",54.3
147.2,-31.55,1971,12,"051039",34
147.2,-31.55,1972,1,"051039",113.2
147.2,-31.55,1972,2,"051039",16.8
147.2,-31.55,1972,3,"051039",0
147.2,-31.55,1972,4,"051039",17.3
147.2,-31.55,1972,5,"051039",11.6
147.2,-31.55,1972,6,"051039",28.2
147.2,-31.55,1972,7,"051039",1
147.2,-31.55,1972,8,"051039",16.4
147.2,-31.55,1972,9,"051039",3.6
147.2,-31.55,1972,10,"051039",34.3
147.2,-31.55,1972,11,"051039",19.1
147.2,-31.55,1972,12,"051039",10.2
147.2,-31.55,1973,1,"051039",51.2
147.2,-31.55,1973,2,"051039",102.3
147.2,-31.55,1973,3,"051039",23.4
147.2,-31.55,1973,4,"051039",18.1
147.2,-31.55,1973,5,"051039",36
147.2,-31.55,1973,6,"051039",47.7
147.2,-31.55,1973,7,"051039",33.3
147.2,-31.55,1973,8,"051039",49.6
147.2,-31.55,1973,9,"051039",23.9
147.2,-31.55,1973,10,"051039",99.6
147.2,-31.55,1973,11,"051039",58.8
147.2,-31.55,1973,12,"051039",129.3
147.2,-31.55,1974,1,"051039",156
147.2,-31.55,1974,2,"051039",63.4
147.2,-31.55,1974,3,"051039",15
147.2,-31.55,1974,4,"051039",156.4
147.2,-31.55,1974,5,"051039",16
147.2,-31.55,1974,6,"051039",13.2
147.2,-31.55,1974,7,"051039",13.8
147.2,-31.55,1974,8,"051039",50.4
147.2,-31.55,1974,9,"051039",29.6
147.2,-31.55,1974,10,"051039",58.6
147.2,-31.55,1974,11,"051039",40.4
147.2,-31.55,1974,12,"051039",7.2
147.2,-31.55,1975,1,"051039",14.8
147.2,-31.55,1975,2,"051039",57.6
147.2,-31.55,1975,3,"051039",27
147.2,-31.55,1975,4,"051039",3
147.2,-31.55,1975,5,"051039",0.8
147.2,-31.55,1975,6,"051039",58.2
147.2,-31.55,1975,7,"051039",14.6
147.2,-31.55,1975,8,"051039",29.8
147.2,-31.55,1975,9,"051039",44.8
147.2,-31.55,1975,10,"051039",37
147.2,-31.55,1975,11,"051039",0.4
147.2,-31.55,1975,12,"051039",40.6
147.2,-31.55,1976,1,"051039",169.8
147.2,-31.55,1976,2,"051039",209.6
147.2,-31.55,1976,3,"051039",37
147.2,-31.55,1976,4,"051039",6.8
147.2,-31.55,1976,5,"051039",12.8
147.2,-31.55,1976,6,"051039",39
147.2,-31.55,1976,7,"051039",39.4
147.2,-31.55,1976,8,"051039",5.6
147.2,-31.55,1976,9,"051039",11.9
147.2,-31.55,1976,10,"051039",96.6
147.2,-31.55,1976,11,"051039",59.5
147.2,-31.55,1976,12,"051039",29.2
147.2,-31.55,1977,1,"051039",28.9
147.2,-31.55,1977,2,"051039",95.2
147.2,-31.55,1977,3,"051039",111.3
147.2,-31.55,1977,4,"051039",1
147.2,-31.55,1977,5,"051039",166.7
147.2,-31.55,1977,6,"051039",16.5
147.2,-31.55,1977,7,"051039",0.3
147.2,-31.55,1977,8,"051039",6.2
147.2,-31.55,1977,9,"051039",20.6
147.2,-31.55,1977,10,"051039",31.4
147.2,-31.55,1977,11,"051039",3.2
147.2,-31.55,1977,12,"051039",17.5
147.2,-31.55,1978,1,"051039",121
147.2,-31.55,1978,2,"051039",0.8
147.2,-31.55,1978,3,"051039",56.7
147.2,-31.55,1978,4,"051039",1.4
147.2,-31.55,1978,5,"051039",99
147.2,-31.55,1978,6,"051039",47.3
147.2,-31.55,1978,7,"051039",46.7
147.2,-31.55,1978,8,"051039",8.3
147.2,-31.55,1978,9,"051039",73
147.2,-31.55,1978,10,"051039",11.1
147.2,-31.55,1978,11,"051039",78.6
147.2,-31.55,1978,12,"051039",71.7
147.2,-31.55,1979,1,"051039",29.3
147.2,-31.55,1979,2,"051039",3.8
147.2,-31.55,1979,3,"051039",55.8
147.2,-31.55,1979,4,"051039",36.5
147.2,-31.55,1979,5,"051039",55.3
147.2,-31.55,1979,6,"051039",41
147.2,-31.55,1979,7,"051039",29.9
147.2,-31.55,1979,8,"051039",21.7
147.2,-31.55,1979,9,"051039",31.2
147.2,-31.55,1979,10,"051039",37
147.2,-31.55,1979,11,"051039",16.1
147.2,-31.55,1979,12,"051039",0
147.2,-31.55,1980,1,"051039",73
147.2,-31.55,1980,2,"051039",28.6
147.2,-31.55,1980,3,"051039",17.9
147.2,-31.55,1980,4,"051039",14.2
147.2,-31.55,1980,5,"051039",144.1
147.2,-31.55,1980,6,"051039",17.6
147.2,-31.55,1980,7,"051039",17.2
147.2,-31.55,1980,8,"051039",19.2
147.2,-31.55,1980,9,"051039",0.2
147.2,-31.55,1980,10,"051039",49.3
147.2,-31.55,1980,11,"051039",3.7
147.2,-31.55,1980,12,"051039",27.6
147.2,-31.55,1981,1,"051039",10.7
147.2,-31.55,1981,2,"051039",67.7
147.2,-31.55,1981,3,"051039",29.7
147.2,-31.55,1981,4,"051039",16.7
147.2,-31.55,1981,5,"051039",57.6
147.2,-31.55,1981,6,"051039",39.9
147.2,-31.55,1981,7,"051039",56
147.2,-31.55,1981,8,"051039",7.8
147.2,-31.55,1981,9,"051039",11.9
147.2,-31.55,1981,10,"051039",111.4
147.2,-31.55,1981,11,"051039",91.7
147.2,-31.55,1981,12,"051039",11.6
147.2,-31.55,1982,1,"051039",20
147.2,-31.55,1982,2,"051039",8
147.2,-31.55,1982,3,"051039",97.6
147.2,-31.55,1982,4,"051039",20.7
147.2,-31.55,1982,5,"051039",13.2
147.2,-31.55,1982,6,"051039",8.4
147.2,-31.55,1982,7,"051039",6.8
147.2,-31.55,1982,8,"051039",0.4
147.2,-31.55,1982,9,"051039",2.5
147.2,-31.55,1982,10,"051039",25.1
147.2,-31.55,1982,11,"051039",2
147.2,-31.55,1982,12,"051039",11.5
147.2,-31.55,1983,1,"051039",57.2
147.2,-31.55,1983,2,"051039",23.8
147.2,-31.55,1983,3,"051039",48.2
147.2,-31.55,1983,4,"051039",21.9
147.2,-31.55,1983,5,"051039",174.9
147.2,-31.55,1983,6,"051039",25.2
147.2,-31.55,1983,7,"051039",37.4
147.2,-31.55,1983,8,"051039",51.8
147.2,-31.55,1983,9,"051039",41.4
147.2,-31.55,1983,10,"051039",63.4
147.2,-31.55,1983,11,"051039",94.6
147.2,-31.55,1983,12,"051039",73.2
147.2,-31.55,1984,1,"051039",160.5
147.2,-31.55,1984,2,"051039",69.8
147.2,-31.55,1984,3,"051039",18.4
147.2,-31.55,1984,4,"051039",54.6
147.2,-31.55,1984,5,"051039",0.8
147.2,-31.55,1984,6,"051039",4.1
147.2,-31.55,1984,7,"051039",91.5
147.2,-31.55,1984,8,"051039",26.4
147.2,-31.55,1984,9,"051039",24.6
147.2,-31.55,1984,10,"051039",87.4
147.2,-31.55,1984,11,"051039",24.2
147.2,-31.55,1984,12,"051039",15.4
147.2,-31.55,1985,1,"051039",3.6
147.2,-31.55,1985,2,"051039",27.4
147.2,-31.55,1985,3,"051039",14.4
147.2,-31.55,1985,4,"051039",16.8
147.2,-31.55,1985,5,"051039",31.6
147.2,-31.55,1985,6,"051039",35
147.2,-31.55,1985,7,"051039",8.8
147.2,-31.55,1985,8,"051039",65.6
147.2,-31.55,1985,9,"051039",11
147.2,-31.55,1985,10,"051039",69.2
147.2,-31.55,1985,11,"051039",96.4
147.2,-31.55,1985,12,"051039",75.4
147.2,-31.55,1986,1,"051039",30.6
147.2,-31.55,1986,2,"051039",6.8
147.2,-31.55,1986,3,"051039",0.6
147.2,-31.55,1986,4,"051039",11.8
147.2,-31.55,1986,5,"051039",23.7
147.2,-31.55,1986,6,"051039",1
147.2,-31.55,1986,7,"051039",60.6
147.2,-31.55,1986,8,"051039",73.4
147.2,-31.55,1986,9,"051039",50.4
147.2,-31.55,1986,10,"051039",48.4
147.2,-31.55,1986,11,"051039",28.6
147.2,-31.55,1986,12,"051039",12.8
147.2,-31.55,1987,1,"051039",36
147.2,-31.55,1987,2,"051039",9.8
147.2,-31.55,1987,3,"051039",139.6
147.2,-31.55,1987,4,"051039",0
147.2,-31.55,1987,5,"051039",17
147.2,-31.55,1987,6,"051039",33.4
147.2,-31.55,1987,7,"051039",2.8
147.2,-31.55,1987,8,"051039",75.4
147.2,-31.55,1987,9,"051039",17
147.2,-31.55,1987,10,"051039",24.2
147.2,-31.55,1987,11,"051039",16
147.2,-31.55,1987,12,"051039",78.4
147.2,-31.55,1988,1,"051039",11.8
147.2,-31.55,1988,2,"051039",38
147.2,-31.55,1988,3,"051039",15
147.2,-31.55,1988,4,"051039",185.3
147.2,-31.55,1988,5,"051039",13.3
147.2,-31.55,1988,6,"051039",34
147.2,-31.55,1988,7,"051039",80.8
147.2,-31.55,1988,8,"051039",14.4
147.2,-31.55,1988,9,"051039",47.4
147.2,-31.55,1988,10,"051039",7
147.2,-31.55,1988,11,"051039",37.4
147.2,-31.55,1988,12,"051039",145.8
147.2,-31.55,1989,1,"051039",22.2
147.2,-31.55,1989,2,"051039",1.8
147.2,-31.55,1989,3,"051039",61.6
147.2,-31.55,1989,4,"051039",236.6
147.2,-31.55,1989,5,"051039",83
147.2,-31.55,1989,6,"051039",19.8
147.2,-31.55,1989,7,"051039",33.8
147.2,-31.55,1989,8,"051039",25.3
147.2,-31.55,1989,9,"051039",0.6
147.2,-31.55,1989,10,"051039",61.7
147.2,-31.55,1989,11,"051039",15.2
147.2,-31.55,1989,12,"051039",55.8
147.2,-31.55,1990,1,"051039",50
147.2,-31.55,1990,2,"051039",19.2
147.2,-31.55,1990,3,"051039",62
147.2,-31.55,1990,4,"051039",373.4
147.2,-31.55,1990,5,"051039",5.2
147.2,-31.55,1990,6,"051039",18
147.2,-31.55,1990,7,"051039",53.8
147.2,-31.55,1990,8,"051039",8.8
147.2,-31.55,1990,9,"051039",19.2
147.2,-31.55,1990,10,"051039",20.8
147.2,-31.55,1990,11,"051039",8.4
147.2,-31.55,1990,12,"051039",15.6
147.2,-31.55,1991,1,"051039",65.2
147.2,-31.55,1991,2,"051039",9.4
147.2,-31.55,1991,3,"051039",6.2
147.2,-31.55,1991,4,"051039",3.2
147.2,-31.55,1991,5,"051039",83.8
147.2,-31.55,1991,6,"051039",26.2
147.2,-31.55,1991,7,"051039",21.2
147.2,-31.55,1991,8,"051039",7.2
147.2,-31.55,1991,9,"051039",8.4
147.2,-31.55,1991,10,"051039",10.2
147.2,-31.55,1991,11,"051039",11.8
147.2,-31.55,1991,12,"051039",97.2
147.2,-31.55,1992,1,"051039",52.6
147.2,-31.55,1992,2,"051039",250.8
147.2,-31.55,1992,3,"051039",19
147.2,-31.55,1992,4,"051039",4
147.2,-31.55,1992,5,"051039",8.8
147.2,-31.55,1992,6,"051039",15
147.2,-31.55,1992,7,"051039",7.4
147.2,-31.55,1992,8,"051039",59
147.2,-31.55,1992,9,"051039",32
147.2,-31.55,1992,10,"051039",49.8
147.2,-31.55,1992,11,"051039",93.6
147.2,-31.55,1992,12,"051039",114.8
147.2,-31.55,1993,1,"051039",29
147.2,-31.55,1993,2,"051039",34.2
147.2,-31.55,1993,3,"051039",39.4
147.2,-31.55,1993,4,"051039",3.2
147.2,-31.55,1993,5,"051039",46.8
147.2,-31.55,1993,6,"051039",37
147.2,-31.55,1993,7,"051039",70.6
147.2,-31.55,1993,8,"051039",6.6
147.2,-31.55,1993,9,"051039",63.8
147.2,-31.55,1993,10,"051039",67.8
147.2,-31.55,1993,11,"051039",12.4
147.2,-31.55,1993,12,"051039",49
147.2,-31.55,1994,1,"051039",19.8
147.2,-31.55,1994,2,"051039",77.4
147.2,-31.55,1994,3,"051039",72
147.2,-31.55,1994,4,"051039",5
147.2,-31.55,1994,5,"051039",4
147.2,-31.55,1994,6,"051039",22.8
147.2,-31.55,1994,7,"051039",14
147.2,-31.55,1994,8,"051039",5.6
147.2,-31.55,1994,9,"051039",8.6
147.2,-31.55,1994,10,"051039",15.8
147.2,-31.55,1994,11,"051039",28.2
147.2,-31.55,1994,12,"051039",11.8
147.2,-31.55,1995,1,"051039",275.6
147.2,-31.55,1995,2,"051039",4.6
147.2,-31.55,1995,3,"051039",0
147.2,-31.55,1995,4,"051039",1.8
147.2,-31.55,1995,5,"051039",83.8
147.2,-31.55,1995,6,"051039",12.4
147.2,-31.55,1995,7,"051039",20.6
147.2,-31.55,1995,8,"051039",1.6
147.2,-31.55,1995,9,"051039",24.4
147.2,-31.55,1995,10,"051039",23.2
147.2,-31.55,1995,11,"051039",88.9
147.2,-31.55,1995,12,"051039",2.2
147.2,-31.55,1996,1,"051039",41.6
147.2,-31.55,1996,2,"051039",4.8
147.2,-31.55,1996,3,"051039",6.6
147.2,-31.55,1996,4,"051039",13
147.2,-31.55,1996,5,"051039",234
147.2,-31.55,1996,6,"051039",32.4
147.2,-31.55,1996,7,"051039",52.5
147.2,-31.55,1996,8,"051039",28.6
147.2,-31.55,1996,9,"051039",42.8
147.2,-31.55,1996,10,"051039",66.2
147.2,-31.55,1996,11,"051039",12.6
147.2,-31.55,1996,12,"051039",40.7
147.2,-31.55,1997,1,"051039",40
147.2,-31.55,1997,2,"051039",60.9
147.2,-31.55,1997,3,"051039",1.8
147.2,-31.55,1997,4,"051039",3
147.2,-31.55,1997,5,"051039",60.4
147.2,-31.55,1997,6,"051039",8.2
147.2,-31.55,1997,7,"051039",8.3
147.2,-31.55,1997,8,"051039",6.5
147.2,-31.55,1997,9,"051039",111.9
147.2,-31.55,1997,10,"051039",24.4
147.2,-31.55,1997,11,"051039",6.8
147.2,-31.55,1997,12,"051039",34
147.2,-31.55,1998,1,"051039",100.8
147.2,-31.55,1998,2,"051039",77.6
147.2,-31.55,1998,3,"051039",3.6
147.2,-31.55,1998,4,"051039",99.7
147.2,-31.55,1998,5,"051039",10.7
147.2,-31.55,1998,6,"051039",34.4
147.2,-31.55,1998,7,"051039",121
147.2,-31.55,1998,8,"051039",90.7
147.2,-31.55,1998,9,"051039",86.8
147.2,-31.55,1998,10,"051039",24.6
147.2,-31.55,1998,11,"051039",37.7
147.2,-31.55,1998,12,"051039",7.3
147.2,-31.55,1999,1,"051039",67.8
147.2,-31.55,1999,2,"051039",31.9
147.2,-31.55,1999,3,"051039",45.4
147.2,-31.55,1999,4,"051039",68.4
147.2,-31.55,1999,5,"051039",7.7
147.2,-31.55,1999,6,"051039",28.4
147.2,-31.55,1999,7,"051039",32.3
147.2,-31.55,1999,8,"051039",39.1
147.2,-31.55,1999,9,"051039",54.8
147.2,-31.55,1999,10,"051039",54.6
147.2,-31.55,1999,11,"051039",121.1
147.2,-31.55,1999,12,"051039",197.2
147.2,-31.55,2000,1,"051039",24.2
147.2,-31.55,2000,2,"051039",33.9
147.2,-31.55,2000,3,"051039",145.7
147.2,-31.55,2000,4,"051039",86
147.2,-31.55,2000,5,"051039",98.4
147.2,-31.55,2000,6,"051039",11
147.2,-31.55,2000,7,"051039",22.4
147.2,-31.55,2000,8,"051039",20.2
147.2,-31.55,2000,9,"051039",8.1
147.2,-31.55,2000,10,"051039",61.2
147.2,-31.55,2000,11,"051039",202.6
147.2,-31.55,2000,12,"051039",27.2
147.2,-31.55,2001,1,"051039",14.4
147.2,-31.55,2001,2,"051039",11.8
147.2,-31.55,2001,3,"051039",97.3
147.2,-31.55,2001,4,"051039",9.6
147.2,-31.55,2001,5,"051039",7.4
147.2,-31.55,2001,6,"051039",36.3
147.2,-31.55,2001,7,"051039",58
147.2,-31.55,2001,8,"051039",7.6
147.2,-31.55,2001,9,"051039",13.1
147.2,-31.55,2001,10,"051039",31.9
147.2,-31.55,2001,11,"051039",26.6
147.2,-31.55,2001,12,"051039",11.6
147.2,-31.55,2002,1,"051039",19.2
147.2,-31.55,2002,2,"051039",106.5
147.2,-31.55,2002,3,"051039",48.6
147.2,-31.55,2002,4,"051039",10.5
147.2,-31.55,2002,5,"051039",14
147.2,-31.55,2002,6,"051039",10.2
147.2,-31.55,2002,7,"051039",1.3
147.2,-31.55,2002,8,"051039",1
147.2,-31.55,2002,9,"051039",48.4
147.2,-31.55,2002,10,"051039",6.4
147.2,-31.55,2002,11,"051039",10.3
147.2,-31.55,2002,12,"051039",9.4
147.2,-31.55,2003,1,"051039",42.4
147.2,-31.55,2003,2,"051039",57.6
147.2,-31.55,2003,3,"051039",29.6
147.2,-31.55,2003,4,"051039",75.4
147.2,-31.55,2003,5,"051039",10.4
147.2,-31.55,2003,6,"051039",27.5
147.2,-31.55,2003,7,"051039",25.3
147.2,-31.55,2003,8,"051039",90.3
147.2,-31.55,2003,9,"051039",6.2
147.2,-31.55,2003,10,"051039",44.5
147.2,-31.55,2003,11,"051039",34.2
147.2,-31.55,2003,12,"051039",41.6
147.2,-31.55,2004,1,"051039",51.9
147.2,-31.55,2004,2,"051039",17.7
147.2,-31.55,2004,3,"051039",9.6
147.2,-31.55,2004,4,"051039",16.4
147.2,-31.55,2004,5,"051039",36.2
147.2,-31.55,2004,6,"051039",28.9
147.2,-31.55,2004,7,"051039",29.4
147.2,-31.55,2004,8,"051039",24.7
147.2,-31.55,2004,9,"051039",17.7
147.2,-31.55,2004,10,"051039",9.8
147.2,-31.55,2004,11,"051039",20.9
147.2,-31.55,2004,12,"051039",80.8
147.2,-31.55,2005,1,"051039",2.1
147.2,-31.55,2005,2,"051039",0.8
147.2,-31.55,2005,3,"051039",5.4
147.2,-31.55,2005,4,"051039",3
147.2,-31.55,2005,5,"051039",0
147.2,-31.55,2005,6,"051039",104.3
147.2,-31.55,2005,7,"051039",8.8
147.2,-31.55,2005,8,"051039",19.2
147.2,-31.55,2005,9,"051039",62.2
147.2,-31.55,2005,10,"051039",88.2
147.2,-31.55,2005,11,"051039",49.1
147.2,-31.55,2005,12,"051039",5.6
147.2,-31.55,2006,1,"051039",23.8
147.2,-31.55,2006,2,"051039",11.5
147.2,-31.55,2006,3,"051039",5.8
147.2,-31.55,2006,4,"051039",10.2
147.2,-31.55,2006,5,"051039",0
147.2,-31.55,2006,6,"051039",22.6
147.2,-31.55,2006,7,"051039",34.4
147.2,-31.55,2006,8,"051039",4.2
147.2,-31.55,2006,9,"051039",31
147.2,-31.55,2006,10,"051039",1
147.2,-31.55,2006,11,"051039",31.8
147.2,-31.55,2006,12,"051039",18.2
147.2,-31.55,2007,1,"051039",93.6
147.2,-31.55,2007,2,"051039",35.2
147.2,-31.55,2007,3,"051039",40
147.2,-31.55,2007,4,"051039",12.6
147.2,-31.55,2007,5,"051039",49.6
147.2,-31.55,2007,6,"051039",24
147.2,-31.55,2007,7,"051039",4.8
147.2,-31.55,2007,8,"051039",8
147.2,-31.55,2007,9,"051039",0.4
147.2,-31.55,2007,10,"051039",6.6
147.2,-31.55,2007,11,"051039",43.4
147.2,-31.55,2007,12,"051039",147.2
147.2,-31.55,2008,1,"051039",76
147.2,-31.55,2008,2,"051039",92.6
147.2,-31.55,2008,3,"051039",28.4
147.2,-31.55,2008,4,"051039",0
147.2,-31.55,2008,5,"051039",8.4
147.2,-31.55,2008,6,"051039",65.8
147.2,-31.55,2008,7,"051039",2.4
147.2,-31.55,2008,8,"051039",28.2
147.2,-31.55,2008,9,"051039",15.8
147.2,-31.55,2008,10,"051039",30.6
147.2,-31.55,2008,11,"051039",66.9
147.2,-31.55,2008,12,"051039",43.8
147.2,-31.55,2009,1,"051039",23.7
147.2,-31.55,2009,2,"051039",72.2
147.2,-31.55,2009,3,"051039",9
147.2,-31.55,2009,4,"051039",43
147.2,-31.55,2009,5,"051039",59.2
147.2,-31.55,2009,6,"051039",82.4
147.2,-31.55,2009,7,"051039",10.9
147.2,-31.55,2009,8,"051039",2
147.2,-31.55,2009,9,"051039",19
147.2,-31.55,2009,10,"051039",58
147.2,-31.55,2009,11,"051039",6.6
147.2,-31.55,2009,12,"051039",59.8
147.2,-31.55,2010,1,"051039",72.8
147.2,-31.55,2010,2,"051039",119.4
147.2,-31.55,2010,3,"051039",49.2
147.2,-31.55,2010,4,"051039",40.8
147.2,-31.55,2010,5,"051039",31.6
147.2,-31.55,2010,6,"051039",28.2
147.2,-31.55,2010,7,"051039",75
147.2,-31.55,2010,8,"051039",32.6
147.2,-31.55,2010,9,"051039",41.4
147.2,-31.55,2010,10,"051039",75.6
147.2,-31.55,2010,11,"051039",119.2
147.2,-31.55,2010,12,"051039",63.6
147.2,-31.55,2011,1,"051039",47.8
147.2,-31.55,2011,2,"051039",30.1
147.2,-31.55,2011,3,"051039",59
147.2,-31.55,2011,4,"051039",21.6
147.2,-31.55,2011,5,"051039",30
147.2,-31.55,2011,6,"051039",2.6
147.2,-31.55,2011,7,"051039",7.8
147.2,-31.55,2011,8,"051039",21.8
147.2,-31.55,2011,9,"051039",66.6
147.2,-31.55,2011,10,"051039",72.5
147.2,-31.55,2011,11,"051039",76
147.2,-31.55,2011,12,"051039",96.6
147.2,-31.55,2012,1,"051039",75
147.2,-31.55,2012,2,"051039",127.2
147.2,-31.55,2012,3,"051039",94.3
147.2,-31.55,2012,4,"051039",0
147.2,-31.55,2012,5,"051039",27.6
147.2,-31.55,2012,6,"051039",23
147.2,-31.55,2012,7,"051039",28.2
147.2,-31.55,2012,8,"051039",0
147.2,-31.55,2012,9,"051039",13.8
147.2,-31.55,2012,10,"051039",4.4
147.2,-31.55,2012,11,"051039",34.8
147.2,-31.55,2012,12,"051039",5
147.2,-31.55,2013,1,"051039",5.8
147.2,-31.55,2013,2,"051039",12.6
147.2,-31.55,2013,3,"051039",51
147.2,-31.55,2013,4,"051039",0.4
147.2,-31.55,2013,5,"051039",20.6
147.2,-31.55,2013,6,"051039",94.2
147.2,-31.55,2013,7,"051039",28.2
147.2,-31.55,2013,8,"051039",1.6
147.2,-31.55,2013,9,"051039",42.2
147.2,-31.55,2013,10,"051039",2
147.2,-31.55,2013,11,"051039",3.4
147.2,-31.55,2013,12,"051039",33.4
147.2,-31.55,2014,1,"051039",17.4
147.2,-31.55,2014,2,"051039",51.4
147.2,-31.55,2014,3,"051039",118.4
147.2,-31.55,2014,4,"051039",59.6
147.2,-31.55,2014,5,"051039",9.2
147.2,-31.55,2014,6,"051039",73.8
147.2,-31.55,2014,7,"051039",24.8
147.2,-31.55,2014,8,"051039",88.1
147.2,-31.55,2014,9,"051039",13.4
147.2,-31.55,2014,10,"051039",3
147.2,-31.55,2014,11,"051039",3
147.2,-31.55,2014,12,"051039",117.5
147.2,-31.55,2015,1,"051039",91
147.2,-31.55,2015,2,"051039",5
147.2,-31.55,2015,3,"051039",13
147.2,-31.55,2015,4,"051039",43.8
147.2,-31.55,2015,5,"051039",44.1
147.2,-31.55,2015,6,"051039",50.8
147.2,-31.55,2015,7,"051039",35
147.2,-31.55,2015,8,"051039",28.8
147.2,-31.55,2015,9,"051039",7.4
147.2,-31.55,2015,10,"051039",12.8
147.2,-31.55,2015,11,"051039",69.8
147.2,-31.55,2015,12,"051039",21.8
147.2,-31.55,2016,1,"051039",100.7
147.2,-31.55,2016,2,"051039",3.2
147.2,-31.55,2016,3,"051039",7
147.2,-31.55,2016,4,"051039",47.2
147.2,-31.55,2016,5,"051039",51.2
147.2,-31.55,2016,6,"051039",150
147.2,-31.55,2016,7,"051039",34
147.2,-31.55,2016,8,"051039",66.8
147.2,-31.55,2016,9,"051039",110.4
147.2,-31.55,2016,10,"051039",25.2
147.2,-31.55,2016,11,"051039",3.6
147.2,-31.55,2016,12,"051039",29.4
147.2,-31.55,2017,1,"051039",49.5
147.2,-31.55,2017,2,"051039",6.8
147.2,-31.55,2017,3,"051039",93.4
147.2,-31.55,2017,4,"051039",6.4
147.2,-31.55,2017,5,"051039",22.6
147.2,-31.55,2017,6,"051039",11.6
147.2,-31.55,2017,7,"051039",4
147.2,-31.55,2017,8,"051039",13.8
147.2,-31.55,2017,9,"051039",2
147.2,-31.55,2017,10,"051039",52
147.2,-31.55,2017,11,"051039",13.6
147.2,-31.55,2017,12,"051039",67.8
147.2,-31.55,2018,1,"051039",72
147.2,-31.55,2018,2,"051039",8.8
147.2,-31.55,2018,3,"051039",1.6
147.2,-31.55,2018,4,"051039",3
147.2,-31.55,2018,5,"051039",7
147.2,-31.55,2018,6,"051039",42.4
147.2,-31.55,2018,7,"051039",0
147.2,-31.55,2018,8,"051039",19.2
147.2,-31.55,2018,9,"051039",1.8
147.2,-31.55,2018,10,"051039",33.7
147.2,-31.55,2018,11,"051039",50
147.2,-31.55,2018,12,"051039",26.4
147.2,-31.55,2019,1,"051039",32.6
147.2,-31.55,2019,2,"051039",26.6
147.2,-31.55,2019,3,"051039",51.5
147.2,-31.55,2019,4,"051039",0
147.2,-31.55,2019,5,"051039",0.4
147.2,-31.55,2019,6,"051039",3.4
147.2,-31.55,2019,7,"051039",0
147.2,-31.55,2019,8,"051039",2
147.2,-31.55,2019,9,"051039",4.8
147.2,-31.55,2019,10,"051039",0
147.2,-31.55,2019,11,"051039",NA
147.2,-31.55,2019,12,"051039",NA
