"Lon","Lat","Year","Month","Station","Rain"
117.05,-32.91,1943,1,"010605",NA
117.05,-32.91,1943,2,"010605",NA
117.05,-32.91,1943,3,"010605",NA
117.05,-32.91,1943,4,"010605",NA
117.05,-32.91,1943,5,"010605",NA
117.05,-32.91,1943,6,"010605",68.2
117.05,-32.91,1943,7,"010605",82.7
117.05,-32.91,1943,8,"010605",78.3
117.05,-32.91,1943,9,"010605",54.7
117.05,-32.91,1943,10,"010605",22.5
117.05,-32.91,1943,11,"010605",0
117.05,-32.91,1943,12,"010605",11.7
117.05,-32.91,1944,1,"010605",2.3
117.05,-32.91,1944,2,"010605",0.5
117.05,-32.91,1944,3,"010605",1.3
117.05,-32.91,1944,4,"010605",13.5
117.05,-32.91,1944,5,"010605",60.3
117.05,-32.91,1944,6,"010605",43
117.05,-32.91,1944,7,"010605",84.5
117.05,-32.91,1944,8,"010605",55.1
117.05,-32.91,1944,9,"010605",11.9
117.05,-32.91,1944,10,"010605",2.6
117.05,-32.91,1944,11,"010605",5.4
117.05,-32.91,1944,12,"010605",17.8
117.05,-32.91,1945,1,"010605",0.8
117.05,-32.91,1945,2,"010605",2.9
117.05,-32.91,1945,3,"010605",20.5
117.05,-32.91,1945,4,"010605",8.2
117.05,-32.91,1945,5,"010605",70.2
117.05,-32.91,1945,6,"010605",315.9
117.05,-32.91,1945,7,"010605",82.7
117.05,-32.91,1945,8,"010605",130.4
117.05,-32.91,1945,9,"010605",45.6
117.05,-32.91,1945,10,"010605",2.3
117.05,-32.91,1945,11,"010605",14.8
117.05,-32.91,1945,12,"010605",10.4
117.05,-32.91,1946,1,"010605",0.5
117.05,-32.91,1946,2,"010605",0
117.05,-32.91,1946,3,"010605",6.4
117.05,-32.91,1946,4,"010605",30
117.05,-32.91,1946,5,"010605",98.8
117.05,-32.91,1946,6,"010605",157.8
117.05,-32.91,1946,7,"010605",218.9
117.05,-32.91,1946,8,"010605",55.8
117.05,-32.91,1946,9,"010605",22.4
117.05,-32.91,1946,10,"010605",6.3
117.05,-32.91,1946,11,"010605",34.7
117.05,-32.91,1946,12,"010605",9.6
117.05,-32.91,1947,1,"010605",0
117.05,-32.91,1947,2,"010605",11.4
117.05,-32.91,1947,3,"010605",1.8
117.05,-32.91,1947,4,"010605",32.2
117.05,-32.91,1947,5,"010605",106.5
117.05,-32.91,1947,6,"010605",156.5
117.05,-32.91,1947,7,"010605",40.7
117.05,-32.91,1947,8,"010605",40.1
117.05,-32.91,1947,9,"010605",35
117.05,-32.91,1947,10,"010605",94.7
117.05,-32.91,1947,11,"010605",0.8
117.05,-32.91,1947,12,"010605",4.1
117.05,-32.91,1956,1,"010605",0
117.05,-32.91,1956,2,"010605",0
117.05,-32.91,1956,3,"010605",20.3
117.05,-32.91,1956,4,"010605",15.3
117.05,-32.91,1956,5,"010605",100.3
117.05,-32.91,1956,6,"010605",48.6
117.05,-32.91,1956,7,"010605",NA
117.05,-32.91,1956,8,"010605",NA
117.05,-32.91,1956,9,"010605",NA
117.05,-32.91,1956,10,"010605",NA
117.05,-32.91,1956,11,"010605",NA
117.05,-32.91,1956,12,"010605",NA
117.05,-32.91,1957,1,"010605",20.7
117.05,-32.91,1957,2,"010605",1.8
117.05,-32.91,1957,3,"010605",2.6
117.05,-32.91,1957,4,"010605",37.6
117.05,-32.91,1957,5,"010605",84.8
117.05,-32.91,1957,6,"010605",105.3
117.05,-32.91,1957,7,"010605",14.9
117.05,-32.91,1957,8,"010605",49.4
117.05,-32.91,1957,9,"010605",18.2
117.05,-32.91,1957,10,"010605",24.4
117.05,-32.91,1957,11,"010605",NA
117.05,-32.91,1957,12,"010605",NA
117.05,-32.91,1958,1,"010605",0
117.05,-32.91,1958,2,"010605",15.2
117.05,-32.91,1958,3,"010605",0
117.05,-32.91,1958,4,"010605",7.3
117.05,-32.91,1958,5,"010605",61.6
117.05,-32.91,1958,6,"010605",25.2
117.05,-32.91,1958,7,"010605",246.5
117.05,-32.91,1958,8,"010605",45.5
117.05,-32.91,1958,9,"010605",53.4
117.05,-32.91,1958,10,"010605",19.6
117.05,-32.91,1958,11,"010605",17.3
117.05,-32.91,1958,12,"010605",20.1
117.05,-32.91,1959,1,"010605",10.6
117.05,-32.91,1959,2,"010605",25.9
117.05,-32.91,1959,3,"010605",2.5
117.05,-32.91,1959,4,"010605",22.6
117.05,-32.91,1959,5,"010605",12.2
117.05,-32.91,1959,6,"010605",145.4
117.05,-32.91,1959,7,"010605",36.7
117.05,-32.91,1959,8,"010605",94.3
117.05,-32.91,1959,9,"010605",30.2
117.05,-32.91,1959,10,"010605",26.1
117.05,-32.91,1959,11,"010605",2
117.05,-32.91,1959,12,"010605",17.8
117.05,-32.91,1960,1,"010605",71.1
117.05,-32.91,1960,2,"010605",3.3
117.05,-32.91,1960,3,"010605",72.5
117.05,-32.91,1960,4,"010605",14.2
117.05,-32.91,1960,5,"010605",79.3
117.05,-32.91,1960,6,"010605",43.7
117.05,-32.91,1960,7,"010605",142.9
117.05,-32.91,1960,8,"010605",18.6
117.05,-32.91,1960,9,"010605",30.1
117.05,-32.91,1960,10,"010605",2.5
117.05,-32.91,1960,11,"010605",12.2
117.05,-32.91,1960,12,"010605",0
117.05,-32.91,1961,1,"010605",15.3
117.05,-32.91,1961,2,"010605",2.5
117.05,-32.91,1961,3,"010605",16.8
117.05,-32.91,1961,4,"010605",49.7
117.05,-32.91,1961,5,"010605",9
117.05,-32.91,1961,6,"010605",106.7
117.05,-32.91,1961,7,"010605",90.9
117.05,-32.91,1961,8,"010605",31.3
117.05,-32.91,1961,9,"010605",7.9
117.05,-32.91,1961,10,"010605",20.9
117.05,-32.91,1961,11,"010605",1
117.05,-32.91,1961,12,"010605",1
117.05,-32.91,1962,1,"010605",42.4
117.05,-32.91,1962,2,"010605",0
117.05,-32.91,1962,3,"010605",0
117.05,-32.91,1962,4,"010605",4.3
117.05,-32.91,1962,5,"010605",112.8
117.05,-32.91,1962,6,"010605",82.4
117.05,-32.91,1962,7,"010605",52.6
117.05,-32.91,1962,8,"010605",74
117.05,-32.91,1962,9,"010605",19.8
117.05,-32.91,1962,10,"010605",48.3
117.05,-32.91,1962,11,"010605",21
117.05,-32.91,1962,12,"010605",14.8
117.05,-32.91,1963,1,"010605",4.5
117.05,-32.91,1963,2,"010605",17.8
117.05,-32.91,1963,3,"010605",24.1
117.05,-32.91,1963,4,"010605",24.6
117.05,-32.91,1963,5,"010605",161.8
117.05,-32.91,1963,6,"010605",103.2
117.05,-32.91,1963,7,"010605",110.1
117.05,-32.91,1963,8,"010605",70.1
117.05,-32.91,1963,9,"010605",64.1
117.05,-32.91,1963,10,"010605",30.1
117.05,-32.91,1963,11,"010605",7.1
117.05,-32.91,1963,12,"010605",0
117.05,-32.91,1964,1,"010605",0
117.05,-32.91,1964,2,"010605",1.3
117.05,-32.91,1964,3,"010605",0.3
117.05,-32.91,1964,4,"010605",54
117.05,-32.91,1964,5,"010605",33.7
117.05,-32.91,1964,6,"010605",193.6
117.05,-32.91,1964,7,"010605",169.2
117.05,-32.91,1964,8,"010605",81.8
117.05,-32.91,1964,9,"010605",26.2
117.05,-32.91,1964,10,"010605",35.5
117.05,-32.91,1964,11,"010605",3
117.05,-32.91,1964,12,"010605",0
117.05,-32.91,1965,1,"010605",0
117.05,-32.91,1965,2,"010605",0
117.05,-32.91,1965,3,"010605",15.6
117.05,-32.91,1965,4,"010605",5.4
117.05,-32.91,1965,5,"010605",60.9
117.05,-32.91,1965,6,"010605",86.1
117.05,-32.91,1965,7,"010605",41
117.05,-32.91,1965,8,"010605",88.2
117.05,-32.91,1965,9,"010605",21.7
117.05,-32.91,1965,10,"010605",56.1
117.05,-32.91,1965,11,"010605",38.9
117.05,-32.91,1965,12,"010605",22.8
117.05,-32.91,1966,1,"010605",0
117.05,-32.91,1966,2,"010605",7.4
117.05,-32.91,1966,3,"010605",3
117.05,-32.91,1966,4,"010605",34.8
117.05,-32.91,1966,5,"010605",20.6
117.05,-32.91,1966,6,"010605",82.1
117.05,-32.91,1966,7,"010605",104.5
117.05,-32.91,1966,8,"010605",41.7
117.05,-32.91,1966,9,"010605",45
117.05,-32.91,1966,10,"010605",41.1
117.05,-32.91,1966,11,"010605",3
117.05,-32.91,1966,12,"010605",15.2
117.05,-32.91,1967,1,"010605",0
117.05,-32.91,1967,2,"010605",NA
117.05,-32.91,1967,3,"010605",NA
117.05,-32.91,1967,4,"010605",NA
117.05,-32.91,1967,5,"010605",NA
117.05,-32.91,1967,6,"010605",NA
117.05,-32.91,1967,7,"010605",NA
117.05,-32.91,1967,8,"010605",NA
117.05,-32.91,1967,9,"010605",NA
117.05,-32.91,1967,10,"010605",NA
117.05,-32.91,1967,11,"010605",NA
117.05,-32.91,1967,12,"010605",NA
117.05,-32.91,1969,1,"010605",0
117.05,-32.91,1969,2,"010605",0
117.05,-32.91,1969,3,"010605",15.3
117.05,-32.91,1969,4,"010605",35.5
117.05,-32.91,1969,5,"010605",45.9
117.05,-32.91,1969,6,"010605",97.7
117.05,-32.91,1969,7,"010605",33
117.05,-32.91,1969,8,"010605",30.2
117.05,-32.91,1969,9,"010605",22.6
117.05,-32.91,1969,10,"010605",4.1
117.05,-32.91,1969,11,"010605",17.3
117.05,-32.91,1969,12,"010605",6.4
117.05,-32.91,1970,1,"010605",0
117.05,-32.91,1970,2,"010605",51.1
117.05,-32.91,1970,3,"010605",0
117.05,-32.91,1970,4,"010605",37.2
117.05,-32.91,1970,5,"010605",52.5
117.05,-32.91,1970,6,"010605",162.9
117.05,-32.91,1970,7,"010605",33
117.05,-32.91,1970,8,"010605",52.2
117.05,-32.91,1970,9,"010605",60.1
117.05,-32.91,1970,10,"010605",61.1
117.05,-32.91,1970,11,"010605",8.4
117.05,-32.91,1970,12,"010605",6.6
117.05,-32.91,1971,1,"010605",7.4
117.05,-32.91,1971,2,"010605",55.6
117.05,-32.91,1971,3,"010605",63.8
117.05,-32.91,1971,4,"010605",5.7
117.05,-32.91,1971,5,"010605",66.4
117.05,-32.91,1971,6,"010605",43.2
117.05,-32.91,1971,7,"010605",63.7
117.05,-32.91,1971,8,"010605",53
117.05,-32.91,1971,9,"010605",77.8
117.05,-32.91,1971,10,"010605",53
117.05,-32.91,1971,11,"010605",41.4
117.05,-32.91,1971,12,"010605",0
117.05,-32.91,1972,1,"010605",0
117.05,-32.91,1972,2,"010605",6.1
117.05,-32.91,1972,3,"010605",0.6
117.05,-32.91,1972,4,"010605",18.4
117.05,-32.91,1972,5,"010605",27.6
117.05,-32.91,1972,6,"010605",77.4
117.05,-32.91,1972,7,"010605",104.7
117.05,-32.91,1972,8,"010605",107.1
117.05,-32.91,1972,9,"010605",19.4
117.05,-32.91,1972,10,"010605",21.4
117.05,-32.91,1972,11,"010605",12.8
117.05,-32.91,1972,12,"010605",0
117.05,-32.91,1973,1,"010605",23.6
117.05,-32.91,1973,2,"010605",0
117.05,-32.91,1973,3,"010605",4.3
117.05,-32.91,1973,4,"010605",66.7
117.05,-32.91,1973,5,"010605",56.3
117.05,-32.91,1973,6,"010605",102.7
117.05,-32.91,1973,7,"010605",93.8
117.05,-32.91,1973,8,"010605",71.2
117.05,-32.91,1973,9,"010605",86.1
117.05,-32.91,1973,10,"010605",30.1
117.05,-32.91,1973,11,"010605",18.2
117.05,-32.91,1973,12,"010605",0
117.05,-32.91,1974,1,"010605",0
117.05,-32.91,1974,2,"010605",6
117.05,-32.91,1974,3,"010605",3.8
117.05,-32.91,1974,4,"010605",79.2
117.05,-32.91,1974,5,"010605",140
117.05,-32.91,1974,6,"010605",63.6
117.05,-32.91,1974,7,"010605",129.7
117.05,-32.91,1974,8,"010605",80.8
117.05,-32.91,1974,9,"010605",27.5
117.05,-32.91,1974,10,"010605",37.2
117.05,-32.91,1974,11,"010605",31.6
117.05,-32.91,1974,12,"010605",0
117.05,-32.91,1975,1,"010605",0
117.05,-32.91,1975,2,"010605",0
117.05,-32.91,1975,3,"010605",10.8
117.05,-32.91,1975,4,"010605",66
117.05,-32.91,1975,5,"010605",68.9
117.05,-32.91,1975,6,"010605",80.4
117.05,-32.91,1975,7,"010605",97.3
117.05,-32.91,1975,8,"010605",55.4
117.05,-32.91,1975,9,"010605",34.5
117.05,-32.91,1975,10,"010605",18.3
117.05,-32.91,1975,11,"010605",16.9
117.05,-32.91,1975,12,"010605",0
117.05,-32.91,1976,1,"010605",36
117.05,-32.91,1976,2,"010605",83.4
117.05,-32.91,1976,3,"010605",23.6
117.05,-32.91,1976,4,"010605",52
117.05,-32.91,1976,5,"010605",51
117.05,-32.91,1976,6,"010605",36.6
117.05,-32.91,1976,7,"010605",29.3
117.05,-32.91,1976,8,"010605",88.6
117.05,-32.91,1976,9,"010605",22.4
117.05,-32.91,1976,10,"010605",24.4
117.05,-32.91,1976,11,"010605",29.6
117.05,-32.91,1976,12,"010605",2.8
117.05,-32.91,1977,1,"010605",2.2
117.05,-32.91,1977,2,"010605",4
117.05,-32.91,1977,3,"010605",0.4
117.05,-32.91,1977,4,"010605",7.2
117.05,-32.91,1977,5,"010605",53.7
117.05,-32.91,1977,6,"010605",42.3
117.05,-32.91,1977,7,"010605",29.6
117.05,-32.91,1977,8,"010605",102.6
117.05,-32.91,1977,9,"010605",31
117.05,-32.91,1977,10,"010605",104.9
117.05,-32.91,1977,11,"010605",16.6
117.05,-32.91,1977,12,"010605",12.6
117.05,-32.91,1978,1,"010605",11
117.05,-32.91,1978,2,"010605",39.6
117.05,-32.91,1978,3,"010605",4.2
117.05,-32.91,1978,4,"010605",24.4
117.05,-32.91,1978,5,"010605",54.2
117.05,-32.91,1978,6,"010605",115.8
117.05,-32.91,1978,7,"010605",122.6
117.05,-32.91,1978,8,"010605",34.6
117.05,-32.91,1978,9,"010605",50.4
117.05,-32.91,1978,10,"010605",33.2
117.05,-32.91,1978,11,"010605",7.4
117.05,-32.91,1978,12,"010605",22
117.05,-32.91,1979,1,"010605",2.4
117.05,-32.91,1979,2,"010605",24.2
117.05,-32.91,1979,3,"010605",13
117.05,-32.91,1979,4,"010605",15.8
117.05,-32.91,1979,5,"010605",35.2
117.05,-32.91,1979,6,"010605",57.8
117.05,-32.91,1979,7,"010605",61.4
117.05,-32.91,1979,8,"010605",53.2
117.05,-32.91,1979,9,"010605",30.6
117.05,-32.91,1979,10,"010605",17.8
117.05,-32.91,1979,11,"010605",0
117.05,-32.91,1979,12,"010605",0
117.05,-32.91,1980,1,"010605",0
117.05,-32.91,1980,2,"010605",69.4
117.05,-32.91,1980,3,"010605",1.4
117.05,-32.91,1980,4,"010605",64.6
117.05,-32.91,1980,5,"010605",52.4
117.05,-32.91,1980,6,"010605",81.8
117.05,-32.91,1980,7,"010605",56.4
117.05,-32.91,1980,8,"010605",60.6
117.05,-32.91,1980,9,"010605",27.6
117.05,-32.91,1980,10,"010605",67.5
117.05,-32.91,1980,11,"010605",7.8
117.05,-32.91,1980,12,"010605",10.8
117.05,-32.91,1981,1,"010605",0
117.05,-32.91,1981,2,"010605",17.2
117.05,-32.91,1981,3,"010605",3.6
117.05,-32.91,1981,4,"010605",31.8
117.05,-32.91,1981,5,"010605",87.6
117.05,-32.91,1981,6,"010605",69
117.05,-32.91,1981,7,"010605",73
117.05,-32.91,1981,8,"010605",88.8
117.05,-32.91,1981,9,"010605",28.8
117.05,-32.91,1981,10,"010605",16.4
117.05,-32.91,1981,11,"010605",36.4
117.05,-32.91,1981,12,"010605",3.8
117.05,-32.91,1982,1,"010605",140.9
117.05,-32.91,1982,2,"010605",1.8
117.05,-32.91,1982,3,"010605",9.8
117.05,-32.91,1982,4,"010605",0
117.05,-32.91,1982,5,"010605",17.8
117.05,-32.91,1982,6,"010605",63.6
117.05,-32.91,1982,7,"010605",47
117.05,-32.91,1982,8,"010605",68.2
117.05,-32.91,1982,9,"010605",60.2
117.05,-32.91,1982,10,"010605",35.8
117.05,-32.91,1982,11,"010605",23
117.05,-32.91,1982,12,"010605",12.8
117.05,-32.91,1983,1,"010605",0.4
117.05,-32.91,1983,2,"010605",17
117.05,-32.91,1983,3,"010605",0.8
117.05,-32.91,1983,4,"010605",23.6
117.05,-32.91,1983,5,"010605",28.6
117.05,-32.91,1983,6,"010605",189.6
117.05,-32.91,1983,7,"010605",116
117.05,-32.91,1983,8,"010605",87.4
117.05,-32.91,1983,9,"010605",70.4
117.05,-32.91,1983,10,"010605",11.2
117.05,-32.91,1983,11,"010605",67.2
117.05,-32.91,1983,12,"010605",22.8
117.05,-32.91,1984,1,"010605",0.4
117.05,-32.91,1984,2,"010605",4
117.05,-32.91,1984,3,"010605",23
117.05,-32.91,1984,4,"010605",36.4
117.05,-32.91,1984,5,"010605",96.2
117.05,-32.91,1984,6,"010605",57.6
117.05,-32.91,1984,7,"010605",33.6
117.05,-32.91,1984,8,"010605",35.6
117.05,-32.91,1984,9,"010605",61.8
117.05,-32.91,1984,10,"010605",19.6
117.05,-32.91,1984,11,"010605",50
117.05,-32.91,1984,12,"010605",5.8
117.05,-32.91,1985,1,"010605",0.2
117.05,-32.91,1985,2,"010605",7.2
117.05,-32.91,1985,3,"010605",7.6
117.05,-32.91,1985,4,"010605",44
117.05,-32.91,1985,5,"010605",30.6
117.05,-32.91,1985,6,"010605",62.6
117.05,-32.91,1985,7,"010605",114.4
117.05,-32.91,1985,8,"010605",81.8
117.05,-32.91,1985,9,"010605",19.8
117.05,-32.91,1985,10,"010605",11.2
117.05,-32.91,1985,11,"010605",18.2
117.05,-32.91,1985,12,"010605",2.2
117.05,-32.91,1986,1,"010605",1.2
117.05,-32.91,1986,2,"010605",53.2
117.05,-32.91,1986,3,"010605",12.2
117.05,-32.91,1986,4,"010605",2.8
117.05,-32.91,1986,5,"010605",58
117.05,-32.91,1986,6,"010605",81.8
117.05,-32.91,1986,7,"010605",53.6
117.05,-32.91,1986,8,"010605",61.4
117.05,-32.91,1986,9,"010605",19.6
117.05,-32.91,1986,10,"010605",18.4
117.05,-32.91,1986,11,"010605",4.6
117.05,-32.91,1986,12,"010605",6.6
117.05,-32.91,1987,1,"010605",0
117.05,-32.91,1987,2,"010605",0
117.05,-32.91,1987,3,"010605",7
117.05,-32.91,1987,4,"010605",52.8
117.05,-32.91,1987,5,"010605",21
117.05,-32.91,1987,6,"010605",52.1
117.05,-32.91,1987,7,"010605",154.9
117.05,-32.91,1987,8,"010605",43.1
117.05,-32.91,1987,9,"010605",45
117.05,-32.91,1987,10,"010605",9.6
117.05,-32.91,1987,11,"010605",33
117.05,-32.91,1987,12,"010605",14.2
117.05,-32.91,1988,1,"010605",0
117.05,-32.91,1988,2,"010605",0.4
117.05,-32.91,1988,3,"010605",14.4
117.05,-32.91,1988,4,"010605",40.4
117.05,-32.91,1988,5,"010605",55
117.05,-32.91,1988,6,"010605",108.4
117.05,-32.91,1988,7,"010605",99.8
117.05,-32.91,1988,8,"010605",81.6
117.05,-32.91,1988,9,"010605",59.2
117.05,-32.91,1988,10,"010605",33.8
117.05,-32.91,1988,11,"010605",19.8
117.05,-32.91,1988,12,"010605",13
117.05,-32.91,1989,1,"010605",NA
117.05,-32.91,1989,2,"010605",28.2
117.05,-32.91,1989,3,"010605",0.4
117.05,-32.91,1989,4,"010605",26
117.05,-32.91,1989,5,"010605",111.6
117.05,-32.91,1989,6,"010605",36.2
117.05,-32.91,1989,7,"010605",63
117.05,-32.91,1989,8,"010605",53.4
117.05,-32.91,1989,9,"010605",29.4
117.05,-32.91,1989,10,"010605",55.2
117.05,-32.91,1989,11,"010605",0
117.05,-32.91,1989,12,"010605",19
117.05,-32.91,1990,1,"010605",123.4
117.05,-32.91,1990,2,"010605",17.6
117.05,-32.91,1990,3,"010605",23.2
117.05,-32.91,1990,4,"010605",43.9
117.05,-32.91,1990,5,"010605",53.7
117.05,-32.91,1990,6,"010605",30.9
117.05,-32.91,1990,7,"010605",133.6
117.05,-32.91,1990,8,"010605",47.4
117.05,-32.91,1990,9,"010605",36.1
117.05,-32.91,1990,10,"010605",27.2
117.05,-32.91,1990,11,"010605",4.2
117.05,-32.91,1990,12,"010605",1.4
117.05,-32.91,1991,1,"010605",13.8
117.05,-32.91,1991,2,"010605",29.4
117.05,-32.91,1991,3,"010605",0.4
117.05,-32.91,1991,4,"010605",48
117.05,-32.91,1991,5,"010605",38.6
117.05,-32.91,1991,6,"010605",69.6
117.05,-32.91,1991,7,"010605",104.7
117.05,-32.91,1991,8,"010605",70.4
117.05,-32.91,1991,9,"010605",54.8
117.05,-32.91,1991,10,"010605",26.2
117.05,-32.91,1991,11,"010605",29.6
117.05,-32.91,1991,12,"010605",18
117.05,-32.91,1992,1,"010605",0
117.05,-32.91,1992,2,"010605",26.4
117.05,-32.91,1992,3,"010605",52.8
117.05,-32.91,1992,4,"010605",37
117.05,-32.91,1992,5,"010605",43.2
117.05,-32.91,1992,6,"010605",120
117.05,-32.91,1992,7,"010605",52.4
117.05,-32.91,1992,8,"010605",105.6
117.05,-32.91,1992,9,"010605",35.2
117.05,-32.91,1992,10,"010605",6
117.05,-32.91,1992,11,"010605",50.8
117.05,-32.91,1992,12,"010605",13
117.05,-32.91,1993,1,"010605",NA
117.05,-32.91,1993,2,"010605",42.8
117.05,-32.91,1993,3,"010605",43.4
117.05,-32.91,1993,4,"010605",1.6
117.05,-32.91,1993,5,"010605",75.6
117.05,-32.91,1993,6,"010605",62.6
117.05,-32.91,1993,7,"010605",69.6
117.05,-32.91,1993,8,"010605",59.4
117.05,-32.91,1993,9,"010605",61.2
117.05,-32.91,1993,10,"010605",7.4
117.05,-32.91,1993,11,"010605",45.4
117.05,-32.91,1993,12,"010605",5.7
117.05,-32.91,1994,1,"010605",0
117.05,-32.91,1994,2,"010605",0
117.05,-32.91,1994,3,"010605",1
117.05,-32.91,1994,4,"010605",0.6
117.05,-32.91,1994,5,"010605",110.2
117.05,-32.91,1994,6,"010605",63.4
117.05,-32.91,1994,7,"010605",48.3
117.05,-32.91,1994,8,"010605",57.6
117.05,-32.91,1994,9,"010605",35.7
117.05,-32.91,1994,10,"010605",14.4
117.05,-32.91,1994,11,"010605",8.6
117.05,-32.91,1994,12,"010605",0
117.05,-32.91,1995,1,"010605",1.8
117.05,-32.91,1995,2,"010605",4.6
117.05,-32.91,1995,3,"010605",1.8
117.05,-32.91,1995,4,"010605",8.8
117.05,-32.91,1995,5,"010605",67.8
117.05,-32.91,1995,6,"010605",74.2
117.05,-32.91,1995,7,"010605",127.4
117.05,-32.91,1995,8,"010605",32.8
117.05,-32.91,1995,9,"010605",60.6
117.05,-32.91,1995,10,"010605",54.4
117.05,-32.91,1995,11,"010605",19.6
117.05,-32.91,1995,12,"010605",26.4
117.05,-32.91,1996,1,"010605",2
117.05,-32.91,1996,2,"010605",0
117.05,-32.91,1996,3,"010605",3.4
117.05,-32.91,1996,4,"010605",12.2
117.05,-32.91,1996,5,"010605",16.8
117.05,-32.91,1996,6,"010605",112.7
117.05,-32.91,1996,7,"010605",160
117.05,-32.91,1996,8,"010605",56.1
117.05,-32.91,1996,9,"010605",58.8
117.05,-32.91,1996,10,"010605",27.2
117.05,-32.91,1996,11,"010605",36.1
117.05,-32.91,1996,12,"010605",5.4
117.05,-32.91,1997,1,"010605",0
117.05,-32.91,1997,2,"010605",16.8
117.05,-32.91,1997,3,"010605",64.7
117.05,-32.91,1997,4,"010605",12
117.05,-32.91,1997,5,"010605",51.2
117.05,-32.91,1997,6,"010605",50.4
117.05,-32.91,1997,7,"010605",38.6
117.05,-32.91,1997,8,"010605",79.8
117.05,-32.91,1997,9,"010605",27.4
117.05,-32.91,1997,10,"010605",27
117.05,-32.91,1997,11,"010605",9.8
117.05,-32.91,1997,12,"010605",0
117.05,-32.91,1998,1,"010605",0
117.05,-32.91,1998,2,"010605",0
117.05,-32.91,1998,3,"010605",38.8
117.05,-32.91,1998,4,"010605",66.2
117.05,-32.91,1998,5,"010605",40
117.05,-32.91,1998,6,"010605",90.8
117.05,-32.91,1998,7,"010605",46.2
117.05,-32.91,1998,8,"010605",131.2
117.05,-32.91,1998,9,"010605",55.2
117.05,-32.91,1998,10,"010605",NA
117.05,-32.91,1998,11,"010605",32.4
117.05,-32.91,1998,12,"010605",20
117.05,-32.91,1999,1,"010605",5.2
117.05,-32.91,1999,2,"010605",0
117.05,-32.91,1999,3,"010605",20
117.05,-32.91,1999,4,"010605",12.6
117.05,-32.91,1999,5,"010605",55
117.05,-32.91,1999,6,"010605",92.8
117.05,-32.91,1999,7,"010605",NA
117.05,-32.91,1999,8,"010605",88.1
117.05,-32.91,1999,9,"010605",63.6
117.05,-32.91,1999,10,"010605",62.6
117.05,-32.91,1999,11,"010605",13.2
117.05,-32.91,1999,12,"010605",NA
117.05,-32.91,2000,1,"010605",NA
117.05,-32.91,2000,2,"010605",0
117.05,-32.91,2000,3,"010605",28.7
117.05,-32.91,2000,4,"010605",11.4
117.05,-32.91,2000,5,"010605",4
117.05,-32.91,2000,6,"010605",53
117.05,-32.91,2000,7,"010605",125.8
117.05,-32.91,2000,8,"010605",NA
117.05,-32.91,2000,9,"010605",33.8
117.05,-32.91,2000,10,"010605",1.6
117.05,-32.91,2000,11,"010605",7.8
117.05,-32.91,2000,12,"010605",0
117.05,-32.91,2001,1,"010605",1.4
117.05,-32.91,2001,2,"010605",4.4
117.05,-32.91,2001,3,"010605",9.2
117.05,-32.91,2001,4,"010605",0.4
117.05,-32.91,2001,5,"010605",53.6
117.05,-32.91,2001,6,"010605",16.6
117.05,-32.91,2001,7,"010605",74.8
117.05,-32.91,2001,8,"010605",83
117.05,-32.91,2001,9,"010605",35.6
117.05,-32.91,2001,10,"010605",8.6
117.05,-32.91,2001,11,"010605",28.8
117.05,-32.91,2001,12,"010605",32.6
117.05,-32.91,2002,1,"010605",12.6
117.05,-32.91,2002,2,"010605",11.3
117.05,-32.91,2002,3,"010605",0.6
117.05,-32.91,2002,4,"010605",35
117.05,-32.91,2002,5,"010605",45.4
117.05,-32.91,2002,6,"010605",NA
117.05,-32.91,2002,7,"010605",71.6
117.05,-32.91,2002,8,"010605",74.7
117.05,-32.91,2002,9,"010605",38.4
117.05,-32.91,2002,10,"010605",21
117.05,-32.91,2002,11,"010605",44.9
117.05,-32.91,2002,12,"010605",NA
117.05,-32.91,2003,1,"010605",0.4
117.05,-32.91,2003,2,"010605",8
117.05,-32.91,2003,3,"010605",NA
117.05,-32.91,2003,4,"010605",27.6
117.05,-32.91,2003,5,"010605",63.8
117.05,-32.91,2003,6,"010605",NA
117.05,-32.91,2003,7,"010605",NA
117.05,-32.91,2003,8,"010605",78
117.05,-32.91,2003,9,"010605",NA
117.05,-32.91,2003,10,"010605",26.4
117.05,-32.91,2003,11,"010605",27.2
117.05,-32.91,2003,12,"010605",10
117.05,-32.91,2004,1,"010605",0
117.05,-32.91,2004,2,"010605",15
117.05,-32.91,2004,3,"010605",30.2
117.05,-32.91,2004,4,"010605",13.6
117.05,-32.91,2004,5,"010605",NA
117.05,-32.91,2004,6,"010605",98.7
117.05,-32.91,2004,7,"010605",75.5
117.05,-32.91,2004,8,"010605",79
117.05,-32.91,2004,9,"010605",14.2
117.05,-32.91,2004,10,"010605",31.2
117.05,-32.91,2004,11,"010605",42
117.05,-32.91,2004,12,"010605",NA
117.05,-32.91,2005,1,"010605",0
117.05,-32.91,2005,2,"010605",5.4
117.05,-32.91,2005,3,"010605",27.4
117.05,-32.91,2005,4,"010605",49.2
117.05,-32.91,2005,5,"010605",124
117.05,-32.91,2005,6,"010605",75
117.05,-32.91,2005,7,"010605",36.7
117.05,-32.91,2005,8,"010605",71
117.05,-32.91,2005,9,"010605",59.8
117.05,-32.91,2005,10,"010605",NA
117.05,-32.91,2005,11,"010605",NA
117.05,-32.91,2005,12,"010605",7.4
117.05,-32.91,2006,1,"010605",NA
117.05,-32.91,2006,2,"010605",NA
117.05,-32.91,2006,3,"010605",NA
117.05,-32.91,2006,4,"010605",37.4
117.05,-32.91,2006,5,"010605",NA
117.05,-32.91,2006,6,"010605",NA
117.05,-32.91,2006,7,"010605",45.7
117.05,-32.91,2006,8,"010605",82
117.05,-32.91,2006,9,"010605",28.1
117.05,-32.91,2006,10,"010605",12.8
117.05,-32.91,2006,11,"010605",12
117.05,-32.91,2006,12,"010605",11.2
117.05,-32.91,2007,1,"010605",13.8
117.05,-32.91,2007,2,"010605",0
117.05,-32.91,2007,3,"010605",3.8
117.05,-32.91,2007,4,"010605",35.9
117.05,-32.91,2007,5,"010605",33.3
117.05,-32.91,2007,6,"010605",53
117.05,-32.91,2007,7,"010605",NA
117.05,-32.91,2007,8,"010605",NA
117.05,-32.91,2007,9,"010605",44.2
117.05,-32.91,2007,10,"010605",32.8
117.05,-32.91,2007,11,"010605",0
117.05,-32.91,2007,12,"010605",11.1
