"Lon","Lat","Year","Month","Station","Rain"
147.99,-41.52,1987,1,"092105",NA
147.99,-41.52,1987,2,"092105",NA
147.99,-41.52,1987,3,"092105",NA
147.99,-41.52,1987,4,"092105",NA
147.99,-41.52,1987,5,"092105",NA
147.99,-41.52,1987,6,"092105",NA
147.99,-41.52,1987,7,"092105",NA
147.99,-41.52,1987,8,"092105",NA
147.99,-41.52,1987,9,"092105",NA
147.99,-41.52,1987,10,"092105",NA
147.99,-41.52,1987,11,"092105",NA
147.99,-41.52,1987,12,"092105",47.8
147.99,-41.52,1988,1,"092105",13.8
147.99,-41.52,1988,2,"092105",9.4
147.99,-41.52,1988,3,"092105",NA
147.99,-41.52,1988,4,"092105",74.6
147.99,-41.52,1988,5,"092105",79.8
147.99,-41.52,1988,6,"092105",38.2
147.99,-41.52,1988,7,"092105",114
147.99,-41.52,1988,8,"092105",44
147.99,-41.52,1988,9,"092105",70.6
147.99,-41.52,1988,10,"092105",30.6
147.99,-41.52,1988,11,"092105",49.2
147.99,-41.52,1988,12,"092105",54.2
147.99,-41.52,1989,1,"092105",97.4
147.99,-41.52,1989,2,"092105",57.8
147.99,-41.52,1989,3,"092105",57
147.99,-41.52,1989,4,"092105",259
147.99,-41.52,1989,5,"092105",36.2
147.99,-41.52,1989,6,"092105",50.4
147.99,-41.52,1989,7,"092105",95.2
147.99,-41.52,1989,8,"092105",22
147.99,-41.52,1989,9,"092105",63.8
147.99,-41.52,1989,10,"092105",135
147.99,-41.52,1989,11,"092105",36
147.99,-41.52,1989,12,"092105",63
147.99,-41.52,1990,1,"092105",15.4
147.99,-41.52,1990,2,"092105",96.4
147.99,-41.52,1990,3,"092105",28.8
147.99,-41.52,1990,4,"092105",83.8
147.99,-41.52,1990,5,"092105",25
147.99,-41.52,1990,6,"092105",45.6
147.99,-41.52,1990,7,"092105",87.8
147.99,-41.52,1990,8,"092105",33.6
147.99,-41.52,1990,9,"092105",15.8
147.99,-41.52,1990,10,"092105",55.6
147.99,-41.52,1990,11,"092105",35.6
147.99,-41.52,1990,12,"092105",35
147.99,-41.52,1991,1,"092105",106.6
147.99,-41.52,1991,2,"092105",2.2
147.99,-41.52,1991,3,"092105",76.2
147.99,-41.52,1991,4,"092105",30.2
147.99,-41.52,1991,5,"092105",3.6
147.99,-41.52,1991,6,"092105",69.4
147.99,-41.52,1991,7,"092105",71.8
147.99,-41.52,1991,8,"092105",103.6
147.99,-41.52,1991,9,"092105",68.4
147.99,-41.52,1991,10,"092105",22.2
147.99,-41.52,1991,11,"092105",41.8
147.99,-41.52,1991,12,"092105",118
147.99,-41.52,1995,1,"092105",NA
147.99,-41.52,1995,2,"092105",NA
147.99,-41.52,1995,3,"092105",NA
147.99,-41.52,1995,4,"092105",NA
147.99,-41.52,1995,5,"092105",NA
147.99,-41.52,1995,6,"092105",NA
147.99,-41.52,1995,7,"092105",NA
147.99,-41.52,1995,8,"092105",NA
147.99,-41.52,1995,9,"092105",NA
147.99,-41.52,1995,10,"092105",NA
147.99,-41.52,1995,11,"092105",NA
147.99,-41.52,1995,12,"092105",5
147.99,-41.52,1996,1,"092105",NA
147.99,-41.52,1996,2,"092105",NA
147.99,-41.52,1996,3,"092105",0.4
147.99,-41.52,1996,4,"092105",7.6
147.99,-41.52,1996,5,"092105",10.4
147.99,-41.52,1996,6,"092105",13
147.99,-41.52,1996,7,"092105",0.8
147.99,-41.52,1996,8,"092105",5.6
147.99,-41.52,1996,9,"092105",7.4
147.99,-41.52,1996,10,"092105",59.2
147.99,-41.52,1996,11,"092105",15.6
147.99,-41.52,1996,12,"092105",5.6
147.99,-41.52,1997,1,"092105",4.2
147.99,-41.52,1997,2,"092105",NA
147.99,-41.52,1997,3,"092105",32.2
147.99,-41.52,1997,4,"092105",NA
147.99,-41.52,1997,5,"092105",NA
147.99,-41.52,1997,6,"092105",20.8
147.99,-41.52,1997,7,"092105",NA
147.99,-41.52,1997,8,"092105",16.2
147.99,-41.52,1997,9,"092105",3.6
147.99,-41.52,1997,10,"092105",10
147.99,-41.52,1997,11,"092105",NA
147.99,-41.52,1997,12,"092105",19.4
147.99,-41.52,1998,1,"092105",28.4
147.99,-41.52,1998,2,"092105",2.4
147.99,-41.52,1998,3,"092105",19.4
147.99,-41.52,1998,4,"092105",54
147.99,-41.52,1998,5,"092105",NA
147.99,-41.52,1998,6,"092105",36.4
147.99,-41.52,1998,7,"092105",NA
147.99,-41.52,1998,8,"092105",18.8
147.99,-41.52,1998,9,"092105",2.2
147.99,-41.52,1998,10,"092105",22.2
147.99,-41.52,1998,11,"092105",0.8
147.99,-41.52,1998,12,"092105",34.4
147.99,-41.52,1999,1,"092105",NA
147.99,-41.52,1999,2,"092105",41.4
147.99,-41.52,1999,3,"092105",NA
147.99,-41.52,1999,4,"092105",NA
147.99,-41.52,1999,5,"092105",NA
147.99,-41.52,1999,6,"092105",NA
147.99,-41.52,1999,7,"092105",24.6
147.99,-41.52,1999,8,"092105",32.1
147.99,-41.52,1999,9,"092105",15.4
147.99,-41.52,1999,10,"092105",81.8
147.99,-41.52,1999,11,"092105",27
147.99,-41.52,1999,12,"092105",0
147.99,-41.52,2000,1,"092105",49
147.99,-41.52,2000,2,"092105",0
147.99,-41.52,2000,3,"092105",NA
147.99,-41.52,2000,4,"092105",31
147.99,-41.52,2000,5,"092105",64.4
147.99,-41.52,2000,6,"092105",0
147.99,-41.52,2000,7,"092105",0
147.99,-41.52,2000,8,"092105",112.8
147.99,-41.52,2000,9,"092105",75.2
147.99,-41.52,2000,10,"092105",64.4
147.99,-41.52,2000,11,"092105",117.8
147.99,-41.52,2000,12,"092105",25.4
147.99,-41.52,2001,1,"092105",35.4
147.99,-41.52,2001,2,"092105",2.6
147.99,-41.52,2001,3,"092105",83.6
147.99,-41.52,2001,4,"092105",NA
147.99,-41.52,2001,5,"092105",NA
147.99,-41.52,2001,6,"092105",13.6
147.99,-41.52,2001,7,"092105",71.2
147.99,-41.52,2001,8,"092105",136
147.99,-41.52,2001,9,"092105",88.4
147.99,-41.52,2001,10,"092105",115.2
147.99,-41.52,2001,11,"092105",139.6
147.99,-41.52,2001,12,"092105",41.4
147.99,-41.52,2002,1,"092105",53.6
147.99,-41.52,2002,2,"092105",68.8
147.99,-41.52,2002,3,"092105",12
147.99,-41.52,2002,4,"092105",NA
147.99,-41.52,2002,5,"092105",13.4
147.99,-41.52,2002,6,"092105",NA
147.99,-41.52,2002,7,"092105",40.4
147.99,-41.52,2002,8,"092105",38.4
147.99,-41.52,2002,9,"092105",70.2
147.99,-41.52,2002,10,"092105",46.8
147.99,-41.52,2002,11,"092105",47
147.99,-41.52,2002,12,"092105",15
147.99,-41.52,2003,1,"092105",31.6
147.99,-41.52,2003,2,"092105",8.2
147.99,-41.52,2003,3,"092105",70.6
147.99,-41.52,2003,4,"092105",133
147.99,-41.52,2003,5,"092105",178.8
147.99,-41.52,2003,6,"092105",82.6
147.99,-41.52,2003,7,"092105",51.4
147.99,-41.52,2003,8,"092105",NA
147.99,-41.52,2003,9,"092105",NA
147.99,-41.52,2003,10,"092105",NA
147.99,-41.52,2003,11,"092105",NA
147.99,-41.52,2003,12,"092105",NA
147.99,-41.52,2004,1,"092105",NA
147.99,-41.52,2004,2,"092105",NA
147.99,-41.52,2004,3,"092105",NA
147.99,-41.52,2004,4,"092105",NA
147.99,-41.52,2004,5,"092105",NA
147.99,-41.52,2004,6,"092105",72.6
147.99,-41.52,2004,7,"092105",41.8
147.99,-41.52,2004,8,"092105",NA
147.99,-41.52,2004,9,"092105",15.4
147.99,-41.52,2004,10,"092105",44.6
147.99,-41.52,2004,11,"092105",56
147.99,-41.52,2004,12,"092105",44.6
147.99,-41.52,2005,1,"092105",30
147.99,-41.52,2005,2,"092105",88
147.99,-41.52,2005,3,"092105",9.4
147.99,-41.52,2005,4,"092105",48
147.99,-41.52,2005,5,"092105",3.8
147.99,-41.52,2005,6,"092105",50
147.99,-41.52,2005,7,"092105",42.6
147.99,-41.52,2005,8,"092105",93
147.99,-41.52,2005,9,"092105",53.8
147.99,-41.52,2005,10,"092105",222.8
147.99,-41.52,2005,11,"092105",89.2
147.99,-41.52,2005,12,"092105",68.2
147.99,-41.52,2006,1,"092105",25.8
147.99,-41.52,2006,2,"092105",18.6
147.99,-41.52,2006,3,"092105",26.4
147.99,-41.52,2006,4,"092105",40
147.99,-41.52,2006,5,"092105",34.6
147.99,-41.52,2006,6,"092105",18.6
147.99,-41.52,2006,7,"092105",46.4
147.99,-41.52,2006,8,"092105",3.8
147.99,-41.52,2006,9,"092105",42.2
147.99,-41.52,2006,10,"092105",17.6
147.99,-41.52,2006,11,"092105",NA
147.99,-41.52,2006,12,"092105",NA
147.99,-41.52,2007,1,"092105",NA
147.99,-41.52,2007,2,"092105",NA
147.99,-41.52,2007,3,"092105",NA
147.99,-41.52,2007,4,"092105",NA
147.99,-41.52,2007,5,"092105",NA
147.99,-41.52,2007,6,"092105",NA
147.99,-41.52,2007,7,"092105",NA
147.99,-41.52,2007,8,"092105",NA
147.99,-41.52,2007,9,"092105",NA
147.99,-41.52,2007,10,"092105",NA
147.99,-41.52,2007,11,"092105",NA
147.99,-41.52,2007,12,"092105",47.8
147.99,-41.52,2008,1,"092105",32.2
147.99,-41.52,2008,2,"092105",132
147.99,-41.52,2008,3,"092105",22.4
147.99,-41.52,2008,4,"092105",30.4
147.99,-41.52,2008,5,"092105",31.8
147.99,-41.52,2008,6,"092105",26.2
147.99,-41.52,2008,7,"092105",42.6
147.99,-41.52,2008,8,"092105",13.4
147.99,-41.52,2008,9,"092105",67.4
147.99,-41.52,2008,10,"092105",NA
147.99,-41.52,2008,11,"092105",91
147.99,-41.52,2008,12,"092105",115
147.99,-41.52,2009,1,"092105",5.8
147.99,-41.52,2009,2,"092105",NA
147.99,-41.52,2009,3,"092105",NA
147.99,-41.52,2009,4,"092105",NA
147.99,-41.52,2009,5,"092105",NA
147.99,-41.52,2009,6,"092105",147.6
147.99,-41.52,2009,7,"092105",NA
147.99,-41.52,2009,8,"092105",234
147.99,-41.52,2009,9,"092105",NA
147.99,-41.52,2009,10,"092105",64.6
147.99,-41.52,2009,11,"092105",NA
147.99,-41.52,2009,12,"092105",NA
