"Lon","Lat","Year","Month","Station","Rain"
142.49,-22.15,1916,1,"037000",NA
142.49,-22.15,1916,2,"037000",NA
142.49,-22.15,1916,3,"037000",NA
142.49,-22.15,1916,4,"037000",NA
142.49,-22.15,1916,5,"037000",NA
142.49,-22.15,1916,6,"037000",5.3
142.49,-22.15,1916,7,"037000",80.2
142.49,-22.15,1916,8,"037000",3.3
142.49,-22.15,1916,9,"037000",5.3
142.49,-22.15,1916,10,"037000",20.6
142.49,-22.15,1916,11,"037000",81.6
142.49,-22.15,1916,12,"037000",197.7
142.49,-22.15,1917,1,"037000",108.3
142.49,-22.15,1917,2,"037000",217.6
142.49,-22.15,1917,3,"037000",126.2
142.49,-22.15,1917,4,"037000",0
142.49,-22.15,1917,5,"037000",0
142.49,-22.15,1917,6,"037000",1.3
142.49,-22.15,1917,7,"037000",5.6
142.49,-22.15,1917,8,"037000",30
142.49,-22.15,1917,9,"037000",31.7
142.49,-22.15,1917,10,"037000",24.7
142.49,-22.15,1917,11,"037000",127.1
142.49,-22.15,1917,12,"037000",44.7
142.49,-22.15,1918,1,"037000",210
142.49,-22.15,1918,2,"037000",66.2
142.49,-22.15,1918,3,"037000",68.6
142.49,-22.15,1918,4,"037000",9.4
142.49,-22.15,1918,5,"037000",0
142.49,-22.15,1918,6,"037000",0
142.49,-22.15,1918,7,"037000",3.6
142.49,-22.15,1918,8,"037000",2
142.49,-22.15,1918,9,"037000",3.5
142.49,-22.15,1918,10,"037000",0
142.49,-22.15,1918,11,"037000",0
142.49,-22.15,1918,12,"037000",28.2
142.49,-22.15,1919,1,"037000",63.8
142.49,-22.15,1919,2,"037000",85.9
142.49,-22.15,1919,3,"037000",19.1
142.49,-22.15,1919,4,"037000",19.3
142.49,-22.15,1919,5,"037000",19.1
142.49,-22.15,1919,6,"037000",0
142.49,-22.15,1919,7,"037000",0
142.49,-22.15,1919,8,"037000",2.5
142.49,-22.15,1919,9,"037000",0
142.49,-22.15,1919,10,"037000",0
142.49,-22.15,1919,11,"037000",0
142.49,-22.15,1919,12,"037000",19.1
142.49,-22.15,1920,1,"037000",132.9
142.49,-22.15,1920,2,"037000",0.8
142.49,-22.15,1920,3,"037000",28.4
142.49,-22.15,1920,4,"037000",58.4
142.49,-22.15,1920,5,"037000",90.9
142.49,-22.15,1920,6,"037000",21.1
142.49,-22.15,1920,7,"037000",116.6
142.49,-22.15,1920,8,"037000",4.6
142.49,-22.15,1920,9,"037000",NA
142.49,-22.15,1920,10,"037000",NA
142.49,-22.15,1920,11,"037000",NA
142.49,-22.15,1920,12,"037000",NA
142.49,-22.15,1922,1,"037000",175
142.49,-22.15,1922,2,"037000",141
142.49,-22.15,1922,3,"037000",6.4
142.49,-22.15,1922,4,"037000",0
142.49,-22.15,1922,5,"037000",0
142.49,-22.15,1922,6,"037000",11.9
142.49,-22.15,1922,7,"037000",0
142.49,-22.15,1922,8,"037000",0
142.49,-22.15,1922,9,"037000",0
142.49,-22.15,1922,10,"037000",1.3
142.49,-22.15,1922,11,"037000",9.8
142.49,-22.15,1922,12,"037000",286.1
142.49,-22.15,1923,1,"037000",45.7
142.49,-22.15,1923,2,"037000",27.4
142.49,-22.15,1923,3,"037000",27.7
142.49,-22.15,1923,4,"037000",14.2
142.49,-22.15,1923,5,"037000",7.4
142.49,-22.15,1923,6,"037000",82.3
142.49,-22.15,1923,7,"037000",0
142.49,-22.15,1923,8,"037000",0
142.49,-22.15,1923,9,"037000",0
142.49,-22.15,1923,10,"037000",8.6
142.49,-22.15,1923,11,"037000",11.4
142.49,-22.15,1923,12,"037000",24.4
142.49,-22.15,1924,1,"037000",96
142.49,-22.15,1924,2,"037000",154.1
142.49,-22.15,1924,3,"037000",82.6
142.49,-22.15,1924,4,"037000",86.4
142.49,-22.15,1924,5,"037000",0
142.49,-22.15,1924,6,"037000",0
142.49,-22.15,1924,7,"037000",1.3
142.49,-22.15,1924,8,"037000",13.2
142.49,-22.15,1924,9,"037000",10.6
142.49,-22.15,1924,10,"037000",35.9
142.49,-22.15,1924,11,"037000",79.1
142.49,-22.15,1924,12,"037000",180.8
142.49,-22.15,1925,1,"037000",92.9
142.49,-22.15,1925,2,"037000",25.7
142.49,-22.15,1925,3,"037000",149.3
142.49,-22.15,1925,4,"037000",1.3
142.49,-22.15,1925,5,"037000",0.8
142.49,-22.15,1925,6,"037000",0
142.49,-22.15,1925,7,"037000",1
142.49,-22.15,1925,8,"037000",0
142.49,-22.15,1925,9,"037000",8.9
142.49,-22.15,1925,10,"037000",0.5
142.49,-22.15,1925,11,"037000",56.4
142.49,-22.15,1925,12,"037000",17.4
142.49,-22.15,1926,1,"037000",30
142.49,-22.15,1926,2,"037000",2.5
142.49,-22.15,1926,3,"037000",18.3
142.49,-22.15,1926,4,"037000",1.3
142.49,-22.15,1926,5,"037000",26.9
142.49,-22.15,1926,6,"037000",0
142.49,-22.15,1926,7,"037000",0
142.49,-22.15,1926,8,"037000",0
142.49,-22.15,1926,9,"037000",47.8
142.49,-22.15,1926,10,"037000",11.7
142.49,-22.15,1926,11,"037000",3.6
142.49,-22.15,1926,12,"037000",18.5
142.49,-22.15,1927,1,"037000",23.2
142.49,-22.15,1927,2,"037000",38.1
142.49,-22.15,1927,3,"037000",14.8
142.49,-22.15,1927,4,"037000",2
142.49,-22.15,1927,5,"037000",1.3
142.49,-22.15,1927,6,"037000",4.1
142.49,-22.15,1927,7,"037000",0
142.49,-22.15,1927,8,"037000",0
142.49,-22.15,1927,9,"037000",3
142.49,-22.15,1927,10,"037000",0
142.49,-22.15,1927,11,"037000",7.1
142.49,-22.15,1927,12,"037000",76.2
142.49,-22.15,1928,1,"037000",0
142.49,-22.15,1928,2,"037000",22.6
142.49,-22.15,1928,3,"037000",5.6
142.49,-22.15,1928,4,"037000",16.5
142.49,-22.15,1928,5,"037000",0
142.49,-22.15,1928,6,"037000",19.6
142.49,-22.15,1928,7,"037000",0
142.49,-22.15,1928,8,"037000",0
142.49,-22.15,1928,9,"037000",0
142.49,-22.15,1928,10,"037000",0
142.49,-22.15,1928,11,"037000",6.6
142.49,-22.15,1928,12,"037000",85.6
142.49,-22.15,1929,1,"037000",172.5
142.49,-22.15,1929,2,"037000",62.7
142.49,-22.15,1929,3,"037000",123.4
142.49,-22.15,1929,4,"037000",10.4
142.49,-22.15,1929,5,"037000",0
142.49,-22.15,1929,6,"037000",0.8
142.49,-22.15,1929,7,"037000",0
142.49,-22.15,1929,8,"037000",0
142.49,-22.15,1929,9,"037000",0
142.49,-22.15,1929,10,"037000",0
142.49,-22.15,1929,11,"037000",24.9
142.49,-22.15,1929,12,"037000",84.6
142.49,-22.15,1930,1,"037000",247.9
142.49,-22.15,1930,2,"037000",89.9
142.49,-22.15,1930,3,"037000",10.9
142.49,-22.15,1930,4,"037000",0
142.49,-22.15,1930,5,"037000",35.6
142.49,-22.15,1930,6,"037000",16.5
142.49,-22.15,1930,7,"037000",5.3
142.49,-22.15,1930,8,"037000",0
142.49,-22.15,1930,9,"037000",0
142.49,-22.15,1930,10,"037000",179.3
142.49,-22.15,1930,11,"037000",6.4
142.49,-22.15,1930,12,"037000",62.2
142.49,-22.15,1931,1,"037000",12.4
142.49,-22.15,1931,2,"037000",0
142.49,-22.15,1931,3,"037000",71.6
142.49,-22.15,1931,4,"037000",0.8
142.49,-22.15,1931,5,"037000",27.7
142.49,-22.15,1931,6,"037000",4.8
142.49,-22.15,1931,7,"037000",0
142.49,-22.15,1931,8,"037000",0
142.49,-22.15,1931,9,"037000",12.2
142.49,-22.15,1931,10,"037000",0.8
142.49,-22.15,1931,11,"037000",48.8
142.49,-22.15,1931,12,"037000",39.6
142.49,-22.15,1932,1,"037000",3
142.49,-22.15,1932,2,"037000",29.5
142.49,-22.15,1932,3,"037000",12.4
142.49,-22.15,1932,4,"037000",13
142.49,-22.15,1932,5,"037000",104.4
142.49,-22.15,1932,6,"037000",6.4
142.49,-22.15,1932,7,"037000",0
142.49,-22.15,1932,8,"037000",0
142.49,-22.15,1932,9,"037000",0
142.49,-22.15,1932,10,"037000",3.6
142.49,-22.15,1932,11,"037000",4.8
142.49,-22.15,1932,12,"037000",9.7
142.49,-22.15,1933,1,"037000",5.6
142.49,-22.15,1933,2,"037000",121.2
142.49,-22.15,1933,3,"037000",3.8
142.49,-22.15,1933,4,"037000",0
142.49,-22.15,1933,5,"037000",0
142.49,-22.15,1933,6,"037000",22.9
142.49,-22.15,1933,7,"037000",80
142.49,-22.15,1933,8,"037000",0
142.49,-22.15,1933,9,"037000",0
142.49,-22.15,1933,10,"037000",27.9
142.49,-22.15,1933,11,"037000",60.5
142.49,-22.15,1933,12,"037000",10.4
142.49,-22.15,1934,1,"037000",86.1
142.49,-22.15,1934,2,"037000",103.6
142.49,-22.15,1934,3,"037000",0
142.49,-22.15,1934,4,"037000",0
142.49,-22.15,1934,5,"037000",0
142.49,-22.15,1934,6,"037000",34.2
142.49,-22.15,1934,7,"037000",37.3
142.49,-22.15,1934,8,"037000",0
142.49,-22.15,1934,9,"037000",1.5
142.49,-22.15,1934,10,"037000",25.2
142.49,-22.15,1934,11,"037000",9.9
142.49,-22.15,1934,12,"037000",0.8
142.49,-22.15,1935,1,"037000",49.3
142.49,-22.15,1935,2,"037000",4.6
142.49,-22.15,1935,3,"037000",0
142.49,-22.15,1935,4,"037000",0
142.49,-22.15,1935,5,"037000",0
142.49,-22.15,1935,6,"037000",156.2
142.49,-22.15,1935,7,"037000",0
142.49,-22.15,1935,8,"037000",5.3
142.49,-22.15,1935,9,"037000",10.4
142.49,-22.15,1935,10,"037000",23.5
142.49,-22.15,1935,11,"037000",39.9
142.49,-22.15,1935,12,"037000",8.6
142.49,-22.15,1936,1,"037000",45.2
142.49,-22.15,1936,2,"037000",123.2
142.49,-22.15,1936,3,"037000",122
142.49,-22.15,1936,4,"037000",0
142.49,-22.15,1936,5,"037000",82.8
142.49,-22.15,1936,6,"037000",1.5
142.49,-22.15,1936,7,"037000",21.1
142.49,-22.15,1936,8,"037000",4.3
142.49,-22.15,1936,9,"037000",4.1
142.49,-22.15,1936,10,"037000",0
142.49,-22.15,1936,11,"037000",57.6
142.49,-22.15,1936,12,"037000",37.3
142.49,-22.15,1937,1,"037000",59
142.49,-22.15,1937,2,"037000",28.7
142.49,-22.15,1937,3,"037000",250.2
142.49,-22.15,1937,4,"037000",0
142.49,-22.15,1937,5,"037000",0
142.49,-22.15,1937,6,"037000",40.4
142.49,-22.15,1937,7,"037000",0
142.49,-22.15,1937,8,"037000",1.5
142.49,-22.15,1937,9,"037000",0
142.49,-22.15,1937,10,"037000",0
142.49,-22.15,1937,11,"037000",53.1
142.49,-22.15,1937,12,"037000",9.7
142.49,-22.15,1938,1,"037000",123.4
142.49,-22.15,1938,2,"037000",224.9
142.49,-22.15,1938,3,"037000",0
142.49,-22.15,1938,4,"037000",0
142.49,-22.15,1938,5,"037000",10.7
142.49,-22.15,1938,6,"037000",16.2
142.49,-22.15,1938,7,"037000",46.8
142.49,-22.15,1938,8,"037000",0
142.49,-22.15,1938,9,"037000",0
142.49,-22.15,1938,10,"037000",0
142.49,-22.15,1938,11,"037000",11.7
142.49,-22.15,1938,12,"037000",0
142.49,-22.15,1939,1,"037000",29.4
142.49,-22.15,1939,2,"037000",163
142.49,-22.15,1939,3,"037000",14.3
142.49,-22.15,1939,4,"037000",73.1
142.49,-22.15,1939,5,"037000",0
142.49,-22.15,1939,6,"037000",64.5
142.49,-22.15,1939,7,"037000",14.3
142.49,-22.15,1939,8,"037000",20.4
142.49,-22.15,1939,9,"037000",0
142.49,-22.15,1939,10,"037000",65.5
142.49,-22.15,1939,11,"037000",9.7
142.49,-22.15,1939,12,"037000",10.1
142.49,-22.15,1940,1,"037000",53.6
142.49,-22.15,1940,2,"037000",267.7
142.49,-22.15,1940,3,"037000",17.6
142.49,-22.15,1940,4,"037000",7.1
142.49,-22.15,1940,5,"037000",1.3
142.49,-22.15,1940,6,"037000",38.4
142.49,-22.15,1940,7,"037000",0
142.49,-22.15,1940,8,"037000",0
142.49,-22.15,1940,9,"037000",0
142.49,-22.15,1940,10,"037000",0
142.49,-22.15,1940,11,"037000",29.7
142.49,-22.15,1940,12,"037000",19.3
142.49,-22.15,1941,1,"037000",327
142.49,-22.15,1941,2,"037000",0
142.49,-22.15,1941,3,"037000",263.6
142.49,-22.15,1941,4,"037000",24.2
142.49,-22.15,1941,5,"037000",31.8
142.49,-22.15,1941,6,"037000",72
142.49,-22.15,1941,7,"037000",0
142.49,-22.15,1941,8,"037000",0
142.49,-22.15,1941,9,"037000",0
142.49,-22.15,1941,10,"037000",4.6
142.49,-22.15,1941,11,"037000",34.8
142.49,-22.15,1941,12,"037000",15.3
142.49,-22.15,1942,1,"037000",6.9
142.49,-22.15,1942,2,"037000",28.7
142.49,-22.15,1942,3,"037000",14.5
142.49,-22.15,1942,4,"037000",14.7
142.49,-22.15,1942,5,"037000",46.7
142.49,-22.15,1942,6,"037000",1
142.49,-22.15,1942,7,"037000",0
142.49,-22.15,1942,8,"037000",0
142.49,-22.15,1942,9,"037000",9.9
142.49,-22.15,1942,10,"037000",21.3
142.49,-22.15,1942,11,"037000",8.2
142.49,-22.15,1942,12,"037000",129.1
142.49,-22.15,1943,1,"037000",34.3
142.49,-22.15,1943,2,"037000",56.4
142.49,-22.15,1943,3,"037000",22.8
142.49,-22.15,1943,4,"037000",16.8
142.49,-22.15,1943,5,"037000",10.9
142.49,-22.15,1943,6,"037000",0
142.49,-22.15,1943,7,"037000",0
142.49,-22.15,1943,8,"037000",0
142.49,-22.15,1943,9,"037000",25.9
142.49,-22.15,1943,10,"037000",4.8
142.49,-22.15,1943,11,"037000",19
142.49,-22.15,1943,12,"037000",21.5
142.49,-22.15,1944,1,"037000",12.7
142.49,-22.15,1944,2,"037000",171.9
142.49,-22.15,1944,3,"037000",7.9
142.49,-22.15,1944,4,"037000",51.8
142.49,-22.15,1944,5,"037000",77.8
142.49,-22.15,1944,6,"037000",1.3
142.49,-22.15,1944,7,"037000",57.2
142.49,-22.15,1944,8,"037000",0
142.49,-22.15,1944,9,"037000",0
142.49,-22.15,1944,10,"037000",3.8
142.49,-22.15,1944,11,"037000",2.5
142.49,-22.15,1944,12,"037000",68.1
142.49,-22.15,1945,1,"037000",47.7
142.49,-22.15,1945,2,"037000",127.5
142.49,-22.15,1945,3,"037000",24.4
142.49,-22.15,1945,4,"037000",0
142.49,-22.15,1945,5,"037000",16.5
142.49,-22.15,1945,6,"037000",19.5
142.49,-22.15,1945,7,"037000",14
142.49,-22.15,1945,8,"037000",0
142.49,-22.15,1945,9,"037000",5.8
142.49,-22.15,1945,10,"037000",1.3
142.49,-22.15,1945,11,"037000",0
142.49,-22.15,1945,12,"037000",4.8
142.49,-22.15,1946,1,"037000",467.9
142.49,-22.15,1946,2,"037000",25.4
142.49,-22.15,1946,3,"037000",0
142.49,-22.15,1946,4,"037000",0
142.49,-22.15,1946,5,"037000",0
142.49,-22.15,1946,6,"037000",0
142.49,-22.15,1946,7,"037000",0
142.49,-22.15,1946,8,"037000",0
142.49,-22.15,1946,9,"037000",0
142.49,-22.15,1946,10,"037000",0
142.49,-22.15,1946,11,"037000",19.1
142.49,-22.15,1946,12,"037000",24.6
142.49,-22.15,1947,1,"037000",15.5
142.49,-22.15,1947,2,"037000",84.3
142.49,-22.15,1947,3,"037000",40.3
142.49,-22.15,1947,4,"037000",0
142.49,-22.15,1947,5,"037000",5.4
142.49,-22.15,1947,6,"037000",3.6
142.49,-22.15,1947,7,"037000",0
142.49,-22.15,1947,8,"037000",60.5
142.49,-22.15,1947,9,"037000",47.3
142.49,-22.15,1947,10,"037000",22.1
142.49,-22.15,1947,11,"037000",8.1
142.49,-22.15,1947,12,"037000",46.8
142.49,-22.15,1948,1,"037000",26.9
142.49,-22.15,1948,2,"037000",16
142.49,-22.15,1948,3,"037000",26.2
142.49,-22.15,1948,4,"037000",0
142.49,-22.15,1948,5,"037000",1.5
142.49,-22.15,1948,6,"037000",10.6
142.49,-22.15,1948,7,"037000",8.4
142.49,-22.15,1948,8,"037000",0
142.49,-22.15,1948,9,"037000",0
142.49,-22.15,1948,10,"037000",24.6
142.49,-22.15,1948,11,"037000",0
142.49,-22.15,1948,12,"037000",53.7
142.49,-22.15,1949,1,"037000",29.4
142.49,-22.15,1949,2,"037000",59.1
142.49,-22.15,1949,3,"037000",382.2
142.49,-22.15,1949,4,"037000",0
142.49,-22.15,1949,5,"037000",0
142.49,-22.15,1949,6,"037000",0
142.49,-22.15,1949,7,"037000",0
142.49,-22.15,1949,8,"037000",0
142.49,-22.15,1949,9,"037000",7.4
142.49,-22.15,1949,10,"037000",105.7
142.49,-22.15,1949,11,"037000",1.8
142.49,-22.15,1949,12,"037000",98.3
142.49,-22.15,1950,1,"037000",222.8
142.49,-22.15,1950,2,"037000",154.6
142.49,-22.15,1950,3,"037000",247.8
142.49,-22.15,1950,4,"037000",37.2
142.49,-22.15,1950,5,"037000",50.9
142.49,-22.15,1950,6,"037000",35.3
142.49,-22.15,1950,7,"037000",50.3
142.49,-22.15,1950,8,"037000",0
142.49,-22.15,1950,9,"037000",22.1
142.49,-22.15,1950,10,"037000",83.2
142.49,-22.15,1950,11,"037000",71.1
142.49,-22.15,1950,12,"037000",82.4
142.49,-22.15,1951,1,"037000",184.8
142.49,-22.15,1951,2,"037000",19.8
142.49,-22.15,1951,3,"037000",19.6
142.49,-22.15,1951,4,"037000",0
142.49,-22.15,1951,5,"037000",0
142.49,-22.15,1951,6,"037000",26.7
142.49,-22.15,1951,7,"037000",0
142.49,-22.15,1951,8,"037000",4.3
142.49,-22.15,1951,9,"037000",0
142.49,-22.15,1951,10,"037000",22.9
142.49,-22.15,1951,11,"037000",17.6
142.49,-22.15,1951,12,"037000",5.8
142.49,-22.15,1952,1,"037000",16.4
142.49,-22.15,1952,2,"037000",72.7
142.49,-22.15,1952,3,"037000",2.8
142.49,-22.15,1952,4,"037000",40.6
142.49,-22.15,1952,5,"037000",46.8
142.49,-22.15,1952,6,"037000",0
142.49,-22.15,1952,7,"037000",0
142.49,-22.15,1952,8,"037000",15.5
142.49,-22.15,1952,9,"037000",1.3
142.49,-22.15,1952,10,"037000",20.1
142.49,-22.15,1952,11,"037000",40.4
142.49,-22.15,1952,12,"037000",3.6
142.49,-22.15,1953,1,"037000",93.2
142.49,-22.15,1953,2,"037000",151.9
142.49,-22.15,1953,3,"037000",0
142.49,-22.15,1953,4,"037000",0
142.49,-22.15,1953,5,"037000",21.8
142.49,-22.15,1953,6,"037000",0
142.49,-22.15,1953,7,"037000",0
142.49,-22.15,1953,8,"037000",12.7
142.49,-22.15,1953,9,"037000",1.5
142.49,-22.15,1953,10,"037000",23.6
142.49,-22.15,1953,11,"037000",0.8
142.49,-22.15,1953,12,"037000",0
142.49,-22.15,1954,1,"037000",257.1
142.49,-22.15,1954,2,"037000",75.5
142.49,-22.15,1954,3,"037000",105.6
142.49,-22.15,1954,4,"037000",28.7
142.49,-22.15,1954,5,"037000",0
142.49,-22.15,1954,6,"037000",9.4
142.49,-22.15,1954,7,"037000",1.5
142.49,-22.15,1954,8,"037000",9.1
142.49,-22.15,1954,9,"037000",0.8
142.49,-22.15,1954,10,"037000",31
142.49,-22.15,1954,11,"037000",5.1
142.49,-22.15,1954,12,"037000",70
142.49,-22.15,1955,1,"037000",28.5
142.49,-22.15,1955,2,"037000",238
142.49,-22.15,1955,3,"037000",152.1
142.49,-22.15,1955,4,"037000",11.4
142.49,-22.15,1955,5,"037000",156.2
142.49,-22.15,1955,6,"037000",14.3
142.49,-22.15,1955,7,"037000",18.8
142.49,-22.15,1955,8,"037000",3.6
142.49,-22.15,1955,9,"037000",0
142.49,-22.15,1955,10,"037000",28
142.49,-22.15,1955,11,"037000",1.3
142.49,-22.15,1955,12,"037000",6.3
142.49,-22.15,1956,1,"037000",51.4
142.49,-22.15,1956,2,"037000",111.6
142.49,-22.15,1956,3,"037000",95.3
142.49,-22.15,1956,4,"037000",37.9
142.49,-22.15,1956,5,"037000",28.5
142.49,-22.15,1956,6,"037000",35.8
142.49,-22.15,1956,7,"037000",95.4
142.49,-22.15,1956,8,"037000",0.8
142.49,-22.15,1956,9,"037000",7.1
142.49,-22.15,1956,10,"037000",15.5
142.49,-22.15,1956,11,"037000",37.9
142.49,-22.15,1956,12,"037000",142.8
142.49,-22.15,1957,1,"037000",105.2
142.49,-22.15,1957,2,"037000",85.4
142.49,-22.15,1957,3,"037000",35.5
142.49,-22.15,1957,4,"037000",3
142.49,-22.15,1957,5,"037000",0
142.49,-22.15,1957,6,"037000",18.6
142.49,-22.15,1957,7,"037000",18.3
142.49,-22.15,1957,8,"037000",0
142.49,-22.15,1957,9,"037000",0
142.49,-22.15,1957,10,"037000",17.7
142.49,-22.15,1957,11,"037000",24.2
142.49,-22.15,1957,12,"037000",23.7
142.49,-22.15,1958,1,"037000",73
142.49,-22.15,1958,2,"037000",15.8
142.49,-22.15,1958,3,"037000",131.1
142.49,-22.15,1958,4,"037000",32
142.49,-22.15,1958,5,"037000",11.7
142.49,-22.15,1958,6,"037000",65.1
142.49,-22.15,1958,7,"037000",4.6
142.49,-22.15,1958,8,"037000",0
142.49,-22.15,1958,9,"037000",0
142.49,-22.15,1958,10,"037000",3
142.49,-22.15,1958,11,"037000",28
142.49,-22.15,1958,12,"037000",5
142.49,-22.15,1959,1,"037000",13
142.49,-22.15,1959,2,"037000",5.8
142.49,-22.15,1959,3,"037000",50.7
142.49,-22.15,1959,4,"037000",5.8
142.49,-22.15,1959,5,"037000",86.1
142.49,-22.15,1959,6,"037000",0
142.49,-22.15,1959,7,"037000",3.1
142.49,-22.15,1959,8,"037000",13
142.49,-22.15,1959,9,"037000",7.6
142.49,-22.15,1959,10,"037000",5.1
142.49,-22.15,1959,11,"037000",8.7
142.49,-22.15,1959,12,"037000",27.5
142.49,-22.15,1960,1,"037000",22.4
142.49,-22.15,1960,2,"037000",97.9
142.49,-22.15,1960,3,"037000",11.5
142.49,-22.15,1960,4,"037000",7.4
142.49,-22.15,1960,5,"037000",37.3
142.49,-22.15,1960,6,"037000",0
142.49,-22.15,1960,7,"037000",2.5
142.49,-22.15,1960,8,"037000",16
142.49,-22.15,1960,9,"037000",16.3
142.49,-22.15,1960,10,"037000",1
142.49,-22.15,1960,11,"037000",3.8
142.49,-22.15,1960,12,"037000",137.6
142.49,-22.15,1961,1,"037000",37.1
142.49,-22.15,1961,2,"037000",78
142.49,-22.15,1961,3,"037000",2.5
142.49,-22.15,1961,4,"037000",20.6
142.49,-22.15,1961,5,"037000",0.8
142.49,-22.15,1961,6,"037000",0
142.49,-22.15,1961,7,"037000",14.2
142.49,-22.15,1961,8,"037000",0
142.49,-22.15,1961,9,"037000",0
142.49,-22.15,1961,10,"037000",4.3
142.49,-22.15,1961,11,"037000",21.5
142.49,-22.15,1961,12,"037000",45.2
142.49,-22.15,1962,1,"037000",18.3
142.49,-22.15,1962,2,"037000",52.1
142.49,-22.15,1962,3,"037000",30.9
142.49,-22.15,1962,4,"037000",4.3
142.49,-22.15,1962,5,"037000",12.7
142.49,-22.15,1962,6,"037000",18.3
142.49,-22.15,1962,7,"037000",3.8
142.49,-22.15,1962,8,"037000",0
142.49,-22.15,1962,9,"037000",71.1
142.49,-22.15,1962,10,"037000",14.2
142.49,-22.15,1962,11,"037000",111
142.49,-22.15,1962,12,"037000",60.9
142.49,-22.15,1963,1,"037000",112
142.49,-22.15,1963,2,"037000",18.3
142.49,-22.15,1963,3,"037000",113.4
142.49,-22.15,1963,4,"037000",54.4
142.49,-22.15,1963,5,"037000",0
142.49,-22.15,1963,6,"037000",0
142.49,-22.15,1963,7,"037000",0
142.49,-22.15,1963,8,"037000",6.4
142.49,-22.15,1963,9,"037000",0
142.49,-22.15,1963,10,"037000",20.3
142.49,-22.15,1963,11,"037000",1.5
142.49,-22.15,1963,12,"037000",0
142.49,-22.15,1964,1,"037000",45.7
142.49,-22.15,1964,2,"037000",79.8
142.49,-22.15,1964,3,"037000",59
142.49,-22.15,1964,4,"037000",5.4
142.49,-22.15,1964,5,"037000",3
142.49,-22.15,1964,6,"037000",3.3
142.49,-22.15,1964,7,"037000",4.3
142.49,-22.15,1964,8,"037000",0
142.49,-22.15,1964,9,"037000",23.3
142.49,-22.15,1964,10,"037000",47.6
142.49,-22.15,1964,11,"037000",3.5
142.49,-22.15,1964,12,"037000",23.4
142.49,-22.15,1965,1,"037000",16.1
142.49,-22.15,1965,2,"037000",20.6
142.49,-22.15,1965,3,"037000",42.1
142.49,-22.15,1965,4,"037000",10.2
142.49,-22.15,1965,5,"037000",0
142.49,-22.15,1965,6,"037000",1
142.49,-22.15,1965,7,"037000",0
142.49,-22.15,1965,8,"037000",0
142.49,-22.15,1965,9,"037000",0.8
142.49,-22.15,1965,10,"037000",1.8
142.49,-22.15,1965,11,"037000",1.8
142.49,-22.15,1965,12,"037000",16.2
142.49,-22.15,1966,1,"037000",138
142.49,-22.15,1966,2,"037000",4.4
142.49,-22.15,1966,3,"037000",0.3
142.49,-22.15,1966,4,"037000",0
142.49,-22.15,1966,5,"037000",0
142.49,-22.15,1966,6,"037000",1.3
142.49,-22.15,1966,7,"037000",0
142.49,-22.15,1966,8,"037000",35.1
142.49,-22.15,1966,9,"037000",1.5
142.49,-22.15,1966,10,"037000",1
142.49,-22.15,1966,11,"037000",41.7
142.49,-22.15,1966,12,"037000",13.2
142.49,-22.15,1967,1,"037000",15.6
142.49,-22.15,1967,2,"037000",71.9
142.49,-22.15,1967,3,"037000",68.8
142.49,-22.15,1967,4,"037000",0
142.49,-22.15,1967,5,"037000",0.8
142.49,-22.15,1967,6,"037000",111.3
142.49,-22.15,1967,7,"037000",0
142.49,-22.15,1967,8,"037000",0
142.49,-22.15,1967,9,"037000",0
142.49,-22.15,1967,10,"037000",2.3
142.49,-22.15,1967,11,"037000",3.6
142.49,-22.15,1967,12,"037000",21.9
142.49,-22.15,1968,1,"037000",17.2
142.49,-22.15,1968,2,"037000",87.5
142.49,-22.15,1968,3,"037000",0.5
142.49,-22.15,1968,4,"037000",43.7
142.49,-22.15,1968,5,"037000",71.4
142.49,-22.15,1968,6,"037000",0.8
142.49,-22.15,1968,7,"037000",8.1
142.49,-22.15,1968,8,"037000",0
142.49,-22.15,1968,9,"037000",0
142.49,-22.15,1968,10,"037000",0
142.49,-22.15,1968,11,"037000",2.5
142.49,-22.15,1968,12,"037000",61
142.49,-22.15,1969,1,"037000",17.8
142.49,-22.15,1969,2,"037000",24.1
142.49,-22.15,1969,3,"037000",79
142.49,-22.15,1969,4,"037000",9.4
142.49,-22.15,1969,5,"037000",14.8
142.49,-22.15,1969,6,"037000",0
142.49,-22.15,1969,7,"037000",2
142.49,-22.15,1969,8,"037000",0
142.49,-22.15,1969,9,"037000",0
142.49,-22.15,1969,10,"037000",2.8
142.49,-22.15,1969,11,"037000",4.1
142.49,-22.15,1969,12,"037000",92.4
142.49,-22.15,1970,1,"037000",0.5
142.49,-22.15,1970,2,"037000",91.4
142.49,-22.15,1970,3,"037000",4.3
142.49,-22.15,1970,4,"037000",30.5
142.49,-22.15,1970,5,"037000",0
142.49,-22.15,1970,6,"037000",0
142.49,-22.15,1970,7,"037000",0
142.49,-22.15,1970,8,"037000",0
142.49,-22.15,1970,9,"037000",21.3
142.49,-22.15,1970,10,"037000",5.4
142.49,-22.15,1970,11,"037000",12.2
142.49,-22.15,1970,12,"037000",55.7
142.49,-22.15,1971,1,"037000",5.4
142.49,-22.15,1971,2,"037000",29.7
142.49,-22.15,1971,3,"037000",156.1
142.49,-22.15,1971,4,"037000",123.7
142.49,-22.15,1971,5,"037000",0.8
142.49,-22.15,1971,6,"037000",15.7
142.49,-22.15,1971,7,"037000",19.5
142.49,-22.15,1971,8,"037000",17.2
142.49,-22.15,1971,9,"037000",1.8
142.49,-22.15,1971,10,"037000",12.7
142.49,-22.15,1971,11,"037000",29.7
142.49,-22.15,1971,12,"037000",25.8
142.49,-22.15,1972,1,"037000",85.5
142.49,-22.15,1972,2,"037000",49.3
142.49,-22.15,1972,3,"037000",61.3
142.49,-22.15,1972,4,"037000",0
142.49,-22.15,1972,5,"037000",2.5
142.49,-22.15,1972,6,"037000",6
142.49,-22.15,1972,7,"037000",0
142.49,-22.15,1972,8,"037000",1
142.49,-22.15,1972,9,"037000",0
142.49,-22.15,1972,10,"037000",0
142.49,-22.15,1972,11,"037000",40.7
142.49,-22.15,1972,12,"037000",4.8
142.49,-22.15,1973,1,"037000",52.9
142.49,-22.15,1973,2,"037000",240.4
142.49,-22.15,1973,3,"037000",175.6
142.49,-22.15,1973,4,"037000",12.5
142.49,-22.15,1973,5,"037000",5.8
142.49,-22.15,1973,6,"037000",2.5
142.49,-22.15,1973,7,"037000",2.6
142.49,-22.15,1973,8,"037000",1.3
142.49,-22.15,1973,9,"037000",13.4
142.49,-22.15,1973,10,"037000",9.2
142.49,-22.15,1973,11,"037000",37.5
142.49,-22.15,1973,12,"037000",119.7
142.49,-22.15,1974,1,"037000",603.8
142.49,-22.15,1974,2,"037000",72.4
142.49,-22.15,1974,3,"037000",30.4
142.49,-22.15,1974,4,"037000",11.2
142.49,-22.15,1974,5,"037000",41.8
142.49,-22.15,1974,6,"037000",0
142.49,-22.15,1974,7,"037000",0
142.49,-22.15,1974,8,"037000",27
142.49,-22.15,1974,9,"037000",3.6
142.49,-22.15,1974,10,"037000",1.2
142.49,-22.15,1974,11,"037000",6.2
142.49,-22.15,1974,12,"037000",42.6
142.49,-22.15,1975,1,"037000",175.6
142.49,-22.15,1975,2,"037000",113
142.49,-22.15,1975,3,"037000",43.8
142.49,-22.15,1975,4,"037000",7.2
142.49,-22.15,1975,5,"037000",0
142.49,-22.15,1975,6,"037000",2
142.49,-22.15,1975,7,"037000",0
142.49,-22.15,1975,8,"037000",7
142.49,-22.15,1975,9,"037000",23.2
142.49,-22.15,1975,10,"037000",48
142.49,-22.15,1975,11,"037000",1
142.49,-22.15,1975,12,"037000",57.2
142.49,-22.15,1976,1,"037000",99.6
142.49,-22.15,1976,2,"037000",304.4
142.49,-22.15,1976,3,"037000",4.6
142.49,-22.15,1976,4,"037000",0
142.49,-22.15,1976,5,"037000",0
142.49,-22.15,1976,6,"037000",0
142.49,-22.15,1976,7,"037000",1
142.49,-22.15,1976,8,"037000",3.2
142.49,-22.15,1976,9,"037000",0.6
142.49,-22.15,1976,10,"037000",18.6
142.49,-22.15,1976,11,"037000",3.2
142.49,-22.15,1976,12,"037000",94
142.49,-22.15,1977,1,"037000",106.6
142.49,-22.15,1977,2,"037000",98.8
142.49,-22.15,1977,3,"037000",47
142.49,-22.15,1977,4,"037000",31.4
142.49,-22.15,1977,5,"037000",39.6
142.49,-22.15,1977,6,"037000",0
142.49,-22.15,1977,7,"037000",0
142.49,-22.15,1977,8,"037000",0
142.49,-22.15,1977,9,"037000",0
142.49,-22.15,1977,10,"037000",4.6
142.49,-22.15,1977,11,"037000",0
142.49,-22.15,1977,12,"037000",56.6
142.49,-22.15,1978,1,"037000",59.4
142.49,-22.15,1978,2,"037000",16.2
142.49,-22.15,1978,3,"037000",12.2
142.49,-22.15,1978,4,"037000",0.6
142.49,-22.15,1978,5,"037000",36.2
142.49,-22.15,1978,6,"037000",6.8
142.49,-22.15,1978,7,"037000",124.8
142.49,-22.15,1978,8,"037000",1.2
142.49,-22.15,1978,9,"037000",33.2
142.49,-22.15,1978,10,"037000",37.4
142.49,-22.15,1978,11,"037000",3
142.49,-22.15,1978,12,"037000",29.6
142.49,-22.15,1979,1,"037000",52.4
142.49,-22.15,1979,2,"037000",147.6
142.49,-22.15,1979,3,"037000",6.2
142.49,-22.15,1979,4,"037000",0
142.49,-22.15,1979,5,"037000",6
142.49,-22.15,1979,6,"037000",5.8
142.49,-22.15,1979,7,"037000",0
142.49,-22.15,1979,8,"037000",0
142.49,-22.15,1979,9,"037000",2.8
142.49,-22.15,1979,10,"037000",26.4
142.49,-22.15,1979,11,"037000",16.4
142.49,-22.15,1979,12,"037000",45.4
142.49,-22.15,1980,1,"037000",167
142.49,-22.15,1980,2,"037000",91
142.49,-22.15,1980,3,"037000",23.6
142.49,-22.15,1980,4,"037000",0
142.49,-22.15,1980,5,"037000",1.4
142.49,-22.15,1980,6,"037000",0
142.49,-22.15,1980,7,"037000",0
142.49,-22.15,1980,8,"037000",5
142.49,-22.15,1980,9,"037000",0
142.49,-22.15,1980,10,"037000",5
142.49,-22.15,1980,11,"037000",0
142.49,-22.15,1980,12,"037000",75
142.49,-22.15,1981,1,"037000",232
142.49,-22.15,1981,2,"037000",65.1
142.49,-22.15,1981,3,"037000",18.4
142.49,-22.15,1981,4,"037000",37.4
142.49,-22.15,1981,5,"037000",35
142.49,-22.15,1981,6,"037000",56
142.49,-22.15,1981,7,"037000",77
142.49,-22.15,1981,8,"037000",2
142.49,-22.15,1981,9,"037000",0
142.49,-22.15,1981,10,"037000",4
142.49,-22.15,1981,11,"037000",7
142.49,-22.15,1981,12,"037000",5
142.49,-22.15,1982,1,"037000",111.4
142.49,-22.15,1982,2,"037000",42.6
142.49,-22.15,1982,3,"037000",76
142.49,-22.15,1982,4,"037000",1
142.49,-22.15,1982,5,"037000",0
142.49,-22.15,1982,6,"037000",0
142.49,-22.15,1982,7,"037000",0
142.49,-22.15,1982,8,"037000",0
142.49,-22.15,1982,9,"037000",4
142.49,-22.15,1982,10,"037000",0
142.49,-22.15,1982,11,"037000",20
142.49,-22.15,1982,12,"037000",30
142.49,-22.15,1983,1,"037000",16
142.49,-22.15,1983,2,"037000",3
142.49,-22.15,1983,3,"037000",17.8
142.49,-22.15,1983,4,"037000",48
142.49,-22.15,1983,5,"037000",25
142.49,-22.15,1983,6,"037000",0
142.49,-22.15,1983,7,"037000",0
142.49,-22.15,1983,8,"037000",3
142.49,-22.15,1983,9,"037000",0
142.49,-22.15,1983,10,"037000",3
142.49,-22.15,1983,11,"037000",35
142.49,-22.15,1983,12,"037000",10
142.49,-22.15,1984,1,"037000",165.6
142.49,-22.15,1984,2,"037000",96.4
142.49,-22.15,1984,3,"037000",3.4
142.49,-22.15,1984,4,"037000",0
142.49,-22.15,1984,5,"037000",0
142.49,-22.15,1984,6,"037000",0
142.49,-22.15,1984,7,"037000",51
142.49,-22.15,1984,8,"037000",1
142.49,-22.15,1984,9,"037000",16
142.49,-22.15,1984,10,"037000",9
142.49,-22.15,1984,11,"037000",4
142.49,-22.15,1984,12,"037000",55
142.49,-22.15,1985,1,"037000",1
142.49,-22.15,1985,2,"037000",15.7
142.49,-22.15,1985,3,"037000",22
142.49,-22.15,1985,4,"037000",5
142.49,-22.15,1985,5,"037000",0
142.49,-22.15,1985,6,"037000",66
142.49,-22.15,1985,7,"037000",7
142.49,-22.15,1985,8,"037000",7
142.49,-22.15,1985,9,"037000",0
142.49,-22.15,1985,10,"037000",34.5
142.49,-22.15,1985,11,"037000",72.3
142.49,-22.15,1985,12,"037000",33
142.49,-22.15,1986,1,"037000",4
142.49,-22.15,1986,2,"037000",161
142.49,-22.15,1986,3,"037000",0
142.49,-22.15,1986,4,"037000",0
142.49,-22.15,1986,5,"037000",40
142.49,-22.15,1986,6,"037000",21.3
142.49,-22.15,1986,7,"037000",31.5
142.49,-22.15,1986,8,"037000",2.5
142.49,-22.15,1986,9,"037000",0
142.49,-22.15,1986,10,"037000",60
142.49,-22.15,1986,11,"037000",34.2
142.49,-22.15,1986,12,"037000",62
142.49,-22.15,1987,1,"037000",44.5
142.49,-22.15,1987,2,"037000",137
142.49,-22.15,1987,3,"037000",33.5
142.49,-22.15,1987,4,"037000",0
142.49,-22.15,1987,5,"037000",0
142.49,-22.15,1987,6,"037000",30
142.49,-22.15,1987,7,"037000",3.5
142.49,-22.15,1987,8,"037000",0
142.49,-22.15,1987,9,"037000",7
142.49,-22.15,1987,10,"037000",8
142.49,-22.15,1987,11,"037000",49
142.49,-22.15,1987,12,"037000",111
142.49,-22.15,1988,1,"037000",0
142.49,-22.15,1988,2,"037000",5
142.49,-22.15,1988,3,"037000",4
142.49,-22.15,1988,4,"037000",70
142.49,-22.15,1988,5,"037000",37
142.49,-22.15,1988,6,"037000",0
142.49,-22.15,1988,7,"037000",39
142.49,-22.15,1988,8,"037000",12
142.49,-22.15,1988,9,"037000",1
142.49,-22.15,1988,10,"037000",0
142.49,-22.15,1988,11,"037000",13
142.49,-22.15,1988,12,"037000",95
142.49,-22.15,1989,1,"037000",6
142.49,-22.15,1989,2,"037000",83
142.49,-22.15,1989,3,"037000",35
142.49,-22.15,1989,4,"037000",18
142.49,-22.15,1989,5,"037000",65
142.49,-22.15,1989,6,"037000",17
142.49,-22.15,1989,7,"037000",12
142.49,-22.15,1989,8,"037000",0
142.49,-22.15,1989,9,"037000",0
142.49,-22.15,1989,10,"037000",14
142.49,-22.15,1989,11,"037000",111
142.49,-22.15,1989,12,"037000",77
142.49,-22.15,1990,1,"037000",17
142.49,-22.15,1990,2,"037000",12
142.49,-22.15,1990,3,"037000",84.5
142.49,-22.15,1990,4,"037000",60
142.49,-22.15,1990,5,"037000",60
142.49,-22.15,1990,6,"037000",29.5
142.49,-22.15,1990,7,"037000",0
142.49,-22.15,1990,8,"037000",0
142.49,-22.15,1990,9,"037000",0
142.49,-22.15,1990,10,"037000",5
142.49,-22.15,1990,11,"037000",10
142.49,-22.15,1990,12,"037000",21
142.49,-22.15,1991,1,"037000",122
142.49,-22.15,1991,2,"037000",265
142.49,-22.15,1991,3,"037000",15
142.49,-22.15,1991,4,"037000",4
142.49,-22.15,1991,5,"037000",0
142.49,-22.15,1991,6,"037000",14
142.49,-22.15,1991,7,"037000",0
142.49,-22.15,1991,8,"037000",0
142.49,-22.15,1991,9,"037000",0
142.49,-22.15,1991,10,"037000",12
142.49,-22.15,1991,11,"037000",3
142.49,-22.15,1991,12,"037000",90
142.49,-22.15,1992,1,"037000",7
142.49,-22.15,1992,2,"037000",239
142.49,-22.15,1992,3,"037000",0
142.49,-22.15,1992,4,"037000",0
142.49,-22.15,1992,5,"037000",55
142.49,-22.15,1992,6,"037000",0
142.49,-22.15,1992,7,"037000",0
142.49,-22.15,1992,8,"037000",0
142.49,-22.15,1992,9,"037000",13
142.49,-22.15,1992,10,"037000",18
142.49,-22.15,1992,11,"037000",32.5
142.49,-22.15,1992,12,"037000",10
142.49,-22.15,1993,1,"037000",92.5
142.49,-22.15,1993,2,"037000",109.5
142.49,-22.15,1993,3,"037000",2.5
142.49,-22.15,1993,4,"037000",0
142.49,-22.15,1993,5,"037000",11
142.49,-22.15,1993,6,"037000",2
142.49,-22.15,1993,7,"037000",8
142.49,-22.15,1993,8,"037000",4
142.49,-22.15,1993,9,"037000",0
142.49,-22.15,1993,10,"037000",7
142.49,-22.15,1993,11,"037000",30
142.49,-22.15,1993,12,"037000",79
142.49,-22.15,1994,1,"037000",41.5
142.49,-22.15,1994,2,"037000",130.5
142.49,-22.15,1994,3,"037000",63
142.49,-22.15,1994,4,"037000",0
142.49,-22.15,1994,5,"037000",0
142.49,-22.15,1994,6,"037000",0
142.49,-22.15,1994,7,"037000",0
142.49,-22.15,1994,8,"037000",0
142.49,-22.15,1994,9,"037000",0
142.49,-22.15,1994,10,"037000",0.6
142.49,-22.15,1994,11,"037000",50
142.49,-22.15,1994,12,"037000",0
142.49,-22.15,1995,1,"037000",97
142.49,-22.15,1995,2,"037000",101
142.49,-22.15,1995,3,"037000",24
142.49,-22.15,1995,4,"037000",0
142.49,-22.15,1995,5,"037000",6
142.49,-22.15,1995,6,"037000",0
142.49,-22.15,1995,7,"037000",4
142.49,-22.15,1995,8,"037000",0
142.49,-22.15,1995,9,"037000",6.7
142.49,-22.15,1995,10,"037000",30.5
142.49,-22.15,1995,11,"037000",47.2
142.49,-22.15,1995,12,"037000",68.6
142.49,-22.15,1996,1,"037000",56.1
142.49,-22.15,1996,2,"037000",7
142.49,-22.15,1996,3,"037000",70.2
142.49,-22.15,1996,4,"037000",11.4
142.49,-22.15,1996,5,"037000",0
142.49,-22.15,1996,6,"037000",1.8
142.49,-22.15,1996,7,"037000",6.6
142.49,-22.15,1996,8,"037000",13.2
142.49,-22.15,1996,9,"037000",0
142.49,-22.15,1996,10,"037000",64.4
142.49,-22.15,1996,11,"037000",17.4
142.49,-22.15,1996,12,"037000",51
142.49,-22.15,1997,1,"037000",33.2
142.49,-22.15,1997,2,"037000",172.6
142.49,-22.15,1997,3,"037000",61.6
142.49,-22.15,1997,4,"037000",6
142.49,-22.15,1997,5,"037000",51
142.49,-22.15,1997,6,"037000",6.6
142.49,-22.15,1997,7,"037000",0
142.49,-22.15,1997,8,"037000",0
142.49,-22.15,1997,9,"037000",0
142.49,-22.15,1997,10,"037000",8.2
142.49,-22.15,1997,11,"037000",28.2
142.49,-22.15,1997,12,"037000",42.4
142.49,-22.15,1998,1,"037000",45.2
142.49,-22.15,1998,2,"037000",52.4
142.49,-22.15,1998,3,"037000",0
142.49,-22.15,1998,4,"037000",91.6
142.49,-22.15,1998,5,"037000",0
142.49,-22.15,1998,6,"037000",51.2
142.49,-22.15,1998,7,"037000",17
142.49,-22.15,1998,8,"037000",13
142.49,-22.15,1998,9,"037000",27
142.49,-22.15,1998,10,"037000",24
142.49,-22.15,1998,11,"037000",96.2
142.49,-22.15,1998,12,"037000",59.4
142.49,-22.15,1999,1,"037000",119
142.49,-22.15,1999,2,"037000",3.6
142.49,-22.15,1999,3,"037000",143.8
142.49,-22.15,1999,4,"037000",14.4
142.49,-22.15,1999,5,"037000",0
142.49,-22.15,1999,6,"037000",0
142.49,-22.15,1999,7,"037000",0
142.49,-22.15,1999,8,"037000",0
142.49,-22.15,1999,9,"037000",0
142.49,-22.15,1999,10,"037000",28.6
142.49,-22.15,1999,11,"037000",96.6
142.49,-22.15,1999,12,"037000",198.8
142.49,-22.15,2000,1,"037000",15
142.49,-22.15,2000,2,"037000",392
142.49,-22.15,2000,3,"037000",151.4
142.49,-22.15,2000,4,"037000",58
142.49,-22.15,2000,5,"037000",3
142.49,-22.15,2000,6,"037000",26
142.49,-22.15,2000,7,"037000",0
142.49,-22.15,2000,8,"037000",0
142.49,-22.15,2000,9,"037000",2
142.49,-22.15,2000,10,"037000",39.4
142.49,-22.15,2000,11,"037000",98
142.49,-22.15,2000,12,"037000",167
142.49,-22.15,2001,1,"037000",7.2
142.49,-22.15,2001,2,"037000",19.2
142.49,-22.15,2001,3,"037000",16.4
142.49,-22.15,2001,4,"037000",0
142.49,-22.15,2001,5,"037000",0
142.49,-22.15,2001,6,"037000",33
142.49,-22.15,2001,7,"037000",4.2
142.49,-22.15,2001,8,"037000",0
142.49,-22.15,2001,9,"037000",0
142.49,-22.15,2001,10,"037000",34
142.49,-22.15,2001,11,"037000",8.4
142.49,-22.15,2001,12,"037000",78.2
142.49,-22.15,2002,1,"037000",20.2
142.49,-22.15,2002,2,"037000",7
142.49,-22.15,2002,3,"037000",24.6
142.49,-22.15,2002,4,"037000",0
142.49,-22.15,2002,5,"037000",0
142.49,-22.15,2002,6,"037000",0
142.49,-22.15,2002,7,"037000",0
142.49,-22.15,2002,8,"037000",0
142.49,-22.15,2002,9,"037000",0
142.49,-22.15,2002,10,"037000",0
142.49,-22.15,2002,11,"037000",2.6
142.49,-22.15,2002,12,"037000",9
142.49,-22.15,2003,1,"037000",19
142.49,-22.15,2003,2,"037000",97
142.49,-22.15,2003,3,"037000",21.2
142.49,-22.15,2003,4,"037000",18.6
142.49,-22.15,2003,5,"037000",6.4
142.49,-22.15,2003,6,"037000",16.2
142.49,-22.15,2003,7,"037000",0
142.49,-22.15,2003,8,"037000",12.2
142.49,-22.15,2003,9,"037000",0
142.49,-22.15,2003,10,"037000",2.2
142.49,-22.15,2003,11,"037000",0.8
142.49,-22.15,2003,12,"037000",34.4
142.49,-22.15,2004,1,"037000",197.6
142.49,-22.15,2004,2,"037000",25.8
142.49,-22.15,2004,3,"037000",0
142.49,-22.15,2004,4,"037000",9
142.49,-22.15,2004,5,"037000",15.2
142.49,-22.15,2004,6,"037000",0
142.49,-22.15,2004,7,"037000",0
142.49,-22.15,2004,8,"037000",4.4
142.49,-22.15,2004,9,"037000",1.4
142.49,-22.15,2004,10,"037000",0
142.49,-22.15,2004,11,"037000",35.8
142.49,-22.15,2004,12,"037000",53.4
142.49,-22.15,2005,1,"037000",57.2
142.49,-22.15,2005,2,"037000",115.4
142.49,-22.15,2005,3,"037000",2
142.49,-22.15,2005,4,"037000",1
142.49,-22.15,2005,5,"037000",6.6
142.49,-22.15,2005,6,"037000",78.4
142.49,-22.15,2005,7,"037000",4
142.49,-22.15,2005,8,"037000",13
142.49,-22.15,2005,9,"037000",0.8
142.49,-22.15,2005,10,"037000",8.2
142.49,-22.15,2005,11,"037000",24.8
142.49,-22.15,2005,12,"037000",8.8
142.49,-22.15,2006,1,"037000",32.2
142.49,-22.15,2006,2,"037000",47.6
142.49,-22.15,2006,3,"037000",56.4
142.49,-22.15,2006,4,"037000",64
142.49,-22.15,2006,5,"037000",34
142.49,-22.15,2006,6,"037000",0
142.49,-22.15,2006,7,"037000",5.6
142.49,-22.15,2006,8,"037000",0
142.49,-22.15,2006,9,"037000",0
142.49,-22.15,2006,10,"037000",0
142.49,-22.15,2006,11,"037000",1
142.49,-22.15,2006,12,"037000",9.2
142.49,-22.15,2007,1,"037000",114.6
142.49,-22.15,2007,2,"037000",4.6
142.49,-22.15,2007,3,"037000",25.2
142.49,-22.15,2007,4,"037000",0
142.49,-22.15,2007,5,"037000",0.6
142.49,-22.15,2007,6,"037000",89.2
142.49,-22.15,2007,7,"037000",0
142.49,-22.15,2007,8,"037000",8.8
142.49,-22.15,2007,9,"037000",3
142.49,-22.15,2007,10,"037000",13
142.49,-22.15,2007,11,"037000",20.2
142.49,-22.15,2007,12,"037000",104.4
142.49,-22.15,2008,1,"037000",64.4
142.49,-22.15,2008,2,"037000",44.4
142.49,-22.15,2008,3,"037000",3.4
142.49,-22.15,2008,4,"037000",0
142.49,-22.15,2008,5,"037000",0
142.49,-22.15,2008,6,"037000",1
142.49,-22.15,2008,7,"037000",27
142.49,-22.15,2008,8,"037000",0
142.49,-22.15,2008,9,"037000",31
142.49,-22.15,2008,10,"037000",0
142.49,-22.15,2008,11,"037000",22.2
142.49,-22.15,2008,12,"037000",6.6
142.49,-22.15,2009,1,"037000",283
142.49,-22.15,2009,2,"037000",196.4
142.49,-22.15,2009,3,"037000",10.4
142.49,-22.15,2009,4,"037000",12.4
142.49,-22.15,2009,5,"037000",4.2
142.49,-22.15,2009,6,"037000",0
142.49,-22.15,2009,7,"037000",0
142.49,-22.15,2009,8,"037000",0
142.49,-22.15,2009,9,"037000",0
142.49,-22.15,2009,10,"037000",3.2
142.49,-22.15,2009,11,"037000",24
142.49,-22.15,2009,12,"037000",29
142.49,-22.15,2010,1,"037000",130
142.49,-22.15,2010,2,"037000",136.8
142.49,-22.15,2010,3,"037000",32.4
142.49,-22.15,2010,4,"037000",94.2
142.49,-22.15,2010,5,"037000",15.2
142.49,-22.15,2010,6,"037000",0
142.49,-22.15,2010,7,"037000",8.8
142.49,-22.15,2010,8,"037000",4.2
142.49,-22.15,2010,9,"037000",91
142.49,-22.15,2010,10,"037000",47.4
142.49,-22.15,2010,11,"037000",54.6
142.49,-22.15,2010,12,"037000",78.2
142.49,-22.15,2011,1,"037000",90.6
142.49,-22.15,2011,2,"037000",25
142.49,-22.15,2011,3,"037000",87.6
142.49,-22.15,2011,4,"037000",6.2
142.49,-22.15,2011,5,"037000",0
142.49,-22.15,2011,6,"037000",25.8
142.49,-22.15,2011,7,"037000",8.2
142.49,-22.15,2011,8,"037000",0
142.49,-22.15,2011,9,"037000",0
142.49,-22.15,2011,10,"037000",18.8
142.49,-22.15,2011,11,"037000",16.6
142.49,-22.15,2011,12,"037000",117.8
142.49,-22.15,2012,1,"037000",70.8
142.49,-22.15,2012,2,"037000",121.8
142.49,-22.15,2012,3,"037000",72.6
142.49,-22.15,2012,4,"037000",18
142.49,-22.15,2012,5,"037000",16
142.49,-22.15,2012,6,"037000",NA
142.49,-22.15,2012,7,"037000",18.8
142.49,-22.15,2012,8,"037000",0
142.49,-22.15,2012,9,"037000",44.4
142.49,-22.15,2012,10,"037000",3
142.49,-22.15,2012,11,"037000",3
142.49,-22.15,2012,12,"037000",26.6
142.49,-22.15,2013,1,"037000",0
142.49,-22.15,2013,2,"037000",60
142.49,-22.15,2013,3,"037000",0
142.49,-22.15,2013,4,"037000",10.4
142.49,-22.15,2013,5,"037000",4
142.49,-22.15,2013,6,"037000",0
142.49,-22.15,2013,7,"037000",0
142.49,-22.15,2013,8,"037000",0
142.49,-22.15,2013,9,"037000",0
142.49,-22.15,2013,10,"037000",0
142.49,-22.15,2013,11,"037000",39
142.49,-22.15,2013,12,"037000",21
142.49,-22.15,2014,1,"037000",18.2
142.49,-22.15,2014,2,"037000",86
142.49,-22.15,2014,3,"037000",2.2
142.49,-22.15,2014,4,"037000",0.4
142.49,-22.15,2014,5,"037000",0
142.49,-22.15,2014,6,"037000",0
142.49,-22.15,2014,7,"037000",0
142.49,-22.15,2014,8,"037000",5.8
142.49,-22.15,2014,9,"037000",0
142.49,-22.15,2014,10,"037000",0
142.49,-22.15,2014,11,"037000",24.6
142.49,-22.15,2014,12,"037000",16.6
142.49,-22.15,2015,1,"037000",76.8
142.49,-22.15,2015,2,"037000",0
142.49,-22.15,2015,3,"037000",11.2
142.49,-22.15,2015,4,"037000",1
142.49,-22.15,2015,5,"037000",4.8
142.49,-22.15,2015,6,"037000",6
142.49,-22.15,2015,7,"037000",0
142.49,-22.15,2015,8,"037000",1.2
142.49,-22.15,2015,9,"037000",0
142.49,-22.15,2015,10,"037000",5.2
142.49,-22.15,2015,11,"037000",60.2
142.49,-22.15,2015,12,"037000",66.2
142.49,-22.15,2016,1,"037000",71
142.49,-22.15,2016,2,"037000",14.2
142.49,-22.15,2016,3,"037000",164.8
142.49,-22.15,2016,4,"037000",0
142.49,-22.15,2016,5,"037000",12.6
142.49,-22.15,2016,6,"037000",57.2
142.49,-22.15,2016,7,"037000",75.6
142.49,-22.15,2016,8,"037000",41.6
142.49,-22.15,2016,9,"037000",85.2
142.49,-22.15,2016,10,"037000",9.8
142.49,-22.15,2016,11,"037000",8.4
142.49,-22.15,2016,12,"037000",16.8
142.49,-22.15,2017,1,"037000",116.8
142.49,-22.15,2017,2,"037000",23.2
142.49,-22.15,2017,3,"037000",15.8
142.49,-22.15,2017,4,"037000",0
142.49,-22.15,2017,5,"037000",0
142.49,-22.15,2017,6,"037000",0
142.49,-22.15,2017,7,"037000",22
142.49,-22.15,2017,8,"037000",0
142.49,-22.15,2017,9,"037000",0
142.49,-22.15,2017,10,"037000",11
142.49,-22.15,2017,11,"037000",25.4
142.49,-22.15,2017,12,"037000",3.4
142.49,-22.15,2018,1,"037000",24.6
142.49,-22.15,2018,2,"037000",34.6
142.49,-22.15,2018,3,"037000",277.2
142.49,-22.15,2018,4,"037000",0
142.49,-22.15,2018,5,"037000",0.6
142.49,-22.15,2018,6,"037000",23.8
142.49,-22.15,2018,7,"037000",0
142.49,-22.15,2018,8,"037000",0
142.49,-22.15,2018,9,"037000",0
142.49,-22.15,2018,10,"037000",0
142.49,-22.15,2018,11,"037000",11
142.49,-22.15,2018,12,"037000",16.4
142.49,-22.15,2019,1,"037000",129.2
142.49,-22.15,2019,2,"037000",195.2
142.49,-22.15,2019,3,"037000",148
142.49,-22.15,2019,4,"037000",1.6
142.49,-22.15,2019,5,"037000",0
142.49,-22.15,2019,6,"037000",5
142.49,-22.15,2019,7,"037000",1
142.49,-22.15,2019,8,"037000",0
142.49,-22.15,2019,9,"037000",0
142.49,-22.15,2019,10,"037000",0
142.49,-22.15,2019,11,"037000",3.8
142.49,-22.15,2019,12,"037000",0.8
142.49,-22.15,2020,1,"037000",140
142.49,-22.15,2020,2,"037000",43
142.49,-22.15,2020,3,"037000",1
142.49,-22.15,2020,4,"037000",2
142.49,-22.15,2020,5,"037000",6.6
142.49,-22.15,2020,6,"037000",0
142.49,-22.15,2020,7,"037000",0
142.49,-22.15,2020,8,"037000",5.8
142.49,-22.15,2020,9,"037000",13.6
142.49,-22.15,2020,10,"037000",20.4
142.49,-22.15,2020,11,"037000",5.8
142.49,-22.15,2020,12,"037000",44.6
142.49,-22.15,2021,1,"037000",59
142.49,-22.15,2021,2,"037000",70.2
142.49,-22.15,2021,3,"037000",84.6
142.49,-22.15,2021,4,"037000",1
142.49,-22.15,2021,5,"037000",0
142.49,-22.15,2021,6,"037000",22.4
142.49,-22.15,2021,7,"037000",0
142.49,-22.15,2021,8,"037000",1.2
142.49,-22.15,2021,9,"037000",2
142.49,-22.15,2021,10,"037000",39.2
142.49,-22.15,2021,11,"037000",85
142.49,-22.15,2021,12,"037000",21.4
142.49,-22.15,2022,1,"037000",79.4
142.49,-22.15,2022,2,"037000",19
142.49,-22.15,2022,3,"037000",NA
142.49,-22.15,2022,4,"037000",NA
142.49,-22.15,2022,5,"037000",NA
142.49,-22.15,2022,6,"037000",NA
142.49,-22.15,2022,7,"037000",NA
142.49,-22.15,2022,8,"037000",NA
142.49,-22.15,2022,9,"037000",NA
142.49,-22.15,2022,10,"037000",NA
142.49,-22.15,2022,11,"037000",NA
142.49,-22.15,2022,12,"037000",NA
