"Lon","Lat","Year","Month","Station","Rain"
132.27,-13.55,1989,1,"014251",14.8
132.27,-13.55,1989,2,"014251",133
132.27,-13.55,1989,3,"014251",365
132.27,-13.55,1989,4,"014251",182.1
132.27,-13.55,1989,5,"014251",0
132.27,-13.55,1989,6,"014251",0.8
132.27,-13.55,1989,7,"014251",0
132.27,-13.55,1989,8,"014251",0
132.27,-13.55,1989,9,"014251",0
132.27,-13.55,1989,10,"014251",28.3
132.27,-13.55,1989,11,"014251",90.5
132.27,-13.55,1989,12,"014251",94.1
132.27,-13.55,1990,1,"014251",245
132.27,-13.55,1990,2,"014251",178.1
132.27,-13.55,1990,3,"014251",91
132.27,-13.55,1990,4,"014251",15.5
132.27,-13.55,1990,5,"014251",86
132.27,-13.55,1990,6,"014251",2.5
132.27,-13.55,1990,7,"014251",0.6
132.27,-13.55,1990,8,"014251",0
132.27,-13.55,1990,9,"014251",0
132.27,-13.55,1990,10,"014251",22.2
132.27,-13.55,1990,11,"014251",199.9
132.27,-13.55,1990,12,"014251",376.2
132.27,-13.55,1991,1,"014251",344.3
132.27,-13.55,1991,2,"014251",330.3
132.27,-13.55,1991,3,"014251",55.4
132.27,-13.55,1991,4,"014251",111.2
132.27,-13.55,1991,5,"014251",0
132.27,-13.55,1991,6,"014251",0
132.27,-13.55,1991,7,"014251",0
132.27,-13.55,1991,8,"014251",0
132.27,-13.55,1991,9,"014251",0
132.27,-13.55,1991,10,"014251",26.2
132.27,-13.55,1991,11,"014251",188.2
132.27,-13.55,1991,12,"014251",59.4
132.27,-13.55,1992,1,"014251",281.9
132.27,-13.55,1992,2,"014251",387.7
132.27,-13.55,1992,3,"014251",101.4
132.27,-13.55,1992,4,"014251",39.8
132.27,-13.55,1992,5,"014251",4
132.27,-13.55,1992,6,"014251",0
132.27,-13.55,1992,7,"014251",0
132.27,-13.55,1992,8,"014251",0
132.27,-13.55,1992,9,"014251",6
132.27,-13.55,1992,10,"014251",75.7
132.27,-13.55,1992,11,"014251",93.8
132.27,-13.55,1992,12,"014251",145.9
132.27,-13.55,1993,1,"014251",472.9
132.27,-13.55,1993,2,"014251",476.2
132.27,-13.55,1993,3,"014251",97.8
132.27,-13.55,1993,4,"014251",1.8
132.27,-13.55,1993,5,"014251",0
132.27,-13.55,1993,6,"014251",0
132.27,-13.55,1993,7,"014251",0
132.27,-13.55,1993,8,"014251",1
132.27,-13.55,1993,9,"014251",10
132.27,-13.55,1993,10,"014251",8
132.27,-13.55,1993,11,"014251",151.3
132.27,-13.55,1993,12,"014251",541.6
132.27,-13.55,1994,1,"014251",240.3
132.27,-13.55,1994,2,"014251",415.5
132.27,-13.55,1994,3,"014251",265.6
132.27,-13.55,1994,4,"014251",19.6
132.27,-13.55,1994,5,"014251",0
132.27,-13.55,1994,6,"014251",0
132.27,-13.55,1994,7,"014251",0
132.27,-13.55,1994,8,"014251",0
132.27,-13.55,1994,9,"014251",0
132.27,-13.55,1994,10,"014251",54
132.27,-13.55,1994,11,"014251",40
132.27,-13.55,1994,12,"014251",214.6
132.27,-13.55,1995,1,"014251",797.3
132.27,-13.55,1995,2,"014251",258
132.27,-13.55,1995,3,"014251",187.2
132.27,-13.55,1995,4,"014251",140
132.27,-13.55,1995,5,"014251",0
132.27,-13.55,1995,6,"014251",0
132.27,-13.55,1995,7,"014251",0
132.27,-13.55,1995,8,"014251",0
132.27,-13.55,1995,9,"014251",0
132.27,-13.55,1995,10,"014251",58.2
132.27,-13.55,1995,11,"014251",219.7
132.27,-13.55,1995,12,"014251",355.5
132.27,-13.55,1996,1,"014251",406.2
132.27,-13.55,1996,2,"014251",133.8
132.27,-13.55,1996,3,"014251",155.6
132.27,-13.55,1996,4,"014251",73.6
132.27,-13.55,1996,5,"014251",0
132.27,-13.55,1996,6,"014251",0
132.27,-13.55,1996,7,"014251",0
132.27,-13.55,1996,8,"014251",4
132.27,-13.55,1996,9,"014251",0
132.27,-13.55,1996,10,"014251",44
132.27,-13.55,1996,11,"014251",108.9
132.27,-13.55,1996,12,"014251",597.6
132.27,-13.55,1997,1,"014251",565.1
132.27,-13.55,1997,2,"014251",476.3
132.27,-13.55,1997,3,"014251",120.6
132.27,-13.55,1997,4,"014251",0
132.27,-13.55,1997,5,"014251",0
132.27,-13.55,1997,6,"014251",0
132.27,-13.55,1997,7,"014251",0
132.27,-13.55,1997,8,"014251",1
132.27,-13.55,1997,9,"014251",0
132.27,-13.55,1997,10,"014251",53.6
132.27,-13.55,1997,11,"014251",99.8
132.27,-13.55,1997,12,"014251",225.5
132.27,-13.55,1998,1,"014251",805
132.27,-13.55,1998,2,"014251",372.4
132.27,-13.55,1998,3,"014251",219.6
132.27,-13.55,1998,4,"014251",107.4
132.27,-13.55,1998,5,"014251",2
132.27,-13.55,1998,6,"014251",0
132.27,-13.55,1998,7,"014251",0
132.27,-13.55,1998,8,"014251",20
132.27,-13.55,1998,9,"014251",41
132.27,-13.55,1998,10,"014251",62.8
132.27,-13.55,1998,11,"014251",200.4
132.27,-13.55,1998,12,"014251",268.9
132.27,-13.55,1999,1,"014251",212.6
132.27,-13.55,1999,2,"014251",385.7
132.27,-13.55,1999,3,"014251",215.7
132.27,-13.55,1999,4,"014251",188.9
132.27,-13.55,1999,5,"014251",0
132.27,-13.55,1999,6,"014251",1
132.27,-13.55,1999,7,"014251",0
132.27,-13.55,1999,8,"014251",0
132.27,-13.55,1999,9,"014251",0
132.27,-13.55,1999,10,"014251",95.3
132.27,-13.55,1999,11,"014251",130.2
132.27,-13.55,1999,12,"014251",207
132.27,-13.55,2000,1,"014251",353.9
132.27,-13.55,2000,2,"014251",343.2
132.27,-13.55,2000,3,"014251",540.1
132.27,-13.55,2000,4,"014251",176.8
132.27,-13.55,2000,5,"014251",0
132.27,-13.55,2000,6,"014251",1
132.27,-13.55,2000,7,"014251",0
132.27,-13.55,2000,8,"014251",0
132.27,-13.55,2000,9,"014251",2
132.27,-13.55,2000,10,"014251",117.7
132.27,-13.55,2000,11,"014251",120
132.27,-13.55,2000,12,"014251",282.3
132.27,-13.55,2001,1,"014251",624.2
132.27,-13.55,2001,2,"014251",302.6
132.27,-13.55,2001,3,"014251",NA
132.27,-13.55,2001,4,"014251",29
132.27,-13.55,2001,5,"014251",24
132.27,-13.55,2001,6,"014251",0
132.27,-13.55,2001,7,"014251",0
132.27,-13.55,2001,8,"014251",0
132.27,-13.55,2001,9,"014251",31
132.27,-13.55,2001,10,"014251",98
132.27,-13.55,2001,11,"014251",193
132.27,-13.55,2001,12,"014251",NA
132.27,-13.55,2002,1,"014251",130
132.27,-13.55,2002,2,"014251",641
132.27,-13.55,2002,3,"014251",101
132.27,-13.55,2002,4,"014251",0
132.27,-13.55,2002,5,"014251",0
132.27,-13.55,2002,6,"014251",0
132.27,-13.55,2002,7,"014251",0
132.27,-13.55,2002,8,"014251",0
132.27,-13.55,2002,9,"014251",0
132.27,-13.55,2002,10,"014251",NA
132.27,-13.55,2002,11,"014251",86.7
132.27,-13.55,2002,12,"014251",186
132.27,-13.55,2003,1,"014251",336.8
132.27,-13.55,2003,2,"014251",468.5
132.27,-13.55,2003,3,"014251",293.5
132.27,-13.55,2003,4,"014251",0
132.27,-13.55,2003,5,"014251",0
132.27,-13.55,2003,6,"014251",0
132.27,-13.55,2003,7,"014251",0
132.27,-13.55,2003,8,"014251",0
132.27,-13.55,2003,9,"014251",8
132.27,-13.55,2003,10,"014251",65
132.27,-13.55,2003,11,"014251",149.1
132.27,-13.55,2003,12,"014251",NA
132.27,-13.55,2004,1,"014251",460
132.27,-13.55,2004,2,"014251",304
132.27,-13.55,2004,3,"014251",293
132.27,-13.55,2004,4,"014251",0
132.27,-13.55,2004,5,"014251",39
132.27,-13.55,2004,6,"014251",0
132.27,-13.55,2004,7,"014251",0
132.27,-13.55,2004,8,"014251",0
132.27,-13.55,2004,9,"014251",6.5
132.27,-13.55,2004,10,"014251",0
132.27,-13.55,2004,11,"014251",172
132.27,-13.55,2004,12,"014251",NA
132.27,-13.55,2005,1,"014251",468
132.27,-13.55,2005,2,"014251",153.5
132.27,-13.55,2005,3,"014251",129
132.27,-13.55,2005,4,"014251",6
132.27,-13.55,2005,5,"014251",0
132.27,-13.55,2005,6,"014251",0
132.27,-13.55,2005,7,"014251",0
132.27,-13.55,2005,8,"014251",0
132.27,-13.55,2005,9,"014251",0
132.27,-13.55,2005,10,"014251",14
132.27,-13.55,2005,11,"014251",211.5
132.27,-13.55,2005,12,"014251",NA
132.27,-13.55,2006,1,"014251",316.8
132.27,-13.55,2006,2,"014251",170.3
132.27,-13.55,2006,3,"014251",418
132.27,-13.55,2006,4,"014251",467.2
132.27,-13.55,2006,5,"014251",0
132.27,-13.55,2006,6,"014251",0
132.27,-13.55,2006,7,"014251",0
132.27,-13.55,2006,8,"014251",0
132.27,-13.55,2006,9,"014251",0
132.27,-13.55,2006,10,"014251",0
132.27,-13.55,2006,11,"014251",103.1
132.27,-13.55,2006,12,"014251",313.7
132.27,-13.55,2007,1,"014251",157.5
132.27,-13.55,2007,2,"014251",260.4
132.27,-13.55,2007,3,"014251",525.9
132.27,-13.55,2007,4,"014251",0
132.27,-13.55,2007,5,"014251",4
132.27,-13.55,2007,6,"014251",7.6
132.27,-13.55,2007,7,"014251",0
132.27,-13.55,2007,8,"014251",23.2
132.27,-13.55,2007,9,"014251",0
132.27,-13.55,2007,10,"014251",39
132.27,-13.55,2007,11,"014251",68.8
132.27,-13.55,2007,12,"014251",437.7
132.27,-13.55,2008,1,"014251",412.4
132.27,-13.55,2008,2,"014251",391.3
132.27,-13.55,2008,3,"014251",254.8
132.27,-13.55,2008,4,"014251",22.4
132.27,-13.55,2008,5,"014251",0
132.27,-13.55,2008,6,"014251",0
132.27,-13.55,2008,7,"014251",0.1
132.27,-13.55,2008,8,"014251",0
132.27,-13.55,2008,9,"014251",8.4
132.27,-13.55,2008,10,"014251",22.1
132.27,-13.55,2008,11,"014251",165.3
132.27,-13.55,2008,12,"014251",407.5
132.27,-13.55,2009,1,"014251",445.5
132.27,-13.55,2009,2,"014251",333.4
132.27,-13.55,2009,3,"014251",54.7
132.27,-13.55,2009,4,"014251",1.6
132.27,-13.55,2009,5,"014251",0.2
132.27,-13.55,2009,6,"014251",0
132.27,-13.55,2009,7,"014251",0
132.27,-13.55,2009,8,"014251",0
132.27,-13.55,2009,9,"014251",4.2
132.27,-13.55,2009,10,"014251",10.2
132.27,-13.55,2009,11,"014251",8.4
132.27,-13.55,2009,12,"014251",348.8
132.27,-13.55,2010,1,"014251",514.4
132.27,-13.55,2010,2,"014251",228.2
132.27,-13.55,2010,3,"014251",58.7
132.27,-13.55,2010,4,"014251",224.2
132.27,-13.55,2010,5,"014251",30
132.27,-13.55,2010,6,"014251",0
132.27,-13.55,2010,7,"014251",0
132.27,-13.55,2010,8,"014251",10.2
132.27,-13.55,2010,9,"014251",13.6
132.27,-13.55,2010,10,"014251",221.6
132.27,-13.55,2010,11,"014251",136
132.27,-13.55,2010,12,"014251",330.8
132.27,-13.55,2011,1,"014251",373.9
132.27,-13.55,2011,2,"014251",356.8
132.27,-13.55,2011,3,"014251",299.3
132.27,-13.55,2011,4,"014251",158.4
132.27,-13.55,2011,5,"014251",NA
132.27,-13.55,2011,6,"014251",NA
132.27,-13.55,2011,7,"014251",NA
132.27,-13.55,2011,8,"014251",NA
132.27,-13.55,2011,9,"014251",NA
132.27,-13.55,2011,10,"014251",123.5
132.27,-13.55,2011,11,"014251",141.2
132.27,-13.55,2011,12,"014251",413.8
132.27,-13.55,2012,1,"014251",235.5
132.27,-13.55,2012,2,"014251",314.3
132.27,-13.55,2012,3,"014251",405.8
132.27,-13.55,2012,4,"014251",13.6
132.27,-13.55,2012,5,"014251",5.2
132.27,-13.55,2012,6,"014251",1.8
132.27,-13.55,2012,7,"014251",NA
132.27,-13.55,2012,8,"014251",NA
132.27,-13.55,2012,9,"014251",0.1
132.27,-13.55,2012,10,"014251",13.1
132.27,-13.55,2012,11,"014251",147.3
132.27,-13.55,2012,12,"014251",183.6
132.27,-13.55,2013,1,"014251",237
132.27,-13.55,2013,2,"014251",239.2
132.27,-13.55,2013,3,"014251",466.2
132.27,-13.55,2013,4,"014251",33.8
132.27,-13.55,2013,5,"014251",17.1
132.27,-13.55,2013,6,"014251",NA
132.27,-13.55,2013,7,"014251",NA
132.27,-13.55,2013,8,"014251",NA
132.27,-13.55,2013,9,"014251",NA
132.27,-13.55,2013,10,"014251",15.2
132.27,-13.55,2013,11,"014251",223.8
132.27,-13.55,2013,12,"014251",224.8
132.27,-13.55,2014,1,"014251",367.8
132.27,-13.55,2014,2,"014251",361.4
132.27,-13.55,2014,3,"014251",58.8
132.27,-13.55,2014,4,"014251",68.4
132.27,-13.55,2014,5,"014251",6
132.27,-13.55,2014,6,"014251",NA
132.27,-13.55,2014,7,"014251",NA
132.27,-13.55,2014,8,"014251",NA
132.27,-13.55,2014,9,"014251",NA
132.27,-13.55,2014,10,"014251",NA
132.27,-13.55,2014,11,"014251",42.9
132.27,-13.55,2014,12,"014251",179
132.27,-13.55,2015,1,"014251",236
132.27,-13.55,2015,2,"014251",50
132.27,-13.55,2015,3,"014251",110
132.27,-13.55,2015,4,"014251",NA
132.27,-13.55,2015,5,"014251",18
132.27,-13.55,2015,6,"014251",NA
132.27,-13.55,2015,7,"014251",NA
132.27,-13.55,2015,8,"014251",NA
132.27,-13.55,2015,9,"014251",NA
132.27,-13.55,2015,10,"014251",6
132.27,-13.55,2015,11,"014251",58
132.27,-13.55,2015,12,"014251",118
132.27,-13.55,2016,1,"014251",106
132.27,-13.55,2016,2,"014251",110
132.27,-13.55,2016,3,"014251",62
132.27,-13.55,2016,4,"014251",NA
132.27,-13.55,2016,5,"014251",33
132.27,-13.55,2016,6,"014251",NA
132.27,-13.55,2016,7,"014251",NA
132.27,-13.55,2016,8,"014251",NA
132.27,-13.55,2016,9,"014251",NA
132.27,-13.55,2016,10,"014251",NA
132.27,-13.55,2016,11,"014251",225.5
132.27,-13.55,2016,12,"014251",20
132.27,-13.55,2018,1,"014251",NA
132.27,-13.55,2018,2,"014251",NA
132.27,-13.55,2018,3,"014251",NA
132.27,-13.55,2018,4,"014251",NA
132.27,-13.55,2018,5,"014251",NA
132.27,-13.55,2018,6,"014251",NA
132.27,-13.55,2018,7,"014251",NA
132.27,-13.55,2018,8,"014251",NA
132.27,-13.55,2018,9,"014251",NA
132.27,-13.55,2018,10,"014251",0
132.27,-13.55,2018,11,"014251",NA
132.27,-13.55,2018,12,"014251",NA
132.27,-13.55,2020,1,"014251",NA
132.27,-13.55,2020,2,"014251",NA
132.27,-13.55,2020,3,"014251",NA
132.27,-13.55,2020,4,"014251",NA
132.27,-13.55,2020,5,"014251",NA
132.27,-13.55,2020,6,"014251",NA
132.27,-13.55,2020,7,"014251",NA
132.27,-13.55,2020,8,"014251",NA
132.27,-13.55,2020,9,"014251",NA
132.27,-13.55,2020,10,"014251",97.5
132.27,-13.55,2020,11,"014251",NA
132.27,-13.55,2020,12,"014251",NA
