"Lon","Lat","Year","Month","Station","Rain"
151.51,-24.17,1961,1,"039255",114.3
151.51,-24.17,1961,2,"039255",280.8
151.51,-24.17,1961,3,"039255",29
151.51,-24.17,1961,4,"039255",12.9
151.51,-24.17,1961,5,"039255",20.6
151.51,-24.17,1961,6,"039255",25.1
151.51,-24.17,1961,7,"039255",22.4
151.51,-24.17,1961,8,"039255",33.1
151.51,-24.17,1961,9,"039255",0
151.51,-24.17,1961,10,"039255",112.5
151.51,-24.17,1961,11,"039255",178.8
151.51,-24.17,1961,12,"039255",60.5
151.51,-24.17,1962,1,"039255",163.9
151.51,-24.17,1962,2,"039255",84.4
151.51,-24.17,1962,3,"039255",265.3
151.51,-24.17,1962,4,"039255",74.6
151.51,-24.17,1962,5,"039255",39.2
151.51,-24.17,1962,6,"039255",29.2
151.51,-24.17,1962,7,"039255",37
151.51,-24.17,1962,8,"039255",27.9
151.51,-24.17,1962,9,"039255",34.1
151.51,-24.17,1962,10,"039255",3
151.51,-24.17,1962,11,"039255",34.7
151.51,-24.17,1962,12,"039255",318.3
151.51,-24.17,1963,1,"039255",186.4
151.51,-24.17,1963,2,"039255",61.2
151.51,-24.17,1963,3,"039255",326.3
151.51,-24.17,1963,4,"039255",6.6
151.51,-24.17,1963,5,"039255",25.1
151.51,-24.17,1963,6,"039255",5.9
151.51,-24.17,1963,7,"039255",0
151.51,-24.17,1963,8,"039255",53.5
151.51,-24.17,1963,9,"039255",6.4
151.51,-24.17,1963,10,"039255",4.8
151.51,-24.17,1963,11,"039255",30.3
151.51,-24.17,1963,12,"039255",63.6
151.51,-24.17,1964,1,"039255",75.8
151.51,-24.17,1964,2,"039255",87.6
151.51,-24.17,1964,3,"039255",59.9
151.51,-24.17,1964,4,"039255",69
151.51,-24.17,1964,5,"039255",66.9
151.51,-24.17,1964,6,"039255",27.9
151.51,-24.17,1964,7,"039255",98.8
151.51,-24.17,1964,8,"039255",67.3
151.51,-24.17,1964,9,"039255",52.2
151.51,-24.17,1964,10,"039255",81.8
151.51,-24.17,1964,11,"039255",13.3
151.51,-24.17,1964,12,"039255",32.6
151.51,-24.17,1965,1,"039255",31
151.51,-24.17,1965,2,"039255",105.2
151.51,-24.17,1965,3,"039255",19.2
151.51,-24.17,1965,4,"039255",84.6
151.51,-24.17,1965,5,"039255",11.2
151.51,-24.17,1965,6,"039255",20.3
151.51,-24.17,1965,7,"039255",4.3
151.51,-24.17,1965,8,"039255",4.9
151.51,-24.17,1965,9,"039255",29.7
151.51,-24.17,1965,10,"039255",49.8
151.51,-24.17,1965,11,"039255",43.7
151.51,-24.17,1965,12,"039255",148.7
151.51,-24.17,1966,1,"039255",135.1
151.51,-24.17,1966,2,"039255",140.3
151.51,-24.17,1966,3,"039255",50
151.51,-24.17,1966,4,"039255",21.2
151.51,-24.17,1966,5,"039255",17.2
151.51,-24.17,1966,6,"039255",60.7
151.51,-24.17,1966,7,"039255",39.2
151.51,-24.17,1966,8,"039255",78.7
151.51,-24.17,1966,9,"039255",67.3
151.51,-24.17,1966,10,"039255",53
151.51,-24.17,1966,11,"039255",159.8
151.51,-24.17,1966,12,"039255",30.8
151.51,-24.17,1967,1,"039255",141.1
151.51,-24.17,1967,2,"039255",48.1
151.51,-24.17,1967,3,"039255",110.2
151.51,-24.17,1967,4,"039255",31.8
151.51,-24.17,1967,5,"039255",74.1
151.51,-24.17,1967,6,"039255",223.3
151.51,-24.17,1967,7,"039255",20.3
151.51,-24.17,1967,8,"039255",36.3
151.51,-24.17,1967,9,"039255",0
151.51,-24.17,1967,10,"039255",92.1
151.51,-24.17,1967,11,"039255",89.6
151.51,-24.17,1967,12,"039255",173.6
151.51,-24.17,1968,1,"039255",188.9
151.51,-24.17,1968,2,"039255",288.4
151.51,-24.17,1968,3,"039255",205.7
151.51,-24.17,1968,4,"039255",39.8
151.51,-24.17,1968,5,"039255",43.5
151.51,-24.17,1968,6,"039255",0
151.51,-24.17,1968,7,"039255",42.2
151.51,-24.17,1968,8,"039255",52.8
151.51,-24.17,1968,9,"039255",12
151.51,-24.17,1968,10,"039255",20.4
151.51,-24.17,1968,11,"039255",34.8
151.51,-24.17,1968,12,"039255",59.9
151.51,-24.17,1969,1,"039255",21.8
151.51,-24.17,1969,2,"039255",39.3
151.51,-24.17,1969,3,"039255",119.8
151.51,-24.17,1969,4,"039255",6.1
151.51,-24.17,1969,5,"039255",116.6
151.51,-24.17,1969,6,"039255",3.6
151.51,-24.17,1969,7,"039255",45.4
151.51,-24.17,1969,8,"039255",14
151.51,-24.17,1969,9,"039255",14.3
151.51,-24.17,1969,10,"039255",214.6
151.51,-24.17,1969,11,"039255",76.6
151.51,-24.17,1969,12,"039255",221.3
151.51,-24.17,1970,1,"039255",305.3
151.51,-24.17,1970,2,"039255",95.5
151.51,-24.17,1970,3,"039255",20.9
151.51,-24.17,1970,4,"039255",48.5
151.51,-24.17,1970,5,"039255",0
151.51,-24.17,1970,6,"039255",13.4
151.51,-24.17,1970,7,"039255",1.5
151.51,-24.17,1970,8,"039255",32
151.51,-24.17,1970,9,"039255",90.1
151.51,-24.17,1970,10,"039255",41.7
151.51,-24.17,1970,11,"039255",183.9
151.51,-24.17,1970,12,"039255",210.5
151.51,-24.17,1971,1,"039255",509.6
151.51,-24.17,1971,2,"039255",777.1
151.51,-24.17,1971,3,"039255",56.9
151.51,-24.17,1971,4,"039255",18
151.51,-24.17,1971,5,"039255",35.3
151.51,-24.17,1971,6,"039255",90.7
151.51,-24.17,1971,7,"039255",26.1
151.51,-24.17,1971,8,"039255",47.3
151.51,-24.17,1971,9,"039255",18.1
151.51,-24.17,1971,10,"039255",32.5
151.51,-24.17,1971,11,"039255",62.2
151.51,-24.17,1971,12,"039255",121.3
151.51,-24.17,1972,1,"039255",163.6
151.51,-24.17,1972,2,"039255",266.3
151.51,-24.17,1972,3,"039255",81.8
151.51,-24.17,1972,4,"039255",182.9
151.51,-24.17,1972,5,"039255",53.3
151.51,-24.17,1972,6,"039255",8.7
151.51,-24.17,1972,7,"039255",0
151.51,-24.17,1972,8,"039255",14.7
151.51,-24.17,1972,9,"039255",4.9
151.51,-24.17,1972,10,"039255",129
151.51,-24.17,1972,11,"039255",274.7
151.51,-24.17,1972,12,"039255",0.8
151.51,-24.17,1973,1,"039255",320.8
151.51,-24.17,1973,2,"039255",246.3
151.51,-24.17,1973,3,"039255",73.2
151.51,-24.17,1973,4,"039255",20.3
151.51,-24.17,1973,5,"039255",8.2
151.51,-24.17,1973,6,"039255",68.3
151.51,-24.17,1973,7,"039255",177.2
151.51,-24.17,1973,8,"039255",26.4
151.51,-24.17,1973,9,"039255",58
151.51,-24.17,1973,10,"039255",65.7
151.51,-24.17,1973,11,"039255",239.8
151.51,-24.17,1973,12,"039255",564.2
151.51,-24.17,1974,1,"039255",713.9
151.51,-24.17,1974,2,"039255",36.4
151.51,-24.17,1974,3,"039255",41.8
151.51,-24.17,1974,4,"039255",22.8
151.51,-24.17,1974,5,"039255",34.2
151.51,-24.17,1974,6,"039255",1.2
151.51,-24.17,1974,7,"039255",8.2
151.51,-24.17,1974,8,"039255",45.6
151.51,-24.17,1974,9,"039255",63.4
151.51,-24.17,1974,10,"039255",114.6
151.51,-24.17,1974,11,"039255",186.2
151.51,-24.17,1974,12,"039255",111.4
151.51,-24.17,1975,1,"039255",156
151.51,-24.17,1975,2,"039255",163.4
151.51,-24.17,1975,3,"039255",38.8
151.51,-24.17,1975,4,"039255",51.8
151.51,-24.17,1975,5,"039255",9.6
151.51,-24.17,1975,6,"039255",37.2
151.51,-24.17,1975,7,"039255",26.2
151.51,-24.17,1975,8,"039255",70.8
151.51,-24.17,1975,9,"039255",54.6
151.51,-24.17,1975,10,"039255",170
151.51,-24.17,1975,11,"039255",100
151.51,-24.17,1975,12,"039255",170.8
151.51,-24.17,1976,1,"039255",161.4
151.51,-24.17,1976,2,"039255",149.4
151.51,-24.17,1976,3,"039255",279.2
151.51,-24.17,1976,4,"039255",53.1
151.51,-24.17,1976,5,"039255",11.8
151.51,-24.17,1976,6,"039255",40.4
151.51,-24.17,1976,7,"039255",62.8
151.51,-24.17,1976,8,"039255",5.2
151.51,-24.17,1976,9,"039255",60.8
151.51,-24.17,1976,10,"039255",104.6
151.51,-24.17,1976,11,"039255",109.8
151.51,-24.17,1976,12,"039255",106.2
151.51,-24.17,1977,1,"039255",80.4
151.51,-24.17,1977,2,"039255",199.2
151.51,-24.17,1977,3,"039255",204
151.51,-24.17,1977,4,"039255",60
151.51,-24.17,1977,5,"039255",164.2
151.51,-24.17,1977,6,"039255",0.8
151.51,-24.17,1977,7,"039255",0.2
151.51,-24.17,1977,8,"039255",2.6
151.51,-24.17,1977,9,"039255",5
151.51,-24.17,1977,10,"039255",3.2
151.51,-24.17,1977,11,"039255",117.2
151.51,-24.17,1977,12,"039255",47.2
151.51,-24.17,1978,1,"039255",245.6
151.51,-24.17,1978,2,"039255",72.4
151.51,-24.17,1978,3,"039255",46.4
151.51,-24.17,1978,4,"039255",25
151.51,-24.17,1978,5,"039255",106.8
151.51,-24.17,1978,6,"039255",80.6
151.51,-24.17,1978,7,"039255",148.4
151.51,-24.17,1978,8,"039255",77.2
151.51,-24.17,1978,9,"039255",40.6
151.51,-24.17,1978,10,"039255",11.2
151.51,-24.17,1978,11,"039255",229.4
151.51,-24.17,1978,12,"039255",104.4
151.51,-24.17,1979,1,"039255",88.2
151.51,-24.17,1979,2,"039255",100.8
151.51,-24.17,1979,3,"039255",99
151.51,-24.17,1979,4,"039255",50.8
151.51,-24.17,1979,5,"039255",9.8
151.51,-24.17,1979,6,"039255",59.8
151.51,-24.17,1979,7,"039255",9.6
151.51,-24.17,1979,8,"039255",7.4
151.51,-24.17,1979,9,"039255",2
151.51,-24.17,1979,10,"039255",88.2
151.51,-24.17,1979,11,"039255",75.2
151.51,-24.17,1979,12,"039255",18
151.51,-24.17,1980,1,"039255",268.8
151.51,-24.17,1980,2,"039255",243.4
151.51,-24.17,1980,3,"039255",4
151.51,-24.17,1980,4,"039255",11
151.51,-24.17,1980,5,"039255",55.6
151.51,-24.17,1980,6,"039255",8.2
151.51,-24.17,1980,7,"039255",39.2
151.51,-24.17,1980,8,"039255",15.6
151.51,-24.17,1980,9,"039255",0
151.51,-24.17,1980,10,"039255",17.8
151.51,-24.17,1980,11,"039255",71
151.51,-24.17,1980,12,"039255",147.8
151.51,-24.17,1981,1,"039255",257.4
151.51,-24.17,1981,2,"039255",281.4
151.51,-24.17,1981,3,"039255",44.6
151.51,-24.17,1981,4,"039255",137.4
151.51,-24.17,1981,5,"039255",116
151.51,-24.17,1981,6,"039255",40.6
151.51,-24.17,1981,7,"039255",41.7
151.51,-24.17,1981,8,"039255",20.6
151.51,-24.17,1981,9,"039255",0
151.51,-24.17,1981,10,"039255",61.4
151.51,-24.17,1981,11,"039255",144.8
151.51,-24.17,1981,12,"039255",125.8
151.51,-24.17,1982,1,"039255",117
151.51,-24.17,1982,2,"039255",162.6
151.51,-24.17,1982,3,"039255",91.7
151.51,-24.17,1982,4,"039255",13.2
151.51,-24.17,1982,5,"039255",58.4
151.51,-24.17,1982,6,"039255",3.8
151.51,-24.17,1982,7,"039255",3.6
151.51,-24.17,1982,8,"039255",3
151.51,-24.17,1982,9,"039255",39.8
151.51,-24.17,1982,10,"039255",21.4
151.51,-24.17,1982,11,"039255",1.4
151.51,-24.17,1982,12,"039255",175
151.51,-24.17,1983,1,"039255",107
151.51,-24.17,1983,2,"039255",9.2
151.51,-24.17,1983,3,"039255",311.9
151.51,-24.17,1983,4,"039255",184
151.51,-24.17,1983,5,"039255",349.8
151.51,-24.17,1983,6,"039255",91.8
151.51,-24.17,1983,7,"039255",18.4
151.51,-24.17,1983,8,"039255",20.8
151.51,-24.17,1983,9,"039255",23.4
151.51,-24.17,1983,10,"039255",94.6
151.51,-24.17,1983,11,"039255",212.4
151.51,-24.17,1983,12,"039255",57.4
151.51,-24.17,1984,1,"039255",95.8
151.51,-24.17,1984,2,"039255",38.2
151.51,-24.17,1984,3,"039255",106.2
151.51,-24.17,1984,4,"039255",65
151.51,-24.17,1984,5,"039255",1.4
151.51,-24.17,1984,6,"039255",24.4
151.51,-24.17,1984,7,"039255",101.6
151.51,-24.17,1984,8,"039255",9.2
151.51,-24.17,1984,9,"039255",94.2
151.51,-24.17,1984,10,"039255",70.2
151.51,-24.17,1984,11,"039255",71.2
151.51,-24.17,1984,12,"039255",170.2
151.51,-24.17,1985,1,"039255",91.2
151.51,-24.17,1985,2,"039255",84.6
151.51,-24.17,1985,3,"039255",90.2
151.51,-24.17,1985,4,"039255",43.2
151.51,-24.17,1985,5,"039255",23.6
151.51,-24.17,1985,6,"039255",92.6
151.51,-24.17,1985,7,"039255",6.8
151.51,-24.17,1985,8,"039255",19
151.51,-24.17,1985,9,"039255",56.4
151.51,-24.17,1985,10,"039255",57.2
151.51,-24.17,1985,11,"039255",101.6
151.51,-24.17,1985,12,"039255",133.4
151.51,-24.17,1986,1,"039255",53.8
151.51,-24.17,1986,2,"039255",335
151.51,-24.17,1986,3,"039255",4.6
151.51,-24.17,1986,4,"039255",42.8
151.51,-24.17,1986,5,"039255",102.2
151.51,-24.17,1986,6,"039255",25.4
151.51,-24.17,1986,7,"039255",13.8
151.51,-24.17,1986,8,"039255",127.6
151.51,-24.17,1986,9,"039255",104.6
151.51,-24.17,1986,10,"039255",169
151.51,-24.17,1986,11,"039255",92.2
151.51,-24.17,1986,12,"039255",93.6
151.51,-24.17,1987,1,"039255",107.8
151.51,-24.17,1987,2,"039255",54.6
151.51,-24.17,1987,3,"039255",91.8
151.51,-24.17,1987,4,"039255",55.2
151.51,-24.17,1987,5,"039255",47
151.51,-24.17,1987,6,"039255",14
151.51,-24.17,1987,7,"039255",108
151.51,-24.17,1987,8,"039255",10.8
151.51,-24.17,1987,9,"039255",4.6
151.51,-24.17,1987,10,"039255",126.6
151.51,-24.17,1987,11,"039255",89.4
151.51,-24.17,1987,12,"039255",53
151.51,-24.17,1988,1,"039255",15
151.51,-24.17,1988,2,"039255",46
151.51,-24.17,1988,3,"039255",65.3
151.51,-24.17,1988,4,"039255",117.5
151.51,-24.17,1988,5,"039255",78.8
151.51,-24.17,1988,6,"039255",109.8
151.51,-24.17,1988,7,"039255",129.4
151.51,-24.17,1988,8,"039255",128.2
151.51,-24.17,1988,9,"039255",7.4
151.51,-24.17,1988,10,"039255",40.6
151.51,-24.17,1988,11,"039255",11.2
151.51,-24.17,1988,12,"039255",274.8
151.51,-24.17,1989,1,"039255",39
151.51,-24.17,1989,2,"039255",159.4
151.51,-24.17,1989,3,"039255",144.4
151.51,-24.17,1989,4,"039255",281.8
151.51,-24.17,1989,5,"039255",105.2
151.51,-24.17,1989,6,"039255",38.8
151.51,-24.17,1989,7,"039255",51.4
151.51,-24.17,1989,8,"039255",49
151.51,-24.17,1989,9,"039255",15.6
151.51,-24.17,1989,10,"039255",34
151.51,-24.17,1989,11,"039255",135.8
151.51,-24.17,1989,12,"039255",58.4
151.51,-24.17,1990,1,"039255",40.4
151.51,-24.17,1990,2,"039255",37.4
151.51,-24.17,1990,3,"039255",272.8
151.51,-24.17,1990,4,"039255",229.6
151.51,-24.17,1990,5,"039255",137.6
151.51,-24.17,1990,6,"039255",20.8
151.51,-24.17,1990,7,"039255",14.4
151.51,-24.17,1990,8,"039255",13.4
151.51,-24.17,1990,9,"039255",0.6
151.51,-24.17,1990,10,"039255",30
151.51,-24.17,1990,11,"039255",70
151.51,-24.17,1990,12,"039255",142
151.51,-24.17,1991,1,"039255",358
151.51,-24.17,1991,2,"039255",107.6
151.51,-24.17,1991,3,"039255",8
151.51,-24.17,1991,4,"039255",0
151.51,-24.17,1991,5,"039255",45.8
151.51,-24.17,1991,6,"039255",11.4
151.51,-24.17,1991,7,"039255",41.4
151.51,-24.17,1991,8,"039255",0
151.51,-24.17,1991,9,"039255",0
151.51,-24.17,1991,10,"039255",25.6
151.51,-24.17,1991,11,"039255",80.2
151.51,-24.17,1991,12,"039255",216.8
151.51,-24.17,1992,1,"039255",146.4
151.51,-24.17,1992,2,"039255",487.4
151.51,-24.17,1992,3,"039255",206.2
151.51,-24.17,1992,4,"039255",73.4
151.51,-24.17,1992,5,"039255",94.8
151.51,-24.17,1992,6,"039255",1.4
151.51,-24.17,1992,7,"039255",6.6
151.51,-24.17,1992,8,"039255",25.8
151.51,-24.17,1992,9,"039255",58.2
151.51,-24.17,1992,10,"039255",12
151.51,-24.17,1992,11,"039255",58.2
151.51,-24.17,1992,12,"039255",79.2
151.51,-24.17,1993,1,"039255",123.1
151.51,-24.17,1993,2,"039255",32
151.51,-24.17,1993,3,"039255",13.2
151.51,-24.17,1993,4,"039255",10
151.51,-24.17,1993,5,"039255",34.6
151.51,-24.17,1993,6,"039255",3.4
151.51,-24.17,1993,7,"039255",68
151.51,-24.17,1993,8,"039255",77.4
151.51,-24.17,1993,9,"039255",147.6
151.51,-24.17,1993,10,"039255",40
151.51,-24.17,1993,11,"039255",128.8
151.51,-24.17,1993,12,"039255",48.6
151.51,-24.17,1994,1,"039255",130.6
151.51,-24.17,1994,2,"039255",169.6
151.51,-24.17,1994,3,"039255",159.8
151.51,-24.17,1994,4,"039255",23
151.51,-24.17,1994,5,"039255",37.8
151.51,-24.17,1994,6,"039255",23.6
151.51,-24.17,1994,7,"039255",11.2
151.51,-24.17,1994,8,"039255",2.8
151.51,-24.17,1994,9,"039255",15
151.51,-24.17,1994,10,"039255",62.2
151.51,-24.17,1994,11,"039255",4.2
151.51,-24.17,1994,12,"039255",83.6
151.51,-24.17,1995,1,"039255",199.8
151.51,-24.17,1995,2,"039255",99.2
151.51,-24.17,1995,3,"039255",10.2
151.51,-24.17,1995,4,"039255",9.6
151.51,-24.17,1995,5,"039255",52.8
151.51,-24.17,1995,6,"039255",19.8
151.51,-24.17,1995,7,"039255",8.8
151.51,-24.17,1995,8,"039255",65.4
151.51,-24.17,1995,9,"039255",15.6
151.51,-24.17,1995,10,"039255",127.8
151.51,-24.17,1995,11,"039255",161.2
151.51,-24.17,1995,12,"039255",203.2
151.51,-24.17,1996,1,"039255",284
151.51,-24.17,1996,2,"039255",28.4
151.51,-24.17,1996,3,"039255",5
151.51,-24.17,1996,4,"039255",181.4
151.51,-24.17,1996,5,"039255",124.6
151.51,-24.17,1996,6,"039255",12.4
151.51,-24.17,1996,7,"039255",39.8
151.51,-24.17,1996,8,"039255",25.8
151.51,-24.17,1996,9,"039255",63.8
151.51,-24.17,1996,10,"039255",88
151.51,-24.17,1996,11,"039255",49.2
151.51,-24.17,1996,12,"039255",251.4
151.51,-24.17,1997,1,"039255",42.2
151.51,-24.17,1997,2,"039255",123.6
151.51,-24.17,1997,3,"039255",116.6
151.51,-24.17,1997,4,"039255",17.6
151.51,-24.17,1997,5,"039255",79.8
151.51,-24.17,1997,6,"039255",5.6
151.51,-24.17,1997,7,"039255",15.6
151.51,-24.17,1997,8,"039255",6.6
151.51,-24.17,1997,9,"039255",89.8
151.51,-24.17,1997,10,"039255",11.8
151.51,-24.17,1997,11,"039255",33.4
151.51,-24.17,1997,12,"039255",89.2
151.51,-24.17,1998,1,"039255",137.4
151.51,-24.17,1998,2,"039255",64.4
151.51,-24.17,1998,3,"039255",25.4
151.51,-24.17,1998,4,"039255",83.2
151.51,-24.17,1998,5,"039255",64.2
151.51,-24.17,1998,6,"039255",24
151.51,-24.17,1998,7,"039255",7.8
151.51,-24.17,1998,8,"039255",102.2
151.51,-24.17,1998,9,"039255",156.4
151.51,-24.17,1998,10,"039255",52.4
151.51,-24.17,1998,11,"039255",125.2
151.51,-24.17,1998,12,"039255",122.6
151.51,-24.17,1999,1,"039255",102.2
151.51,-24.17,1999,2,"039255",162.2
151.51,-24.17,1999,3,"039255",43.6
151.51,-24.17,1999,4,"039255",0.8
151.51,-24.17,1999,5,"039255",20
151.51,-24.17,1999,6,"039255",48.6
151.51,-24.17,1999,7,"039255",46.4
151.51,-24.17,1999,8,"039255",11
151.51,-24.17,1999,9,"039255",33.2
151.51,-24.17,1999,10,"039255",120.6
151.51,-24.17,1999,11,"039255",81.8
151.51,-24.17,1999,12,"039255",116
151.51,-24.17,2000,1,"039255",133.1
151.51,-24.17,2000,2,"039255",106
151.51,-24.17,2000,3,"039255",73
151.51,-24.17,2000,4,"039255",41.1
151.51,-24.17,2000,5,"039255",71.6
151.51,-24.17,2000,6,"039255",55.2
151.51,-24.17,2000,7,"039255",7.8
151.51,-24.17,2000,8,"039255",4.6
151.51,-24.17,2000,9,"039255",0.4
151.51,-24.17,2000,10,"039255",153.6
151.51,-24.17,2000,11,"039255",131.2
151.51,-24.17,2000,12,"039255",68.6
151.51,-24.17,2001,1,"039255",58.4
151.51,-24.17,2001,2,"039255",70.2
151.51,-24.17,2001,3,"039255",56
151.51,-24.17,2001,4,"039255",9.4
151.51,-24.17,2001,5,"039255",18.8
151.51,-24.17,2001,6,"039255",21.6
151.51,-24.17,2001,7,"039255",30.8
151.51,-24.17,2001,8,"039255",11.8
151.51,-24.17,2001,9,"039255",71.8
151.51,-24.17,2001,10,"039255",44.4
151.51,-24.17,2001,11,"039255",118
151.51,-24.17,2001,12,"039255",77.2
151.51,-24.17,2002,1,"039255",192.2
151.51,-24.17,2002,2,"039255",127.4
151.51,-24.17,2002,3,"039255",49.4
151.51,-24.17,2002,4,"039255",4.4
151.51,-24.17,2002,5,"039255",27.4
151.51,-24.17,2002,6,"039255",171.2
151.51,-24.17,2002,7,"039255",0
151.51,-24.17,2002,8,"039255",72
151.51,-24.17,2002,9,"039255",11
151.51,-24.17,2002,10,"039255",27
151.51,-24.17,2002,11,"039255",11.4
151.51,-24.17,2002,12,"039255",82.8
151.51,-24.17,2003,1,"039255",3.2
151.51,-24.17,2003,2,"039255",461.9
151.51,-24.17,2003,3,"039255",15.4
151.51,-24.17,2003,4,"039255",37.4
151.51,-24.17,2003,5,"039255",9.2
151.51,-24.17,2003,6,"039255",10.6
151.51,-24.17,2003,7,"039255",14
151.51,-24.17,2003,8,"039255",99.2
151.51,-24.17,2003,9,"039255",8.2
151.51,-24.17,2003,10,"039255",112.6
151.51,-24.17,2003,11,"039255",41
151.51,-24.17,2003,12,"039255",270
151.51,-24.17,2004,1,"039255",305.2
151.51,-24.17,2004,2,"039255",157.2
151.51,-24.17,2004,3,"039255",117.4
151.51,-24.17,2004,4,"039255",42.4
151.51,-24.17,2004,5,"039255",4.2
151.51,-24.17,2004,6,"039255",4
151.51,-24.17,2004,7,"039255",1.8
151.51,-24.17,2004,8,"039255",0.8
151.51,-24.17,2004,9,"039255",32
151.51,-24.17,2004,10,"039255",70.6
151.51,-24.17,2004,11,"039255",62.6
151.51,-24.17,2004,12,"039255",152.8
151.51,-24.17,2005,1,"039255",159.4
151.51,-24.17,2005,2,"039255",NA
151.51,-24.17,2005,3,"039255",30.6
151.51,-24.17,2005,4,"039255",29.2
151.51,-24.17,2005,5,"039255",42.4
151.51,-24.17,2005,6,"039255",61
151.51,-24.17,2005,7,"039255",0.2
151.51,-24.17,2005,8,"039255",43.2
151.51,-24.17,2005,9,"039255",0.6
151.51,-24.17,2005,10,"039255",36.4
151.51,-24.17,2005,11,"039255",54.2
151.51,-24.17,2005,12,"039255",165.8
151.51,-24.17,2006,1,"039255",268
151.51,-24.17,2006,2,"039255",21
151.51,-24.17,2006,3,"039255",62.8
151.51,-24.17,2006,4,"039255",85
151.51,-24.17,2006,5,"039255",3.4
151.51,-24.17,2006,6,"039255",135.8
151.51,-24.17,2006,7,"039255",66.4
151.51,-24.17,2006,8,"039255",19.4
151.51,-24.17,2006,9,"039255",35
151.51,-24.17,2006,10,"039255",2
151.51,-24.17,2006,11,"039255",48.8
151.51,-24.17,2006,12,"039255",62.8
151.51,-24.17,2007,1,"039255",20.8
151.51,-24.17,2007,2,"039255",155.4
151.51,-24.17,2007,3,"039255",12.8
151.51,-24.17,2007,4,"039255",NA
151.51,-24.17,2007,5,"039255",9.6
151.51,-24.17,2007,6,"039255",NA
151.51,-24.17,2007,7,"039255",1
151.51,-24.17,2007,8,"039255",36.2
151.51,-24.17,2007,9,"039255",38.8
151.51,-24.17,2007,10,"039255",36.4
151.51,-24.17,2007,11,"039255",81
151.51,-24.17,2007,12,"039255",109.8
151.51,-24.17,2008,1,"039255",143.8
151.51,-24.17,2008,2,"039255",512
151.51,-24.17,2008,3,"039255",45.6
151.51,-24.17,2008,4,"039255",4
151.51,-24.17,2008,5,"039255",43.4
151.51,-24.17,2008,6,"039255",19.4
151.51,-24.17,2008,7,"039255",130
151.51,-24.17,2008,8,"039255",5
151.51,-24.17,2008,9,"039255",14.6
151.51,-24.17,2008,10,"039255",50.4
151.51,-24.17,2008,11,"039255",110.6
151.51,-24.17,2008,12,"039255",49
151.51,-24.17,2009,1,"039255",NA
151.51,-24.17,2009,2,"039255",NA
151.51,-24.17,2009,3,"039255",41.4
151.51,-24.17,2009,4,"039255",56.8
151.51,-24.17,2009,5,"039255",22
151.51,-24.17,2009,6,"039255",25
151.51,-24.17,2009,7,"039255",0
151.51,-24.17,2009,8,"039255",1.4
151.51,-24.17,2009,9,"039255",23.2
151.51,-24.17,2009,10,"039255",2.4
151.51,-24.17,2009,11,"039255",24.6
151.51,-24.17,2009,12,"039255",281.8
151.51,-24.17,2010,1,"039255",81.4
151.51,-24.17,2010,2,"039255",403.4
151.51,-24.17,2010,3,"039255",143.8
151.51,-24.17,2010,4,"039255",132.2
151.51,-24.17,2010,5,"039255",26.4
151.51,-24.17,2010,6,"039255",7
151.51,-24.17,2010,7,"039255",20.4
151.51,-24.17,2010,8,"039255",93.2
151.51,-24.17,2010,9,"039255",88.6
151.51,-24.17,2010,10,"039255",49.6
151.51,-24.17,2010,11,"039255",149
151.51,-24.17,2010,12,"039255",573.4
151.51,-24.17,2011,1,"039255",214
151.51,-24.17,2011,2,"039255",NA
151.51,-24.17,2011,3,"039255",297.2
151.51,-24.17,2011,4,"039255",142.8
151.51,-24.17,2011,5,"039255",43.4
151.51,-24.17,2011,6,"039255",25.2
151.51,-24.17,2011,7,"039255",3
151.51,-24.17,2011,8,"039255",73.2
151.51,-24.17,2011,9,"039255",9.2
151.51,-24.17,2011,10,"039255",53.2
151.51,-24.17,2011,11,"039255",3.8
151.51,-24.17,2011,12,"039255",125.2
151.51,-24.17,2012,1,"039255",325.6
151.51,-24.17,2012,2,"039255",79.8
151.51,-24.17,2012,3,"039255",283.2
151.51,-24.17,2012,4,"039255",15.6
151.51,-24.17,2012,5,"039255",19.4
151.51,-24.17,2012,6,"039255",50.8
151.51,-24.17,2012,7,"039255",115.2
151.51,-24.17,2012,8,"039255",28.2
151.51,-24.17,2012,9,"039255",22.6
151.51,-24.17,2012,10,"039255",54.2
151.51,-24.17,2012,11,"039255",NA
151.51,-24.17,2012,12,"039255",50.8
151.51,-24.17,2013,1,"039255",886.4
151.51,-24.17,2013,2,"039255",173.8
151.51,-24.17,2013,3,"039255",148.4
151.51,-24.17,2013,4,"039255",32.8
151.51,-24.17,2013,5,"039255",123.6
151.51,-24.17,2013,6,"039255",10.8
151.51,-24.17,2013,7,"039255",20
151.51,-24.17,2013,8,"039255",0
151.51,-24.17,2013,9,"039255",3.2
151.51,-24.17,2013,10,"039255",14.2
151.51,-24.17,2013,11,"039255",99.4
151.51,-24.17,2013,12,"039255",43
151.51,-24.17,2014,1,"039255",31
151.51,-24.17,2014,2,"039255",102
151.51,-24.17,2014,3,"039255",304.6
151.51,-24.17,2014,4,"039255",94.8
151.51,-24.17,2014,5,"039255",10
151.51,-24.17,2014,6,"039255",13.6
151.51,-24.17,2014,7,"039255",2.2
151.51,-24.17,2014,8,"039255",64.6
151.51,-24.17,2014,9,"039255",32.4
151.51,-24.17,2014,10,"039255",35.8
151.51,-24.17,2014,11,"039255",162
151.51,-24.17,2014,12,"039255",189.8
151.51,-24.17,2015,1,"039255",265
151.51,-24.17,2015,2,"039255",155.2
151.51,-24.17,2015,3,"039255",24
151.51,-24.17,2015,4,"039255",147
151.51,-24.17,2015,5,"039255",42.2
151.51,-24.17,2015,6,"039255",54.6
151.51,-24.17,2015,7,"039255",1.8
151.51,-24.17,2015,8,"039255",20.8
151.51,-24.17,2015,9,"039255",13
151.51,-24.17,2015,10,"039255",61.6
151.51,-24.17,2015,11,"039255",101.8
151.51,-24.17,2015,12,"039255",65.4
151.51,-24.17,2016,1,"039255",75.4
151.51,-24.17,2016,2,"039255",220
151.51,-24.17,2016,3,"039255",201.6
151.51,-24.17,2016,4,"039255",12.6
151.51,-24.17,2016,5,"039255",11.6
151.51,-24.17,2016,6,"039255",102.4
151.51,-24.17,2016,7,"039255",84.4
151.51,-24.17,2016,8,"039255",16
151.51,-24.17,2016,9,"039255",36
151.51,-24.17,2016,10,"039255",52
151.51,-24.17,2016,11,"039255",64.6
151.51,-24.17,2016,12,"039255",NA
151.51,-24.17,2017,1,"039255",93.6
151.51,-24.17,2017,2,"039255",12.2
151.51,-24.17,2017,3,"039255",497
151.51,-24.17,2017,4,"039255",1.8
151.51,-24.17,2017,5,"039255",29.2
151.51,-24.17,2017,6,"039255",1.2
151.51,-24.17,2017,7,"039255",18.6
151.51,-24.17,2017,8,"039255",12.4
151.51,-24.17,2017,9,"039255",0
151.51,-24.17,2017,10,"039255",414.3
151.51,-24.17,2017,11,"039255",53.6
151.51,-24.17,2017,12,"039255",98.2
151.51,-24.17,2018,1,"039255",NA
151.51,-24.17,2018,2,"039255",257.6
151.51,-24.17,2018,3,"039255",22.2
151.51,-24.17,2018,4,"039255",20.2
151.51,-24.17,2018,5,"039255",11.8
151.51,-24.17,2018,6,"039255",7.2
151.51,-24.17,2018,7,"039255",21
151.51,-24.17,2018,8,"039255",13.6
151.51,-24.17,2018,9,"039255",1
151.51,-24.17,2018,10,"039255",65.6
151.51,-24.17,2018,11,"039255",33.2
151.51,-24.17,2018,12,"039255",86
151.51,-24.17,2019,1,"039255",10.4
151.51,-24.17,2019,2,"039255",13
151.51,-24.17,2019,3,"039255",106.6
151.51,-24.17,2019,4,"039255",62.2
151.51,-24.17,2019,5,"039255",11.2
151.51,-24.17,2019,6,"039255",8.2
151.51,-24.17,2019,7,"039255",5.2
151.51,-24.17,2019,8,"039255",7
151.51,-24.17,2019,9,"039255",1.8
151.51,-24.17,2019,10,"039255",164.8
151.51,-24.17,2019,11,"039255",11.2
151.51,-24.17,2019,12,"039255",23.8
151.51,-24.17,2020,1,"039255",109
151.51,-24.17,2020,2,"039255",337.4
151.51,-24.17,2020,3,"039255",59.6
151.51,-24.17,2020,4,"039255",29
151.51,-24.17,2020,5,"039255",24.2
151.51,-24.17,2020,6,"039255",34.6
151.51,-24.17,2020,7,"039255",18.2
151.51,-24.17,2020,8,"039255",43.2
151.51,-24.17,2020,9,"039255",7.6
151.51,-24.17,2020,10,"039255",116.6
151.51,-24.17,2020,11,"039255",3
151.51,-24.17,2020,12,"039255",110.2
151.51,-24.17,2021,1,"039255",21.4
151.51,-24.17,2021,2,"039255",96.8
151.51,-24.17,2021,3,"039255",163
151.51,-24.17,2021,4,"039255",65
151.51,-24.17,2021,5,"039255",4.6
151.51,-24.17,2021,6,"039255",88.6
151.51,-24.17,2021,7,"039255",57.2
151.51,-24.17,2021,8,"039255",22.4
151.51,-24.17,2021,9,"039255",18
151.51,-24.17,2021,10,"039255",99.9
151.51,-24.17,2021,11,"039255",294.4
151.51,-24.17,2021,12,"039255",NA
151.51,-24.17,2022,1,"039255",105
151.51,-24.17,2022,2,"039255",28.6
151.51,-24.17,2022,3,"039255",NA
151.51,-24.17,2022,4,"039255",NA
151.51,-24.17,2022,5,"039255",NA
151.51,-24.17,2022,6,"039255",NA
151.51,-24.17,2022,7,"039255",NA
151.51,-24.17,2022,8,"039255",NA
151.51,-24.17,2022,9,"039255",NA
151.51,-24.17,2022,10,"039255",NA
151.51,-24.17,2022,11,"039255",NA
151.51,-24.17,2022,12,"039255",NA
