"Lon","Lat","Year","Month","Station","Rain"
153.57,-28.38,1995,1,"058209",90.8
153.57,-28.38,1995,2,"058209",342
153.57,-28.38,1995,3,"058209",86.6
153.57,-28.38,1995,4,"058209",140.2
153.57,-28.38,1995,5,"058209",97.6
153.57,-28.38,1995,6,"058209",49.8
153.57,-28.38,1995,7,"058209",5
153.57,-28.38,1995,8,"058209",93.4
153.57,-28.38,1995,9,"058209",24.6
153.57,-28.38,1995,10,"058209",57
153.57,-28.38,1995,11,"058209",325.6
153.57,-28.38,1995,12,"058209",149.6
153.57,-28.38,1996,1,"058209",329.4
153.57,-28.38,1996,2,"058209",153.8
153.57,-28.38,1996,3,"058209",200
153.57,-28.38,1996,4,"058209",40
153.57,-28.38,1996,5,"058209",470.4
153.57,-28.38,1996,6,"058209",245.2
153.57,-28.38,1996,7,"058209",67.2
153.57,-28.38,1996,8,"058209",44.2
153.57,-28.38,1996,9,"058209",14
153.57,-28.38,1996,10,"058209",46
153.57,-28.38,1996,11,"058209",264
153.57,-28.38,1996,12,"058209",183.2
153.57,-28.38,1997,1,"058209",147.8
153.57,-28.38,1997,2,"058209",116
153.57,-28.38,1997,3,"058209",32.2
153.57,-28.38,1997,4,"058209",34.4
153.57,-28.38,1997,5,"058209",260.8
153.57,-28.38,1997,6,"058209",94.4
153.57,-28.38,1997,7,"058209",122.8
153.57,-28.38,1997,8,"058209",9
153.57,-28.38,1997,9,"058209",61
153.57,-28.38,1997,10,"058209",87.6
153.57,-28.38,1997,11,"058209",167.4
153.57,-28.38,1997,12,"058209",157.4
153.57,-28.38,1998,1,"058209",63.4
153.57,-28.38,1998,2,"058209",69.2
153.57,-28.38,1998,3,"058209",35
153.57,-28.38,1998,4,"058209",311.2
153.57,-28.38,1998,5,"058209",194.8
153.57,-28.38,1998,6,"058209",32.6
153.57,-28.38,1998,7,"058209",71
153.57,-28.38,1998,8,"058209",199
153.57,-28.38,1998,9,"058209",174
153.57,-28.38,1998,10,"058209",48.4
153.57,-28.38,1998,11,"058209",139.4
153.57,-28.38,1998,12,"058209",115.4
153.57,-28.38,1999,1,"058209",344.6
153.57,-28.38,1999,2,"058209",337.6
153.57,-28.38,1999,3,"058209",435.6
153.57,-28.38,1999,4,"058209",371.4
153.57,-28.38,1999,5,"058209",229.6
153.57,-28.38,1999,6,"058209",373.4
153.57,-28.38,1999,7,"058209",319.2
153.57,-28.38,1999,8,"058209",151.2
153.57,-28.38,1999,9,"058209",54.6
153.57,-28.38,1999,10,"058209",NA
153.57,-28.38,1999,11,"058209",NA
153.57,-28.38,1999,12,"058209",128.2
153.57,-28.38,2000,1,"058209",NA
153.57,-28.38,2000,2,"058209",130.2
153.57,-28.38,2000,3,"058209",132.4
153.57,-28.38,2000,4,"058209",198.6
153.57,-28.38,2000,5,"058209",56
153.57,-28.38,2000,6,"058209",NA
153.57,-28.38,2000,7,"058209",19.4
153.57,-28.38,2000,8,"058209",42.8
153.57,-28.38,2000,9,"058209",3.2
153.57,-28.38,2000,10,"058209",84.2
153.57,-28.38,2000,11,"058209",NA
153.57,-28.38,2000,12,"058209",NA
153.57,-28.38,2001,1,"058209",NA
153.57,-28.38,2001,2,"058209",NA
153.57,-28.38,2001,3,"058209",408.6
153.57,-28.38,2001,4,"058209",NA
153.57,-28.38,2001,5,"058209",NA
153.57,-28.38,2001,6,"058209",NA
153.57,-28.38,2001,7,"058209",NA
153.57,-28.38,2001,8,"058209",NA
153.57,-28.38,2001,9,"058209",NA
153.57,-28.38,2001,10,"058209",NA
153.57,-28.38,2001,11,"058209",NA
153.57,-28.38,2001,12,"058209",62.2
153.57,-28.38,2002,1,"058209",86.6
153.57,-28.38,2002,2,"058209",104.6
153.57,-28.38,2002,3,"058209",181.4
153.57,-28.38,2002,4,"058209",NA
153.57,-28.38,2002,5,"058209",154.8
153.57,-28.38,2002,6,"058209",NA
153.57,-28.38,2002,7,"058209",1
153.57,-28.38,2002,8,"058209",NA
153.57,-28.38,2002,9,"058209",39.6
153.57,-28.38,2002,10,"058209",NA
153.57,-28.38,2002,11,"058209",69
153.57,-28.38,2002,12,"058209",125.2
153.57,-28.38,2003,1,"058209",0
153.57,-28.38,2003,2,"058209",NA
153.57,-28.38,2003,3,"058209",NA
153.57,-28.38,2003,4,"058209",NA
153.57,-28.38,2003,5,"058209",301.4
153.57,-28.38,2003,6,"058209",223.8
153.57,-28.38,2003,7,"058209",NA
153.57,-28.38,2003,8,"058209",46.4
153.57,-28.38,2003,9,"058209",5
153.57,-28.38,2003,10,"058209",129.4
153.57,-28.38,2003,11,"058209",26.8
153.57,-28.38,2003,12,"058209",113.6
153.57,-28.38,2004,1,"058209",192.8
153.57,-28.38,2004,2,"058209",NA
153.57,-28.38,2004,3,"058209",NA
153.57,-28.38,2004,4,"058209",NA
153.57,-28.38,2004,5,"058209",NA
153.57,-28.38,2004,6,"058209",37.2
153.57,-28.38,2004,7,"058209",NA
153.57,-28.38,2004,8,"058209",NA
153.57,-28.38,2004,9,"058209",NA
153.57,-28.38,2004,10,"058209",206
153.57,-28.38,2004,11,"058209",188
153.57,-28.38,2004,12,"058209",310.8
153.57,-28.38,2005,1,"058209",NA
153.57,-28.38,2005,2,"058209",63
153.57,-28.38,2005,3,"058209",NA
153.57,-28.38,2005,4,"058209",134.4
153.57,-28.38,2005,5,"058209",NA
153.57,-28.38,2005,6,"058209",NA
153.57,-28.38,2005,7,"058209",NA
153.57,-28.38,2005,8,"058209",NA
153.57,-28.38,2005,9,"058209",NA
153.57,-28.38,2005,10,"058209",NA
153.57,-28.38,2005,11,"058209",NA
153.57,-28.38,2005,12,"058209",NA
153.57,-28.38,2008,1,"058209",496.2
153.57,-28.38,2008,2,"058209",397.4
153.57,-28.38,2008,3,"058209",45.8
153.57,-28.38,2008,4,"058209",NA
153.57,-28.38,2008,5,"058209",NA
153.57,-28.38,2008,6,"058209",NA
153.57,-28.38,2008,7,"058209",NA
153.57,-28.38,2008,8,"058209",NA
153.57,-28.38,2008,9,"058209",NA
153.57,-28.38,2008,10,"058209",NA
153.57,-28.38,2008,11,"058209",NA
153.57,-28.38,2008,12,"058209",NA
153.57,-28.38,2009,1,"058209",189
153.57,-28.38,2009,2,"058209",177.8
153.57,-28.38,2009,3,"058209",162.2
153.57,-28.38,2009,4,"058209",370.8
153.57,-28.38,2009,5,"058209",356.4
153.57,-28.38,2009,6,"058209",177.4
153.57,-28.38,2009,7,"058209",27.2
153.57,-28.38,2009,8,"058209",0
153.57,-28.38,2009,9,"058209",8.6
153.57,-28.38,2009,10,"058209",34.8
153.57,-28.38,2009,11,"058209",81.8
153.57,-28.38,2009,12,"058209",179.6
153.57,-28.38,2011,1,"058209",NA
153.57,-28.38,2011,2,"058209",80.8
153.57,-28.38,2011,3,"058209",NA
153.57,-28.38,2011,4,"058209",266.6
153.57,-28.38,2011,5,"058209",NA
153.57,-28.38,2011,6,"058209",82.4
153.57,-28.38,2011,7,"058209",20.4
153.57,-28.38,2011,8,"058209",NA
153.57,-28.38,2011,9,"058209",NA
153.57,-28.38,2011,10,"058209",146.4
153.57,-28.38,2011,11,"058209",124
153.57,-28.38,2011,12,"058209",239.4
153.57,-28.38,2012,1,"058209",407
153.57,-28.38,2012,2,"058209",168.2
153.57,-28.38,2012,3,"058209",NA
153.57,-28.38,2012,4,"058209",NA
153.57,-28.38,2012,5,"058209",NA
153.57,-28.38,2012,6,"058209",308.4
153.57,-28.38,2012,7,"058209",NA
153.57,-28.38,2012,8,"058209",4.8
153.57,-28.38,2012,9,"058209",0
153.57,-28.38,2012,10,"058209",NA
153.57,-28.38,2012,11,"058209",NA
153.57,-28.38,2012,12,"058209",NA
