"Lon","Lat","Year","Month","Station","Rain"
151.1,-24.1,1912,1,"039001",NA
151.1,-24.1,1912,2,"039001",NA
151.1,-24.1,1912,3,"039001",NA
151.1,-24.1,1912,4,"039001",NA
151.1,-24.1,1912,5,"039001",NA
151.1,-24.1,1912,6,"039001",NA
151.1,-24.1,1912,7,"039001",NA
151.1,-24.1,1912,8,"039001",27.4
151.1,-24.1,1912,9,"039001",0
151.1,-24.1,1912,10,"039001",64.8
151.1,-24.1,1912,11,"039001",111.3
151.1,-24.1,1912,12,"039001",102.4
151.1,-24.1,1913,1,"039001",596
151.1,-24.1,1913,2,"039001",192.6
151.1,-24.1,1913,3,"039001",104.4
151.1,-24.1,1913,4,"039001",34.3
151.1,-24.1,1913,5,"039001",69.4
151.1,-24.1,1913,6,"039001",91.2
151.1,-24.1,1913,7,"039001",0.8
151.1,-24.1,1913,8,"039001",0
151.1,-24.1,1913,9,"039001",43.8
151.1,-24.1,1913,10,"039001",2.5
151.1,-24.1,1913,11,"039001",53.3
151.1,-24.1,1913,12,"039001",257.4
151.1,-24.1,1914,1,"039001",76.3
151.1,-24.1,1914,2,"039001",33.8
151.1,-24.1,1914,3,"039001",161.7
151.1,-24.1,1914,4,"039001",44.4
151.1,-24.1,1914,5,"039001",6.1
151.1,-24.1,1914,6,"039001",80.8
151.1,-24.1,1914,7,"039001",2.8
151.1,-24.1,1914,8,"039001",1.8
151.1,-24.1,1914,9,"039001",41.8
151.1,-24.1,1914,10,"039001",102.7
151.1,-24.1,1914,11,"039001",11.3
151.1,-24.1,1914,12,"039001",95.8
151.1,-24.1,1915,1,"039001",66.3
151.1,-24.1,1915,2,"039001",263.7
151.1,-24.1,1915,3,"039001",0.3
151.1,-24.1,1915,4,"039001",28.7
151.1,-24.1,1915,5,"039001",20.4
151.1,-24.1,1915,6,"039001",0
151.1,-24.1,1915,7,"039001",1.7
151.1,-24.1,1915,8,"039001",18.1
151.1,-24.1,1915,9,"039001",36.5
151.1,-24.1,1915,10,"039001",18.3
151.1,-24.1,1915,11,"039001",130.7
151.1,-24.1,1915,12,"039001",25.4
151.1,-24.1,1916,1,"039001",10.8
151.1,-24.1,1916,2,"039001",62
151.1,-24.1,1916,3,"039001",83.9
151.1,-24.1,1916,4,"039001",90.1
151.1,-24.1,1916,5,"039001",7.1
151.1,-24.1,1916,6,"039001",37.9
151.1,-24.1,1916,7,"039001",65.3
151.1,-24.1,1916,8,"039001",54.9
151.1,-24.1,1916,9,"039001",46.1
151.1,-24.1,1916,10,"039001",115.5
151.1,-24.1,1916,11,"039001",72.5
151.1,-24.1,1916,12,"039001",141.5
151.1,-24.1,1917,1,"039001",127.9
151.1,-24.1,1917,2,"039001",157.3
151.1,-24.1,1917,3,"039001",87.9
151.1,-24.1,1917,4,"039001",11.4
151.1,-24.1,1917,5,"039001",9.7
151.1,-24.1,1917,6,"039001",5.9
151.1,-24.1,1917,7,"039001",14.5
151.1,-24.1,1917,8,"039001",45.2
151.1,-24.1,1917,9,"039001",129.7
151.1,-24.1,1917,10,"039001",33.7
151.1,-24.1,1917,11,"039001",208.8
151.1,-24.1,1917,12,"039001",82.1
151.1,-24.1,1918,1,"039001",442.5
151.1,-24.1,1918,2,"039001",150.3
151.1,-24.1,1918,3,"039001",58.5
151.1,-24.1,1918,4,"039001",114.8
151.1,-24.1,1918,5,"039001",6
151.1,-24.1,1918,6,"039001",16.7
151.1,-24.1,1918,7,"039001",6.9
151.1,-24.1,1918,8,"039001",13.3
151.1,-24.1,1918,9,"039001",61.8
151.1,-24.1,1918,10,"039001",4.8
151.1,-24.1,1918,11,"039001",72.5
151.1,-24.1,1918,12,"039001",109.4
151.1,-24.1,1919,1,"039001",6.3
151.1,-24.1,1919,2,"039001",124.9
151.1,-24.1,1919,3,"039001",54.4
151.1,-24.1,1919,4,"039001",54.9
151.1,-24.1,1919,5,"039001",71.8
151.1,-24.1,1919,6,"039001",7.9
151.1,-24.1,1919,7,"039001",0
151.1,-24.1,1919,8,"039001",25.5
151.1,-24.1,1919,9,"039001",0.8
151.1,-24.1,1919,10,"039001",41
151.1,-24.1,1919,11,"039001",20.9
151.1,-24.1,1919,12,"039001",10.3
151.1,-24.1,1920,1,"039001",145.8
151.1,-24.1,1920,2,"039001",11.2
151.1,-24.1,1920,3,"039001",64.5
151.1,-24.1,1920,4,"039001",11.4
151.1,-24.1,1920,5,"039001",64.6
151.1,-24.1,1920,6,"039001",69.9
151.1,-24.1,1920,7,"039001",17.6
151.1,-24.1,1920,8,"039001",39.3
151.1,-24.1,1920,9,"039001",10.2
151.1,-24.1,1920,10,"039001",96.8
151.1,-24.1,1920,11,"039001",45.4
151.1,-24.1,1920,12,"039001",62.7
151.1,-24.1,1921,1,"039001",94.1
151.1,-24.1,1921,2,"039001",41.7
151.1,-24.1,1921,3,"039001",73.6
151.1,-24.1,1921,4,"039001",19.5
151.1,-24.1,1921,5,"039001",33.3
151.1,-24.1,1921,6,"039001",148.9
151.1,-24.1,1921,7,"039001",115.6
151.1,-24.1,1921,8,"039001",24.7
151.1,-24.1,1921,9,"039001",15.8
151.1,-24.1,1921,10,"039001",35.7
151.1,-24.1,1921,11,"039001",44.5
151.1,-24.1,1921,12,"039001",678.3
151.1,-24.1,1922,1,"039001",118.2
151.1,-24.1,1922,2,"039001",219.2
151.1,-24.1,1922,3,"039001",46
151.1,-24.1,1922,4,"039001",0
151.1,-24.1,1922,5,"039001",4.6
151.1,-24.1,1922,6,"039001",42.2
151.1,-24.1,1922,7,"039001",94.7
151.1,-24.1,1922,8,"039001",26.1
151.1,-24.1,1922,9,"039001",1
151.1,-24.1,1922,10,"039001",28.9
151.1,-24.1,1922,11,"039001",24
151.1,-24.1,1922,12,"039001",87.8
151.1,-24.1,1923,1,"039001",115.5
151.1,-24.1,1923,2,"039001",0.3
151.1,-24.1,1923,3,"039001",88.1
151.1,-24.1,1923,4,"039001",79.8
151.1,-24.1,1923,5,"039001",0
151.1,-24.1,1923,6,"039001",67
151.1,-24.1,1923,7,"039001",1.9
151.1,-24.1,1923,8,"039001",2.8
151.1,-24.1,1923,9,"039001",0
151.1,-24.1,1923,10,"039001",40.4
151.1,-24.1,1923,11,"039001",76.8
151.1,-24.1,1923,12,"039001",115.4
151.1,-24.1,1924,1,"039001",21.1
151.1,-24.1,1924,2,"039001",280.7
151.1,-24.1,1924,3,"039001",185.8
151.1,-24.1,1924,4,"039001",38.7
151.1,-24.1,1924,5,"039001",3.3
151.1,-24.1,1924,6,"039001",32
151.1,-24.1,1924,7,"039001",118.4
151.1,-24.1,1924,8,"039001",24.4
151.1,-24.1,1924,9,"039001",50.8
151.1,-24.1,1924,10,"039001",108.5
151.1,-24.1,1924,11,"039001",188.9
151.1,-24.1,1924,12,"039001",114.8
151.1,-24.1,1925,1,"039001",108.6
151.1,-24.1,1925,2,"039001",66.3
151.1,-24.1,1925,3,"039001",118.3
151.1,-24.1,1925,4,"039001",0
151.1,-24.1,1925,5,"039001",22.4
151.1,-24.1,1925,6,"039001",162.3
151.1,-24.1,1925,7,"039001",5.8
151.1,-24.1,1925,8,"039001",44.9
151.1,-24.1,1925,9,"039001",16
151.1,-24.1,1925,10,"039001",15.7
151.1,-24.1,1925,11,"039001",53.4
151.1,-24.1,1925,12,"039001",90.9
151.1,-24.1,1926,1,"039001",91.1
151.1,-24.1,1926,2,"039001",23.1
151.1,-24.1,1926,3,"039001",58.4
151.1,-24.1,1926,4,"039001",5.1
151.1,-24.1,1926,5,"039001",59.2
151.1,-24.1,1926,6,"039001",21.6
151.1,-24.1,1926,7,"039001",0
151.1,-24.1,1926,8,"039001",0
151.1,-24.1,1926,9,"039001",97.9
151.1,-24.1,1926,10,"039001",14.8
151.1,-24.1,1926,11,"039001",0
151.1,-24.1,1926,12,"039001",223.8
151.1,-24.1,1927,1,"039001",458.9
151.1,-24.1,1927,2,"039001",132.8
151.1,-24.1,1927,3,"039001",73.2
151.1,-24.1,1927,4,"039001",56.4
151.1,-24.1,1927,5,"039001",0
151.1,-24.1,1927,6,"039001",96.8
151.1,-24.1,1927,7,"039001",58.1
151.1,-24.1,1927,8,"039001",31.2
151.1,-24.1,1927,9,"039001",30.2
151.1,-24.1,1927,10,"039001",175.8
151.1,-24.1,1927,11,"039001",98
151.1,-24.1,1927,12,"039001",114.3
151.1,-24.1,1928,1,"039001",208.7
151.1,-24.1,1928,2,"039001",443.1
151.1,-24.1,1928,3,"039001",29.2
151.1,-24.1,1928,4,"039001",273.7
151.1,-24.1,1928,5,"039001",0
151.1,-24.1,1928,6,"039001",52.9
151.1,-24.1,1928,7,"039001",25.6
151.1,-24.1,1928,8,"039001",0
151.1,-24.1,1928,9,"039001",0.5
151.1,-24.1,1928,10,"039001",12.7
151.1,-24.1,1928,11,"039001",68.4
151.1,-24.1,1928,12,"039001",51.8
151.1,-24.1,1929,1,"039001",163.2
151.1,-24.1,1929,2,"039001",344.8
151.1,-24.1,1929,3,"039001",40.6
151.1,-24.1,1929,4,"039001",229.4
151.1,-24.1,1929,5,"039001",0
151.1,-24.1,1929,6,"039001",73.4
151.1,-24.1,1929,7,"039001",0
151.1,-24.1,1929,8,"039001",0
151.1,-24.1,1929,9,"039001",0
151.1,-24.1,1929,10,"039001",30.7
151.1,-24.1,1929,11,"039001",49.5
151.1,-24.1,1929,12,"039001",65
151.1,-24.1,1930,1,"039001",438.1
151.1,-24.1,1930,2,"039001",76.5
151.1,-24.1,1930,3,"039001",0
151.1,-24.1,1930,4,"039001",29
151.1,-24.1,1930,5,"039001",248.2
151.1,-24.1,1930,6,"039001",220.6
151.1,-24.1,1930,7,"039001",35
151.1,-24.1,1930,8,"039001",47.8
151.1,-24.1,1930,9,"039001",27.9
151.1,-24.1,1930,10,"039001",0
151.1,-24.1,1930,11,"039001",21
151.1,-24.1,1930,12,"039001",77.7
151.1,-24.1,1931,1,"039001",143
151.1,-24.1,1931,2,"039001",173.7
151.1,-24.1,1931,3,"039001",75.4
151.1,-24.1,1931,4,"039001",70.4
151.1,-24.1,1931,5,"039001",39.6
151.1,-24.1,1931,6,"039001",8.9
151.1,-24.1,1931,7,"039001",17.5
151.1,-24.1,1931,8,"039001",10.7
151.1,-24.1,1931,9,"039001",75.3
151.1,-24.1,1931,10,"039001",16.1
151.1,-24.1,1931,11,"039001",68
151.1,-24.1,1931,12,"039001",224.8
151.1,-24.1,1932,1,"039001",37.6
151.1,-24.1,1932,2,"039001",38.9
151.1,-24.1,1932,3,"039001",17.6
151.1,-24.1,1932,4,"039001",30.5
151.1,-24.1,1932,5,"039001",45.7
151.1,-24.1,1932,6,"039001",16.7
151.1,-24.1,1932,7,"039001",2.3
151.1,-24.1,1932,8,"039001",0
151.1,-24.1,1932,9,"039001",58.4
151.1,-24.1,1932,10,"039001",104.9
151.1,-24.1,1932,11,"039001",43.6
151.1,-24.1,1932,12,"039001",116
151.1,-24.1,1933,1,"039001",207.7
151.1,-24.1,1933,2,"039001",166.7
151.1,-24.1,1933,3,"039001",0
151.1,-24.1,1933,4,"039001",67.3
151.1,-24.1,1933,5,"039001",0
151.1,-24.1,1933,6,"039001",55.6
151.1,-24.1,1933,7,"039001",257.4
151.1,-24.1,1933,8,"039001",23.1
151.1,-24.1,1933,9,"039001",30.9
151.1,-24.1,1933,10,"039001",118.3
151.1,-24.1,1933,11,"039001",258
151.1,-24.1,1933,12,"039001",97.8
151.1,-24.1,1934,1,"039001",19.5
151.1,-24.1,1934,2,"039001",466.4
151.1,-24.1,1934,3,"039001",11.7
151.1,-24.1,1934,4,"039001",94.5
151.1,-24.1,1934,5,"039001",11.4
151.1,-24.1,1934,6,"039001",46.9
151.1,-24.1,1934,7,"039001",15.2
151.1,-24.1,1934,8,"039001",22.4
151.1,-24.1,1934,9,"039001",8.7
151.1,-24.1,1934,10,"039001",52.8
151.1,-24.1,1934,11,"039001",174.1
151.1,-24.1,1934,12,"039001",139.6
151.1,-24.1,1935,1,"039001",134
151.1,-24.1,1935,2,"039001",149.4
151.1,-24.1,1935,3,"039001",24.6
151.1,-24.1,1935,4,"039001",45.2
151.1,-24.1,1935,5,"039001",44.6
151.1,-24.1,1935,6,"039001",12.2
151.1,-24.1,1935,7,"039001",169.7
151.1,-24.1,1935,8,"039001",27.2
151.1,-24.1,1935,9,"039001",56.9
151.1,-24.1,1935,10,"039001",31
151.1,-24.1,1935,11,"039001",20.3
151.1,-24.1,1935,12,"039001",62.4
151.1,-24.1,1936,1,"039001",149.3
151.1,-24.1,1936,2,"039001",59.2
151.1,-24.1,1936,3,"039001",112.9
151.1,-24.1,1936,4,"039001",3
151.1,-24.1,1936,5,"039001",83.6
151.1,-24.1,1936,6,"039001",117.3
151.1,-24.1,1936,7,"039001",23.4
151.1,-24.1,1936,8,"039001",7.1
151.1,-24.1,1936,9,"039001",5.3
151.1,-24.1,1936,10,"039001",36.1
151.1,-24.1,1936,11,"039001",34.1
151.1,-24.1,1936,12,"039001",136.9
151.1,-24.1,1937,1,"039001",105.4
151.1,-24.1,1937,2,"039001",220.7
151.1,-24.1,1937,3,"039001",356.8
151.1,-24.1,1937,4,"039001",0
151.1,-24.1,1937,5,"039001",17.3
151.1,-24.1,1937,6,"039001",40.9
151.1,-24.1,1937,7,"039001",43.8
151.1,-24.1,1937,8,"039001",38.1
151.1,-24.1,1937,9,"039001",0
151.1,-24.1,1937,10,"039001",58.2
151.1,-24.1,1937,11,"039001",90.8
151.1,-24.1,1937,12,"039001",62.8
151.1,-24.1,1938,1,"039001",55.4
151.1,-24.1,1938,2,"039001",17.3
151.1,-24.1,1938,3,"039001",189.6
151.1,-24.1,1938,4,"039001",37.5
151.1,-24.1,1938,5,"039001",127.1
151.1,-24.1,1938,6,"039001",54.6
151.1,-24.1,1938,7,"039001",42
151.1,-24.1,1938,8,"039001",37.8
151.1,-24.1,1938,9,"039001",0
151.1,-24.1,1938,10,"039001",142.8
151.1,-24.1,1938,11,"039001",79.5
151.1,-24.1,1938,12,"039001",61.9
151.1,-24.1,1939,1,"039001",168.8
151.1,-24.1,1939,2,"039001",6.1
151.1,-24.1,1939,3,"039001",212.7
151.1,-24.1,1939,4,"039001",42
151.1,-24.1,1939,5,"039001",7.9
151.1,-24.1,1939,6,"039001",100.9
151.1,-24.1,1939,7,"039001",30.6
151.1,-24.1,1939,8,"039001",21.5
151.1,-24.1,1939,9,"039001",0
151.1,-24.1,1939,10,"039001",47.8
151.1,-24.1,1939,11,"039001",42.6
151.1,-24.1,1939,12,"039001",124.4
151.1,-24.1,1940,1,"039001",86.8
151.1,-24.1,1940,2,"039001",350.7
151.1,-24.1,1940,3,"039001",192.9
151.1,-24.1,1940,4,"039001",21
151.1,-24.1,1940,5,"039001",14
151.1,-24.1,1940,6,"039001",1.8
151.1,-24.1,1940,7,"039001",10.7
151.1,-24.1,1940,8,"039001",32
151.1,-24.1,1940,9,"039001",0
151.1,-24.1,1940,10,"039001",0
151.1,-24.1,1940,11,"039001",56.8
151.1,-24.1,1940,12,"039001",91.3
151.1,-24.1,1941,1,"039001",125.2
151.1,-24.1,1941,2,"039001",85.3
151.1,-24.1,1941,3,"039001",151.1
151.1,-24.1,1941,4,"039001",21.9
151.1,-24.1,1941,5,"039001",58.5
151.1,-24.1,1941,6,"039001",82.5
151.1,-24.1,1941,7,"039001",17.5
151.1,-24.1,1941,8,"039001",0
151.1,-24.1,1941,9,"039001",0
151.1,-24.1,1941,10,"039001",45.7
151.1,-24.1,1941,11,"039001",22.2
151.1,-24.1,1941,12,"039001",15.5
151.1,-24.1,1942,1,"039001",174.7
151.1,-24.1,1942,2,"039001",450.1
151.1,-24.1,1942,3,"039001",27.2
151.1,-24.1,1942,4,"039001",81.6
151.1,-24.1,1942,5,"039001",75.4
151.1,-24.1,1942,6,"039001",63.3
151.1,-24.1,1942,7,"039001",48
151.1,-24.1,1942,8,"039001",10.9
151.1,-24.1,1942,9,"039001",14.7
151.1,-24.1,1942,10,"039001",30.9
151.1,-24.1,1942,11,"039001",55.7
151.1,-24.1,1942,12,"039001",134.6
151.1,-24.1,1943,1,"039001",171.4
151.1,-24.1,1943,2,"039001",239.5
151.1,-24.1,1943,3,"039001",0
151.1,-24.1,1943,4,"039001",10.9
151.1,-24.1,1943,5,"039001",78.5
151.1,-24.1,1943,6,"039001",52.5
151.1,-24.1,1943,7,"039001",0
151.1,-24.1,1943,8,"039001",29.2
151.1,-24.1,1943,9,"039001",58.7
151.1,-24.1,1943,10,"039001",109.7
151.1,-24.1,1943,11,"039001",57.2
151.1,-24.1,1943,12,"039001",123.4
151.1,-24.1,1944,1,"039001",37.6
151.1,-24.1,1944,2,"039001",321.7
151.1,-24.1,1944,3,"039001",22.1
151.1,-24.1,1944,4,"039001",49.8
151.1,-24.1,1944,5,"039001",54.4
151.1,-24.1,1944,6,"039001",23.1
151.1,-24.1,1944,7,"039001",46.6
151.1,-24.1,1944,8,"039001",10.4
151.1,-24.1,1944,9,"039001",26.5
151.1,-24.1,1944,10,"039001",16
151.1,-24.1,1944,11,"039001",8.4
151.1,-24.1,1944,12,"039001",68.7
151.1,-24.1,1945,1,"039001",130.3
151.1,-24.1,1945,2,"039001",239.3
151.1,-24.1,1945,3,"039001",17.2
151.1,-24.1,1945,4,"039001",2.5
151.1,-24.1,1945,5,"039001",24.1
151.1,-24.1,1945,6,"039001",76
151.1,-24.1,1945,7,"039001",91.7
151.1,-24.1,1945,8,"039001",0
151.1,-24.1,1945,9,"039001",55.4
151.1,-24.1,1945,10,"039001",99.7
151.1,-24.1,1945,11,"039001",38.9
151.1,-24.1,1945,12,"039001",113.6
151.1,-24.1,1946,1,"039001",207.9
151.1,-24.1,1946,2,"039001",25.8
151.1,-24.1,1946,3,"039001",39.9
151.1,-24.1,1946,4,"039001",1
151.1,-24.1,1946,5,"039001",0
151.1,-24.1,1946,6,"039001",4.5
151.1,-24.1,1946,7,"039001",4.6
151.1,-24.1,1946,8,"039001",0
151.1,-24.1,1946,9,"039001",23.6
151.1,-24.1,1946,10,"039001",37.9
151.1,-24.1,1946,11,"039001",109.2
151.1,-24.1,1946,12,"039001",19.2
151.1,-24.1,1947,1,"039001",21.3
151.1,-24.1,1947,2,"039001",526.4
151.1,-24.1,1947,3,"039001",314.4
151.1,-24.1,1947,4,"039001",26
151.1,-24.1,1947,5,"039001",15.5
151.1,-24.1,1947,6,"039001",0
151.1,-24.1,1947,7,"039001",1.5
151.1,-24.1,1947,8,"039001",64.1
151.1,-24.1,1947,9,"039001",55.2
151.1,-24.1,1947,10,"039001",16.5
151.1,-24.1,1947,11,"039001",134.7
151.1,-24.1,1947,12,"039001",70.9
151.1,-24.1,1948,1,"039001",38.3
151.1,-24.1,1948,2,"039001",327.5
151.1,-24.1,1948,3,"039001",243.9
151.1,-24.1,1948,4,"039001",54.2
151.1,-24.1,1948,5,"039001",119.8
151.1,-24.1,1948,6,"039001",87.4
151.1,-24.1,1948,7,"039001",38.6
151.1,-24.1,1948,8,"039001",0
151.1,-24.1,1948,9,"039001",25.1
151.1,-24.1,1948,10,"039001",18.8
151.1,-24.1,1948,11,"039001",23.9
151.1,-24.1,1948,12,"039001",87.2
151.1,-24.1,1949,1,"039001",63.5
151.1,-24.1,1949,2,"039001",232.4
151.1,-24.1,1949,3,"039001",355.4
151.1,-24.1,1949,4,"039001",22.4
151.1,-24.1,1949,5,"039001",0
151.1,-24.1,1949,6,"039001",39.3
151.1,-24.1,1949,7,"039001",19.1
151.1,-24.1,1949,8,"039001",1.8
151.1,-24.1,1949,9,"039001",24.4
151.1,-24.1,1949,10,"039001",187.8
151.1,-24.1,1949,11,"039001",83.7
151.1,-24.1,1949,12,"039001",15.3
151.1,-24.1,1950,1,"039001",119.7
151.1,-24.1,1950,2,"039001",187.4
151.1,-24.1,1950,3,"039001",101.3
151.1,-24.1,1950,4,"039001",48.5
151.1,-24.1,1950,5,"039001",34.5
151.1,-24.1,1950,6,"039001",121.8
151.1,-24.1,1950,7,"039001",182.1
151.1,-24.1,1950,8,"039001",0
151.1,-24.1,1950,9,"039001",10.2
151.1,-24.1,1950,10,"039001",72.2
151.1,-24.1,1950,11,"039001",179.9
151.1,-24.1,1950,12,"039001",67.8
151.1,-24.1,1951,1,"039001",299.7
151.1,-24.1,1951,2,"039001",48.5
151.1,-24.1,1951,3,"039001",7.6
151.1,-24.1,1951,4,"039001",14.5
151.1,-24.1,1951,5,"039001",0
151.1,-24.1,1951,6,"039001",25.9
151.1,-24.1,1951,7,"039001",0
151.1,-24.1,1951,8,"039001",18.8
151.1,-24.1,1951,9,"039001",12.7
151.1,-24.1,1951,10,"039001",59.5
151.1,-24.1,1951,11,"039001",0
151.1,-24.1,1951,12,"039001",55.9
151.1,-24.1,1952,1,"039001",167.2
151.1,-24.1,1952,2,"039001",23.1
151.1,-24.1,1952,3,"039001",140.6
151.1,-24.1,1952,4,"039001",103.3
151.1,-24.1,1952,5,"039001",106.1
151.1,-24.1,1952,6,"039001",50.9
151.1,-24.1,1952,7,"039001",22.4
151.1,-24.1,1952,8,"039001",20.3
151.1,-24.1,1952,9,"039001",25.9
151.1,-24.1,1952,10,"039001",88.4
151.1,-24.1,1952,11,"039001",90.4
151.1,-24.1,1952,12,"039001",224.9
151.1,-24.1,1953,1,"039001",226.1
151.1,-24.1,1953,2,"039001",126.6
151.1,-24.1,1953,3,"039001",133.9
151.1,-24.1,1953,4,"039001",45.8
151.1,-24.1,1953,5,"039001",0.5
151.1,-24.1,1953,6,"039001",12.2
151.1,-24.1,1953,7,"039001",0.5
151.1,-24.1,1953,8,"039001",72.2
151.1,-24.1,1953,9,"039001",0
151.1,-24.1,1953,10,"039001",45.7
151.1,-24.1,1953,11,"039001",80.4
151.1,-24.1,1953,12,"039001",54.4
151.1,-24.1,1954,1,"039001",107.5
151.1,-24.1,1954,2,"039001",526.3
151.1,-24.1,1954,3,"039001",11.3
151.1,-24.1,1954,4,"039001",36.5
151.1,-24.1,1954,5,"039001",3.3
151.1,-24.1,1954,6,"039001",17.7
151.1,-24.1,1954,7,"039001",102
151.1,-24.1,1954,8,"039001",68.3
151.1,-24.1,1954,9,"039001",17.5
151.1,-24.1,1954,10,"039001",31.7
151.1,-24.1,1954,11,"039001",104.5
151.1,-24.1,1954,12,"039001",116.3
151.1,-24.1,1955,1,"039001",154
151.1,-24.1,1955,2,"039001",267.2
151.1,-24.1,1955,3,"039001",343.7
151.1,-24.1,1955,4,"039001",82.6
151.1,-24.1,1955,5,"039001",163.9
151.1,-24.1,1955,6,"039001",7.2
151.1,-24.1,1955,7,"039001",62.3
151.1,-24.1,1955,8,"039001",1.8
151.1,-24.1,1955,9,"039001",7.1
151.1,-24.1,1955,10,"039001",83
151.1,-24.1,1955,11,"039001",42.3
151.1,-24.1,1955,12,"039001",150.9
151.1,-24.1,1956,1,"039001",220.9
151.1,-24.1,1956,2,"039001",475.5
151.1,-24.1,1956,3,"039001",358.8
151.1,-24.1,1956,4,"039001",137.4
151.1,-24.1,1956,5,"039001",30.3
151.1,-24.1,1956,6,"039001",146.4
151.1,-24.1,1956,7,"039001",42.7
151.1,-24.1,1956,8,"039001",8.9
151.1,-24.1,1956,9,"039001",11.4
151.1,-24.1,1956,10,"039001",28.2
151.1,-24.1,1956,11,"039001",108.6
151.1,-24.1,1956,12,"039001",427.8
151.1,-24.1,1957,1,"039001",125.6
151.1,-24.1,1957,2,"039001",33
151.1,-24.1,1957,3,"039001",20.3
151.1,-24.1,1957,4,"039001",17
151.1,-24.1,1957,5,"039001",4.8
151.1,-24.1,1957,6,"039001",15.2
151.1,-24.1,1957,7,"039001",44.7
151.1,-24.1,1957,8,"039001",21
151.1,-24.1,1957,9,"039001",1
151.1,-24.1,1957,10,"039001",1.8
151.1,-24.1,1957,11,"039001",81.1
151.1,-24.1,1957,12,"039001",3.8
151.1,-24.1,1958,1,"039001",102.5
151.1,-24.1,1958,2,"039001",320.6
151.1,-24.1,1958,3,"039001",49.8
151.1,-24.1,1958,4,"039001",90.5
151.1,-24.1,1958,5,"039001",14.8
151.1,-24.1,1958,6,"039001",106.3
151.1,-24.1,1958,7,"039001",11.2
151.1,-24.1,1958,8,"039001",43.4
151.1,-24.1,1958,9,"039001",16.6
151.1,-24.1,1958,10,"039001",19.8
151.1,-24.1,1958,11,"039001",8.8
151.1,-24.1,1958,12,"039001",174.8
151.1,-24.1,1959,1,"039001",127
151.1,-24.1,1959,2,"039001",73.7
151.1,-24.1,1959,3,"039001",78.1
151.1,-24.1,1959,4,"039001",6.6
151.1,-24.1,1959,5,"039001",34.5
151.1,-24.1,1959,6,"039001",0.8
151.1,-24.1,1959,7,"039001",54.9
151.1,-24.1,1959,8,"039001",0
151.1,-24.1,1959,9,"039001",13.6
151.1,-24.1,1959,10,"039001",98.2
151.1,-24.1,1959,11,"039001",66.3
151.1,-24.1,1959,12,"039001",166.9
151.1,-24.1,1960,1,"039001",187.9
151.1,-24.1,1960,2,"039001",106.9
151.1,-24.1,1960,3,"039001",10.9
151.1,-24.1,1960,4,"039001",19.4
151.1,-24.1,1960,5,"039001",69.8
151.1,-24.1,1960,6,"039001",27.2
151.1,-24.1,1960,7,"039001",2.7
151.1,-24.1,1960,8,"039001",12.5
151.1,-24.1,1960,9,"039001",6.9
151.1,-24.1,1960,10,"039001",38.2
151.1,-24.1,1960,11,"039001",52.8
151.1,-24.1,1960,12,"039001",59.1
151.1,-24.1,1961,1,"039001",84.4
151.1,-24.1,1961,2,"039001",243.1
151.1,-24.1,1961,3,"039001",20
151.1,-24.1,1961,4,"039001",26.6
151.1,-24.1,1961,5,"039001",19.3
151.1,-24.1,1961,6,"039001",13.3
151.1,-24.1,1961,7,"039001",38.4
151.1,-24.1,1961,8,"039001",33.6
151.1,-24.1,1961,9,"039001",4.1
151.1,-24.1,1961,10,"039001",179.2
151.1,-24.1,1961,11,"039001",243.6
151.1,-24.1,1961,12,"039001",32
151.1,-24.1,1962,1,"039001",90.5
151.1,-24.1,1962,2,"039001",86.9
151.1,-24.1,1962,3,"039001",197.3
151.1,-24.1,1962,4,"039001",45.5
151.1,-24.1,1962,5,"039001",43.7
151.1,-24.1,1962,6,"039001",11.2
151.1,-24.1,1962,7,"039001",31.6
151.1,-24.1,1962,8,"039001",11.7
151.1,-24.1,1962,9,"039001",83.5
151.1,-24.1,1962,10,"039001",13.6
151.1,-24.1,1962,11,"039001",49.9
151.1,-24.1,1962,12,"039001",316.2
151.1,-24.1,1963,1,"039001",154.4
151.1,-24.1,1963,2,"039001",157.9
151.1,-24.1,1963,3,"039001",273.2
151.1,-24.1,1963,4,"039001",13.5
151.1,-24.1,1963,5,"039001",23.1
151.1,-24.1,1963,6,"039001",7.7
151.1,-24.1,1963,7,"039001",1.5
151.1,-24.1,1963,8,"039001",39.2
151.1,-24.1,1963,9,"039001",4.6
151.1,-24.1,1963,10,"039001",2.9
151.1,-24.1,1963,11,"039001",35.3
151.1,-24.1,1963,12,"039001",87.2
151.1,-24.1,1964,1,"039001",88.5
151.1,-24.1,1964,2,"039001",35.5
151.1,-24.1,1964,3,"039001",27.7
151.1,-24.1,1964,4,"039001",22.2
151.1,-24.1,1964,5,"039001",66.9
151.1,-24.1,1964,6,"039001",25.9
151.1,-24.1,1964,7,"039001",136.9
151.1,-24.1,1964,8,"039001",91
151.1,-24.1,1964,9,"039001",45.2
151.1,-24.1,1964,10,"039001",95.8
151.1,-24.1,1964,11,"039001",24.1
151.1,-24.1,1964,12,"039001",56.7
151.1,-24.1,1965,1,"039001",56.5
151.1,-24.1,1965,2,"039001",48
151.1,-24.1,1965,3,"039001",63.8
151.1,-24.1,1965,4,"039001",63.2
151.1,-24.1,1965,5,"039001",15.5
151.1,-24.1,1965,6,"039001",11.1
151.1,-24.1,1965,7,"039001",3.6
151.1,-24.1,1965,8,"039001",1.3
151.1,-24.1,1965,9,"039001",70.6
151.1,-24.1,1965,10,"039001",43.5
151.1,-24.1,1965,11,"039001",49.9
151.1,-24.1,1965,12,"039001",107
151.1,-24.1,1966,1,"039001",114.2
151.1,-24.1,1966,2,"039001",128.8
151.1,-24.1,1966,3,"039001",81.4
151.1,-24.1,1966,4,"039001",31.5
151.1,-24.1,1966,5,"039001",17.3
151.1,-24.1,1966,6,"039001",75.4
151.1,-24.1,1966,7,"039001",24.1
151.1,-24.1,1966,8,"039001",97.2
151.1,-24.1,1966,9,"039001",48
151.1,-24.1,1966,10,"039001",36.7
151.1,-24.1,1966,11,"039001",122.6
151.1,-24.1,1966,12,"039001",95.5
151.1,-24.1,1967,1,"039001",112.5
151.1,-24.1,1967,2,"039001",48.7
151.1,-24.1,1967,3,"039001",102.9
151.1,-24.1,1967,4,"039001",20.6
151.1,-24.1,1967,5,"039001",33.5
151.1,-24.1,1967,6,"039001",170.6
151.1,-24.1,1967,7,"039001",24.9
151.1,-24.1,1967,8,"039001",16.5
151.1,-24.1,1967,9,"039001",0
151.1,-24.1,1967,10,"039001",49
151.1,-24.1,1967,11,"039001",84.3
151.1,-24.1,1967,12,"039001",103.1
151.1,-24.1,1968,1,"039001",217.4
151.1,-24.1,1968,2,"039001",317.4
151.1,-24.1,1968,3,"039001",138.5
151.1,-24.1,1968,4,"039001",64
151.1,-24.1,1968,5,"039001",49.9
151.1,-24.1,1968,6,"039001",0.3
151.1,-24.1,1968,7,"039001",21.3
151.1,-24.1,1968,8,"039001",38.6
151.1,-24.1,1968,9,"039001",6
151.1,-24.1,1968,10,"039001",39.6
151.1,-24.1,1968,11,"039001",25.2
151.1,-24.1,1968,12,"039001",132.2
151.1,-24.1,1969,1,"039001",1
151.1,-24.1,1969,2,"039001",38.9
151.1,-24.1,1969,3,"039001",63.9
151.1,-24.1,1969,4,"039001",5.6
151.1,-24.1,1969,5,"039001",111.4
151.1,-24.1,1969,6,"039001",9.1
151.1,-24.1,1969,7,"039001",29.9
151.1,-24.1,1969,8,"039001",18.4
151.1,-24.1,1969,9,"039001",13.5
151.1,-24.1,1969,10,"039001",136.6
151.1,-24.1,1969,11,"039001",86
151.1,-24.1,1969,12,"039001",177.7
151.1,-24.1,1970,1,"039001",85.1
151.1,-24.1,1970,2,"039001",55.7
151.1,-24.1,1970,3,"039001",110.4
151.1,-24.1,1970,4,"039001",21.1
151.1,-24.1,1970,5,"039001",0
151.1,-24.1,1970,6,"039001",15.7
151.1,-24.1,1970,7,"039001",0
151.1,-24.1,1970,8,"039001",22.7
151.1,-24.1,1970,9,"039001",88.5
151.1,-24.1,1970,10,"039001",94.1
151.1,-24.1,1970,11,"039001",209.3
151.1,-24.1,1970,12,"039001",172.1
151.1,-24.1,1971,1,"039001",677.5
151.1,-24.1,1971,2,"039001",467.7
151.1,-24.1,1971,3,"039001",46.7
151.1,-24.1,1971,4,"039001",8.9
151.1,-24.1,1971,5,"039001",23.5
151.1,-24.1,1971,6,"039001",80
151.1,-24.1,1971,7,"039001",21.9
151.1,-24.1,1971,8,"039001",98.4
151.1,-24.1,1971,9,"039001",13.2
151.1,-24.1,1971,10,"039001",43.5
151.1,-24.1,1971,11,"039001",109.4
151.1,-24.1,1971,12,"039001",124.7
151.1,-24.1,1972,1,"039001",170.1
151.1,-24.1,1972,2,"039001",180.2
151.1,-24.1,1972,3,"039001",24.9
151.1,-24.1,1972,4,"039001",38.1
151.1,-24.1,1972,5,"039001",86.4
151.1,-24.1,1972,6,"039001",8.9
151.1,-24.1,1972,7,"039001",0
151.1,-24.1,1972,8,"039001",5.4
151.1,-24.1,1972,9,"039001",4.6
151.1,-24.1,1972,10,"039001",82.7
151.1,-24.1,1972,11,"039001",211.3
151.1,-24.1,1972,12,"039001",0.3
151.1,-24.1,1973,1,"039001",280
151.1,-24.1,1973,2,"039001",161
151.1,-24.1,1973,3,"039001",29
151.1,-24.1,1973,4,"039001",13.7
151.1,-24.1,1973,5,"039001",16
151.1,-24.1,1973,6,"039001",51.6
151.1,-24.1,1973,7,"039001",145.8
151.1,-24.1,1973,8,"039001",23.6
151.1,-24.1,1973,9,"039001",37.9
151.1,-24.1,1973,10,"039001",82.3
151.1,-24.1,1973,11,"039001",137.7
151.1,-24.1,1973,12,"039001",524.1
151.1,-24.1,1974,1,"039001",667
151.1,-24.1,1974,2,"039001",45.6
151.1,-24.1,1974,3,"039001",23.4
151.1,-24.1,1974,4,"039001",37
151.1,-24.1,1974,5,"039001",31.2
151.1,-24.1,1974,6,"039001",0
151.1,-24.1,1974,7,"039001",0
151.1,-24.1,1974,8,"039001",44.4
151.1,-24.1,1974,9,"039001",53.2
151.1,-24.1,1974,10,"039001",73.6
151.1,-24.1,1974,11,"039001",112.4
151.1,-24.1,1974,12,"039001",92.4
151.1,-24.1,1975,1,"039001",75.3
151.1,-24.1,1975,2,"039001",119.8
151.1,-24.1,1975,3,"039001",24.2
151.1,-24.1,1975,4,"039001",70.6
151.1,-24.1,1975,5,"039001",0
151.1,-24.1,1975,6,"039001",30.4
151.1,-24.1,1975,7,"039001",20.7
151.1,-24.1,1975,8,"039001",68.4
151.1,-24.1,1975,9,"039001",38.6
151.1,-24.1,1975,10,"039001",136.2
151.1,-24.1,1975,11,"039001",71.6
151.1,-24.1,1975,12,"039001",286.6
151.1,-24.1,1976,1,"039001",144.8
151.1,-24.1,1976,2,"039001",97.2
151.1,-24.1,1976,3,"039001",247
151.1,-24.1,1976,4,"039001",40.6
151.1,-24.1,1976,5,"039001",16
151.1,-24.1,1976,6,"039001",33.2
151.1,-24.1,1976,7,"039001",46
151.1,-24.1,1976,8,"039001",2.1
151.1,-24.1,1976,9,"039001",23
151.1,-24.1,1976,10,"039001",76
151.1,-24.1,1976,11,"039001",140.1
151.1,-24.1,1976,12,"039001",196.2
151.1,-24.1,1977,1,"039001",42.6
151.1,-24.1,1977,2,"039001",137.2
151.1,-24.1,1977,3,"039001",176
151.1,-24.1,1977,4,"039001",3.4
151.1,-24.1,1977,5,"039001",260
151.1,-24.1,1977,6,"039001",0
151.1,-24.1,1977,7,"039001",0.8
151.1,-24.1,1977,8,"039001",5.6
151.1,-24.1,1977,9,"039001",0.6
151.1,-24.1,1977,10,"039001",5
151.1,-24.1,1977,11,"039001",86.2
151.1,-24.1,1977,12,"039001",115.4
151.1,-24.1,1978,1,"039001",469.8
151.1,-24.1,1978,2,"039001",46.4
151.1,-24.1,1978,3,"039001",39
151.1,-24.1,1978,4,"039001",27.8
151.1,-24.1,1978,5,"039001",85.4
151.1,-24.1,1978,6,"039001",69.6
151.1,-24.1,1978,7,"039001",122.4
151.1,-24.1,1978,8,"039001",38.4
151.1,-24.1,1978,9,"039001",58.4
151.1,-24.1,1978,10,"039001",3
151.1,-24.1,1978,11,"039001",216.2
151.1,-24.1,1978,12,"039001",156
151.1,-24.1,1979,1,"039001",139
151.1,-24.1,1979,2,"039001",99.4
151.1,-24.1,1979,3,"039001",118.2
151.1,-24.1,1979,4,"039001",4
151.1,-24.1,1979,5,"039001",5.8
151.1,-24.1,1979,6,"039001",30.8
151.1,-24.1,1979,7,"039001",3
151.1,-24.1,1979,8,"039001",7.2
151.1,-24.1,1979,9,"039001",5
151.1,-24.1,1979,10,"039001",11.6
151.1,-24.1,1979,11,"039001",87.6
151.1,-24.1,1979,12,"039001",47.8
151.1,-24.1,1980,1,"039001",191.6
151.1,-24.1,1980,2,"039001",147.4
151.1,-24.1,1980,3,"039001",8.2
151.1,-24.1,1980,4,"039001",5.6
151.1,-24.1,1980,5,"039001",48.6
151.1,-24.1,1980,6,"039001",9.8
151.1,-24.1,1980,7,"039001",40.8
151.1,-24.1,1980,8,"039001",7
151.1,-24.1,1980,9,"039001",0
151.1,-24.1,1980,10,"039001",37.4
151.1,-24.1,1980,11,"039001",24.2
151.1,-24.1,1980,12,"039001",97.2
151.1,-24.1,1981,1,"039001",109.2
151.1,-24.1,1981,2,"039001",280.2
151.1,-24.1,1981,3,"039001",12
151.1,-24.1,1981,4,"039001",64.8
151.1,-24.1,1981,5,"039001",85.8
151.1,-24.1,1981,6,"039001",33.2
151.1,-24.1,1981,7,"039001",35.2
151.1,-24.1,1981,8,"039001",11.8
151.1,-24.1,1981,9,"039001",0.4
151.1,-24.1,1981,10,"039001",44.6
151.1,-24.1,1981,11,"039001",110
151.1,-24.1,1981,12,"039001",50.4
151.1,-24.1,1982,1,"039001",75
151.1,-24.1,1982,2,"039001",76.4
151.1,-24.1,1982,3,"039001",97.2
151.1,-24.1,1982,4,"039001",6.6
151.1,-24.1,1982,5,"039001",24.4
151.1,-24.1,1982,6,"039001",2
151.1,-24.1,1982,7,"039001",10.8
151.1,-24.1,1982,8,"039001",0
151.1,-24.1,1982,9,"039001",32.6
151.1,-24.1,1982,10,"039001",31.8
151.1,-24.1,1982,11,"039001",0
151.1,-24.1,1982,12,"039001",190.8
151.1,-24.1,1983,1,"039001",177.6
151.1,-24.1,1983,2,"039001",0.8
151.1,-24.1,1983,3,"039001",130
151.1,-24.1,1983,4,"039001",145
151.1,-24.1,1983,5,"039001",261
151.1,-24.1,1983,6,"039001",38.6
151.1,-24.1,1983,7,"039001",18.2
151.1,-24.1,1983,8,"039001",34
151.1,-24.1,1983,9,"039001",11.8
151.1,-24.1,1983,10,"039001",35.6
151.1,-24.1,1983,11,"039001",189.4
151.1,-24.1,1983,12,"039001",31.2
151.1,-24.1,1984,1,"039001",171.2
151.1,-24.1,1984,2,"039001",27.8
151.1,-24.1,1984,3,"039001",45
151.1,-24.1,1984,4,"039001",36.8
151.1,-24.1,1984,5,"039001",0
151.1,-24.1,1984,6,"039001",32.2
151.1,-24.1,1984,7,"039001",86.6
151.1,-24.1,1984,8,"039001",3.4
151.1,-24.1,1984,9,"039001",64.6
151.1,-24.1,1984,10,"039001",44
151.1,-24.1,1984,11,"039001",45.8
151.1,-24.1,1984,12,"039001",234.6
151.1,-24.1,1985,1,"039001",56.8
151.1,-24.1,1985,2,"039001",51
151.1,-24.1,1985,3,"039001",89
151.1,-24.1,1985,4,"039001",38.2
151.1,-24.1,1985,5,"039001",17
151.1,-24.1,1985,6,"039001",91.2
151.1,-24.1,1985,7,"039001",39.4
151.1,-24.1,1985,8,"039001",22
151.1,-24.1,1985,9,"039001",44.6
151.1,-24.1,1985,10,"039001",85.2
151.1,-24.1,1985,11,"039001",29
151.1,-24.1,1985,12,"039001",221.4
151.1,-24.1,1986,1,"039001",51.6
151.1,-24.1,1986,2,"039001",318
151.1,-24.1,1986,3,"039001",0
151.1,-24.1,1986,4,"039001",42
151.1,-24.1,1986,5,"039001",72.4
151.1,-24.1,1986,6,"039001",27.6
151.1,-24.1,1986,7,"039001",24
151.1,-24.1,1986,8,"039001",127.6
151.1,-24.1,1986,9,"039001",72.4
151.1,-24.1,1986,10,"039001",104
151.1,-24.1,1986,11,"039001",50
151.1,-24.1,1986,12,"039001",31.6
151.1,-24.1,1987,1,"039001",140.6
151.1,-24.1,1987,2,"039001",30.2
151.1,-24.1,1987,3,"039001",88.6
151.1,-24.1,1987,4,"039001",51.2
151.1,-24.1,1987,5,"039001",52.2
151.1,-24.1,1987,6,"039001",18
151.1,-24.1,1987,7,"039001",53.8
151.1,-24.1,1987,8,"039001",5.4
151.1,-24.1,1987,9,"039001",2.6
151.1,-24.1,1987,10,"039001",130.8
151.1,-24.1,1987,11,"039001",78.2
151.1,-24.1,1987,12,"039001",69.4
151.1,-24.1,1988,1,"039001",27
151.1,-24.1,1988,2,"039001",61.2
151.1,-24.1,1988,3,"039001",64.2
151.1,-24.1,1988,4,"039001",63.8
151.1,-24.1,1988,5,"039001",79.8
151.1,-24.1,1988,6,"039001",57.4
151.1,-24.1,1988,7,"039001",130.4
151.1,-24.1,1988,8,"039001",80
151.1,-24.1,1988,9,"039001",3.6
151.1,-24.1,1988,10,"039001",29.4
151.1,-24.1,1988,11,"039001",56.8
151.1,-24.1,1988,12,"039001",335
151.1,-24.1,1989,1,"039001",44.6
151.1,-24.1,1989,2,"039001",77.8
151.1,-24.1,1989,3,"039001",73.8
151.1,-24.1,1989,4,"039001",248.2
151.1,-24.1,1989,5,"039001",85.2
151.1,-24.1,1989,6,"039001",19.2
151.1,-24.1,1989,7,"039001",47.8
151.1,-24.1,1989,8,"039001",40.2
151.1,-24.1,1989,9,"039001",1.4
151.1,-24.1,1989,10,"039001",30.2
151.1,-24.1,1989,11,"039001",86
151.1,-24.1,1989,12,"039001",67.4
151.1,-24.1,1990,1,"039001",17.2
151.1,-24.1,1990,2,"039001",7.8
151.1,-24.1,1990,3,"039001",201
151.1,-24.1,1990,4,"039001",193.6
151.1,-24.1,1990,5,"039001",110
151.1,-24.1,1990,6,"039001",12.2
151.1,-24.1,1990,7,"039001",8
151.1,-24.1,1990,8,"039001",4.8
151.1,-24.1,1990,9,"039001",4.8
151.1,-24.1,1990,10,"039001",19.4
151.1,-24.1,1990,11,"039001",18.4
151.1,-24.1,1990,12,"039001",213.8
151.1,-24.1,1991,1,"039001",306.2
151.1,-24.1,1991,2,"039001",97.6
151.1,-24.1,1991,3,"039001",27.2
151.1,-24.1,1991,4,"039001",0
151.1,-24.1,1991,5,"039001",27
151.1,-24.1,1991,6,"039001",7.6
151.1,-24.1,1991,7,"039001",18.2
151.1,-24.1,1991,8,"039001",0
151.1,-24.1,1991,9,"039001",0.2
151.1,-24.1,1991,10,"039001",29.8
151.1,-24.1,1991,11,"039001",88.4
151.1,-24.1,1991,12,"039001",265.4
151.1,-24.1,1992,1,"039001",65.4
151.1,-24.1,1992,2,"039001",308
151.1,-24.1,1992,3,"039001",123.8
151.1,-24.1,1992,4,"039001",36
151.1,-24.1,1992,5,"039001",100.4
151.1,-24.1,1992,6,"039001",7.2
151.1,-24.1,1992,7,"039001",13.4
151.1,-24.1,1992,8,"039001",26.4
151.1,-24.1,1992,9,"039001",108.6
151.1,-24.1,1992,10,"039001",7.4
151.1,-24.1,1992,11,"039001",98.8
151.1,-24.1,1992,12,"039001",75.8
151.1,-24.1,1993,1,"039001",100
151.1,-24.1,1993,2,"039001",40.4
151.1,-24.1,1993,3,"039001",17.8
151.1,-24.1,1993,4,"039001",11.2
151.1,-24.1,1993,5,"039001",32.4
151.1,-24.1,1993,6,"039001",0.6
151.1,-24.1,1993,7,"039001",134.8
151.1,-24.1,1993,8,"039001",64.8
151.1,-24.1,1993,9,"039001",106.4
151.1,-24.1,1993,10,"039001",50
151.1,-24.1,1993,11,"039001",198.6
151.1,-24.1,1993,12,"039001",34
151.1,-24.1,1994,1,"039001",132.4
151.1,-24.1,1994,2,"039001",107.8
151.1,-24.1,1994,3,"039001",122.8
151.1,-24.1,1994,4,"039001",17
151.1,-24.1,1994,5,"039001",18.2
151.1,-24.1,1994,6,"039001",17.6
151.1,-24.1,1994,7,"039001",14
151.1,-24.1,1994,8,"039001",0
151.1,-24.1,1994,9,"039001",5.2
151.1,-24.1,1994,10,"039001",51.4
151.1,-24.1,1994,11,"039001",18.4
151.1,-24.1,1994,12,"039001",53.8
151.1,-24.1,1995,1,"039001",103.2
151.1,-24.1,1995,2,"039001",50.4
151.1,-24.1,1995,3,"039001",38.8
151.1,-24.1,1995,4,"039001",15
151.1,-24.1,1995,5,"039001",40.2
151.1,-24.1,1995,6,"039001",4.6
151.1,-24.1,1995,7,"039001",11.8
151.1,-24.1,1995,8,"039001",44.4
151.1,-24.1,1995,9,"039001",15
151.1,-24.1,1995,10,"039001",68.8
151.1,-24.1,1995,11,"039001",98.8
151.1,-24.1,1995,12,"039001",82.2
151.1,-24.1,1996,1,"039001",274.8
151.1,-24.1,1996,2,"039001",24.2
151.1,-24.1,1996,3,"039001",0
151.1,-24.1,1996,4,"039001",67.2
151.1,-24.1,1996,5,"039001",52.4
151.1,-24.1,1996,6,"039001",14.4
151.1,-24.1,1996,7,"039001",34.4
151.1,-24.1,1996,8,"039001",23.8
151.1,-24.1,1996,9,"039001",56
151.1,-24.1,1996,10,"039001",153.8
151.1,-24.1,1996,11,"039001",42.4
151.1,-24.1,1996,12,"039001",137.5
151.1,-24.1,1997,1,"039001",32.2
151.1,-24.1,1997,2,"039001",110.8
151.1,-24.1,1997,3,"039001",174.4
151.1,-24.1,1997,4,"039001",36
151.1,-24.1,1997,5,"039001",108.2
151.1,-24.1,1997,6,"039001",0.4
151.1,-24.1,1997,7,"039001",18.8
151.1,-24.1,1997,8,"039001",9.6
151.1,-24.1,1997,9,"039001",40.6
151.1,-24.1,1997,10,"039001",14.8
151.1,-24.1,1997,11,"039001",66
151.1,-24.1,1997,12,"039001",43.4
151.1,-24.1,1998,1,"039001",47.4
151.1,-24.1,1998,2,"039001",161.8
151.1,-24.1,1998,3,"039001",1.8
151.1,-24.1,1998,4,"039001",50.2
151.1,-24.1,1998,5,"039001",43.8
151.1,-24.1,1998,6,"039001",18
151.1,-24.1,1998,7,"039001",1
151.1,-24.1,1998,8,"039001",67.6
151.1,-24.1,1998,9,"039001",60.6
151.1,-24.1,1998,10,"039001",60.8
151.1,-24.1,1998,11,"039001",66
151.1,-24.1,1998,12,"039001",31
151.1,-24.1,1999,1,"039001",187.6
151.1,-24.1,1999,2,"039001",131
151.1,-24.1,1999,3,"039001",116.2
151.1,-24.1,1999,4,"039001",25.8
151.1,-24.1,1999,5,"039001",12.8
151.1,-24.1,1999,6,"039001",15.2
151.1,-24.1,1999,7,"039001",42.6
151.1,-24.1,1999,8,"039001",8
151.1,-24.1,1999,9,"039001",15.8
151.1,-24.1,1999,10,"039001",110.4
151.1,-24.1,1999,11,"039001",82
151.1,-24.1,1999,12,"039001",65.6
151.1,-24.1,2000,1,"039001",61.4
151.1,-24.1,2000,2,"039001",61
151.1,-24.1,2000,3,"039001",50.2
151.1,-24.1,2000,4,"039001",28
151.1,-24.1,2000,5,"039001",47.2
151.1,-24.1,2000,6,"039001",46.6
151.1,-24.1,2000,7,"039001",4.8
151.1,-24.1,2000,8,"039001",2.4
151.1,-24.1,2000,9,"039001",0
151.1,-24.1,2000,10,"039001",242.4
151.1,-24.1,2000,11,"039001",126.2
151.1,-24.1,2000,12,"039001",71
151.1,-24.1,2001,1,"039001",32.4
151.1,-24.1,2001,2,"039001",61.4
151.1,-24.1,2001,3,"039001",NA
151.1,-24.1,2001,4,"039001",2.2
151.1,-24.1,2001,5,"039001",9.2
151.1,-24.1,2001,6,"039001",16
151.1,-24.1,2001,7,"039001",11.6
151.1,-24.1,2001,8,"039001",5.8
151.1,-24.1,2001,9,"039001",45.4
151.1,-24.1,2001,10,"039001",54.4
151.1,-24.1,2001,11,"039001",89.6
151.1,-24.1,2001,12,"039001",57.6
151.1,-24.1,2002,1,"039001",149.6
151.1,-24.1,2002,2,"039001",10
151.1,-24.1,2002,3,"039001",2.6
151.1,-24.1,2002,4,"039001",1.6
151.1,-24.1,2002,5,"039001",25.6
151.1,-24.1,2002,6,"039001",91.2
151.1,-24.1,2002,7,"039001",0
151.1,-24.1,2002,8,"039001",78.2
151.1,-24.1,2002,9,"039001",10.4
151.1,-24.1,2002,10,"039001",0
151.1,-24.1,2002,11,"039001",14.6
151.1,-24.1,2002,12,"039001",107.8
151.1,-24.1,2003,1,"039001",0
151.1,-24.1,2003,2,"039001",512.8
151.1,-24.1,2003,3,"039001",25.6
151.1,-24.1,2003,4,"039001",25
151.1,-24.1,2003,5,"039001",13.6
151.1,-24.1,2003,6,"039001",12.4
151.1,-24.1,2003,7,"039001",12.2
151.1,-24.1,2003,8,"039001",69.4
151.1,-24.1,2003,9,"039001",0.4
151.1,-24.1,2003,10,"039001",65.4
151.1,-24.1,2003,11,"039001",28.4
151.1,-24.1,2003,12,"039001",145
151.1,-24.1,2004,1,"039001",246.8
151.1,-24.1,2004,2,"039001",155.4
151.1,-24.1,2004,3,"039001",40
151.1,-24.1,2004,4,"039001",6.8
151.1,-24.1,2004,5,"039001",0.6
151.1,-24.1,2004,6,"039001",0
151.1,-24.1,2004,7,"039001",1.4
151.1,-24.1,2004,8,"039001",0.2
151.1,-24.1,2004,9,"039001",24.4
151.1,-24.1,2004,10,"039001",39.4
151.1,-24.1,2004,11,"039001",63.6
151.1,-24.1,2004,12,"039001",123.6
151.1,-24.1,2005,1,"039001",113.6
151.1,-24.1,2005,2,"039001",104
151.1,-24.1,2005,3,"039001",47.2
151.1,-24.1,2005,4,"039001",5.2
151.1,-24.1,2005,5,"039001",16.4
151.1,-24.1,2005,6,"039001",75.4
151.1,-24.1,2005,7,"039001",0
151.1,-24.1,2005,8,"039001",19
151.1,-24.1,2005,9,"039001",5.2
151.1,-24.1,2005,10,"039001",43.4
151.1,-24.1,2005,11,"039001",86.4
151.1,-24.1,2005,12,"039001",75.8
151.1,-24.1,2006,1,"039001",62
151.1,-24.1,2006,2,"039001",16
151.1,-24.1,2006,3,"039001",67.6
151.1,-24.1,2006,4,"039001",59.8
151.1,-24.1,2006,5,"039001",5.6
151.1,-24.1,2006,6,"039001",NA
151.1,-24.1,2006,7,"039001",36.8
151.1,-24.1,2006,8,"039001",4
151.1,-24.1,2006,9,"039001",36.6
151.1,-24.1,2006,10,"039001",0.8
151.1,-24.1,2006,11,"039001",31.2
151.1,-24.1,2006,12,"039001",37.8
151.1,-24.1,2007,1,"039001",23.8
151.1,-24.1,2007,2,"039001",105.4
151.1,-24.1,2007,3,"039001",14.4
151.1,-24.1,2007,4,"039001",6
151.1,-24.1,2007,5,"039001",10.2
151.1,-24.1,2007,6,"039001",140.4
151.1,-24.1,2007,7,"039001",4.4
151.1,-24.1,2007,8,"039001",27.4
151.1,-24.1,2007,9,"039001",14.8
151.1,-24.1,2007,10,"039001",31.2
151.1,-24.1,2007,11,"039001",56.2
151.1,-24.1,2007,12,"039001",171
151.1,-24.1,2008,1,"039001",48.6
151.1,-24.1,2008,2,"039001",190.6
151.1,-24.1,2008,3,"039001",47.6
151.1,-24.1,2008,4,"039001",8
151.1,-24.1,2008,5,"039001",20
151.1,-24.1,2008,6,"039001",8
151.1,-24.1,2008,7,"039001",69.4
151.1,-24.1,2008,8,"039001",2.2
151.1,-24.1,2008,9,"039001",6.8
151.1,-24.1,2008,10,"039001",32.6
151.1,-24.1,2008,11,"039001",83.6
151.1,-24.1,2008,12,"039001",79.4
151.1,-24.1,2009,1,"039001",184
151.1,-24.1,2009,2,"039001",214
151.1,-24.1,2009,3,"039001",40.6
151.1,-24.1,2009,4,"039001",22.8
151.1,-24.1,2009,5,"039001",8
151.1,-24.1,2009,6,"039001",23.2
151.1,-24.1,2009,7,"039001",0
151.1,-24.1,2009,8,"039001",0
151.1,-24.1,2009,9,"039001",12
151.1,-24.1,2009,10,"039001",11.2
151.1,-24.1,2009,11,"039001",9
151.1,-24.1,2009,12,"039001",NA
