"Lon","Lat","Year","Month","Station","Rain"
145.89,-16.91,1894,1,"031064",NA
145.89,-16.91,1894,2,"031064",NA
145.89,-16.91,1894,3,"031064",NA
145.89,-16.91,1894,4,"031064",NA
145.89,-16.91,1894,5,"031064",NA
145.89,-16.91,1894,6,"031064",NA
145.89,-16.91,1894,7,"031064",NA
145.89,-16.91,1894,8,"031064",NA
145.89,-16.91,1894,9,"031064",NA
145.89,-16.91,1894,10,"031064",NA
145.89,-16.91,1894,11,"031064",454.8
145.89,-16.91,1894,12,"031064",154.5
145.89,-16.91,1895,1,"031064",160.3
145.89,-16.91,1895,2,"031064",608.1
145.89,-16.91,1895,3,"031064",415.6
145.89,-16.91,1895,4,"031064",427.9
145.89,-16.91,1895,5,"031064",182
145.89,-16.91,1895,6,"031064",92.7
145.89,-16.91,1895,7,"031064",33.6
145.89,-16.91,1895,8,"031064",65.9
145.89,-16.91,1895,9,"031064",28.2
145.89,-16.91,1895,10,"031064",66.9
145.89,-16.91,1895,11,"031064",48
145.89,-16.91,1895,12,"031064",158.7
145.89,-16.91,1896,1,"031064",744.8
145.89,-16.91,1896,2,"031064",532.4
145.89,-16.91,1896,3,"031064",904.4
145.89,-16.91,1896,4,"031064",641.6
145.89,-16.91,1896,5,"031064",97.5
145.89,-16.91,1896,6,"031064",5.1
145.89,-16.91,1896,7,"031064",2.1
145.89,-16.91,1896,8,"031064",28.9
145.89,-16.91,1896,9,"031064",59.1
145.89,-16.91,1896,10,"031064",14
145.89,-16.91,1896,11,"031064",250.4
145.89,-16.91,1896,12,"031064",38.4
145.89,-16.91,1897,1,"031064",222
145.89,-16.91,1897,2,"031064",343
145.89,-16.91,1897,3,"031064",321.2
145.89,-16.91,1897,4,"031064",153.3
145.89,-16.91,1897,5,"031064",58.9
145.89,-16.91,1897,6,"031064",279
145.89,-16.91,1897,7,"031064",78.2
145.89,-16.91,1897,8,"031064",49.7
145.89,-16.91,1897,9,"031064",38.5
145.89,-16.91,1897,10,"031064",70.9
145.89,-16.91,1897,11,"031064",95.6
145.89,-16.91,1897,12,"031064",305.5
145.89,-16.91,1898,1,"031064",367.1
145.89,-16.91,1898,2,"031064",276
145.89,-16.91,1898,3,"031064",936.2
145.89,-16.91,1898,4,"031064",270
145.89,-16.91,1898,5,"031064",88.6
145.89,-16.91,1898,6,"031064",20.1
145.89,-16.91,1898,7,"031064",25.1
145.89,-16.91,1898,8,"031064",134.8
145.89,-16.91,1898,9,"031064",0.5
145.89,-16.91,1898,10,"031064",6.6
145.89,-16.91,1898,11,"031064",34.3
145.89,-16.91,1898,12,"031064",101.7
145.89,-16.91,1899,1,"031064",290.2
145.89,-16.91,1899,2,"031064",283.8
145.89,-16.91,1899,3,"031064",830.6
145.89,-16.91,1899,4,"031064",456.8
145.89,-16.91,1899,5,"031064",122.6
145.89,-16.91,1899,6,"031064",25.7
145.89,-16.91,1899,7,"031064",0
145.89,-16.91,1899,8,"031064",44.1
145.89,-16.91,1899,9,"031064",113.4
145.89,-16.91,1899,10,"031064",16.8
145.89,-16.91,1899,11,"031064",25.9
145.89,-16.91,1899,12,"031064",100.9
145.89,-16.91,1900,1,"031064",820.6
145.89,-16.91,1900,2,"031064",61.3
145.89,-16.91,1900,3,"031064",201.6
145.89,-16.91,1900,4,"031064",202.1
145.89,-16.91,1900,5,"031064",173.8
145.89,-16.91,1900,6,"031064",81.3
145.89,-16.91,1900,7,"031064",4.2
145.89,-16.91,1900,8,"031064",3.8
145.89,-16.91,1900,9,"031064",95
145.89,-16.91,1900,10,"031064",42.7
145.89,-16.91,1900,11,"031064",90
145.89,-16.91,1900,12,"031064",192.3
145.89,-16.91,1901,1,"031064",389.4
145.89,-16.91,1901,2,"031064",582.2
145.89,-16.91,1901,3,"031064",367.9
145.89,-16.91,1901,4,"031064",397.9
145.89,-16.91,1901,5,"031064",397.4
145.89,-16.91,1901,6,"031064",27.7
145.89,-16.91,1901,7,"031064",28.4
145.89,-16.91,1901,8,"031064",63.1
145.89,-16.91,1901,9,"031064",45
145.89,-16.91,1901,10,"031064",19.2
145.89,-16.91,1901,11,"031064",155.6
145.89,-16.91,1901,12,"031064",41.2
145.89,-16.91,1902,1,"031064",129
145.89,-16.91,1902,2,"031064",467.4
145.89,-16.91,1902,3,"031064",NA
145.89,-16.91,1902,4,"031064",NA
145.89,-16.91,1902,5,"031064",NA
145.89,-16.91,1902,6,"031064",NA
145.89,-16.91,1902,7,"031064",NA
145.89,-16.91,1902,8,"031064",NA
145.89,-16.91,1902,9,"031064",NA
145.89,-16.91,1902,10,"031064",NA
145.89,-16.91,1902,11,"031064",NA
145.89,-16.91,1902,12,"031064",NA
145.89,-16.91,1906,1,"031064",NA
145.89,-16.91,1906,2,"031064",NA
145.89,-16.91,1906,3,"031064",NA
145.89,-16.91,1906,4,"031064",NA
145.89,-16.91,1906,5,"031064",NA
145.89,-16.91,1906,6,"031064",NA
145.89,-16.91,1906,7,"031064",NA
145.89,-16.91,1906,8,"031064",NA
145.89,-16.91,1906,9,"031064",118.6
145.89,-16.91,1906,10,"031064",36.3
145.89,-16.91,1906,11,"031064",343.8
145.89,-16.91,1906,12,"031064",415.5
145.89,-16.91,1907,1,"031064",528.7
145.89,-16.91,1907,2,"031064",515.8
145.89,-16.91,1907,3,"031064",138.5
145.89,-16.91,1907,4,"031064",127
145.89,-16.91,1907,5,"031064",335.3
145.89,-16.91,1907,6,"031064",103.9
145.89,-16.91,1907,7,"031064",2.3
145.89,-16.91,1907,8,"031064",42.7
145.89,-16.91,1907,9,"031064",24.7
145.89,-16.91,1907,10,"031064",61.5
145.89,-16.91,1907,11,"031064",139.4
145.89,-16.91,1907,12,"031064",971
145.89,-16.91,1908,1,"031064",1020.7
145.89,-16.91,1908,2,"031064",228.6
145.89,-16.91,1908,3,"031064",973.4
145.89,-16.91,1908,4,"031064",162.7
145.89,-16.91,1908,5,"031064",155
145.89,-16.91,1908,6,"031064",27.6
145.89,-16.91,1908,7,"031064",260.8
145.89,-16.91,1908,8,"031064",102.1
145.89,-16.91,1908,9,"031064",36.1
145.89,-16.91,1908,10,"031064",133.4
145.89,-16.91,1908,11,"031064",103.7
145.89,-16.91,1908,12,"031064",76.5
145.89,-16.91,1909,1,"031064",848.2
145.89,-16.91,1909,2,"031064",137.7
145.89,-16.91,1909,3,"031064",558.1
145.89,-16.91,1909,4,"031064",194.8
145.89,-16.91,1909,5,"031064",37.3
145.89,-16.91,1909,6,"031064",93.2
145.89,-16.91,1909,7,"031064",27
145.89,-16.91,1909,8,"031064",84.3
145.89,-16.91,1909,9,"031064",1.8
145.89,-16.91,1909,10,"031064",81
145.89,-16.91,1909,11,"031064",214.2
145.89,-16.91,1909,12,"031064",627.4
145.89,-16.91,1910,1,"031064",702.6
145.89,-16.91,1910,2,"031064",796.9
145.89,-16.91,1910,3,"031064",578
145.89,-16.91,1910,4,"031064",503.8
145.89,-16.91,1910,5,"031064",180.7
145.89,-16.91,1910,6,"031064",281.1
145.89,-16.91,1910,7,"031064",0
145.89,-16.91,1910,8,"031064",0
145.89,-16.91,1910,9,"031064",46.2
145.89,-16.91,1910,10,"031064",50.9
145.89,-16.91,1910,11,"031064",139
145.89,-16.91,1910,12,"031064",226.4
145.89,-16.91,1911,1,"031064",870
145.89,-16.91,1911,2,"031064",450.8
145.89,-16.91,1911,3,"031064",873.1
145.89,-16.91,1911,4,"031064",1583
145.89,-16.91,1911,5,"031064",69.7
145.89,-16.91,1911,6,"031064",62.6
145.89,-16.91,1911,7,"031064",63.2
145.89,-16.91,1911,8,"031064",4.6
145.89,-16.91,1911,9,"031064",0
145.89,-16.91,1911,10,"031064",9
145.89,-16.91,1911,11,"031064",28.6
145.89,-16.91,1911,12,"031064",25.5
145.89,-16.91,1912,1,"031064",200.7
145.89,-16.91,1912,2,"031064",413.9
145.89,-16.91,1912,3,"031064",624.5
145.89,-16.91,1912,4,"031064",194.6
145.89,-16.91,1912,5,"031064",197.7
145.89,-16.91,1912,6,"031064",268.5
145.89,-16.91,1912,7,"031064",14.2
145.89,-16.91,1912,8,"031064",75.1
145.89,-16.91,1912,9,"031064",16.6
145.89,-16.91,1912,10,"031064",14.5
145.89,-16.91,1912,11,"031064",76.6
145.89,-16.91,1912,12,"031064",31.8
145.89,-16.91,1913,1,"031064",827.2
145.89,-16.91,1913,2,"031064",683.8
145.89,-16.91,1913,3,"031064",784.1
145.89,-16.91,1913,4,"031064",173.2
145.89,-16.91,1913,5,"031064",191
145.89,-16.91,1913,6,"031064",15.7
145.89,-16.91,1913,7,"031064",0
145.89,-16.91,1913,8,"031064",6.4
145.89,-16.91,1913,9,"031064",46.3
145.89,-16.91,1913,10,"031064",118.3
145.89,-16.91,1913,11,"031064",3.3
145.89,-16.91,1913,12,"031064",307.5
145.89,-16.91,1914,1,"031064",560.5
145.89,-16.91,1914,2,"031064",500.9
145.89,-16.91,1914,3,"031064",412.8
145.89,-16.91,1914,4,"031064",416
145.89,-16.91,1914,5,"031064",219.9
145.89,-16.91,1914,6,"031064",88.5
145.89,-16.91,1914,7,"031064",17
145.89,-16.91,1914,8,"031064",214
145.89,-16.91,1914,9,"031064",118.9
145.89,-16.91,1914,10,"031064",100.6
145.89,-16.91,1914,11,"031064",80.8
145.89,-16.91,1914,12,"031064",81.3
145.89,-16.91,1915,1,"031064",155.4
145.89,-16.91,1915,2,"031064",166.4
145.89,-16.91,1915,3,"031064",116.6
145.89,-16.91,1915,4,"031064",146.4
145.89,-16.91,1915,5,"031064",80.9
145.89,-16.91,1915,6,"031064",139.5
145.89,-16.91,1915,7,"031064",113.1
145.89,-16.91,1915,8,"031064",7.6
145.89,-16.91,1915,9,"031064",0
145.89,-16.91,1915,10,"031064",37.3
145.89,-16.91,1915,11,"031064",0
145.89,-16.91,1915,12,"031064",230.5
145.89,-16.91,1916,1,"031064",1488.5
145.89,-16.91,1916,2,"031064",74.5
145.89,-16.91,1916,3,"031064",346.4
145.89,-16.91,1916,4,"031064",105
145.89,-16.91,1916,5,"031064",172.9
145.89,-16.91,1916,6,"031064",21.7
145.89,-16.91,1916,7,"031064",66.7
145.89,-16.91,1916,8,"031064",51.2
145.89,-16.91,1916,9,"031064",81.7
145.89,-16.91,1916,10,"031064",158.5
145.89,-16.91,1916,11,"031064",401.8
145.89,-16.91,1916,12,"031064",437.1
145.89,-16.91,1917,1,"031064",181.9
145.89,-16.91,1917,2,"031064",205.5
145.89,-16.91,1917,3,"031064",200.3
145.89,-16.91,1917,4,"031064",67.2
145.89,-16.91,1917,5,"031064",96.3
145.89,-16.91,1917,6,"031064",23.1
145.89,-16.91,1917,7,"031064",NA
145.89,-16.91,1917,8,"031064",NA
145.89,-16.91,1917,9,"031064",NA
145.89,-16.91,1917,10,"031064",NA
145.89,-16.91,1917,11,"031064",NA
145.89,-16.91,1917,12,"031064",NA
145.89,-16.91,1918,1,"031064",NA
145.89,-16.91,1918,2,"031064",NA
145.89,-16.91,1918,3,"031064",NA
145.89,-16.91,1918,4,"031064",NA
145.89,-16.91,1918,5,"031064",NA
145.89,-16.91,1918,6,"031064",NA
145.89,-16.91,1918,7,"031064",NA
145.89,-16.91,1918,8,"031064",NA
145.89,-16.91,1918,9,"031064",5.5
145.89,-16.91,1918,10,"031064",0
145.89,-16.91,1918,11,"031064",50.8
145.89,-16.91,1918,12,"031064",140.4
145.89,-16.91,1919,1,"031064",295.9
145.89,-16.91,1919,2,"031064",205
145.89,-16.91,1919,3,"031064",39.8
145.89,-16.91,1919,4,"031064",325.1
145.89,-16.91,1919,5,"031064",158.5
145.89,-16.91,1919,6,"031064",67.2
145.89,-16.91,1919,7,"031064",0
145.89,-16.91,1919,8,"031064",6.9
145.89,-16.91,1919,9,"031064",11
145.89,-16.91,1919,10,"031064",1.8
145.89,-16.91,1919,11,"031064",5.4
145.89,-16.91,1919,12,"031064",11.2
145.89,-16.91,1920,1,"031064",155.6
145.89,-16.91,1920,2,"031064",406
145.89,-16.91,1920,3,"031064",217.7
145.89,-16.91,1920,4,"031064",486.1
145.89,-16.91,1920,5,"031064",367.6
145.89,-16.91,1920,6,"031064",72.5
145.89,-16.91,1920,7,"031064",49.5
145.89,-16.91,1920,8,"031064",26.7
145.89,-16.91,1920,9,"031064",42.9
145.89,-16.91,1920,10,"031064",71.4
145.89,-16.91,1920,11,"031064",117.2
145.89,-16.91,1920,12,"031064",184.4
145.89,-16.91,1921,1,"031064",455.5
145.89,-16.91,1921,2,"031064",499.7
145.89,-16.91,1921,3,"031064",1075.2
145.89,-16.91,1921,4,"031064",473.7
145.89,-16.91,1921,5,"031064",177.1
145.89,-16.91,1921,6,"031064",167
145.89,-16.91,1921,7,"031064",31
145.89,-16.91,1921,8,"031064",13
145.89,-16.91,1921,9,"031064",32.5
145.89,-16.91,1921,10,"031064",35.9
145.89,-16.91,1921,11,"031064",23.3
145.89,-16.91,1921,12,"031064",411.5
145.89,-16.91,1922,1,"031064",384.8
145.89,-16.91,1922,2,"031064",788.2
145.89,-16.91,1922,3,"031064",296.4
145.89,-16.91,1922,4,"031064",372.3
145.89,-16.91,1922,5,"031064",51
145.89,-16.91,1922,6,"031064",159.2
145.89,-16.91,1922,7,"031064",55.7
145.89,-16.91,1922,8,"031064",47.3
145.89,-16.91,1922,9,"031064",7.7
145.89,-16.91,1922,10,"031064",18.5
145.89,-16.91,1922,11,"031064",13.5
145.89,-16.91,1922,12,"031064",72
145.89,-16.91,1923,1,"031064",149.5
145.89,-16.91,1923,2,"031064",288.2
145.89,-16.91,1923,3,"031064",607.8
145.89,-16.91,1923,4,"031064",225.6
145.89,-16.91,1923,5,"031064",2.5
145.89,-16.91,1923,6,"031064",40.4
145.89,-16.91,1923,7,"031064",25.1
145.89,-16.91,1923,8,"031064",36.3
145.89,-16.91,1923,9,"031064",6.6
145.89,-16.91,1923,10,"031064",0
145.89,-16.91,1923,11,"031064",12.7
145.89,-16.91,1923,12,"031064",192.9
145.89,-16.91,1924,1,"031064",150.7
145.89,-16.91,1924,2,"031064",422.7
145.89,-16.91,1924,3,"031064",531.4
145.89,-16.91,1924,4,"031064",707.4
145.89,-16.91,1924,5,"031064",247.3
145.89,-16.91,1924,6,"031064",13.8
145.89,-16.91,1924,7,"031064",184
145.89,-16.91,1924,8,"031064",111.1
145.89,-16.91,1924,9,"031064",63.4
145.89,-16.91,1924,10,"031064",0
145.89,-16.91,1924,11,"031064",172.2
145.89,-16.91,1924,12,"031064",401.1
145.89,-16.91,1925,1,"031064",220.9
145.89,-16.91,1925,2,"031064",446
145.89,-16.91,1925,3,"031064",946.2
145.89,-16.91,1925,4,"031064",298.3
145.89,-16.91,1925,5,"031064",4.6
145.89,-16.91,1925,6,"031064",228.4
145.89,-16.91,1925,7,"031064",13.2
145.89,-16.91,1925,8,"031064",88.1
145.89,-16.91,1925,9,"031064",51.3
145.89,-16.91,1925,10,"031064",6.9
145.89,-16.91,1925,11,"031064",82.4
145.89,-16.91,1925,12,"031064",48.5
145.89,-16.91,1926,1,"031064",652.3
145.89,-16.91,1926,2,"031064",103.3
145.89,-16.91,1926,3,"031064",294.5
145.89,-16.91,1926,4,"031064",284.8
145.89,-16.91,1926,5,"031064",111.8
145.89,-16.91,1926,6,"031064",48.2
145.89,-16.91,1926,7,"031064",5.6
145.89,-16.91,1926,8,"031064",65.7
145.89,-16.91,1926,9,"031064",239.8
145.89,-16.91,1926,10,"031064",0
145.89,-16.91,1926,11,"031064",32.9
145.89,-16.91,1926,12,"031064",155.5
145.89,-16.91,1927,1,"031064",532.3
145.89,-16.91,1927,2,"031064",1021.9
145.89,-16.91,1927,3,"031064",371.3
145.89,-16.91,1927,4,"031064",325.4
145.89,-16.91,1927,5,"031064",55.7
145.89,-16.91,1927,6,"031064",79
145.89,-16.91,1927,7,"031064",93.2
145.89,-16.91,1927,8,"031064",1.3
145.89,-16.91,1927,9,"031064",34
145.89,-16.91,1927,10,"031064",42.5
145.89,-16.91,1927,11,"031064",17.4
145.89,-16.91,1927,12,"031064",227.4
145.89,-16.91,1928,1,"031064",152.2
145.89,-16.91,1928,2,"031064",542.7
145.89,-16.91,1928,3,"031064",659.9
145.89,-16.91,1928,4,"031064",55.9
145.89,-16.91,1928,5,"031064",82.8
145.89,-16.91,1928,6,"031064",16.5
145.89,-16.91,1928,7,"031064",43.7
145.89,-16.91,1928,8,"031064",36.4
145.89,-16.91,1928,9,"031064",2.1
145.89,-16.91,1928,10,"031064",3.3
145.89,-16.91,1928,11,"031064",258.1
145.89,-16.91,1928,12,"031064",119
145.89,-16.91,1929,1,"031064",630.7
145.89,-16.91,1929,2,"031064",807.4
145.89,-16.91,1929,3,"031064",841.1
145.89,-16.91,1929,4,"031064",136.1
145.89,-16.91,1929,5,"031064",53.5
145.89,-16.91,1929,6,"031064",65.5
145.89,-16.91,1929,7,"031064",20.1
145.89,-16.91,1929,8,"031064",42.5
145.89,-16.91,1929,9,"031064",41.7
145.89,-16.91,1929,10,"031064",1.8
145.89,-16.91,1929,11,"031064",29.8
145.89,-16.91,1929,12,"031064",167.2
145.89,-16.91,1930,1,"031064",885.6
145.89,-16.91,1930,2,"031064",382.6
145.89,-16.91,1930,3,"031064",535.2
145.89,-16.91,1930,4,"031064",113.7
145.89,-16.91,1930,5,"031064",298.1
145.89,-16.91,1930,6,"031064",80
145.89,-16.91,1930,7,"031064",81.8
145.89,-16.91,1930,8,"031064",8.2
145.89,-16.91,1930,9,"031064",47.5
145.89,-16.91,1930,10,"031064",421.5
145.89,-16.91,1930,11,"031064",35.1
145.89,-16.91,1930,12,"031064",179.7
145.89,-16.91,1931,1,"031064",485.3
145.89,-16.91,1931,2,"031064",306.4
145.89,-16.91,1931,3,"031064",204.5
145.89,-16.91,1931,4,"031064",216.5
145.89,-16.91,1931,5,"031064",117.4
145.89,-16.91,1931,6,"031064",172.4
145.89,-16.91,1931,7,"031064",42.4
145.89,-16.91,1931,8,"031064",47.8
145.89,-16.91,1931,9,"031064",29.2
145.89,-16.91,1931,10,"031064",161.4
145.89,-16.91,1931,11,"031064",87.1
145.89,-16.91,1931,12,"031064",769.2
145.89,-16.91,1932,1,"031064",642.1
145.89,-16.91,1932,2,"031064",112.1
145.89,-16.91,1932,3,"031064",546.8
145.89,-16.91,1932,4,"031064",60.7
145.89,-16.91,1932,5,"031064",353.2
145.89,-16.91,1932,6,"031064",33.8
145.89,-16.91,1932,7,"031064",36
145.89,-16.91,1932,8,"031064",106.7
145.89,-16.91,1932,9,"031064",23.3
145.89,-16.91,1932,10,"031064",12
145.89,-16.91,1932,11,"031064",23
145.89,-16.91,1932,12,"031064",538.9
145.89,-16.91,1933,1,"031064",130
145.89,-16.91,1933,2,"031064",1056.5
145.89,-16.91,1933,3,"031064",363.9
145.89,-16.91,1933,4,"031064",544.8
145.89,-16.91,1933,5,"031064",145.1
145.89,-16.91,1933,6,"031064",144.6
145.89,-16.91,1933,7,"031064",28.7
145.89,-16.91,1933,8,"031064",108.3
145.89,-16.91,1933,9,"031064",118.1
145.89,-16.91,1933,10,"031064",136.8
145.89,-16.91,1933,11,"031064",322.7
145.89,-16.91,1933,12,"031064",402.4
145.89,-16.91,1934,1,"031064",668.5
145.89,-16.91,1934,2,"031064",612.9
145.89,-16.91,1934,3,"031064",650.3
145.89,-16.91,1934,4,"031064",672.9
145.89,-16.91,1934,5,"031064",193.4
145.89,-16.91,1934,6,"031064",58.1
145.89,-16.91,1934,7,"031064",42.6
145.89,-16.91,1934,8,"031064",10.6
145.89,-16.91,1934,9,"031064",52.7
145.89,-16.91,1934,10,"031064",26.4
145.89,-16.91,1934,11,"031064",84.2
145.89,-16.91,1934,12,"031064",16
145.89,-16.91,1935,1,"031064",170.5
145.89,-16.91,1935,2,"031064",508.5
145.89,-16.91,1935,3,"031064",1263.2
145.89,-16.91,1935,4,"031064",110.5
145.89,-16.91,1935,5,"031064",266.7
145.89,-16.91,1935,6,"031064",107.2
145.89,-16.91,1935,7,"031064",27.7
145.89,-16.91,1935,8,"031064",108
145.89,-16.91,1935,9,"031064",1.8
145.89,-16.91,1935,10,"031064",207.3
145.89,-16.91,1935,11,"031064",50.5
145.89,-16.91,1935,12,"031064",18.3
145.89,-16.91,1936,1,"031064",421
145.89,-16.91,1936,2,"031064",864.9
145.89,-16.91,1936,3,"031064",480.7
145.89,-16.91,1936,4,"031064",315.9
145.89,-16.91,1936,5,"031064",191.2
145.89,-16.91,1936,6,"031064",225.8
145.89,-16.91,1936,7,"031064",54.9
145.89,-16.91,1936,8,"031064",4.5
145.89,-16.91,1936,9,"031064",128.2
145.89,-16.91,1936,10,"031064",5.9
145.89,-16.91,1936,11,"031064",88.6
145.89,-16.91,1936,12,"031064",354.6
145.89,-16.91,1937,1,"031064",242.2
145.89,-16.91,1937,2,"031064",241.4
145.89,-16.91,1937,3,"031064",616.8
145.89,-16.91,1937,4,"031064",338.8
145.89,-16.91,1937,5,"031064",87
145.89,-16.91,1937,6,"031064",40.4
145.89,-16.91,1937,7,"031064",131
145.89,-16.91,1937,8,"031064",77.2
145.89,-16.91,1937,9,"031064",26.7
145.89,-16.91,1937,10,"031064",8.6
145.89,-16.91,1937,11,"031064",132.1
145.89,-16.91,1937,12,"031064",53.8
145.89,-16.91,1938,1,"031064",564.9
145.89,-16.91,1938,2,"031064",385.3
145.89,-16.91,1938,3,"031064",91.9
145.89,-16.91,1938,4,"031064",32.5
145.89,-16.91,1938,5,"031064",124.2
145.89,-16.91,1938,6,"031064",77.8
145.89,-16.91,1938,7,"031064",70.9
145.89,-16.91,1938,8,"031064",64.3
145.89,-16.91,1938,9,"031064",30.8
145.89,-16.91,1938,10,"031064",60.5
145.89,-16.91,1938,11,"031064",82.3
145.89,-16.91,1938,12,"031064",27.5
145.89,-16.91,1939,1,"031064",696.1
145.89,-16.91,1939,2,"031064",1038.3
145.89,-16.91,1939,3,"031064",997.4
145.89,-16.91,1939,4,"031064",405.9
145.89,-16.91,1939,5,"031064",86.2
145.89,-16.91,1939,6,"031064",112.9
145.89,-16.91,1939,7,"031064",31.1
145.89,-16.91,1939,8,"031064",19.1
145.89,-16.91,1939,9,"031064",42.7
145.89,-16.91,1939,10,"031064",18.6
145.89,-16.91,1939,11,"031064",81.1
145.89,-16.91,1939,12,"031064",61.1
145.89,-16.91,1940,1,"031064",374.3
145.89,-16.91,1940,2,"031064",390.1
145.89,-16.91,1940,3,"031064",1089.5
145.89,-16.91,1940,4,"031064",251.9
145.89,-16.91,1940,5,"031064",95.2
145.89,-16.91,1940,6,"031064",163.4
145.89,-16.91,1940,7,"031064",50.6
145.89,-16.91,1940,8,"031064",11.7
145.89,-16.91,1940,9,"031064",10.2
145.89,-16.91,1940,10,"031064",55.4
145.89,-16.91,1940,11,"031064",13.2
145.89,-16.91,1940,12,"031064",38.9
145.89,-16.91,1941,1,"031064",351.1
145.89,-16.91,1941,2,"031064",938.7
145.89,-16.91,1941,3,"031064",534.4
145.89,-16.91,1941,4,"031064",734.6
145.89,-16.91,1941,5,"031064",248.4
145.89,-16.91,1941,6,"031064",18.3
145.89,-16.91,1941,7,"031064",26.7
145.89,-16.91,1941,8,"031064",49.6
145.89,-16.91,1941,9,"031064",16.3
145.89,-16.91,1941,10,"031064",4
145.89,-16.91,1941,11,"031064",161.1
145.89,-16.91,1941,12,"031064",133.1
145.89,-16.91,1942,1,"031064",169.7
145.89,-16.91,1942,2,"031064",304.1
145.89,-16.91,1942,3,"031064",209.9
145.89,-16.91,1942,4,"031064",363.6
145.89,-16.91,1942,5,"031064",153.8
145.89,-16.91,1942,6,"031064",224.7
145.89,-16.91,1942,7,"031064",49.4
145.89,-16.91,1942,8,"031064",34.8
145.89,-16.91,1942,9,"031064",110.7
145.89,-16.91,1942,10,"031064",13.4
145.89,-16.91,1942,11,"031064",74
145.89,-16.91,1942,12,"031064",553.6
145.89,-16.91,1943,1,"031064",164.7
145.89,-16.91,1943,2,"031064",1130
145.89,-16.91,1943,3,"031064",274.2
145.89,-16.91,1943,4,"031064",134.6
145.89,-16.91,1943,5,"031064",92
145.89,-16.91,1943,6,"031064",35.5
145.89,-16.91,1943,7,"031064",7.5
145.89,-16.91,1943,8,"031064",9.1
145.89,-16.91,1943,9,"031064",72.2
145.89,-16.91,1943,10,"031064",112.1
145.89,-16.91,1943,11,"031064",19.9
145.89,-16.91,1943,12,"031064",54.5
145.89,-16.91,1944,1,"031064",150.3
145.89,-16.91,1944,2,"031064",836.8
145.89,-16.91,1944,3,"031064",441.7
145.89,-16.91,1944,4,"031064",96.8
145.89,-16.91,1944,5,"031064",21.6
145.89,-16.91,1944,6,"031064",188
145.89,-16.91,1944,7,"031064",91.3
145.89,-16.91,1944,8,"031064",51.7
145.89,-16.91,1944,9,"031064",169.8
145.89,-16.91,1944,10,"031064",43.1
145.89,-16.91,1944,11,"031064",21.6
145.89,-16.91,1944,12,"031064",165.5
145.89,-16.91,1945,1,"031064",726
145.89,-16.91,1945,2,"031064",787.6
145.89,-16.91,1945,3,"031064",1201.8
145.89,-16.91,1945,4,"031064",231.5
145.89,-16.91,1945,5,"031064",241.7
145.89,-16.91,1945,6,"031064",111.9
145.89,-16.91,1945,7,"031064",119.8
145.89,-16.91,1945,8,"031064",11.7
145.89,-16.91,1945,9,"031064",30.5
145.89,-16.91,1945,10,"031064",63.5
145.89,-16.91,1945,11,"031064",93.6
145.89,-16.91,1945,12,"031064",272.8
145.89,-16.91,1946,1,"031064",381.4
145.89,-16.91,1946,2,"031064",600.6
145.89,-16.91,1946,3,"031064",171.6
145.89,-16.91,1946,4,"031064",49.6
145.89,-16.91,1946,5,"031064",104.2
145.89,-16.91,1946,6,"031064",32.6
145.89,-16.91,1946,7,"031064",31.1
145.89,-16.91,1946,8,"031064",2.6
145.89,-16.91,1946,9,"031064",5.1
145.89,-16.91,1946,10,"031064",7.4
145.89,-16.91,1946,11,"031064",43.5
145.89,-16.91,1946,12,"031064",68.6
145.89,-16.91,1947,1,"031064",41.1
145.89,-16.91,1947,2,"031064",391.4
145.89,-16.91,1947,3,"031064",441.6
145.89,-16.91,1947,4,"031064",133.7
145.89,-16.91,1947,5,"031064",208.2
145.89,-16.91,1947,6,"031064",111.2
145.89,-16.91,1947,7,"031064",37.4
145.89,-16.91,1947,8,"031064",165
145.89,-16.91,1947,9,"031064",77.9
145.89,-16.91,1947,10,"031064",41.5
145.89,-16.91,1947,11,"031064",178.8
145.89,-16.91,1947,12,"031064",36.5
145.89,-16.91,1948,1,"031064",608.1
145.89,-16.91,1948,2,"031064",281.9
145.89,-16.91,1948,3,"031064",262.1
145.89,-16.91,1948,4,"031064",110.4
145.89,-16.91,1948,5,"031064",81.3
145.89,-16.91,1948,6,"031064",158.2
145.89,-16.91,1948,7,"031064",115.6
145.89,-16.91,1948,8,"031064",66.1
145.89,-16.91,1948,9,"031064",0.8
145.89,-16.91,1948,10,"031064",4
145.89,-16.91,1948,11,"031064",23.8
145.89,-16.91,1948,12,"031064",210.9
145.89,-16.91,1949,1,"031064",440.4
145.89,-16.91,1949,2,"031064",422.6
145.89,-16.91,1949,3,"031064",953.1
145.89,-16.91,1949,4,"031064",516.4
145.89,-16.91,1949,5,"031064",159.6
145.89,-16.91,1949,6,"031064",21.9
145.89,-16.91,1949,7,"031064",25.4
145.89,-16.91,1949,8,"031064",76.3
145.89,-16.91,1949,9,"031064",45.7
145.89,-16.91,1949,10,"031064",19.7
145.89,-16.91,1949,11,"031064",103
145.89,-16.91,1949,12,"031064",99.9
145.89,-16.91,1950,1,"031064",632.3
145.89,-16.91,1950,2,"031064",401
145.89,-16.91,1950,3,"031064",760.1
145.89,-16.91,1950,4,"031064",627.2
145.89,-16.91,1950,5,"031064",54.7
145.89,-16.91,1950,6,"031064",84.7
145.89,-16.91,1950,7,"031064",119.2
145.89,-16.91,1950,8,"031064",17.8
145.89,-16.91,1950,9,"031064",71.9
145.89,-16.91,1950,10,"031064",50.3
145.89,-16.91,1950,11,"031064",311.1
145.89,-16.91,1950,12,"031064",667.1
145.89,-16.91,1951,1,"031064",557.7
145.89,-16.91,1951,2,"031064",215.4
145.89,-16.91,1951,3,"031064",168.9
145.89,-16.91,1951,4,"031064",58.4
145.89,-16.91,1951,5,"031064",102.1
145.89,-16.91,1951,6,"031064",65.3
145.89,-16.91,1951,7,"031064",57
145.89,-16.91,1951,8,"031064",24.4
145.89,-16.91,1951,9,"031064",180.4
145.89,-16.91,1951,10,"031064",70.9
145.89,-16.91,1951,11,"031064",150.8
145.89,-16.91,1951,12,"031064",54.4
145.89,-16.91,1952,1,"031064",1020.1
145.89,-16.91,1952,2,"031064",227.5
145.89,-16.91,1952,3,"031064",303.1
145.89,-16.91,1952,4,"031064",215.4
145.89,-16.91,1952,5,"031064",239
145.89,-16.91,1952,6,"031064",36.9
145.89,-16.91,1952,7,"031064",33.2
145.89,-16.91,1952,8,"031064",94
145.89,-16.91,1952,9,"031064",42.7
145.89,-16.91,1952,10,"031064",57.8
145.89,-16.91,1952,11,"031064",134.9
145.89,-16.91,1952,12,"031064",139
145.89,-16.91,1953,1,"031064",1003.3
145.89,-16.91,1953,2,"031064",440.3
145.89,-16.91,1953,3,"031064",860.3
145.89,-16.91,1953,4,"031064",208.8
145.89,-16.91,1953,5,"031064",97
145.89,-16.91,1953,6,"031064",41.2
145.89,-16.91,1953,7,"031064",103.9
145.89,-16.91,1953,8,"031064",55.5
145.89,-16.91,1953,9,"031064",174.3
145.89,-16.91,1953,10,"031064",28.9
145.89,-16.91,1953,11,"031064",104.6
145.89,-16.91,1953,12,"031064",133.7
145.89,-16.91,1954,1,"031064",549.2
145.89,-16.91,1954,2,"031064",552.3
145.89,-16.91,1954,3,"031064",370.8
145.89,-16.91,1954,4,"031064",369.8
145.89,-16.91,1954,5,"031064",149.8
145.89,-16.91,1954,6,"031064",118
145.89,-16.91,1954,7,"031064",31.2
145.89,-16.91,1954,8,"031064",189.5
145.89,-16.91,1954,9,"031064",22.7
145.89,-16.91,1954,10,"031064",127.9
145.89,-16.91,1954,11,"031064",48.4
145.89,-16.91,1954,12,"031064",60.1
145.89,-16.91,1955,1,"031064",139.2
145.89,-16.91,1955,2,"031064",1200.5
145.89,-16.91,1955,3,"031064",648.3
145.89,-16.91,1955,4,"031064",396.5
145.89,-16.91,1955,5,"031064",286.7
145.89,-16.91,1955,6,"031064",266.4
145.89,-16.91,1955,7,"031064",26.1
145.89,-16.91,1955,8,"031064",65
145.89,-16.91,1955,9,"031064",92.3
145.89,-16.91,1955,10,"031064",114.8
145.89,-16.91,1955,11,"031064",257.2
145.89,-16.91,1955,12,"031064",188.5
145.89,-16.91,1956,1,"031064",618.8
145.89,-16.91,1956,2,"031064",225
145.89,-16.91,1956,3,"031064",399.7
145.89,-16.91,1956,4,"031064",303.5
145.89,-16.91,1956,5,"031064",70.4
145.89,-16.91,1956,6,"031064",60.1
145.89,-16.91,1956,7,"031064",29.6
145.89,-16.91,1956,8,"031064",50.6
145.89,-16.91,1956,9,"031064",84.9
145.89,-16.91,1956,10,"031064",64
145.89,-16.91,1956,11,"031064",65.3
145.89,-16.91,1956,12,"031064",395.1
145.89,-16.91,1957,1,"031064",898.2
145.89,-16.91,1957,2,"031064",411.1
145.89,-16.91,1957,3,"031064",472.9
145.89,-16.91,1957,4,"031064",320.7
145.89,-16.91,1957,5,"031064",223.8
145.89,-16.91,1957,6,"031064",204.8
145.89,-16.91,1957,7,"031064",70.8
145.89,-16.91,1957,8,"031064",21.1
145.89,-16.91,1957,9,"031064",2.3
145.89,-16.91,1957,10,"031064",31.2
145.89,-16.91,1957,11,"031064",37.8
145.89,-16.91,1957,12,"031064",122.7
145.89,-16.91,1958,1,"031064",710.5
145.89,-16.91,1958,2,"031064",702.2
145.89,-16.91,1958,3,"031064",467.9
145.89,-16.91,1958,4,"031064",410.3
145.89,-16.91,1958,5,"031064",217.9
145.89,-16.91,1958,6,"031064",36.6
145.89,-16.91,1958,7,"031064",3.8
145.89,-16.91,1958,8,"031064",47.6
145.89,-16.91,1958,9,"031064",18.8
145.89,-16.91,1958,10,"031064",2
145.89,-16.91,1958,11,"031064",135.8
145.89,-16.91,1958,12,"031064",67.1
145.89,-16.91,1959,1,"031064",539.1
145.89,-16.91,1959,2,"031064",542.6
145.89,-16.91,1959,3,"031064",1274.3
145.89,-16.91,1959,4,"031064",243.5
145.89,-16.91,1959,5,"031064",211.1
145.89,-16.91,1959,6,"031064",124.8
145.89,-16.91,1959,7,"031064",91.5
145.89,-16.91,1959,8,"031064",156.5
145.89,-16.91,1959,9,"031064",92.9
145.89,-16.91,1959,10,"031064",0
145.89,-16.91,1959,11,"031064",141.5
145.89,-16.91,1959,12,"031064",155.8
145.89,-16.91,1960,1,"031064",583.7
145.89,-16.91,1960,2,"031064",578.4
145.89,-16.91,1960,3,"031064",291.8
145.89,-16.91,1960,4,"031064",NA
145.89,-16.91,1960,5,"031064",NA
145.89,-16.91,1960,6,"031064",NA
145.89,-16.91,1960,7,"031064",76.6
145.89,-16.91,1960,8,"031064",21.5
145.89,-16.91,1960,9,"031064",4.4
145.89,-16.91,1960,10,"031064",17.5
145.89,-16.91,1960,11,"031064",56.7
145.89,-16.91,1960,12,"031064",113.2
145.89,-16.91,1961,1,"031064",308.5
145.89,-16.91,1961,2,"031064",80.5
145.89,-16.91,1961,3,"031064",412.5
145.89,-16.91,1961,4,"031064",244.9
145.89,-16.91,1961,5,"031064",168.4
145.89,-16.91,1961,6,"031064",43.2
145.89,-16.91,1961,7,"031064",10.2
145.89,-16.91,1961,8,"031064",0
145.89,-16.91,1961,9,"031064",41.5
145.89,-16.91,1961,10,"031064",25.2
145.89,-16.91,1961,11,"031064",145.6
145.89,-16.91,1961,12,"031064",324.1
145.89,-16.91,1962,1,"031064",578.6
145.89,-16.91,1962,2,"031064",630.6
145.89,-16.91,1962,3,"031064",220
145.89,-16.91,1962,4,"031064",267.3
145.89,-16.91,1962,5,"031064",53.1
145.89,-16.91,1962,6,"031064",141.1
145.89,-16.91,1962,7,"031064",122.2
145.89,-16.91,1962,8,"031064",19.8
145.89,-16.91,1962,9,"031064",152.2
145.89,-16.91,1962,10,"031064",2.8
145.89,-16.91,1962,11,"031064",NA
145.89,-16.91,1962,12,"031064",NA
145.89,-16.91,1963,1,"031064",472.4
145.89,-16.91,1963,2,"031064",791.4
145.89,-16.91,1963,3,"031064",218.6
145.89,-16.91,1963,4,"031064",646.3
145.89,-16.91,1963,5,"031064",143.9
145.89,-16.91,1963,6,"031064",96.8
145.89,-16.91,1963,7,"031064",0
145.89,-16.91,1963,8,"031064",26.1
145.89,-16.91,1963,9,"031064",19.4
145.89,-16.91,1963,10,"031064",153.8
145.89,-16.91,1963,11,"031064",85
145.89,-16.91,1963,12,"031064",196.2
145.89,-16.91,1964,1,"031064",598.7
145.89,-16.91,1964,2,"031064",469.5
145.89,-16.91,1964,3,"031064",695.6
145.89,-16.91,1964,4,"031064",217.2
145.89,-16.91,1964,5,"031064",649
145.89,-16.91,1964,6,"031064",14
145.89,-16.91,1964,7,"031064",55.7
145.89,-16.91,1964,8,"031064",36.1
145.89,-16.91,1964,9,"031064",96
145.89,-16.91,1964,10,"031064",177.3
145.89,-16.91,1964,11,"031064",149.7
145.89,-16.91,1964,12,"031064",259.5
145.89,-16.91,1965,1,"031064",NA
145.89,-16.91,1965,2,"031064",713.8
145.89,-16.91,1965,3,"031064",747.4
145.89,-16.91,1965,4,"031064",386.8
145.89,-16.91,1965,5,"031064",399.4
145.89,-16.91,1965,6,"031064",257.5
145.89,-16.91,1965,7,"031064",34.3
145.89,-16.91,1965,8,"031064",28.7
145.89,-16.91,1965,9,"031064",10.2
145.89,-16.91,1965,10,"031064",49
145.89,-16.91,1965,11,"031064",31.8
145.89,-16.91,1965,12,"031064",200.9
145.89,-16.91,1966,1,"031064",184.9
145.89,-16.91,1966,2,"031064",111.5
145.89,-16.91,1966,3,"031064",232.2
145.89,-16.91,1966,4,"031064",145.4
145.89,-16.91,1966,5,"031064",142
145.89,-16.91,1966,6,"031064",68.3
145.89,-16.91,1966,7,"031064",32.2
145.89,-16.91,1966,8,"031064",102.4
145.89,-16.91,1966,9,"031064",8.4
145.89,-16.91,1966,10,"031064",31.6
145.89,-16.91,1966,11,"031064",98.8
145.89,-16.91,1966,12,"031064",93.6
145.89,-16.91,1967,1,"031064",169
145.89,-16.91,1967,2,"031064",768.6
145.89,-16.91,1967,3,"031064",1081.1
145.89,-16.91,1967,4,"031064",166.8
145.89,-16.91,1967,5,"031064",237
145.89,-16.91,1967,6,"031064",170.1
145.89,-16.91,1967,7,"031064",78
145.89,-16.91,1967,8,"031064",22.3
145.89,-16.91,1967,9,"031064",5.3
145.89,-16.91,1967,10,"031064",43.1
145.89,-16.91,1967,11,"031064",120.2
145.89,-16.91,1967,12,"031064",151.5
145.89,-16.91,1968,1,"031064",799.7
145.89,-16.91,1968,2,"031064",649.5
145.89,-16.91,1968,3,"031064",231.2
145.89,-16.91,1968,4,"031064",187.7
145.89,-16.91,1968,5,"031064",194.1
145.89,-16.91,1968,6,"031064",33.1
145.89,-16.91,1968,7,"031064",47
145.89,-16.91,1968,8,"031064",25.9
145.89,-16.91,1968,9,"031064",47
145.89,-16.91,1968,10,"031064",5.7
145.89,-16.91,1968,11,"031064",12.2
145.89,-16.91,1968,12,"031064",22.3
145.89,-16.91,1969,1,"031064",628.1
145.89,-16.91,1969,2,"031064",310.4
145.89,-16.91,1969,3,"031064",456.5
145.89,-16.91,1969,4,"031064",134.5
145.89,-16.91,1969,5,"031064",201.9
145.89,-16.91,1969,6,"031064",123.9
145.89,-16.91,1969,7,"031064",323.3
145.89,-16.91,1969,8,"031064",61.5
145.89,-16.91,1969,9,"031064",34.9
145.89,-16.91,1969,10,"031064",69.9
145.89,-16.91,1969,11,"031064",90.9
145.89,-16.91,1969,12,"031064",307.3
145.89,-16.91,1970,1,"031064",286.2
145.89,-16.91,1970,2,"031064",547.2
145.89,-16.91,1970,3,"031064",903
145.89,-16.91,1970,4,"031064",197.7
145.89,-16.91,1970,5,"031064",116.4
145.89,-16.91,1970,6,"031064",63.8
145.89,-16.91,1970,7,"031064",38.1
145.89,-16.91,1970,8,"031064",76.2
145.89,-16.91,1970,9,"031064",8.6
145.89,-16.91,1970,10,"031064",73.1
145.89,-16.91,1970,11,"031064",322.5
145.89,-16.91,1970,12,"031064",278.6
145.89,-16.91,1971,1,"031064",87.4
145.89,-16.91,1971,2,"031064",492.6
145.89,-16.91,1971,3,"031064",1021.4
145.89,-16.91,1971,4,"031064",623.2
145.89,-16.91,1971,5,"031064",59.8
145.89,-16.91,1971,6,"031064",64.4
145.89,-16.91,1971,7,"031064",28.6
145.89,-16.91,1971,8,"031064",28.3
145.89,-16.91,1971,9,"031064",8.4
145.89,-16.91,1971,10,"031064",12.7
145.89,-16.91,1971,11,"031064",38.1
145.89,-16.91,1971,12,"031064",84.4
145.89,-16.91,1972,1,"031064",744.9
145.89,-16.91,1972,2,"031064",1219.3
145.89,-16.91,1972,3,"031064",1163.6
145.89,-16.91,1972,4,"031064",187.5
145.89,-16.91,1972,5,"031064",266.5
145.89,-16.91,1972,6,"031064",180.1
145.89,-16.91,1972,7,"031064",10.6
145.89,-16.91,1972,8,"031064",15.3
145.89,-16.91,1972,9,"031064",168.1
145.89,-16.91,1972,10,"031064",0.8
145.89,-16.91,1972,11,"031064",45
145.89,-16.91,1972,12,"031064",62.6
145.89,-16.91,1973,1,"031064",245.4
145.89,-16.91,1973,2,"031064",430.9
145.89,-16.91,1973,3,"031064",733.9
145.89,-16.91,1973,4,"031064",636
145.89,-16.91,1973,5,"031064",203.9
145.89,-16.91,1973,6,"031064",152.7
145.89,-16.91,1973,7,"031064",69.8
145.89,-16.91,1973,8,"031064",24.9
145.89,-16.91,1973,9,"031064",56.5
145.89,-16.91,1973,10,"031064",62.1
145.89,-16.91,1973,11,"031064",471.4
145.89,-16.91,1973,12,"031064",1270.4
145.89,-16.91,1974,1,"031064",370.8
145.89,-16.91,1974,2,"031064",655.6
145.89,-16.91,1974,3,"031064",1015.2
145.89,-16.91,1974,4,"031064",645.6
145.89,-16.91,1974,5,"031064",231.2
145.89,-16.91,1974,6,"031064",55.2
145.89,-16.91,1974,7,"031064",127.4
145.89,-16.91,1974,8,"031064",11.6
145.89,-16.91,1974,9,"031064",29.2
145.89,-16.91,1974,10,"031064",25.4
145.89,-16.91,1974,11,"031064",168.8
145.89,-16.91,1974,12,"031064",266.7
145.89,-16.91,1975,1,"031064",321.6
145.89,-16.91,1975,2,"031064",783.8
145.89,-16.91,1975,3,"031064",506.1
145.89,-16.91,1975,4,"031064",251
145.89,-16.91,1975,5,"031064",213.2
145.89,-16.91,1975,6,"031064",123
145.89,-16.91,1975,7,"031064",94.6
145.89,-16.91,1975,8,"031064",49.8
145.89,-16.91,1975,9,"031064",189.4
145.89,-16.91,1975,10,"031064",93
145.89,-16.91,1975,11,"031064",85.6
145.89,-16.91,1975,12,"031064",846
145.89,-16.91,1976,1,"031064",247.6
145.89,-16.91,1976,2,"031064",547.8
145.89,-16.91,1976,3,"031064",535.8
145.89,-16.91,1976,4,"031064",688.4
145.89,-16.91,1976,5,"031064",102.6
145.89,-16.91,1976,6,"031064",52.2
145.89,-16.91,1976,7,"031064",92.4
145.89,-16.91,1976,8,"031064",40.4
145.89,-16.91,1976,9,"031064",9.1
145.89,-16.91,1976,10,"031064",31.9
145.89,-16.91,1976,11,"031064",78
145.89,-16.91,1976,12,"031064",234.6
145.89,-16.91,1977,1,"031064",617
145.89,-16.91,1977,2,"031064",1338.4
145.89,-16.91,1977,3,"031064",828.4
145.89,-16.91,1977,4,"031064",812.8
145.89,-16.91,1977,5,"031064",124.8
145.89,-16.91,1977,6,"031064",66.4
145.89,-16.91,1977,7,"031064",39
145.89,-16.91,1977,8,"031064",77.2
145.89,-16.91,1977,9,"031064",71.4
145.89,-16.91,1977,10,"031064",49.2
145.89,-16.91,1977,11,"031064",120.2
145.89,-16.91,1977,12,"031064",121.4
145.89,-16.91,1978,1,"031064",651.4
145.89,-16.91,1978,2,"031064",256.2
145.89,-16.91,1978,3,"031064",265
145.89,-16.91,1978,4,"031064",224.2
145.89,-16.91,1978,5,"031064",145.8
145.89,-16.91,1978,6,"031064",17.6
145.89,-16.91,1978,7,"031064",17.6
145.89,-16.91,1978,8,"031064",84.6
145.89,-16.91,1978,9,"031064",40
145.89,-16.91,1978,10,"031064",231.6
145.89,-16.91,1978,11,"031064",105
145.89,-16.91,1978,12,"031064",80.4
145.89,-16.91,1979,1,"031064",1657.2
145.89,-16.91,1979,2,"031064",829
145.89,-16.91,1979,3,"031064",465.6
145.89,-16.91,1979,4,"031064",308.6
145.89,-16.91,1979,5,"031064",120
145.89,-16.91,1979,6,"031064",153.6
145.89,-16.91,1979,7,"031064",43.8
145.89,-16.91,1979,8,"031064",28
145.89,-16.91,1979,9,"031064",22
145.89,-16.91,1979,10,"031064",20.8
145.89,-16.91,1979,11,"031064",29
145.89,-16.91,1979,12,"031064",136.6
145.89,-16.91,1980,1,"031064",318.6
145.89,-16.91,1980,2,"031064",466.8
145.89,-16.91,1980,3,"031064",267
145.89,-16.91,1980,4,"031064",119.2
145.89,-16.91,1980,5,"031064",157.6
145.89,-16.91,1980,6,"031064",53.2
145.89,-16.91,1980,7,"031064",47.6
145.89,-16.91,1980,8,"031064",118.6
145.89,-16.91,1980,9,"031064",0
145.89,-16.91,1980,10,"031064",37
145.89,-16.91,1980,11,"031064",113.6
145.89,-16.91,1980,12,"031064",NA
145.89,-16.91,1981,1,"031064",1064.6
145.89,-16.91,1981,2,"031064",656.9
145.89,-16.91,1981,3,"031064",NA
145.89,-16.91,1981,4,"031064",NA
145.89,-16.91,1981,5,"031064",NA
145.89,-16.91,1981,6,"031064",NA
145.89,-16.91,1981,7,"031064",NA
145.89,-16.91,1981,8,"031064",NA
145.89,-16.91,1981,9,"031064",NA
145.89,-16.91,1981,10,"031064",NA
145.89,-16.91,1981,11,"031064",NA
145.89,-16.91,1981,12,"031064",NA
145.89,-16.91,1982,1,"031064",214.5
145.89,-16.91,1982,2,"031064",NA
145.89,-16.91,1982,3,"031064",NA
145.89,-16.91,1982,4,"031064",NA
145.89,-16.91,1982,5,"031064",NA
145.89,-16.91,1982,6,"031064",NA
145.89,-16.91,1982,7,"031064",NA
145.89,-16.91,1982,8,"031064",NA
145.89,-16.91,1982,9,"031064",NA
145.89,-16.91,1982,10,"031064",NA
145.89,-16.91,1982,11,"031064",NA
145.89,-16.91,1982,12,"031064",NA
145.89,-16.91,1983,1,"031064",66.4
145.89,-16.91,1983,2,"031064",109.4
145.89,-16.91,1983,3,"031064",436.8
145.89,-16.91,1983,4,"031064",306.6
145.89,-16.91,1983,5,"031064",537.6
145.89,-16.91,1983,6,"031064",21.6
145.89,-16.91,1983,7,"031064",17.6
145.89,-16.91,1983,8,"031064",132.6
145.89,-16.91,1983,9,"031064",NA
145.89,-16.91,1983,10,"031064",NA
145.89,-16.91,1983,11,"031064",NA
145.89,-16.91,1983,12,"031064",NA
145.89,-16.91,1984,1,"031064",NA
145.89,-16.91,1984,2,"031064",938.2
145.89,-16.91,1984,3,"031064",396.2
145.89,-16.91,1984,4,"031064",113.4
145.89,-16.91,1984,5,"031064",102.6
145.89,-16.91,1984,6,"031064",116.7
145.89,-16.91,1984,7,"031064",68.8
145.89,-16.91,1984,8,"031064",16.4
145.89,-16.91,1984,9,"031064",8
145.89,-16.91,1984,10,"031064",59.1
145.89,-16.91,1984,11,"031064",189.6
145.89,-16.91,1984,12,"031064",NA
145.89,-16.91,1985,1,"031064",NA
145.89,-16.91,1985,2,"031064",584.1
145.89,-16.91,1985,3,"031064",NA
145.89,-16.91,1985,4,"031064",276.6
145.89,-16.91,1985,5,"031064",207.6
145.89,-16.91,1985,6,"031064",37.4
145.89,-16.91,1985,7,"031064",40.2
145.89,-16.91,1985,8,"031064",22.4
145.89,-16.91,1985,9,"031064",24.8
145.89,-16.91,1985,10,"031064",76.3
145.89,-16.91,1985,11,"031064",283.9
145.89,-16.91,1985,12,"031064",59.5
145.89,-16.91,1986,1,"031064",667.2
145.89,-16.91,1986,2,"031064",193.3
145.89,-16.91,1986,3,"031064",484.4
145.89,-16.91,1986,4,"031064",421.2
145.89,-16.91,1986,5,"031064",110.7
145.89,-16.91,1986,6,"031064",204.1
145.89,-16.91,1986,7,"031064",43.8
145.89,-16.91,1986,8,"031064",101.8
145.89,-16.91,1986,9,"031064",64.9
145.89,-16.91,1986,10,"031064",52
145.89,-16.91,1986,11,"031064",95.8
145.89,-16.91,1986,12,"031064",91.3
145.89,-16.91,1987,1,"031064",156.6
145.89,-16.91,1987,2,"031064",640
145.89,-16.91,1987,3,"031064",264.4
145.89,-16.91,1987,4,"031064",473
145.89,-16.91,1987,5,"031064",212.2
145.89,-16.91,1987,6,"031064",299.8
145.89,-16.91,1987,7,"031064",135.6
145.89,-16.91,1987,8,"031064",74.2
145.89,-16.91,1987,9,"031064",106.3
145.89,-16.91,1987,10,"031064",12.2
145.89,-16.91,1987,11,"031064",NA
145.89,-16.91,1987,12,"031064",NA
145.89,-16.91,1992,1,"031064",NA
145.89,-16.91,1992,2,"031064",NA
145.89,-16.91,1992,3,"031064",NA
145.89,-16.91,1992,4,"031064",NA
145.89,-16.91,1992,5,"031064",NA
145.89,-16.91,1992,6,"031064",NA
145.89,-16.91,1992,7,"031064",NA
145.89,-16.91,1992,8,"031064",NA
145.89,-16.91,1992,9,"031064",NA
145.89,-16.91,1992,10,"031064",9.2
145.89,-16.91,1992,11,"031064",0.2
145.89,-16.91,1992,12,"031064",NA
145.89,-16.91,1993,1,"031064",60
145.89,-16.91,1993,2,"031064",NA
145.89,-16.91,1993,3,"031064",NA
145.89,-16.91,1993,4,"031064",NA
145.89,-16.91,1993,5,"031064",NA
145.89,-16.91,1993,6,"031064",NA
145.89,-16.91,1993,7,"031064",NA
145.89,-16.91,1993,8,"031064",NA
145.89,-16.91,1993,9,"031064",NA
145.89,-16.91,1993,10,"031064",NA
145.89,-16.91,1993,11,"031064",NA
145.89,-16.91,1993,12,"031064",NA
145.89,-16.91,1994,1,"031064",NA
145.89,-16.91,1994,2,"031064",NA
145.89,-16.91,1994,3,"031064",NA
145.89,-16.91,1994,4,"031064",NA
145.89,-16.91,1994,5,"031064",NA
145.89,-16.91,1994,6,"031064",NA
145.89,-16.91,1994,7,"031064",NA
145.89,-16.91,1994,8,"031064",NA
145.89,-16.91,1994,9,"031064",NA
145.89,-16.91,1994,10,"031064",NA
145.89,-16.91,1994,11,"031064",11
145.89,-16.91,1994,12,"031064",101.1
145.89,-16.91,1995,1,"031064",105.6
145.89,-16.91,1995,2,"031064",863.6
145.89,-16.91,1995,3,"031064",358.1
145.89,-16.91,1995,4,"031064",NA
145.89,-16.91,1995,5,"031064",NA
145.89,-16.91,1995,6,"031064",NA
145.89,-16.91,1995,7,"031064",NA
145.89,-16.91,1995,8,"031064",NA
145.89,-16.91,1995,9,"031064",NA
145.89,-16.91,1995,10,"031064",NA
145.89,-16.91,1995,11,"031064",NA
145.89,-16.91,1995,12,"031064",NA
145.89,-16.91,2001,1,"031064",209.8
145.89,-16.91,2001,2,"031064",NA
145.89,-16.91,2001,3,"031064",188.6
145.89,-16.91,2001,4,"031064",NA
145.89,-16.91,2001,5,"031064",7
145.89,-16.91,2001,6,"031064",145.4
145.89,-16.91,2001,7,"031064",15
145.89,-16.91,2001,8,"031064",21.4
145.89,-16.91,2001,9,"031064",53.6
145.89,-16.91,2001,10,"031064",55.8
145.89,-16.91,2001,11,"031064",46.5
145.89,-16.91,2001,12,"031064",NA
145.89,-16.91,2002,1,"031064",175.8
145.89,-16.91,2002,2,"031064",NA
145.89,-16.91,2002,3,"031064",189.4
145.89,-16.91,2002,4,"031064",230.5
145.89,-16.91,2002,5,"031064",NA
145.89,-16.91,2002,6,"031064",18
145.89,-16.91,2002,7,"031064",26.2
145.89,-16.91,2002,8,"031064",23
145.89,-16.91,2002,9,"031064",42
145.89,-16.91,2002,10,"031064",0
145.89,-16.91,2002,11,"031064",40.2
145.89,-16.91,2002,12,"031064",35
145.89,-16.91,2003,1,"031064",112
145.89,-16.91,2003,2,"031064",197
145.89,-16.91,2003,3,"031064",NA
145.89,-16.91,2003,4,"031064",NA
145.89,-16.91,2003,5,"031064",NA
145.89,-16.91,2003,6,"031064",NA
145.89,-16.91,2003,7,"031064",99
145.89,-16.91,2003,8,"031064",11.4
145.89,-16.91,2003,9,"031064",12
145.89,-16.91,2003,10,"031064",19
145.89,-16.91,2003,11,"031064",19
145.89,-16.91,2003,12,"031064",296
145.89,-16.91,2004,1,"031064",312.2
145.89,-16.91,2004,2,"031064",NA
145.89,-16.91,2004,3,"031064",NA
145.89,-16.91,2004,4,"031064",NA
145.89,-16.91,2004,5,"031064",NA
145.89,-16.91,2004,6,"031064",NA
145.89,-16.91,2004,7,"031064",NA
145.89,-16.91,2004,8,"031064",NA
145.89,-16.91,2004,9,"031064",NA
145.89,-16.91,2004,10,"031064",NA
145.89,-16.91,2004,11,"031064",NA
145.89,-16.91,2004,12,"031064",NA
145.89,-16.91,2007,1,"031064",NA
145.89,-16.91,2007,2,"031064",NA
145.89,-16.91,2007,3,"031064",NA
145.89,-16.91,2007,4,"031064",NA
145.89,-16.91,2007,5,"031064",NA
145.89,-16.91,2007,6,"031064",NA
145.89,-16.91,2007,7,"031064",NA
145.89,-16.91,2007,8,"031064",NA
145.89,-16.91,2007,9,"031064",NA
145.89,-16.91,2007,10,"031064",NA
145.89,-16.91,2007,11,"031064",287
145.89,-16.91,2007,12,"031064",NA
145.89,-16.91,2008,1,"031064",NA
145.89,-16.91,2008,2,"031064",1315
145.89,-16.91,2008,3,"031064",NA
145.89,-16.91,2008,4,"031064",NA
145.89,-16.91,2008,5,"031064",94
145.89,-16.91,2008,6,"031064",71
145.89,-16.91,2008,7,"031064",NA
145.89,-16.91,2008,8,"031064",13
145.89,-16.91,2008,9,"031064",NA
145.89,-16.91,2008,10,"031064",215
145.89,-16.91,2008,11,"031064",48
145.89,-16.91,2008,12,"031064",NA
145.89,-16.91,2009,1,"031064",NA
145.89,-16.91,2009,2,"031064",1138
145.89,-16.91,2009,3,"031064",367
145.89,-16.91,2009,4,"031064",325
145.89,-16.91,2009,5,"031064",270
145.89,-16.91,2009,6,"031064",18
145.89,-16.91,2009,7,"031064",45
145.89,-16.91,2009,8,"031064",31
145.89,-16.91,2009,9,"031064",4
145.89,-16.91,2009,10,"031064",70
145.89,-16.91,2009,11,"031064",384
145.89,-16.91,2009,12,"031064",NA
