"Lon","Lat","Year","Month","Station","Rain"
148.95,-26.25,2000,1,"043006",NA
148.95,-26.25,2000,2,"043006",NA
148.95,-26.25,2000,3,"043006",NA
148.95,-26.25,2000,4,"043006",NA
148.95,-26.25,2000,5,"043006",NA
148.95,-26.25,2000,6,"043006",NA
148.95,-26.25,2000,7,"043006",NA
148.95,-26.25,2000,8,"043006",NA
148.95,-26.25,2000,9,"043006",NA
148.95,-26.25,2000,10,"043006",NA
148.95,-26.25,2000,11,"043006",0
148.95,-26.25,2000,12,"043006",0.8
148.95,-26.25,2001,1,"043006",5.6
148.95,-26.25,2001,2,"043006",45.6
148.95,-26.25,2001,3,"043006",64.4
148.95,-26.25,2001,4,"043006",4.2
148.95,-26.25,2001,5,"043006",1.8
148.95,-26.25,2001,6,"043006",6.8
148.95,-26.25,2001,7,"043006",67.2
148.95,-26.25,2001,8,"043006",6
148.95,-26.25,2001,9,"043006",26
148.95,-26.25,2001,10,"043006",57.8
148.95,-26.25,2001,11,"043006",105.8
148.95,-26.25,2001,12,"043006",20.6
148.95,-26.25,2002,1,"043006",59.4
148.95,-26.25,2002,2,"043006",83.6
148.95,-26.25,2002,3,"043006",39.2
148.95,-26.25,2002,4,"043006",0
148.95,-26.25,2002,5,"043006",12
148.95,-26.25,2002,6,"043006",53.6
148.95,-26.25,2002,7,"043006",2.6
148.95,-26.25,2002,8,"043006",51.4
148.95,-26.25,2002,9,"043006",0.2
148.95,-26.25,2002,10,"043006",11
148.95,-26.25,2002,11,"043006",31.2
148.95,-26.25,2002,12,"043006",31
148.95,-26.25,2003,1,"043006",6.6
148.95,-26.25,2003,2,"043006",125.8
148.95,-26.25,2003,3,"043006",37.2
148.95,-26.25,2003,4,"043006",127.6
148.95,-26.25,2003,5,"043006",10.6
148.95,-26.25,2003,6,"043006",46.2
148.95,-26.25,2003,7,"043006",23.6
148.95,-26.25,2003,8,"043006",36.4
148.95,-26.25,2003,9,"043006",2.8
148.95,-26.25,2003,10,"043006",34
148.95,-26.25,2003,11,"043006",31.6
148.95,-26.25,2003,12,"043006",29.4
148.95,-26.25,2004,1,"043006",195
148.95,-26.25,2004,2,"043006",56.8
148.95,-26.25,2004,3,"043006",50.2
148.95,-26.25,2004,4,"043006",56.6
148.95,-26.25,2004,5,"043006",5.8
148.95,-26.25,2004,6,"043006",0
148.95,-26.25,2004,7,"043006",6.6
148.95,-26.25,2004,8,"043006",9.6
148.95,-26.25,2004,9,"043006",20.4
148.95,-26.25,2004,10,"043006",22.4
148.95,-26.25,2004,11,"043006",84.6
148.95,-26.25,2004,12,"043006",93.2
148.95,-26.25,2005,1,"043006",12.8
148.95,-26.25,2005,2,"043006",13.4
148.95,-26.25,2005,3,"043006",22.6
148.95,-26.25,2005,4,"043006",0.8
148.95,-26.25,2005,5,"043006",21.6
148.95,-26.25,2005,6,"043006",87.2
148.95,-26.25,2005,7,"043006",0.2
148.95,-26.25,2005,8,"043006",6
148.95,-26.25,2005,9,"043006",6.2
148.95,-26.25,2005,10,"043006",72.4
148.95,-26.25,2005,11,"043006",100.4
148.95,-26.25,2005,12,"043006",65.4
148.95,-26.25,2006,1,"043006",28.2
148.95,-26.25,2006,2,"043006",37.2
148.95,-26.25,2006,3,"043006",85.8
148.95,-26.25,2006,4,"043006",47.8
148.95,-26.25,2006,5,"043006",0
148.95,-26.25,2006,6,"043006",11.4
148.95,-26.25,2006,7,"043006",10.8
148.95,-26.25,2006,8,"043006",6.4
148.95,-26.25,2006,9,"043006",4.4
148.95,-26.25,2006,10,"043006",24.4
148.95,-26.25,2006,11,"043006",50
148.95,-26.25,2006,12,"043006",32.2
148.95,-26.25,2007,1,"043006",56.8
148.95,-26.25,2007,2,"043006",77
148.95,-26.25,2007,3,"043006",19
148.95,-26.25,2007,4,"043006",10.4
148.95,-26.25,2007,5,"043006",0.2
148.95,-26.25,2007,6,"043006",97.2
148.95,-26.25,2007,7,"043006",0.6
148.95,-26.25,2007,8,"043006",62.6
148.95,-26.25,2007,9,"043006",19.6
148.95,-26.25,2007,10,"043006",48.4
148.95,-26.25,2007,11,"043006",68.2
148.95,-26.25,2007,12,"043006",58
148.95,-26.25,2008,1,"043006",124.8
148.95,-26.25,2008,2,"043006",108.8
148.95,-26.25,2008,3,"043006",0.6
148.95,-26.25,2008,4,"043006",15.4
148.95,-26.25,2008,5,"043006",5.4
148.95,-26.25,2008,6,"043006",46.2
148.95,-26.25,2008,7,"043006",49.4
148.95,-26.25,2008,8,"043006",0
148.95,-26.25,2008,9,"043006",82.2
148.95,-26.25,2008,10,"043006",48
148.95,-26.25,2008,11,"043006",96.6
148.95,-26.25,2008,12,"043006",74.4
148.95,-26.25,2009,1,"043006",37.6
148.95,-26.25,2009,2,"043006",0
148.95,-26.25,2009,3,"043006",0
148.95,-26.25,2009,4,"043006",0
148.95,-26.25,2009,5,"043006",0.6
148.95,-26.25,2009,6,"043006",16.8
148.95,-26.25,2009,7,"043006",0.8
148.95,-26.25,2009,8,"043006",1
148.95,-26.25,2009,9,"043006",11.2
148.95,-26.25,2009,10,"043006",18.6
148.95,-26.25,2009,11,"043006",18.4
148.95,-26.25,2009,12,"043006",111.8
148.95,-26.25,2010,1,"043006",20.8
148.95,-26.25,2010,2,"043006",341
148.95,-26.25,2010,3,"043006",173.8
148.95,-26.25,2010,4,"043006",25
148.95,-26.25,2010,5,"043006",15
148.95,-26.25,2010,6,"043006",0.6
148.95,-26.25,2010,7,"043006",11
148.95,-26.25,2010,8,"043006",61.6
148.95,-26.25,2010,9,"043006",94
148.95,-26.25,2010,10,"043006",79.6
148.95,-26.25,2010,11,"043006",122.8
148.95,-26.25,2010,12,"043006",214.4
148.95,-26.25,2011,1,"043006",77.4
148.95,-26.25,2011,2,"043006",16
148.95,-26.25,2011,3,"043006",38.2
148.95,-26.25,2011,4,"043006",173.6
148.95,-26.25,2011,5,"043006",21.8
148.95,-26.25,2011,6,"043006",13
148.95,-26.25,2011,7,"043006",14.8
148.95,-26.25,2011,8,"043006",19.6
148.95,-26.25,2011,9,"043006",17
148.95,-26.25,2011,10,"043006",76.4
148.95,-26.25,2011,11,"043006",59.8
148.95,-26.25,2011,12,"043006",141.6
148.95,-26.25,2012,1,"043006",153
148.95,-26.25,2012,2,"043006",172.2
148.95,-26.25,2012,3,"043006",52.4
148.95,-26.25,2012,4,"043006",15
148.95,-26.25,2012,5,"043006",38.8
148.95,-26.25,2012,6,"043006",69.8
148.95,-26.25,2012,7,"043006",25.4
148.95,-26.25,2012,8,"043006",9.6
148.95,-26.25,2012,9,"043006",4.4
148.95,-26.25,2012,10,"043006",24.6
148.95,-26.25,2012,11,"043006",28
148.95,-26.25,2012,12,"043006",51.2
148.95,-26.25,2013,1,"043006",0
148.95,-26.25,2013,2,"043006",21.8
148.95,-26.25,2013,3,"043006",98.4
148.95,-26.25,2013,4,"043006",9.8
148.95,-26.25,2013,5,"043006",33.2
148.95,-26.25,2013,6,"043006",2.4
148.95,-26.25,2013,7,"043006",7
148.95,-26.25,2013,8,"043006",0
148.95,-26.25,2013,9,"043006",2.2
148.95,-26.25,2013,10,"043006",13.4
148.95,-26.25,2013,11,"043006",72.8
148.95,-26.25,2013,12,"043006",NA
148.95,-26.25,2014,1,"043006",4
148.95,-26.25,2014,2,"043006",16.8
148.95,-26.25,2014,3,"043006",132.2
148.95,-26.25,2014,4,"043006",9.8
148.95,-26.25,2014,5,"043006",12.6
148.95,-26.25,2014,6,"043006",7
148.95,-26.25,2014,7,"043006",2.8
148.95,-26.25,2014,8,"043006",22
148.95,-26.25,2014,9,"043006",13.6
148.95,-26.25,2014,10,"043006",6.8
148.95,-26.25,2014,11,"043006",14.4
148.95,-26.25,2014,12,"043006",145.4
148.95,-26.25,2015,1,"043006",137
148.95,-26.25,2015,2,"043006",63
148.95,-26.25,2015,3,"043006",37
148.95,-26.25,2015,4,"043006",3.8
148.95,-26.25,2015,5,"043006",10.2
148.95,-26.25,2015,6,"043006",20.8
148.95,-26.25,2015,7,"043006",26.6
148.95,-26.25,2015,8,"043006",35.6
148.95,-26.25,2015,9,"043006",1.4
148.95,-26.25,2015,10,"043006",20.8
148.95,-26.25,2015,11,"043006",51.4
148.95,-26.25,2015,12,"043006",64.2
148.95,-26.25,2016,1,"043006",94.8
148.95,-26.25,2016,2,"043006",35.6
148.95,-26.25,2016,3,"043006",3
148.95,-26.25,2016,4,"043006",0
148.95,-26.25,2016,5,"043006",4.2
148.95,-26.25,2016,6,"043006",49.2
148.95,-26.25,2016,7,"043006",37.8
148.95,-26.25,2016,8,"043006",25
148.95,-26.25,2016,9,"043006",86.2
148.95,-26.25,2016,10,"043006",21.8
148.95,-26.25,2016,11,"043006",6.6
148.95,-26.25,2016,12,"043006",74.8
148.95,-26.25,2017,1,"043006",30.6
148.95,-26.25,2017,2,"043006",10.4
148.95,-26.25,2017,3,"043006",21.2
148.95,-26.25,2017,4,"043006",NA
148.95,-26.25,2017,5,"043006",NA
148.95,-26.25,2017,6,"043006",NA
148.95,-26.25,2017,7,"043006",NA
148.95,-26.25,2017,8,"043006",NA
148.95,-26.25,2017,9,"043006",NA
148.95,-26.25,2017,10,"043006",NA
148.95,-26.25,2017,11,"043006",NA
148.95,-26.25,2017,12,"043006",NA
148.95,-26.25,2018,1,"043006",NA
148.95,-26.25,2018,2,"043006",NA
148.95,-26.25,2018,3,"043006",NA
148.95,-26.25,2018,4,"043006",NA
148.95,-26.25,2018,5,"043006",NA
148.95,-26.25,2018,6,"043006",NA
148.95,-26.25,2018,7,"043006",NA
148.95,-26.25,2018,8,"043006",13.6
148.95,-26.25,2018,9,"043006",12.4
148.95,-26.25,2018,10,"043006",35
148.95,-26.25,2018,11,"043006",41.2
148.95,-26.25,2018,12,"043006",24.4
148.95,-26.25,2019,1,"043006",0
148.95,-26.25,2019,2,"043006",4.6
148.95,-26.25,2019,3,"043006",52.4
148.95,-26.25,2019,4,"043006",42.4
148.95,-26.25,2019,5,"043006",6.2
148.95,-26.25,2019,6,"043006",6.2
148.95,-26.25,2019,7,"043006",6.2
148.95,-26.25,2019,8,"043006",7.6
148.95,-26.25,2019,9,"043006",30.2
148.95,-26.25,2019,10,"043006",3
148.95,-26.25,2019,11,"043006",2.8
148.95,-26.25,2019,12,"043006",1
148.95,-26.25,2020,1,"043006",48.4
148.95,-26.25,2020,2,"043006",NA
148.95,-26.25,2020,3,"043006",46.6
148.95,-26.25,2020,4,"043006",NA
148.95,-26.25,2020,5,"043006",NA
148.95,-26.25,2020,6,"043006",NA
148.95,-26.25,2020,7,"043006",NA
148.95,-26.25,2020,8,"043006",NA
148.95,-26.25,2020,9,"043006",NA
148.95,-26.25,2020,10,"043006",NA
148.95,-26.25,2020,11,"043006",NA
148.95,-26.25,2020,12,"043006",NA
