"Lon","Lat","Year","Month","Station","Rain"
152.02,-29.05,1870,1,"056032",NA
152.02,-29.05,1870,2,"056032",NA
152.02,-29.05,1870,3,"056032",NA
152.02,-29.05,1870,4,"056032",NA
152.02,-29.05,1870,5,"056032",NA
152.02,-29.05,1870,6,"056032",NA
152.02,-29.05,1870,7,"056032",NA
152.02,-29.05,1870,8,"056032",NA
152.02,-29.05,1870,9,"056032",49
152.02,-29.05,1870,10,"056032",98.2
152.02,-29.05,1870,11,"056032",99
152.02,-29.05,1870,12,"056032",78.8
152.02,-29.05,1871,1,"056032",115.6
152.02,-29.05,1871,2,"056032",68.2
152.02,-29.05,1871,3,"056032",148.2
152.02,-29.05,1871,4,"056032",129.3
152.02,-29.05,1871,5,"056032",38.8
152.02,-29.05,1871,6,"056032",15
152.02,-29.05,1871,7,"056032",31
152.02,-29.05,1871,8,"056032",14.1
152.02,-29.05,1871,9,"056032",9.5
152.02,-29.05,1871,10,"056032",97.2
152.02,-29.05,1871,11,"056032",87.1
152.02,-29.05,1871,12,"056032",74.4
152.02,-29.05,1872,1,"056032",153
152.02,-29.05,1872,2,"056032",54.7
152.02,-29.05,1872,3,"056032",74
152.02,-29.05,1872,4,"056032",21.6
152.02,-29.05,1872,5,"056032",15.9
152.02,-29.05,1872,6,"056032",34.8
152.02,-29.05,1872,7,"056032",120
152.02,-29.05,1872,8,"056032",7.9
152.02,-29.05,1872,9,"056032",92.8
152.02,-29.05,1872,10,"056032",48.3
152.02,-29.05,1872,11,"056032",223
152.02,-29.05,1872,12,"056032",97.6
152.02,-29.05,1873,1,"056032",68.9
152.02,-29.05,1873,2,"056032",28
152.02,-29.05,1873,3,"056032",24.1
152.02,-29.05,1873,4,"056032",5.5
152.02,-29.05,1873,5,"056032",0
152.02,-29.05,1873,6,"056032",233.6
152.02,-29.05,1873,7,"056032",16.7
152.02,-29.05,1873,8,"056032",78.6
152.02,-29.05,1873,9,"056032",23.4
152.02,-29.05,1873,10,"056032",50.3
152.02,-29.05,1873,11,"056032",62
152.02,-29.05,1873,12,"056032",312.8
152.02,-29.05,1874,1,"056032",150
152.02,-29.05,1874,2,"056032",55.8
152.02,-29.05,1874,3,"056032",54.1
152.02,-29.05,1874,4,"056032",28.4
152.02,-29.05,1874,5,"056032",8.1
152.02,-29.05,1874,6,"056032",8.4
152.02,-29.05,1874,7,"056032",99.6
152.02,-29.05,1874,8,"056032",56.9
152.02,-29.05,1874,9,"056032",82.5
152.02,-29.05,1874,10,"056032",37.1
152.02,-29.05,1874,11,"056032",60.7
152.02,-29.05,1874,12,"056032",16.5
152.02,-29.05,1875,1,"056032",28.4
152.02,-29.05,1875,2,"056032",60.1
152.02,-29.05,1875,3,"056032",57.3
152.02,-29.05,1875,4,"056032",102.9
152.02,-29.05,1875,5,"056032",43.8
152.02,-29.05,1875,6,"056032",16.3
152.02,-29.05,1875,7,"056032",88.7
152.02,-29.05,1875,8,"056032",25.9
152.02,-29.05,1875,9,"056032",47
152.02,-29.05,1875,10,"056032",45.3
152.02,-29.05,1875,11,"056032",52.1
152.02,-29.05,1875,12,"056032",11.2
152.02,-29.05,1876,1,"056032",99
152.02,-29.05,1876,2,"056032",62.8
152.02,-29.05,1876,3,"056032",78
152.02,-29.05,1876,4,"056032",48.4
152.02,-29.05,1876,5,"056032",121.2
152.02,-29.05,1876,6,"056032",52.4
152.02,-29.05,1876,7,"056032",257.9
152.02,-29.05,1876,8,"056032",8.2
152.02,-29.05,1876,9,"056032",65.6
152.02,-29.05,1876,10,"056032",79.5
152.02,-29.05,1876,11,"056032",25.4
152.02,-29.05,1876,12,"056032",70.4
152.02,-29.05,1877,1,"056032",120.2
152.02,-29.05,1877,2,"056032",29.5
152.02,-29.05,1877,3,"056032",19.8
152.02,-29.05,1877,4,"056032",2
152.02,-29.05,1877,5,"056032",50.8
152.02,-29.05,1877,6,"056032",18.3
152.02,-29.05,1877,7,"056032",63.8
152.02,-29.05,1877,8,"056032",12
152.02,-29.05,1877,9,"056032",37.2
152.02,-29.05,1877,10,"056032",77.2
152.02,-29.05,1877,11,"056032",48.4
152.02,-29.05,1877,12,"056032",35.6
152.02,-29.05,1878,1,"056032",40.3
152.02,-29.05,1878,2,"056032",121.3
152.02,-29.05,1878,3,"056032",71.9
152.02,-29.05,1878,4,"056032",0
152.02,-29.05,1878,5,"056032",70.3
152.02,-29.05,1878,6,"056032",12.7
152.02,-29.05,1878,7,"056032",38
152.02,-29.05,1878,8,"056032",31.3
152.02,-29.05,1878,9,"056032",145.8
152.02,-29.05,1878,10,"056032",27.7
152.02,-29.05,1878,11,"056032",43.3
152.02,-29.05,1878,12,"056032",146.9
152.02,-29.05,1879,1,"056032",84.3
152.02,-29.05,1879,2,"056032",3.8
152.02,-29.05,1879,3,"056032",199.4
152.02,-29.05,1879,4,"056032",105
152.02,-29.05,1879,5,"056032",129.3
152.02,-29.05,1879,6,"056032",130
152.02,-29.05,1879,7,"056032",76
152.02,-29.05,1879,8,"056032",193.3
152.02,-29.05,1879,9,"056032",119
152.02,-29.05,1879,10,"056032",30.5
152.02,-29.05,1879,11,"056032",117.8
152.02,-29.05,1879,12,"056032",104.9
152.02,-29.05,1880,1,"056032",11.4
152.02,-29.05,1880,2,"056032",112
152.02,-29.05,1880,3,"056032",83.6
152.02,-29.05,1880,4,"056032",17.3
152.02,-29.05,1880,5,"056032",37.8
152.02,-29.05,1880,6,"056032",0
152.02,-29.05,1880,7,"056032",37.5
152.02,-29.05,1880,8,"056032",2
152.02,-29.05,1880,9,"056032",71.6
152.02,-29.05,1880,10,"056032",40.6
152.02,-29.05,1880,11,"056032",94.3
152.02,-29.05,1880,12,"056032",59.9
152.02,-29.05,1881,1,"056032",134.4
152.02,-29.05,1881,2,"056032",10.7
152.02,-29.05,1881,3,"056032",23.3
152.02,-29.05,1881,4,"056032",11.8
152.02,-29.05,1881,5,"056032",28.3
152.02,-29.05,1881,6,"056032",20.7
152.02,-29.05,1881,7,"056032",5.5
152.02,-29.05,1881,8,"056032",69.6
152.02,-29.05,1881,9,"056032",116.3
152.02,-29.05,1881,10,"056032",37.1
152.02,-29.05,1881,11,"056032",49.5
152.02,-29.05,1881,12,"056032",0
152.02,-29.05,1882,1,"056032",104
152.02,-29.05,1882,2,"056032",114.3
152.02,-29.05,1882,3,"056032",3.8
152.02,-29.05,1882,4,"056032",79.8
152.02,-29.05,1882,5,"056032",21.3
152.02,-29.05,1882,6,"056032",79.5
152.02,-29.05,1882,7,"056032",39.6
152.02,-29.05,1882,8,"056032",34.8
152.02,-29.05,1882,9,"056032",11.2
152.02,-29.05,1882,10,"056032",158.8
152.02,-29.05,1882,11,"056032",109.3
152.02,-29.05,1882,12,"056032",100.1
152.02,-29.05,1883,1,"056032",171.7
152.02,-29.05,1883,2,"056032",169.2
152.02,-29.05,1883,3,"056032",61.4
152.02,-29.05,1883,4,"056032",59.7
152.02,-29.05,1883,5,"056032",58.6
152.02,-29.05,1883,6,"056032",2.8
152.02,-29.05,1883,7,"056032",14.2
152.02,-29.05,1883,8,"056032",17.6
152.02,-29.05,1883,9,"056032",23.3
152.02,-29.05,1883,10,"056032",49.2
152.02,-29.05,1883,11,"056032",40.9
152.02,-29.05,1883,12,"056032",58.7
152.02,-29.05,1884,1,"056032",107.6
152.02,-29.05,1884,2,"056032",27.7
152.02,-29.05,1884,3,"056032",36.3
152.02,-29.05,1884,4,"056032",19.1
152.02,-29.05,1884,5,"056032",85.3
152.02,-29.05,1884,6,"056032",74.2
152.02,-29.05,1884,7,"056032",88.7
152.02,-29.05,1884,8,"056032",28.4
152.02,-29.05,1884,9,"056032",53.3
152.02,-29.05,1884,10,"056032",42.7
152.02,-29.05,1884,11,"056032",104.4
152.02,-29.05,1884,12,"056032",26.7
152.02,-29.05,1885,1,"056032",82.6
152.02,-29.05,1885,2,"056032",60.1
152.02,-29.05,1885,3,"056032",87.1
152.02,-29.05,1885,4,"056032",33.1
152.02,-29.05,1885,5,"056032",11.2
152.02,-29.05,1885,6,"056032",77
152.02,-29.05,1885,7,"056032",8.9
152.02,-29.05,1885,8,"056032",6.3
152.02,-29.05,1885,9,"056032",28
152.02,-29.05,1885,10,"056032",26.2
152.02,-29.05,1885,11,"056032",67.3
152.02,-29.05,1885,12,"056032",167.2
152.02,-29.05,1886,1,"056032",105.1
152.02,-29.05,1886,2,"056032",49
152.02,-29.05,1886,3,"056032",52.8
152.02,-29.05,1886,4,"056032",60.7
152.02,-29.05,1886,5,"056032",150.7
152.02,-29.05,1886,6,"056032",93.2
152.02,-29.05,1886,7,"056032",84.7
152.02,-29.05,1886,8,"056032",168.4
152.02,-29.05,1886,9,"056032",70.3
152.02,-29.05,1886,10,"056032",122.4
152.02,-29.05,1886,11,"056032",153.4
152.02,-29.05,1886,12,"056032",53.2
152.02,-29.05,1887,1,"056032",352.8
152.02,-29.05,1887,2,"056032",129.3
152.02,-29.05,1887,3,"056032",148.8
152.02,-29.05,1887,4,"056032",14.8
152.02,-29.05,1887,5,"056032",14.8
152.02,-29.05,1887,6,"056032",53.1
152.02,-29.05,1887,7,"056032",76.7
152.02,-29.05,1887,8,"056032",63.9
152.02,-29.05,1887,9,"056032",37.9
152.02,-29.05,1887,10,"056032",31.7
152.02,-29.05,1887,11,"056032",109.7
152.02,-29.05,1887,12,"056032",122.3
152.02,-29.05,1888,1,"056032",28.5
152.02,-29.05,1888,2,"056032",109.3
152.02,-29.05,1888,3,"056032",23.8
152.02,-29.05,1888,4,"056032",1.8
152.02,-29.05,1888,5,"056032",8.6
152.02,-29.05,1888,6,"056032",4.3
152.02,-29.05,1888,7,"056032",0.5
152.02,-29.05,1888,8,"056032",13.6
152.02,-29.05,1888,9,"056032",32.8
152.02,-29.05,1888,10,"056032",74.4
152.02,-29.05,1888,11,"056032",19.3
152.02,-29.05,1888,12,"056032",151.6
152.02,-29.05,1889,1,"056032",98.3
152.02,-29.05,1889,2,"056032",111.7
152.02,-29.05,1889,3,"056032",18.8
152.02,-29.05,1889,4,"056032",80.7
152.02,-29.05,1889,5,"056032",73.7
152.02,-29.05,1889,6,"056032",76.7
152.02,-29.05,1889,7,"056032",144.7
152.02,-29.05,1889,8,"056032",50.1
152.02,-29.05,1889,9,"056032",78.3
152.02,-29.05,1889,10,"056032",48.8
152.02,-29.05,1889,11,"056032",64.5
152.02,-29.05,1889,12,"056032",55.9
152.02,-29.05,1890,1,"056032",130.8
152.02,-29.05,1890,2,"056032",237.7
152.02,-29.05,1890,3,"056032",351.1
152.02,-29.05,1890,4,"056032",25.3
152.02,-29.05,1890,5,"056032",45.3
152.02,-29.05,1890,6,"056032",50.1
152.02,-29.05,1890,7,"056032",19.2
152.02,-29.05,1890,8,"056032",9.4
152.02,-29.05,1890,9,"056032",89.8
152.02,-29.05,1890,10,"056032",96.1
152.02,-29.05,1890,11,"056032",85.1
152.02,-29.05,1890,12,"056032",85.4
152.02,-29.05,1891,1,"056032",165.6
152.02,-29.05,1891,2,"056032",140.8
152.02,-29.05,1891,3,"056032",26.2
152.02,-29.05,1891,4,"056032",33
152.02,-29.05,1891,5,"056032",33.9
152.02,-29.05,1891,6,"056032",140.7
152.02,-29.05,1891,7,"056032",49.8
152.02,-29.05,1891,8,"056032",57.1
152.02,-29.05,1891,9,"056032",97
152.02,-29.05,1891,10,"056032",40.2
152.02,-29.05,1891,11,"056032",90.2
152.02,-29.05,1891,12,"056032",159.1
152.02,-29.05,1892,1,"056032",101.4
152.02,-29.05,1892,2,"056032",46.7
152.02,-29.05,1892,3,"056032",193.6
152.02,-29.05,1892,4,"056032",221.8
152.02,-29.05,1892,5,"056032",71.5
152.02,-29.05,1892,6,"056032",95.2
152.02,-29.05,1892,7,"056032",44.1
152.02,-29.05,1892,8,"056032",65.9
152.02,-29.05,1892,9,"056032",100.1
152.02,-29.05,1892,10,"056032",211.7
152.02,-29.05,1892,11,"056032",82.3
152.02,-29.05,1892,12,"056032",196.5
152.02,-29.05,1893,1,"056032",103.5
152.02,-29.05,1893,2,"056032",301.6
152.02,-29.05,1893,3,"056032",105.2
152.02,-29.05,1893,4,"056032",79.5
152.02,-29.05,1893,5,"056032",45.4
152.02,-29.05,1893,6,"056032",187
152.02,-29.05,1893,7,"056032",56.4
152.02,-29.05,1893,8,"056032",44.4
152.02,-29.05,1893,9,"056032",27.7
152.02,-29.05,1893,10,"056032",66.4
152.02,-29.05,1893,11,"056032",137.1
152.02,-29.05,1893,12,"056032",30.9
152.02,-29.05,1894,1,"056032",162.1
152.02,-29.05,1894,2,"056032",66.8
152.02,-29.05,1894,3,"056032",120.4
152.02,-29.05,1894,4,"056032",69.9
152.02,-29.05,1894,5,"056032",45.8
152.02,-29.05,1894,6,"056032",90.6
152.02,-29.05,1894,7,"056032",24.8
152.02,-29.05,1894,8,"056032",37.7
152.02,-29.05,1894,9,"056032",50.1
152.02,-29.05,1894,10,"056032",134.4
152.02,-29.05,1894,11,"056032",45.3
152.02,-29.05,1894,12,"056032",55.4
152.02,-29.05,1895,1,"056032",241.5
152.02,-29.05,1895,2,"056032",45.7
152.02,-29.05,1895,3,"056032",7.2
152.02,-29.05,1895,4,"056032",9.4
152.02,-29.05,1895,5,"056032",33.1
152.02,-29.05,1895,6,"056032",4.1
152.02,-29.05,1895,7,"056032",36.2
152.02,-29.05,1895,8,"056032",21.9
152.02,-29.05,1895,9,"056032",67.9
152.02,-29.05,1895,10,"056032",84
152.02,-29.05,1895,11,"056032",125.8
152.02,-29.05,1895,12,"056032",109.9
152.02,-29.05,1896,1,"056032",70.9
152.02,-29.05,1896,2,"056032",258.3
152.02,-29.05,1896,3,"056032",74.2
152.02,-29.05,1896,4,"056032",35
152.02,-29.05,1896,5,"056032",26.4
152.02,-29.05,1896,6,"056032",8.6
152.02,-29.05,1896,7,"056032",79.2
152.02,-29.05,1896,8,"056032",32.9
152.02,-29.05,1896,9,"056032",38.9
152.02,-29.05,1896,10,"056032",9.9
152.02,-29.05,1896,11,"056032",132.7
152.02,-29.05,1896,12,"056032",125.3
152.02,-29.05,1897,1,"056032",87.1
152.02,-29.05,1897,2,"056032",36.6
152.02,-29.05,1897,3,"056032",180.9
152.02,-29.05,1897,4,"056032",0
152.02,-29.05,1897,5,"056032",6.8
152.02,-29.05,1897,6,"056032",30.8
152.02,-29.05,1897,7,"056032",91.7
152.02,-29.05,1897,8,"056032",60.3
152.02,-29.05,1897,9,"056032",120.9
152.02,-29.05,1897,10,"056032",49.5
152.02,-29.05,1897,11,"056032",38.9
152.02,-29.05,1897,12,"056032",256.9
152.02,-29.05,1898,1,"056032",157.6
152.02,-29.05,1898,2,"056032",73.9
152.02,-29.05,1898,3,"056032",45.6
152.02,-29.05,1898,4,"056032",17.5
152.02,-29.05,1898,5,"056032",32.6
152.02,-29.05,1898,6,"056032",60.4
152.02,-29.05,1898,7,"056032",36.6
152.02,-29.05,1898,8,"056032",37.9
152.02,-29.05,1898,9,"056032",33.8
152.02,-29.05,1898,10,"056032",38.6
152.02,-29.05,1898,11,"056032",28.2
152.02,-29.05,1898,12,"056032",35.8
152.02,-29.05,1899,1,"056032",178
152.02,-29.05,1899,2,"056032",73.3
152.02,-29.05,1899,3,"056032",13.4
152.02,-29.05,1899,4,"056032",59.3
152.02,-29.05,1899,5,"056032",27.4
152.02,-29.05,1899,6,"056032",43
152.02,-29.05,1899,7,"056032",76.3
152.02,-29.05,1899,8,"056032",22.6
152.02,-29.05,1899,9,"056032",38.9
152.02,-29.05,1899,10,"056032",45
152.02,-29.05,1899,11,"056032",65.2
152.02,-29.05,1899,12,"056032",120.3
152.02,-29.05,1900,1,"056032",147.3
152.02,-29.05,1900,2,"056032",100.1
152.02,-29.05,1900,3,"056032",38.9
152.02,-29.05,1900,4,"056032",35
152.02,-29.05,1900,5,"056032",75.7
152.02,-29.05,1900,6,"056032",36.2
152.02,-29.05,1900,7,"056032",58
152.02,-29.05,1900,8,"056032",51.2
152.02,-29.05,1900,9,"056032",53.6
152.02,-29.05,1900,10,"056032",2.6
152.02,-29.05,1900,11,"056032",38.6
152.02,-29.05,1900,12,"056032",69.1
152.02,-29.05,1901,1,"056032",89.7
152.02,-29.05,1901,2,"056032",26.6
152.02,-29.05,1901,3,"056032",118.3
152.02,-29.05,1901,4,"056032",40.2
152.02,-29.05,1901,5,"056032",19.5
152.02,-29.05,1901,6,"056032",72.1
152.02,-29.05,1901,7,"056032",37.5
152.02,-29.05,1901,8,"056032",72.9
152.02,-29.05,1901,9,"056032",36.5
152.02,-29.05,1901,10,"056032",75.5
152.02,-29.05,1901,11,"056032",52.1
152.02,-29.05,1901,12,"056032",41.1
152.02,-29.05,1902,1,"056032",201.9
152.02,-29.05,1902,2,"056032",4.9
152.02,-29.05,1902,3,"056032",53.4
152.02,-29.05,1902,4,"056032",3.3
152.02,-29.05,1902,5,"056032",7.1
152.02,-29.05,1902,6,"056032",4.6
152.02,-29.05,1902,7,"056032",6.4
152.02,-29.05,1902,8,"056032",34.6
152.02,-29.05,1902,9,"056032",43.9
152.02,-29.05,1902,10,"056032",62.2
152.02,-29.05,1902,11,"056032",110.8
152.02,-29.05,1902,12,"056032",136.3
152.02,-29.05,1903,1,"056032",46
152.02,-29.05,1903,2,"056032",19.1
152.02,-29.05,1903,3,"056032",32.8
152.02,-29.05,1903,4,"056032",49.8
152.02,-29.05,1903,5,"056032",74.2
152.02,-29.05,1903,6,"056032",145.2
152.02,-29.05,1903,7,"056032",134.7
152.02,-29.05,1903,8,"056032",59.5
152.02,-29.05,1903,9,"056032",161.4
152.02,-29.05,1903,10,"056032",84.3
152.02,-29.05,1903,11,"056032",121.7
152.02,-29.05,1903,12,"056032",116.4
152.02,-29.05,1904,1,"056032",72.1
152.02,-29.05,1904,2,"056032",25.6
152.02,-29.05,1904,3,"056032",169
152.02,-29.05,1904,4,"056032",100
152.02,-29.05,1904,5,"056032",112.4
152.02,-29.05,1904,6,"056032",15.2
152.02,-29.05,1904,7,"056032",62.7
152.02,-29.05,1904,8,"056032",5.1
152.02,-29.05,1904,9,"056032",40.2
152.02,-29.05,1904,10,"056032",91.1
152.02,-29.05,1904,11,"056032",100.3
152.02,-29.05,1904,12,"056032",66.4
152.02,-29.05,1905,1,"056032",115.8
152.02,-29.05,1905,2,"056032",7.6
152.02,-29.05,1905,3,"056032",166.7
152.02,-29.05,1905,4,"056032",66.5
152.02,-29.05,1905,5,"056032",47.4
152.02,-29.05,1905,6,"056032",21.2
152.02,-29.05,1905,7,"056032",13
152.02,-29.05,1905,8,"056032",39.6
152.02,-29.05,1905,9,"056032",29.7
152.02,-29.05,1905,10,"056032",102.1
152.02,-29.05,1905,11,"056032",37.9
152.02,-29.05,1905,12,"056032",109.5
152.02,-29.05,1906,1,"056032",172
152.02,-29.05,1906,2,"056032",35.5
152.02,-29.05,1906,3,"056032",100.8
152.02,-29.05,1906,4,"056032",13
152.02,-29.05,1906,5,"056032",39.4
152.02,-29.05,1906,6,"056032",13.8
152.02,-29.05,1906,7,"056032",20.3
152.02,-29.05,1906,8,"056032",85.2
152.02,-29.05,1906,9,"056032",92.5
152.02,-29.05,1906,10,"056032",59.9
152.02,-29.05,1906,11,"056032",75.9
152.02,-29.05,1906,12,"056032",106.2
152.02,-29.05,1907,1,"056032",158.3
152.02,-29.05,1907,2,"056032",106.8
152.02,-29.05,1907,3,"056032",117.9
152.02,-29.05,1907,4,"056032",21.6
152.02,-29.05,1907,5,"056032",17.7
152.02,-29.05,1907,6,"056032",71.7
152.02,-29.05,1907,7,"056032",25.4
152.02,-29.05,1907,8,"056032",45
152.02,-29.05,1907,9,"056032",0.8
152.02,-29.05,1907,10,"056032",76.8
152.02,-29.05,1907,11,"056032",112.8
152.02,-29.05,1907,12,"056032",75
152.02,-29.05,1908,1,"056032",28.2
152.02,-29.05,1908,2,"056032",134.7
152.02,-29.05,1908,3,"056032",45.8
152.02,-29.05,1908,4,"056032",33.3
152.02,-29.05,1908,5,"056032",10.3
152.02,-29.05,1908,6,"056032",29.7
152.02,-29.05,1908,7,"056032",46.7
152.02,-29.05,1908,8,"056032",97
152.02,-29.05,1908,9,"056032",49.6
152.02,-29.05,1908,10,"056032",30.8
152.02,-29.05,1908,11,"056032",189.3
152.02,-29.05,1908,12,"056032",57.6
152.02,-29.05,1909,1,"056032",23.6
152.02,-29.05,1909,2,"056032",62.8
152.02,-29.05,1909,3,"056032",69.9
152.02,-29.05,1909,4,"056032",66.2
152.02,-29.05,1909,5,"056032",38.9
152.02,-29.05,1909,6,"056032",45.6
152.02,-29.05,1909,7,"056032",50.9
152.02,-29.05,1909,8,"056032",102.5
152.02,-29.05,1909,9,"056032",57.3
152.02,-29.05,1909,10,"056032",64.7
152.02,-29.05,1909,11,"056032",141.1
152.02,-29.05,1909,12,"056032",89.6
152.02,-29.05,1910,1,"056032",109.3
152.02,-29.05,1910,2,"056032",152.8
152.02,-29.05,1910,3,"056032",90.3
152.02,-29.05,1910,4,"056032",17.9
152.02,-29.05,1910,5,"056032",3.8
152.02,-29.05,1910,6,"056032",59
152.02,-29.05,1910,7,"056032",83.4
152.02,-29.05,1910,8,"056032",28.7
152.02,-29.05,1910,9,"056032",10.9
152.02,-29.05,1910,10,"056032",69.3
152.02,-29.05,1910,11,"056032",85.6
152.02,-29.05,1910,12,"056032",141.4
152.02,-29.05,1911,1,"056032",146.8
152.02,-29.05,1911,2,"056032",91
152.02,-29.05,1911,3,"056032",58.3
152.02,-29.05,1911,4,"056032",12.3
152.02,-29.05,1911,5,"056032",38.7
152.02,-29.05,1911,6,"056032",8.4
152.02,-29.05,1911,7,"056032",53.5
152.02,-29.05,1911,8,"056032",46.8
152.02,-29.05,1911,9,"056032",43.8
152.02,-29.05,1911,10,"056032",64.5
152.02,-29.05,1911,11,"056032",38.2
152.02,-29.05,1911,12,"056032",19.3
152.02,-29.05,1912,1,"056032",64
152.02,-29.05,1912,2,"056032",85.5
152.02,-29.05,1912,3,"056032",77.5
152.02,-29.05,1912,4,"056032",2.9
152.02,-29.05,1912,5,"056032",5.6
152.02,-29.05,1912,6,"056032",141.3
152.02,-29.05,1912,7,"056032",79.9
152.02,-29.05,1912,8,"056032",35.3
152.02,-29.05,1912,9,"056032",49.2
152.02,-29.05,1912,10,"056032",68.9
152.02,-29.05,1912,11,"056032",36.1
152.02,-29.05,1912,12,"056032",50.6
152.02,-29.05,1913,1,"056032",89.3
152.02,-29.05,1913,2,"056032",25.3
152.02,-29.05,1913,3,"056032",31
152.02,-29.05,1913,4,"056032",36.6
152.02,-29.05,1913,5,"056032",98.1
152.02,-29.05,1913,6,"056032",97.5
152.02,-29.05,1913,7,"056032",27
152.02,-29.05,1913,8,"056032",8.6
152.02,-29.05,1913,9,"056032",62.6
152.02,-29.05,1913,10,"056032",76.1
152.02,-29.05,1913,11,"056032",33.6
152.02,-29.05,1913,12,"056032",77.5
152.02,-29.05,1914,1,"056032",41.7
152.02,-29.05,1914,2,"056032",41.5
152.02,-29.05,1914,3,"056032",100
152.02,-29.05,1914,4,"056032",38.9
152.02,-29.05,1914,5,"056032",50.9
152.02,-29.05,1914,6,"056032",72.2
152.02,-29.05,1914,7,"056032",28.8
152.02,-29.05,1914,8,"056032",7.3
152.02,-29.05,1914,9,"056032",28.2
152.02,-29.05,1914,10,"056032",122.3
152.02,-29.05,1914,11,"056032",86.5
152.02,-29.05,1914,12,"056032",162.6
152.02,-29.05,1915,1,"056032",56.5
152.02,-29.05,1915,2,"056032",15
152.02,-29.05,1915,3,"056032",17
152.02,-29.05,1915,4,"056032",50.7
152.02,-29.05,1915,5,"056032",41.5
152.02,-29.05,1915,6,"056032",36
152.02,-29.05,1915,7,"056032",37
152.02,-29.05,1915,8,"056032",36.6
152.02,-29.05,1915,9,"056032",26.6
152.02,-29.05,1915,10,"056032",4.1
152.02,-29.05,1915,11,"056032",21.1
152.02,-29.05,1915,12,"056032",87.8
152.02,-29.05,1916,1,"056032",83.2
152.02,-29.05,1916,2,"056032",81.3
152.02,-29.05,1916,3,"056032",20.3
152.02,-29.05,1916,4,"056032",101
152.02,-29.05,1916,5,"056032",53.6
152.02,-29.05,1916,6,"056032",63.8
152.02,-29.05,1916,7,"056032",57.7
152.02,-29.05,1916,8,"056032",46.8
152.02,-29.05,1916,9,"056032",37.8
152.02,-29.05,1916,10,"056032",81.3
152.02,-29.05,1916,11,"056032",79
152.02,-29.05,1916,12,"056032",87.4
152.02,-29.05,1917,1,"056032",172.6
152.02,-29.05,1917,2,"056032",112.7
152.02,-29.05,1917,3,"056032",77.4
152.02,-29.05,1917,4,"056032",5.4
152.02,-29.05,1917,5,"056032",17.6
152.02,-29.05,1917,6,"056032",32.5
152.02,-29.05,1917,7,"056032",33.6
152.02,-29.05,1917,8,"056032",13
152.02,-29.05,1917,9,"056032",199
152.02,-29.05,1917,10,"056032",99.6
152.02,-29.05,1917,11,"056032",231.3
152.02,-29.05,1917,12,"056032",115.6
152.02,-29.05,1918,1,"056032",136.2
152.02,-29.05,1918,2,"056032",57.8
152.02,-29.05,1918,3,"056032",25
152.02,-29.05,1918,4,"056032",83.8
152.02,-29.05,1918,5,"056032",24
152.02,-29.05,1918,6,"056032",4.9
152.02,-29.05,1918,7,"056032",30.6
152.02,-29.05,1918,8,"056032",54.3
152.02,-29.05,1918,9,"056032",11.7
152.02,-29.05,1918,10,"056032",25.8
152.02,-29.05,1918,11,"056032",38.2
152.02,-29.05,1918,12,"056032",143.5
152.02,-29.05,1919,1,"056032",47.8
152.02,-29.05,1919,2,"056032",69.2
152.02,-29.05,1919,3,"056032",186.9
152.02,-29.05,1919,4,"056032",15.3
152.02,-29.05,1919,5,"056032",59.1
152.02,-29.05,1919,6,"056032",19.8
152.02,-29.05,1919,7,"056032",8.9
152.02,-29.05,1919,8,"056032",23.4
152.02,-29.05,1919,9,"056032",14.3
152.02,-29.05,1919,10,"056032",29.5
152.02,-29.05,1919,11,"056032",19.4
152.02,-29.05,1919,12,"056032",63.5
152.02,-29.05,1920,1,"056032",43.2
152.02,-29.05,1920,2,"056032",32.7
152.02,-29.05,1920,3,"056032",45.5
152.02,-29.05,1920,4,"056032",29.7
152.02,-29.05,1920,5,"056032",41
152.02,-29.05,1920,6,"056032",92.2
152.02,-29.05,1920,7,"056032",112.8
152.02,-29.05,1920,8,"056032",56.6
152.02,-29.05,1920,9,"056032",71.5
152.02,-29.05,1920,10,"056032",86.6
152.02,-29.05,1920,11,"056032",51.3
152.02,-29.05,1920,12,"056032",68.6
152.02,-29.05,1921,1,"056032",31.3
152.02,-29.05,1921,2,"056032",138.1
152.02,-29.05,1921,3,"056032",72.6
152.02,-29.05,1921,4,"056032",44.4
152.02,-29.05,1921,5,"056032",141.2
152.02,-29.05,1921,6,"056032",135.1
152.02,-29.05,1921,7,"056032",164.9
152.02,-29.05,1921,8,"056032",8.4
152.02,-29.05,1921,9,"056032",91.8
152.02,-29.05,1921,10,"056032",119.9
152.02,-29.05,1921,11,"056032",53.1
152.02,-29.05,1921,12,"056032",145.2
152.02,-29.05,1922,1,"056032",39.7
152.02,-29.05,1922,2,"056032",48.9
152.02,-29.05,1922,3,"056032",78.5
152.02,-29.05,1922,4,"056032",15.2
152.02,-29.05,1922,5,"056032",10.8
152.02,-29.05,1922,6,"056032",28.1
152.02,-29.05,1922,7,"056032",76.9
152.02,-29.05,1922,8,"056032",14
152.02,-29.05,1922,9,"056032",44.3
152.02,-29.05,1922,10,"056032",73.6
152.02,-29.05,1922,11,"056032",46.7
152.02,-29.05,1922,12,"056032",132.8
152.02,-29.05,1923,1,"056032",129.6
152.02,-29.05,1923,2,"056032",4.3
152.02,-29.05,1923,3,"056032",38.2
152.02,-29.05,1923,4,"056032",48.8
152.02,-29.05,1923,5,"056032",11.3
152.02,-29.05,1923,6,"056032",73.2
152.02,-29.05,1923,7,"056032",35.8
152.02,-29.05,1923,8,"056032",19.3
152.02,-29.05,1923,9,"056032",29.2
152.02,-29.05,1923,10,"056032",26.3
152.02,-29.05,1923,11,"056032",8.9
152.02,-29.05,1923,12,"056032",55.3
152.02,-29.05,1924,1,"056032",105.4
152.02,-29.05,1924,2,"056032",99.7
152.02,-29.05,1924,3,"056032",52.6
152.02,-29.05,1924,4,"056032",31.5
152.02,-29.05,1924,5,"056032",14.6
152.02,-29.05,1924,6,"056032",48.2
152.02,-29.05,1924,7,"056032",59.6
152.02,-29.05,1924,8,"056032",40.8
152.02,-29.05,1924,9,"056032",56.2
152.02,-29.05,1924,10,"056032",126.1
152.02,-29.05,1924,11,"056032",142.2
152.02,-29.05,1924,12,"056032",84.2
152.02,-29.05,1925,1,"056032",233.7
152.02,-29.05,1925,2,"056032",72.2
152.02,-29.05,1925,3,"056032",120.2
152.02,-29.05,1925,4,"056032",20.7
152.02,-29.05,1925,5,"056032",71.9
152.02,-29.05,1925,6,"056032",66.2
152.02,-29.05,1925,7,"056032",35.8
152.02,-29.05,1925,8,"056032",113.7
152.02,-29.05,1925,9,"056032",6.6
152.02,-29.05,1925,10,"056032",32.6
152.02,-29.05,1925,11,"056032",157
152.02,-29.05,1925,12,"056032",80.8
152.02,-29.05,1926,1,"056032",106.8
152.02,-29.05,1926,2,"056032",26.1
152.02,-29.05,1926,3,"056032",9.1
152.02,-29.05,1926,4,"056032",88.3
152.02,-29.05,1926,5,"056032",34.8
152.02,-29.05,1926,6,"056032",37.4
152.02,-29.05,1926,7,"056032",66.5
152.02,-29.05,1926,8,"056032",31.2
152.02,-29.05,1926,9,"056032",13.5
152.02,-29.05,1926,10,"056032",18.7
152.02,-29.05,1926,11,"056032",6.6
152.02,-29.05,1926,12,"056032",199.9
152.02,-29.05,1927,1,"056032",217.3
152.02,-29.05,1927,2,"056032",73.7
152.02,-29.05,1927,3,"056032",150.4
152.02,-29.05,1927,4,"056032",42.9
152.02,-29.05,1927,5,"056032",3
152.02,-29.05,1927,6,"056032",69.7
152.02,-29.05,1927,7,"056032",11.7
152.02,-29.05,1927,8,"056032",15.2
152.02,-29.05,1927,9,"056032",9.6
152.02,-29.05,1927,10,"056032",72.6
152.02,-29.05,1927,11,"056032",164.6
152.02,-29.05,1927,12,"056032",75.5
152.02,-29.05,1928,1,"056032",97.1
152.02,-29.05,1928,2,"056032",274.1
152.02,-29.05,1928,3,"056032",111.3
152.02,-29.05,1928,4,"056032",74.2
152.02,-29.05,1928,5,"056032",34.2
152.02,-29.05,1928,6,"056032",81.8
152.02,-29.05,1928,7,"056032",72.5
152.02,-29.05,1928,8,"056032",10.4
152.02,-29.05,1928,9,"056032",6.6
152.02,-29.05,1928,10,"056032",64.2
152.02,-29.05,1928,11,"056032",43.7
152.02,-29.05,1928,12,"056032",57.5
152.02,-29.05,1929,1,"056032",61.7
152.02,-29.05,1929,2,"056032",198.7
152.02,-29.05,1929,3,"056032",55.4
152.02,-29.05,1929,4,"056032",101.9
152.02,-29.05,1929,5,"056032",9.4
152.02,-29.05,1929,6,"056032",24.7
152.02,-29.05,1929,7,"056032",62.8
152.02,-29.05,1929,8,"056032",30.5
152.02,-29.05,1929,9,"056032",7.9
152.02,-29.05,1929,10,"056032",189
152.02,-29.05,1929,11,"056032",55.9
152.02,-29.05,1929,12,"056032",59.7
152.02,-29.05,1930,1,"056032",94
152.02,-29.05,1930,2,"056032",72.6
152.02,-29.05,1930,3,"056032",40.4
152.02,-29.05,1930,4,"056032",56.2
152.02,-29.05,1930,5,"056032",77.8
152.02,-29.05,1930,6,"056032",116.7
152.02,-29.05,1930,7,"056032",46.3
152.02,-29.05,1930,8,"056032",77.3
152.02,-29.05,1930,9,"056032",22.8
152.02,-29.05,1930,10,"056032",69.8
152.02,-29.05,1930,11,"056032",36.3
152.02,-29.05,1930,12,"056032",53.7
152.02,-29.05,1931,1,"056032",88.1
152.02,-29.05,1931,2,"056032",76.2
152.02,-29.05,1931,3,"056032",60.6
152.02,-29.05,1931,4,"056032",49.1
152.02,-29.05,1931,5,"056032",92.6
152.02,-29.05,1931,6,"056032",47.6
152.02,-29.05,1931,7,"056032",58.7
152.02,-29.05,1931,8,"056032",17.6
152.02,-29.05,1931,9,"056032",36.1
152.02,-29.05,1931,10,"056032",27.8
152.02,-29.05,1931,11,"056032",92.7
152.02,-29.05,1931,12,"056032",150
152.02,-29.05,1932,1,"056032",41.1
152.02,-29.05,1932,2,"056032",38.1
152.02,-29.05,1932,3,"056032",28.3
152.02,-29.05,1932,4,"056032",120.2
152.02,-29.05,1932,5,"056032",31.5
152.02,-29.05,1932,6,"056032",18.5
152.02,-29.05,1932,7,"056032",25.4
152.02,-29.05,1932,8,"056032",14
152.02,-29.05,1932,9,"056032",68.2
152.02,-29.05,1932,10,"056032",90.1
152.02,-29.05,1932,11,"056032",109.3
152.02,-29.05,1932,12,"056032",53.6
152.02,-29.05,1933,1,"056032",138.7
152.02,-29.05,1933,2,"056032",48.3
152.02,-29.05,1933,3,"056032",20.9
152.02,-29.05,1933,4,"056032",84.4
152.02,-29.05,1933,5,"056032",57.7
152.02,-29.05,1933,6,"056032",63.2
152.02,-29.05,1933,7,"056032",105.5
152.02,-29.05,1933,8,"056032",60.4
152.02,-29.05,1933,9,"056032",70.4
152.02,-29.05,1933,10,"056032",101.9
152.02,-29.05,1933,11,"056032",174.7
152.02,-29.05,1933,12,"056032",118
152.02,-29.05,1934,1,"056032",97.5
152.02,-29.05,1934,2,"056032",105.3
152.02,-29.05,1934,3,"056032",31.2
152.02,-29.05,1934,4,"056032",66.6
152.02,-29.05,1934,5,"056032",29.2
152.02,-29.05,1934,6,"056032",34.5
152.02,-29.05,1934,7,"056032",103
152.02,-29.05,1934,8,"056032",61.5
152.02,-29.05,1934,9,"056032",52.4
152.02,-29.05,1934,10,"056032",82.8
152.02,-29.05,1934,11,"056032",63.7
152.02,-29.05,1934,12,"056032",199.2
152.02,-29.05,1935,1,"056032",77.8
152.02,-29.05,1935,2,"056032",95.4
152.02,-29.05,1935,3,"056032",18.8
152.02,-29.05,1935,4,"056032",23.7
152.02,-29.05,1935,5,"056032",22.9
152.02,-29.05,1935,6,"056032",2.8
152.02,-29.05,1935,7,"056032",68.1
152.02,-29.05,1935,8,"056032",10.7
152.02,-29.05,1935,9,"056032",114
152.02,-29.05,1935,10,"056032",73.5
152.02,-29.05,1935,11,"056032",21.9
152.02,-29.05,1935,12,"056032",143.6
152.02,-29.05,1936,1,"056032",93.8
152.02,-29.05,1936,2,"056032",21.2
152.02,-29.05,1936,3,"056032",114.3
152.02,-29.05,1936,4,"056032",58.9
152.02,-29.05,1936,5,"056032",22.3
152.02,-29.05,1936,6,"056032",22.5
152.02,-29.05,1936,7,"056032",68.7
152.02,-29.05,1936,8,"056032",19.6
152.02,-29.05,1936,9,"056032",44.4
152.02,-29.05,1936,10,"056032",65.6
152.02,-29.05,1936,11,"056032",23.1
152.02,-29.05,1936,12,"056032",174.7
152.02,-29.05,1937,1,"056032",149.8
152.02,-29.05,1937,2,"056032",65.2
152.02,-29.05,1937,3,"056032",125.5
152.02,-29.05,1937,4,"056032",29
152.02,-29.05,1937,5,"056032",17.1
152.02,-29.05,1937,6,"056032",33.9
152.02,-29.05,1937,7,"056032",21.9
152.02,-29.05,1937,8,"056032",65.8
152.02,-29.05,1937,9,"056032",8.4
152.02,-29.05,1937,10,"056032",74
152.02,-29.05,1937,11,"056032",91
152.02,-29.05,1937,12,"056032",94.1
152.02,-29.05,1938,1,"056032",121
152.02,-29.05,1938,2,"056032",61.8
152.02,-29.05,1938,3,"056032",13.2
152.02,-29.05,1938,4,"056032",8.9
152.02,-29.05,1938,5,"056032",79.9
152.02,-29.05,1938,6,"056032",5.6
152.02,-29.05,1938,7,"056032",58.5
152.02,-29.05,1938,8,"056032",73.6
152.02,-29.05,1938,9,"056032",47
152.02,-29.05,1938,10,"056032",48.6
152.02,-29.05,1938,11,"056032",121.4
152.02,-29.05,1938,12,"056032",16.8
152.02,-29.05,1939,1,"056032",149.9
152.02,-29.05,1939,2,"056032",5.3
152.02,-29.05,1939,3,"056032",153.3
152.02,-29.05,1939,4,"056032",45.8
152.02,-29.05,1939,5,"056032",3.3
152.02,-29.05,1939,6,"056032",66.3
152.02,-29.05,1939,7,"056032",41.2
152.02,-29.05,1939,8,"056032",52.4
152.02,-29.05,1939,9,"056032",33
152.02,-29.05,1939,10,"056032",34.5
152.02,-29.05,1939,11,"056032",77.1
152.02,-29.05,1939,12,"056032",185.8
152.02,-29.05,1940,1,"056032",97.3
152.02,-29.05,1940,2,"056032",89.7
152.02,-29.05,1940,3,"056032",67.6
152.02,-29.05,1940,4,"056032",12.5
152.02,-29.05,1940,5,"056032",15.3
152.02,-29.05,1940,6,"056032",17.6
152.02,-29.05,1940,7,"056032",6.8
152.02,-29.05,1940,8,"056032",9.2
152.02,-29.05,1940,9,"056032",25.7
152.02,-29.05,1940,10,"056032",41.2
152.02,-29.05,1940,11,"056032",50.3
152.02,-29.05,1940,12,"056032",141.2
152.02,-29.05,1941,1,"056032",217.4
152.02,-29.05,1941,2,"056032",78.4
152.02,-29.05,1941,3,"056032",141
152.02,-29.05,1941,4,"056032",10.9
152.02,-29.05,1941,5,"056032",61.7
152.02,-29.05,1941,6,"056032",96.1
152.02,-29.05,1941,7,"056032",16
152.02,-29.05,1941,8,"056032",1
152.02,-29.05,1941,9,"056032",2
152.02,-29.05,1941,10,"056032",35.9
152.02,-29.05,1941,11,"056032",80.2
152.02,-29.05,1941,12,"056032",13.7
152.02,-29.05,1942,1,"056032",73.6
152.02,-29.05,1942,2,"056032",194.6
152.02,-29.05,1942,3,"056032",51.2
152.02,-29.05,1942,4,"056032",4.6
152.02,-29.05,1942,5,"056032",41.4
152.02,-29.05,1942,6,"056032",32.5
152.02,-29.05,1942,7,"056032",98.6
152.02,-29.05,1942,8,"056032",9.2
152.02,-29.05,1942,9,"056032",12.4
152.02,-29.05,1942,10,"056032",116.8
152.02,-29.05,1942,11,"056032",115
152.02,-29.05,1942,12,"056032",136.6
152.02,-29.05,1943,1,"056032",96.2
152.02,-29.05,1943,2,"056032",13.7
152.02,-29.05,1943,3,"056032",18.6
152.02,-29.05,1943,4,"056032",24.6
152.02,-29.05,1943,5,"056032",32.8
152.02,-29.05,1943,6,"056032",22.6
152.02,-29.05,1943,7,"056032",31
152.02,-29.05,1943,8,"056032",71.4
152.02,-29.05,1943,9,"056032",56.7
152.02,-29.05,1943,10,"056032",78.9
152.02,-29.05,1943,11,"056032",161.7
152.02,-29.05,1943,12,"056032",133.9
152.02,-29.05,1944,1,"056032",203.4
152.02,-29.05,1944,2,"056032",98.1
152.02,-29.05,1944,3,"056032",10.6
152.02,-29.05,1944,4,"056032",7.2
152.02,-29.05,1944,5,"056032",28
152.02,-29.05,1944,6,"056032",7.1
152.02,-29.05,1944,7,"056032",80.7
152.02,-29.05,1944,8,"056032",91.9
152.02,-29.05,1944,9,"056032",20
152.02,-29.05,1944,10,"056032",19.3
152.02,-29.05,1944,11,"056032",42.2
152.02,-29.05,1944,12,"056032",69.6
152.02,-29.05,1945,1,"056032",94.3
152.02,-29.05,1945,2,"056032",200.4
152.02,-29.05,1945,3,"056032",12.4
152.02,-29.05,1945,4,"056032",54.4
152.02,-29.05,1945,5,"056032",32.5
152.02,-29.05,1945,6,"056032",225.9
152.02,-29.05,1945,7,"056032",69.8
152.02,-29.05,1945,8,"056032",61.6
152.02,-29.05,1945,9,"056032",45
152.02,-29.05,1945,10,"056032",27.3
152.02,-29.05,1945,11,"056032",70.4
152.02,-29.05,1945,12,"056032",105.9
152.02,-29.05,1946,1,"056032",181.8
152.02,-29.05,1946,2,"056032",35.2
152.02,-29.05,1946,3,"056032",122.1
152.02,-29.05,1946,4,"056032",39.7
152.02,-29.05,1946,5,"056032",28.4
152.02,-29.05,1946,6,"056032",5.3
152.02,-29.05,1946,7,"056032",4.6
152.02,-29.05,1946,8,"056032",3.6
152.02,-29.05,1946,9,"056032",108.3
152.02,-29.05,1946,10,"056032",45.9
152.02,-29.05,1946,11,"056032",79.7
152.02,-29.05,1946,12,"056032",107.1
152.02,-29.05,1947,1,"056032",176.8
152.02,-29.05,1947,2,"056032",161.8
152.02,-29.05,1947,3,"056032",177.5
152.02,-29.05,1947,4,"056032",65.5
152.02,-29.05,1947,5,"056032",38.4
152.02,-29.05,1947,6,"056032",13.7
152.02,-29.05,1947,7,"056032",27.2
152.02,-29.05,1947,8,"056032",47.8
152.02,-29.05,1947,9,"056032",63.7
152.02,-29.05,1947,10,"056032",76.9
152.02,-29.05,1947,11,"056032",112
152.02,-29.05,1947,12,"056032",173.8
152.02,-29.05,1948,1,"056032",100.9
152.02,-29.05,1948,2,"056032",72.2
152.02,-29.05,1948,3,"056032",99.1
152.02,-29.05,1948,4,"056032",10.2
152.02,-29.05,1948,5,"056032",75.6
152.02,-29.05,1948,6,"056032",150
152.02,-29.05,1948,7,"056032",22
152.02,-29.05,1948,8,"056032",48.5
152.02,-29.05,1948,9,"056032",60.6
152.02,-29.05,1948,10,"056032",17.3
152.02,-29.05,1948,11,"056032",92.3
152.02,-29.05,1948,12,"056032",64.1
152.02,-29.05,1949,1,"056032",43.8
152.02,-29.05,1949,2,"056032",179.5
152.02,-29.05,1949,3,"056032",74.7
152.02,-29.05,1949,4,"056032",7.9
152.02,-29.05,1949,5,"056032",50.4
152.02,-29.05,1949,6,"056032",77.5
152.02,-29.05,1949,7,"056032",40.1
152.02,-29.05,1949,8,"056032",38.2
152.02,-29.05,1949,9,"056032",48.8
152.02,-29.05,1949,10,"056032",203.9
152.02,-29.05,1949,11,"056032",99.8
152.02,-29.05,1949,12,"056032",42.9
152.02,-29.05,1950,1,"056032",77.9
152.02,-29.05,1950,2,"056032",156
152.02,-29.05,1950,3,"056032",63.5
152.02,-29.05,1950,4,"056032",49.5
152.02,-29.05,1950,5,"056032",27.7
152.02,-29.05,1950,6,"056032",291.1
152.02,-29.05,1950,7,"056032",135.1
152.02,-29.05,1950,8,"056032",39.9
152.02,-29.05,1950,9,"056032",91.3
152.02,-29.05,1950,10,"056032",150.3
152.02,-29.05,1950,11,"056032",160.6
152.02,-29.05,1950,12,"056032",39.1
152.02,-29.05,1951,1,"056032",216.6
152.02,-29.05,1951,2,"056032",21.4
152.02,-29.05,1951,3,"056032",143.9
152.02,-29.05,1951,4,"056032",33.2
152.02,-29.05,1951,5,"056032",18.1
152.02,-29.05,1951,6,"056032",61.7
152.02,-29.05,1951,7,"056032",20.4
152.02,-29.05,1951,8,"056032",58.7
152.02,-29.05,1951,9,"056032",30.7
152.02,-29.05,1951,10,"056032",57.8
152.02,-29.05,1951,11,"056032",65.1
152.02,-29.05,1951,12,"056032",48.1
152.02,-29.05,1952,1,"056032",32.4
152.02,-29.05,1952,2,"056032",136.5
152.02,-29.05,1952,3,"056032",90.5
152.02,-29.05,1952,4,"056032",53.6
152.02,-29.05,1952,5,"056032",108.3
152.02,-29.05,1952,6,"056032",55.4
152.02,-29.05,1952,7,"056032",27.9
152.02,-29.05,1952,8,"056032",78.5
152.02,-29.05,1952,9,"056032",22.9
152.02,-29.05,1952,10,"056032",231.6
152.02,-29.05,1952,11,"056032",25.8
152.02,-29.05,1952,12,"056032",41.5
152.02,-29.05,1953,1,"056032",93.4
152.02,-29.05,1953,2,"056032",134.1
152.02,-29.05,1953,3,"056032",46.2
152.02,-29.05,1953,4,"056032",28.5
152.02,-29.05,1953,5,"056032",45.1
152.02,-29.05,1953,6,"056032",0
152.02,-29.05,1953,7,"056032",13.9
152.02,-29.05,1953,8,"056032",63.5
152.02,-29.05,1953,9,"056032",21.3
152.02,-29.05,1953,10,"056032",44.2
152.02,-29.05,1953,11,"056032",77.5
152.02,-29.05,1953,12,"056032",24.4
152.02,-29.05,1954,1,"056032",49.9
152.02,-29.05,1954,2,"056032",253.9
152.02,-29.05,1954,3,"056032",10.5
152.02,-29.05,1954,4,"056032",29.6
152.02,-29.05,1954,5,"056032",22.7
152.02,-29.05,1954,6,"056032",40.7
152.02,-29.05,1954,7,"056032",123.7
152.02,-29.05,1954,8,"056032",45.5
152.02,-29.05,1954,9,"056032",40.9
152.02,-29.05,1954,10,"056032",172.6
152.02,-29.05,1954,11,"056032",101.3
152.02,-29.05,1954,12,"056032",135.9
152.02,-29.05,1955,1,"056032",51.2
152.02,-29.05,1955,2,"056032",50.9
152.02,-29.05,1955,3,"056032",113.7
152.02,-29.05,1955,4,"056032",76.7
152.02,-29.05,1955,5,"056032",121.4
152.02,-29.05,1955,6,"056032",19.6
152.02,-29.05,1955,7,"056032",35.2
152.02,-29.05,1955,8,"056032",21.6
152.02,-29.05,1955,9,"056032",44.4
152.02,-29.05,1955,10,"056032",96.5
152.02,-29.05,1955,11,"056032",15.8
152.02,-29.05,1955,12,"056032",69.1
152.02,-29.05,1956,1,"056032",195.4
152.02,-29.05,1956,2,"056032",249.8
152.02,-29.05,1956,3,"056032",51.6
152.02,-29.05,1956,4,"056032",67.8
152.02,-29.05,1956,5,"056032",90
152.02,-29.05,1956,6,"056032",104.9
152.02,-29.05,1956,7,"056032",50.5
152.02,-29.05,1956,8,"056032",10.2
152.02,-29.05,1956,9,"056032",49
152.02,-29.05,1956,10,"056032",55.2
152.02,-29.05,1956,11,"056032",56.8
152.02,-29.05,1956,12,"056032",121.4
152.02,-29.05,1957,1,"056032",74.8
152.02,-29.05,1957,2,"056032",59.9
152.02,-29.05,1957,3,"056032",62.5
152.02,-29.05,1957,4,"056032",60.7
152.02,-29.05,1957,5,"056032",0
152.02,-29.05,1957,6,"056032",21.7
152.02,-29.05,1957,7,"056032",43.2
152.02,-29.05,1957,8,"056032",54.6
152.02,-29.05,1957,9,"056032",5.8
152.02,-29.05,1957,10,"056032",48.9
152.02,-29.05,1957,11,"056032",43.5
152.02,-29.05,1957,12,"056032",19.9
152.02,-29.05,1958,1,"056032",75.8
152.02,-29.05,1958,2,"056032",110.6
152.02,-29.05,1958,3,"056032",140.5
152.02,-29.05,1958,4,"056032",38.6
152.02,-29.05,1958,5,"056032",15.8
152.02,-29.05,1958,6,"056032",50.3
152.02,-29.05,1958,7,"056032",24.4
152.02,-29.05,1958,8,"056032",43
152.02,-29.05,1958,9,"056032",109
152.02,-29.05,1958,10,"056032",58.9
152.02,-29.05,1958,11,"056032",44.3
152.02,-29.05,1958,12,"056032",188.6
152.02,-29.05,1959,1,"056032",291.9
152.02,-29.05,1959,2,"056032",79.8
152.02,-29.05,1959,3,"056032",115.5
152.02,-29.05,1959,4,"056032",37.1
152.02,-29.05,1959,5,"056032",39.3
152.02,-29.05,1959,6,"056032",8.5
152.02,-29.05,1959,7,"056032",96
152.02,-29.05,1959,8,"056032",6
152.02,-29.05,1959,9,"056032",74.8
152.02,-29.05,1959,10,"056032",70.3
152.02,-29.05,1959,11,"056032",130.4
152.02,-29.05,1959,12,"056032",283.4
152.02,-29.05,1960,1,"056032",62.9
152.02,-29.05,1960,2,"056032",100.8
152.02,-29.05,1960,3,"056032",36.3
152.02,-29.05,1960,4,"056032",26.9
152.02,-29.05,1960,5,"056032",58.9
152.02,-29.05,1960,6,"056032",31
152.02,-29.05,1960,7,"056032",43.3
152.02,-29.05,1960,8,"056032",41.7
152.02,-29.05,1960,9,"056032",32.8
152.02,-29.05,1960,10,"056032",41.5
152.02,-29.05,1960,11,"056032",62.5
152.02,-29.05,1960,12,"056032",84.8
152.02,-29.05,1961,1,"056032",63.7
152.02,-29.05,1961,2,"056032",166.5
152.02,-29.05,1961,3,"056032",47.7
152.02,-29.05,1961,4,"056032",30.1
152.02,-29.05,1961,5,"056032",33.5
152.02,-29.05,1961,6,"056032",54.3
152.02,-29.05,1961,7,"056032",84.3
152.02,-29.05,1961,8,"056032",52.3
152.02,-29.05,1961,9,"056032",44.8
152.02,-29.05,1961,10,"056032",75.1
152.02,-29.05,1961,11,"056032",123.6
152.02,-29.05,1961,12,"056032",167.1
152.02,-29.05,1962,1,"056032",247.8
152.02,-29.05,1962,2,"056032",136.5
152.02,-29.05,1962,3,"056032",200.3
152.02,-29.05,1962,4,"056032",222.1
152.02,-29.05,1962,5,"056032",21.5
152.02,-29.05,1962,6,"056032",0
152.02,-29.05,1962,7,"056032",156.1
152.02,-29.05,1962,8,"056032",56.8
152.02,-29.05,1962,9,"056032",53.2
152.02,-29.05,1962,10,"056032",74
152.02,-29.05,1962,11,"056032",65.9
152.02,-29.05,1962,12,"056032",148.3
152.02,-29.05,1963,1,"056032",90.3
152.02,-29.05,1963,2,"056032",76.5
152.02,-29.05,1963,3,"056032",125.3
152.02,-29.05,1963,4,"056032",56.8
152.02,-29.05,1963,5,"056032",156.7
152.02,-29.05,1963,6,"056032",37.8
152.02,-29.05,1963,7,"056032",11.2
152.02,-29.05,1963,8,"056032",90.5
152.02,-29.05,1963,9,"056032",14
152.02,-29.05,1963,10,"056032",41
152.02,-29.05,1963,11,"056032",132.3
152.02,-29.05,1963,12,"056032",126.2
152.02,-29.05,1964,1,"056032",112.8
152.02,-29.05,1964,2,"056032",45.1
152.02,-29.05,1964,3,"056032",140.9
152.02,-29.05,1964,4,"056032",67.4
152.02,-29.05,1964,5,"056032",68.3
152.02,-29.05,1964,6,"056032",37
152.02,-29.05,1964,7,"056032",79
152.02,-29.05,1964,8,"056032",19.6
152.02,-29.05,1964,9,"056032",45.5
152.02,-29.05,1964,10,"056032",133.7
152.02,-29.05,1964,11,"056032",64.8
152.02,-29.05,1964,12,"056032",30.4
152.02,-29.05,1965,1,"056032",24.3
152.02,-29.05,1965,2,"056032",46.8
152.02,-29.05,1965,3,"056032",0
152.02,-29.05,1965,4,"056032",12.7
152.02,-29.05,1965,5,"056032",4.6
152.02,-29.05,1965,6,"056032",31.6
152.02,-29.05,1965,7,"056032",171.4
152.02,-29.05,1965,8,"056032",13.7
152.02,-29.05,1965,9,"056032",39.3
152.02,-29.05,1965,10,"056032",25.1
152.02,-29.05,1965,11,"056032",73.2
152.02,-29.05,1965,12,"056032",283.4
152.02,-29.05,1966,1,"056032",17
152.02,-29.05,1966,2,"056032",148.3
152.02,-29.05,1966,3,"056032",39.7
152.02,-29.05,1966,4,"056032",46.7
152.02,-29.05,1966,5,"056032",27.2
152.02,-29.05,1966,6,"056032",41.2
152.02,-29.05,1966,7,"056032",6.3
152.02,-29.05,1966,8,"056032",115.9
152.02,-29.05,1966,9,"056032",74.2
152.02,-29.05,1966,10,"056032",92.6
152.02,-29.05,1966,11,"056032",103.4
152.02,-29.05,1966,12,"056032",105.1
152.02,-29.05,1967,1,"056032",192.4
152.02,-29.05,1967,2,"056032",58.2
152.02,-29.05,1967,3,"056032",220.1
152.02,-29.05,1967,4,"056032",39.6
152.02,-29.05,1967,5,"056032",53.7
152.02,-29.05,1967,6,"056032",185.7
152.02,-29.05,1967,7,"056032",55.2
152.02,-29.05,1967,8,"056032",35.8
152.02,-29.05,1967,9,"056032",15.2
152.02,-29.05,1967,10,"056032",223
152.02,-29.05,1967,11,"056032",52.3
152.02,-29.05,1967,12,"056032",92.8
152.02,-29.05,1968,1,"056032",281.5
152.02,-29.05,1968,2,"056032",84.5
152.02,-29.05,1968,3,"056032",167.5
152.02,-29.05,1968,4,"056032",40.3
152.02,-29.05,1968,5,"056032",69.8
152.02,-29.05,1968,6,"056032",13.2
152.02,-29.05,1968,7,"056032",100.8
152.02,-29.05,1968,8,"056032",151.6
152.02,-29.05,1968,9,"056032",23.6
152.02,-29.05,1968,10,"056032",74.9
152.02,-29.05,1968,11,"056032",24.5
152.02,-29.05,1968,12,"056032",127.1
152.02,-29.05,1969,1,"056032",227.4
152.02,-29.05,1969,2,"056032",68.3
152.02,-29.05,1969,3,"056032",11.7
152.02,-29.05,1969,4,"056032",5.3
152.02,-29.05,1969,5,"056032",116
152.02,-29.05,1969,6,"056032",34.5
152.02,-29.05,1969,7,"056032",26.3
152.02,-29.05,1969,8,"056032",63.8
152.02,-29.05,1969,9,"056032",57.8
152.02,-29.05,1969,10,"056032",175.7
152.02,-29.05,1969,11,"056032",97.3
152.02,-29.05,1969,12,"056032",92.8
152.02,-29.05,1970,1,"056032",168.2
152.02,-29.05,1970,2,"056032",87.4
152.02,-29.05,1970,3,"056032",61.8
152.02,-29.05,1970,4,"056032",36.6
152.02,-29.05,1970,5,"056032",10.9
152.02,-29.05,1970,6,"056032",15.7
152.02,-29.05,1970,7,"056032",1
152.02,-29.05,1970,8,"056032",23.6
152.02,-29.05,1970,9,"056032",148.4
152.02,-29.05,1970,10,"056032",90.9
152.02,-29.05,1970,11,"056032",64.5
152.02,-29.05,1970,12,"056032",230.1
152.02,-29.05,1971,1,"056032",117.8
152.02,-29.05,1971,2,"056032",291.5
152.02,-29.05,1971,3,"056032",44
152.02,-29.05,1971,4,"056032",42
152.02,-29.05,1971,5,"056032",18.5
152.02,-29.05,1971,6,"056032",28.2
152.02,-29.05,1971,7,"056032",58.4
152.02,-29.05,1971,8,"056032",84.9
152.02,-29.05,1971,9,"056032",69.2
152.02,-29.05,1971,10,"056032",56.3
152.02,-29.05,1971,11,"056032",99
152.02,-29.05,1971,12,"056032",150.3
152.02,-29.05,1972,1,"056032",241
152.02,-29.05,1972,2,"056032",108.5
152.02,-29.05,1972,3,"056032",66.9
152.02,-29.05,1972,4,"056032",30.9
152.02,-29.05,1972,5,"056032",56.5
152.02,-29.05,1972,6,"056032",16.1
152.02,-29.05,1972,7,"056032",5.9
152.02,-29.05,1972,8,"056032",101.4
152.02,-29.05,1972,9,"056032",56
152.02,-29.05,1972,10,"056032",257.2
152.02,-29.05,1972,11,"056032",116
152.02,-29.05,1972,12,"056032",119.1
152.02,-29.05,1973,1,"056032",165.8
152.02,-29.05,1973,2,"056032",107.1
152.02,-29.05,1973,3,"056032",60
152.02,-29.05,1973,4,"056032",9.1
152.02,-29.05,1973,5,"056032",16.2
152.02,-29.05,1973,6,"056032",40.7
152.02,-29.05,1973,7,"056032",189.1
152.02,-29.05,1973,8,"056032",45.2
152.02,-29.05,1973,9,"056032",106.2
152.02,-29.05,1973,10,"056032",50.8
152.02,-29.05,1973,11,"056032",139.4
152.02,-29.05,1973,12,"056032",152.4
152.02,-29.05,1974,1,"056032",64.2
152.02,-29.05,1974,2,"056032",11
152.02,-29.05,1974,3,"056032",158.2
152.02,-29.05,1974,4,"056032",59.2
152.02,-29.05,1974,5,"056032",33.4
152.02,-29.05,1974,6,"056032",45.6
152.02,-29.05,1974,7,"056032",31.4
152.02,-29.05,1974,8,"056032",71
152.02,-29.05,1974,9,"056032",25
152.02,-29.05,1974,10,"056032",91
152.02,-29.05,1974,11,"056032",172
152.02,-29.05,1974,12,"056032",68
152.02,-29.05,1975,1,"056032",67.2
152.02,-29.05,1975,2,"056032",203
152.02,-29.05,1975,3,"056032",209.8
152.02,-29.05,1975,4,"056032",28.4
152.02,-29.05,1975,5,"056032",6
152.02,-29.05,1975,6,"056032",60.2
152.02,-29.05,1975,7,"056032",56.8
152.02,-29.05,1975,8,"056032",53
152.02,-29.05,1975,9,"056032",87.6
152.02,-29.05,1975,10,"056032",165.2
152.02,-29.05,1975,11,"056032",87
152.02,-29.05,1975,12,"056032",234.8
152.02,-29.05,1976,1,"056032",143.4
152.02,-29.05,1976,2,"056032",351.4
152.02,-29.05,1976,3,"056032",108.8
152.02,-29.05,1976,4,"056032",16.2
152.02,-29.05,1976,5,"056032",66.2
152.02,-29.05,1976,6,"056032",85.8
152.02,-29.05,1976,7,"056032",61.6
152.02,-29.05,1976,8,"056032",15.8
152.02,-29.05,1976,9,"056032",84.4
152.02,-29.05,1976,10,"056032",70
152.02,-29.05,1976,11,"056032",124.4
152.02,-29.05,1976,12,"056032",30.8
152.02,-29.05,1977,1,"056032",46.6
152.02,-29.05,1977,2,"056032",139.6
152.02,-29.05,1977,3,"056032",92.2
152.02,-29.05,1977,4,"056032",62.4
152.02,-29.05,1977,5,"056032",87
152.02,-29.05,1977,6,"056032",3.4
152.02,-29.05,1977,7,"056032",8.2
152.02,-29.05,1977,8,"056032",16.4
152.02,-29.05,1977,9,"056032",26.6
152.02,-29.05,1977,10,"056032",44.8
152.02,-29.05,1977,11,"056032",56.8
152.02,-29.05,1977,12,"056032",56.8
152.02,-29.05,1978,1,"056032",167
152.02,-29.05,1978,2,"056032",46.8
152.02,-29.05,1978,3,"056032",107.6
152.02,-29.05,1978,4,"056032",42
152.02,-29.05,1978,5,"056032",46.6
152.02,-29.05,1978,6,"056032",40.8
152.02,-29.05,1978,7,"056032",76.4
152.02,-29.05,1978,8,"056032",27.8
152.02,-29.05,1978,9,"056032",113.2
152.02,-29.05,1978,10,"056032",61
152.02,-29.05,1978,11,"056032",81
152.02,-29.05,1978,12,"056032",154.6
152.02,-29.05,1979,1,"056032",51.8
152.02,-29.05,1979,2,"056032",35.4
152.02,-29.05,1979,3,"056032",194
152.02,-29.05,1979,4,"056032",13.2
152.02,-29.05,1979,5,"056032",87.4
152.02,-29.05,1979,6,"056032",73.4
152.02,-29.05,1979,7,"056032",18.2
152.02,-29.05,1979,8,"056032",20.4
152.02,-29.05,1979,9,"056032",30
152.02,-29.05,1979,10,"056032",63.2
152.02,-29.05,1979,11,"056032",120.4
152.02,-29.05,1979,12,"056032",19
152.02,-29.05,1980,1,"056032",119.2
152.02,-29.05,1980,2,"056032",69
152.02,-29.05,1980,3,"056032",9.2
152.02,-29.05,1980,4,"056032",4.4
152.02,-29.05,1980,5,"056032",226
152.02,-29.05,1980,6,"056032",35.8
152.02,-29.05,1980,7,"056032",18.6
152.02,-29.05,1980,8,"056032",30.2
152.02,-29.05,1980,9,"056032",1.2
152.02,-29.05,1980,10,"056032",61
152.02,-29.05,1980,11,"056032",99
152.02,-29.05,1980,12,"056032",58
152.02,-29.05,1981,1,"056032",62.6
152.02,-29.05,1981,2,"056032",139
152.02,-29.05,1981,3,"056032",55.2
152.02,-29.05,1981,4,"056032",81.2
152.02,-29.05,1981,5,"056032",83.6
152.02,-29.05,1981,6,"056032",71.4
152.02,-29.05,1981,7,"056032",56.2
152.02,-29.05,1981,8,"056032",42
152.02,-29.05,1981,9,"056032",40
152.02,-29.05,1981,10,"056032",39.2
152.02,-29.05,1981,11,"056032",87.8
152.02,-29.05,1981,12,"056032",80.2
152.02,-29.05,1982,1,"056032",85.4
152.02,-29.05,1982,2,"056032",143.6
152.02,-29.05,1982,3,"056032",180
152.02,-29.05,1982,4,"056032",30
152.02,-29.05,1982,5,"056032",8.4
152.02,-29.05,1982,6,"056032",4.4
152.02,-29.05,1982,7,"056032",22.4
152.02,-29.05,1982,8,"056032",4.8
152.02,-29.05,1982,9,"056032",34
152.02,-29.05,1982,10,"056032",144
152.02,-29.05,1982,11,"056032",71.2
152.02,-29.05,1982,12,"056032",159.6
152.02,-29.05,1983,1,"056032",102.4
152.02,-29.05,1983,2,"056032",34.8
152.02,-29.05,1983,3,"056032",48.6
152.02,-29.05,1983,4,"056032",107
152.02,-29.05,1983,5,"056032",188.2
152.02,-29.05,1983,6,"056032",81.2
152.02,-29.05,1983,7,"056032",37
152.02,-29.05,1983,8,"056032",52.4
152.02,-29.05,1983,9,"056032",108
152.02,-29.05,1983,10,"056032",178.6
152.02,-29.05,1983,11,"056032",127.4
152.02,-29.05,1983,12,"056032",118.8
152.02,-29.05,1984,1,"056032",157.4
152.02,-29.05,1984,2,"056032",169.8
152.02,-29.05,1984,3,"056032",36.8
152.02,-29.05,1984,4,"056032",118
152.02,-29.05,1984,5,"056032",26.2
152.02,-29.05,1984,6,"056032",36.8
152.02,-29.05,1984,7,"056032",144.4
152.02,-29.05,1984,8,"056032",44.2
152.02,-29.05,1984,9,"056032",57.6
152.02,-29.05,1984,10,"056032",14.8
152.02,-29.05,1984,11,"056032",68.6
152.02,-29.05,1984,12,"056032",150.6
152.02,-29.05,1985,1,"056032",52.6
152.02,-29.05,1985,2,"056032",49.2
152.02,-29.05,1985,3,"056032",49.6
152.02,-29.05,1985,4,"056032",105.4
152.02,-29.05,1985,5,"056032",43.8
152.02,-29.05,1985,6,"056032",27.2
152.02,-29.05,1985,7,"056032",69
152.02,-29.05,1985,8,"056032",56.4
152.02,-29.05,1985,9,"056032",56.6
152.02,-29.05,1985,10,"056032",110.4
152.02,-29.05,1985,11,"056032",118.4
152.02,-29.05,1985,12,"056032",122.2
152.02,-29.05,1986,1,"056032",69.4
152.02,-29.05,1986,2,"056032",166.4
152.02,-29.05,1986,3,"056032",11.4
152.02,-29.05,1986,4,"056032",1.2
152.02,-29.05,1986,5,"056032",76
152.02,-29.05,1986,6,"056032",6.4
152.02,-29.05,1986,7,"056032",86.8
152.02,-29.05,1986,8,"056032",73
152.02,-29.05,1986,9,"056032",13.2
152.02,-29.05,1986,10,"056032",96.4
152.02,-29.05,1986,11,"056032",105.6
152.02,-29.05,1986,12,"056032",51.4
152.02,-29.05,1987,1,"056032",173.4
152.02,-29.05,1987,2,"056032",27
152.02,-29.05,1987,3,"056032",94
152.02,-29.05,1987,4,"056032",11.2
152.02,-29.05,1987,5,"056032",57
152.02,-29.05,1987,6,"056032",29
152.02,-29.05,1987,7,"056032",15.8
152.02,-29.05,1987,8,"056032",79
152.02,-29.05,1987,9,"056032",22.2
152.02,-29.05,1987,10,"056032",121.6
152.02,-29.05,1987,11,"056032",37.4
152.02,-29.05,1987,12,"056032",120.4
152.02,-29.05,1988,1,"056032",240.6
152.02,-29.05,1988,2,"056032",120
152.02,-29.05,1988,3,"056032",41
152.02,-29.05,1988,4,"056032",352.4
152.02,-29.05,1988,5,"056032",29.2
152.02,-29.05,1988,6,"056032",43.6
152.02,-29.05,1988,7,"056032",95.4
152.02,-29.05,1988,8,"056032",56.2
152.02,-29.05,1988,9,"056032",114.8
152.02,-29.05,1988,10,"056032",17.6
152.02,-29.05,1988,11,"056032",43.4
152.02,-29.05,1988,12,"056032",116.2
152.02,-29.05,1989,1,"056032",116.4
152.02,-29.05,1989,2,"056032",21.8
152.02,-29.05,1989,3,"056032",176.6
152.02,-29.05,1989,4,"056032",140.6
152.02,-29.05,1989,5,"056032",46.4
152.02,-29.05,1989,6,"056032",43.5
152.02,-29.05,1989,7,"056032",47.3
152.02,-29.05,1989,8,"056032",15.8
152.02,-29.05,1989,9,"056032",19
152.02,-29.05,1989,10,"056032",79.4
152.02,-29.05,1989,11,"056032",137.8
152.02,-29.05,1989,12,"056032",197.6
152.02,-29.05,1990,1,"056032",88.2
152.02,-29.05,1990,2,"056032",126
152.02,-29.05,1990,3,"056032",25.4
152.02,-29.05,1990,4,"056032",159.4
152.02,-29.05,1990,5,"056032",122
152.02,-29.05,1990,6,"056032",39.4
152.02,-29.05,1990,7,"056032",61.8
152.02,-29.05,1990,8,"056032",33.4
152.02,-29.05,1990,9,"056032",26.6
152.02,-29.05,1990,10,"056032",36.2
152.02,-29.05,1990,11,"056032",55.8
152.02,-29.05,1990,12,"056032",64
152.02,-29.05,1991,1,"056032",110.8
152.02,-29.05,1991,2,"056032",62.8
152.02,-29.05,1991,3,"056032",20.4
152.02,-29.05,1991,4,"056032",4.4
152.02,-29.05,1991,5,"056032",63
152.02,-29.05,1991,6,"056032",24.2
152.02,-29.05,1991,7,"056032",58
152.02,-29.05,1991,8,"056032",1.4
152.02,-29.05,1991,9,"056032",7.8
152.02,-29.05,1991,10,"056032",39
152.02,-29.05,1991,11,"056032",77.1
152.02,-29.05,1991,12,"056032",192.8
152.02,-29.05,1992,1,"056032",67.7
152.02,-29.05,1992,2,"056032",152.8
152.02,-29.05,1992,3,"056032",19
152.02,-29.05,1992,4,"056032",61.8
152.02,-29.05,1992,5,"056032",78.4
152.02,-29.05,1992,6,"056032",19
152.02,-29.05,1992,7,"056032",27.6
152.02,-29.05,1992,8,"056032",81.4
152.02,-29.05,1992,9,"056032",58
152.02,-29.05,1992,10,"056032",58.5
152.02,-29.05,1992,11,"056032",102.8
152.02,-29.05,1992,12,"056032",96.2
152.02,-29.05,1993,1,"056032",166.7
152.02,-29.05,1993,2,"056032",83.4
152.02,-29.05,1993,3,"056032",45.6
152.02,-29.05,1993,4,"056032",6.8
152.02,-29.05,1993,5,"056032",33.9
152.02,-29.05,1993,6,"056032",32.8
152.02,-29.05,1993,7,"056032",55
152.02,-29.05,1993,8,"056032",26.6
152.02,-29.05,1993,9,"056032",44.6
152.02,-29.05,1993,10,"056032",109.9
152.02,-29.05,1993,11,"056032",30.2
152.02,-29.05,1993,12,"056032",80.9
152.02,-29.05,1994,1,"056032",27
152.02,-29.05,1994,2,"056032",80.8
152.02,-29.05,1994,3,"056032",125.2
152.02,-29.05,1994,4,"056032",26.2
152.02,-29.05,1994,5,"056032",7.6
152.02,-29.05,1994,6,"056032",11.6
152.02,-29.05,1994,7,"056032",16
152.02,-29.05,1994,8,"056032",24.6
152.02,-29.05,1994,9,"056032",31.4
152.02,-29.05,1994,10,"056032",27.8
152.02,-29.05,1994,11,"056032",39.4
152.02,-29.05,1994,12,"056032",187.2
152.02,-29.05,1995,1,"056032",100.8
152.02,-29.05,1995,2,"056032",132.1
152.02,-29.05,1995,3,"056032",72.2
152.02,-29.05,1995,4,"056032",13.4
152.02,-29.05,1995,5,"056032",44.4
152.02,-29.05,1995,6,"056032",58
152.02,-29.05,1995,7,"056032",22.2
152.02,-29.05,1995,8,"056032",2.8
152.02,-29.05,1995,9,"056032",51.3
152.02,-29.05,1995,10,"056032",44.6
152.02,-29.05,1995,11,"056032",136
152.02,-29.05,1995,12,"056032",152.4
152.02,-29.05,1996,1,"056032",222.8
152.02,-29.05,1996,2,"056032",72.2
152.02,-29.05,1996,3,"056032",45.9
152.02,-29.05,1996,4,"056032",33.6
152.02,-29.05,1996,5,"056032",211.5
152.02,-29.05,1996,6,"056032",28.6
152.02,-29.05,1996,7,"056032",39.6
152.02,-29.05,1996,8,"056032",47.4
152.02,-29.05,1996,9,"056032",60.6
152.02,-29.05,1996,10,"056032",77.6
152.02,-29.05,1996,11,"056032",88
152.02,-29.05,1996,12,"056032",187.2
152.02,-29.05,1997,1,"056032",42.8
152.02,-29.05,1997,2,"056032",228.2
152.02,-29.05,1997,3,"056032",46.2
152.02,-29.05,1997,4,"056032",7
152.02,-29.05,1997,5,"056032",49.2
152.02,-29.05,1997,6,"056032",28.2
152.02,-29.05,1997,7,"056032",16.2
152.02,-29.05,1997,8,"056032",2.4
152.02,-29.05,1997,9,"056032",67.8
152.02,-29.05,1997,10,"056032",136
152.02,-29.05,1997,11,"056032",135
152.02,-29.05,1997,12,"056032",71.4
152.02,-29.05,1998,1,"056032",72.4
152.02,-29.05,1998,2,"056032",87.4
152.02,-29.05,1998,3,"056032",15.8
152.02,-29.05,1998,4,"056032",40.8
152.02,-29.05,1998,5,"056032",32.6
152.02,-29.05,1998,6,"056032",77.2
152.02,-29.05,1998,7,"056032",133.6
152.02,-29.05,1998,8,"056032",72.5
152.02,-29.05,1998,9,"056032",62.8
152.02,-29.05,1998,10,"056032",83.8
152.02,-29.05,1998,11,"056032",68.6
152.02,-29.05,1998,12,"056032",67.6
152.02,-29.05,1999,1,"056032",154.2
152.02,-29.05,1999,2,"056032",108.6
152.02,-29.05,1999,3,"056032",126.8
152.02,-29.05,1999,4,"056032",39.8
152.02,-29.05,1999,5,"056032",42.8
152.02,-29.05,1999,6,"056032",33.2
152.02,-29.05,1999,7,"056032",46.2
152.02,-29.05,1999,8,"056032",47
152.02,-29.05,1999,9,"056032",30.8
152.02,-29.05,1999,10,"056032",231.1
152.02,-29.05,1999,11,"056032",101.6
152.02,-29.05,1999,12,"056032",114.3
152.02,-29.05,2000,1,"056032",85.1
152.02,-29.05,2000,2,"056032",28.2
152.02,-29.05,2000,3,"056032",112.2
152.02,-29.05,2000,4,"056032",31.8
152.02,-29.05,2000,5,"056032",35.7
152.02,-29.05,2000,6,"056032",11.9
152.02,-29.05,2000,7,"056032",28.6
152.02,-29.05,2000,8,"056032",25.8
152.02,-29.05,2000,9,"056032",15.5
152.02,-29.05,2000,10,"056032",74.3
152.02,-29.05,2000,11,"056032",104.5
152.02,-29.05,2000,12,"056032",105
152.02,-29.05,2001,1,"056032",NA
152.02,-29.05,2001,2,"056032",230.4
152.02,-29.05,2001,3,"056032",152.9
152.02,-29.05,2001,4,"056032",52.8
152.02,-29.05,2001,5,"056032",30.5
152.02,-29.05,2001,6,"056032",10.2
152.02,-29.05,2001,7,"056032",29.6
152.02,-29.05,2001,8,"056032",37
152.02,-29.05,2001,9,"056032",36.6
152.02,-29.05,2001,10,"056032",91.4
152.02,-29.05,2001,11,"056032",125.6
152.02,-29.05,2001,12,"056032",65.9
152.02,-29.05,2002,1,"056032",55.8
152.02,-29.05,2002,2,"056032",32.7
152.02,-29.05,2002,3,"056032",139.7
152.02,-29.05,2002,4,"056032",6.1
152.02,-29.05,2002,5,"056032",25.4
152.02,-29.05,2002,6,"056032",20.4
152.02,-29.05,2002,7,"056032",2
152.02,-29.05,2002,8,"056032",22.4
152.02,-29.05,2002,9,"056032",31.7
152.02,-29.05,2002,10,"056032",39.6
152.02,-29.05,2002,11,"056032",23.4
152.02,-29.05,2002,12,"056032",65.2
152.02,-29.05,2003,1,"056032",24.3
152.02,-29.05,2003,2,"056032",160.4
152.02,-29.05,2003,3,"056032",68
152.02,-29.05,2003,4,"056032",67.2
152.02,-29.05,2003,5,"056032",29.2
152.02,-29.05,2003,6,"056032",31
152.02,-29.05,2003,7,"056032",37.9
152.02,-29.05,2003,8,"056032",12.5
152.02,-29.05,2003,9,"056032",4
152.02,-29.05,2003,10,"056032",155.8
152.02,-29.05,2003,11,"056032",29.6
152.02,-29.05,2003,12,"056032",88.6
152.02,-29.05,2004,1,"056032",181.8
152.02,-29.05,2004,2,"056032",114
152.02,-29.05,2004,3,"056032",33.9
152.02,-29.05,2004,4,"056032",48.4
152.02,-29.05,2004,5,"056032",16.6
152.02,-29.05,2004,6,"056032",10.2
152.02,-29.05,2004,7,"056032",25.4
152.02,-29.05,2004,8,"056032",34.7
152.02,-29.05,2004,9,"056032",45
152.02,-29.05,2004,10,"056032",116.1
152.02,-29.05,2004,11,"056032",130.3
152.02,-29.05,2004,12,"056032",149.7
152.02,-29.05,2005,1,"056032",88.4
152.02,-29.05,2005,2,"056032",97.2
152.02,-29.05,2005,3,"056032",51.1
152.02,-29.05,2005,4,"056032",11
152.02,-29.05,2005,5,"056032",32
152.02,-29.05,2005,6,"056032",110.8
152.02,-29.05,2005,7,"056032",21
152.02,-29.05,2005,8,"056032",12.5
152.02,-29.05,2005,9,"056032",65.7
152.02,-29.05,2005,10,"056032",59.1
152.02,-29.05,2005,11,"056032",132.3
152.02,-29.05,2005,12,"056032",98.6
152.02,-29.05,2006,1,"056032",121.9
152.02,-29.05,2006,2,"056032",99.4
152.02,-29.05,2006,3,"056032",56.8
152.02,-29.05,2006,4,"056032",54
152.02,-29.05,2006,5,"056032",6.1
152.02,-29.05,2006,6,"056032",33.2
152.02,-29.05,2006,7,"056032",63.3
152.02,-29.05,2006,8,"056032",54.5
152.02,-29.05,2006,9,"056032",39.4
152.02,-29.05,2006,10,"056032",16.3
152.02,-29.05,2006,11,"056032",148.8
152.02,-29.05,2006,12,"056032",25.3
152.02,-29.05,2007,1,"056032",126.2
152.02,-29.05,2007,2,"056032",40.2
152.02,-29.05,2007,3,"056032",73.6
152.02,-29.05,2007,4,"056032",53.1
152.02,-29.05,2007,5,"056032",10.1
152.02,-29.05,2007,6,"056032",NA
152.02,-29.05,2007,7,"056032",7.4
152.02,-29.05,2007,8,"056032",100.1
152.02,-29.05,2007,9,"056032",11.6
152.02,-29.05,2007,10,"056032",75.4
152.02,-29.05,2007,11,"056032",67.2
152.02,-29.05,2007,12,"056032",158.5
152.02,-29.05,2008,1,"056032",140.1
152.02,-29.05,2008,2,"056032",141.6
152.02,-29.05,2008,3,"056032",10
152.02,-29.05,2008,4,"056032",18.7
152.02,-29.05,2008,5,"056032",57.6
152.02,-29.05,2008,6,"056032",35.8
152.02,-29.05,2008,7,"056032",33.2
152.02,-29.05,2008,8,"056032",54
152.02,-29.05,2008,9,"056032",66.6
152.02,-29.05,2008,10,"056032",48.8
152.02,-29.05,2008,11,"056032",233.4
152.02,-29.05,2008,12,"056032",151.6
152.02,-29.05,2009,1,"056032",35.4
152.02,-29.05,2009,2,"056032",46.1
152.02,-29.05,2009,3,"056032",78.7
152.02,-29.05,2009,4,"056032",51.6
152.02,-29.05,2009,5,"056032",177.9
152.02,-29.05,2009,6,"056032",43.3
152.02,-29.05,2009,7,"056032",14.7
152.02,-29.05,2009,8,"056032",14
152.02,-29.05,2009,9,"056032",32.2
152.02,-29.05,2009,10,"056032",56.2
152.02,-29.05,2009,11,"056032",77.3
152.02,-29.05,2009,12,"056032",92.4
152.02,-29.05,2010,1,"056032",142.6
152.02,-29.05,2010,2,"056032",65.3
152.02,-29.05,2010,3,"056032",86.6
152.02,-29.05,2010,4,"056032",21.1
152.02,-29.05,2010,5,"056032",60.9
152.02,-29.05,2010,6,"056032",22.3
152.02,-29.05,2010,7,"056032",87.8
152.02,-29.05,2010,8,"056032",110.8
152.02,-29.05,2010,9,"056032",120.2
152.02,-29.05,2010,10,"056032",77.1
152.02,-29.05,2010,11,"056032",73.1
152.02,-29.05,2010,12,"056032",174.8
152.02,-29.05,2011,1,"056032",361.2
152.02,-29.05,2011,2,"056032",17
152.02,-29.05,2011,3,"056032",128.2
152.02,-29.05,2011,4,"056032",44.4
152.02,-29.05,2011,5,"056032",44.3
152.02,-29.05,2011,6,"056032",48.2
152.02,-29.05,2011,7,"056032",31.4
152.02,-29.05,2011,8,"056032",65.4
152.02,-29.05,2011,9,"056032",33
152.02,-29.05,2011,10,"056032",72.5
152.02,-29.05,2011,11,"056032",71.4
152.02,-29.05,2011,12,"056032",58.8
152.02,-29.05,2012,1,"056032",142.7
152.02,-29.05,2012,2,"056032",162.4
152.02,-29.05,2012,3,"056032",57.8
152.02,-29.05,2012,4,"056032",52.2
152.02,-29.05,2012,5,"056032",15.1
152.02,-29.05,2012,6,"056032",36
152.02,-29.05,2012,7,"056032",47.1
152.02,-29.05,2012,8,"056032",5.4
152.02,-29.05,2012,9,"056032",42.2
152.02,-29.05,2012,10,"056032",83.6
152.02,-29.05,2012,11,"056032",NA
152.02,-29.05,2012,12,"056032",NA
152.02,-29.05,2013,1,"056032",NA
152.02,-29.05,2013,2,"056032",NA
152.02,-29.05,2013,3,"056032",110.1
152.02,-29.05,2013,4,"056032",75.2
152.02,-29.05,2013,5,"056032",34.6
152.02,-29.05,2013,6,"056032",95.5
152.02,-29.05,2013,7,"056032",30.4
152.02,-29.05,2013,8,"056032",6.4
152.02,-29.05,2013,9,"056032",24.8
152.02,-29.05,2013,10,"056032",30.4
152.02,-29.05,2013,11,"056032",183.2
152.02,-29.05,2013,12,"056032",26.8
152.02,-29.05,2014,1,"056032",64
152.02,-29.05,2014,2,"056032",34
152.02,-29.05,2014,3,"056032",151.4
152.02,-29.05,2014,4,"056032",40.4
152.02,-29.05,2014,5,"056032",32.7
152.02,-29.05,2014,6,"056032",27.8
152.02,-29.05,2014,7,"056032",25.9
152.02,-29.05,2014,8,"056032",NA
152.02,-29.05,2014,9,"056032",19
152.02,-29.05,2014,10,"056032",34.1
152.02,-29.05,2014,11,"056032",36
152.02,-29.05,2014,12,"056032",270.4
152.02,-29.05,2015,1,"056032",73.1
152.02,-29.05,2015,2,"056032",70.4
152.02,-29.05,2015,3,"056032",68.4
152.02,-29.05,2015,4,"056032",80.5
152.02,-29.05,2015,5,"056032",99.9
152.02,-29.05,2015,6,"056032",16.8
152.02,-29.05,2015,7,"056032",37.1
152.02,-29.05,2015,8,"056032",30.6
152.02,-29.05,2015,9,"056032",28
152.02,-29.05,2015,10,"056032",85.4
152.02,-29.05,2015,11,"056032",78.4
152.02,-29.05,2015,12,"056032",81.8
152.02,-29.05,2016,1,"056032",141
152.02,-29.05,2016,2,"056032",19.8
152.02,-29.05,2016,3,"056032",72.3
152.02,-29.05,2016,4,"056032",49.5
152.02,-29.05,2016,5,"056032",38
152.02,-29.05,2016,6,"056032",92.6
152.02,-29.05,2016,7,"056032",15.6
152.02,-29.05,2016,8,"056032",117.2
152.02,-29.05,2016,9,"056032",84.4
152.02,-29.05,2016,10,"056032",66.6
152.02,-29.05,2016,11,"056032",29.4
152.02,-29.05,2016,12,"056032",58.4
152.02,-29.05,2017,1,"056032",74.4
152.02,-29.05,2017,2,"056032",64
152.02,-29.05,2017,3,"056032",243.4
152.02,-29.05,2017,4,"056032",27
152.02,-29.05,2017,5,"056032",33
152.02,-29.05,2017,6,"056032",41.4
152.02,-29.05,2017,7,"056032",11.8
152.02,-29.05,2017,8,"056032",9.8
152.02,-29.05,2017,9,"056032",10.8
152.02,-29.05,2017,10,"056032",93.3
152.02,-29.05,2017,11,"056032",86.9
152.02,-29.05,2017,12,"056032",105.6
152.02,-29.05,2018,1,"056032",36.9
152.02,-29.05,2018,2,"056032",78.4
152.02,-29.05,2018,3,"056032",44.2
152.02,-29.05,2018,4,"056032",19.7
152.02,-29.05,2018,5,"056032",7.4
152.02,-29.05,2018,6,"056032",7
152.02,-29.05,2018,7,"056032",50.6
152.02,-29.05,2018,8,"056032",20.6
152.02,-29.05,2018,9,"056032",52.1
152.02,-29.05,2018,10,"056032",97.1
152.02,-29.05,2018,11,"056032",57.8
152.02,-29.05,2018,12,"056032",76.8
152.02,-29.05,2019,1,"056032",18.6
152.02,-29.05,2019,2,"056032",2.2
152.02,-29.05,2019,3,"056032",57.4
152.02,-29.05,2019,4,"056032",6.2
152.02,-29.05,2019,5,"056032",12.2
152.02,-29.05,2019,6,"056032",34.5
152.02,-29.05,2019,7,"056032",4.9
152.02,-29.05,2019,8,"056032",2.6
152.02,-29.05,2019,9,"056032",6
152.02,-29.05,2019,10,"056032",25
152.02,-29.05,2019,11,"056032",14.8
152.02,-29.05,2019,12,"056032",70.2
152.02,-29.05,2020,1,"056032",101
152.02,-29.05,2020,2,"056032",188.4
152.02,-29.05,2020,3,"056032",18.8
152.02,-29.05,2020,4,"056032",29.4
152.02,-29.05,2020,5,"056032",28.1
152.02,-29.05,2020,6,"056032",29.7
152.02,-29.05,2020,7,"056032",38
152.02,-29.05,2020,8,"056032",54.8
152.02,-29.05,2020,9,"056032",11.8
152.02,-29.05,2020,10,"056032",52.8
152.02,-29.05,2020,11,"056032",6.1
152.02,-29.05,2020,12,"056032",161.1
152.02,-29.05,2021,1,"056032",98.8
152.02,-29.05,2021,2,"056032",63
152.02,-29.05,2021,3,"056032",262.2
152.02,-29.05,2021,4,"056032",55
152.02,-29.05,2021,5,"056032",26.8
152.02,-29.05,2021,6,"056032",63.6
152.02,-29.05,2021,7,"056032",72.9
152.02,-29.05,2021,8,"056032",33.9
152.02,-29.05,2021,9,"056032",46.6
152.02,-29.05,2021,10,"056032",121.6
152.02,-29.05,2021,11,"056032",186.9
152.02,-29.05,2021,12,"056032",163.8
152.02,-29.05,2022,1,"056032",108.3
152.02,-29.05,2022,2,"056032",153.5
152.02,-29.05,2022,3,"056032",NA
152.02,-29.05,2022,4,"056032",NA
152.02,-29.05,2022,5,"056032",NA
152.02,-29.05,2022,6,"056032",NA
152.02,-29.05,2022,7,"056032",NA
152.02,-29.05,2022,8,"056032",NA
152.02,-29.05,2022,9,"056032",NA
152.02,-29.05,2022,10,"056032",NA
152.02,-29.05,2022,11,"056032",NA
152.02,-29.05,2022,12,"056032",NA
