"Lon","Lat","Year","Month","Station","Rain"
152.86,-27.93,1946,1,"040497",289.6
152.86,-27.93,1946,2,"040497",188
152.86,-27.93,1946,3,"040497",142.2
152.86,-27.93,1946,4,"040497",0
152.86,-27.93,1946,5,"040497",0
152.86,-27.93,1946,6,"040497",0
152.86,-27.93,1946,7,"040497",0
152.86,-27.93,1946,8,"040497",6.4
152.86,-27.93,1946,9,"040497",105.4
152.86,-27.93,1946,10,"040497",5.1
152.86,-27.93,1946,11,"040497",26.2
152.86,-27.93,1946,12,"040497",76.2
152.86,-27.93,1947,1,"040497",581.7
152.86,-27.93,1947,2,"040497",318.3
152.86,-27.93,1947,3,"040497",135.1
152.86,-27.93,1947,4,"040497",77.5
152.86,-27.93,1947,5,"040497",0
152.86,-27.93,1947,6,"040497",30.5
152.86,-27.93,1947,7,"040497",0
152.86,-27.93,1947,8,"040497",12.7
152.86,-27.93,1947,9,"040497",66
152.86,-27.93,1947,10,"040497",47
152.86,-27.93,1947,11,"040497",58.4
152.86,-27.93,1947,12,"040497",200.7
152.86,-27.93,1948,1,"040497",80.8
152.86,-27.93,1948,2,"040497",41.9
152.86,-27.93,1948,3,"040497",66.3
152.86,-27.93,1948,4,"040497",61.5
152.86,-27.93,1948,5,"040497",129.3
152.86,-27.93,1948,6,"040497",213.4
152.86,-27.93,1948,7,"040497",22.9
152.86,-27.93,1948,8,"040497",7.6
152.86,-27.93,1948,9,"040497",83.8
152.86,-27.93,1948,10,"040497",0
152.86,-27.93,1948,11,"040497",50.8
152.86,-27.93,1948,12,"040497",43.2
152.86,-27.93,1949,1,"040497",82.6
152.86,-27.93,1949,2,"040497",358.1
152.86,-27.93,1949,3,"040497",179.1
152.86,-27.93,1949,4,"040497",0
152.86,-27.93,1949,5,"040497",38.1
152.86,-27.93,1949,6,"040497",57.2
152.86,-27.93,1949,7,"040497",22.9
152.86,-27.93,1949,8,"040497",0
152.86,-27.93,1949,9,"040497",54.6
152.86,-27.93,1949,10,"040497",270.5
152.86,-27.93,1949,11,"040497",91.4
152.86,-27.93,1949,12,"040497",121.9
152.86,-27.93,1950,1,"040497",88.9
152.86,-27.93,1950,2,"040497",299
152.86,-27.93,1950,3,"040497",148.3
152.86,-27.93,1950,4,"040497",34.3
152.86,-27.93,1950,5,"040497",0
152.86,-27.93,1950,6,"040497",171.5
152.86,-27.93,1950,7,"040497",195.6
152.86,-27.93,1950,8,"040497",0
152.86,-27.93,1950,9,"040497",0
152.86,-27.93,1950,10,"040497",189.2
152.86,-27.93,1950,11,"040497",109.2
152.86,-27.93,1950,12,"040497",83.8
152.86,-27.93,1951,1,"040497",231.1
152.86,-27.93,1951,2,"040497",0
152.86,-27.93,1951,3,"040497",83.8
152.86,-27.93,1951,4,"040497",26.7
152.86,-27.93,1951,5,"040497",0
152.86,-27.93,1951,6,"040497",81.3
152.86,-27.93,1951,7,"040497",0
152.86,-27.93,1951,8,"040497",10.2
152.86,-27.93,1951,9,"040497",15.2
152.86,-27.93,1951,10,"040497",27.9
152.86,-27.93,1951,11,"040497",0
152.86,-27.93,1951,12,"040497",87.6
152.86,-27.93,1953,1,"040497",135.9
152.86,-27.93,1953,2,"040497",167.6
152.86,-27.93,1953,3,"040497",110.5
152.86,-27.93,1953,4,"040497",5.1
152.86,-27.93,1953,5,"040497",30.5
152.86,-27.93,1953,6,"040497",0
152.86,-27.93,1953,7,"040497",0
152.86,-27.93,1953,8,"040497",47
152.86,-27.93,1953,9,"040497",7.1
152.86,-27.93,1953,10,"040497",20.3
152.86,-27.93,1953,11,"040497",55.4
152.86,-27.93,1953,12,"040497",151.1
152.86,-27.93,1954,1,"040497",90.4
152.86,-27.93,1954,2,"040497",420.1
152.86,-27.93,1954,3,"040497",33
152.86,-27.93,1954,4,"040497",19.1
152.86,-27.93,1954,5,"040497",40.6
152.86,-27.93,1954,6,"040497",0
152.86,-27.93,1954,7,"040497",145.3
152.86,-27.93,1954,8,"040497",76.2
152.86,-27.93,1954,9,"040497",74.9
152.86,-27.93,1954,10,"040497",179.1
152.86,-27.93,1954,11,"040497",102.9
152.86,-27.93,1954,12,"040497",49.5
152.86,-27.93,1956,1,"040497",53.3
152.86,-27.93,1956,2,"040497",324.9
152.86,-27.93,1956,3,"040497",105.4
152.86,-27.93,1956,4,"040497",90.2
152.86,-27.93,1956,5,"040497",120.7
152.86,-27.93,1956,6,"040497",74.4
152.86,-27.93,1956,7,"040497",29.2
152.86,-27.93,1956,8,"040497",0
152.86,-27.93,1956,9,"040497",9.1
152.86,-27.93,1956,10,"040497",27.4
152.86,-27.93,1956,11,"040497",0
152.86,-27.93,1956,12,"040497",194.3
152.86,-27.93,1957,1,"040497",42.4
152.86,-27.93,1957,2,"040497",82.6
152.86,-27.93,1957,3,"040497",47
152.86,-27.93,1957,4,"040497",0
152.86,-27.93,1957,5,"040497",0
152.86,-27.93,1957,6,"040497",21.1
152.86,-27.93,1957,7,"040497",69.1
152.86,-27.93,1957,8,"040497",19.8
152.86,-27.93,1957,9,"040497",0
152.86,-27.93,1957,10,"040497",24.4
152.86,-27.93,1957,11,"040497",32.8
152.86,-27.93,1957,12,"040497",25.1
152.86,-27.93,1958,1,"040497",49
152.86,-27.93,1958,2,"040497",125.2
152.86,-27.93,1958,3,"040497",99.1
152.86,-27.93,1958,4,"040497",46
152.86,-27.93,1958,5,"040497",0
152.86,-27.93,1958,6,"040497",143.5
152.86,-27.93,1958,7,"040497",0
152.86,-27.93,1958,8,"040497",57.9
152.86,-27.93,1958,9,"040497",25.7
152.86,-27.93,1958,10,"040497",48.3
152.86,-27.93,1958,11,"040497",7.1
152.86,-27.93,1958,12,"040497",183.4
152.86,-27.93,1962,1,"040497",127.5
152.86,-27.93,1962,2,"040497",52.6
152.86,-27.93,1962,3,"040497",75.7
152.86,-27.93,1962,4,"040497",43.9
152.86,-27.93,1962,5,"040497",0
152.86,-27.93,1962,6,"040497",0
152.86,-27.93,1962,7,"040497",117.6
152.86,-27.93,1962,8,"040497",43.7
152.86,-27.93,1962,9,"040497",50.3
152.86,-27.93,1962,10,"040497",0
152.86,-27.93,1962,11,"040497",26.2
152.86,-27.93,1962,12,"040497",152.9
152.86,-27.93,1963,1,"040497",53.3
152.86,-27.93,1963,2,"040497",34.3
152.86,-27.93,1963,3,"040497",231.4
152.86,-27.93,1963,4,"040497",12.7
152.86,-27.93,1963,5,"040497",182.4
152.86,-27.93,1963,6,"040497",0
152.86,-27.93,1963,7,"040497",0
152.86,-27.93,1963,8,"040497",83.1
152.86,-27.93,1963,9,"040497",25.7
152.86,-27.93,1963,10,"040497",40.1
152.86,-27.93,1963,11,"040497",118.4
152.86,-27.93,1963,12,"040497",189
152.86,-27.93,1964,1,"040497",9.1
152.86,-27.93,1964,2,"040497",137.4
152.86,-27.93,1964,3,"040497",140.2
152.86,-27.93,1964,4,"040497",66
152.86,-27.93,1964,5,"040497",95.3
152.86,-27.93,1964,6,"040497",26.4
152.86,-27.93,1964,7,"040497",39.4
152.86,-27.93,1964,8,"040497",18.3
152.86,-27.93,1964,9,"040497",90.4
152.86,-27.93,1964,10,"040497",46
152.86,-27.93,1964,11,"040497",31.4
152.86,-27.93,1964,12,"040497",36.6
152.86,-27.93,1965,1,"040497",75.5
152.86,-27.93,1965,2,"040497",32
152.86,-27.93,1965,3,"040497",0
152.86,-27.93,1965,4,"040497",14.2
152.86,-27.93,1965,5,"040497",10.4
152.86,-27.93,1965,6,"040497",36.4
152.86,-27.93,1965,7,"040497",194.3
152.86,-27.93,1965,8,"040497",29.4
152.86,-27.93,1965,9,"040497",25.2
152.86,-27.93,1965,10,"040497",9.7
152.86,-27.93,1965,11,"040497",18.5
152.86,-27.93,1965,12,"040497",155.3
152.86,-27.93,1966,1,"040497",15
152.86,-27.93,1966,2,"040497",76
152.86,-27.93,1966,3,"040497",132.9
152.86,-27.93,1966,4,"040497",44.5
152.86,-27.93,1966,5,"040497",6.1
152.86,-27.93,1966,6,"040497",123
152.86,-27.93,1966,7,"040497",8.1
152.86,-27.93,1966,8,"040497",106.9
152.86,-27.93,1966,9,"040497",59.8
152.86,-27.93,1966,10,"040497",63.2
152.86,-27.93,1966,11,"040497",69.4
152.86,-27.93,1966,12,"040497",61
152.86,-27.93,1967,1,"040497",174.8
152.86,-27.93,1967,2,"040497",122.5
152.86,-27.93,1967,3,"040497",145.2
152.86,-27.93,1967,4,"040497",7.6
152.86,-27.93,1967,5,"040497",53.3
152.86,-27.93,1967,6,"040497",313.5
152.86,-27.93,1967,7,"040497",26.8
152.86,-27.93,1967,8,"040497",30.9
152.86,-27.93,1967,9,"040497",0
152.86,-27.93,1967,10,"040497",5.6
152.86,-27.93,1967,11,"040497",0
152.86,-27.93,1967,12,"040497",78
152.86,-27.93,1968,1,"040497",236
152.86,-27.93,1968,2,"040497",17.3
152.86,-27.93,1968,3,"040497",63.5
152.86,-27.93,1968,4,"040497",50
152.86,-27.93,1968,5,"040497",28.7
152.86,-27.93,1968,6,"040497",0
152.86,-27.93,1968,7,"040497",88.1
152.86,-27.93,1968,8,"040497",55.6
152.86,-27.93,1968,9,"040497",25.7
152.86,-27.93,1968,10,"040497",3.8
152.86,-27.93,1968,11,"040497",40.6
152.86,-27.93,1968,12,"040497",144.3
152.86,-27.93,1990,1,"040497",85
152.86,-27.93,1990,2,"040497",NA
152.86,-27.93,1990,3,"040497",NA
152.86,-27.93,1990,4,"040497",267.1
152.86,-27.93,1990,5,"040497",164
152.86,-27.93,1990,6,"040497",20
152.86,-27.93,1990,7,"040497",16.4
152.86,-27.93,1990,8,"040497",NA
152.86,-27.93,1990,9,"040497",18.5
152.86,-27.93,1990,10,"040497",NA
152.86,-27.93,1990,11,"040497",NA
152.86,-27.93,1990,12,"040497",85.5
152.86,-27.93,1991,1,"040497",54.5
152.86,-27.93,1991,2,"040497",143.3
152.86,-27.93,1991,3,"040497",12.6
152.86,-27.93,1991,4,"040497",5
152.86,-27.93,1991,5,"040497",25.2
152.86,-27.93,1991,6,"040497",11.4
152.86,-27.93,1991,7,"040497",24.5
152.86,-27.93,1991,8,"040497",0
152.86,-27.93,1991,9,"040497",0
152.86,-27.93,1991,10,"040497",38.6
152.86,-27.93,1991,11,"040497",72.1
152.86,-27.93,1991,12,"040497",NA
152.86,-27.93,1992,1,"040497",167.6
152.86,-27.93,1992,2,"040497",115
152.86,-27.93,1992,3,"040497",104.6
152.86,-27.93,1992,4,"040497",68.4
152.86,-27.93,1992,5,"040497",74.8
152.86,-27.93,1992,6,"040497",12.6
152.86,-27.93,1992,7,"040497",44.9
152.86,-27.93,1992,8,"040497",14.5
152.86,-27.93,1992,9,"040497",23.6
152.86,-27.93,1992,10,"040497",20.6
152.86,-27.93,1992,11,"040497",111.2
152.86,-27.93,1992,12,"040497",123.8
152.86,-27.93,1993,1,"040497",69.4
152.86,-27.93,1993,2,"040497",81.6
152.86,-27.93,1993,3,"040497",5.4
152.86,-27.93,1993,4,"040497",1.8
152.86,-27.93,1993,5,"040497",52
152.86,-27.93,1993,6,"040497",5.4
152.86,-27.93,1993,7,"040497",38.8
152.86,-27.93,1993,8,"040497",NA
152.86,-27.93,1993,9,"040497",NA
152.86,-27.93,1993,10,"040497",NA
152.86,-27.93,1993,11,"040497",27.4
152.86,-27.93,1993,12,"040497",59.4
152.86,-27.93,1994,1,"040497",58.8
152.86,-27.93,1994,2,"040497",46
152.86,-27.93,1994,3,"040497",171.8
152.86,-27.93,1994,4,"040497",11.2
152.86,-27.93,1994,5,"040497",15.6
152.86,-27.93,1994,6,"040497",0.4
152.86,-27.93,1994,7,"040497",7.6
152.86,-27.93,1994,8,"040497",5
152.86,-27.93,1994,9,"040497",36.8
152.86,-27.93,1994,10,"040497",40.6
152.86,-27.93,1994,11,"040497",9.6
152.86,-27.93,1994,12,"040497",25.8
152.86,-27.93,1995,1,"040497",75.4
152.86,-27.93,1995,2,"040497",136.4
152.86,-27.93,1995,3,"040497",68.6
152.86,-27.93,1995,4,"040497",7.8
152.86,-27.93,1995,5,"040497",21.2
152.86,-27.93,1995,6,"040497",28.3
152.86,-27.93,1995,7,"040497",4
152.86,-27.93,1995,8,"040497",17.6
152.86,-27.93,1995,9,"040497",37.2
152.86,-27.93,1995,10,"040497",46.2
152.86,-27.93,1995,11,"040497",186.8
152.86,-27.93,1995,12,"040497",195.4
152.86,-27.93,1996,1,"040497",157.9
152.86,-27.93,1996,2,"040497",38.6
152.86,-27.93,1996,3,"040497",15.2
152.86,-27.93,1996,4,"040497",29.2
152.86,-27.93,1996,5,"040497",391.6
152.86,-27.93,1996,6,"040497",23.4
152.86,-27.93,1996,7,"040497",50
152.86,-27.93,1996,8,"040497",36.2
152.86,-27.93,1996,9,"040497",20.4
152.86,-27.93,1996,10,"040497",40.6
152.86,-27.93,1996,11,"040497",76.2
152.86,-27.93,1996,12,"040497",107.9
152.86,-27.93,1997,1,"040497",73.6
152.86,-27.93,1997,2,"040497",119.6
152.86,-27.93,1997,3,"040497",11.8
152.86,-27.93,1997,4,"040497",56.8
152.86,-27.93,1997,5,"040497",97.4
152.86,-27.93,1997,6,"040497",10.4
152.86,-27.93,1997,7,"040497",17.6
152.86,-27.93,1997,8,"040497",1.6
152.86,-27.93,1997,9,"040497",51.4
152.86,-27.93,1997,10,"040497",112.2
152.86,-27.93,1997,11,"040497",50.8
152.86,-27.93,1997,12,"040497",97.6
152.86,-27.93,1998,1,"040497",55.4
152.86,-27.93,1998,2,"040497",66.2
152.86,-27.93,1998,3,"040497",17.2
152.86,-27.93,1998,4,"040497",55
152.86,-27.93,1998,5,"040497",36.6
152.86,-27.93,1998,6,"040497",11.4
152.86,-27.93,1998,7,"040497",48.8
152.86,-27.93,1998,8,"040497",53
152.86,-27.93,1998,9,"040497",99
152.86,-27.93,1998,10,"040497",25.9
152.86,-27.93,1998,11,"040497",70
152.86,-27.93,1998,12,"040497",99.2
152.86,-27.93,1999,1,"040497",190
152.86,-27.93,1999,2,"040497",124
152.86,-27.93,1999,3,"040497",191
152.86,-27.93,1999,4,"040497",55
152.86,-27.93,1999,5,"040497",NA
152.86,-27.93,1999,6,"040497",46
152.86,-27.93,1999,7,"040497",49
152.86,-27.93,1999,8,"040497",44
152.86,-27.93,1999,9,"040497",31
152.86,-27.93,1999,10,"040497",95
152.86,-27.93,1999,11,"040497",82
152.86,-27.93,1999,12,"040497",170
152.86,-27.93,2000,1,"040497",59
152.86,-27.93,2000,2,"040497",17
152.86,-27.93,2000,3,"040497",68
152.86,-27.93,2000,4,"040497",7
152.86,-27.93,2000,5,"040497",20
152.86,-27.93,2000,6,"040497",NA
152.86,-27.93,2000,7,"040497",14
152.86,-27.93,2000,8,"040497",0
152.86,-27.93,2000,9,"040497",0
152.86,-27.93,2000,10,"040497",51
152.86,-27.93,2000,11,"040497",93
152.86,-27.93,2000,12,"040497",104
152.86,-27.93,2001,1,"040497",36
152.86,-27.93,2001,2,"040497",191
152.86,-27.93,2001,3,"040497",101
152.86,-27.93,2001,4,"040497",47
152.86,-27.93,2001,5,"040497",54
152.86,-27.93,2001,6,"040497",4
152.86,-27.93,2001,7,"040497",27
152.86,-27.93,2001,8,"040497",13
152.86,-27.93,2001,9,"040497",11
152.86,-27.93,2001,10,"040497",64
152.86,-27.93,2001,11,"040497",166
152.86,-27.93,2001,12,"040497",NA
152.86,-27.93,2002,1,"040497",58
152.86,-27.93,2002,2,"040497",64
152.86,-27.93,2002,3,"040497",114
152.86,-27.93,2002,4,"040497",30
152.86,-27.93,2002,5,"040497",17
152.86,-27.93,2002,6,"040497",48
152.86,-27.93,2002,7,"040497",1
152.86,-27.93,2002,8,"040497",55
152.86,-27.93,2002,9,"040497",16
152.86,-27.93,2002,10,"040497",15
152.86,-27.93,2002,11,"040497",NA
152.86,-27.93,2002,12,"040497",121
152.86,-27.93,2003,1,"040497",5
152.86,-27.93,2003,2,"040497",149
152.86,-27.93,2003,3,"040497",83
152.86,-27.93,2003,4,"040497",80
152.86,-27.93,2003,5,"040497",40
152.86,-27.93,2003,6,"040497",50
152.86,-27.93,2003,7,"040497",13
152.86,-27.93,2003,8,"040497",0
152.86,-27.93,2003,9,"040497",19
152.86,-27.93,2003,10,"040497",151
152.86,-27.93,2003,11,"040497",8
152.86,-27.93,2003,12,"040497",95
152.86,-27.93,2004,1,"040497",293
152.86,-27.93,2004,2,"040497",161
152.86,-27.93,2004,3,"040497",127
152.86,-27.93,2004,4,"040497",18
152.86,-27.93,2004,5,"040497",5
152.86,-27.93,2004,6,"040497",0
152.86,-27.93,2004,7,"040497",NA
152.86,-27.93,2004,8,"040497",11
152.86,-27.93,2004,9,"040497",25
152.86,-27.93,2004,10,"040497",78
152.86,-27.93,2004,11,"040497",106
152.86,-27.93,2004,12,"040497",NA
152.86,-27.93,2005,1,"040497",93
152.86,-27.93,2005,2,"040497",20
152.86,-27.93,2005,3,"040497",11
152.86,-27.93,2005,4,"040497",8
152.86,-27.93,2005,5,"040497",26
152.86,-27.93,2005,6,"040497",128
152.86,-27.93,2005,7,"040497",11
152.86,-27.93,2005,8,"040497",NA
152.86,-27.93,2005,9,"040497",40
152.86,-27.93,2005,10,"040497",72
152.86,-27.93,2005,11,"040497",NA
152.86,-27.93,2005,12,"040497",95
152.86,-27.93,2006,1,"040497",203
152.86,-27.93,2006,2,"040497",136
152.86,-27.93,2006,3,"040497",NA
152.86,-27.93,2006,4,"040497",NA
152.86,-27.93,2006,5,"040497",NA
152.86,-27.93,2006,6,"040497",NA
152.86,-27.93,2006,7,"040497",NA
152.86,-27.93,2006,8,"040497",NA
152.86,-27.93,2006,9,"040497",NA
152.86,-27.93,2006,10,"040497",NA
152.86,-27.93,2006,11,"040497",NA
152.86,-27.93,2006,12,"040497",NA
