"Lon","Lat","Year","Month","Station","Rain"
129.95,-20.52,1995,1,"015665",NA
129.95,-20.52,1995,2,"015665",NA
129.95,-20.52,1995,3,"015665",NA
129.95,-20.52,1995,4,"015665",NA
129.95,-20.52,1995,5,"015665",NA
129.95,-20.52,1995,6,"015665",NA
129.95,-20.52,1995,7,"015665",NA
129.95,-20.52,1995,8,"015665",NA
129.95,-20.52,1995,9,"015665",0
129.95,-20.52,1995,10,"015665",3.4
129.95,-20.52,1995,11,"015665",24.3
129.95,-20.52,1995,12,"015665",NA
129.95,-20.52,1996,1,"015665",NA
129.95,-20.52,1996,2,"015665",NA
129.95,-20.52,1996,3,"015665",0.1
129.95,-20.52,1996,4,"015665",75
129.95,-20.52,1996,5,"015665",1.5
129.95,-20.52,1996,6,"015665",0
129.95,-20.52,1996,7,"015665",3
129.95,-20.52,1996,8,"015665",0
129.95,-20.52,1996,9,"015665",NA
129.95,-20.52,1996,10,"015665",NA
129.95,-20.52,1996,11,"015665",NA
129.95,-20.52,1996,12,"015665",NA
129.95,-20.52,1997,1,"015665",142.6
129.95,-20.52,1997,2,"015665",NA
129.95,-20.52,1997,3,"015665",0
129.95,-20.52,1997,4,"015665",0
129.95,-20.52,1997,5,"015665",37
129.95,-20.52,1997,6,"015665",0
129.95,-20.52,1997,7,"015665",0
129.95,-20.52,1997,8,"015665",0
129.95,-20.52,1997,9,"015665",3.2
129.95,-20.52,1997,10,"015665",4.2
129.95,-20.52,1997,11,"015665",10
129.95,-20.52,1997,12,"015665",89
129.95,-20.52,1998,1,"015665",14.7
129.95,-20.52,1998,2,"015665",13.2
129.95,-20.52,1998,3,"015665",0
129.95,-20.52,1998,4,"015665",62.5
129.95,-20.52,1998,5,"015665",0
129.95,-20.52,1998,6,"015665",0
129.95,-20.52,1998,7,"015665",13.4
129.95,-20.52,1998,8,"015665",0.7
129.95,-20.52,1998,9,"015665",16.3
129.95,-20.52,1998,10,"015665",55
129.95,-20.52,1998,11,"015665",23.1
129.95,-20.52,1998,12,"015665",NA
129.95,-20.52,2000,1,"015665",NA
129.95,-20.52,2000,2,"015665",NA
129.95,-20.52,2000,3,"015665",NA
129.95,-20.52,2000,4,"015665",NA
129.95,-20.52,2000,5,"015665",NA
129.95,-20.52,2000,6,"015665",NA
129.95,-20.52,2000,7,"015665",NA
129.95,-20.52,2000,8,"015665",NA
129.95,-20.52,2000,9,"015665",NA
129.95,-20.52,2000,10,"015665",NA
129.95,-20.52,2000,11,"015665",68.4
129.95,-20.52,2000,12,"015665",162.4
129.95,-20.52,2001,1,"015665",149.6
129.95,-20.52,2001,2,"015665",281.7
129.95,-20.52,2001,3,"015665",292.2
129.95,-20.52,2001,4,"015665",0
129.95,-20.52,2001,5,"015665",0
129.95,-20.52,2001,6,"015665",12.2
129.95,-20.52,2001,7,"015665",23.2
129.95,-20.52,2001,8,"015665",0
129.95,-20.52,2001,9,"015665",2.2
129.95,-20.52,2001,10,"015665",71.5
129.95,-20.52,2001,11,"015665",67.3
129.95,-20.52,2001,12,"015665",NA
129.95,-20.52,2002,1,"015665",35.4
129.95,-20.52,2002,2,"015665",181.6
129.95,-20.52,2002,3,"015665",14.1
129.95,-20.52,2002,4,"015665",0
129.95,-20.52,2002,5,"015665",0
129.95,-20.52,2002,6,"015665",0
129.95,-20.52,2002,7,"015665",0
129.95,-20.52,2002,8,"015665",0
129.95,-20.52,2002,9,"015665",0
129.95,-20.52,2002,10,"015665",NA
129.95,-20.52,2002,11,"015665",13
129.95,-20.52,2002,12,"015665",12.4
129.95,-20.52,2003,1,"015665",85.8
129.95,-20.52,2003,2,"015665",44.2
129.95,-20.52,2003,3,"015665",26
129.95,-20.52,2003,4,"015665",2.6
129.95,-20.52,2003,5,"015665",0
129.95,-20.52,2003,6,"015665",0
129.95,-20.52,2003,7,"015665",0
129.95,-20.52,2003,8,"015665",0
129.95,-20.52,2003,9,"015665",1.2
129.95,-20.52,2003,10,"015665",1
129.95,-20.52,2003,11,"015665",38.4
129.95,-20.52,2003,12,"015665",207.8
129.95,-20.52,2004,1,"015665",149.4
129.95,-20.52,2004,2,"015665",285.6
129.95,-20.52,2004,3,"015665",45.6
129.95,-20.52,2004,4,"015665",1
129.95,-20.52,2004,5,"015665",31.8
129.95,-20.52,2004,6,"015665",2.6
129.95,-20.52,2004,7,"015665",0
129.95,-20.52,2004,8,"015665",0
129.95,-20.52,2004,9,"015665",0
129.95,-20.52,2004,10,"015665",20.9
129.95,-20.52,2004,11,"015665",15
129.95,-20.52,2004,12,"015665",13.2
129.95,-20.52,2005,1,"015665",12
129.95,-20.52,2005,2,"015665",37
129.95,-20.52,2005,3,"015665",18
129.95,-20.52,2005,4,"015665",0
129.95,-20.52,2005,5,"015665",0
129.95,-20.52,2005,6,"015665",NA
129.95,-20.52,2005,7,"015665",NA
129.95,-20.52,2005,8,"015665",NA
129.95,-20.52,2005,9,"015665",NA
129.95,-20.52,2005,10,"015665",NA
129.95,-20.52,2005,11,"015665",NA
129.95,-20.52,2005,12,"015665",NA
