"Lon","Lat","Year","Month","Station","Rain"
142.62,-21.4,1979,1,"030144",127
142.62,-21.4,1979,2,"030144",191
142.62,-21.4,1979,3,"030144",21
142.62,-21.4,1979,4,"030144",0
142.62,-21.4,1979,5,"030144",0
142.62,-21.4,1979,6,"030144",0
142.62,-21.4,1979,7,"030144",0
142.62,-21.4,1979,8,"030144",0
142.62,-21.4,1979,9,"030144",3
142.62,-21.4,1979,10,"030144",28
142.62,-21.4,1979,11,"030144",18
142.62,-21.4,1979,12,"030144",95
142.62,-21.4,1980,1,"030144",91
142.62,-21.4,1980,2,"030144",104
142.62,-21.4,1980,3,"030144",68
142.62,-21.4,1980,4,"030144",0
142.62,-21.4,1980,5,"030144",7
142.62,-21.4,1980,6,"030144",0
142.62,-21.4,1980,7,"030144",0
142.62,-21.4,1980,8,"030144",13
142.62,-21.4,1980,9,"030144",0
142.62,-21.4,1980,10,"030144",7
142.62,-21.4,1980,11,"030144",11
142.62,-21.4,1980,12,"030144",26
142.62,-21.4,1981,1,"030144",214
142.62,-21.4,1981,2,"030144",88
142.62,-21.4,1981,3,"030144",0
142.62,-21.4,1981,4,"030144",0
142.62,-21.4,1981,5,"030144",57.4
142.62,-21.4,1981,6,"030144",20.8
142.62,-21.4,1981,7,"030144",31.4
142.62,-21.4,1981,8,"030144",1
142.62,-21.4,1981,9,"030144",9
142.62,-21.4,1981,10,"030144",1.2
142.62,-21.4,1981,11,"030144",30.6
142.62,-21.4,1981,12,"030144",50.6
142.62,-21.4,1982,1,"030144",127
142.62,-21.4,1982,2,"030144",36.8
142.62,-21.4,1982,3,"030144",57.6
142.62,-21.4,1982,4,"030144",2.8
142.62,-21.4,1982,5,"030144",0
142.62,-21.4,1982,6,"030144",1.2
142.62,-21.4,1982,7,"030144",0
142.62,-21.4,1982,8,"030144",0
142.62,-21.4,1982,9,"030144",7.2
142.62,-21.4,1982,10,"030144",0
142.62,-21.4,1982,11,"030144",3.8
142.62,-21.4,1982,12,"030144",14.6
142.62,-21.4,1983,1,"030144",45.8
142.62,-21.4,1983,2,"030144",24.2
142.62,-21.4,1983,3,"030144",43.2
142.62,-21.4,1983,4,"030144",53.2
142.62,-21.4,1983,5,"030144",29.4
142.62,-21.4,1983,6,"030144",1
142.62,-21.4,1983,7,"030144",0
142.62,-21.4,1983,8,"030144",3.8
142.62,-21.4,1983,9,"030144",0
142.62,-21.4,1983,10,"030144",0
142.62,-21.4,1983,11,"030144",38.2
142.62,-21.4,1983,12,"030144",35.8
142.62,-21.4,1984,1,"030144",368.2
142.62,-21.4,1984,2,"030144",80.6
142.62,-21.4,1984,3,"030144",10.6
142.62,-21.4,1984,4,"030144",0
142.62,-21.4,1984,5,"030144",0
142.62,-21.4,1984,6,"030144",0
142.62,-21.4,1984,7,"030144",54.8
142.62,-21.4,1984,8,"030144",1.4
142.62,-21.4,1984,9,"030144",15
142.62,-21.4,1984,10,"030144",20.4
142.62,-21.4,1984,11,"030144",2.8
142.62,-21.4,1984,12,"030144",66.2
142.62,-21.4,1985,1,"030144",3.8
142.62,-21.4,1985,2,"030144",16
142.62,-21.4,1985,3,"030144",16.8
142.62,-21.4,1985,4,"030144",0
142.62,-21.4,1985,5,"030144",0
142.62,-21.4,1985,6,"030144",90
142.62,-21.4,1985,7,"030144",6.6
142.62,-21.4,1985,8,"030144",6
142.62,-21.4,1985,9,"030144",0
142.62,-21.4,1985,10,"030144",30.8
142.62,-21.4,1985,11,"030144",92.6
142.62,-21.4,1985,12,"030144",63
142.62,-21.4,1986,1,"030144",4.4
142.62,-21.4,1986,2,"030144",71.6
142.62,-21.4,1986,3,"030144",0
142.62,-21.4,1986,4,"030144",0
142.62,-21.4,1986,5,"030144",20
142.62,-21.4,1986,6,"030144",3.4
142.62,-21.4,1986,7,"030144",14.6
142.62,-21.4,1986,8,"030144",0.8
142.62,-21.4,1986,9,"030144",0
142.62,-21.4,1986,10,"030144",65.4
142.62,-21.4,1986,11,"030144",11.4
142.62,-21.4,1986,12,"030144",35.4
142.62,-21.4,1987,1,"030144",44
142.62,-21.4,1987,2,"030144",83
142.62,-21.4,1987,3,"030144",8
142.62,-21.4,1987,4,"030144",14
142.62,-21.4,1987,5,"030144",0
142.62,-21.4,1987,6,"030144",1.4
142.62,-21.4,1987,7,"030144",6
142.62,-21.4,1987,8,"030144",0
142.62,-21.4,1987,9,"030144",9
142.62,-21.4,1987,10,"030144",4.2
142.62,-21.4,1987,11,"030144",90.6
142.62,-21.4,1987,12,"030144",18.2
142.62,-21.4,1988,1,"030144",1
142.62,-21.4,1988,2,"030144",4.8
142.62,-21.4,1988,3,"030144",0
142.62,-21.4,1988,4,"030144",26.4
142.62,-21.4,1988,5,"030144",0
142.62,-21.4,1988,6,"030144",0
142.62,-21.4,1988,7,"030144",76.4
142.62,-21.4,1988,8,"030144",20.4
142.62,-21.4,1988,9,"030144",0
142.62,-21.4,1988,10,"030144",0
142.62,-21.4,1988,11,"030144",4
142.62,-21.4,1988,12,"030144",45.8
142.62,-21.4,1989,1,"030144",14.8
142.62,-21.4,1989,2,"030144",143.8
142.62,-21.4,1989,3,"030144",31.6
142.62,-21.4,1989,4,"030144",8.2
142.62,-21.4,1989,5,"030144",44.6
142.62,-21.4,1989,6,"030144",4.6
142.62,-21.4,1989,7,"030144",15
142.62,-21.4,1989,8,"030144",76.8
142.62,-21.4,1989,9,"030144",0
142.62,-21.4,1989,10,"030144",76.8
142.62,-21.4,1989,11,"030144",69.8
142.62,-21.4,1989,12,"030144",66.2
142.62,-21.4,1990,1,"030144",33.4
142.62,-21.4,1990,2,"030144",34.6
142.62,-21.4,1990,3,"030144",33.6
142.62,-21.4,1990,4,"030144",40.2
142.62,-21.4,1990,5,"030144",82
142.62,-21.4,1990,6,"030144",58
142.62,-21.4,1990,7,"030144",0
142.62,-21.4,1990,8,"030144",0
142.62,-21.4,1990,9,"030144",0
142.62,-21.4,1990,10,"030144",3
142.62,-21.4,1990,11,"030144",28
142.62,-21.4,1990,12,"030144",58.2
142.62,-21.4,1991,1,"030144",411.6
142.62,-21.4,1991,2,"030144",131.4
142.62,-21.4,1991,3,"030144",0
142.62,-21.4,1991,4,"030144",0
142.62,-21.4,1991,5,"030144",0
142.62,-21.4,1991,6,"030144",15
142.62,-21.4,1991,7,"030144",0
142.62,-21.4,1991,8,"030144",0
142.62,-21.4,1991,9,"030144",0
142.62,-21.4,1991,10,"030144",8.4
142.62,-21.4,1991,11,"030144",2.2
142.62,-21.4,1991,12,"030144",19.6
142.62,-21.4,1992,1,"030144",3.8
142.62,-21.4,1992,2,"030144",204.4
142.62,-21.4,1992,3,"030144",4.4
142.62,-21.4,1992,4,"030144",0
142.62,-21.4,1992,5,"030144",30.2
142.62,-21.4,1992,6,"030144",0
142.62,-21.4,1992,7,"030144",0
142.62,-21.4,1992,8,"030144",0.6
142.62,-21.4,1992,9,"030144",7
142.62,-21.4,1992,10,"030144",25.2
142.62,-21.4,1992,11,"030144",29
142.62,-21.4,1992,12,"030144",48.4
142.62,-21.4,1993,1,"030144",32.6
142.62,-21.4,1993,2,"030144",163.8
142.62,-21.4,1993,3,"030144",36
142.62,-21.4,1993,4,"030144",2
142.62,-21.4,1993,5,"030144",0
142.62,-21.4,1993,6,"030144",0
142.62,-21.4,1993,7,"030144",21
142.62,-21.4,1993,8,"030144",6
142.62,-21.4,1993,9,"030144",0
142.62,-21.4,1993,10,"030144",1
142.62,-21.4,1993,11,"030144",28
142.62,-21.4,1993,12,"030144",97
142.62,-21.4,1994,1,"030144",58.6
142.62,-21.4,1994,2,"030144",106.6
142.62,-21.4,1994,3,"030144",225
142.62,-21.4,1994,4,"030144",0
142.62,-21.4,1994,5,"030144",0
142.62,-21.4,1994,6,"030144",0
142.62,-21.4,1994,7,"030144",0
142.62,-21.4,1994,8,"030144",0
142.62,-21.4,1994,9,"030144",0
142.62,-21.4,1994,10,"030144",1
142.62,-21.4,1994,11,"030144",20.4
142.62,-21.4,1994,12,"030144",3
142.62,-21.4,1995,1,"030144",61
142.62,-21.4,1995,2,"030144",173.6
142.62,-21.4,1995,3,"030144",0
142.62,-21.4,1995,4,"030144",0
142.62,-21.4,1995,5,"030144",12
142.62,-21.4,1995,6,"030144",0
142.62,-21.4,1995,7,"030144",0
142.62,-21.4,1995,8,"030144",14
142.62,-21.4,1995,9,"030144",0
142.62,-21.4,1995,10,"030144",38
142.62,-21.4,1995,11,"030144",26.2
142.62,-21.4,1995,12,"030144",61.6
142.62,-21.4,1996,1,"030144",180
142.62,-21.4,1996,2,"030144",6.8
142.62,-21.4,1996,3,"030144",30.6
142.62,-21.4,1996,4,"030144",1
142.62,-21.4,1996,5,"030144",0
142.62,-21.4,1996,6,"030144",0
142.62,-21.4,1996,7,"030144",2.2
142.62,-21.4,1996,8,"030144",10
142.62,-21.4,1996,9,"030144",0
142.62,-21.4,1996,10,"030144",91.4
142.62,-21.4,1996,11,"030144",0.2
142.62,-21.4,1996,12,"030144",51
142.62,-21.4,1997,1,"030144",81
142.62,-21.4,1997,2,"030144",96
142.62,-21.4,1997,3,"030144",97.4
142.62,-21.4,1997,4,"030144",0
142.62,-21.4,1997,5,"030144",36
142.62,-21.4,1997,6,"030144",0.6
142.62,-21.4,1997,7,"030144",0
142.62,-21.4,1997,8,"030144",0
142.62,-21.4,1997,9,"030144",7
142.62,-21.4,1997,10,"030144",6
142.62,-21.4,1997,11,"030144",33
142.62,-21.4,1997,12,"030144",82.2
142.62,-21.4,1998,1,"030144",53
142.62,-21.4,1998,2,"030144",141.4
142.62,-21.4,1998,3,"030144",20.4
142.62,-21.4,1998,4,"030144",25.4
142.62,-21.4,1998,5,"030144",14.6
142.62,-21.4,1998,6,"030144",46.4
142.62,-21.4,1998,7,"030144",14.4
142.62,-21.4,1998,8,"030144",23.8
142.62,-21.4,1998,9,"030144",28
142.62,-21.4,1998,10,"030144",14
142.62,-21.4,1998,11,"030144",55.4
142.62,-21.4,1998,12,"030144",33.4
142.62,-21.4,1999,1,"030144",138.8
142.62,-21.4,1999,2,"030144",37.8
142.62,-21.4,1999,3,"030144",135.6
142.62,-21.4,1999,4,"030144",39
142.62,-21.4,1999,5,"030144",0
142.62,-21.4,1999,6,"030144",0
142.62,-21.4,1999,7,"030144",0
142.62,-21.4,1999,8,"030144",0
142.62,-21.4,1999,9,"030144",0
142.62,-21.4,1999,10,"030144",1
142.62,-21.4,1999,11,"030144",137.2
142.62,-21.4,1999,12,"030144",70.8
142.62,-21.4,2000,1,"030144",43.6
142.62,-21.4,2000,2,"030144",160.6
142.62,-21.4,2000,3,"030144",150.4
142.62,-21.4,2000,4,"030144",103
142.62,-21.4,2000,5,"030144",9.8
142.62,-21.4,2000,6,"030144",9.2
142.62,-21.4,2000,7,"030144",0
142.62,-21.4,2000,8,"030144",0
142.62,-21.4,2000,9,"030144",0
142.62,-21.4,2000,10,"030144",55.4
142.62,-21.4,2000,11,"030144",81
142.62,-21.4,2000,12,"030144",223.2
142.62,-21.4,2001,1,"030144",14.4
142.62,-21.4,2001,2,"030144",84.4
142.62,-21.4,2001,3,"030144",7.6
142.62,-21.4,2001,4,"030144",1.2
142.62,-21.4,2001,5,"030144",0
142.62,-21.4,2001,6,"030144",0
142.62,-21.4,2001,7,"030144",5.6
142.62,-21.4,2001,8,"030144",0
142.62,-21.4,2001,9,"030144",1
142.62,-21.4,2001,10,"030144",36.8
142.62,-21.4,2001,11,"030144",12.2
142.62,-21.4,2001,12,"030144",35.8
142.62,-21.4,2002,1,"030144",27.4
142.62,-21.4,2002,2,"030144",32
142.62,-21.4,2002,3,"030144",8.6
142.62,-21.4,2002,4,"030144",0
142.62,-21.4,2002,5,"030144",0
142.62,-21.4,2002,6,"030144",0
142.62,-21.4,2002,7,"030144",0
142.62,-21.4,2002,8,"030144",2.6
142.62,-21.4,2002,9,"030144",0
142.62,-21.4,2002,10,"030144",0
142.62,-21.4,2002,11,"030144",30.4
142.62,-21.4,2002,12,"030144",5.6
142.62,-21.4,2003,1,"030144",52.6
142.62,-21.4,2003,2,"030144",111.8
142.62,-21.4,2003,3,"030144",24.6
142.62,-21.4,2003,4,"030144",9.4
142.62,-21.4,2003,5,"030144",0
142.62,-21.4,2003,6,"030144",0.6
142.62,-21.4,2003,7,"030144",0
142.62,-21.4,2003,8,"030144",7.4
142.62,-21.4,2003,9,"030144",0
142.62,-21.4,2003,10,"030144",0.8
142.62,-21.4,2003,11,"030144",15.4
142.62,-21.4,2003,12,"030144",29.6
142.62,-21.4,2004,1,"030144",124.8
142.62,-21.4,2004,2,"030144",105.8
142.62,-21.4,2004,3,"030144",0
142.62,-21.4,2004,4,"030144",2.2
142.62,-21.4,2004,5,"030144",2
142.62,-21.4,2004,6,"030144",0
142.62,-21.4,2004,7,"030144",0
142.62,-21.4,2004,8,"030144",2.6
142.62,-21.4,2004,9,"030144",5.6
142.62,-21.4,2004,10,"030144",NA
142.62,-21.4,2004,11,"030144",NA
142.62,-21.4,2004,12,"030144",NA
142.62,-21.4,2005,1,"030144",150.6
142.62,-21.4,2005,2,"030144",40.8
142.62,-21.4,2005,3,"030144",37.4
142.62,-21.4,2005,4,"030144",0
142.62,-21.4,2005,5,"030144",6.2
142.62,-21.4,2005,6,"030144",26.8
142.62,-21.4,2005,7,"030144",16.2
142.62,-21.4,2005,8,"030144",38.4
142.62,-21.4,2005,9,"030144",1.4
142.62,-21.4,2005,10,"030144",8
142.62,-21.4,2005,11,"030144",18.4
142.62,-21.4,2005,12,"030144",3.4
142.62,-21.4,2006,1,"030144",101.2
142.62,-21.4,2006,2,"030144",44.4
142.62,-21.4,2006,3,"030144",64.4
142.62,-21.4,2006,4,"030144",185
142.62,-21.4,2006,5,"030144",7.2
142.62,-21.4,2006,6,"030144",1.6
142.62,-21.4,2006,7,"030144",6.8
142.62,-21.4,2006,8,"030144",0
142.62,-21.4,2006,9,"030144",0
142.62,-21.4,2006,10,"030144",0
142.62,-21.4,2006,11,"030144",6
142.62,-21.4,2006,12,"030144",10.8
142.62,-21.4,2007,1,"030144",120.2
142.62,-21.4,2007,2,"030144",14.4
142.62,-21.4,2007,3,"030144",75
142.62,-21.4,2007,4,"030144",0
142.62,-21.4,2007,5,"030144",12
142.62,-21.4,2007,6,"030144",179.6
142.62,-21.4,2007,7,"030144",0
142.62,-21.4,2007,8,"030144",0
142.62,-21.4,2007,9,"030144",0
142.62,-21.4,2007,10,"030144",14
142.62,-21.4,2007,11,"030144",30
142.62,-21.4,2007,12,"030144",122
142.62,-21.4,2008,1,"030144",178.8
142.62,-21.4,2008,2,"030144",134.4
142.62,-21.4,2008,3,"030144",3.4
142.62,-21.4,2008,4,"030144",0
142.62,-21.4,2008,5,"030144",0
142.62,-21.4,2008,6,"030144",0
142.62,-21.4,2008,7,"030144",14.2
142.62,-21.4,2008,8,"030144",0
142.62,-21.4,2008,9,"030144",7.6
142.62,-21.4,2008,10,"030144",0
142.62,-21.4,2008,11,"030144",42.6
142.62,-21.4,2008,12,"030144",34.2
142.62,-21.4,2009,1,"030144",539.4
142.62,-21.4,2009,2,"030144",77.4
142.62,-21.4,2009,3,"030144",3.2
142.62,-21.4,2009,4,"030144",21.6
142.62,-21.4,2009,5,"030144",14
142.62,-21.4,2009,6,"030144",0
142.62,-21.4,2009,7,"030144",0
142.62,-21.4,2009,8,"030144",0
142.62,-21.4,2009,9,"030144",0
142.62,-21.4,2009,10,"030144",0
142.62,-21.4,2009,11,"030144",15.2
142.62,-21.4,2009,12,"030144",44.4
142.62,-21.4,2010,1,"030144",291.6
142.62,-21.4,2010,2,"030144",69
142.62,-21.4,2010,3,"030144",17.6
142.62,-21.4,2010,4,"030144",44.2
142.62,-21.4,2010,5,"030144",25.4
142.62,-21.4,2010,6,"030144",0
142.62,-21.4,2010,7,"030144",13
142.62,-21.4,2010,8,"030144",20.2
142.62,-21.4,2010,9,"030144",38.8
142.62,-21.4,2010,10,"030144",46.4
142.62,-21.4,2010,11,"030144",66.4
142.62,-21.4,2010,12,"030144",175.4
142.62,-21.4,2011,1,"030144",63.6
142.62,-21.4,2011,2,"030144",64
142.62,-21.4,2011,3,"030144",276.2
142.62,-21.4,2011,4,"030144",5.2
142.62,-21.4,2011,5,"030144",0
142.62,-21.4,2011,6,"030144",4.4
142.62,-21.4,2011,7,"030144",7
142.62,-21.4,2011,8,"030144",0
142.62,-21.4,2011,9,"030144",0
142.62,-21.4,2011,10,"030144",56
142.62,-21.4,2011,11,"030144",25
142.62,-21.4,2011,12,"030144",38.8
142.62,-21.4,2012,1,"030144",136.6
142.62,-21.4,2012,2,"030144",46.8
142.62,-21.4,2012,3,"030144",102.8
142.62,-21.4,2012,4,"030144",24.2
142.62,-21.4,2012,5,"030144",45.4
142.62,-21.4,2012,6,"030144",39.8
142.62,-21.4,2012,7,"030144",15.6
142.62,-21.4,2012,8,"030144",0
142.62,-21.4,2012,9,"030144",4
142.62,-21.4,2012,10,"030144",13
142.62,-21.4,2012,11,"030144",2
142.62,-21.4,2012,12,"030144",25.6
142.62,-21.4,2013,1,"030144",2.2
142.62,-21.4,2013,2,"030144",28.2
142.62,-21.4,2013,3,"030144",46.6
142.62,-21.4,2013,4,"030144",23.6
142.62,-21.4,2013,5,"030144",6
142.62,-21.4,2013,6,"030144",0
142.62,-21.4,2013,7,"030144",1
142.62,-21.4,2013,8,"030144",0
142.62,-21.4,2013,9,"030144",0
142.62,-21.4,2013,10,"030144",5.2
142.62,-21.4,2013,11,"030144",43.4
142.62,-21.4,2013,12,"030144",54.8
142.62,-21.4,2014,1,"030144",20.8
142.62,-21.4,2014,2,"030144",117.8
142.62,-21.4,2014,3,"030144",3
142.62,-21.4,2014,4,"030144",8
142.62,-21.4,2014,5,"030144",0
142.62,-21.4,2014,6,"030144",6.8
142.62,-21.4,2014,7,"030144",0
142.62,-21.4,2014,8,"030144",6
142.62,-21.4,2014,9,"030144",0
142.62,-21.4,2014,10,"030144",1.4
142.62,-21.4,2014,11,"030144",7.4
142.62,-21.4,2014,12,"030144",65.8
142.62,-21.4,2015,1,"030144",112.6
142.62,-21.4,2015,2,"030144",20.8
142.62,-21.4,2015,3,"030144",0
142.62,-21.4,2015,4,"030144",0
142.62,-21.4,2015,5,"030144",0.6
142.62,-21.4,2015,6,"030144",10.6
142.62,-21.4,2015,7,"030144",0
142.62,-21.4,2015,8,"030144",0
142.62,-21.4,2015,9,"030144",2
142.62,-21.4,2015,10,"030144",0
142.62,-21.4,2015,11,"030144",28.6
142.62,-21.4,2015,12,"030144",114.4
142.62,-21.4,2016,1,"030144",50
142.62,-21.4,2016,2,"030144",64.4
142.62,-21.4,2016,3,"030144",187.4
142.62,-21.4,2016,4,"030144",0
142.62,-21.4,2016,5,"030144",33.6
142.62,-21.4,2016,6,"030144",34.8
142.62,-21.4,2016,7,"030144",135.8
142.62,-21.4,2016,8,"030144",17
142.62,-21.4,2016,9,"030144",29.6
142.62,-21.4,2016,10,"030144",4
142.62,-21.4,2016,11,"030144",28.2
142.62,-21.4,2016,12,"030144",45.6
142.62,-21.4,2017,1,"030144",180.8
142.62,-21.4,2017,2,"030144",19.4
142.62,-21.4,2017,3,"030144",23.6
142.62,-21.4,2017,4,"030144",0
142.62,-21.4,2017,5,"030144",23
142.62,-21.4,2017,6,"030144",0
142.62,-21.4,2017,7,"030144",6.2
142.62,-21.4,2017,8,"030144",0
142.62,-21.4,2017,9,"030144",0
142.62,-21.4,2017,10,"030144",26.8
142.62,-21.4,2017,11,"030144",37.6
142.62,-21.4,2017,12,"030144",15
142.62,-21.4,2018,1,"030144",24.8
142.62,-21.4,2018,2,"030144",14.2
142.62,-21.4,2018,3,"030144",143.6
142.62,-21.4,2018,4,"030144",0
142.62,-21.4,2018,5,"030144",0
142.62,-21.4,2018,6,"030144",38.2
142.62,-21.4,2018,7,"030144",0
142.62,-21.4,2018,8,"030144",0
142.62,-21.4,2018,9,"030144",0
142.62,-21.4,2018,10,"030144",0
142.62,-21.4,2018,11,"030144",NA
142.62,-21.4,2018,12,"030144",3.4
142.62,-21.4,2019,1,"030144",205.8
142.62,-21.4,2019,2,"030144",537.2
142.62,-21.4,2019,3,"030144",82
142.62,-21.4,2019,4,"030144",0
142.62,-21.4,2019,5,"030144",0
142.62,-21.4,2019,6,"030144",16.4
142.62,-21.4,2019,7,"030144",0
142.62,-21.4,2019,8,"030144",0
142.62,-21.4,2019,9,"030144",0
142.62,-21.4,2019,10,"030144",0
142.62,-21.4,2019,11,"030144",0
142.62,-21.4,2019,12,"030144",1
142.62,-21.4,2020,1,"030144",148
142.62,-21.4,2020,2,"030144",97.4
142.62,-21.4,2020,3,"030144",32.6
142.62,-21.4,2020,4,"030144",0
142.62,-21.4,2020,5,"030144",11.2
142.62,-21.4,2020,6,"030144",0
142.62,-21.4,2020,7,"030144",0
142.62,-21.4,2020,8,"030144",2.8
142.62,-21.4,2020,9,"030144",17
142.62,-21.4,2020,10,"030144",12.6
142.62,-21.4,2020,11,"030144",2
142.62,-21.4,2020,12,"030144",160.6
142.62,-21.4,2021,1,"030144",36
142.62,-21.4,2021,2,"030144",151
142.62,-21.4,2021,3,"030144",9
142.62,-21.4,2021,4,"030144",2.2
142.62,-21.4,2021,5,"030144",0
142.62,-21.4,2021,6,"030144",36.4
142.62,-21.4,2021,7,"030144",0
142.62,-21.4,2021,8,"030144",0.2
142.62,-21.4,2021,9,"030144",10.8
142.62,-21.4,2021,10,"030144",37.2
142.62,-21.4,2021,11,"030144",82
142.62,-21.4,2021,12,"030144",17.4
