"Lon","Lat","Year","Month","Station","Rain"
142.38,-10.9,1960,1,"027031",NA
142.38,-10.9,1960,2,"027031",NA
142.38,-10.9,1960,3,"027031",NA
142.38,-10.9,1960,4,"027031",NA
142.38,-10.9,1960,5,"027031",NA
142.38,-10.9,1960,6,"027031",NA
142.38,-10.9,1960,7,"027031",6.2
142.38,-10.9,1960,8,"027031",4.4
142.38,-10.9,1960,9,"027031",3.3
142.38,-10.9,1960,10,"027031",4.3
142.38,-10.9,1960,11,"027031",18
142.38,-10.9,1960,12,"027031",164.7
142.38,-10.9,1961,1,"027031",322.5
142.38,-10.9,1961,2,"027031",263.9
142.38,-10.9,1961,3,"027031",130.5
142.38,-10.9,1961,4,"027031",100.8
142.38,-10.9,1961,5,"027031",30.5
142.38,-10.9,1961,6,"027031",7.4
142.38,-10.9,1961,7,"027031",5.6
142.38,-10.9,1961,8,"027031",3
142.38,-10.9,1961,9,"027031",9.2
142.38,-10.9,1961,10,"027031",4.1
142.38,-10.9,1961,11,"027031",13
142.38,-10.9,1961,12,"027031",285.2
142.38,-10.9,1962,1,"027031",280.8
142.38,-10.9,1962,2,"027031",624.5
142.38,-10.9,1962,3,"027031",289.4
142.38,-10.9,1962,4,"027031",289
142.38,-10.9,1962,5,"027031",10.9
142.38,-10.9,1962,6,"027031",14.3
142.38,-10.9,1962,7,"027031",12.4
142.38,-10.9,1962,8,"027031",2.5
142.38,-10.9,1962,9,"027031",3.4
142.38,-10.9,1962,10,"027031",0.5
142.38,-10.9,1962,11,"027031",19.4
142.38,-10.9,1962,12,"027031",229.9
142.38,-10.9,1963,1,"027031",170.5
142.38,-10.9,1963,2,"027031",279.2
142.38,-10.9,1963,3,"027031",380.8
142.38,-10.9,1963,4,"027031",265.4
142.38,-10.9,1963,5,"027031",12.4
142.38,-10.9,1963,6,"027031",7.1
142.38,-10.9,1963,7,"027031",2.6
142.38,-10.9,1963,8,"027031",3
142.38,-10.9,1963,9,"027031",3
142.38,-10.9,1963,10,"027031",8.4
142.38,-10.9,1963,11,"027031",4.6
142.38,-10.9,1963,12,"027031",131.4
142.38,-10.9,1964,1,"027031",771.7
142.38,-10.9,1964,2,"027031",128.4
142.38,-10.9,1964,3,"027031",575.6
142.38,-10.9,1964,4,"027031",182.9
142.38,-10.9,1964,5,"027031",110
142.38,-10.9,1964,6,"027031",7.6
142.38,-10.9,1964,7,"027031",22.9
142.38,-10.9,1964,8,"027031",11.2
142.38,-10.9,1964,9,"027031",4.7
142.38,-10.9,1964,10,"027031",52
142.38,-10.9,1964,11,"027031",81.6
142.38,-10.9,1964,12,"027031",110.2
142.38,-10.9,1965,1,"027031",341.2
142.38,-10.9,1965,2,"027031",263.9
142.38,-10.9,1965,3,"027031",236.5
142.38,-10.9,1965,4,"027031",45.8
142.38,-10.9,1965,5,"027031",43.4
142.38,-10.9,1965,6,"027031",13
142.38,-10.9,1965,7,"027031",21.8
142.38,-10.9,1965,8,"027031",2.8
142.38,-10.9,1965,9,"027031",0.8
142.38,-10.9,1965,10,"027031",0
142.38,-10.9,1965,11,"027031",0
142.38,-10.9,1965,12,"027031",361.9
142.38,-10.9,1966,1,"027031",645.2
142.38,-10.9,1966,2,"027031",360.6
142.38,-10.9,1966,3,"027031",306
142.38,-10.9,1966,4,"027031",12.2
142.38,-10.9,1966,5,"027031",22.5
142.38,-10.9,1966,6,"027031",17.6
142.38,-10.9,1966,7,"027031",9.7
142.38,-10.9,1966,8,"027031",12.5
142.38,-10.9,1966,9,"027031",0
142.38,-10.9,1966,10,"027031",0
142.38,-10.9,1966,11,"027031",3.1
142.38,-10.9,1966,12,"027031",15.6
142.38,-10.9,1967,1,"027031",371.7
142.38,-10.9,1967,2,"027031",246
142.38,-10.9,1967,3,"027031",422.7
142.38,-10.9,1967,4,"027031",124.3
142.38,-10.9,1967,5,"027031",22.4
142.38,-10.9,1967,6,"027031",39.2
142.38,-10.9,1967,7,"027031",3.1
142.38,-10.9,1967,8,"027031",7.4
142.38,-10.9,1967,9,"027031",1.3
142.38,-10.9,1967,10,"027031",2.6
142.38,-10.9,1967,11,"027031",2.5
142.38,-10.9,1967,12,"027031",96.6
142.38,-10.9,1968,1,"027031",598.4
142.38,-10.9,1968,2,"027031",575.2
142.38,-10.9,1968,3,"027031",141.5
142.38,-10.9,1968,4,"027031",134.9
142.38,-10.9,1968,5,"027031",100.6
142.38,-10.9,1968,6,"027031",11.2
142.38,-10.9,1968,7,"027031",21.7
142.38,-10.9,1968,8,"027031",1
142.38,-10.9,1968,9,"027031",12.4
142.38,-10.9,1968,10,"027031",6
142.38,-10.9,1968,11,"027031",0.3
142.38,-10.9,1968,12,"027031",81.9
142.38,-10.9,1969,1,"027031",526
142.38,-10.9,1969,2,"027031",317.1
142.38,-10.9,1969,3,"027031",397.2
142.38,-10.9,1969,4,"027031",128.6
142.38,-10.9,1969,5,"027031",13.8
142.38,-10.9,1969,6,"027031",40.8
142.38,-10.9,1969,7,"027031",15
142.38,-10.9,1969,8,"027031",5.3
142.38,-10.9,1969,9,"027031",8.7
142.38,-10.9,1969,10,"027031",25.4
142.38,-10.9,1969,11,"027031",0
142.38,-10.9,1969,12,"027031",135.7
142.38,-10.9,1970,1,"027031",191.2
142.38,-10.9,1970,2,"027031",754.5
142.38,-10.9,1970,3,"027031",425.8
142.38,-10.9,1970,4,"027031",25.9
142.38,-10.9,1970,5,"027031",114.8
142.38,-10.9,1970,6,"027031",24
142.38,-10.9,1970,7,"027031",23.8
142.38,-10.9,1970,8,"027031",6.4
142.38,-10.9,1970,9,"027031",2.6
142.38,-10.9,1970,10,"027031",78.5
142.38,-10.9,1970,11,"027031",158.5
142.38,-10.9,1970,12,"027031",487.8
142.38,-10.9,1971,1,"027031",287.1
142.38,-10.9,1971,2,"027031",189.1
142.38,-10.9,1971,3,"027031",605
142.38,-10.9,1971,4,"027031",460.2
142.38,-10.9,1971,5,"027031",22.7
142.38,-10.9,1971,6,"027031",21.3
142.38,-10.9,1971,7,"027031",10
142.38,-10.9,1971,8,"027031",10.5
142.38,-10.9,1971,9,"027031",9
142.38,-10.9,1971,10,"027031",4.6
142.38,-10.9,1971,11,"027031",89.7
142.38,-10.9,1971,12,"027031",182
142.38,-10.9,1972,1,"027031",604.7
142.38,-10.9,1972,2,"027031",246.4
142.38,-10.9,1972,3,"027031",517.7
142.38,-10.9,1972,4,"027031",575.9
142.38,-10.9,1972,5,"027031",56.2
142.38,-10.9,1972,6,"027031",39.9
142.38,-10.9,1972,7,"027031",10.4
142.38,-10.9,1972,8,"027031",0
142.38,-10.9,1972,9,"027031",30.5
142.38,-10.9,1972,10,"027031",0
142.38,-10.9,1972,11,"027031",5.4
142.38,-10.9,1972,12,"027031",8.1
142.38,-10.9,1973,1,"027031",778.8
142.38,-10.9,1973,2,"027031",336
142.38,-10.9,1973,3,"027031",401.5
142.38,-10.9,1973,4,"027031",153.3
142.38,-10.9,1973,5,"027031",130.7
142.38,-10.9,1973,6,"027031",73.7
142.38,-10.9,1973,7,"027031",0
142.38,-10.9,1973,8,"027031",8.6
142.38,-10.9,1973,9,"027031",37
142.38,-10.9,1973,10,"027031",0
142.38,-10.9,1973,11,"027031",114.6
142.38,-10.9,1973,12,"027031",452.3
142.38,-10.9,1974,1,"027031",152.8
142.38,-10.9,1974,2,"027031",370
142.38,-10.9,1974,3,"027031",562.8
142.38,-10.9,1974,4,"027031",201.9
142.38,-10.9,1974,5,"027031",30.8
142.38,-10.9,1974,6,"027031",7.2
142.38,-10.9,1974,7,"027031",0.6
142.38,-10.9,1974,8,"027031",1.6
142.38,-10.9,1974,9,"027031",5.9
142.38,-10.9,1974,10,"027031",6.9
142.38,-10.9,1974,11,"027031",21
142.38,-10.9,1974,12,"027031",70.9
142.38,-10.9,1975,1,"027031",353.3
142.38,-10.9,1975,2,"027031",354.5
142.38,-10.9,1975,3,"027031",297.7
142.38,-10.9,1975,4,"027031",190.4
142.38,-10.9,1975,5,"027031",150.7
142.38,-10.9,1975,6,"027031",8.2
142.38,-10.9,1975,7,"027031",6.4
142.38,-10.9,1975,8,"027031",6.5
142.38,-10.9,1975,9,"027031",12
142.38,-10.9,1975,10,"027031",69.4
142.38,-10.9,1975,11,"027031",87.3
142.38,-10.9,1975,12,"027031",602.8
142.38,-10.9,1976,1,"027031",593.2
142.38,-10.9,1976,2,"027031",197.8
142.38,-10.9,1976,3,"027031",364.4
142.38,-10.9,1976,4,"027031",351.4
142.38,-10.9,1976,5,"027031",36.4
142.38,-10.9,1976,6,"027031",10.8
142.38,-10.9,1976,7,"027031",8.4
142.38,-10.9,1976,8,"027031",6.4
142.38,-10.9,1976,9,"027031",0
142.38,-10.9,1976,10,"027031",13.6
142.38,-10.9,1976,11,"027031",76.4
142.38,-10.9,1976,12,"027031",118
142.38,-10.9,1977,1,"027031",540.4
142.38,-10.9,1977,2,"027031",331.6
142.38,-10.9,1977,3,"027031",626
142.38,-10.9,1977,4,"027031",408.1
142.38,-10.9,1977,5,"027031",14
142.38,-10.9,1977,6,"027031",13
142.38,-10.9,1977,7,"027031",10.4
142.38,-10.9,1977,8,"027031",0
142.38,-10.9,1977,9,"027031",0
142.38,-10.9,1977,10,"027031",0
142.38,-10.9,1977,11,"027031",0
142.38,-10.9,1977,12,"027031",NA
142.38,-10.9,1978,1,"027031",370
142.38,-10.9,1978,2,"027031",520
142.38,-10.9,1978,3,"027031",407.7
142.38,-10.9,1978,4,"027031",31
142.38,-10.9,1978,5,"027031",45
142.38,-10.9,1978,6,"027031",95.2
142.38,-10.9,1978,7,"027031",28
142.38,-10.9,1978,8,"027031",30
142.38,-10.9,1978,9,"027031",7.5
142.38,-10.9,1978,10,"027031",0
142.38,-10.9,1978,11,"027031",38.8
142.38,-10.9,1978,12,"027031",161
142.38,-10.9,1979,1,"027031",676.5
142.38,-10.9,1979,2,"027031",362
142.38,-10.9,1979,3,"027031",521.2
142.38,-10.9,1979,4,"027031",358
142.38,-10.9,1979,5,"027031",55.8
142.38,-10.9,1979,6,"027031",22.9
142.38,-10.9,1979,7,"027031",0
142.38,-10.9,1979,8,"027031",0
142.38,-10.9,1979,9,"027031",0
142.38,-10.9,1979,10,"027031",4.5
142.38,-10.9,1979,11,"027031",0.7
142.38,-10.9,1979,12,"027031",47
142.38,-10.9,1980,1,"027031",365
142.38,-10.9,1980,2,"027031",719.8
142.38,-10.9,1980,3,"027031",374.8
142.38,-10.9,1980,4,"027031",NA
142.38,-10.9,1980,5,"027031",NA
142.38,-10.9,1980,6,"027031",NA
142.38,-10.9,1980,7,"027031",NA
142.38,-10.9,1980,8,"027031",NA
142.38,-10.9,1980,9,"027031",NA
142.38,-10.9,1980,10,"027031",NA
142.38,-10.9,1980,11,"027031",NA
142.38,-10.9,1980,12,"027031",NA
142.38,-10.9,1981,1,"027031",711.4
142.38,-10.9,1981,2,"027031",410.5
142.38,-10.9,1981,3,"027031",189
142.38,-10.9,1981,4,"027031",NA
142.38,-10.9,1981,5,"027031",NA
142.38,-10.9,1981,6,"027031",NA
142.38,-10.9,1981,7,"027031",NA
142.38,-10.9,1981,8,"027031",NA
142.38,-10.9,1981,9,"027031",NA
142.38,-10.9,1981,10,"027031",NA
142.38,-10.9,1981,11,"027031",NA
142.38,-10.9,1981,12,"027031",NA
142.38,-10.9,1984,1,"027031",NA
142.38,-10.9,1984,2,"027031",NA
142.38,-10.9,1984,3,"027031",NA
142.38,-10.9,1984,4,"027031",81.8
142.38,-10.9,1984,5,"027031",26.5
142.38,-10.9,1984,6,"027031",2.2
142.38,-10.9,1984,7,"027031",4.3
142.38,-10.9,1984,8,"027031",7
142.38,-10.9,1984,9,"027031",8
142.38,-10.9,1984,10,"027031",9.2
142.38,-10.9,1984,11,"027031",11.2
142.38,-10.9,1984,12,"027031",148.3
142.38,-10.9,1985,1,"027031",210
142.38,-10.9,1985,2,"027031",NA
142.38,-10.9,1985,3,"027031",NA
142.38,-10.9,1985,4,"027031",NA
142.38,-10.9,1985,5,"027031",NA
142.38,-10.9,1985,6,"027031",NA
142.38,-10.9,1985,7,"027031",NA
142.38,-10.9,1985,8,"027031",NA
142.38,-10.9,1985,9,"027031",NA
142.38,-10.9,1985,10,"027031",NA
142.38,-10.9,1985,11,"027031",NA
142.38,-10.9,1985,12,"027031",NA
142.38,-10.9,1993,1,"027031",NA
142.38,-10.9,1993,2,"027031",NA
142.38,-10.9,1993,3,"027031",NA
142.38,-10.9,1993,4,"027031",NA
142.38,-10.9,1993,5,"027031",NA
142.38,-10.9,1993,6,"027031",NA
142.38,-10.9,1993,7,"027031",NA
142.38,-10.9,1993,8,"027031",NA
142.38,-10.9,1993,9,"027031",NA
142.38,-10.9,1993,10,"027031",NA
142.38,-10.9,1993,11,"027031",NA
142.38,-10.9,1993,12,"027031",329.3
142.38,-10.9,1994,1,"027031",366.6
142.38,-10.9,1994,2,"027031",643.8
142.38,-10.9,1994,3,"027031",253
142.38,-10.9,1994,4,"027031",129
142.38,-10.9,1994,5,"027031",36
142.38,-10.9,1994,6,"027031",NA
142.38,-10.9,1994,7,"027031",NA
142.38,-10.9,1994,8,"027031",NA
142.38,-10.9,1994,9,"027031",NA
142.38,-10.9,1994,10,"027031",NA
142.38,-10.9,1994,11,"027031",NA
142.38,-10.9,1994,12,"027031",NA
142.38,-10.9,1995,1,"027031",350.8
142.38,-10.9,1995,2,"027031",341
142.38,-10.9,1995,3,"027031",549.2
142.38,-10.9,1995,4,"027031",280
142.38,-10.9,1995,5,"027031",97
142.38,-10.9,1995,6,"027031",18.6
142.38,-10.9,1995,7,"027031",0.4
142.38,-10.9,1995,8,"027031",23.6
142.38,-10.9,1995,9,"027031",2.8
142.38,-10.9,1995,10,"027031",26.4
142.38,-10.9,1995,11,"027031",16.4
142.38,-10.9,1995,12,"027031",287.8
142.38,-10.9,1996,1,"027031",335
142.38,-10.9,1996,2,"027031",515.2
142.38,-10.9,1996,3,"027031",412
142.38,-10.9,1996,4,"027031",130.8
142.38,-10.9,1996,5,"027031",228.4
142.38,-10.9,1996,6,"027031",8
142.38,-10.9,1996,7,"027031",10.7
142.38,-10.9,1996,8,"027031",10.2
142.38,-10.9,1996,9,"027031",0.4
142.38,-10.9,1996,10,"027031",43.8
142.38,-10.9,1996,11,"027031",11
142.38,-10.9,1996,12,"027031",388.4
142.38,-10.9,1997,1,"027031",516
142.38,-10.9,1997,2,"027031",578.7
142.38,-10.9,1997,3,"027031",529.6
142.38,-10.9,1997,4,"027031",0
142.38,-10.9,1997,5,"027031",0.6
142.38,-10.9,1997,6,"027031",41.2
142.38,-10.9,1997,7,"027031",NA
142.38,-10.9,1997,8,"027031",NA
142.38,-10.9,1997,9,"027031",NA
142.38,-10.9,1997,10,"027031",NA
142.38,-10.9,1997,11,"027031",NA
142.38,-10.9,1997,12,"027031",NA
142.38,-10.9,1998,1,"027031",NA
142.38,-10.9,1998,2,"027031",NA
142.38,-10.9,1998,3,"027031",464.5
142.38,-10.9,1998,4,"027031",76.8
142.38,-10.9,1998,5,"027031",174.5
142.38,-10.9,1998,6,"027031",4
142.38,-10.9,1998,7,"027031",12
142.38,-10.9,1998,8,"027031",0
142.38,-10.9,1998,9,"027031",5
142.38,-10.9,1998,10,"027031",3.5
142.38,-10.9,1998,11,"027031",213.5
142.38,-10.9,1998,12,"027031",NA
142.38,-10.9,1999,1,"027031",529.3
142.38,-10.9,1999,2,"027031",770.7
142.38,-10.9,1999,3,"027031",NA
142.38,-10.9,1999,4,"027031",847.5
142.38,-10.9,1999,5,"027031",33
142.38,-10.9,1999,6,"027031",86.5
142.38,-10.9,1999,7,"027031",8.5
142.38,-10.9,1999,8,"027031",2.5
142.38,-10.9,1999,9,"027031",0
142.38,-10.9,1999,10,"027031",0
142.38,-10.9,1999,11,"027031",222.7
142.38,-10.9,1999,12,"027031",206.5
142.38,-10.9,2000,1,"027031",295
142.38,-10.9,2000,2,"027031",548
142.38,-10.9,2000,3,"027031",476
142.38,-10.9,2000,4,"027031",NA
142.38,-10.9,2000,5,"027031",81.3
142.38,-10.9,2000,6,"027031",13.2
142.38,-10.9,2000,7,"027031",8.7
142.38,-10.9,2000,8,"027031",3
142.38,-10.9,2000,9,"027031",0
142.38,-10.9,2000,10,"027031",76
142.38,-10.9,2000,11,"027031",127
142.38,-10.9,2000,12,"027031",559.4
142.38,-10.9,2001,1,"027031",468.9
142.38,-10.9,2001,2,"027031",893.4
142.38,-10.9,2001,3,"027031",371.6
142.38,-10.9,2001,4,"027031",218.9
142.38,-10.9,2001,5,"027031",32.2
142.38,-10.9,2001,6,"027031",20.2
142.38,-10.9,2001,7,"027031",3.8
142.38,-10.9,2001,8,"027031",2.4
142.38,-10.9,2001,9,"027031",0
142.38,-10.9,2001,10,"027031",0
142.38,-10.9,2001,11,"027031",151
142.38,-10.9,2001,12,"027031",145
142.38,-10.9,2002,1,"027031",208.1
142.38,-10.9,2002,2,"027031",524.6
142.38,-10.9,2002,3,"027031",355
142.38,-10.9,2002,4,"027031",516
142.38,-10.9,2002,5,"027031",21.8
142.38,-10.9,2002,6,"027031",NA
142.38,-10.9,2002,7,"027031",11.4
142.38,-10.9,2002,8,"027031",11.6
142.38,-10.9,2002,9,"027031",4.4
142.38,-10.9,2002,10,"027031",0
142.38,-10.9,2002,11,"027031",9.2
142.38,-10.9,2002,12,"027031",NA
142.38,-10.9,2003,1,"027031",316.7
142.38,-10.9,2003,2,"027031",484.5
142.38,-10.9,2003,3,"027031",NA
142.38,-10.9,2003,4,"027031",22.4
142.38,-10.9,2003,5,"027031",13
142.38,-10.9,2003,6,"027031",30.4
142.38,-10.9,2003,7,"027031",19
142.38,-10.9,2003,8,"027031",4.2
142.38,-10.9,2003,9,"027031",0
142.38,-10.9,2003,10,"027031",0.8
142.38,-10.9,2003,11,"027031",2.2
142.38,-10.9,2003,12,"027031",501.9
142.38,-10.9,2004,1,"027031",172.6
142.38,-10.9,2004,2,"027031",NA
142.38,-10.9,2004,3,"027031",537.2
142.38,-10.9,2004,4,"027031",97.6
142.38,-10.9,2004,5,"027031",64.6
142.38,-10.9,2004,6,"027031",27
142.38,-10.9,2004,7,"027031",17.2
142.38,-10.9,2004,8,"027031",0
142.38,-10.9,2004,9,"027031",0
142.38,-10.9,2004,10,"027031",0
142.38,-10.9,2004,11,"027031",63
142.38,-10.9,2004,12,"027031",15
142.38,-10.9,2005,1,"027031",414.2
142.38,-10.9,2005,2,"027031",180.5
142.38,-10.9,2005,3,"027031",647.4
142.38,-10.9,2005,4,"027031",369.2
142.38,-10.9,2005,5,"027031",0
142.38,-10.9,2005,6,"027031",6.8
142.38,-10.9,2005,7,"027031",16
142.38,-10.9,2005,8,"027031",8
142.38,-10.9,2005,9,"027031",0
142.38,-10.9,2005,10,"027031",0
142.38,-10.9,2005,11,"027031",92
142.38,-10.9,2005,12,"027031",59.8
142.38,-10.9,2006,1,"027031",574.2
142.38,-10.9,2006,2,"027031",377.3
142.38,-10.9,2006,3,"027031",584.2
142.38,-10.9,2006,4,"027031",555
142.38,-10.9,2006,5,"027031",121
142.38,-10.9,2006,6,"027031",45.6
142.38,-10.9,2006,7,"027031",17
142.38,-10.9,2006,8,"027031",14
142.38,-10.9,2006,9,"027031",72
142.38,-10.9,2006,10,"027031",8
142.38,-10.9,2006,11,"027031",0
142.38,-10.9,2006,12,"027031",111
142.38,-10.9,2007,1,"027031",364
142.38,-10.9,2007,2,"027031",535
142.38,-10.9,2007,3,"027031",408
142.38,-10.9,2007,4,"027031",NA
142.38,-10.9,2007,5,"027031",55.5
142.38,-10.9,2007,6,"027031",29.2
142.38,-10.9,2007,7,"027031",5.2
142.38,-10.9,2007,8,"027031",7
142.38,-10.9,2007,9,"027031",0
142.38,-10.9,2007,10,"027031",0
142.38,-10.9,2007,11,"027031",149.2
142.38,-10.9,2007,12,"027031",93.9
142.38,-10.9,2008,1,"027031",564.8
142.38,-10.9,2008,2,"027031",706.1
142.38,-10.9,2008,3,"027031",290.1
142.38,-10.9,2008,4,"027031",34.4
142.38,-10.9,2008,5,"027031",12.5
142.38,-10.9,2008,6,"027031",10.9
142.38,-10.9,2008,7,"027031",15
142.38,-10.9,2008,8,"027031",7.7
142.38,-10.9,2008,9,"027031",3.8
142.38,-10.9,2008,10,"027031",22.7
142.38,-10.9,2008,11,"027031",37.3
142.38,-10.9,2008,12,"027031",155.5
142.38,-10.9,2009,1,"027031",441.5
142.38,-10.9,2009,2,"027031",495.2
142.38,-10.9,2009,3,"027031",298.8
142.38,-10.9,2009,4,"027031",85
142.38,-10.9,2009,5,"027031",167.8
142.38,-10.9,2009,6,"027031",10
142.38,-10.9,2009,7,"027031",0
142.38,-10.9,2009,8,"027031",0
142.38,-10.9,2009,9,"027031",1.2
142.38,-10.9,2009,10,"027031",8.5
142.38,-10.9,2009,11,"027031",14.8
142.38,-10.9,2009,12,"027031",249.4
142.38,-10.9,2010,1,"027031",634.6
142.38,-10.9,2010,2,"027031",243.6
142.38,-10.9,2010,3,"027031",273.8
142.38,-10.9,2010,4,"027031",311
142.38,-10.9,2010,5,"027031",8.4
142.38,-10.9,2010,6,"027031",10.4
142.38,-10.9,2010,7,"027031",19.2
142.38,-10.9,2010,8,"027031",42.3
142.38,-10.9,2010,9,"027031",12.2
142.38,-10.9,2010,10,"027031",43.9
142.38,-10.9,2010,11,"027031",NA
142.38,-10.9,2010,12,"027031",364.9
142.38,-10.9,2011,1,"027031",541
142.38,-10.9,2011,2,"027031",305.1
142.38,-10.9,2011,3,"027031",275.7
142.38,-10.9,2011,4,"027031",218
142.38,-10.9,2011,5,"027031",6
142.38,-10.9,2011,6,"027031",3.2
142.38,-10.9,2011,7,"027031",1
142.38,-10.9,2011,8,"027031",1
142.38,-10.9,2011,9,"027031",3.2
142.38,-10.9,2011,10,"027031",1.1
142.38,-10.9,2011,11,"027031",5
142.38,-10.9,2011,12,"027031",369
142.38,-10.9,2012,1,"027031",321
142.38,-10.9,2012,2,"027031",339.4
142.38,-10.9,2012,3,"027031",500
142.38,-10.9,2012,4,"027031",111.5
142.38,-10.9,2012,5,"027031",153.7
142.38,-10.9,2012,6,"027031",7.3
142.38,-10.9,2012,7,"027031",14
142.38,-10.9,2012,8,"027031",0
142.38,-10.9,2012,9,"027031",0.4
142.38,-10.9,2012,10,"027031",77.5
142.38,-10.9,2012,11,"027031",6.2
142.38,-10.9,2012,12,"027031",13.5
142.38,-10.9,2013,1,"027031",360.4
142.38,-10.9,2013,2,"027031",262
142.38,-10.9,2013,3,"027031",778.2
142.38,-10.9,2013,4,"027031",NA
142.38,-10.9,2013,5,"027031",NA
142.38,-10.9,2013,6,"027031",NA
142.38,-10.9,2013,7,"027031",NA
142.38,-10.9,2013,8,"027031",NA
142.38,-10.9,2013,9,"027031",NA
142.38,-10.9,2013,10,"027031",NA
142.38,-10.9,2013,11,"027031",NA
142.38,-10.9,2013,12,"027031",NA
142.38,-10.9,2020,1,"027031",353.9
142.38,-10.9,2020,2,"027031",607.5
142.38,-10.9,2020,3,"027031",379.2
142.38,-10.9,2020,4,"027031",72.7
142.38,-10.9,2020,5,"027031",104
142.38,-10.9,2020,6,"027031",24.4
142.38,-10.9,2020,7,"027031",14.4
142.38,-10.9,2020,8,"027031",13.1
142.38,-10.9,2020,9,"027031",2.7
142.38,-10.9,2020,10,"027031",3
142.38,-10.9,2020,11,"027031",49.9
142.38,-10.9,2020,12,"027031",179.9
142.38,-10.9,2021,1,"027031",598.5
142.38,-10.9,2021,2,"027031",390.7
142.38,-10.9,2021,3,"027031",642
142.38,-10.9,2021,4,"027031",297
142.38,-10.9,2021,5,"027031",12.6
142.38,-10.9,2021,6,"027031",2.4
142.38,-10.9,2021,7,"027031",32.2
142.38,-10.9,2021,8,"027031",16
142.38,-10.9,2021,9,"027031",13
142.38,-10.9,2021,10,"027031",1.2
142.38,-10.9,2021,11,"027031",NA
142.38,-10.9,2021,12,"027031",NA
