"Lon","Lat","Year","Month","Station","Rain"
152.21,-25.16,1924,1,"039027",NA
152.21,-25.16,1924,2,"039027",NA
152.21,-25.16,1924,3,"039027",NA
152.21,-25.16,1924,4,"039027",NA
152.21,-25.16,1924,5,"039027",NA
152.21,-25.16,1924,6,"039027",NA
152.21,-25.16,1924,7,"039027",NA
152.21,-25.16,1924,8,"039027",NA
152.21,-25.16,1924,9,"039027",77.8
152.21,-25.16,1924,10,"039027",193
152.21,-25.16,1924,11,"039027",90.1
152.21,-25.16,1924,12,"039027",156.7
152.21,-25.16,1925,1,"039027",238.2
152.21,-25.16,1925,2,"039027",46.4
152.21,-25.16,1925,3,"039027",99.4
152.21,-25.16,1925,4,"039027",5.1
152.21,-25.16,1925,5,"039027",16.5
152.21,-25.16,1925,6,"039027",122.9
152.21,-25.16,1925,7,"039027",19
152.21,-25.16,1925,8,"039027",28.9
152.21,-25.16,1925,9,"039027",12.7
152.21,-25.16,1925,10,"039027",32.8
152.21,-25.16,1925,11,"039027",58.9
152.21,-25.16,1925,12,"039027",199.7
152.21,-25.16,1926,1,"039027",56.8
152.21,-25.16,1926,2,"039027",21.6
152.21,-25.16,1926,3,"039027",34.6
152.21,-25.16,1926,4,"039027",38.8
152.21,-25.16,1926,5,"039027",143
152.21,-25.16,1926,6,"039027",91.4
152.21,-25.16,1926,7,"039027",17.3
152.21,-25.16,1926,8,"039027",0
152.21,-25.16,1926,9,"039027",55.8
152.21,-25.16,1926,10,"039027",30.5
152.21,-25.16,1926,11,"039027",0
152.21,-25.16,1926,12,"039027",490.6
152.21,-25.16,1927,1,"039027",534.6
152.21,-25.16,1927,2,"039027",133.1
152.21,-25.16,1927,3,"039027",186.6
152.21,-25.16,1927,4,"039027",82.5
152.21,-25.16,1927,5,"039027",0
152.21,-25.16,1927,6,"039027",99.3
152.21,-25.16,1927,7,"039027",45.6
152.21,-25.16,1927,8,"039027",32
152.21,-25.16,1927,9,"039027",46.5
152.21,-25.16,1927,10,"039027",147.5
152.21,-25.16,1927,11,"039027",58.4
152.21,-25.16,1927,12,"039027",125.3
152.21,-25.16,1928,1,"039027",151.7
152.21,-25.16,1928,2,"039027",723
152.21,-25.16,1928,3,"039027",78.5
152.21,-25.16,1928,4,"039027",244.1
152.21,-25.16,1928,5,"039027",31.5
152.21,-25.16,1928,6,"039027",117.3
152.21,-25.16,1928,7,"039027",16.8
152.21,-25.16,1928,8,"039027",20.5
152.21,-25.16,1928,9,"039027",26.4
152.21,-25.16,1928,10,"039027",18.8
152.21,-25.16,1928,11,"039027",35.4
152.21,-25.16,1928,12,"039027",57.2
152.21,-25.16,1929,1,"039027",156
152.21,-25.16,1929,2,"039027",354.9
152.21,-25.16,1929,3,"039027",89
152.21,-25.16,1929,4,"039027",213.2
152.21,-25.16,1929,5,"039027",7.1
152.21,-25.16,1929,6,"039027",38.3
152.21,-25.16,1929,7,"039027",3.6
152.21,-25.16,1929,8,"039027",30.8
152.21,-25.16,1929,9,"039027",4.1
152.21,-25.16,1929,10,"039027",97
152.21,-25.16,1929,11,"039027",72.2
152.21,-25.16,1929,12,"039027",87.6
152.21,-25.16,1930,1,"039027",343.9
152.21,-25.16,1930,2,"039027",81.2
152.21,-25.16,1930,3,"039027",23.8
152.21,-25.16,1930,4,"039027",46.2
152.21,-25.16,1930,5,"039027",81.7
152.21,-25.16,1930,6,"039027",204
152.21,-25.16,1930,7,"039027",39.5
152.21,-25.16,1930,8,"039027",101.6
152.21,-25.16,1930,9,"039027",62.7
152.21,-25.16,1930,10,"039027",41.5
152.21,-25.16,1930,11,"039027",72.7
152.21,-25.16,1930,12,"039027",50.7
152.21,-25.16,1931,1,"039027",51.3
152.21,-25.16,1931,2,"039027",311.4
152.21,-25.16,1931,3,"039027",160
152.21,-25.16,1931,4,"039027",49.5
152.21,-25.16,1931,5,"039027",91.3
152.21,-25.16,1931,6,"039027",20.9
152.21,-25.16,1931,7,"039027",17.3
152.21,-25.16,1931,8,"039027",10.2
152.21,-25.16,1931,9,"039027",23.3
152.21,-25.16,1931,10,"039027",33.3
152.21,-25.16,1931,11,"039027",90.9
152.21,-25.16,1931,12,"039027",256.5
152.21,-25.16,1932,1,"039027",11.7
152.21,-25.16,1932,2,"039027",29.8
152.21,-25.16,1932,3,"039027",14.2
152.21,-25.16,1932,4,"039027",78.8
152.21,-25.16,1932,5,"039027",36.9
152.21,-25.16,1932,6,"039027",13.2
152.21,-25.16,1932,7,"039027",3.3
152.21,-25.16,1932,8,"039027",6.9
152.21,-25.16,1932,9,"039027",53.7
152.21,-25.16,1932,10,"039027",151.2
152.21,-25.16,1932,11,"039027",40.8
152.21,-25.16,1932,12,"039027",99.7
152.21,-25.16,1933,1,"039027",163.5
152.21,-25.16,1933,2,"039027",107.3
152.21,-25.16,1933,3,"039027",4.1
152.21,-25.16,1933,4,"039027",51.7
152.21,-25.16,1933,5,"039027",9.5
152.21,-25.16,1933,6,"039027",58.3
152.21,-25.16,1933,7,"039027",117.2
152.21,-25.16,1933,8,"039027",52
152.21,-25.16,1933,9,"039027",103.7
152.21,-25.16,1933,10,"039027",166.8
152.21,-25.16,1933,11,"039027",225.8
152.21,-25.16,1933,12,"039027",182.5
152.21,-25.16,1934,1,"039027",36.3
152.21,-25.16,1934,2,"039027",522.9
152.21,-25.16,1934,3,"039027",41.7
152.21,-25.16,1934,4,"039027",159.8
152.21,-25.16,1934,5,"039027",71
152.21,-25.16,1934,6,"039027",93.4
152.21,-25.16,1934,7,"039027",41.9
152.21,-25.16,1934,8,"039027",57.9
152.21,-25.16,1934,9,"039027",38.6
152.21,-25.16,1934,10,"039027",67.5
152.21,-25.16,1934,11,"039027",143.3
152.21,-25.16,1934,12,"039027",92.6
152.21,-25.16,1935,1,"039027",115.5
152.21,-25.16,1935,2,"039027",144.2
152.21,-25.16,1935,3,"039027",50.8
152.21,-25.16,1935,4,"039027",67
152.21,-25.16,1935,5,"039027",48
152.21,-25.16,1935,6,"039027",5.9
152.21,-25.16,1935,7,"039027",92.4
152.21,-25.16,1935,8,"039027",26.8
152.21,-25.16,1935,9,"039027",106.2
152.21,-25.16,1935,10,"039027",47.2
152.21,-25.16,1935,11,"039027",3.8
152.21,-25.16,1935,12,"039027",137.7
152.21,-25.16,1936,1,"039027",142.6
152.21,-25.16,1936,2,"039027",63.2
152.21,-25.16,1936,3,"039027",173.3
152.21,-25.16,1936,4,"039027",28.8
152.21,-25.16,1936,5,"039027",64.7
152.21,-25.16,1936,6,"039027",107.1
152.21,-25.16,1936,7,"039027",14.5
152.21,-25.16,1936,8,"039027",7.6
152.21,-25.16,1936,9,"039027",12.7
152.21,-25.16,1936,10,"039027",38.6
152.21,-25.16,1936,11,"039027",48.6
152.21,-25.16,1936,12,"039027",70.6
152.21,-25.16,1937,1,"039027",74.9
152.21,-25.16,1937,2,"039027",97.2
152.21,-25.16,1937,3,"039027",418.1
152.21,-25.16,1937,4,"039027",10.3
152.21,-25.16,1937,5,"039027",29.8
152.21,-25.16,1937,6,"039027",54.2
152.21,-25.16,1937,7,"039027",34
152.21,-25.16,1937,8,"039027",24.9
152.21,-25.16,1937,9,"039027",2.8
152.21,-25.16,1937,10,"039027",145.4
152.21,-25.16,1937,11,"039027",44.6
152.21,-25.16,1937,12,"039027",169.2
152.21,-25.16,1938,1,"039027",205.3
152.21,-25.16,1938,2,"039027",32.7
152.21,-25.16,1938,3,"039027",225.6
152.21,-25.16,1938,4,"039027",60.8
152.21,-25.16,1938,5,"039027",150.2
152.21,-25.16,1938,6,"039027",38.9
152.21,-25.16,1938,7,"039027",68
152.21,-25.16,1938,8,"039027",63.2
152.21,-25.16,1938,9,"039027",10.6
152.21,-25.16,1938,10,"039027",83.4
152.21,-25.16,1938,11,"039027",147.5
152.21,-25.16,1938,12,"039027",18.6
152.21,-25.16,1939,1,"039027",237.7
152.21,-25.16,1939,2,"039027",74.1
152.21,-25.16,1939,3,"039027",191.1
152.21,-25.16,1939,4,"039027",119.4
152.21,-25.16,1939,5,"039027",45.7
152.21,-25.16,1939,6,"039027",102.7
152.21,-25.16,1939,7,"039027",63.4
152.21,-25.16,1939,8,"039027",73.9
152.21,-25.16,1939,9,"039027",0
152.21,-25.16,1939,10,"039027",78.8
152.21,-25.16,1939,11,"039027",110.8
152.21,-25.16,1939,12,"039027",217.2
152.21,-25.16,1940,1,"039027",42
152.21,-25.16,1940,2,"039027",154.9
152.21,-25.16,1940,3,"039027",180.4
152.21,-25.16,1940,4,"039027",44.2
152.21,-25.16,1940,5,"039027",7.3
152.21,-25.16,1940,6,"039027",17.9
152.21,-25.16,1940,7,"039027",22.9
152.21,-25.16,1940,8,"039027",16.5
152.21,-25.16,1940,9,"039027",20.3
152.21,-25.16,1940,10,"039027",30
152.21,-25.16,1940,11,"039027",101
152.21,-25.16,1940,12,"039027",129.2
152.21,-25.16,1941,1,"039027",207.4
152.21,-25.16,1941,2,"039027",73.3
152.21,-25.16,1941,3,"039027",141.3
152.21,-25.16,1941,4,"039027",65.8
152.21,-25.16,1941,5,"039027",154.9
152.21,-25.16,1941,6,"039027",64.5
152.21,-25.16,1941,7,"039027",4.6
152.21,-25.16,1941,8,"039027",5.1
152.21,-25.16,1941,9,"039027",4.8
152.21,-25.16,1941,10,"039027",26.8
152.21,-25.16,1941,11,"039027",41.3
152.21,-25.16,1941,12,"039027",32.5
152.21,-25.16,1942,1,"039027",238.7
152.21,-25.16,1942,2,"039027",198.8
152.21,-25.16,1942,3,"039027",33.6
152.21,-25.16,1942,4,"039027",72.7
152.21,-25.16,1942,5,"039027",65.8
152.21,-25.16,1942,6,"039027",25.5
152.21,-25.16,1942,7,"039027",50
152.21,-25.16,1942,8,"039027",0
152.21,-25.16,1942,9,"039027",26.6
152.21,-25.16,1942,10,"039027",46.2
152.21,-25.16,1942,11,"039027",40.7
152.21,-25.16,1942,12,"039027",492.8
152.21,-25.16,1943,1,"039027",209.9
152.21,-25.16,1943,2,"039027",107
152.21,-25.16,1943,3,"039027",8.3
152.21,-25.16,1943,4,"039027",26.5
152.21,-25.16,1943,5,"039027",60.1
152.21,-25.16,1943,6,"039027",50.3
152.21,-25.16,1943,7,"039027",3.1
152.21,-25.16,1943,8,"039027",40.1
152.21,-25.16,1943,9,"039027",50.9
152.21,-25.16,1943,10,"039027",182.2
152.21,-25.16,1943,11,"039027",96.4
152.21,-25.16,1943,12,"039027",199.9
152.21,-25.16,1944,1,"039027",156.5
152.21,-25.16,1944,2,"039027",89.4
152.21,-25.16,1944,3,"039027",29
152.21,-25.16,1944,4,"039027",25.6
152.21,-25.16,1944,5,"039027",49.2
152.21,-25.16,1944,6,"039027",23.3
152.21,-25.16,1944,7,"039027",71.3
152.21,-25.16,1944,8,"039027",33.6
152.21,-25.16,1944,9,"039027",28.7
152.21,-25.16,1944,10,"039027",29.7
152.21,-25.16,1944,11,"039027",61.2
152.21,-25.16,1944,12,"039027",122.4
152.21,-25.16,1945,1,"039027",99.4
152.21,-25.16,1945,2,"039027",271.9
152.21,-25.16,1945,3,"039027",26.4
152.21,-25.16,1945,4,"039027",31.8
152.21,-25.16,1945,5,"039027",41.1
152.21,-25.16,1945,6,"039027",39.7
152.21,-25.16,1945,7,"039027",81.5
152.21,-25.16,1945,8,"039027",0
152.21,-25.16,1945,9,"039027",62.8
152.21,-25.16,1945,10,"039027",72.7
152.21,-25.16,1945,11,"039027",26.7
152.21,-25.16,1945,12,"039027",15.7
152.21,-25.16,1946,1,"039027",181.1
152.21,-25.16,1946,2,"039027",109
152.21,-25.16,1946,3,"039027",92.6
152.21,-25.16,1946,4,"039027",43.5
152.21,-25.16,1946,5,"039027",14.9
152.21,-25.16,1946,6,"039027",0.5
152.21,-25.16,1946,7,"039027",3
152.21,-25.16,1946,8,"039027",1.8
152.21,-25.16,1946,9,"039027",20.6
152.21,-25.16,1946,10,"039027",76.2
152.21,-25.16,1946,11,"039027",64
152.21,-25.16,1946,12,"039027",83
152.21,-25.16,1947,1,"039027",90.5
152.21,-25.16,1947,2,"039027",556.6
152.21,-25.16,1947,3,"039027",578.2
152.21,-25.16,1947,4,"039027",74.6
152.21,-25.16,1947,5,"039027",26.6
152.21,-25.16,1947,6,"039027",4.6
152.21,-25.16,1947,7,"039027",6.9
152.21,-25.16,1947,8,"039027",40.5
152.21,-25.16,1947,9,"039027",160.8
152.21,-25.16,1947,10,"039027",24.6
152.21,-25.16,1947,11,"039027",195.2
152.21,-25.16,1947,12,"039027",162.6
152.21,-25.16,1948,1,"039027",42.9
152.21,-25.16,1948,2,"039027",104.7
152.21,-25.16,1948,3,"039027",200.8
152.21,-25.16,1948,4,"039027",82.6
152.21,-25.16,1948,5,"039027",167.8
152.21,-25.16,1948,6,"039027",131.4
152.21,-25.16,1948,7,"039027",44.5
152.21,-25.16,1948,8,"039027",15.8
152.21,-25.16,1948,9,"039027",27.9
152.21,-25.16,1948,10,"039027",11.4
152.21,-25.16,1948,11,"039027",39.4
152.21,-25.16,1948,12,"039027",129.4
152.21,-25.16,1949,1,"039027",115.8
152.21,-25.16,1949,2,"039027",278.6
152.21,-25.16,1949,3,"039027",361.4
152.21,-25.16,1949,4,"039027",44.7
152.21,-25.16,1949,5,"039027",30.7
152.21,-25.16,1949,6,"039027",59.7
152.21,-25.16,1949,7,"039027",29.2
152.21,-25.16,1949,8,"039027",2.1
152.21,-25.16,1949,9,"039027",58.9
152.21,-25.16,1949,10,"039027",178.6
152.21,-25.16,1949,11,"039027",64
152.21,-25.16,1949,12,"039027",111.7
152.21,-25.16,1950,1,"039027",119.9
152.21,-25.16,1950,2,"039027",406.1
152.21,-25.16,1950,3,"039027",167.8
152.21,-25.16,1950,4,"039027",99.5
152.21,-25.16,1950,5,"039027",85.6
152.21,-25.16,1950,6,"039027",116.6
152.21,-25.16,1950,7,"039027",149.1
152.21,-25.16,1950,8,"039027",26
152.21,-25.16,1950,9,"039027",5.4
152.21,-25.16,1950,10,"039027",140.5
152.21,-25.16,1950,11,"039027",223.7
152.21,-25.16,1950,12,"039027",77.8
152.21,-25.16,1951,1,"039027",214.3
152.21,-25.16,1951,2,"039027",97.6
152.21,-25.16,1951,3,"039027",40.7
152.21,-25.16,1951,4,"039027",32.8
152.21,-25.16,1951,5,"039027",22.6
152.21,-25.16,1951,6,"039027",18.8
152.21,-25.16,1951,7,"039027",5.3
152.21,-25.16,1951,8,"039027",29.6
152.21,-25.16,1951,9,"039027",39.2
152.21,-25.16,1951,10,"039027",30.6
152.21,-25.16,1951,11,"039027",19.5
152.21,-25.16,1951,12,"039027",26.7
152.21,-25.16,1952,1,"039027",133.6
152.21,-25.16,1952,2,"039027",61.4
152.21,-25.16,1952,3,"039027",283.1
152.21,-25.16,1952,4,"039027",123.6
152.21,-25.16,1952,5,"039027",125.8
152.21,-25.16,1952,6,"039027",45.7
152.21,-25.16,1952,7,"039027",17
152.21,-25.16,1952,8,"039027",32
152.21,-25.16,1952,9,"039027",29.7
152.21,-25.16,1952,10,"039027",69
152.21,-25.16,1952,11,"039027",161.3
152.21,-25.16,1952,12,"039027",68.3
152.21,-25.16,1953,1,"039027",143.4
152.21,-25.16,1953,2,"039027",261.3
152.21,-25.16,1953,3,"039027",275.9
152.21,-25.16,1953,4,"039027",77
152.21,-25.16,1953,5,"039027",23.1
152.21,-25.16,1953,6,"039027",42.4
152.21,-25.16,1953,7,"039027",0
152.21,-25.16,1953,8,"039027",140.8
152.21,-25.16,1953,9,"039027",9.9
152.21,-25.16,1953,10,"039027",106.7
152.21,-25.16,1953,11,"039027",158.5
152.21,-25.16,1953,12,"039027",94.7
152.21,-25.16,1954,1,"039027",135.4
152.21,-25.16,1954,2,"039027",355.6
152.21,-25.16,1954,3,"039027",10.3
152.21,-25.16,1954,4,"039027",34.6
152.21,-25.16,1954,5,"039027",21.6
152.21,-25.16,1954,6,"039027",29
152.21,-25.16,1954,7,"039027",435.3
152.21,-25.16,1954,8,"039027",52.8
152.21,-25.16,1954,9,"039027",65.5
152.21,-25.16,1954,10,"039027",57.4
152.21,-25.16,1954,11,"039027",130.3
152.21,-25.16,1954,12,"039027",37.4
152.21,-25.16,1955,1,"039027",100.9
152.21,-25.16,1955,2,"039027",163.2
152.21,-25.16,1955,3,"039027",430.5
152.21,-25.16,1955,4,"039027",157.8
152.21,-25.16,1955,5,"039027",192.7
152.21,-25.16,1955,6,"039027",11.4
152.21,-25.16,1955,7,"039027",42.2
152.21,-25.16,1955,8,"039027",3
152.21,-25.16,1955,9,"039027",41.9
152.21,-25.16,1955,10,"039027",96
152.21,-25.16,1955,11,"039027",25.8
152.21,-25.16,1955,12,"039027",236.7
152.21,-25.16,1956,1,"039027",147.5
152.21,-25.16,1956,2,"039027",252.8
152.21,-25.16,1956,3,"039027",334.4
152.21,-25.16,1956,4,"039027",87.8
152.21,-25.16,1956,5,"039027",126
152.21,-25.16,1956,6,"039027",140.6
152.21,-25.16,1956,7,"039027",34
152.21,-25.16,1956,8,"039027",0
152.21,-25.16,1956,9,"039027",11.2
152.21,-25.16,1956,10,"039027",75.9
152.21,-25.16,1956,11,"039027",61.1
152.21,-25.16,1956,12,"039027",542.2
152.21,-25.16,1957,1,"039027",81.8
152.21,-25.16,1957,2,"039027",111
152.21,-25.16,1957,3,"039027",34.7
152.21,-25.16,1957,4,"039027",7.1
152.21,-25.16,1957,5,"039027",0.8
152.21,-25.16,1957,6,"039027",25.8
152.21,-25.16,1957,7,"039027",36.8
152.21,-25.16,1957,8,"039027",34.5
152.21,-25.16,1957,9,"039027",0
152.21,-25.16,1957,10,"039027",5.8
152.21,-25.16,1957,11,"039027",99.3
152.21,-25.16,1957,12,"039027",25.4
152.21,-25.16,1958,1,"039027",159
152.21,-25.16,1958,2,"039027",336.7
152.21,-25.16,1958,3,"039027",149
152.21,-25.16,1958,4,"039027",235.6
152.21,-25.16,1958,5,"039027",11.7
152.21,-25.16,1958,6,"039027",186.2
152.21,-25.16,1958,7,"039027",4.8
152.21,-25.16,1958,8,"039027",27.9
152.21,-25.16,1958,9,"039027",39.3
152.21,-25.16,1958,10,"039027",20.5
152.21,-25.16,1958,11,"039027",24.1
152.21,-25.16,1958,12,"039027",153.2
152.21,-25.16,1959,1,"039027",288.9
152.21,-25.16,1959,2,"039027",203.9
152.21,-25.16,1959,3,"039027",119
152.21,-25.16,1959,4,"039027",16.3
152.21,-25.16,1959,5,"039027",71.9
152.21,-25.16,1959,6,"039027",6.9
152.21,-25.16,1959,7,"039027",72.7
152.21,-25.16,1959,8,"039027",16
152.21,-25.16,1959,9,"039027",37.4
152.21,-25.16,1959,10,"039027",87.6
152.21,-25.16,1959,11,"039027",153.5
152.21,-25.16,1959,12,"039027",166.5
152.21,-25.16,1960,1,"039027",168.6
152.21,-25.16,1960,2,"039027",122.9
152.21,-25.16,1960,3,"039027",28
152.21,-25.16,1960,4,"039027",24.6
152.21,-25.16,1960,5,"039027",43
152.21,-25.16,1960,6,"039027",8.4
152.21,-25.16,1960,7,"039027",27.3
152.21,-25.16,1960,8,"039027",20.4
152.21,-25.16,1960,9,"039027",6.6
152.21,-25.16,1960,10,"039027",64.7
152.21,-25.16,1960,11,"039027",64.8
152.21,-25.16,1960,12,"039027",17
152.21,-25.16,1961,1,"039027",119.9
152.21,-25.16,1961,2,"039027",158.6
152.21,-25.16,1961,3,"039027",112.7
152.21,-25.16,1961,4,"039027",32.9
152.21,-25.16,1961,5,"039027",17.3
152.21,-25.16,1961,6,"039027",17.7
152.21,-25.16,1961,7,"039027",25.5
152.21,-25.16,1961,8,"039027",24.4
152.21,-25.16,1961,9,"039027",10.2
152.21,-25.16,1961,10,"039027",80.9
152.21,-25.16,1961,11,"039027",167.2
152.21,-25.16,1961,12,"039027",166
152.21,-25.16,1962,1,"039027",179.5
152.21,-25.16,1962,2,"039027",120.1
152.21,-25.16,1962,3,"039027",201.9
152.21,-25.16,1962,4,"039027",86
152.21,-25.16,1962,5,"039027",27.7
152.21,-25.16,1962,6,"039027",28.7
152.21,-25.16,1962,7,"039027",41.6
152.21,-25.16,1962,8,"039027",20.5
152.21,-25.16,1962,9,"039027",43.8
152.21,-25.16,1962,10,"039027",13.1
152.21,-25.16,1962,11,"039027",104.7
152.21,-25.16,1962,12,"039027",258.4
152.21,-25.16,1963,1,"039027",173
152.21,-25.16,1963,2,"039027",125.4
152.21,-25.16,1963,3,"039027",233.8
152.21,-25.16,1963,4,"039027",26.4
152.21,-25.16,1963,5,"039027",30
152.21,-25.16,1963,6,"039027",33.5
152.21,-25.16,1963,7,"039027",0.8
152.21,-25.16,1963,8,"039027",36.4
152.21,-25.16,1963,9,"039027",4.1
152.21,-25.16,1963,10,"039027",40.6
152.21,-25.16,1963,11,"039027",85.8
152.21,-25.16,1963,12,"039027",202.8
152.21,-25.16,1964,1,"039027",47.3
152.21,-25.16,1964,2,"039027",99.7
152.21,-25.16,1964,3,"039027",74.1
152.21,-25.16,1964,4,"039027",33.3
152.21,-25.16,1964,5,"039027",49.3
152.21,-25.16,1964,6,"039027",29.3
152.21,-25.16,1964,7,"039027",82.6
152.21,-25.16,1964,8,"039027",43.9
152.21,-25.16,1964,9,"039027",127.5
152.21,-25.16,1964,10,"039027",90.4
152.21,-25.16,1964,11,"039027",60.6
152.21,-25.16,1964,12,"039027",103.2
152.21,-25.16,1965,1,"039027",67.4
152.21,-25.16,1965,2,"039027",25.4
152.21,-25.16,1965,3,"039027",11.4
152.21,-25.16,1965,4,"039027",122.2
152.21,-25.16,1965,5,"039027",33.8
152.21,-25.16,1965,6,"039027",87.6
152.21,-25.16,1965,7,"039027",0.8
152.21,-25.16,1965,8,"039027",51.4
152.21,-25.16,1965,9,"039027",41.1
152.21,-25.16,1965,10,"039027",98
152.21,-25.16,1965,11,"039027",24.6
152.21,-25.16,1965,12,"039027",92.7
152.21,-25.16,1966,1,"039027",98.2
152.21,-25.16,1966,2,"039027",287.6
152.21,-25.16,1966,3,"039027",103.8
152.21,-25.16,1966,4,"039027",69
152.21,-25.16,1966,5,"039027",31.5
152.21,-25.16,1966,6,"039027",103.7
152.21,-25.16,1966,7,"039027",44.7
152.21,-25.16,1966,8,"039027",121.9
152.21,-25.16,1966,9,"039027",46.2
152.21,-25.16,1966,10,"039027",140.7
152.21,-25.16,1966,11,"039027",33.5
152.21,-25.16,1966,12,"039027",57.5
152.21,-25.16,1967,1,"039027",265.8
152.21,-25.16,1967,2,"039027",69.1
152.21,-25.16,1967,3,"039027",119.6
152.21,-25.16,1967,4,"039027",20.5
152.21,-25.16,1967,5,"039027",80.4
152.21,-25.16,1967,6,"039027",223.8
152.21,-25.16,1967,7,"039027",60.9
152.21,-25.16,1967,8,"039027",28.4
152.21,-25.16,1967,9,"039027",1.8
152.21,-25.16,1967,10,"039027",67.8
152.21,-25.16,1967,11,"039027",102.4
152.21,-25.16,1967,12,"039027",62.5
152.21,-25.16,1968,1,"039027",589.4
152.21,-25.16,1968,2,"039027",131.1
152.21,-25.16,1968,3,"039027",134.8
152.21,-25.16,1968,4,"039027",65.8
152.21,-25.16,1968,5,"039027",84.2
152.21,-25.16,1968,6,"039027",8.6
152.21,-25.16,1968,7,"039027",26.1
152.21,-25.16,1968,8,"039027",57.2
152.21,-25.16,1968,9,"039027",10.4
152.21,-25.16,1968,10,"039027",57.4
152.21,-25.16,1968,11,"039027",130.6
152.21,-25.16,1968,12,"039027",78.8
152.21,-25.16,1969,1,"039027",15.1
152.21,-25.16,1969,2,"039027",60.7
152.21,-25.16,1969,3,"039027",27.2
152.21,-25.16,1969,4,"039027",26.7
152.21,-25.16,1969,5,"039027",65.8
152.21,-25.16,1969,6,"039027",10
152.21,-25.16,1969,7,"039027",23.5
152.21,-25.16,1969,8,"039027",38.1
152.21,-25.16,1969,9,"039027",5.9
152.21,-25.16,1969,10,"039027",151.5
152.21,-25.16,1969,11,"039027",194.5
152.21,-25.16,1969,12,"039027",94.6
152.21,-25.16,1970,1,"039027",304
152.21,-25.16,1970,2,"039027",137
152.21,-25.16,1970,3,"039027",59.2
152.21,-25.16,1970,4,"039027",38.9
152.21,-25.16,1970,5,"039027",6.1
152.21,-25.16,1970,6,"039027",31
152.21,-25.16,1970,7,"039027",6.3
152.21,-25.16,1970,8,"039027",16
152.21,-25.16,1970,9,"039027",53.1
152.21,-25.16,1970,10,"039027",43.6
152.21,-25.16,1970,11,"039027",209.3
152.21,-25.16,1970,12,"039027",347.5
152.21,-25.16,1971,1,"039027",468.6
152.21,-25.16,1971,2,"039027",564.4
152.21,-25.16,1971,3,"039027",44
152.21,-25.16,1971,4,"039027",35
152.21,-25.16,1971,5,"039027",12.5
152.21,-25.16,1971,6,"039027",44.5
152.21,-25.16,1971,7,"039027",22.1
152.21,-25.16,1971,8,"039027",74.9
152.21,-25.16,1971,9,"039027",44.3
152.21,-25.16,1971,10,"039027",34
152.21,-25.16,1971,11,"039027",83.4
152.21,-25.16,1971,12,"039027",157.9
152.21,-25.16,1972,1,"039027",93.2
152.21,-25.16,1972,2,"039027",395.1
152.21,-25.16,1972,3,"039027",124.2
152.21,-25.16,1972,4,"039027",277.1
152.21,-25.16,1972,5,"039027",67.7
152.21,-25.16,1972,6,"039027",34.7
152.21,-25.16,1972,7,"039027",1.5
152.21,-25.16,1972,8,"039027",9.4
152.21,-25.16,1972,9,"039027",4.6
152.21,-25.16,1972,10,"039027",79.1
152.21,-25.16,1972,11,"039027",160.8
152.21,-25.16,1972,12,"039027",11.4
152.21,-25.16,1973,1,"039027",193.9
152.21,-25.16,1973,2,"039027",264.2
152.21,-25.16,1973,3,"039027",92.5
152.21,-25.16,1973,4,"039027",34.1
152.21,-25.16,1973,5,"039027",41.1
152.21,-25.16,1973,6,"039027",66.8
152.21,-25.16,1973,7,"039027",261.6
152.21,-25.16,1973,8,"039027",32.5
152.21,-25.16,1973,9,"039027",72.7
152.21,-25.16,1973,10,"039027",53.9
152.21,-25.16,1973,11,"039027",48.9
152.21,-25.16,1973,12,"039027",194.7
152.21,-25.16,1974,1,"039027",494.4
152.21,-25.16,1974,2,"039027",87.6
152.21,-25.16,1974,3,"039027",77.6
152.21,-25.16,1974,4,"039027",33.2
152.21,-25.16,1974,5,"039027",31
152.21,-25.16,1974,6,"039027",8.4
152.21,-25.16,1974,7,"039027",5.8
152.21,-25.16,1974,8,"039027",42
152.21,-25.16,1974,9,"039027",83.6
152.21,-25.16,1974,10,"039027",110
152.21,-25.16,1974,11,"039027",311.4
152.21,-25.16,1974,12,"039027",20.9
152.21,-25.16,1975,1,"039027",106.6
152.21,-25.16,1975,2,"039027",95
152.21,-25.16,1975,3,"039027",55
152.21,-25.16,1975,4,"039027",61.6
152.21,-25.16,1975,5,"039027",2
152.21,-25.16,1975,6,"039027",34.8
152.21,-25.16,1975,7,"039027",46.6
152.21,-25.16,1975,8,"039027",39
152.21,-25.16,1975,9,"039027",31.8
152.21,-25.16,1975,10,"039027",94.8
152.21,-25.16,1975,11,"039027",94.4
152.21,-25.16,1975,12,"039027",203.2
152.21,-25.16,1976,1,"039027",199
152.21,-25.16,1976,2,"039027",201.4
152.21,-25.16,1976,3,"039027",338.4
152.21,-25.16,1976,4,"039027",65.8
152.21,-25.16,1976,5,"039027",35.8
152.21,-25.16,1976,6,"039027",32.2
152.21,-25.16,1976,7,"039027",54.2
152.21,-25.16,1976,8,"039027",3.8
152.21,-25.16,1976,9,"039027",64.2
152.21,-25.16,1976,10,"039027",74.6
152.21,-25.16,1976,11,"039027",188
152.21,-25.16,1976,12,"039027",206.4
152.21,-25.16,1977,1,"039027",56.3
152.21,-25.16,1977,2,"039027",116.5
152.21,-25.16,1977,3,"039027",197.8
152.21,-25.16,1977,4,"039027",39.4
152.21,-25.16,1977,5,"039027",74.2
152.21,-25.16,1977,6,"039027",2.6
152.21,-25.16,1977,7,"039027",11.9
152.21,-25.16,1977,8,"039027",4.8
152.21,-25.16,1977,9,"039027",2.8
152.21,-25.16,1977,10,"039027",15
152.21,-25.16,1977,11,"039027",72.4
152.21,-25.16,1977,12,"039027",28.5
152.21,-25.16,1978,1,"039027",84
152.21,-25.16,1978,2,"039027",49.6
152.21,-25.16,1978,3,"039027",90.9
152.21,-25.16,1978,4,"039027",11.4
152.21,-25.16,1978,5,"039027",110.8
152.21,-25.16,1978,6,"039027",76.8
152.21,-25.16,1978,7,"039027",122.2
152.21,-25.16,1978,8,"039027",76.8
152.21,-25.16,1978,9,"039027",72.4
152.21,-25.16,1978,10,"039027",10.8
152.21,-25.16,1978,11,"039027",148
152.21,-25.16,1978,12,"039027",85
152.21,-25.16,1979,1,"039027",131.9
152.21,-25.16,1979,2,"039027",68.8
152.21,-25.16,1979,3,"039027",92.8
152.21,-25.16,1979,4,"039027",36.8
152.21,-25.16,1979,5,"039027",25.8
152.21,-25.16,1979,6,"039027",27
152.21,-25.16,1979,7,"039027",10.8
152.21,-25.16,1979,8,"039027",7.2
152.21,-25.16,1979,9,"039027",1.4
152.21,-25.16,1979,10,"039027",147.8
152.21,-25.16,1979,11,"039027",65.6
152.21,-25.16,1979,12,"039027",50.4
152.21,-25.16,1980,1,"039027",238.1
152.21,-25.16,1980,2,"039027",98.4
152.21,-25.16,1980,3,"039027",44
152.21,-25.16,1980,4,"039027",12.8
152.21,-25.16,1980,5,"039027",84.2
152.21,-25.16,1980,6,"039027",9.2
152.21,-25.16,1980,7,"039027",45.2
152.21,-25.16,1980,8,"039027",19.6
152.21,-25.16,1980,9,"039027",0
152.21,-25.16,1980,10,"039027",49.6
152.21,-25.16,1980,11,"039027",57.8
152.21,-25.16,1980,12,"039027",133
152.21,-25.16,1981,1,"039027",160.4
152.21,-25.16,1981,2,"039027",356
152.21,-25.16,1981,3,"039027",62.4
152.21,-25.16,1981,4,"039027",82.4
152.21,-25.16,1981,5,"039027",94
152.21,-25.16,1981,6,"039027",31.8
152.21,-25.16,1981,7,"039027",35.2
152.21,-25.16,1981,8,"039027",9.4
152.21,-25.16,1981,9,"039027",22.4
152.21,-25.16,1981,10,"039027",18
152.21,-25.16,1981,11,"039027",226.5
152.21,-25.16,1981,12,"039027",98.3
152.21,-25.16,1982,1,"039027",214.4
152.21,-25.16,1982,2,"039027",45.4
152.21,-25.16,1982,3,"039027",222.4
152.21,-25.16,1982,4,"039027",26
152.21,-25.16,1982,5,"039027",80.8
152.21,-25.16,1982,6,"039027",2.2
152.21,-25.16,1982,7,"039027",7.6
152.21,-25.16,1982,8,"039027",23.6
152.21,-25.16,1982,9,"039027",25.2
152.21,-25.16,1982,10,"039027",69.3
152.21,-25.16,1982,11,"039027",4
152.21,-25.16,1982,12,"039027",58.8
152.21,-25.16,1983,1,"039027",101.8
152.21,-25.16,1983,2,"039027",3.8
152.21,-25.16,1983,3,"039027",93
152.21,-25.16,1983,4,"039027",193.5
152.21,-25.16,1983,5,"039027",293.7
152.21,-25.16,1983,6,"039027",90.2
152.21,-25.16,1983,7,"039027",32.4
152.21,-25.16,1983,8,"039027",43.1
152.21,-25.16,1983,9,"039027",16.6
152.21,-25.16,1983,10,"039027",53.2
152.21,-25.16,1983,11,"039027",143.2
152.21,-25.16,1983,12,"039027",57.7
152.21,-25.16,1984,1,"039027",221.5
152.21,-25.16,1984,2,"039027",57.6
152.21,-25.16,1984,3,"039027",43.7
152.21,-25.16,1984,4,"039027",74.2
152.21,-25.16,1984,5,"039027",16.9
152.21,-25.16,1984,6,"039027",23.2
152.21,-25.16,1984,7,"039027",94.4
152.21,-25.16,1984,8,"039027",12.6
152.21,-25.16,1984,9,"039027",47.2
152.21,-25.16,1984,10,"039027",97.4
152.21,-25.16,1984,11,"039027",68.4
152.21,-25.16,1984,12,"039027",170.2
152.21,-25.16,1985,1,"039027",85
152.21,-25.16,1985,2,"039027",38.6
152.21,-25.16,1985,3,"039027",121.7
152.21,-25.16,1985,4,"039027",24
152.21,-25.16,1985,5,"039027",40
152.21,-25.16,1985,6,"039027",172.7
152.21,-25.16,1985,7,"039027",53.5
152.21,-25.16,1985,8,"039027",14.5
152.21,-25.16,1985,9,"039027",52.2
152.21,-25.16,1985,10,"039027",163.5
152.21,-25.16,1985,11,"039027",56.6
152.21,-25.16,1985,12,"039027",178.4
152.21,-25.16,1986,1,"039027",105.4
152.21,-25.16,1986,2,"039027",104.2
152.21,-25.16,1986,3,"039027",16.8
152.21,-25.16,1986,4,"039027",78.9
152.21,-25.16,1986,5,"039027",38.8
152.21,-25.16,1986,6,"039027",4.4
152.21,-25.16,1986,7,"039027",31.3
152.21,-25.16,1986,8,"039027",83
152.21,-25.16,1986,9,"039027",27
152.21,-25.16,1986,10,"039027",110.2
152.21,-25.16,1986,11,"039027",172.5
152.21,-25.16,1986,12,"039027",66.2
152.21,-25.16,1987,1,"039027",112.4
152.21,-25.16,1987,2,"039027",55.6
152.21,-25.16,1987,3,"039027",97.4
152.21,-25.16,1987,4,"039027",42.1
152.21,-25.16,1987,5,"039027",30.5
152.21,-25.16,1987,6,"039027",21.6
152.21,-25.16,1987,7,"039027",80
152.21,-25.16,1987,8,"039027",10.8
152.21,-25.16,1987,9,"039027",3
152.21,-25.16,1987,10,"039027",111.7
152.21,-25.16,1987,11,"039027",61.4
152.21,-25.16,1987,12,"039027",49.1
152.21,-25.16,1988,1,"039027",43.6
152.21,-25.16,1988,2,"039027",53.1
152.21,-25.16,1988,3,"039027",60.5
152.21,-25.16,1988,4,"039027",115.7
152.21,-25.16,1988,5,"039027",42.1
152.21,-25.16,1988,6,"039027",59.4
152.21,-25.16,1988,7,"039027",125.1
152.21,-25.16,1988,8,"039027",88.8
152.21,-25.16,1988,9,"039027",25
152.21,-25.16,1988,10,"039027",16.8
152.21,-25.16,1988,11,"039027",51.4
152.21,-25.16,1988,12,"039027",300.3
152.21,-25.16,1989,1,"039027",73.3
152.21,-25.16,1989,2,"039027",63.6
152.21,-25.16,1989,3,"039027",169.8
152.21,-25.16,1989,4,"039027",248.8
152.21,-25.16,1989,5,"039027",130.4
152.21,-25.16,1989,6,"039027",38.4
152.21,-25.16,1989,7,"039027",34
152.21,-25.16,1989,8,"039027",102.8
152.21,-25.16,1989,9,"039027",8.6
152.21,-25.16,1989,10,"039027",63.8
152.21,-25.16,1989,11,"039027",51.8
152.21,-25.16,1989,12,"039027",45.8
152.21,-25.16,1990,1,"039027",18.8
152.21,-25.16,1990,2,"039027",27
152.21,-25.16,1990,3,"039027",NA
152.21,-25.16,1990,4,"039027",125.8
152.21,-25.16,1990,5,"039027",NA
152.21,-25.16,1990,6,"039027",NA
152.21,-25.16,1990,7,"039027",NA
152.21,-25.16,1990,8,"039027",NA
152.21,-25.16,1990,9,"039027",NA
152.21,-25.16,1990,10,"039027",NA
152.21,-25.16,1990,11,"039027",NA
152.21,-25.16,1990,12,"039027",NA
152.21,-25.16,1992,1,"039027",NA
152.21,-25.16,1992,2,"039027",NA
152.21,-25.16,1992,3,"039027",NA
152.21,-25.16,1992,4,"039027",9.2
152.21,-25.16,1992,5,"039027",116.4
152.21,-25.16,1992,6,"039027",10.2
152.21,-25.16,1992,7,"039027",13.1
152.21,-25.16,1992,8,"039027",33
152.21,-25.16,1992,9,"039027",97.4
152.21,-25.16,1992,10,"039027",36
152.21,-25.16,1992,11,"039027",91.3
152.21,-25.16,1992,12,"039027",99.8
152.21,-25.16,1993,1,"039027",87
152.21,-25.16,1993,2,"039027",86.7
152.21,-25.16,1993,3,"039027",19.8
152.21,-25.16,1993,4,"039027",18.1
152.21,-25.16,1993,5,"039027",11.6
152.21,-25.16,1993,6,"039027",6.5
152.21,-25.16,1993,7,"039027",31
152.21,-25.16,1993,8,"039027",35
152.21,-25.16,1993,9,"039027",85.2
152.21,-25.16,1993,10,"039027",78.2
152.21,-25.16,1993,11,"039027",177.4
152.21,-25.16,1993,12,"039027",67.8
152.21,-25.16,1994,1,"039027",93.8
152.21,-25.16,1994,2,"039027",149.8
152.21,-25.16,1994,3,"039027",215.1
152.21,-25.16,1994,4,"039027",30.3
152.21,-25.16,1994,5,"039027",18.2
152.21,-25.16,1994,6,"039027",16.2
152.21,-25.16,1994,7,"039027",37.2
152.21,-25.16,1994,8,"039027",3.3
152.21,-25.16,1994,9,"039027",5.5
152.21,-25.16,1994,10,"039027",40.5
152.21,-25.16,1994,11,"039027",2.6
152.21,-25.16,1994,12,"039027",82.7
152.21,-25.16,1995,1,"039027",88.2
152.21,-25.16,1995,2,"039027",210.7
152.21,-25.16,1995,3,"039027",64.5
152.21,-25.16,1995,4,"039027",52.1
152.21,-25.16,1995,5,"039027",59.2
152.21,-25.16,1995,6,"039027",26.1
152.21,-25.16,1995,7,"039027",4.8
152.21,-25.16,1995,8,"039027",28.6
152.21,-25.16,1995,9,"039027",4
152.21,-25.16,1995,10,"039027",113.5
152.21,-25.16,1995,11,"039027",100.6
152.21,-25.16,1995,12,"039027",161
152.21,-25.16,1996,1,"039027",368.6
152.21,-25.16,1996,2,"039027",42.4
152.21,-25.16,1996,3,"039027",5.6
152.21,-25.16,1996,4,"039027",90.6
152.21,-25.16,1996,5,"039027",109
152.21,-25.16,1996,6,"039027",27
152.21,-25.16,1996,7,"039027",45.8
152.21,-25.16,1996,8,"039027",35.8
152.21,-25.16,1996,9,"039027",56
152.21,-25.16,1996,10,"039027",63
152.21,-25.16,1996,11,"039027",72.3
152.21,-25.16,1996,12,"039027",119.2
152.21,-25.16,1997,1,"039027",89.6
152.21,-25.16,1997,2,"039027",82.8
152.21,-25.16,1997,3,"039027",90
152.21,-25.16,1997,4,"039027",31.4
152.21,-25.16,1997,5,"039027",84.2
152.21,-25.16,1997,6,"039027",5
152.21,-25.16,1997,7,"039027",19.8
152.21,-25.16,1997,8,"039027",11.8
152.21,-25.16,1997,9,"039027",76.9
152.21,-25.16,1997,10,"039027",33.2
152.21,-25.16,1997,11,"039027",73.4
152.21,-25.16,1997,12,"039027",89.8
152.21,-25.16,1998,1,"039027",68
152.21,-25.16,1998,2,"039027",87.7
152.21,-25.16,1998,3,"039027",20.8
152.21,-25.16,1998,4,"039027",108
152.21,-25.16,1998,5,"039027",114.4
152.21,-25.16,1998,6,"039027",17
152.21,-25.16,1998,7,"039027",18
152.21,-25.16,1998,8,"039027",43.6
152.21,-25.16,1998,9,"039027",121.8
152.21,-25.16,1998,10,"039027",116.2
152.21,-25.16,1998,11,"039027",138.8
152.21,-25.16,1998,12,"039027",118.2
152.21,-25.16,1999,1,"039027",104.2
152.21,-25.16,1999,2,"039027",78.8
152.21,-25.16,1999,3,"039027",172.7
152.21,-25.16,1999,4,"039027",3
152.21,-25.16,1999,5,"039027",93.8
152.21,-25.16,1999,6,"039027",58.2
152.21,-25.16,1999,7,"039027",90.6
152.21,-25.16,1999,8,"039027",31.4
152.21,-25.16,1999,9,"039027",35.4
152.21,-25.16,1999,10,"039027",149.4
152.21,-25.16,1999,11,"039027",21.2
152.21,-25.16,1999,12,"039027",82.2
152.21,-25.16,2000,1,"039027",219.8
152.21,-25.16,2000,2,"039027",64.4
152.21,-25.16,2000,3,"039027",41.8
152.21,-25.16,2000,4,"039027",82.8
152.21,-25.16,2000,5,"039027",43.8
152.21,-25.16,2000,6,"039027",43.4
152.21,-25.16,2000,7,"039027",11.6
152.21,-25.16,2000,8,"039027",10.2
152.21,-25.16,2000,9,"039027",1
152.21,-25.16,2000,10,"039027",186.8
152.21,-25.16,2000,11,"039027",114.2
152.21,-25.16,2000,12,"039027",74
152.21,-25.16,2001,1,"039027",63.2
152.21,-25.16,2001,2,"039027",132
152.21,-25.16,2001,3,"039027",163.2
152.21,-25.16,2001,4,"039027",42.2
152.21,-25.16,2001,5,"039027",27.4
152.21,-25.16,2001,6,"039027",11.2
152.21,-25.16,2001,7,"039027",56
152.21,-25.16,2001,8,"039027",6.6
152.21,-25.16,2001,9,"039027",70.4
152.21,-25.16,2001,10,"039027",32.5
152.21,-25.16,2001,11,"039027",128
152.21,-25.16,2001,12,"039027",83.2
152.21,-25.16,2002,1,"039027",139
152.21,-25.16,2002,2,"039027",85.2
152.21,-25.16,2002,3,"039027",49
152.21,-25.16,2002,4,"039027",11.2
152.21,-25.16,2002,5,"039027",18.2
152.21,-25.16,2002,6,"039027",194.8
152.21,-25.16,2002,7,"039027",1
152.21,-25.16,2002,8,"039027",77.6
152.21,-25.16,2002,9,"039027",8.2
152.21,-25.16,2002,10,"039027",40.4
152.21,-25.16,2002,11,"039027",41
152.21,-25.16,2002,12,"039027",89.4
152.21,-25.16,2003,1,"039027",3.6
152.21,-25.16,2003,2,"039027",321.4
152.21,-25.16,2003,3,"039027",112.6
152.21,-25.16,2003,4,"039027",85.8
152.21,-25.16,2003,5,"039027",19.8
152.21,-25.16,2003,6,"039027",7.4
152.21,-25.16,2003,7,"039027",32.8
152.21,-25.16,2003,8,"039027",29.6
152.21,-25.16,2003,9,"039027",6.1
152.21,-25.16,2003,10,"039027",82.8
152.21,-25.16,2003,11,"039027",29
152.21,-25.16,2003,12,"039027",160.6
152.21,-25.16,2004,1,"039027",214.6
152.21,-25.16,2004,2,"039027",120.2
152.21,-25.16,2004,3,"039027",136.2
152.21,-25.16,2004,4,"039027",66.4
152.21,-25.16,2004,5,"039027",14.6
152.21,-25.16,2004,6,"039027",9.8
152.21,-25.16,2004,7,"039027",0.4
152.21,-25.16,2004,8,"039027",4.6
152.21,-25.16,2004,9,"039027",65.2
152.21,-25.16,2004,10,"039027",88.8
152.21,-25.16,2004,11,"039027",NA
152.21,-25.16,2004,12,"039027",186.4
152.21,-25.16,2005,1,"039027",89.6
152.21,-25.16,2005,2,"039027",87.4
152.21,-25.16,2005,3,"039027",25.6
152.21,-25.16,2005,4,"039027",98.8
152.21,-25.16,2005,5,"039027",46.6
152.21,-25.16,2005,6,"039027",149.6
152.21,-25.16,2005,7,"039027",33.2
152.21,-25.16,2005,8,"039027",33
152.21,-25.16,2005,9,"039027",2.6
152.21,-25.16,2005,10,"039027",157.4
152.21,-25.16,2005,11,"039027",74.9
152.21,-25.16,2005,12,"039027",111.8
152.21,-25.16,2006,1,"039027",146
152.21,-25.16,2006,2,"039027",21.6
152.21,-25.16,2006,3,"039027",97.6
152.21,-25.16,2006,4,"039027",27.4
152.21,-25.16,2006,5,"039027",10.8
152.21,-25.16,2006,6,"039027",100.8
152.21,-25.16,2006,7,"039027",80.4
152.21,-25.16,2006,8,"039027",15.6
152.21,-25.16,2006,9,"039027",36.2
152.21,-25.16,2006,10,"039027",1.6
152.21,-25.16,2006,11,"039027",71.4
152.21,-25.16,2006,12,"039027",87.3
152.21,-25.16,2007,1,"039027",36.6
152.21,-25.16,2007,2,"039027",157.5
152.21,-25.16,2007,3,"039027",30.4
152.21,-25.16,2007,4,"039027",28.6
152.21,-25.16,2007,5,"039027",24.2
152.21,-25.16,2007,6,"039027",112.6
152.21,-25.16,2007,7,"039027",2.6
152.21,-25.16,2007,8,"039027",89.8
152.21,-25.16,2007,9,"039027",65
152.21,-25.16,2007,10,"039027",58.2
152.21,-25.16,2007,11,"039027",71.4
152.21,-25.16,2007,12,"039027",107
152.21,-25.16,2008,1,"039027",120.2
152.21,-25.16,2008,2,"039027",326.6
152.21,-25.16,2008,3,"039027",51.4
152.21,-25.16,2008,4,"039027",13.4
152.21,-25.16,2008,5,"039027",109.8
152.21,-25.16,2008,6,"039027",50.8
152.21,-25.16,2008,7,"039027",118.8
152.21,-25.16,2008,8,"039027",1.2
152.21,-25.16,2008,9,"039027",28.8
152.21,-25.16,2008,10,"039027",14.6
152.21,-25.16,2008,11,"039027",88
152.21,-25.16,2008,12,"039027",65
152.21,-25.16,2009,1,"039027",240.6
152.21,-25.16,2009,2,"039027",104
152.21,-25.16,2009,3,"039027",44.2
152.21,-25.16,2009,4,"039027",40
152.21,-25.16,2009,5,"039027",58.4
152.21,-25.16,2009,6,"039027",52.4
152.21,-25.16,2009,7,"039027",0.4
152.21,-25.16,2009,8,"039027",2.4
152.21,-25.16,2009,9,"039027",30
152.21,-25.16,2009,10,"039027",5.2
152.21,-25.16,2009,11,"039027",40.2
152.21,-25.16,2009,12,"039027",147.6
152.21,-25.16,2010,1,"039027",81
152.21,-25.16,2010,2,"039027",213.2
152.21,-25.16,2010,3,"039027",216.6
152.21,-25.16,2010,4,"039027",30.6
152.21,-25.16,2010,5,"039027",52.2
152.21,-25.16,2010,6,"039027",19.2
152.21,-25.16,2010,7,"039027",41.8
152.21,-25.16,2010,8,"039027",99.8
152.21,-25.16,2010,9,"039027",106.5
152.21,-25.16,2010,10,"039027",66.8
152.21,-25.16,2010,11,"039027",90.3
152.21,-25.16,2010,12,"039027",723.2
