"Lon","Lat","Year","Month","Station","Rain"
151.07,-28.42,1971,1,"041340",151.5
151.07,-28.42,1971,2,"041340",151.8
151.07,-28.42,1971,3,"041340",7.6
151.07,-28.42,1971,4,"041340",11.5
151.07,-28.42,1971,5,"041340",11.4
151.07,-28.42,1971,6,"041340",19.8
151.07,-28.42,1971,7,"041340",41.1
151.07,-28.42,1971,8,"041340",82.1
151.07,-28.42,1971,9,"041340",68.8
151.07,-28.42,1971,10,"041340",46
151.07,-28.42,1971,11,"041340",71.2
151.07,-28.42,1971,12,"041340",90.5
151.07,-28.42,1972,1,"041340",120.2
151.07,-28.42,1972,2,"041340",26.3
151.07,-28.42,1972,3,"041340",31.9
151.07,-28.42,1972,4,"041340",53.3
151.07,-28.42,1972,5,"041340",33.3
151.07,-28.42,1972,6,"041340",4.1
151.07,-28.42,1972,7,"041340",0.5
151.07,-28.42,1972,8,"041340",67.8
151.07,-28.42,1972,9,"041340",35.1
151.07,-28.42,1972,10,"041340",162.3
151.07,-28.42,1972,11,"041340",64.4
151.07,-28.42,1972,12,"041340",98.1
151.07,-28.42,1973,1,"041340",49.9
151.07,-28.42,1973,2,"041340",121.4
151.07,-28.42,1973,3,"041340",6.1
151.07,-28.42,1973,4,"041340",9.1
151.07,-28.42,1973,5,"041340",10.5
151.07,-28.42,1973,6,"041340",13.6
151.07,-28.42,1973,7,"041340",100.6
151.07,-28.42,1973,8,"041340",52.6
151.07,-28.42,1973,9,"041340",29.6
151.07,-28.42,1973,10,"041340",34.7
151.07,-28.42,1973,11,"041340",126.4
151.07,-28.42,1973,12,"041340",52.8
151.07,-28.42,1974,1,"041340",87.8
151.07,-28.42,1974,2,"041340",12.6
151.07,-28.42,1974,3,"041340",20.7
151.07,-28.42,1974,4,"041340",34.6
151.07,-28.42,1974,5,"041340",17.7
151.07,-28.42,1974,6,"041340",34.9
151.07,-28.42,1974,7,"041340",4.3
151.07,-28.42,1974,8,"041340",57.2
151.07,-28.42,1974,9,"041340",24.3
151.07,-28.42,1974,10,"041340",46.7
151.07,-28.42,1974,11,"041340",155.8
151.07,-28.42,1974,12,"041340",47.2
151.07,-28.42,1975,1,"041340",82.6
151.07,-28.42,1975,2,"041340",112.3
151.07,-28.42,1975,3,"041340",119.6
151.07,-28.42,1975,4,"041340",52.8
151.07,-28.42,1975,5,"041340",0.6
151.07,-28.42,1975,6,"041340",30.1
151.07,-28.42,1975,7,"041340",68.5
151.07,-28.42,1975,8,"041340",27.4
151.07,-28.42,1975,9,"041340",69
151.07,-28.42,1975,10,"041340",95.4
151.07,-28.42,1975,11,"041340",47.1
151.07,-28.42,1975,12,"041340",144.2
151.07,-28.42,1976,1,"041340",46.6
151.07,-28.42,1976,2,"041340",259
151.07,-28.42,1976,3,"041340",38.4
151.07,-28.42,1976,4,"041340",0.4
151.07,-28.42,1976,5,"041340",52.8
151.07,-28.42,1976,6,"041340",30.2
151.07,-28.42,1976,7,"041340",33.2
151.07,-28.42,1976,8,"041340",38.4
151.07,-28.42,1976,9,"041340",56.2
151.07,-28.42,1976,10,"041340",52.7
151.07,-28.42,1976,11,"041340",113.2
151.07,-28.42,1976,12,"041340",70
151.07,-28.42,1977,1,"041340",47.2
151.07,-28.42,1977,2,"041340",58.7
151.07,-28.42,1977,3,"041340",140.7
151.07,-28.42,1977,4,"041340",65.8
151.07,-28.42,1977,5,"041340",70.4
151.07,-28.42,1977,6,"041340",1.7
151.07,-28.42,1977,7,"041340",3.1
151.07,-28.42,1977,8,"041340",12.9
151.07,-28.42,1977,9,"041340",8.8
151.07,-28.42,1977,10,"041340",47.2
151.07,-28.42,1977,11,"041340",66.5
151.07,-28.42,1977,12,"041340",37.4
151.07,-28.42,1978,1,"041340",131.4
151.07,-28.42,1978,2,"041340",22
151.07,-28.42,1978,3,"041340",91.8
151.07,-28.42,1978,4,"041340",36.8
151.07,-28.42,1978,5,"041340",83.3
151.07,-28.42,1978,6,"041340",35.3
151.07,-28.42,1978,7,"041340",47.9
151.07,-28.42,1978,8,"041340",37.5
151.07,-28.42,1978,9,"041340",87.5
151.07,-28.42,1978,10,"041340",45.1
151.07,-28.42,1978,11,"041340",64.3
151.07,-28.42,1978,12,"041340",91.8
151.07,-28.42,1979,1,"041340",40.2
151.07,-28.42,1979,2,"041340",24.8
151.07,-28.42,1979,3,"041340",58.8
151.07,-28.42,1979,4,"041340",5.3
151.07,-28.42,1979,5,"041340",43.4
151.07,-28.42,1979,6,"041340",29.2
151.07,-28.42,1979,7,"041340",5.6
151.07,-28.42,1979,8,"041340",10.5
151.07,-28.42,1979,9,"041340",29.8
151.07,-28.42,1979,10,"041340",68.8
151.07,-28.42,1979,11,"041340",115
151.07,-28.42,1979,12,"041340",15.8
151.07,-28.42,1980,1,"041340",42.8
151.07,-28.42,1980,2,"041340",16.8
151.07,-28.42,1980,3,"041340",1.2
151.07,-28.42,1980,4,"041340",0
151.07,-28.42,1980,5,"041340",74.4
151.07,-28.42,1980,6,"041340",6.6
151.07,-28.42,1980,7,"041340",14.6
151.07,-28.42,1980,8,"041340",14.9
151.07,-28.42,1980,9,"041340",0
151.07,-28.42,1980,10,"041340",134.8
151.07,-28.42,1980,11,"041340",53.2
151.07,-28.42,1980,12,"041340",121
151.07,-28.42,1981,1,"041340",29.7
151.07,-28.42,1981,2,"041340",49.4
151.07,-28.42,1981,3,"041340",17.2
151.07,-28.42,1981,4,"041340",55
151.07,-28.42,1981,5,"041340",68.7
151.07,-28.42,1981,6,"041340",66.5
151.07,-28.42,1981,7,"041340",67.6
151.07,-28.42,1981,8,"041340",16.1
151.07,-28.42,1981,9,"041340",9.6
151.07,-28.42,1981,10,"041340",36
151.07,-28.42,1981,11,"041340",76.3
151.07,-28.42,1981,12,"041340",130.4
151.07,-28.42,1982,1,"041340",124.5
151.07,-28.42,1982,2,"041340",72.9
151.07,-28.42,1982,3,"041340",94.6
151.07,-28.42,1982,4,"041340",19
151.07,-28.42,1982,5,"041340",19.9
151.07,-28.42,1982,6,"041340",1.5
151.07,-28.42,1982,7,"041340",20.3
151.07,-28.42,1982,8,"041340",1.7
151.07,-28.42,1982,9,"041340",54
151.07,-28.42,1982,10,"041340",54.1
151.07,-28.42,1982,11,"041340",4.5
151.07,-28.42,1982,12,"041340",100.1
151.07,-28.42,1983,1,"041340",65.7
151.07,-28.42,1983,2,"041340",12.9
151.07,-28.42,1983,3,"041340",92.2
151.07,-28.42,1983,4,"041340",110.3
151.07,-28.42,1983,5,"041340",159.9
151.07,-28.42,1983,6,"041340",97.8
151.07,-28.42,1983,7,"041340",38.1
151.07,-28.42,1983,8,"041340",25
151.07,-28.42,1983,9,"041340",87.2
151.07,-28.42,1983,10,"041340",78.5
151.07,-28.42,1983,11,"041340",82
151.07,-28.42,1983,12,"041340",52.9
151.07,-28.42,1984,1,"041340",121
151.07,-28.42,1984,2,"041340",69.5
151.07,-28.42,1984,3,"041340",29
151.07,-28.42,1984,4,"041340",141.6
151.07,-28.42,1984,5,"041340",20.9
151.07,-28.42,1984,6,"041340",19.1
151.07,-28.42,1984,7,"041340",131
151.07,-28.42,1984,8,"041340",26.6
151.07,-28.42,1984,9,"041340",55.7
151.07,-28.42,1984,10,"041340",34.5
151.07,-28.42,1984,11,"041340",69.4
151.07,-28.42,1984,12,"041340",42.1
151.07,-28.42,1985,1,"041340",20.2
151.07,-28.42,1985,2,"041340",37.6
151.07,-28.42,1985,3,"041340",10
151.07,-28.42,1985,4,"041340",47.8
151.07,-28.42,1985,5,"041340",12.8
151.07,-28.42,1985,6,"041340",35.3
151.07,-28.42,1985,7,"041340",48.6
151.07,-28.42,1985,8,"041340",67.8
151.07,-28.42,1985,9,"041340",30.9
151.07,-28.42,1985,10,"041340",49.2
151.07,-28.42,1985,11,"041340",89.2
151.07,-28.42,1985,12,"041340",78.8
151.07,-28.42,1986,1,"041340",98.5
151.07,-28.42,1986,2,"041340",84.5
151.07,-28.42,1986,3,"041340",9.4
151.07,-28.42,1986,4,"041340",0.6
151.07,-28.42,1986,5,"041340",44.7
151.07,-28.42,1986,6,"041340",0.4
151.07,-28.42,1986,7,"041340",61.1
151.07,-28.42,1986,8,"041340",44
151.07,-28.42,1986,9,"041340",62.4
151.07,-28.42,1986,10,"041340",37
151.07,-28.42,1986,11,"041340",110.7
151.07,-28.42,1986,12,"041340",27.6
151.07,-28.42,1987,1,"041340",224.8
151.07,-28.42,1987,2,"041340",44
151.07,-28.42,1987,3,"041340",85.3
151.07,-28.42,1987,4,"041340",318.8
151.07,-28.42,1987,5,"041340",37.1
151.07,-28.42,1987,6,"041340",14.3
151.07,-28.42,1987,7,"041340",24.8
151.07,-28.42,1987,8,"041340",56.2
151.07,-28.42,1987,9,"041340",8.4
151.07,-28.42,1987,10,"041340",88.5
151.07,-28.42,1987,11,"041340",12.6
151.07,-28.42,1987,12,"041340",77.8
151.07,-28.42,1988,1,"041340",224.8
151.07,-28.42,1988,2,"041340",140
151.07,-28.42,1988,3,"041340",14.6
151.07,-28.42,1988,4,"041340",318.8
151.07,-28.42,1988,5,"041340",12.6
151.07,-28.42,1988,6,"041340",0
151.07,-28.42,1988,7,"041340",62
151.07,-28.42,1988,8,"041340",46.4
151.07,-28.42,1988,9,"041340",64.6
151.07,-28.42,1988,10,"041340",22.9
151.07,-28.42,1988,11,"041340",55.8
151.07,-28.42,1988,12,"041340",46.5
151.07,-28.42,1989,1,"041340",31.6
151.07,-28.42,1989,2,"041340",35.6
151.07,-28.42,1989,3,"041340",159.6
151.07,-28.42,1989,4,"041340",65.9
151.07,-28.42,1989,5,"041340",21.6
151.07,-28.42,1989,6,"041340",59.9
151.07,-28.42,1989,7,"041340",33.6
151.07,-28.42,1989,8,"041340",10.8
151.07,-28.42,1989,9,"041340",6.4
151.07,-28.42,1989,10,"041340",87.8
151.07,-28.42,1989,11,"041340",94.6
151.07,-28.42,1989,12,"041340",188.4
151.07,-28.42,1990,1,"041340",61.6
151.07,-28.42,1990,2,"041340",119.4
151.07,-28.42,1990,3,"041340",38.8
151.07,-28.42,1990,4,"041340",127.8
151.07,-28.42,1990,5,"041340",65.5
151.07,-28.42,1990,6,"041340",35.8
151.07,-28.42,1990,7,"041340",30.4
151.07,-28.42,1990,8,"041340",11.2
151.07,-28.42,1990,9,"041340",21.3
151.07,-28.42,1990,10,"041340",20.2
151.07,-28.42,1990,11,"041340",2.4
151.07,-28.42,1990,12,"041340",23.5
151.07,-28.42,1991,1,"041340",143
151.07,-28.42,1991,2,"041340",61.9
151.07,-28.42,1991,3,"041340",28.5
151.07,-28.42,1991,4,"041340",0
151.07,-28.42,1991,5,"041340",149.7
151.07,-28.42,1991,6,"041340",26.1
151.07,-28.42,1991,7,"041340",26.4
151.07,-28.42,1991,8,"041340",0
151.07,-28.42,1991,9,"041340",2.2
151.07,-28.42,1991,10,"041340",9.6
151.07,-28.42,1991,11,"041340",83.6
151.07,-28.42,1991,12,"041340",80.8
151.07,-28.42,1992,1,"041340",79.2
151.07,-28.42,1992,2,"041340",121.8
151.07,-28.42,1992,3,"041340",13.2
151.07,-28.42,1992,4,"041340",17.1
151.07,-28.42,1992,5,"041340",65.5
151.07,-28.42,1992,6,"041340",3.2
151.07,-28.42,1992,7,"041340",4.6
151.07,-28.42,1992,8,"041340",52.6
151.07,-28.42,1992,9,"041340",25.5
151.07,-28.42,1992,10,"041340",40.2
151.07,-28.42,1992,11,"041340",63.2
151.07,-28.42,1992,12,"041340",98
151.07,-28.42,1993,1,"041340",15.8
151.07,-28.42,1993,2,"041340",70.4
151.07,-28.42,1993,3,"041340",0
151.07,-28.42,1993,4,"041340",0
151.07,-28.42,1993,5,"041340",15.2
151.07,-28.42,1993,6,"041340",13.6
151.07,-28.42,1993,7,"041340",41.6
151.07,-28.42,1993,8,"041340",8
151.07,-28.42,1993,9,"041340",46
151.07,-28.42,1993,10,"041340",51.6
151.07,-28.42,1993,11,"041340",25.2
151.07,-28.42,1993,12,"041340",99
151.07,-28.42,1994,1,"041340",49.4
151.07,-28.42,1994,2,"041340",129.5
151.07,-28.42,1994,3,"041340",71
151.07,-28.42,1994,4,"041340",0
151.07,-28.42,1994,5,"041340",4.8
151.07,-28.42,1994,6,"041340",16
151.07,-28.42,1994,7,"041340",8.2
151.07,-28.42,1994,8,"041340",11.4
151.07,-28.42,1994,9,"041340",16
151.07,-28.42,1994,10,"041340",32.2
151.07,-28.42,1994,11,"041340",NA
151.07,-28.42,1994,12,"041340",NA
151.07,-28.42,1995,1,"041340",120.8
151.07,-28.42,1995,2,"041340",72
151.07,-28.42,1995,3,"041340",43.4
151.07,-28.42,1995,4,"041340",3.6
151.07,-28.42,1995,5,"041340",41.8
151.07,-28.42,1995,6,"041340",NA
151.07,-28.42,1995,7,"041340",8.6
151.07,-28.42,1995,8,"041340",0.8
151.07,-28.42,1995,9,"041340",38.5
151.07,-28.42,1995,10,"041340",69.8
151.07,-28.42,1995,11,"041340",108.4
151.07,-28.42,1995,12,"041340",116
151.07,-28.42,1996,1,"041340",277.6
151.07,-28.42,1996,2,"041340",90.4
151.07,-28.42,1996,3,"041340",41.3
151.07,-28.42,1996,4,"041340",40.2
151.07,-28.42,1996,5,"041340",154.6
151.07,-28.42,1996,6,"041340",4.4
151.07,-28.42,1996,7,"041340",48.2
151.07,-28.42,1996,8,"041340",45.2
151.07,-28.42,1996,9,"041340",60.4
151.07,-28.42,1996,10,"041340",22.5
151.07,-28.42,1996,11,"041340",56.5
151.07,-28.42,1996,12,"041340",142.3
151.07,-28.42,1997,1,"041340",22
151.07,-28.42,1997,2,"041340",139.7
151.07,-28.42,1997,3,"041340",8.6
151.07,-28.42,1997,4,"041340",2.6
151.07,-28.42,1997,5,"041340",73.5
151.07,-28.42,1997,6,"041340",13.6
151.07,-28.42,1997,7,"041340",9
151.07,-28.42,1997,8,"041340",0
151.07,-28.42,1997,9,"041340",45.4
151.07,-28.42,1997,10,"041340",64.5
151.07,-28.42,1997,11,"041340",71
151.07,-28.42,1997,12,"041340",NA
151.07,-28.42,1998,1,"041340",103
151.07,-28.42,1998,2,"041340",NA
151.07,-28.42,1998,3,"041340",NA
151.07,-28.42,1998,4,"041340",NA
151.07,-28.42,1998,5,"041340",96.3
151.07,-28.42,1998,6,"041340",88.4
151.07,-28.42,1998,7,"041340",135.3
151.07,-28.42,1998,8,"041340",130.6
151.07,-28.42,1998,9,"041340",42.6
151.07,-28.42,1998,10,"041340",74
151.07,-28.42,1998,11,"041340",106.6
151.07,-28.42,1998,12,"041340",NA
151.07,-28.42,1999,1,"041340",109.8
151.07,-28.42,1999,2,"041340",91.6
151.07,-28.42,1999,3,"041340",NA
151.07,-28.42,1999,4,"041340",35.4
151.07,-28.42,1999,5,"041340",30.6
151.07,-28.42,1999,6,"041340",13.4
151.07,-28.42,1999,7,"041340",NA
151.07,-28.42,1999,8,"041340",30.6
151.07,-28.42,1999,9,"041340",5
151.07,-28.42,1999,10,"041340",69.6
151.07,-28.42,1999,11,"041340",90.8
151.07,-28.42,1999,12,"041340",79.3
151.07,-28.42,2000,1,"041340",59.9
151.07,-28.42,2000,2,"041340",36.6
151.07,-28.42,2000,3,"041340",70.7
151.07,-28.42,2000,4,"041340",9
151.07,-28.42,2000,5,"041340",30.4
151.07,-28.42,2000,6,"041340",7.2
151.07,-28.42,2000,7,"041340",18.5
151.07,-28.42,2000,8,"041340",6.6
151.07,-28.42,2000,9,"041340",3.5
151.07,-28.42,2000,10,"041340",62.6
151.07,-28.42,2000,11,"041340",66.8
151.07,-28.42,2000,12,"041340",63.4
151.07,-28.42,2001,1,"041340",49
151.07,-28.42,2001,2,"041340",76
151.07,-28.42,2001,3,"041340",51.2
151.07,-28.42,2001,4,"041340",92
151.07,-28.42,2001,5,"041340",NA
151.07,-28.42,2001,6,"041340",20
151.07,-28.42,2001,7,"041340",52.8
151.07,-28.42,2001,8,"041340",26.6
151.07,-28.42,2001,9,"041340",NA
151.07,-28.42,2001,10,"041340",59
151.07,-28.42,2001,11,"041340",98.6
151.07,-28.42,2001,12,"041340",52.2
151.07,-28.42,2002,1,"041340",32.4
151.07,-28.42,2002,2,"041340",43.4
151.07,-28.42,2002,3,"041340",NA
151.07,-28.42,2002,4,"041340",0
151.07,-28.42,2002,5,"041340",1
151.07,-28.42,2002,6,"041340",16
151.07,-28.42,2002,7,"041340",NA
151.07,-28.42,2002,8,"041340",NA
151.07,-28.42,2002,9,"041340",NA
151.07,-28.42,2002,10,"041340",NA
151.07,-28.42,2002,11,"041340",NA
151.07,-28.42,2002,12,"041340",NA
151.07,-28.42,2003,1,"041340",3.5
151.07,-28.42,2003,2,"041340",137
151.07,-28.42,2003,3,"041340",NA
151.07,-28.42,2003,4,"041340",NA
151.07,-28.42,2003,5,"041340",NA
151.07,-28.42,2003,6,"041340",23.4
151.07,-28.42,2003,7,"041340",23.7
151.07,-28.42,2003,8,"041340",11.8
151.07,-28.42,2003,9,"041340",0
151.07,-28.42,2003,10,"041340",122.8
151.07,-28.42,2003,11,"041340",42
151.07,-28.42,2003,12,"041340",NA
151.07,-28.42,2004,1,"041340",162.4
151.07,-28.42,2004,2,"041340",47.4
151.07,-28.42,2004,3,"041340",15
151.07,-28.42,2004,4,"041340",54
151.07,-28.42,2004,5,"041340",30.6
151.07,-28.42,2004,6,"041340",NA
151.07,-28.42,2004,7,"041340",15.5
151.07,-28.42,2004,8,"041340",NA
151.07,-28.42,2004,9,"041340",55.8
151.07,-28.42,2004,10,"041340",68.8
151.07,-28.42,2004,11,"041340",130.6
151.07,-28.42,2004,12,"041340",125.1
151.07,-28.42,2005,1,"041340",NA
151.07,-28.42,2005,2,"041340",22.2
151.07,-28.42,2005,3,"041340",18
151.07,-28.42,2005,4,"041340",0
151.07,-28.42,2005,5,"041340",25.4
151.07,-28.42,2005,6,"041340",102.5
151.07,-28.42,2005,7,"041340",8.8
151.07,-28.42,2005,8,"041340",12.6
151.07,-28.42,2005,9,"041340",NA
151.07,-28.42,2005,10,"041340",NA
151.07,-28.42,2005,11,"041340",126.6
151.07,-28.42,2005,12,"041340",67
151.07,-28.42,2006,1,"041340",113.8
151.07,-28.42,2006,2,"041340",NA
151.07,-28.42,2006,3,"041340",NA
151.07,-28.42,2006,4,"041340",NA
151.07,-28.42,2006,5,"041340",NA
151.07,-28.42,2006,6,"041340",NA
151.07,-28.42,2006,7,"041340",NA
151.07,-28.42,2006,8,"041340",NA
151.07,-28.42,2006,9,"041340",NA
151.07,-28.42,2006,10,"041340",NA
151.07,-28.42,2006,11,"041340",NA
151.07,-28.42,2006,12,"041340",NA
151.07,-28.42,2008,1,"041340",NA
151.07,-28.42,2008,2,"041340",123.8
151.07,-28.42,2008,3,"041340",11.6
151.07,-28.42,2008,4,"041340",1
151.07,-28.42,2008,5,"041340",15.8
151.07,-28.42,2008,6,"041340",33.2
151.07,-28.42,2008,7,"041340",NA
151.07,-28.42,2008,8,"041340",6.2
151.07,-28.42,2008,9,"041340",61.6
151.07,-28.42,2008,10,"041340",10
151.07,-28.42,2008,11,"041340",167.8
151.07,-28.42,2008,12,"041340",79.6
151.07,-28.42,2009,1,"041340",11.2
151.07,-28.42,2009,2,"041340",75.6
151.07,-28.42,2009,3,"041340",2.8
151.07,-28.42,2009,4,"041340",58.6
151.07,-28.42,2009,5,"041340",71
151.07,-28.42,2009,6,"041340",29.8
151.07,-28.42,2009,7,"041340",15.4
151.07,-28.42,2009,8,"041340",2.2
151.07,-28.42,2009,9,"041340",21.6
151.07,-28.42,2009,10,"041340",20
151.07,-28.42,2009,11,"041340",33.6
151.07,-28.42,2009,12,"041340",117.6
151.07,-28.42,2010,1,"041340",34
151.07,-28.42,2010,2,"041340",79.8
151.07,-28.42,2010,3,"041340",154
151.07,-28.42,2010,4,"041340",38.8
151.07,-28.42,2010,5,"041340",52.6
151.07,-28.42,2010,6,"041340",8.6
151.07,-28.42,2010,7,"041340",79.6
151.07,-28.42,2010,8,"041340",100.2
151.07,-28.42,2010,9,"041340",158.6
151.07,-28.42,2010,10,"041340",49.4
151.07,-28.42,2010,11,"041340",109.4
151.07,-28.42,2010,12,"041340",211.7
