"Lon","Lat","Year","Month","Station","Rain"
152.03,-25.17,1912,1,"039234",NA
152.03,-25.17,1912,2,"039234",NA
152.03,-25.17,1912,3,"039234",NA
152.03,-25.17,1912,4,"039234",NA
152.03,-25.17,1912,5,"039234",NA
152.03,-25.17,1912,6,"039234",NA
152.03,-25.17,1912,7,"039234",NA
152.03,-25.17,1912,8,"039234",NA
152.03,-25.17,1912,9,"039234",20.5
152.03,-25.17,1912,10,"039234",32.5
152.03,-25.17,1912,11,"039234",44
152.03,-25.17,1912,12,"039234",66.5
152.03,-25.17,1913,1,"039234",580.7
152.03,-25.17,1913,2,"039234",156.3
152.03,-25.17,1913,3,"039234",49.5
152.03,-25.17,1913,4,"039234",65.3
152.03,-25.17,1913,5,"039234",114.3
152.03,-25.17,1913,6,"039234",100.7
152.03,-25.17,1913,7,"039234",21.8
152.03,-25.17,1913,8,"039234",9.4
152.03,-25.17,1913,9,"039234",84.9
152.03,-25.17,1913,10,"039234",5.1
152.03,-25.17,1913,11,"039234",23.7
152.03,-25.17,1913,12,"039234",139
152.03,-25.17,1914,1,"039234",47.5
152.03,-25.17,1914,2,"039234",101.9
152.03,-25.17,1914,3,"039234",216.8
152.03,-25.17,1914,4,"039234",55.6
152.03,-25.17,1914,5,"039234",25.7
152.03,-25.17,1914,6,"039234",100.4
152.03,-25.17,1914,7,"039234",28.1
152.03,-25.17,1914,8,"039234",20.6
152.03,-25.17,1914,9,"039234",30.8
152.03,-25.17,1914,10,"039234",148.4
152.03,-25.17,1914,11,"039234",6.2
152.03,-25.17,1914,12,"039234",106.5
152.03,-25.17,1915,1,"039234",51.3
152.03,-25.17,1915,2,"039234",163.4
152.03,-25.17,1915,3,"039234",4.8
152.03,-25.17,1915,4,"039234",32.3
152.03,-25.17,1915,5,"039234",24.1
152.03,-25.17,1915,6,"039234",9.7
152.03,-25.17,1915,7,"039234",25.9
152.03,-25.17,1915,8,"039234",8.6
152.03,-25.17,1915,9,"039234",114.6
152.03,-25.17,1915,10,"039234",14
152.03,-25.17,1915,11,"039234",79.6
152.03,-25.17,1915,12,"039234",54.1
152.03,-25.17,1916,1,"039234",22.3
152.03,-25.17,1916,2,"039234",253.2
152.03,-25.17,1916,3,"039234",52
152.03,-25.17,1916,4,"039234",85.9
152.03,-25.17,1916,5,"039234",82.8
152.03,-25.17,1916,6,"039234",63.3
152.03,-25.17,1916,7,"039234",96
152.03,-25.17,1916,8,"039234",48.2
152.03,-25.17,1916,9,"039234",76.7
152.03,-25.17,1916,10,"039234",219.2
152.03,-25.17,1916,11,"039234",128.7
152.03,-25.17,1916,12,"039234",102.1
152.03,-25.17,1917,1,"039234",107.1
152.03,-25.17,1917,2,"039234",95.4
152.03,-25.17,1917,3,"039234",126.2
152.03,-25.17,1917,4,"039234",28.9
152.03,-25.17,1917,5,"039234",106.7
152.03,-25.17,1917,6,"039234",0
152.03,-25.17,1917,7,"039234",16.3
152.03,-25.17,1917,8,"039234",48.2
152.03,-25.17,1917,9,"039234",102.3
152.03,-25.17,1917,10,"039234",42.9
152.03,-25.17,1917,11,"039234",225.5
152.03,-25.17,1917,12,"039234",86.7
152.03,-25.17,1918,1,"039234",389.1
152.03,-25.17,1918,2,"039234",179.1
152.03,-25.17,1918,3,"039234",41.9
152.03,-25.17,1918,4,"039234",124.4
152.03,-25.17,1918,5,"039234",14.6
152.03,-25.17,1918,6,"039234",0
152.03,-25.17,1918,7,"039234",12.4
152.03,-25.17,1918,8,"039234",38.9
152.03,-25.17,1918,9,"039234",29.2
152.03,-25.17,1918,10,"039234",20.3
152.03,-25.17,1918,11,"039234",30.7
152.03,-25.17,1918,12,"039234",25.2
152.03,-25.17,1919,1,"039234",17.8
152.03,-25.17,1919,2,"039234",147.6
152.03,-25.17,1919,3,"039234",68.8
152.03,-25.17,1919,4,"039234",40.8
152.03,-25.17,1919,5,"039234",68.9
152.03,-25.17,1919,6,"039234",0
152.03,-25.17,1919,7,"039234",0
152.03,-25.17,1919,8,"039234",40.6
152.03,-25.17,1919,9,"039234",0
152.03,-25.17,1919,10,"039234",51.9
152.03,-25.17,1919,11,"039234",4.3
152.03,-25.17,1919,12,"039234",3.3
152.03,-25.17,1920,1,"039234",171.8
152.03,-25.17,1920,2,"039234",14.5
152.03,-25.17,1920,3,"039234",62
152.03,-25.17,1920,4,"039234",37.3
152.03,-25.17,1920,5,"039234",84.3
152.03,-25.17,1920,6,"039234",74.1
152.03,-25.17,1920,7,"039234",59.4
152.03,-25.17,1920,8,"039234",29.5
152.03,-25.17,1920,9,"039234",70.2
152.03,-25.17,1920,10,"039234",147.4
152.03,-25.17,1920,11,"039234",86.4
152.03,-25.17,1920,12,"039234",288.9
152.03,-25.17,1921,1,"039234",138.8
152.03,-25.17,1921,2,"039234",30.5
152.03,-25.17,1921,3,"039234",96.9
152.03,-25.17,1921,4,"039234",94.4
152.03,-25.17,1921,5,"039234",71.3
152.03,-25.17,1921,6,"039234",168.1
152.03,-25.17,1921,7,"039234",24.3
152.03,-25.17,1921,8,"039234",42
152.03,-25.17,1921,9,"039234",52.6
152.03,-25.17,1921,10,"039234",18.8
152.03,-25.17,1921,11,"039234",100.1
152.03,-25.17,1921,12,"039234",415.6
152.03,-25.17,1922,1,"039234",123.1
152.03,-25.17,1922,2,"039234",155.7
152.03,-25.17,1922,3,"039234",0
152.03,-25.17,1922,4,"039234",8.7
152.03,-25.17,1922,5,"039234",7.7
152.03,-25.17,1922,6,"039234",67.5
152.03,-25.17,1922,7,"039234",71.7
152.03,-25.17,1922,8,"039234",14.5
152.03,-25.17,1922,9,"039234",5.4
152.03,-25.17,1922,10,"039234",19
152.03,-25.17,1922,11,"039234",130.1
152.03,-25.17,1922,12,"039234",99.8
152.03,-25.17,1923,1,"039234",150.1
152.03,-25.17,1923,2,"039234",5.6
152.03,-25.17,1923,3,"039234",25.4
152.03,-25.17,1923,4,"039234",142.4
152.03,-25.17,1923,5,"039234",0
152.03,-25.17,1923,6,"039234",104.2
152.03,-25.17,1923,7,"039234",20.6
152.03,-25.17,1923,8,"039234",5.1
152.03,-25.17,1923,9,"039234",33.8
152.03,-25.17,1923,10,"039234",4.8
152.03,-25.17,1923,11,"039234",34.7
152.03,-25.17,1923,12,"039234",127.4
152.03,-25.17,1924,1,"039234",99.2
152.03,-25.17,1924,2,"039234",270.3
152.03,-25.17,1924,3,"039234",104.9
152.03,-25.17,1924,4,"039234",61.8
152.03,-25.17,1924,5,"039234",20.8
152.03,-25.17,1924,6,"039234",27.2
152.03,-25.17,1924,7,"039234",144.1
152.03,-25.17,1924,8,"039234",33
152.03,-25.17,1924,9,"039234",49.5
152.03,-25.17,1924,10,"039234",125.1
152.03,-25.17,1924,11,"039234",129.6
152.03,-25.17,1924,12,"039234",124.7
152.03,-25.17,1925,1,"039234",161.9
152.03,-25.17,1925,2,"039234",41.4
152.03,-25.17,1925,3,"039234",87.2
152.03,-25.17,1925,4,"039234",0
152.03,-25.17,1925,5,"039234",25.7
152.03,-25.17,1925,6,"039234",95.8
152.03,-25.17,1925,7,"039234",5.6
152.03,-25.17,1925,8,"039234",32.5
152.03,-25.17,1925,9,"039234",22.6
152.03,-25.17,1925,10,"039234",27.5
152.03,-25.17,1925,11,"039234",45.8
152.03,-25.17,1925,12,"039234",168.1
152.03,-25.17,1926,1,"039234",61.3
152.03,-25.17,1926,2,"039234",52.1
152.03,-25.17,1926,3,"039234",52.4
152.03,-25.17,1926,4,"039234",19.1
152.03,-25.17,1926,5,"039234",177.3
152.03,-25.17,1926,6,"039234",77.5
152.03,-25.17,1926,7,"039234",10.1
152.03,-25.17,1926,8,"039234",0
152.03,-25.17,1926,9,"039234",42.3
152.03,-25.17,1926,10,"039234",37.8
152.03,-25.17,1926,11,"039234",1
152.03,-25.17,1926,12,"039234",401.1
152.03,-25.17,1927,1,"039234",318.3
152.03,-25.17,1927,2,"039234",125.1
152.03,-25.17,1927,3,"039234",153.1
152.03,-25.17,1927,4,"039234",138.1
152.03,-25.17,1927,5,"039234",4.1
152.03,-25.17,1927,6,"039234",109.7
152.03,-25.17,1927,7,"039234",23.7
152.03,-25.17,1927,8,"039234",20.1
152.03,-25.17,1927,9,"039234",30.5
152.03,-25.17,1927,10,"039234",132.1
152.03,-25.17,1927,11,"039234",82.7
152.03,-25.17,1927,12,"039234",112.7
152.03,-25.17,1928,1,"039234",142.7
152.03,-25.17,1928,2,"039234",556.9
152.03,-25.17,1928,3,"039234",46
152.03,-25.17,1928,4,"039234",159.5
152.03,-25.17,1928,5,"039234",23.9
152.03,-25.17,1928,6,"039234",115.6
152.03,-25.17,1928,7,"039234",6.3
152.03,-25.17,1928,8,"039234",0
152.03,-25.17,1928,9,"039234",13.2
152.03,-25.17,1928,10,"039234",7.9
152.03,-25.17,1928,11,"039234",49.3
152.03,-25.17,1928,12,"039234",32.8
152.03,-25.17,1929,1,"039234",183.7
152.03,-25.17,1929,2,"039234",333
152.03,-25.17,1929,3,"039234",44.5
152.03,-25.17,1929,4,"039234",237.6
152.03,-25.17,1929,5,"039234",0
152.03,-25.17,1929,6,"039234",30.5
152.03,-25.17,1929,7,"039234",2.5
152.03,-25.17,1929,8,"039234",21.3
152.03,-25.17,1929,9,"039234",0
152.03,-25.17,1929,10,"039234",88.3
152.03,-25.17,1929,11,"039234",98.8
152.03,-25.17,1929,12,"039234",40.8
152.03,-25.17,1930,1,"039234",311.2
152.03,-25.17,1930,2,"039234",80.3
152.03,-25.17,1930,3,"039234",32.3
152.03,-25.17,1930,4,"039234",30.9
152.03,-25.17,1930,5,"039234",51.8
152.03,-25.17,1930,6,"039234",187.1
152.03,-25.17,1930,7,"039234",30.7
152.03,-25.17,1930,8,"039234",72.9
152.03,-25.17,1930,9,"039234",41.4
152.03,-25.17,1930,10,"039234",25.1
152.03,-25.17,1930,11,"039234",68.5
152.03,-25.17,1930,12,"039234",4.6
152.03,-25.17,1931,1,"039234",40.6
152.03,-25.17,1931,2,"039234",266.5
152.03,-25.17,1931,3,"039234",79.5
152.03,-25.17,1931,4,"039234",49.4
152.03,-25.17,1931,5,"039234",72.3
152.03,-25.17,1931,6,"039234",10.7
152.03,-25.17,1931,7,"039234",14.5
152.03,-25.17,1931,8,"039234",7.6
152.03,-25.17,1931,9,"039234",12.2
152.03,-25.17,1931,10,"039234",31.5
152.03,-25.17,1931,11,"039234",124.7
152.03,-25.17,1931,12,"039234",232
152.03,-25.17,1932,1,"039234",22.8
152.03,-25.17,1932,2,"039234",43.7
152.03,-25.17,1932,3,"039234",15.8
152.03,-25.17,1932,4,"039234",49.8
152.03,-25.17,1932,5,"039234",43.1
152.03,-25.17,1932,6,"039234",4.1
152.03,-25.17,1932,7,"039234",3.3
152.03,-25.17,1932,8,"039234",13.4
152.03,-25.17,1932,9,"039234",23.9
152.03,-25.17,1932,10,"039234",106.5
152.03,-25.17,1932,11,"039234",42.5
152.03,-25.17,1932,12,"039234",84.3
152.03,-25.17,1933,1,"039234",143.5
152.03,-25.17,1933,2,"039234",68.5
152.03,-25.17,1933,3,"039234",6.9
152.03,-25.17,1933,4,"039234",91.3
152.03,-25.17,1933,5,"039234",16.7
152.03,-25.17,1933,6,"039234",54.1
152.03,-25.17,1933,7,"039234",120.8
152.03,-25.17,1933,8,"039234",58.4
152.03,-25.17,1933,9,"039234",112.2
152.03,-25.17,1933,10,"039234",219
152.03,-25.17,1933,11,"039234",151.9
152.03,-25.17,1933,12,"039234",204.7
152.03,-25.17,1934,1,"039234",32.8
152.03,-25.17,1934,2,"039234",242.1
152.03,-25.17,1934,3,"039234",13.7
152.03,-25.17,1934,4,"039234",135.5
152.03,-25.17,1934,5,"039234",63.5
152.03,-25.17,1934,6,"039234",105.6
152.03,-25.17,1934,7,"039234",38
152.03,-25.17,1934,8,"039234",11.4
152.03,-25.17,1934,9,"039234",19.6
152.03,-25.17,1934,10,"039234",58.4
152.03,-25.17,1934,11,"039234",219.9
152.03,-25.17,1934,12,"039234",135.9
152.03,-25.17,1935,1,"039234",84.2
152.03,-25.17,1935,2,"039234",132.3
152.03,-25.17,1935,3,"039234",54.3
152.03,-25.17,1935,4,"039234",25.6
152.03,-25.17,1935,5,"039234",43.2
152.03,-25.17,1935,6,"039234",7.1
152.03,-25.17,1935,7,"039234",79.2
152.03,-25.17,1935,8,"039234",8.4
152.03,-25.17,1935,9,"039234",61
152.03,-25.17,1935,10,"039234",36.3
152.03,-25.17,1935,11,"039234",7.4
152.03,-25.17,1935,12,"039234",128.8
152.03,-25.17,1936,1,"039234",151.5
152.03,-25.17,1936,2,"039234",48.6
152.03,-25.17,1936,3,"039234",121.8
152.03,-25.17,1936,4,"039234",8.1
152.03,-25.17,1936,5,"039234",60.8
152.03,-25.17,1936,6,"039234",92.4
152.03,-25.17,1936,7,"039234",13.7
152.03,-25.17,1936,8,"039234",13.2
152.03,-25.17,1936,9,"039234",33
152.03,-25.17,1936,10,"039234",29.9
152.03,-25.17,1936,11,"039234",30.9
152.03,-25.17,1936,12,"039234",54.4
152.03,-25.17,1937,1,"039234",40.7
152.03,-25.17,1937,2,"039234",91.6
152.03,-25.17,1937,3,"039234",371.7
152.03,-25.17,1937,4,"039234",22.3
152.03,-25.17,1937,5,"039234",3.6
152.03,-25.17,1937,6,"039234",39.7
152.03,-25.17,1937,7,"039234",48.4
152.03,-25.17,1937,8,"039234",28.7
152.03,-25.17,1937,9,"039234",2.5
152.03,-25.17,1937,10,"039234",132.3
152.03,-25.17,1937,11,"039234",80.2
152.03,-25.17,1937,12,"039234",88.6
152.03,-25.17,1938,1,"039234",170.7
152.03,-25.17,1938,2,"039234",9.7
152.03,-25.17,1938,3,"039234",176.3
152.03,-25.17,1938,4,"039234",97.3
152.03,-25.17,1938,5,"039234",137.9
152.03,-25.17,1938,6,"039234",52.7
152.03,-25.17,1938,7,"039234",61.7
152.03,-25.17,1938,8,"039234",38.9
152.03,-25.17,1938,9,"039234",0
152.03,-25.17,1938,10,"039234",82.5
152.03,-25.17,1938,11,"039234",190
152.03,-25.17,1938,12,"039234",40.9
152.03,-25.17,1939,1,"039234",245.2
152.03,-25.17,1939,2,"039234",31.8
152.03,-25.17,1939,3,"039234",215.6
152.03,-25.17,1939,4,"039234",53.9
152.03,-25.17,1939,5,"039234",33.9
152.03,-25.17,1939,6,"039234",73.7
152.03,-25.17,1939,7,"039234",NA
152.03,-25.17,1939,8,"039234",NA
152.03,-25.17,1939,9,"039234",NA
152.03,-25.17,1939,10,"039234",NA
152.03,-25.17,1939,11,"039234",NA
152.03,-25.17,1939,12,"039234",NA
152.03,-25.17,1940,1,"039234",NA
152.03,-25.17,1940,2,"039234",NA
152.03,-25.17,1940,3,"039234",NA
152.03,-25.17,1940,4,"039234",NA
152.03,-25.17,1940,5,"039234",NA
152.03,-25.17,1940,6,"039234",NA
152.03,-25.17,1940,7,"039234",20.1
152.03,-25.17,1940,8,"039234",10.9
152.03,-25.17,1940,9,"039234",33.8
152.03,-25.17,1940,10,"039234",0
152.03,-25.17,1940,11,"039234",38.1
152.03,-25.17,1940,12,"039234",NA
152.03,-25.17,1941,1,"039234",187.5
152.03,-25.17,1941,2,"039234",32.8
152.03,-25.17,1941,3,"039234",20.3
152.03,-25.17,1941,4,"039234",27.7
152.03,-25.17,1941,5,"039234",112.8
152.03,-25.17,1941,6,"039234",NA
152.03,-25.17,1941,7,"039234",NA
152.03,-25.17,1941,8,"039234",NA
152.03,-25.17,1941,9,"039234",NA
152.03,-25.17,1941,10,"039234",NA
152.03,-25.17,1941,11,"039234",NA
152.03,-25.17,1941,12,"039234",NA
152.03,-25.17,1943,1,"039234",190
152.03,-25.17,1943,2,"039234",123.2
152.03,-25.17,1943,3,"039234",0
152.03,-25.17,1943,4,"039234",41.7
152.03,-25.17,1943,5,"039234",60.2
152.03,-25.17,1943,6,"039234",37.3
152.03,-25.17,1943,7,"039234",0
152.03,-25.17,1943,8,"039234",15.3
152.03,-25.17,1943,9,"039234",35.8
152.03,-25.17,1943,10,"039234",252.9
152.03,-25.17,1943,11,"039234",49.8
152.03,-25.17,1943,12,"039234",196.8
152.03,-25.17,1944,1,"039234",139.6
152.03,-25.17,1944,2,"039234",99.9
152.03,-25.17,1944,3,"039234",23.1
152.03,-25.17,1944,4,"039234",13.5
152.03,-25.17,1944,5,"039234",70.4
152.03,-25.17,1944,6,"039234",12.9
152.03,-25.17,1944,7,"039234",55.7
152.03,-25.17,1944,8,"039234",24.4
152.03,-25.17,1944,9,"039234",15.5
152.03,-25.17,1944,10,"039234",23.3
152.03,-25.17,1944,11,"039234",59.9
152.03,-25.17,1944,12,"039234",114.4
152.03,-25.17,1945,1,"039234",102.4
152.03,-25.17,1945,2,"039234",240
152.03,-25.17,1945,3,"039234",14.2
152.03,-25.17,1945,4,"039234",26.1
152.03,-25.17,1945,5,"039234",50.5
152.03,-25.17,1945,6,"039234",28.4
152.03,-25.17,1945,7,"039234",83.6
152.03,-25.17,1945,8,"039234",0
152.03,-25.17,1945,9,"039234",42.6
152.03,-25.17,1945,10,"039234",68.8
152.03,-25.17,1945,11,"039234",94.5
152.03,-25.17,1945,12,"039234",131.1
152.03,-25.17,1946,1,"039234",205.7
152.03,-25.17,1946,2,"039234",43.6
152.03,-25.17,1946,3,"039234",76.2
152.03,-25.17,1946,4,"039234",38.3
152.03,-25.17,1946,5,"039234",11.7
152.03,-25.17,1946,6,"039234",1.3
152.03,-25.17,1946,7,"039234",5.1
152.03,-25.17,1946,8,"039234",0.5
152.03,-25.17,1946,9,"039234",26.2
152.03,-25.17,1946,10,"039234",86.4
152.03,-25.17,1946,11,"039234",74.9
152.03,-25.17,1946,12,"039234",54.4
152.03,-25.17,1947,1,"039234",95.6
152.03,-25.17,1947,2,"039234",503.6
152.03,-25.17,1947,3,"039234",457.9
152.03,-25.17,1947,4,"039234",129.1
152.03,-25.17,1947,5,"039234",22
152.03,-25.17,1947,6,"039234",0
152.03,-25.17,1947,7,"039234",5.1
152.03,-25.17,1947,8,"039234",31.5
152.03,-25.17,1947,9,"039234",108.2
152.03,-25.17,1947,10,"039234",31.2
152.03,-25.17,1947,11,"039234",174.5
152.03,-25.17,1947,12,"039234",89.1
152.03,-25.17,1948,1,"039234",49.1
152.03,-25.17,1948,2,"039234",154.3
152.03,-25.17,1948,3,"039234",221.3
152.03,-25.17,1948,4,"039234",74.9
152.03,-25.17,1948,5,"039234",142.2
152.03,-25.17,1948,6,"039234",120.9
152.03,-25.17,1948,7,"039234",42.2
152.03,-25.17,1948,8,"039234",5.8
152.03,-25.17,1948,9,"039234",40.3
152.03,-25.17,1948,10,"039234",13.2
152.03,-25.17,1948,11,"039234",35
152.03,-25.17,1948,12,"039234",163.9
152.03,-25.17,1949,1,"039234",62.7
152.03,-25.17,1949,2,"039234",340.1
152.03,-25.17,1949,3,"039234",381.6
152.03,-25.17,1949,4,"039234",34.3
152.03,-25.17,1949,5,"039234",33
152.03,-25.17,1949,6,"039234",73.2
152.03,-25.17,1949,7,"039234",21.6
152.03,-25.17,1949,8,"039234",8.6
152.03,-25.17,1949,9,"039234",51.6
152.03,-25.17,1949,10,"039234",184.2
152.03,-25.17,1949,11,"039234",109.6
152.03,-25.17,1949,12,"039234",136.4
152.03,-25.17,1950,1,"039234",236
152.03,-25.17,1950,2,"039234",451.3
152.03,-25.17,1950,3,"039234",172.5
152.03,-25.17,1950,4,"039234",88.2
152.03,-25.17,1950,5,"039234",96.9
152.03,-25.17,1950,6,"039234",119.9
152.03,-25.17,1950,7,"039234",154.3
152.03,-25.17,1950,8,"039234",26
152.03,-25.17,1950,9,"039234",9.9
152.03,-25.17,1950,10,"039234",92.8
152.03,-25.17,1950,11,"039234",218.5
152.03,-25.17,1950,12,"039234",71.7
152.03,-25.17,1951,1,"039234",231.2
152.03,-25.17,1951,2,"039234",54.4
152.03,-25.17,1951,3,"039234",37.8
152.03,-25.17,1951,4,"039234",24.9
152.03,-25.17,1951,5,"039234",17.3
152.03,-25.17,1951,6,"039234",11.9
152.03,-25.17,1951,7,"039234",6.6
152.03,-25.17,1951,8,"039234",14.3
152.03,-25.17,1951,9,"039234",32
152.03,-25.17,1951,10,"039234",19.3
152.03,-25.17,1951,11,"039234",7.1
152.03,-25.17,1951,12,"039234",35.6
152.03,-25.17,1952,1,"039234",101.3
152.03,-25.17,1952,2,"039234",48.8
152.03,-25.17,1952,3,"039234",197.5
152.03,-25.17,1952,4,"039234",81.2
152.03,-25.17,1952,5,"039234",142.9
152.03,-25.17,1952,6,"039234",68.1
152.03,-25.17,1952,7,"039234",31.8
152.03,-25.17,1952,8,"039234",30.2
152.03,-25.17,1952,9,"039234",29.6
152.03,-25.17,1952,10,"039234",77.5
152.03,-25.17,1952,11,"039234",124.2
152.03,-25.17,1952,12,"039234",51.7
152.03,-25.17,1953,1,"039234",114.4
152.03,-25.17,1953,2,"039234",225.4
152.03,-25.17,1953,3,"039234",211.5
152.03,-25.17,1953,4,"039234",41.7
152.03,-25.17,1953,5,"039234",24.6
152.03,-25.17,1953,6,"039234",20.6
152.03,-25.17,1953,7,"039234",0
152.03,-25.17,1953,8,"039234",121.7
152.03,-25.17,1953,9,"039234",6.3
152.03,-25.17,1953,10,"039234",76.5
152.03,-25.17,1953,11,"039234",144.5
152.03,-25.17,1953,12,"039234",33.6
152.03,-25.17,1954,1,"039234",111.9
152.03,-25.17,1954,2,"039234",410.7
152.03,-25.17,1954,3,"039234",11.2
152.03,-25.17,1954,4,"039234",33.8
152.03,-25.17,1954,5,"039234",30.3
152.03,-25.17,1954,6,"039234",26.4
152.03,-25.17,1954,7,"039234",245.2
152.03,-25.17,1954,8,"039234",63.5
152.03,-25.17,1954,9,"039234",62.6
152.03,-25.17,1954,10,"039234",59
152.03,-25.17,1954,11,"039234",24.2
152.03,-25.17,1954,12,"039234",35.6
152.03,-25.17,1955,1,"039234",47
152.03,-25.17,1955,2,"039234",200
152.03,-25.17,1955,3,"039234",286.5
152.03,-25.17,1955,4,"039234",105.8
152.03,-25.17,1955,5,"039234",NA
152.03,-25.17,1955,6,"039234",NA
152.03,-25.17,1955,7,"039234",NA
152.03,-25.17,1955,8,"039234",NA
152.03,-25.17,1955,9,"039234",NA
152.03,-25.17,1955,10,"039234",NA
152.03,-25.17,1955,11,"039234",NA
152.03,-25.17,1955,12,"039234",NA
152.03,-25.17,1956,1,"039234",NA
152.03,-25.17,1956,2,"039234",NA
152.03,-25.17,1956,3,"039234",NA
152.03,-25.17,1956,4,"039234",NA
152.03,-25.17,1956,5,"039234",NA
152.03,-25.17,1956,6,"039234",NA
152.03,-25.17,1956,7,"039234",NA
152.03,-25.17,1956,8,"039234",0
152.03,-25.17,1956,9,"039234",17.3
152.03,-25.17,1956,10,"039234",36.6
152.03,-25.17,1956,11,"039234",34.5
152.03,-25.17,1956,12,"039234",371.6
152.03,-25.17,1957,1,"039234",24.4
152.03,-25.17,1957,2,"039234",42.5
152.03,-25.17,1957,3,"039234",55.2
152.03,-25.17,1957,4,"039234",6.8
152.03,-25.17,1957,5,"039234",1.8
152.03,-25.17,1957,6,"039234",19.6
152.03,-25.17,1957,7,"039234",19.6
152.03,-25.17,1957,8,"039234",48.6
152.03,-25.17,1957,9,"039234",0
152.03,-25.17,1957,10,"039234",53.3
152.03,-25.17,1957,11,"039234",23.6
152.03,-25.17,1957,12,"039234",38.6
152.03,-25.17,1958,1,"039234",82.5
152.03,-25.17,1958,2,"039234",250.2
152.03,-25.17,1958,3,"039234",78.7
152.03,-25.17,1958,4,"039234",177.7
152.03,-25.17,1958,5,"039234",3.3
152.03,-25.17,1958,6,"039234",186.1
152.03,-25.17,1958,7,"039234",2.3
152.03,-25.17,1958,8,"039234",33.6
152.03,-25.17,1958,9,"039234",39.3
152.03,-25.17,1958,10,"039234",38.6
152.03,-25.17,1958,11,"039234",35.6
152.03,-25.17,1958,12,"039234",190.8
152.03,-25.17,1959,1,"039234",325.2
152.03,-25.17,1959,2,"039234",158.1
152.03,-25.17,1959,3,"039234",134.2
152.03,-25.17,1959,4,"039234",15.5
152.03,-25.17,1959,5,"039234",69.2
152.03,-25.17,1959,6,"039234",5
152.03,-25.17,1959,7,"039234",54.9
152.03,-25.17,1959,8,"039234",17.4
152.03,-25.17,1959,9,"039234",43.6
152.03,-25.17,1959,10,"039234",58.9
152.03,-25.17,1959,11,"039234",137.1
152.03,-25.17,1959,12,"039234",212.3
152.03,-25.17,1960,1,"039234",114
152.03,-25.17,1960,2,"039234",107.1
152.03,-25.17,1960,3,"039234",10.7
152.03,-25.17,1960,4,"039234",45.5
152.03,-25.17,1960,5,"039234",50.8
152.03,-25.17,1960,6,"039234",2
152.03,-25.17,1960,7,"039234",20.8
152.03,-25.17,1960,8,"039234",22.4
152.03,-25.17,1960,9,"039234",3.1
152.03,-25.17,1960,10,"039234",50.9
152.03,-25.17,1960,11,"039234",72.4
152.03,-25.17,1960,12,"039234",29.3
152.03,-25.17,1961,1,"039234",124.1
152.03,-25.17,1961,2,"039234",149
152.03,-25.17,1961,3,"039234",96.5
152.03,-25.17,1961,4,"039234",61.5
152.03,-25.17,1961,5,"039234",25.9
152.03,-25.17,1961,6,"039234",8.6
152.03,-25.17,1961,7,"039234",26.6
152.03,-25.17,1961,8,"039234",19.1
152.03,-25.17,1961,9,"039234",10.4
152.03,-25.17,1961,10,"039234",117.3
152.03,-25.17,1961,11,"039234",189
152.03,-25.17,1961,12,"039234",91.5
152.03,-25.17,1962,1,"039234",126.6
152.03,-25.17,1962,2,"039234",168.3
152.03,-25.17,1962,3,"039234",165
152.03,-25.17,1962,4,"039234",70.9
152.03,-25.17,1962,5,"039234",36.7
152.03,-25.17,1962,6,"039234",40.5
152.03,-25.17,1962,7,"039234",32.5
152.03,-25.17,1962,8,"039234",23.9
152.03,-25.17,1962,9,"039234",48
152.03,-25.17,1962,10,"039234",33.6
152.03,-25.17,1962,11,"039234",48.2
152.03,-25.17,1962,12,"039234",227.8
152.03,-25.17,1963,1,"039234",84.4
152.03,-25.17,1963,2,"039234",85
152.03,-25.17,1963,3,"039234",169
152.03,-25.17,1963,4,"039234",30.9
152.03,-25.17,1963,5,"039234",32
152.03,-25.17,1963,6,"039234",33.5
152.03,-25.17,1963,7,"039234",1.3
152.03,-25.17,1963,8,"039234",33.8
152.03,-25.17,1963,9,"039234",16.1
152.03,-25.17,1963,10,"039234",30.2
152.03,-25.17,1963,11,"039234",61.9
152.03,-25.17,1963,12,"039234",144.7
152.03,-25.17,1964,1,"039234",124
152.03,-25.17,1964,2,"039234",84.9
152.03,-25.17,1964,3,"039234",64.8
152.03,-25.17,1964,4,"039234",42.9
152.03,-25.17,1964,5,"039234",46
152.03,-25.17,1964,6,"039234",31
152.03,-25.17,1964,7,"039234",92.8
152.03,-25.17,1964,8,"039234",36.1
152.03,-25.17,1964,9,"039234",103
152.03,-25.17,1964,10,"039234",90.2
152.03,-25.17,1964,11,"039234",65.1
152.03,-25.17,1964,12,"039234",60.7
152.03,-25.17,1965,1,"039234",91
152.03,-25.17,1965,2,"039234",30.2
152.03,-25.17,1965,3,"039234",7.1
152.03,-25.17,1965,4,"039234",117.5
152.03,-25.17,1965,5,"039234",33.6
152.03,-25.17,1965,6,"039234",84.8
152.03,-25.17,1965,7,"039234",0
152.03,-25.17,1965,8,"039234",70.4
152.03,-25.17,1965,9,"039234",39.6
152.03,-25.17,1965,10,"039234",127.5
152.03,-25.17,1965,11,"039234",41.9
152.03,-25.17,1965,12,"039234",43.8
152.03,-25.17,1966,1,"039234",89.1
152.03,-25.17,1966,2,"039234",181.3
152.03,-25.17,1966,3,"039234",39.2
152.03,-25.17,1966,4,"039234",89.7
152.03,-25.17,1966,5,"039234",11.3
152.03,-25.17,1966,6,"039234",112.1
152.03,-25.17,1966,7,"039234",39.5
152.03,-25.17,1966,8,"039234",62.7
152.03,-25.17,1966,9,"039234",32.2
152.03,-25.17,1966,10,"039234",118.9
152.03,-25.17,1966,11,"039234",47.1
152.03,-25.17,1966,12,"039234",125.5
152.03,-25.17,1967,1,"039234",241.5
152.03,-25.17,1967,2,"039234",108
152.03,-25.17,1967,3,"039234",88.5
152.03,-25.17,1967,4,"039234",15.2
152.03,-25.17,1967,5,"039234",61.9
152.03,-25.17,1967,6,"039234",221.4
152.03,-25.17,1967,7,"039234",53.8
152.03,-25.17,1967,8,"039234",27.2
152.03,-25.17,1967,9,"039234",0
152.03,-25.17,1967,10,"039234",67.9
152.03,-25.17,1967,11,"039234",81.9
152.03,-25.17,1967,12,"039234",81.9
152.03,-25.17,1968,1,"039234",387.3
152.03,-25.17,1968,2,"039234",92.9
152.03,-25.17,1968,3,"039234",199.4
152.03,-25.17,1968,4,"039234",47.5
152.03,-25.17,1968,5,"039234",66.5
152.03,-25.17,1968,6,"039234",2
152.03,-25.17,1968,7,"039234",30
152.03,-25.17,1968,8,"039234",50.9
152.03,-25.17,1968,9,"039234",24.9
152.03,-25.17,1968,10,"039234",10.4
152.03,-25.17,1968,11,"039234",114.2
152.03,-25.17,1968,12,"039234",120.7
152.03,-25.17,1969,1,"039234",6.6
152.03,-25.17,1969,2,"039234",60.4
152.03,-25.17,1969,3,"039234",17
152.03,-25.17,1969,4,"039234",13.8
152.03,-25.17,1969,5,"039234",107.6
152.03,-25.17,1969,6,"039234",10.7
152.03,-25.17,1969,7,"039234",19.8
152.03,-25.17,1969,8,"039234",46.2
152.03,-25.17,1969,9,"039234",12.2
152.03,-25.17,1969,10,"039234",165.7
152.03,-25.17,1969,11,"039234",160.4
152.03,-25.17,1969,12,"039234",135.6
152.03,-25.17,1970,1,"039234",191.4
152.03,-25.17,1970,2,"039234",121.3
152.03,-25.17,1970,3,"039234",28.2
152.03,-25.17,1970,4,"039234",25.2
152.03,-25.17,1970,5,"039234",0
152.03,-25.17,1970,6,"039234",44.9
152.03,-25.17,1970,7,"039234",4.6
152.03,-25.17,1970,8,"039234",10.9
152.03,-25.17,1970,9,"039234",60.5
152.03,-25.17,1970,10,"039234",42
152.03,-25.17,1970,11,"039234",184.7
152.03,-25.17,1970,12,"039234",200.1
152.03,-25.17,1971,1,"039234",382.1
152.03,-25.17,1971,2,"039234",632.3
152.03,-25.17,1971,3,"039234",18.8
152.03,-25.17,1971,4,"039234",41.4
152.03,-25.17,1971,5,"039234",17.3
152.03,-25.17,1971,6,"039234",12.7
152.03,-25.17,1971,7,"039234",18.8
152.03,-25.17,1971,8,"039234",85.8
152.03,-25.17,1971,9,"039234",56.9
152.03,-25.17,1971,10,"039234",73.8
152.03,-25.17,1971,11,"039234",49
152.03,-25.17,1971,12,"039234",130.8
152.03,-25.17,1972,1,"039234",102.9
152.03,-25.17,1972,2,"039234",152.3
152.03,-25.17,1972,3,"039234",57.8
152.03,-25.17,1972,4,"039234",235.4
152.03,-25.17,1972,5,"039234",54.6
152.03,-25.17,1972,6,"039234",22.3
152.03,-25.17,1972,7,"039234",1.3
152.03,-25.17,1972,8,"039234",0
152.03,-25.17,1972,9,"039234",8.4
152.03,-25.17,1972,10,"039234",118.8
152.03,-25.17,1972,11,"039234",112.6
152.03,-25.17,1972,12,"039234",2.5
152.03,-25.17,1973,1,"039234",268.5
152.03,-25.17,1973,2,"039234",215.2
152.03,-25.17,1973,3,"039234",81.9
152.03,-25.17,1973,4,"039234",15
152.03,-25.17,1973,5,"039234",41.9
152.03,-25.17,1973,6,"039234",16.3
152.03,-25.17,1973,7,"039234",225.1
152.03,-25.17,1973,8,"039234",37.4
152.03,-25.17,1973,9,"039234",54.1
152.03,-25.17,1973,10,"039234",55.6
152.03,-25.17,1973,11,"039234",41.2
152.03,-25.17,1973,12,"039234",200.4
152.03,-25.17,1974,1,"039234",518.4
152.03,-25.17,1974,2,"039234",76
152.03,-25.17,1974,3,"039234",82.6
152.03,-25.17,1974,4,"039234",21.2
152.03,-25.17,1974,5,"039234",33.8
152.03,-25.17,1974,6,"039234",7.4
152.03,-25.17,1974,7,"039234",0
152.03,-25.17,1974,8,"039234",34.8
152.03,-25.17,1974,9,"039234",56.8
152.03,-25.17,1974,10,"039234",72.2
152.03,-25.17,1974,11,"039234",353.6
152.03,-25.17,1974,12,"039234",9.4
152.03,-25.17,1975,1,"039234",80.8
152.03,-25.17,1975,2,"039234",93.7
152.03,-25.17,1975,3,"039234",65.8
152.03,-25.17,1975,4,"039234",134.2
152.03,-25.17,1975,5,"039234",0
152.03,-25.17,1975,6,"039234",38.5
152.03,-25.17,1975,7,"039234",14.4
152.03,-25.17,1975,8,"039234",51.4
152.03,-25.17,1975,9,"039234",14
152.03,-25.17,1975,10,"039234",62.5
152.03,-25.17,1975,11,"039234",40.4
152.03,-25.17,1975,12,"039234",135.2
152.03,-25.17,1976,1,"039234",176.6
152.03,-25.17,1976,2,"039234",96.8
152.03,-25.17,1976,3,"039234",174.6
152.03,-25.17,1976,4,"039234",56.8
152.03,-25.17,1976,5,"039234",23.6
152.03,-25.17,1976,6,"039234",27.2
152.03,-25.17,1976,7,"039234",35.2
152.03,-25.17,1976,8,"039234",2.6
152.03,-25.17,1976,9,"039234",63.2
152.03,-25.17,1976,10,"039234",47.8
152.03,-25.17,1976,11,"039234",180.6
152.03,-25.17,1976,12,"039234",232.6
152.03,-25.17,1977,1,"039234",31.6
152.03,-25.17,1977,2,"039234",68.8
152.03,-25.17,1977,3,"039234",137.2
152.03,-25.17,1977,4,"039234",37
152.03,-25.17,1977,5,"039234",85
152.03,-25.17,1977,6,"039234",14.2
152.03,-25.17,1977,7,"039234",4
152.03,-25.17,1977,8,"039234",2.6
152.03,-25.17,1977,9,"039234",4
152.03,-25.17,1977,10,"039234",13
152.03,-25.17,1977,11,"039234",117.8
152.03,-25.17,1977,12,"039234",55
152.03,-25.17,1978,1,"039234",75.6
152.03,-25.17,1978,2,"039234",33.8
152.03,-25.17,1978,3,"039234",70.2
152.03,-25.17,1978,4,"039234",30.4
152.03,-25.17,1978,5,"039234",83.8
152.03,-25.17,1978,6,"039234",58.6
152.03,-25.17,1978,7,"039234",99.2
152.03,-25.17,1978,8,"039234",56.6
152.03,-25.17,1978,9,"039234",78.8
152.03,-25.17,1978,10,"039234",14.6
152.03,-25.17,1978,11,"039234",140.8
152.03,-25.17,1978,12,"039234",100.8
152.03,-25.17,1979,1,"039234",83.6
152.03,-25.17,1979,2,"039234",96.8
152.03,-25.17,1979,3,"039234",88.1
152.03,-25.17,1979,4,"039234",113.6
152.03,-25.17,1979,5,"039234",18.4
152.03,-25.17,1979,6,"039234",49.3
152.03,-25.17,1979,7,"039234",9
152.03,-25.17,1979,8,"039234",0
152.03,-25.17,1979,9,"039234",0
152.03,-25.17,1979,10,"039234",109.7
152.03,-25.17,1979,11,"039234",78.8
152.03,-25.17,1979,12,"039234",51.6
152.03,-25.17,1980,1,"039234",224.6
152.03,-25.17,1980,2,"039234",65.2
152.03,-25.17,1980,3,"039234",45.8
152.03,-25.17,1980,4,"039234",8.2
152.03,-25.17,1980,5,"039234",72
152.03,-25.17,1980,6,"039234",7.4
152.03,-25.17,1980,7,"039234",37.4
152.03,-25.17,1980,8,"039234",16.6
152.03,-25.17,1980,9,"039234",0
152.03,-25.17,1980,10,"039234",54.3
152.03,-25.17,1980,11,"039234",31.4
152.03,-25.17,1980,12,"039234",102.3
152.03,-25.17,1981,1,"039234",181.6
152.03,-25.17,1981,2,"039234",277.4
152.03,-25.17,1981,3,"039234",35.9
152.03,-25.17,1981,4,"039234",53.2
152.03,-25.17,1981,5,"039234",84.5
152.03,-25.17,1981,6,"039234",31
152.03,-25.17,1981,7,"039234",27.2
152.03,-25.17,1981,8,"039234",0
152.03,-25.17,1981,9,"039234",11.4
152.03,-25.17,1981,10,"039234",33
152.03,-25.17,1981,11,"039234",352.8
152.03,-25.17,1981,12,"039234",174.4
152.03,-25.17,1982,1,"039234",161.6
152.03,-25.17,1982,2,"039234",136.1
152.03,-25.17,1982,3,"039234",192.3
152.03,-25.17,1982,4,"039234",38.8
152.03,-25.17,1982,5,"039234",70.6
152.03,-25.17,1982,6,"039234",3.4
152.03,-25.17,1982,7,"039234",14.2
152.03,-25.17,1982,8,"039234",27.7
152.03,-25.17,1982,9,"039234",46.6
152.03,-25.17,1982,10,"039234",48.6
152.03,-25.17,1982,11,"039234",4
152.03,-25.17,1982,12,"039234",61.4
152.03,-25.17,1983,1,"039234",82.2
152.03,-25.17,1983,2,"039234",16
152.03,-25.17,1983,3,"039234",130.7
152.03,-25.17,1983,4,"039234",171.9
152.03,-25.17,1983,5,"039234",264.3
152.03,-25.17,1983,6,"039234",68.1
152.03,-25.17,1983,7,"039234",27
152.03,-25.17,1983,8,"039234",43.4
152.03,-25.17,1983,9,"039234",23
152.03,-25.17,1983,10,"039234",54.4
152.03,-25.17,1983,11,"039234",144.3
152.03,-25.17,1983,12,"039234",18
152.03,-25.17,1984,1,"039234",148.8
152.03,-25.17,1984,2,"039234",58.8
152.03,-25.17,1984,3,"039234",80.8
152.03,-25.17,1984,4,"039234",49.4
152.03,-25.17,1984,5,"039234",1.8
152.03,-25.17,1984,6,"039234",35
152.03,-25.17,1984,7,"039234",112.2
152.03,-25.17,1984,8,"039234",15
152.03,-25.17,1984,9,"039234",54.5
152.03,-25.17,1984,10,"039234",88.3
152.03,-25.17,1984,11,"039234",88.7
152.03,-25.17,1984,12,"039234",101.6
152.03,-25.17,1985,1,"039234",59.5
152.03,-25.17,1985,2,"039234",60
152.03,-25.17,1985,3,"039234",187.4
152.03,-25.17,1985,4,"039234",25.4
152.03,-25.17,1985,5,"039234",32.8
152.03,-25.17,1985,6,"039234",161
152.03,-25.17,1985,7,"039234",50.2
152.03,-25.17,1985,8,"039234",19.8
152.03,-25.17,1985,9,"039234",58.9
152.03,-25.17,1985,10,"039234",75.3
152.03,-25.17,1985,11,"039234",35.8
152.03,-25.17,1985,12,"039234",231.5
152.03,-25.17,1986,1,"039234",97.2
152.03,-25.17,1986,2,"039234",138.9
152.03,-25.17,1986,3,"039234",8.8
152.03,-25.17,1986,4,"039234",70.8
152.03,-25.17,1986,5,"039234",43.3
152.03,-25.17,1986,6,"039234",7.2
152.03,-25.17,1986,7,"039234",58.9
152.03,-25.17,1986,8,"039234",80.5
152.03,-25.17,1986,9,"039234",7.8
152.03,-25.17,1986,10,"039234",148.4
152.03,-25.17,1986,11,"039234",140.2
152.03,-25.17,1986,12,"039234",184.1
152.03,-25.17,1987,1,"039234",219.8
152.03,-25.17,1987,2,"039234",44.6
152.03,-25.17,1987,3,"039234",71.6
152.03,-25.17,1987,4,"039234",14.2
152.03,-25.17,1987,5,"039234",82.9
152.03,-25.17,1987,6,"039234",17
152.03,-25.17,1987,7,"039234",50
152.03,-25.17,1987,8,"039234",15.6
152.03,-25.17,1987,9,"039234",4.4
152.03,-25.17,1987,10,"039234",149.4
152.03,-25.17,1987,11,"039234",41.9
152.03,-25.17,1987,12,"039234",80
152.03,-25.17,1988,1,"039234",47
152.03,-25.17,1988,2,"039234",43.2
152.03,-25.17,1988,3,"039234",49.8
152.03,-25.17,1988,4,"039234",132.2
152.03,-25.17,1988,5,"039234",25.2
152.03,-25.17,1988,6,"039234",43.8
152.03,-25.17,1988,7,"039234",140.2
152.03,-25.17,1988,8,"039234",88
152.03,-25.17,1988,9,"039234",26.4
152.03,-25.17,1988,10,"039234",27.2
152.03,-25.17,1988,11,"039234",32.4
152.03,-25.17,1988,12,"039234",231.6
152.03,-25.17,1989,1,"039234",22
152.03,-25.17,1989,2,"039234",40.2
152.03,-25.17,1989,3,"039234",162.5
152.03,-25.17,1989,4,"039234",182.8
152.03,-25.17,1989,5,"039234",92.7
152.03,-25.17,1989,6,"039234",36.4
152.03,-25.17,1989,7,"039234",52.9
152.03,-25.17,1989,8,"039234",67
152.03,-25.17,1989,9,"039234",14.2
152.03,-25.17,1989,10,"039234",45.4
152.03,-25.17,1989,11,"039234",30.8
152.03,-25.17,1989,12,"039234",65.6
152.03,-25.17,1990,1,"039234",10.7
152.03,-25.17,1990,2,"039234",54.6
152.03,-25.17,1990,3,"039234",98
152.03,-25.17,1990,4,"039234",166.5
152.03,-25.17,1990,5,"039234",104.2
152.03,-25.17,1990,6,"039234",46
152.03,-25.17,1990,7,"039234",31.2
152.03,-25.17,1990,8,"039234",14.4
152.03,-25.17,1990,9,"039234",4.8
152.03,-25.17,1990,10,"039234",16
152.03,-25.17,1990,11,"039234",23
152.03,-25.17,1990,12,"039234",25.6
152.03,-25.17,1991,1,"039234",123.6
152.03,-25.17,1991,2,"039234",46.2
152.03,-25.17,1991,3,"039234",61
152.03,-25.17,1991,4,"039234",0
152.03,-25.17,1991,5,"039234",30.4
152.03,-25.17,1991,6,"039234",6.4
152.03,-25.17,1991,7,"039234",16.8
152.03,-25.17,1991,8,"039234",0
152.03,-25.17,1991,9,"039234",0
152.03,-25.17,1991,10,"039234",76.6
152.03,-25.17,1991,11,"039234",95.2
152.03,-25.17,1991,12,"039234",261.2
152.03,-25.17,1992,1,"039234",97
152.03,-25.17,1992,2,"039234",210.8
152.03,-25.17,1992,3,"039234",269.2
152.03,-25.17,1992,4,"039234",30.2
152.03,-25.17,1992,5,"039234",123.2
152.03,-25.17,1992,6,"039234",14.2
152.03,-25.17,1992,7,"039234",10.2
152.03,-25.17,1992,8,"039234",27
152.03,-25.17,1992,9,"039234",84.8
152.03,-25.17,1992,10,"039234",23
152.03,-25.17,1992,11,"039234",108.3
152.03,-25.17,1992,12,"039234",103
152.03,-25.17,1995,1,"039234",76
152.03,-25.17,1995,2,"039234",188.8
152.03,-25.17,1995,3,"039234",26
152.03,-25.17,1995,4,"039234",28.4
152.03,-25.17,1995,5,"039234",56
152.03,-25.17,1995,6,"039234",11.2
152.03,-25.17,1995,7,"039234",7.8
152.03,-25.17,1995,8,"039234",29.4
152.03,-25.17,1995,9,"039234",0
152.03,-25.17,1995,10,"039234",110.6
152.03,-25.17,1995,11,"039234",114.8
152.03,-25.17,1995,12,"039234",162.4
152.03,-25.17,1996,1,"039234",357
152.03,-25.17,1996,2,"039234",8.4
152.03,-25.17,1996,3,"039234",0
152.03,-25.17,1996,4,"039234",20.2
152.03,-25.17,1996,5,"039234",97.4
152.03,-25.17,1996,6,"039234",23.4
152.03,-25.17,1996,7,"039234",15
152.03,-25.17,1996,8,"039234",41.4
152.03,-25.17,1996,9,"039234",49.4
152.03,-25.17,1996,10,"039234",44
152.03,-25.17,1996,11,"039234",NA
152.03,-25.17,1996,12,"039234",NA
152.03,-25.17,1997,1,"039234",46.6
152.03,-25.17,1997,2,"039234",59
152.03,-25.17,1997,3,"039234",31
152.03,-25.17,1997,4,"039234",NA
152.03,-25.17,1997,5,"039234",53.4
152.03,-25.17,1997,6,"039234",5.8
152.03,-25.17,1997,7,"039234",7.2
152.03,-25.17,1997,8,"039234",17.8
152.03,-25.17,1997,9,"039234",NA
152.03,-25.17,1997,10,"039234",NA
152.03,-25.17,1997,11,"039234",NA
152.03,-25.17,1997,12,"039234",NA
152.03,-25.17,1998,1,"039234",NA
152.03,-25.17,1998,2,"039234",NA
152.03,-25.17,1998,3,"039234",NA
152.03,-25.17,1998,4,"039234",NA
152.03,-25.17,1998,5,"039234",NA
152.03,-25.17,1998,6,"039234",NA
152.03,-25.17,1998,7,"039234",22
152.03,-25.17,1998,8,"039234",70.6
152.03,-25.17,1998,9,"039234",136
152.03,-25.17,1998,10,"039234",103.5
152.03,-25.17,1998,11,"039234",143.5
152.03,-25.17,1998,12,"039234",129.5
152.03,-25.17,1999,1,"039234",152.5
152.03,-25.17,1999,2,"039234",78.5
152.03,-25.17,1999,3,"039234",81.5
152.03,-25.17,1999,4,"039234",3
152.03,-25.17,1999,5,"039234",106.5
152.03,-25.17,1999,6,"039234",NA
152.03,-25.17,1999,7,"039234",91.4
152.03,-25.17,1999,8,"039234",43.4
152.03,-25.17,1999,9,"039234",47
152.03,-25.17,1999,10,"039234",121.8
152.03,-25.17,1999,11,"039234",25
152.03,-25.17,1999,12,"039234",97.5
152.03,-25.17,2000,1,"039234",175
152.03,-25.17,2000,2,"039234",NA
152.03,-25.17,2000,3,"039234",24
152.03,-25.17,2000,4,"039234",62.3
152.03,-25.17,2000,5,"039234",53.5
152.03,-25.17,2000,6,"039234",54
152.03,-25.17,2000,7,"039234",14.7
152.03,-25.17,2000,8,"039234",2
152.03,-25.17,2000,9,"039234",0
152.03,-25.17,2000,10,"039234",215
152.03,-25.17,2000,11,"039234",83.2
152.03,-25.17,2000,12,"039234",50.5
152.03,-25.17,2001,1,"039234",34.5
152.03,-25.17,2001,2,"039234",90
152.03,-25.17,2001,3,"039234",35.2
152.03,-25.17,2001,4,"039234",22.5
152.03,-25.17,2001,5,"039234",27
152.03,-25.17,2001,6,"039234",5.2
152.03,-25.17,2001,7,"039234",58
152.03,-25.17,2001,8,"039234",2.2
152.03,-25.17,2001,9,"039234",19.5
152.03,-25.17,2001,10,"039234",32.5
152.03,-25.17,2001,11,"039234",112.5
152.03,-25.17,2001,12,"039234",NA
152.03,-25.17,2002,1,"039234",NA
152.03,-25.17,2002,2,"039234",76.5
152.03,-25.17,2002,3,"039234",17.5
152.03,-25.17,2002,4,"039234",18.5
152.03,-25.17,2002,5,"039234",NA
152.03,-25.17,2002,6,"039234",152
152.03,-25.17,2002,7,"039234",0
152.03,-25.17,2002,8,"039234",60.6
152.03,-25.17,2002,9,"039234",3.5
152.03,-25.17,2002,10,"039234",24.4
152.03,-25.17,2002,11,"039234",51.5
152.03,-25.17,2002,12,"039234",130
152.03,-25.17,2003,1,"039234",0
152.03,-25.17,2003,2,"039234",258
152.03,-25.17,2003,3,"039234",NA
152.03,-25.17,2003,4,"039234",NA
152.03,-25.17,2003,5,"039234",19.5
152.03,-25.17,2003,6,"039234",0
152.03,-25.17,2003,7,"039234",14
152.03,-25.17,2003,8,"039234",26
152.03,-25.17,2003,9,"039234",1.5
152.03,-25.17,2003,10,"039234",62.5
152.03,-25.17,2003,11,"039234",NA
152.03,-25.17,2003,12,"039234",NA
