"Lon","Lat","Year","Month","Station","Rain"
117.68,-22.28,1912,1,"005005",27.2
117.68,-22.28,1912,2,"005005",41.1
117.68,-22.28,1912,3,"005005",115.8
117.68,-22.28,1912,4,"005005",0
117.68,-22.28,1912,5,"005005",0
117.68,-22.28,1912,6,"005005",0
117.68,-22.28,1912,7,"005005",3.8
117.68,-22.28,1912,8,"005005",0
117.68,-22.28,1912,9,"005005",0
117.68,-22.28,1912,10,"005005",0
117.68,-22.28,1912,11,"005005",0
117.68,-22.28,1912,12,"005005",19.6
117.68,-22.28,1913,1,"005005",110.5
117.68,-22.28,1913,2,"005005",20.6
117.68,-22.28,1913,3,"005005",37.4
117.68,-22.28,1913,4,"005005",11.4
117.68,-22.28,1913,5,"005005",0
117.68,-22.28,1913,6,"005005",29
117.68,-22.28,1913,7,"005005",19.6
117.68,-22.28,1913,8,"005005",0
117.68,-22.28,1913,9,"005005",0
117.68,-22.28,1913,10,"005005",0
117.68,-22.28,1913,11,"005005",1.5
117.68,-22.28,1913,12,"005005",9.2
117.68,-22.28,1914,1,"005005",84.6
117.68,-22.28,1914,2,"005005",83.2
117.68,-22.28,1914,3,"005005",0
117.68,-22.28,1914,4,"005005",3.8
117.68,-22.28,1914,5,"005005",6.1
117.68,-22.28,1914,6,"005005",0
117.68,-22.28,1914,7,"005005",26.2
117.68,-22.28,1914,8,"005005",0
117.68,-22.28,1914,9,"005005",0
117.68,-22.28,1914,10,"005005",0
117.68,-22.28,1914,11,"005005",60.1
117.68,-22.28,1914,12,"005005",16.5
117.68,-22.28,1915,1,"005005",245.2
117.68,-22.28,1915,2,"005005",144.8
117.68,-22.28,1915,3,"005005",47.5
117.68,-22.28,1915,4,"005005",21.5
117.68,-22.28,1915,5,"005005",0
117.68,-22.28,1915,6,"005005",85.9
117.68,-22.28,1915,7,"005005",0
117.68,-22.28,1915,8,"005005",0
117.68,-22.28,1915,9,"005005",0
117.68,-22.28,1915,10,"005005",12.7
117.68,-22.28,1915,11,"005005",29.1
117.68,-22.28,1915,12,"005005",27.5
117.68,-22.28,1916,1,"005005",4.1
117.68,-22.28,1916,2,"005005",71.6
117.68,-22.28,1916,3,"005005",49
117.68,-22.28,1916,4,"005005",0
117.68,-22.28,1916,5,"005005",34.5
117.68,-22.28,1916,6,"005005",24.2
117.68,-22.28,1916,7,"005005",0
117.68,-22.28,1916,8,"005005",0
117.68,-22.28,1916,9,"005005",0
117.68,-22.28,1916,10,"005005",92.8
117.68,-22.28,1916,11,"005005",13.2
117.68,-22.28,1916,12,"005005",0
117.68,-22.28,1917,1,"005005",181.1
117.68,-22.28,1917,2,"005005",15.7
117.68,-22.28,1917,3,"005005",398.5
117.68,-22.28,1917,4,"005005",14
117.68,-22.28,1917,5,"005005",0
117.68,-22.28,1917,6,"005005",0
117.68,-22.28,1917,7,"005005",5.6
117.68,-22.28,1917,8,"005005",0
117.68,-22.28,1917,9,"005005",0
117.68,-22.28,1917,10,"005005",9.6
117.68,-22.28,1917,11,"005005",0
117.68,-22.28,1917,12,"005005",25.7
117.68,-22.28,1918,1,"005005",103.5
117.68,-22.28,1918,2,"005005",214.8
117.68,-22.28,1918,3,"005005",0
117.68,-22.28,1918,4,"005005",5.1
117.68,-22.28,1918,5,"005005",9.7
117.68,-22.28,1918,6,"005005",3.3
117.68,-22.28,1918,7,"005005",0
117.68,-22.28,1918,8,"005005",14
117.68,-22.28,1918,9,"005005",0
117.68,-22.28,1918,10,"005005",0
117.68,-22.28,1918,11,"005005",0
117.68,-22.28,1918,12,"005005",25.1
117.68,-22.28,1919,1,"005005",15.2
117.68,-22.28,1919,2,"005005",44.2
117.68,-22.28,1919,3,"005005",0
117.68,-22.28,1919,4,"005005",18.3
117.68,-22.28,1919,5,"005005",0
117.68,-22.28,1919,6,"005005",6.9
117.68,-22.28,1919,7,"005005",0
117.68,-22.28,1919,8,"005005",21.8
117.68,-22.28,1919,9,"005005",5.3
117.68,-22.28,1919,10,"005005",0
117.68,-22.28,1919,11,"005005",74.4
117.68,-22.28,1919,12,"005005",59.7
117.68,-22.28,1920,1,"005005",0
117.68,-22.28,1920,2,"005005",19.8
117.68,-22.28,1920,3,"005005",138.9
117.68,-22.28,1920,4,"005005",97.4
117.68,-22.28,1920,5,"005005",0
117.68,-22.28,1920,6,"005005",51.3
117.68,-22.28,1920,7,"005005",0
117.68,-22.28,1920,8,"005005",3.8
117.68,-22.28,1920,9,"005005",42.9
117.68,-22.28,1920,10,"005005",0
117.68,-22.28,1920,11,"005005",24.9
117.68,-22.28,1920,12,"005005",0
117.68,-22.28,1921,1,"005005",0
117.68,-22.28,1921,2,"005005",135
117.68,-22.28,1921,3,"005005",66.8
117.68,-22.28,1921,4,"005005",14.8
117.68,-22.28,1921,5,"005005",72.6
117.68,-22.28,1921,6,"005005",16.5
117.68,-22.28,1921,7,"005005",5.1
117.68,-22.28,1921,8,"005005",33.3
117.68,-22.28,1921,9,"005005",0
117.68,-22.28,1921,10,"005005",0
117.68,-22.28,1921,11,"005005",13.7
117.68,-22.28,1921,12,"005005",6.6
117.68,-22.28,1922,1,"005005",5.3
117.68,-22.28,1922,2,"005005",37.8
117.68,-22.28,1922,3,"005005",108.5
117.68,-22.28,1922,4,"005005",7.6
117.68,-22.28,1922,5,"005005",51.6
117.68,-22.28,1922,6,"005005",3
117.68,-22.28,1922,7,"005005",0.3
117.68,-22.28,1922,8,"005005",0
117.68,-22.28,1922,9,"005005",0
117.68,-22.28,1922,10,"005005",0
117.68,-22.28,1922,11,"005005",2
117.68,-22.28,1922,12,"005005",2
117.68,-22.28,1923,1,"005005",165.4
117.68,-22.28,1923,2,"005005",16
117.68,-22.28,1923,3,"005005",136.3
117.68,-22.28,1923,4,"005005",18.5
117.68,-22.28,1923,5,"005005",6.6
117.68,-22.28,1923,6,"005005",33
117.68,-22.28,1923,7,"005005",29.2
117.68,-22.28,1923,8,"005005",0
117.68,-22.28,1923,9,"005005",0
117.68,-22.28,1923,10,"005005",0
117.68,-22.28,1923,11,"005005",0
117.68,-22.28,1923,12,"005005",32.5
117.68,-22.28,1924,1,"005005",67.8
117.68,-22.28,1924,2,"005005",4.8
117.68,-22.28,1924,3,"005005",0
117.68,-22.28,1924,4,"005005",10.4
117.68,-22.28,1924,5,"005005",11
117.68,-22.28,1924,6,"005005",11.5
117.68,-22.28,1924,7,"005005",2.3
117.68,-22.28,1924,8,"005005",0
117.68,-22.28,1924,9,"005005",0.3
117.68,-22.28,1924,10,"005005",0
117.68,-22.28,1924,11,"005005",3.8
117.68,-22.28,1924,12,"005005",0.5
117.68,-22.28,1925,1,"005005",175.9
117.68,-22.28,1925,2,"005005",38
117.68,-22.28,1925,3,"005005",32.3
117.68,-22.28,1925,4,"005005",0
117.68,-22.28,1925,5,"005005",11.8
117.68,-22.28,1925,6,"005005",0
117.68,-22.28,1925,7,"005005",0
117.68,-22.28,1925,8,"005005",0.8
117.68,-22.28,1925,9,"005005",1.3
117.68,-22.28,1925,10,"005005",0
117.68,-22.28,1925,11,"005005",16.3
117.68,-22.28,1925,12,"005005",64.2
117.68,-22.28,1926,1,"005005",10.5
117.68,-22.28,1926,2,"005005",87.3
117.68,-22.28,1926,3,"005005",53.7
117.68,-22.28,1926,4,"005005",0
117.68,-22.28,1926,5,"005005",13.3
117.68,-22.28,1926,6,"005005",0
117.68,-22.28,1926,7,"005005",0
117.68,-22.28,1926,8,"005005",0
117.68,-22.28,1926,9,"005005",0
117.68,-22.28,1926,10,"005005",0
117.68,-22.28,1926,11,"005005",21.1
117.68,-22.28,1926,12,"005005",30
117.68,-22.28,1927,1,"005005",10.7
117.68,-22.28,1927,2,"005005",39.1
117.68,-22.28,1927,3,"005005",118.6
117.68,-22.28,1927,4,"005005",0
117.68,-22.28,1927,5,"005005",6.1
117.68,-22.28,1927,6,"005005",99.3
117.68,-22.28,1927,7,"005005",22.9
117.68,-22.28,1927,8,"005005",0
117.68,-22.28,1927,9,"005005",0
117.68,-22.28,1927,10,"005005",0
117.68,-22.28,1927,11,"005005",0
117.68,-22.28,1927,12,"005005",22.1
117.68,-22.28,1928,1,"005005",0
117.68,-22.28,1928,2,"005005",132.8
117.68,-22.28,1928,3,"005005",7.6
117.68,-22.28,1928,4,"005005",0
117.68,-22.28,1928,5,"005005",0
117.68,-22.28,1928,6,"005005",71.1
117.68,-22.28,1928,7,"005005",7.6
117.68,-22.28,1928,8,"005005",0
117.68,-22.28,1928,9,"005005",0
117.68,-22.28,1928,10,"005005",0
117.68,-22.28,1928,11,"005005",0
117.68,-22.28,1928,12,"005005",17.8
117.68,-22.28,1929,1,"005005",16
117.68,-22.28,1929,2,"005005",154.9
117.68,-22.28,1929,3,"005005",135.1
117.68,-22.28,1929,4,"005005",0
117.68,-22.28,1929,5,"005005",27.9
117.68,-22.28,1929,6,"005005",33
117.68,-22.28,1929,7,"005005",0
117.68,-22.28,1929,8,"005005",14.5
117.68,-22.28,1929,9,"005005",0
117.68,-22.28,1929,10,"005005",0
117.68,-22.28,1929,11,"005005",0
117.68,-22.28,1929,12,"005005",12.7
117.68,-22.28,1930,1,"005005",3.8
117.68,-22.28,1930,2,"005005",16.8
117.68,-22.28,1930,3,"005005",125.2
117.68,-22.28,1930,4,"005005",9.1
117.68,-22.28,1930,5,"005005",6.6
117.68,-22.28,1930,6,"005005",0
117.68,-22.28,1930,7,"005005",0
117.68,-22.28,1930,8,"005005",22.4
117.68,-22.28,1930,9,"005005",0
117.68,-22.28,1930,10,"005005",27.4
117.68,-22.28,1930,11,"005005",0
117.68,-22.28,1930,12,"005005",27.4
117.68,-22.28,1931,1,"005005",38.4
117.68,-22.28,1931,2,"005005",83.3
117.68,-22.28,1931,3,"005005",147.3
117.68,-22.28,1931,4,"005005",78.7
117.68,-22.28,1931,5,"005005",100.8
117.68,-22.28,1931,6,"005005",62.2
117.68,-22.28,1931,7,"005005",0
117.68,-22.28,1931,8,"005005",3.6
117.68,-22.28,1931,9,"005005",0
117.68,-22.28,1931,10,"005005",71.1
117.68,-22.28,1931,11,"005005",14.7
117.68,-22.28,1931,12,"005005",0
117.68,-22.28,1932,1,"005005",17
117.68,-22.28,1932,2,"005005",0
117.68,-22.28,1932,3,"005005",18.8
117.68,-22.28,1932,4,"005005",3.6
117.68,-22.28,1932,5,"005005",44.5
117.68,-22.28,1932,6,"005005",0
117.68,-22.28,1932,7,"005005",10.7
117.68,-22.28,1932,8,"005005",7.6
117.68,-22.28,1932,9,"005005",0
117.68,-22.28,1932,10,"005005",0
117.68,-22.28,1932,11,"005005",0
117.68,-22.28,1932,12,"005005",68.1
117.68,-22.28,1933,1,"005005",19.3
117.68,-22.28,1933,2,"005005",16.8
117.68,-22.28,1933,3,"005005",91.4
117.68,-22.28,1933,4,"005005",0
117.68,-22.28,1933,5,"005005",5.1
117.68,-22.28,1933,6,"005005",0
117.68,-22.28,1933,7,"005005",51.8
117.68,-22.28,1933,8,"005005",24.1
117.68,-22.28,1933,9,"005005",0
117.68,-22.28,1933,10,"005005",0
117.68,-22.28,1933,11,"005005",2
117.68,-22.28,1933,12,"005005",57.7
117.68,-22.28,1934,1,"005005",106.7
117.68,-22.28,1934,2,"005005",84.9
117.68,-22.28,1934,3,"005005",238
117.68,-22.28,1934,4,"005005",57.2
117.68,-22.28,1934,5,"005005",0
117.68,-22.28,1934,6,"005005",6.8
117.68,-22.28,1934,7,"005005",1.8
117.68,-22.28,1934,8,"005005",0
117.68,-22.28,1934,9,"005005",0
117.68,-22.28,1934,10,"005005",0
117.68,-22.28,1934,11,"005005",12.7
117.68,-22.28,1934,12,"005005",0
117.68,-22.28,1935,1,"005005",31
117.68,-22.28,1935,2,"005005",43.7
117.68,-22.28,1935,3,"005005",86.3
117.68,-22.28,1935,4,"005005",16.5
117.68,-22.28,1935,5,"005005",0
117.68,-22.28,1935,6,"005005",0
117.68,-22.28,1935,7,"005005",10.2
117.68,-22.28,1935,8,"005005",0
117.68,-22.28,1935,9,"005005",0
117.68,-22.28,1935,10,"005005",0
117.68,-22.28,1935,11,"005005",18.1
117.68,-22.28,1935,12,"005005",4.6
117.68,-22.28,1936,1,"005005",64.8
117.68,-22.28,1936,2,"005005",7.6
117.68,-22.28,1936,3,"005005",0
117.68,-22.28,1936,4,"005005",0
117.68,-22.28,1936,5,"005005",0
117.68,-22.28,1936,6,"005005",0
117.68,-22.28,1936,7,"005005",0
117.68,-22.28,1936,8,"005005",0
117.68,-22.28,1936,9,"005005",0
117.68,-22.28,1936,10,"005005",0
117.68,-22.28,1936,11,"005005",0
117.68,-22.28,1936,12,"005005",49.5
117.68,-22.28,1937,1,"005005",107.9
117.68,-22.28,1937,2,"005005",54.7
117.68,-22.28,1937,3,"005005",41.9
117.68,-22.28,1937,4,"005005",95.3
117.68,-22.28,1937,5,"005005",34.3
117.68,-22.28,1937,6,"005005",5
117.68,-22.28,1937,7,"005005",0
117.68,-22.28,1937,8,"005005",0
117.68,-22.28,1937,9,"005005",0
117.68,-22.28,1937,10,"005005",0
117.68,-22.28,1937,11,"005005",54.6
117.68,-22.28,1937,12,"005005",15.7
117.68,-22.28,1938,1,"005005",79.3
117.68,-22.28,1938,2,"005005",41.9
117.68,-22.28,1938,3,"005005",18.6
117.68,-22.28,1938,4,"005005",0
117.68,-22.28,1938,5,"005005",26.7
117.68,-22.28,1938,6,"005005",26.7
117.68,-22.28,1938,7,"005005",6.1
117.68,-22.28,1938,8,"005005",0
117.68,-22.28,1938,9,"005005",0
117.68,-22.28,1938,10,"005005",0
117.68,-22.28,1938,11,"005005",45.7
117.68,-22.28,1938,12,"005005",0
117.68,-22.28,1939,1,"005005",132.1
117.68,-22.28,1939,2,"005005",78.7
117.68,-22.28,1939,3,"005005",29.2
117.68,-22.28,1939,4,"005005",10.7
117.68,-22.28,1939,5,"005005",0
117.68,-22.28,1939,6,"005005",37.1
117.68,-22.28,1939,7,"005005",2.8
117.68,-22.28,1939,8,"005005",6.4
117.68,-22.28,1939,9,"005005",0
117.68,-22.28,1939,10,"005005",0
117.68,-22.28,1939,11,"005005",15.3
117.68,-22.28,1939,12,"005005",10.4
117.68,-22.28,1940,1,"005005",126.6
117.68,-22.28,1940,2,"005005",0
117.68,-22.28,1940,3,"005005",0
117.68,-22.28,1940,4,"005005",0
117.68,-22.28,1940,5,"005005",0
117.68,-22.28,1940,6,"005005",0
117.68,-22.28,1940,7,"005005",0
117.68,-22.28,1940,8,"005005",25.9
117.68,-22.28,1940,9,"005005",0
117.68,-22.28,1940,10,"005005",0
117.68,-22.28,1940,11,"005005",5.1
117.68,-22.28,1940,12,"005005",24.6
117.68,-22.28,1941,1,"005005",35.1
117.68,-22.28,1941,2,"005005",72.4
117.68,-22.28,1941,3,"005005",49.4
117.68,-22.28,1941,4,"005005",0
117.68,-22.28,1941,5,"005005",18.3
117.68,-22.28,1941,6,"005005",0
117.68,-22.28,1941,7,"005005",23.1
117.68,-22.28,1941,8,"005005",17.7
117.68,-22.28,1941,9,"005005",0
117.68,-22.28,1941,10,"005005",0
117.68,-22.28,1941,11,"005005",10.7
117.68,-22.28,1941,12,"005005",115.1
117.68,-22.28,1942,1,"005005",298.4
117.68,-22.28,1942,2,"005005",27.9
117.68,-22.28,1942,3,"005005",110.5
117.68,-22.28,1942,4,"005005",0
117.68,-22.28,1942,5,"005005",199.4
117.68,-22.28,1942,6,"005005",83.3
117.68,-22.28,1942,7,"005005",0
117.68,-22.28,1942,8,"005005",0
117.68,-22.28,1942,9,"005005",0
117.68,-22.28,1942,10,"005005",0
117.68,-22.28,1942,11,"005005",0
117.68,-22.28,1942,12,"005005",81.2
117.68,-22.28,1943,1,"005005",96.6
117.68,-22.28,1943,2,"005005",113
117.68,-22.28,1943,3,"005005",67.4
117.68,-22.28,1943,4,"005005",12.7
117.68,-22.28,1943,5,"005005",0
117.68,-22.28,1943,6,"005005",0
117.68,-22.28,1943,7,"005005",16.5
117.68,-22.28,1943,8,"005005",0
117.68,-22.28,1943,9,"005005",0
117.68,-22.28,1943,10,"005005",0
117.68,-22.28,1943,11,"005005",16.5
117.68,-22.28,1943,12,"005005",43.2
117.68,-22.28,1944,1,"005005",0
117.68,-22.28,1944,2,"005005",0
117.68,-22.28,1944,3,"005005",20.3
117.68,-22.28,1944,4,"005005",35.5
117.68,-22.28,1944,5,"005005",0
117.68,-22.28,1944,6,"005005",0
117.68,-22.28,1944,7,"005005",0
117.68,-22.28,1944,8,"005005",0
117.68,-22.28,1944,9,"005005",0
117.68,-22.28,1944,10,"005005",3.8
117.68,-22.28,1944,11,"005005",9.7
117.68,-22.28,1944,12,"005005",0
117.68,-22.28,1945,1,"005005",114.1
117.68,-22.28,1945,2,"005005",15.2
117.68,-22.28,1945,3,"005005",316.3
117.68,-22.28,1945,4,"005005",0
117.68,-22.28,1945,5,"005005",0
117.68,-22.28,1945,6,"005005",41.9
117.68,-22.28,1945,7,"005005",18
117.68,-22.28,1945,8,"005005",0
117.68,-22.28,1945,9,"005005",0
117.68,-22.28,1945,10,"005005",0
117.68,-22.28,1945,11,"005005",0
117.68,-22.28,1945,12,"005005",55.9
117.68,-22.28,1946,1,"005005",63.6
117.68,-22.28,1946,2,"005005",170.3
117.68,-22.28,1946,3,"005005",20.3
117.68,-22.28,1946,4,"005005",29.3
117.68,-22.28,1946,5,"005005",0
117.68,-22.28,1946,6,"005005",16.5
117.68,-22.28,1946,7,"005005",41.4
117.68,-22.28,1946,8,"005005",0
117.68,-22.28,1946,9,"005005",0
117.68,-22.28,1946,10,"005005",0
117.68,-22.28,1946,11,"005005",0
117.68,-22.28,1946,12,"005005",0
117.68,-22.28,1947,1,"005005",17.8
117.68,-22.28,1947,2,"005005",170.2
117.68,-22.28,1947,3,"005005",143.6
117.68,-22.28,1947,4,"005005",0
117.68,-22.28,1947,5,"005005",7.1
117.68,-22.28,1947,6,"005005",15.7
117.68,-22.28,1947,7,"005005",5
117.68,-22.28,1947,8,"005005",29.7
117.68,-22.28,1947,9,"005005",0
117.68,-22.28,1947,10,"005005",7.6
117.68,-22.28,1947,11,"005005",0
117.68,-22.28,1947,12,"005005",37.6
117.68,-22.28,1948,1,"005005",64.8
117.68,-22.28,1948,2,"005005",207.4
117.68,-22.28,1948,3,"005005",45.7
117.68,-22.28,1948,4,"005005",109.1
117.68,-22.28,1948,5,"005005",13.9
117.68,-22.28,1948,6,"005005",4.8
117.68,-22.28,1948,7,"005005",28.4
117.68,-22.28,1948,8,"005005",0
117.68,-22.28,1948,9,"005005",0
117.68,-22.28,1948,10,"005005",0
117.68,-22.28,1948,11,"005005",3.6
117.68,-22.28,1948,12,"005005",22.7
117.68,-22.28,1949,1,"005005",51.6
117.68,-22.28,1949,2,"005005",87.6
117.68,-22.28,1949,3,"005005",0
117.68,-22.28,1949,4,"005005",28
117.68,-22.28,1949,5,"005005",55.6
117.68,-22.28,1949,6,"005005",4.3
117.68,-22.28,1949,7,"005005",0
117.68,-22.28,1949,8,"005005",16
117.68,-22.28,1949,9,"005005",0
117.68,-22.28,1949,10,"005005",0
117.68,-22.28,1949,11,"005005",29.2
117.68,-22.28,1949,12,"005005",44.5
117.68,-22.28,1950,1,"005005",47.1
117.68,-22.28,1950,2,"005005",37.1
117.68,-22.28,1950,3,"005005",0
117.68,-22.28,1950,4,"005005",0
117.68,-22.28,1950,5,"005005",47.7
117.68,-22.28,1950,6,"005005",34.9
117.68,-22.28,1950,7,"005005",4.8
117.68,-22.28,1950,8,"005005",0
117.68,-22.28,1950,9,"005005",0
117.68,-22.28,1950,10,"005005",0
117.68,-22.28,1950,11,"005005",0
117.68,-22.28,1950,12,"005005",22.9
117.68,-22.28,1951,1,"005005",6.3
117.68,-22.28,1951,2,"005005",61.9
117.68,-22.28,1951,3,"005005",39.3
117.68,-22.28,1951,4,"005005",2.8
117.68,-22.28,1951,5,"005005",0
117.68,-22.28,1951,6,"005005",107.7
117.68,-22.28,1951,7,"005005",6.1
117.68,-22.28,1951,8,"005005",0
117.68,-22.28,1951,9,"005005",0
117.68,-22.28,1951,10,"005005",0
117.68,-22.28,1951,11,"005005",0
117.68,-22.28,1951,12,"005005",7.9
117.68,-22.28,1952,1,"005005",121.4
117.68,-22.28,1952,2,"005005",33.8
117.68,-22.28,1952,3,"005005",18
117.68,-22.28,1952,4,"005005",0
117.68,-22.28,1952,5,"005005",97.5
117.68,-22.28,1952,6,"005005",0
117.68,-22.28,1952,7,"005005",35
117.68,-22.28,1952,8,"005005",0
117.68,-22.28,1952,9,"005005",0
117.68,-22.28,1952,10,"005005",0
117.68,-22.28,1952,11,"005005",0
117.68,-22.28,1952,12,"005005",0
117.68,-22.28,1953,1,"005005",37.1
117.68,-22.28,1953,2,"005005",0
117.68,-22.28,1953,3,"005005",3.6
117.68,-22.28,1953,4,"005005",3.6
117.68,-22.28,1953,5,"005005",46.8
117.68,-22.28,1953,6,"005005",17.8
117.68,-22.28,1953,7,"005005",9.7
117.68,-22.28,1953,8,"005005",10.4
117.68,-22.28,1953,9,"005005",3
117.68,-22.28,1953,10,"005005",3
117.68,-22.28,1953,11,"005005",0.5
117.68,-22.28,1953,12,"005005",17.8
117.68,-22.28,1954,1,"005005",230.3
117.68,-22.28,1954,2,"005005",1.5
117.68,-22.28,1954,3,"005005",2.3
117.68,-22.28,1954,4,"005005",105.2
117.68,-22.28,1954,5,"005005",47.2
117.68,-22.28,1954,6,"005005",5.9
117.68,-22.28,1954,7,"005005",5.3
117.68,-22.28,1954,8,"005005",12.2
117.68,-22.28,1954,9,"005005",0
117.68,-22.28,1954,10,"005005",7.1
117.68,-22.28,1954,11,"005005",4.8
117.68,-22.28,1954,12,"005005",26.7
117.68,-22.28,1955,1,"005005",173.5
117.68,-22.28,1955,2,"005005",66
117.68,-22.28,1955,3,"005005",12.5
117.68,-22.28,1955,4,"005005",33.5
117.68,-22.28,1955,5,"005005",73.6
117.68,-22.28,1955,6,"005005",84.3
117.68,-22.28,1955,7,"005005",10.2
117.68,-22.28,1955,8,"005005",47
117.68,-22.28,1955,9,"005005",10.1
117.68,-22.28,1955,10,"005005",0
117.68,-22.28,1955,11,"005005",97.1
117.68,-22.28,1955,12,"005005",12.7
117.68,-22.28,1956,1,"005005",4.1
117.68,-22.28,1956,2,"005005",22.6
117.68,-22.28,1956,3,"005005",150.2
117.68,-22.28,1956,4,"005005",16.5
117.68,-22.28,1956,5,"005005",11.4
117.68,-22.28,1956,6,"005005",14
117.68,-22.28,1956,7,"005005",11.4
117.68,-22.28,1956,8,"005005",2.5
117.68,-22.28,1956,9,"005005",11.4
117.68,-22.28,1956,10,"005005",0
117.68,-22.28,1956,11,"005005",2.5
117.68,-22.28,1956,12,"005005",40.7
117.68,-22.28,1957,1,"005005",37.5
117.68,-22.28,1957,2,"005005",133.7
117.68,-22.28,1957,3,"005005",2.5
117.68,-22.28,1957,4,"005005",0
117.68,-22.28,1957,5,"005005",6.6
117.68,-22.28,1957,6,"005005",3.6
117.68,-22.28,1957,7,"005005",3.3
117.68,-22.28,1957,8,"005005",0
117.68,-22.28,1957,9,"005005",0
117.68,-22.28,1957,10,"005005",8.4
117.68,-22.28,1957,11,"005005",2.5
117.68,-22.28,1957,12,"005005",44.2
117.68,-22.28,1958,1,"005005",68.8
117.68,-22.28,1958,2,"005005",52.3
117.68,-22.28,1958,3,"005005",146.6
117.68,-22.28,1958,4,"005005",5.8
117.68,-22.28,1958,5,"005005",0.8
117.68,-22.28,1958,6,"005005",66.6
117.68,-22.28,1958,7,"005005",29.2
117.68,-22.28,1958,8,"005005",8.4
117.68,-22.28,1958,9,"005005",6.6
117.68,-22.28,1958,10,"005005",0
117.68,-22.28,1958,11,"005005",11.8
117.68,-22.28,1958,12,"005005",2.5
117.68,-22.28,1959,1,"005005",8.2
117.68,-22.28,1959,2,"005005",4.1
117.68,-22.28,1959,3,"005005",52.8
117.68,-22.28,1959,4,"005005",13.5
117.68,-22.28,1959,5,"005005",0
117.68,-22.28,1959,6,"005005",14.5
117.68,-22.28,1959,7,"005005",33.5
117.68,-22.28,1959,8,"005005",0
117.68,-22.28,1959,9,"005005",0
117.68,-22.28,1959,10,"005005",0
117.68,-22.28,1959,11,"005005",0
117.68,-22.28,1959,12,"005005",0
117.68,-22.28,1960,1,"005005",192.3
117.68,-22.28,1960,2,"005005",115.1
117.68,-22.28,1960,3,"005005",0
117.68,-22.28,1960,4,"005005",49.8
117.68,-22.28,1960,5,"005005",NA
117.68,-22.28,1960,6,"005005",NA
117.68,-22.28,1960,7,"005005",NA
117.68,-22.28,1960,8,"005005",NA
117.68,-22.28,1960,9,"005005",NA
117.68,-22.28,1960,10,"005005",NA
117.68,-22.28,1960,11,"005005",NA
117.68,-22.28,1960,12,"005005",NA
117.68,-22.28,1961,1,"005005",356.6
117.68,-22.28,1961,2,"005005",120.2
117.68,-22.28,1961,3,"005005",31.5
117.68,-22.28,1961,4,"005005",0
117.68,-22.28,1961,5,"005005",17.8
117.68,-22.28,1961,6,"005005",5.6
117.68,-22.28,1961,7,"005005",0
117.68,-22.28,1961,8,"005005",0
117.68,-22.28,1961,9,"005005",0
117.68,-22.28,1961,10,"005005",0
117.68,-22.28,1961,11,"005005",7.1
117.68,-22.28,1961,12,"005005",0
117.68,-22.28,1962,1,"005005",98.8
117.68,-22.28,1962,2,"005005",54.8
117.68,-22.28,1962,3,"005005",0
117.68,-22.28,1962,4,"005005",0
117.68,-22.28,1962,5,"005005",32.8
117.68,-22.28,1962,6,"005005",0
117.68,-22.28,1962,7,"005005",0
117.68,-22.28,1962,8,"005005",0
117.68,-22.28,1962,9,"005005",0
117.68,-22.28,1962,10,"005005",0
117.68,-22.28,1962,11,"005005",51.8
117.68,-22.28,1962,12,"005005",99.9
117.68,-22.28,1963,1,"005005",52.5
117.68,-22.28,1963,2,"005005",297.7
117.68,-22.28,1963,3,"005005",15.2
117.68,-22.28,1963,4,"005005",7.1
117.68,-22.28,1963,5,"005005",101.1
117.68,-22.28,1963,6,"005005",13.7
117.68,-22.28,1963,7,"005005",0
117.68,-22.28,1963,8,"005005",0
117.68,-22.28,1963,9,"005005",0
117.68,-22.28,1963,10,"005005",0
117.68,-22.28,1963,11,"005005",0
117.68,-22.28,1963,12,"005005",41.7
117.68,-22.28,1964,1,"005005",109.5
117.68,-22.28,1964,2,"005005",25.4
117.68,-22.28,1964,3,"005005",29
117.68,-22.28,1964,4,"005005",67.8
117.68,-22.28,1964,5,"005005",120.7
117.68,-22.28,1964,6,"005005",43.2
117.68,-22.28,1964,7,"005005",0
117.68,-22.28,1964,8,"005005",0
117.68,-22.28,1964,9,"005005",0
117.68,-22.28,1964,10,"005005",0
117.68,-22.28,1964,11,"005005",8.4
117.68,-22.28,1964,12,"005005",23.4
117.68,-22.28,1965,1,"005005",41.4
117.68,-22.28,1965,2,"005005",8.6
117.68,-22.28,1965,3,"005005",191.1
117.68,-22.28,1965,4,"005005",0
117.68,-22.28,1965,5,"005005",0
117.68,-22.28,1965,6,"005005",38.1
117.68,-22.28,1965,7,"005005",5.6
117.68,-22.28,1965,8,"005005",44.3
117.68,-22.28,1965,9,"005005",0
117.68,-22.28,1965,10,"005005",0
117.68,-22.28,1965,11,"005005",0
117.68,-22.28,1965,12,"005005",20.3
117.68,-22.28,1966,1,"005005",53.5
117.68,-22.28,1966,2,"005005",83.6
117.68,-22.28,1966,3,"005005",10.6
117.68,-22.28,1966,4,"005005",280.3
117.68,-22.28,1966,5,"005005",0
117.68,-22.28,1966,6,"005005",6.3
117.68,-22.28,1966,7,"005005",0
117.68,-22.28,1966,8,"005005",0
117.68,-22.28,1966,9,"005005",0
117.68,-22.28,1966,10,"005005",14
117.68,-22.28,1966,11,"005005",16.8
117.68,-22.28,1966,12,"005005",10.9
117.68,-22.28,1967,1,"005005",176.9
117.68,-22.28,1967,2,"005005",62.3
117.68,-22.28,1967,3,"005005",0
117.68,-22.28,1967,4,"005005",0
117.68,-22.28,1967,5,"005005",32
117.68,-22.28,1967,6,"005005",0
117.68,-22.28,1967,7,"005005",0
117.68,-22.28,1967,8,"005005",5.1
117.68,-22.28,1967,9,"005005",0
117.68,-22.28,1967,10,"005005",0
117.68,-22.28,1967,11,"005005",10.2
117.68,-22.28,1967,12,"005005",31.7
117.68,-22.28,1968,1,"005005",49.8
117.68,-22.28,1968,2,"005005",65.8
117.68,-22.28,1968,3,"005005",47.1
117.68,-22.28,1968,4,"005005",0
117.68,-22.28,1968,5,"005005",10.5
117.68,-22.28,1968,6,"005005",119.2
117.68,-22.28,1968,7,"005005",18.3
117.68,-22.28,1968,8,"005005",19.3
117.68,-22.28,1968,9,"005005",2
117.68,-22.28,1968,10,"005005",6.1
117.68,-22.28,1968,11,"005005",0
117.68,-22.28,1968,12,"005005",0
117.68,-22.28,1969,1,"005005",49.8
117.68,-22.28,1969,2,"005005",60.7
117.68,-22.28,1969,3,"005005",0
117.68,-22.28,1969,4,"005005",0
117.68,-22.28,1969,5,"005005",31.8
117.68,-22.28,1969,6,"005005",31.8
117.68,-22.28,1969,7,"005005",0
117.68,-22.28,1969,8,"005005",0
117.68,-22.28,1969,9,"005005",0
117.68,-22.28,1969,10,"005005",18.2
117.68,-22.28,1969,11,"005005",0
117.68,-22.28,1969,12,"005005",4.6
117.68,-22.28,1970,1,"005005",26.7
117.68,-22.28,1970,2,"005005",136
117.68,-22.28,1970,3,"005005",0
117.68,-22.28,1970,4,"005005",7.1
117.68,-22.28,1970,5,"005005",155.1
117.68,-22.28,1970,6,"005005",0
117.68,-22.28,1970,7,"005005",0
117.68,-22.28,1970,8,"005005",0
117.68,-22.28,1970,9,"005005",36.8
117.68,-22.28,1970,10,"005005",0
117.68,-22.28,1970,11,"005005",0
117.68,-22.28,1970,12,"005005",10.2
117.68,-22.28,1971,1,"005005",177.3
117.68,-22.28,1971,2,"005005",197.3
117.68,-22.28,1971,3,"005005",94.6
117.68,-22.28,1971,4,"005005",0
117.68,-22.28,1971,5,"005005",29.7
117.68,-22.28,1971,6,"005005",192.1
117.68,-22.28,1971,7,"005005",10.7
117.68,-22.28,1971,8,"005005",0
117.68,-22.28,1971,9,"005005",0
117.68,-22.28,1971,10,"005005",0
117.68,-22.28,1971,11,"005005",54.6
117.68,-22.28,1971,12,"005005",0
117.68,-22.28,1972,1,"005005",0
117.68,-22.28,1972,2,"005005",39.5
117.68,-22.28,1972,3,"005005",0
117.68,-22.28,1972,4,"005005",0
117.68,-22.28,1972,5,"005005",0
117.68,-22.28,1972,6,"005005",0
117.68,-22.28,1972,7,"005005",27.5
117.68,-22.28,1972,8,"005005",0
117.68,-22.28,1972,9,"005005",0
117.68,-22.28,1972,10,"005005",0
117.68,-22.28,1972,11,"005005",5.1
117.68,-22.28,1972,12,"005005",18.3
117.68,-22.28,1973,1,"005005",185.1
117.68,-22.28,1973,2,"005005",0
117.68,-22.28,1973,3,"005005",204.5
117.68,-22.28,1973,4,"005005",24.3
117.68,-22.28,1973,5,"005005",57.8
117.68,-22.28,1973,6,"005005",113.3
117.68,-22.28,1973,7,"005005",25.4
117.68,-22.28,1973,8,"005005",43.2
117.68,-22.28,1973,9,"005005",0
117.68,-22.28,1973,10,"005005",6.8
117.68,-22.28,1973,11,"005005",17.8
117.68,-22.28,1973,12,"005005",88.2
117.68,-22.28,1974,1,"005005",151.2
117.68,-22.28,1974,2,"005005",51.8
117.68,-22.28,1974,3,"005005",31.4
117.68,-22.28,1974,4,"005005",7.8
117.68,-22.28,1974,5,"005005",7.8
117.68,-22.28,1974,6,"005005",0
117.68,-22.28,1974,7,"005005",16.2
117.68,-22.28,1974,8,"005005",28.6
117.68,-22.28,1974,9,"005005",0
117.68,-22.28,1974,10,"005005",6
117.68,-22.28,1974,11,"005005",0
117.68,-22.28,1974,12,"005005",65
117.68,-22.28,1975,1,"005005",39.6
117.68,-22.28,1975,2,"005005",95
117.68,-22.28,1975,3,"005005",83.4
117.68,-22.28,1975,4,"005005",42.6
117.68,-22.28,1975,5,"005005",0
117.68,-22.28,1975,6,"005005",6
117.68,-22.28,1975,7,"005005",14
117.68,-22.28,1975,8,"005005",0
117.68,-22.28,1975,9,"005005",0
117.68,-22.28,1975,10,"005005",35.3
117.68,-22.28,1975,11,"005005",11
117.68,-22.28,1975,12,"005005",418.6
117.68,-22.28,1976,1,"005005",33.6
117.68,-22.28,1976,2,"005005",76.1
117.68,-22.28,1976,3,"005005",137.4
117.68,-22.28,1976,4,"005005",20.2
117.68,-22.28,1976,5,"005005",0
117.68,-22.28,1976,6,"005005",0
117.68,-22.28,1976,7,"005005",0
117.68,-22.28,1976,8,"005005",0
117.68,-22.28,1976,9,"005005",5.3
117.68,-22.28,1976,10,"005005",5.6
117.68,-22.28,1976,11,"005005",0
117.68,-22.28,1976,12,"005005",35.2
117.68,-22.28,1977,1,"005005",92.2
117.68,-22.28,1977,2,"005005",27.4
117.68,-22.28,1977,3,"005005",24.6
117.68,-22.28,1977,4,"005005",10
117.68,-22.28,1977,5,"005005",11
117.68,-22.28,1977,6,"005005",17
117.68,-22.28,1977,7,"005005",0
117.68,-22.28,1977,8,"005005",0
117.68,-22.28,1977,9,"005005",0
117.68,-22.28,1977,10,"005005",0
117.68,-22.28,1977,11,"005005",9.4
117.68,-22.28,1977,12,"005005",41
117.68,-22.28,1978,1,"005005",84.4
117.68,-22.28,1978,2,"005005",191.6
117.68,-22.28,1978,3,"005005",37.6
117.68,-22.28,1978,4,"005005",16.8
117.68,-22.28,1978,5,"005005",30.2
117.68,-22.28,1978,6,"005005",9
117.68,-22.28,1978,7,"005005",0
117.68,-22.28,1978,8,"005005",43.8
117.68,-22.28,1978,9,"005005",0
117.68,-22.28,1978,10,"005005",28
117.68,-22.28,1978,11,"005005",20.8
117.68,-22.28,1978,12,"005005",30
117.68,-22.28,1979,1,"005005",3.4
117.68,-22.28,1979,2,"005005",126
117.68,-22.28,1979,3,"005005",66.4
117.68,-22.28,1979,4,"005005",7.4
117.68,-22.28,1979,5,"005005",35.2
117.68,-22.28,1979,6,"005005",0
117.68,-22.28,1979,7,"005005",0
117.68,-22.28,1979,8,"005005",26.4
117.68,-22.28,1979,9,"005005",0
117.68,-22.28,1979,10,"005005",0
117.68,-22.28,1979,11,"005005",0
117.68,-22.28,1979,12,"005005",73.6
117.68,-22.28,1980,1,"005005",184.2
117.68,-22.28,1980,2,"005005",60.6
117.68,-22.28,1980,3,"005005",48.4
117.68,-22.28,1980,4,"005005",99.6
117.68,-22.28,1980,5,"005005",8.2
117.68,-22.28,1980,6,"005005",59
117.68,-22.28,1980,7,"005005",71
117.68,-22.28,1980,8,"005005",0
117.68,-22.28,1980,9,"005005",1.6
117.68,-22.28,1980,10,"005005",0
117.68,-22.28,1980,11,"005005",7
117.68,-22.28,1980,12,"005005",40.2
117.68,-22.28,1981,1,"005005",62
117.68,-22.28,1981,2,"005005",137.8
117.68,-22.28,1981,3,"005005",61
117.68,-22.28,1981,4,"005005",2
117.68,-22.28,1981,5,"005005",2
117.68,-22.28,1981,6,"005005",19
117.68,-22.28,1981,7,"005005",0
117.68,-22.28,1981,8,"005005",0
117.68,-22.28,1981,9,"005005",0
117.68,-22.28,1981,10,"005005",6
117.68,-22.28,1981,11,"005005",0
117.68,-22.28,1981,12,"005005",67.6
117.68,-22.28,1982,1,"005005",258.8
117.68,-22.28,1982,2,"005005",168.6
117.68,-22.28,1982,3,"005005",8.2
117.68,-22.28,1982,4,"005005",17
117.68,-22.28,1982,5,"005005",79.4
117.68,-22.28,1982,6,"005005",6
117.68,-22.28,1982,7,"005005",0
117.68,-22.28,1982,8,"005005",0
117.68,-22.28,1982,9,"005005",10.6
117.68,-22.28,1982,10,"005005",0
117.68,-22.28,1982,11,"005005",38.8
117.68,-22.28,1982,12,"005005",62.6
117.68,-22.28,1983,1,"005005",40
117.68,-22.28,1983,2,"005005",75
117.68,-22.28,1983,3,"005005",41.4
117.68,-22.28,1983,4,"005005",17.6
117.68,-22.28,1983,5,"005005",0
117.68,-22.28,1983,6,"005005",0
117.68,-22.28,1983,7,"005005",13
117.68,-22.28,1983,8,"005005",0
117.68,-22.28,1983,9,"005005",0
117.68,-22.28,1983,10,"005005",0
117.68,-22.28,1983,11,"005005",0
117.68,-22.28,1983,12,"005005",23.4
117.68,-22.28,1984,1,"005005",38.6
117.68,-22.28,1984,2,"005005",25.8
117.68,-22.28,1984,3,"005005",329.4
117.68,-22.28,1984,4,"005005",NA
117.68,-22.28,1984,5,"005005",58.8
117.68,-22.28,1984,6,"005005",0
117.68,-22.28,1984,7,"005005",45
117.68,-22.28,1984,8,"005005",NA
117.68,-22.28,1984,9,"005005",NA
117.68,-22.28,1984,10,"005005",NA
117.68,-22.28,1984,11,"005005",NA
117.68,-22.28,1984,12,"005005",NA
117.68,-22.28,1985,1,"005005",8
117.68,-22.28,1985,2,"005005",148
117.68,-22.28,1985,3,"005005",6
117.68,-22.28,1985,4,"005005",9
117.68,-22.28,1985,5,"005005",7
117.68,-22.28,1985,6,"005005",2
117.68,-22.28,1985,7,"005005",8
117.68,-22.28,1985,8,"005005",0
117.68,-22.28,1985,9,"005005",0
117.68,-22.28,1985,10,"005005",0
117.68,-22.28,1985,11,"005005",0
117.68,-22.28,1985,12,"005005",2
117.68,-22.28,1986,1,"005005",141
117.68,-22.28,1986,2,"005005",69
117.68,-22.28,1986,3,"005005",45
117.68,-22.28,1986,4,"005005",0
117.68,-22.28,1986,5,"005005",0
117.68,-22.28,1986,6,"005005",26
117.68,-22.28,1986,7,"005005",0
117.68,-22.28,1986,8,"005005",0
117.68,-22.28,1986,9,"005005",27.5
117.68,-22.28,1986,10,"005005",0
117.68,-22.28,1986,11,"005005",0
117.68,-22.28,1986,12,"005005",33
117.68,-22.28,1987,1,"005005",266
117.68,-22.28,1987,2,"005005",26
117.68,-22.28,1987,3,"005005",0
117.68,-22.28,1987,4,"005005",0
117.68,-22.28,1987,5,"005005",40
117.68,-22.28,1987,6,"005005",0
117.68,-22.28,1987,7,"005005",3
117.68,-22.28,1987,8,"005005",0
117.68,-22.28,1987,9,"005005",0
117.68,-22.28,1987,10,"005005",0
117.68,-22.28,1987,11,"005005",1.6
117.68,-22.28,1987,12,"005005",14.6
117.68,-22.28,1988,1,"005005",49
117.68,-22.28,1988,2,"005005",111
117.68,-22.28,1988,3,"005005",70.6
117.68,-22.28,1988,4,"005005",10
117.68,-22.28,1988,5,"005005",111
117.68,-22.28,1988,6,"005005",0
117.68,-22.28,1988,7,"005005",0
117.68,-22.28,1988,8,"005005",0
117.68,-22.28,1988,9,"005005",0
117.68,-22.28,1988,10,"005005",0
117.68,-22.28,1988,11,"005005",4
117.68,-22.28,1988,12,"005005",105
117.68,-22.28,1989,1,"005005",39.6
117.68,-22.28,1989,2,"005005",59
117.68,-22.28,1989,3,"005005",28.6
117.68,-22.28,1989,4,"005005",114.4
117.68,-22.28,1989,5,"005005",7.4
117.68,-22.28,1989,6,"005005",89
117.68,-22.28,1989,7,"005005",0
117.68,-22.28,1989,8,"005005",0
117.68,-22.28,1989,9,"005005",0
117.68,-22.28,1989,10,"005005",0
117.68,-22.28,1989,11,"005005",0
117.68,-22.28,1989,12,"005005",0
117.68,-22.28,1990,1,"005005",229.5
117.68,-22.28,1990,2,"005005",10
117.68,-22.28,1990,3,"005005",43
117.68,-22.28,1990,4,"005005",0
117.68,-22.28,1990,5,"005005",0
117.68,-22.28,1990,6,"005005",6
117.68,-22.28,1990,7,"005005",4
117.68,-22.28,1990,8,"005005",17.5
117.68,-22.28,1990,9,"005005",0
117.68,-22.28,1990,10,"005005",0
117.68,-22.28,1990,11,"005005",0
117.68,-22.28,1990,12,"005005",7
117.68,-22.28,1991,1,"005005",74
117.68,-22.28,1991,2,"005005",87.5
117.68,-22.28,1991,3,"005005",21
117.68,-22.28,1991,4,"005005",2
117.68,-22.28,1991,5,"005005",63
117.68,-22.28,1991,6,"005005",85
117.68,-22.28,1991,7,"005005",51
117.68,-22.28,1991,8,"005005",0
117.68,-22.28,1991,9,"005005",0
117.68,-22.28,1991,10,"005005",0
117.68,-22.28,1991,11,"005005",0
117.68,-22.28,1991,12,"005005",0
117.68,-22.28,1992,1,"005005",37
117.68,-22.28,1992,2,"005005",13.2
117.68,-22.28,1992,3,"005005",80
117.68,-22.28,1992,4,"005005",126.5
117.68,-22.28,1992,5,"005005",49
117.68,-22.28,1992,6,"005005",13
117.68,-22.28,1992,7,"005005",4
117.68,-22.28,1992,8,"005005",16
117.68,-22.28,1992,9,"005005",0
117.68,-22.28,1992,10,"005005",7
117.68,-22.28,1992,11,"005005",0
117.68,-22.28,1992,12,"005005",7
117.68,-22.28,1993,1,"005005",67.5
117.68,-22.28,1993,2,"005005",103.8
117.68,-22.28,1993,3,"005005",0
117.68,-22.28,1993,4,"005005",21
117.68,-22.28,1993,5,"005005",19.5
117.68,-22.28,1993,6,"005005",94
117.68,-22.28,1993,7,"005005",0
117.68,-22.28,1993,8,"005005",28.4
117.68,-22.28,1993,9,"005005",0
117.68,-22.28,1993,10,"005005",0
117.68,-22.28,1993,11,"005005",0
117.68,-22.28,1993,12,"005005",18
117.68,-22.28,1994,1,"005005",90.8
117.68,-22.28,1994,2,"005005",175.5
117.68,-22.28,1994,3,"005005",0
117.68,-22.28,1994,4,"005005",0
117.68,-22.28,1994,5,"005005",0
117.68,-22.28,1994,6,"005005",0
117.68,-22.28,1994,7,"005005",0
117.68,-22.28,1994,8,"005005",0
117.68,-22.28,1994,9,"005005",0
117.68,-22.28,1994,10,"005005",0
117.68,-22.28,1994,11,"005005",56.6
117.68,-22.28,1994,12,"005005",135.8
117.68,-22.28,1995,1,"005005",50
117.68,-22.28,1995,2,"005005",399.4
117.68,-22.28,1995,3,"005005",0
117.68,-22.28,1995,4,"005005",46
117.68,-22.28,1995,5,"005005",0
117.68,-22.28,1995,6,"005005",97
117.68,-22.28,1995,7,"005005",51
117.68,-22.28,1995,8,"005005",0
117.68,-22.28,1995,9,"005005",0
117.68,-22.28,1995,10,"005005",0
117.68,-22.28,1995,11,"005005",0
117.68,-22.28,1995,12,"005005",46
117.68,-22.28,1996,1,"005005",33
117.68,-22.28,1996,2,"005005",53
117.68,-22.28,1996,3,"005005",36
117.68,-22.28,1996,4,"005005",150.4
117.68,-22.28,1996,5,"005005",0
117.68,-22.28,1996,6,"005005",36
117.68,-22.28,1996,7,"005005",24.2
117.68,-22.28,1996,8,"005005",6
117.68,-22.28,1996,9,"005005",0
117.68,-22.28,1996,10,"005005",40
117.68,-22.28,1996,11,"005005",0
117.68,-22.28,1996,12,"005005",137.6
117.68,-22.28,1997,1,"005005",140.2
117.68,-22.28,1997,2,"005005",217.4
117.68,-22.28,1997,3,"005005",16.2
117.68,-22.28,1997,4,"005005",27
117.68,-22.28,1997,5,"005005",12
117.68,-22.28,1997,6,"005005",0
117.68,-22.28,1997,7,"005005",0
117.68,-22.28,1997,8,"005005",38.5
117.68,-22.28,1997,9,"005005",0.9
117.68,-22.28,1997,10,"005005",0
117.68,-22.28,1997,11,"005005",1.6
117.68,-22.28,1997,12,"005005",1.6
117.68,-22.28,1998,1,"005005",0
117.68,-22.28,1998,2,"005005",18
117.68,-22.28,1998,3,"005005",60
117.68,-22.28,1998,4,"005005",32.1
117.68,-22.28,1998,5,"005005",22
117.68,-22.28,1998,6,"005005",135.5
117.68,-22.28,1998,7,"005005",35.4
117.68,-22.28,1998,8,"005005",NA
117.68,-22.28,1998,9,"005005",0
117.68,-22.28,1998,10,"005005",0
117.68,-22.28,1998,11,"005005",9
117.68,-22.28,1998,12,"005005",NA
117.68,-22.28,1999,1,"005005",48
117.68,-22.28,1999,2,"005005",280.8
117.68,-22.28,1999,3,"005005",182.6
117.68,-22.28,1999,4,"005005",17
117.68,-22.28,1999,5,"005005",31.2
117.68,-22.28,1999,6,"005005",0
117.68,-22.28,1999,7,"005005",0
117.68,-22.28,1999,8,"005005",0
117.68,-22.28,1999,9,"005005",0
117.68,-22.28,1999,10,"005005",0
117.68,-22.28,1999,11,"005005",0
117.68,-22.28,1999,12,"005005",138
117.68,-22.28,2000,1,"005005",101.5
117.68,-22.28,2000,2,"005005",174
117.68,-22.28,2000,3,"005005",399.4
117.68,-22.28,2000,4,"005005",102
117.68,-22.28,2000,5,"005005",0
117.68,-22.28,2000,6,"005005",0
117.68,-22.28,2000,7,"005005",0
117.68,-22.28,2000,8,"005005",0
117.68,-22.28,2000,9,"005005",0
117.68,-22.28,2000,10,"005005",0
117.68,-22.28,2000,11,"005005",28
117.68,-22.28,2000,12,"005005",94
117.68,-22.28,2001,1,"005005",73.1
117.68,-22.28,2001,2,"005005",NA
117.68,-22.28,2001,3,"005005",9
117.68,-22.28,2001,4,"005005",0
117.68,-22.28,2001,5,"005005",17
117.68,-22.28,2001,6,"005005",25
117.68,-22.28,2001,7,"005005",0
117.68,-22.28,2001,8,"005005",0
117.68,-22.28,2001,9,"005005",0
117.68,-22.28,2001,10,"005005",0
117.68,-22.28,2001,11,"005005",0
117.68,-22.28,2001,12,"005005",0
117.68,-22.28,2002,1,"005005",0
117.68,-22.28,2002,2,"005005",NA
117.68,-22.28,2002,3,"005005",NA
117.68,-22.28,2002,4,"005005",0
117.68,-22.28,2002,5,"005005",21
117.68,-22.28,2002,6,"005005",10
117.68,-22.28,2002,7,"005005",0
117.68,-22.28,2002,8,"005005",0
117.68,-22.28,2002,9,"005005",0
117.68,-22.28,2002,10,"005005",0
117.68,-22.28,2002,11,"005005",NA
117.68,-22.28,2002,12,"005005",NA
117.68,-22.28,2003,1,"005005",NA
117.68,-22.28,2003,2,"005005",101
117.68,-22.28,2003,3,"005005",21
117.68,-22.28,2003,4,"005005",89
117.68,-22.28,2003,5,"005005",0
117.68,-22.28,2003,6,"005005",10
117.68,-22.28,2003,7,"005005",0
117.68,-22.28,2003,8,"005005",NA
117.68,-22.28,2003,9,"005005",0
117.68,-22.28,2003,10,"005005",0
117.68,-22.28,2003,11,"005005",5
117.68,-22.28,2003,12,"005005",24
117.68,-22.28,2004,1,"005005",NA
117.68,-22.28,2004,2,"005005",208
117.68,-22.28,2004,3,"005005",306
117.68,-22.28,2004,4,"005005",101
117.68,-22.28,2004,5,"005005",0
117.68,-22.28,2004,6,"005005",0
117.68,-22.28,2004,7,"005005",13.5
117.68,-22.28,2004,8,"005005",0
117.68,-22.28,2004,9,"005005",0
117.68,-22.28,2004,10,"005005",0
117.68,-22.28,2004,11,"005005",10
117.68,-22.28,2004,12,"005005",7
117.68,-22.28,2005,1,"005005",6
117.68,-22.28,2005,2,"005005",NA
117.68,-22.28,2005,3,"005005",40.4
117.68,-22.28,2005,4,"005005",0
117.68,-22.28,2005,5,"005005",22.7
117.68,-22.28,2005,6,"005005",0
117.68,-22.28,2005,7,"005005",76
117.68,-22.28,2005,8,"005005",10
117.68,-22.28,2005,9,"005005",0
117.68,-22.28,2005,10,"005005",0
117.68,-22.28,2005,11,"005005",0
117.68,-22.28,2005,12,"005005",43
117.68,-22.28,2006,1,"005005",275.2
117.68,-22.28,2006,2,"005005",293.2
117.68,-22.28,2006,3,"005005",227
117.68,-22.28,2006,4,"005005",140.4
117.68,-22.28,2006,5,"005005",0
117.68,-22.28,2006,6,"005005",11
117.68,-22.28,2006,7,"005005",0
117.68,-22.28,2006,8,"005005",0
117.68,-22.28,2006,9,"005005",7
117.68,-22.28,2006,10,"005005",69
117.68,-22.28,2006,11,"005005",48
117.68,-22.28,2006,12,"005005",19
117.68,-22.28,2007,1,"005005",14
117.68,-22.28,2007,2,"005005",21
117.68,-22.28,2007,3,"005005",148.4
117.68,-22.28,2007,4,"005005",16
117.68,-22.28,2007,5,"005005",0
117.68,-22.28,2007,6,"005005",0
117.68,-22.28,2007,7,"005005",NA
117.68,-22.28,2007,8,"005005",0
117.68,-22.28,2007,9,"005005",0
117.68,-22.28,2007,10,"005005",0
117.68,-22.28,2007,11,"005005",0
117.68,-22.28,2007,12,"005005",0
117.68,-22.28,2008,1,"005005",NA
117.68,-22.28,2008,2,"005005",NA
117.68,-22.28,2008,3,"005005",NA
117.68,-22.28,2008,4,"005005",NA
117.68,-22.28,2008,5,"005005",NA
117.68,-22.28,2008,6,"005005",NA
117.68,-22.28,2008,7,"005005",NA
117.68,-22.28,2008,8,"005005",NA
117.68,-22.28,2008,9,"005005",0
117.68,-22.28,2008,10,"005005",NA
117.68,-22.28,2008,11,"005005",NA
117.68,-22.28,2008,12,"005005",NA
117.68,-22.28,2009,1,"005005",90.6
117.68,-22.28,2009,2,"005005",201.8
117.68,-22.28,2009,3,"005005",10
117.68,-22.28,2009,4,"005005",0
117.68,-22.28,2009,5,"005005",0
117.68,-22.28,2009,6,"005005",12.2
117.68,-22.28,2009,7,"005005",2.2
117.68,-22.28,2009,8,"005005",0
117.68,-22.28,2009,9,"005005",0
117.68,-22.28,2009,10,"005005",0
117.68,-22.28,2009,11,"005005",48.2
117.68,-22.28,2009,12,"005005",17.8
117.68,-22.28,2010,1,"005005",26.7
117.68,-22.28,2010,2,"005005",5.6
117.68,-22.28,2010,3,"005005",18.2
117.68,-22.28,2010,4,"005005",0
117.68,-22.28,2010,5,"005005",2.6
117.68,-22.28,2010,6,"005005",2.2
117.68,-22.28,2010,7,"005005",0.6
117.68,-22.28,2010,8,"005005",7.1
117.68,-22.28,2010,9,"005005",38.8
117.68,-22.28,2010,10,"005005",0.6
117.68,-22.28,2010,11,"005005",6.2
117.68,-22.28,2010,12,"005005",73.1
117.68,-22.28,2011,1,"005005",142.2
117.68,-22.28,2011,2,"005005",203.6
117.68,-22.28,2011,3,"005005",6
117.68,-22.28,2011,4,"005005",9.8
117.68,-22.28,2011,5,"005005",36.4
117.68,-22.28,2011,6,"005005",16.2
117.68,-22.28,2011,7,"005005",5
117.68,-22.28,2011,8,"005005",0
117.68,-22.28,2011,9,"005005",0
117.68,-22.28,2011,10,"005005",0
117.68,-22.28,2011,11,"005005",24.4
117.68,-22.28,2011,12,"005005",7
117.68,-22.28,2012,1,"005005",182.3
117.68,-22.28,2012,2,"005005",6.4
117.68,-22.28,2012,3,"005005",85.2
117.68,-22.28,2012,4,"005005",25.6
117.68,-22.28,2012,5,"005005",0
117.68,-22.28,2012,6,"005005",6.8
117.68,-22.28,2012,7,"005005",0
117.68,-22.28,2012,8,"005005",0
117.68,-22.28,2012,9,"005005",0
117.68,-22.28,2012,10,"005005",0
117.68,-22.28,2012,11,"005005",0
117.68,-22.28,2012,12,"005005",119.2
117.68,-22.28,2013,1,"005005",243
117.68,-22.28,2013,2,"005005",35
117.68,-22.28,2013,3,"005005",22.2
117.68,-22.28,2013,4,"005005",51
117.68,-22.28,2013,5,"005005",27.2
117.68,-22.28,2013,6,"005005",70.4
117.68,-22.28,2013,7,"005005",NA
117.68,-22.28,2013,8,"005005",NA
117.68,-22.28,2013,9,"005005",0
117.68,-22.28,2013,10,"005005",7.8
117.68,-22.28,2013,11,"005005",2.8
117.68,-22.28,2013,12,"005005",31.6
117.68,-22.28,2014,1,"005005",170.8
117.68,-22.28,2014,2,"005005",13
117.68,-22.28,2014,3,"005005",23.8
117.68,-22.28,2014,4,"005005",19
117.68,-22.28,2014,5,"005005",29.6
117.68,-22.28,2014,6,"005005",6.6
117.68,-22.28,2014,7,"005005",0
117.68,-22.28,2014,8,"005005",0
117.68,-22.28,2014,9,"005005",0
117.68,-22.28,2014,10,"005005",0
117.68,-22.28,2014,11,"005005",20
117.68,-22.28,2014,12,"005005",40.2
117.68,-22.28,2015,1,"005005",NA
117.68,-22.28,2015,2,"005005",24.9
117.68,-22.28,2015,3,"005005",148.6
117.68,-22.28,2015,4,"005005",44.2
117.68,-22.28,2015,5,"005005",NA
117.68,-22.28,2015,6,"005005",0
117.68,-22.28,2015,7,"005005",9.6
117.68,-22.28,2015,8,"005005",NA
117.68,-22.28,2015,9,"005005",NA
117.68,-22.28,2015,10,"005005",NA
117.68,-22.28,2015,11,"005005",NA
117.68,-22.28,2015,12,"005005",NA
