"Lon","Lat","Year","Month","Station","Rain"
130.85,-12.38,1962,1,"014112",522.5
130.85,-12.38,1962,2,"014112",395.2
130.85,-12.38,1962,3,"014112",89.6
130.85,-12.38,1962,4,"014112",0
130.85,-12.38,1962,5,"014112",0
130.85,-12.38,1962,6,"014112",0
130.85,-12.38,1962,7,"014112",0
130.85,-12.38,1962,8,"014112",0
130.85,-12.38,1962,9,"014112",0
130.85,-12.38,1962,10,"014112",85.1
130.85,-12.38,1962,11,"014112",0
130.85,-12.38,1962,12,"014112",132.5
130.85,-12.38,1963,1,"014112",206
130.85,-12.38,1963,2,"014112",350.9
130.85,-12.38,1963,3,"014112",265.9
130.85,-12.38,1963,4,"014112",136.5
130.85,-12.38,1963,5,"014112",NA
130.85,-12.38,1963,6,"014112",NA
130.85,-12.38,1963,7,"014112",NA
130.85,-12.38,1963,8,"014112",NA
130.85,-12.38,1963,9,"014112",NA
130.85,-12.38,1963,10,"014112",84.7
130.85,-12.38,1963,11,"014112",57.5
130.85,-12.38,1963,12,"014112",186.3
130.85,-12.38,1964,1,"014112",296.2
130.85,-12.38,1964,2,"014112",106.3
130.85,-12.38,1964,3,"014112",373.7
130.85,-12.38,1964,4,"014112",64.7
130.85,-12.38,1964,5,"014112",18
130.85,-12.38,1964,6,"014112",3
130.85,-12.38,1964,7,"014112",0
130.85,-12.38,1964,8,"014112",0
130.85,-12.38,1964,9,"014112",70.2
130.85,-12.38,1964,10,"014112",88.7
130.85,-12.38,1964,11,"014112",249.8
130.85,-12.38,1964,12,"014112",236.3
130.85,-12.38,1965,1,"014112",179.5
130.85,-12.38,1965,2,"014112",118.4
130.85,-12.38,1965,3,"014112",561
130.85,-12.38,1965,4,"014112",8.9
130.85,-12.38,1965,5,"014112",11.1
130.85,-12.38,1965,6,"014112",0
130.85,-12.38,1965,7,"014112",0
130.85,-12.38,1965,8,"014112",0
130.85,-12.38,1965,9,"014112",16
130.85,-12.38,1965,10,"014112",22.4
130.85,-12.38,1965,11,"014112",92
130.85,-12.38,1965,12,"014112",533
130.85,-12.38,1966,1,"014112",435.6
130.85,-12.38,1966,2,"014112",308.9
130.85,-12.38,1966,3,"014112",156
130.85,-12.38,1966,4,"014112",33.8
130.85,-12.38,1966,5,"014112",4.4
130.85,-12.38,1966,6,"014112",0.5
130.85,-12.38,1966,7,"014112",0
130.85,-12.38,1966,8,"014112",1.3
130.85,-12.38,1966,9,"014112",6.2
130.85,-12.38,1966,10,"014112",126.5
130.85,-12.38,1966,11,"014112",78.4
130.85,-12.38,1966,12,"014112",212.3
130.85,-12.38,1967,1,"014112",480.1
130.85,-12.38,1967,2,"014112",659.9
130.85,-12.38,1967,3,"014112",306.7
130.85,-12.38,1967,4,"014112",13.5
130.85,-12.38,1967,5,"014112",0.8
130.85,-12.38,1967,6,"014112",0
130.85,-12.38,1967,7,"014112",0
130.85,-12.38,1967,8,"014112",0
130.85,-12.38,1967,9,"014112",0.5
130.85,-12.38,1967,10,"014112",4.8
130.85,-12.38,1967,11,"014112",65.3
130.85,-12.38,1967,12,"014112",82.6
130.85,-12.38,1968,1,"014112",416.3
130.85,-12.38,1968,2,"014112",559.4
130.85,-12.38,1968,3,"014112",172.3
130.85,-12.38,1968,4,"014112",118.9
130.85,-12.38,1968,5,"014112",330.3
130.85,-12.38,1968,6,"014112",0
130.85,-12.38,1968,7,"014112",3.8
130.85,-12.38,1968,8,"014112",5.3
130.85,-12.38,1968,9,"014112",0
130.85,-12.38,1968,10,"014112",70.1
130.85,-12.38,1968,11,"014112",41.6
130.85,-12.38,1968,12,"014112",171.8
130.85,-12.38,1969,1,"014112",289.3
130.85,-12.38,1969,2,"014112",856.4
130.85,-12.38,1969,3,"014112",264.9
130.85,-12.38,1969,4,"014112",13
130.85,-12.38,1969,5,"014112",1.8
130.85,-12.38,1969,6,"014112",0
130.85,-12.38,1969,7,"014112",3.8
130.85,-12.38,1969,8,"014112",0
130.85,-12.38,1969,9,"014112",7.6
130.85,-12.38,1969,10,"014112",72.4
130.85,-12.38,1969,11,"014112",66.8
130.85,-12.38,1969,12,"014112",95.5
130.85,-12.38,1970,1,"014112",156.4
130.85,-12.38,1970,2,"014112",236.9
130.85,-12.38,1970,3,"014112",99.8
130.85,-12.38,1970,4,"014112",51
130.85,-12.38,1970,5,"014112",10.4
130.85,-12.38,1970,6,"014112",0
130.85,-12.38,1970,7,"014112",0
130.85,-12.38,1970,8,"014112",0
130.85,-12.38,1970,9,"014112",6.4
130.85,-12.38,1970,10,"014112",147
130.85,-12.38,1970,11,"014112",102.7
130.85,-12.38,1970,12,"014112",205.7
130.85,-12.38,1971,1,"014112",207.2
130.85,-12.38,1971,2,"014112",161.7
130.85,-12.38,1971,3,"014112",277.5
130.85,-12.38,1971,4,"014112",234
130.85,-12.38,1971,5,"014112",19.8
130.85,-12.38,1971,6,"014112",0
130.85,-12.38,1971,7,"014112",0
130.85,-12.38,1971,8,"014112",0
130.85,-12.38,1971,9,"014112",58.2
130.85,-12.38,1971,10,"014112",4.8
130.85,-12.38,1971,11,"014112",189.5
130.85,-12.38,1971,12,"014112",376.9
130.85,-12.38,1972,1,"014112",169.1
130.85,-12.38,1972,2,"014112",458.7
130.85,-12.38,1972,3,"014112",377.8
130.85,-12.38,1972,4,"014112",74.5
130.85,-12.38,1972,5,"014112",73.4
130.85,-12.38,1972,6,"014112",0
130.85,-12.38,1972,7,"014112",0
130.85,-12.38,1972,8,"014112",6.6
130.85,-12.38,1972,9,"014112",35.3
130.85,-12.38,1972,10,"014112",64.3
130.85,-12.38,1972,11,"014112",28.2
130.85,-12.38,1972,12,"014112",44.8
130.85,-12.38,1973,1,"014112",425.9
130.85,-12.38,1973,2,"014112",137.9
130.85,-12.38,1973,3,"014112",299
130.85,-12.38,1973,4,"014112",44.2
130.85,-12.38,1973,5,"014112",1
130.85,-12.38,1973,6,"014112",56.4
130.85,-12.38,1973,7,"014112",0
130.85,-12.38,1973,8,"014112",NA
130.85,-12.38,1973,9,"014112",15
130.85,-12.38,1973,10,"014112",93.7
130.85,-12.38,1973,11,"014112",122.6
130.85,-12.38,1973,12,"014112",NA
130.85,-12.38,1977,1,"014112",NA
130.85,-12.38,1977,2,"014112",NA
130.85,-12.38,1977,3,"014112",NA
130.85,-12.38,1977,4,"014112",NA
130.85,-12.38,1977,5,"014112",NA
130.85,-12.38,1977,6,"014112",NA
130.85,-12.38,1977,7,"014112",NA
130.85,-12.38,1977,8,"014112",NA
130.85,-12.38,1977,9,"014112",NA
130.85,-12.38,1977,10,"014112",NA
130.85,-12.38,1977,11,"014112",NA
130.85,-12.38,1977,12,"014112",94
130.85,-12.38,1978,1,"014112",487.8
130.85,-12.38,1978,2,"014112",323.7
130.85,-12.38,1978,3,"014112",77.6
130.85,-12.38,1978,4,"014112",NA
130.85,-12.38,1978,5,"014112",NA
130.85,-12.38,1978,6,"014112",NA
130.85,-12.38,1978,7,"014112",NA
130.85,-12.38,1978,8,"014112",NA
130.85,-12.38,1978,9,"014112",NA
130.85,-12.38,1978,10,"014112",171.2
130.85,-12.38,1978,11,"014112",123.7
130.85,-12.38,1978,12,"014112",NA
130.85,-12.38,1979,1,"014112",370
130.85,-12.38,1979,2,"014112",143.3
130.85,-12.38,1979,3,"014112",215
130.85,-12.38,1979,4,"014112",NA
130.85,-12.38,1979,5,"014112",55
130.85,-12.38,1979,6,"014112",NA
130.85,-12.38,1979,7,"014112",NA
130.85,-12.38,1979,8,"014112",NA
130.85,-12.38,1979,9,"014112",NA
130.85,-12.38,1979,10,"014112",139.2
130.85,-12.38,1979,11,"014112",76.2
130.85,-12.38,1979,12,"014112",NA
130.85,-12.38,1980,1,"014112",663
130.85,-12.38,1980,2,"014112",409
130.85,-12.38,1980,3,"014112",173
130.85,-12.38,1980,4,"014112",NA
130.85,-12.38,1980,5,"014112",NA
130.85,-12.38,1980,6,"014112",NA
130.85,-12.38,1980,7,"014112",NA
130.85,-12.38,1980,8,"014112",NA
130.85,-12.38,1980,9,"014112",NA
130.85,-12.38,1980,10,"014112",73.4
130.85,-12.38,1980,11,"014112",267.6
130.85,-12.38,1980,12,"014112",164.8
130.85,-12.38,1981,1,"014112",951.1
130.85,-12.38,1981,2,"014112",212.9
130.85,-12.38,1981,3,"014112",334.9
130.85,-12.38,1981,4,"014112",NA
130.85,-12.38,1981,5,"014112",NA
130.85,-12.38,1981,6,"014112",NA
130.85,-12.38,1981,7,"014112",NA
130.85,-12.38,1981,8,"014112",NA
130.85,-12.38,1981,9,"014112",84.2
130.85,-12.38,1981,10,"014112",0
130.85,-12.38,1981,11,"014112",112.6
130.85,-12.38,1981,12,"014112",205.5
130.85,-12.38,1982,1,"014112",516.1
130.85,-12.38,1982,2,"014112",353.6
130.85,-12.38,1982,3,"014112",258
130.85,-12.38,1982,4,"014112",89.8
130.85,-12.38,1982,5,"014112",NA
130.85,-12.38,1982,6,"014112",NA
130.85,-12.38,1982,7,"014112",NA
130.85,-12.38,1982,8,"014112",46.6
130.85,-12.38,1982,9,"014112",3
130.85,-12.38,1982,10,"014112",5.4
130.85,-12.38,1982,11,"014112",106.4
130.85,-12.38,1982,12,"014112",72.7
130.85,-12.38,1983,1,"014112",230.1
130.85,-12.38,1983,2,"014112",274.9
130.85,-12.38,1983,3,"014112",NA
130.85,-12.38,1983,4,"014112",NA
130.85,-12.38,1983,5,"014112",NA
130.85,-12.38,1983,6,"014112",NA
130.85,-12.38,1983,7,"014112",NA
130.85,-12.38,1983,8,"014112",NA
130.85,-12.38,1983,9,"014112",NA
130.85,-12.38,1983,10,"014112",NA
130.85,-12.38,1983,11,"014112",NA
130.85,-12.38,1983,12,"014112",NA
130.85,-12.38,1984,1,"014112",502.6
130.85,-12.38,1984,2,"014112",402.1
130.85,-12.38,1984,3,"014112",256.3
130.85,-12.38,1984,4,"014112",0
130.85,-12.38,1984,5,"014112",0
130.85,-12.38,1984,6,"014112",0
130.85,-12.38,1984,7,"014112",0
130.85,-12.38,1984,8,"014112",0
130.85,-12.38,1984,9,"014112",0
130.85,-12.38,1984,10,"014112",23
130.85,-12.38,1984,11,"014112",77
130.85,-12.38,1984,12,"014112",NA
130.85,-12.38,1985,1,"014112",6.6
130.85,-12.38,1985,2,"014112",182.6
130.85,-12.38,1985,3,"014112",249.4
130.85,-12.38,1985,4,"014112",216.8
130.85,-12.38,1985,5,"014112",0
130.85,-12.38,1985,6,"014112",0
130.85,-12.38,1985,7,"014112",0
130.85,-12.38,1985,8,"014112",0
130.85,-12.38,1985,9,"014112",0
130.85,-12.38,1985,10,"014112",1.2
130.85,-12.38,1985,11,"014112",54.4
130.85,-12.38,1985,12,"014112",10
130.85,-12.38,1986,1,"014112",NA
130.85,-12.38,1986,2,"014112",213.4
130.85,-12.38,1986,3,"014112",224.4
130.85,-12.38,1986,4,"014112",100.8
130.85,-12.38,1986,5,"014112",42
130.85,-12.38,1986,6,"014112",0
130.85,-12.38,1986,7,"014112",NA
130.85,-12.38,1986,8,"014112",0
130.85,-12.38,1986,9,"014112",5
130.85,-12.38,1986,10,"014112",131.2
130.85,-12.38,1986,11,"014112",77
130.85,-12.38,1986,12,"014112",57.2
130.85,-12.38,1987,1,"014112",NA
130.85,-12.38,1987,2,"014112",NA
130.85,-12.38,1987,3,"014112",NA
130.85,-12.38,1987,4,"014112",6
130.85,-12.38,1987,5,"014112",8
130.85,-12.38,1987,6,"014112",0
130.85,-12.38,1987,7,"014112",NA
130.85,-12.38,1987,8,"014112",NA
130.85,-12.38,1987,9,"014112",15
130.85,-12.38,1987,10,"014112",0
130.85,-12.38,1987,11,"014112",96
130.85,-12.38,1987,12,"014112",NA
130.85,-12.38,1988,1,"014112",168.2
130.85,-12.38,1988,2,"014112",214
130.85,-12.38,1988,3,"014112",279.9
130.85,-12.38,1988,4,"014112",15.2
130.85,-12.38,1988,5,"014112",25.1
130.85,-12.38,1988,6,"014112",0
130.85,-12.38,1988,7,"014112",NA
130.85,-12.38,1988,8,"014112",0
130.85,-12.38,1988,9,"014112",42.8
130.85,-12.38,1988,10,"014112",144
130.85,-12.38,1988,11,"014112",194.1
130.85,-12.38,1988,12,"014112",223
130.85,-12.38,1989,1,"014112",251
130.85,-12.38,1989,2,"014112",NA
130.85,-12.38,1989,3,"014112",NA
130.85,-12.38,1989,4,"014112",NA
130.85,-12.38,1989,5,"014112",NA
130.85,-12.38,1989,6,"014112",NA
130.85,-12.38,1989,7,"014112",NA
130.85,-12.38,1989,8,"014112",NA
130.85,-12.38,1989,9,"014112",NA
130.85,-12.38,1989,10,"014112",NA
130.85,-12.38,1989,11,"014112",NA
130.85,-12.38,1989,12,"014112",NA
130.85,-12.38,1990,1,"014112",0
130.85,-12.38,1990,2,"014112",116.4
130.85,-12.38,1990,3,"014112",239.2
130.85,-12.38,1990,4,"014112",60
130.85,-12.38,1990,5,"014112",68.8
130.85,-12.38,1990,6,"014112",NA
130.85,-12.38,1990,7,"014112",NA
130.85,-12.38,1990,8,"014112",NA
130.85,-12.38,1990,9,"014112",NA
130.85,-12.38,1990,10,"014112",NA
130.85,-12.38,1990,11,"014112",158.5
130.85,-12.38,1990,12,"014112",NA
130.85,-12.38,1991,1,"014112",55.4
130.85,-12.38,1991,2,"014112",452
130.85,-12.38,1991,3,"014112",181.2
130.85,-12.38,1991,4,"014112",84.6
130.85,-12.38,1991,5,"014112",0
130.85,-12.38,1991,6,"014112",0
130.85,-12.38,1991,7,"014112",0
130.85,-12.38,1991,8,"014112",0
130.85,-12.38,1991,9,"014112",21
130.85,-12.38,1991,10,"014112",0
130.85,-12.38,1991,11,"014112",89.4
130.85,-12.38,1991,12,"014112",30
130.85,-12.38,1992,1,"014112",43
130.85,-12.38,1992,2,"014112",154.6
130.85,-12.38,1992,3,"014112",151.6
130.85,-12.38,1992,4,"014112",19.8
130.85,-12.38,1992,5,"014112",1
130.85,-12.38,1992,6,"014112",0
130.85,-12.38,1992,7,"014112",0
130.85,-12.38,1992,8,"014112",3.2
130.85,-12.38,1992,9,"014112",1.2
130.85,-12.38,1992,10,"014112",43
130.85,-12.38,1992,11,"014112",NA
130.85,-12.38,1992,12,"014112",NA
130.85,-12.38,1993,1,"014112",NA
130.85,-12.38,1993,2,"014112",124.8
130.85,-12.38,1993,3,"014112",NA
130.85,-12.38,1993,4,"014112",NA
130.85,-12.38,1993,5,"014112",NA
130.85,-12.38,1993,6,"014112",NA
130.85,-12.38,1993,7,"014112",NA
130.85,-12.38,1993,8,"014112",NA
130.85,-12.38,1993,9,"014112",NA
130.85,-12.38,1993,10,"014112",NA
130.85,-12.38,1993,11,"014112",NA
130.85,-12.38,1993,12,"014112",NA
130.85,-12.38,1998,1,"014112",NA
130.85,-12.38,1998,2,"014112",NA
130.85,-12.38,1998,3,"014112",NA
130.85,-12.38,1998,4,"014112",NA
130.85,-12.38,1998,5,"014112",NA
130.85,-12.38,1998,6,"014112",NA
130.85,-12.38,1998,7,"014112",NA
130.85,-12.38,1998,8,"014112",2.1
130.85,-12.38,1998,9,"014112",NA
130.85,-12.38,1998,10,"014112",NA
130.85,-12.38,1998,11,"014112",NA
130.85,-12.38,1998,12,"014112",NA
130.85,-12.38,2005,1,"014112",NA
130.85,-12.38,2005,2,"014112",NA
130.85,-12.38,2005,3,"014112",NA
130.85,-12.38,2005,4,"014112",NA
130.85,-12.38,2005,5,"014112",NA
130.85,-12.38,2005,6,"014112",NA
130.85,-12.38,2005,7,"014112",NA
130.85,-12.38,2005,8,"014112",1
130.85,-12.38,2005,9,"014112",13.6
130.85,-12.38,2005,10,"014112",55.8
130.85,-12.38,2005,11,"014112",208.6
130.85,-12.38,2005,12,"014112",126
130.85,-12.38,2006,1,"014112",275.4
130.85,-12.38,2006,2,"014112",255.6
130.85,-12.38,2006,3,"014112",462.8
130.85,-12.38,2006,4,"014112",295.4
130.85,-12.38,2006,5,"014112",6.4
130.85,-12.38,2006,6,"014112",0
130.85,-12.38,2006,7,"014112",0
130.85,-12.38,2006,8,"014112",0
130.85,-12.38,2006,9,"014112",34.6
130.85,-12.38,2006,10,"014112",13.6
130.85,-12.38,2006,11,"014112",40.4
130.85,-12.38,2006,12,"014112",419.2
130.85,-12.38,2007,1,"014112",250.6
130.85,-12.38,2007,2,"014112",511.4
130.85,-12.38,2007,3,"014112",474.6
130.85,-12.38,2007,4,"014112",12.8
130.85,-12.38,2007,5,"014112",NA
130.85,-12.38,2007,6,"014112",NA
130.85,-12.38,2007,7,"014112",NA
130.85,-12.38,2007,8,"014112",NA
130.85,-12.38,2007,9,"014112",NA
130.85,-12.38,2007,10,"014112",2.2
130.85,-12.38,2007,11,"014112",271.8
130.85,-12.38,2007,12,"014112",0
130.85,-12.38,2008,1,"014112",115.4
130.85,-12.38,2008,2,"014112",811.6
130.85,-12.38,2008,3,"014112",312.6
130.85,-12.38,2008,4,"014112",33.4
130.85,-12.38,2008,5,"014112",0.2
130.85,-12.38,2008,6,"014112",0.8
130.85,-12.38,2008,7,"014112",1
130.85,-12.38,2008,8,"014112",0
130.85,-12.38,2008,9,"014112",0
130.85,-12.38,2008,10,"014112",137.6
130.85,-12.38,2008,11,"014112",28.8
130.85,-12.38,2008,12,"014112",309.8
130.85,-12.38,2009,1,"014112",354.2
130.85,-12.38,2009,2,"014112",495.2
130.85,-12.38,2009,3,"014112",143.8
130.85,-12.38,2009,4,"014112",51.4
130.85,-12.38,2009,5,"014112",0
130.85,-12.38,2009,6,"014112",0
130.85,-12.38,2009,7,"014112",0
130.85,-12.38,2009,8,"014112",0.2
130.85,-12.38,2009,9,"014112",10.8
130.85,-12.38,2009,10,"014112",14
130.85,-12.38,2009,11,"014112",252
130.85,-12.38,2009,12,"014112",544
130.85,-12.38,2010,1,"014112",497.6
130.85,-12.38,2010,2,"014112",376.4
130.85,-12.38,2010,3,"014112",340.4
130.85,-12.38,2010,4,"014112",212.8
130.85,-12.38,2010,5,"014112",20.4
130.85,-12.38,2010,6,"014112",NA
130.85,-12.38,2010,7,"014112",NA
130.85,-12.38,2010,8,"014112",NA
130.85,-12.38,2010,9,"014112",NA
130.85,-12.38,2010,10,"014112",NA
130.85,-12.38,2010,11,"014112",NA
130.85,-12.38,2010,12,"014112",NA
130.85,-12.38,2011,1,"014112",NA
130.85,-12.38,2011,2,"014112",NA
130.85,-12.38,2011,3,"014112",NA
130.85,-12.38,2011,4,"014112",NA
130.85,-12.38,2011,5,"014112",NA
130.85,-12.38,2011,6,"014112",NA
130.85,-12.38,2011,7,"014112",NA
130.85,-12.38,2011,8,"014112",NA
130.85,-12.38,2011,9,"014112",6.6
130.85,-12.38,2011,10,"014112",71.4
130.85,-12.38,2011,11,"014112",108.4
130.85,-12.38,2011,12,"014112",191.4
130.85,-12.38,2012,1,"014112",422.8
130.85,-12.38,2012,2,"014112",172.4
130.85,-12.38,2012,3,"014112",375.2
130.85,-12.38,2012,4,"014112",63.6
130.85,-12.38,2012,5,"014112",41
130.85,-12.38,2012,6,"014112",0
130.85,-12.38,2012,7,"014112",0
130.85,-12.38,2012,8,"014112",0.4
130.85,-12.38,2012,9,"014112",43
130.85,-12.38,2012,10,"014112",31
130.85,-12.38,2012,11,"014112",120.2
130.85,-12.38,2012,12,"014112",97.8
130.85,-12.38,2013,1,"014112",188.8
130.85,-12.38,2013,2,"014112",189.6
130.85,-12.38,2013,3,"014112",305.4
130.85,-12.38,2013,4,"014112",80.4
130.85,-12.38,2013,5,"014112",41.8
130.85,-12.38,2013,6,"014112",0
130.85,-12.38,2013,7,"014112",0
130.85,-12.38,2013,8,"014112",7.8
130.85,-12.38,2013,9,"014112",0
130.85,-12.38,2013,10,"014112",122.6
130.85,-12.38,2013,11,"014112",268.6
130.85,-12.38,2013,12,"014112",231.6
130.85,-12.38,2014,1,"014112",415.6
130.85,-12.38,2014,2,"014112",293
130.85,-12.38,2014,3,"014112",81.8
130.85,-12.38,2014,4,"014112",NA
130.85,-12.38,2014,5,"014112",6.2
130.85,-12.38,2014,6,"014112",0
130.85,-12.38,2014,7,"014112",0
130.85,-12.38,2014,8,"014112",0
130.85,-12.38,2014,9,"014112",0
130.85,-12.38,2014,10,"014112",20
130.85,-12.38,2014,11,"014112",86
130.85,-12.38,2014,12,"014112",NA
130.85,-12.38,2015,1,"014112",NA
130.85,-12.38,2015,2,"014112",NA
130.85,-12.38,2015,3,"014112",NA
130.85,-12.38,2015,4,"014112",30
130.85,-12.38,2015,5,"014112",0
130.85,-12.38,2015,6,"014112",13.2
130.85,-12.38,2015,7,"014112",0
130.85,-12.38,2015,8,"014112",0
130.85,-12.38,2015,9,"014112",4
130.85,-12.38,2015,10,"014112",25
130.85,-12.38,2015,11,"014112",80.8
130.85,-12.38,2015,12,"014112",490.7
130.85,-12.38,2016,1,"014112",NA
130.85,-12.38,2016,2,"014112",218.9
130.85,-12.38,2016,3,"014112",190.6
130.85,-12.38,2016,4,"014112",34.8
130.85,-12.38,2016,5,"014112",37
130.85,-12.38,2016,6,"014112",0
130.85,-12.38,2016,7,"014112",0
130.85,-12.38,2016,8,"014112",0
130.85,-12.38,2016,9,"014112",39.8
130.85,-12.38,2016,10,"014112",NA
130.85,-12.38,2016,11,"014112",190.4
130.85,-12.38,2016,12,"014112",435.9
130.85,-12.38,2017,1,"014112",399.2
130.85,-12.38,2017,2,"014112",607.2
130.85,-12.38,2017,3,"014112",NA
130.85,-12.38,2017,4,"014112",141.2
130.85,-12.38,2017,5,"014112",0
130.85,-12.38,2017,6,"014112",0
130.85,-12.38,2017,7,"014112",0
130.85,-12.38,2017,8,"014112",0
130.85,-12.38,2017,9,"014112",0
130.85,-12.38,2017,10,"014112",22.6
130.85,-12.38,2017,11,"014112",193.8
130.85,-12.38,2017,12,"014112",NA
130.85,-12.38,2019,1,"014112",NA
130.85,-12.38,2019,2,"014112",0
130.85,-12.38,2019,3,"014112",NA
130.85,-12.38,2019,4,"014112",168.3
130.85,-12.38,2019,5,"014112",31.8
130.85,-12.38,2019,6,"014112",0
130.85,-12.38,2019,7,"014112",0
130.85,-12.38,2019,8,"014112",0.1
130.85,-12.38,2019,9,"014112",0
130.85,-12.38,2019,10,"014112",0.9
130.85,-12.38,2019,11,"014112",103.6
130.85,-12.38,2019,12,"014112",107.2
130.85,-12.38,2020,1,"014112",389.3
130.85,-12.38,2020,2,"014112",136.2
130.85,-12.38,2020,3,"014112",225.3
130.85,-12.38,2020,4,"014112",83.5
130.85,-12.38,2020,5,"014112",1.1
130.85,-12.38,2020,6,"014112",0
130.85,-12.38,2020,7,"014112",0
130.85,-12.38,2020,8,"014112",0
130.85,-12.38,2020,9,"014112",75.7
130.85,-12.38,2020,10,"014112",18.4
130.85,-12.38,2020,11,"014112",112.9
130.85,-12.38,2020,12,"014112",385
130.85,-12.38,2021,1,"014112",470.3
130.85,-12.38,2021,2,"014112",291.7
130.85,-12.38,2021,3,"014112",185.8
130.85,-12.38,2021,4,"014112",81.9
130.85,-12.38,2021,5,"014112",0
130.85,-12.38,2021,6,"014112",3
130.85,-12.38,2021,7,"014112",0
130.85,-12.38,2021,8,"014112",13.4
130.85,-12.38,2021,9,"014112",17.8
130.85,-12.38,2021,10,"014112",48
130.85,-12.38,2021,11,"014112",119.1
130.85,-12.38,2021,12,"014112",271.1
130.85,-12.38,2022,1,"014112",334.4
130.85,-12.38,2022,2,"014112",361.7
130.85,-12.38,2022,3,"014112",NA
130.85,-12.38,2022,4,"014112",NA
130.85,-12.38,2022,5,"014112",NA
130.85,-12.38,2022,6,"014112",NA
130.85,-12.38,2022,7,"014112",NA
130.85,-12.38,2022,8,"014112",NA
130.85,-12.38,2022,9,"014112",NA
130.85,-12.38,2022,10,"014112",NA
130.85,-12.38,2022,11,"014112",NA
130.85,-12.38,2022,12,"014112",NA
