"Lon","Lat","Year","Month","Station","Rain"
144.86,-25.89,1935,1,"044120",0
144.86,-25.89,1935,2,"044120",0
144.86,-25.89,1935,3,"044120",0
144.86,-25.89,1935,4,"044120",0
144.86,-25.89,1935,5,"044120",0
144.86,-25.89,1935,6,"044120",50.8
144.86,-25.89,1935,7,"044120",0
144.86,-25.89,1935,8,"044120",26.5
144.86,-25.89,1935,9,"044120",26.1
144.86,-25.89,1935,10,"044120",10.2
144.86,-25.89,1935,11,"044120",0
144.86,-25.89,1935,12,"044120",16.1
144.86,-25.89,1936,1,"044120",104.9
144.86,-25.89,1936,2,"044120",43.4
144.86,-25.89,1936,3,"044120",155
144.86,-25.89,1936,4,"044120",0
144.86,-25.89,1936,5,"044120",10.2
144.86,-25.89,1936,6,"044120",26.4
144.86,-25.89,1936,7,"044120",81.3
144.86,-25.89,1936,8,"044120",0
144.86,-25.89,1936,9,"044120",0
144.86,-25.89,1936,10,"044120",14.2
144.86,-25.89,1936,11,"044120",0
144.86,-25.89,1936,12,"044120",113.5
144.86,-25.89,1937,1,"044120",7.9
144.86,-25.89,1937,2,"044120",10.2
144.86,-25.89,1937,3,"044120",82.3
144.86,-25.89,1937,4,"044120",0
144.86,-25.89,1937,5,"044120",0
144.86,-25.89,1937,6,"044120",18.5
144.86,-25.89,1937,7,"044120",10.9
144.86,-25.89,1937,8,"044120",0
144.86,-25.89,1937,9,"044120",0
144.86,-25.89,1937,10,"044120",0
144.86,-25.89,1937,11,"044120",0
144.86,-25.89,1937,12,"044120",0
144.86,-25.89,1938,1,"044120",69
144.86,-25.89,1938,2,"044120",36.1
144.86,-25.89,1938,3,"044120",0
144.86,-25.89,1938,4,"044120",0
144.86,-25.89,1938,5,"044120",15.3
144.86,-25.89,1938,6,"044120",8.9
144.86,-25.89,1938,7,"044120",20.3
144.86,-25.89,1938,8,"044120",33
144.86,-25.89,1938,9,"044120",0
144.86,-25.89,1938,10,"044120",0
144.86,-25.89,1938,11,"044120",35.3
144.86,-25.89,1938,12,"044120",0
144.86,-25.89,1939,1,"044120",81.7
144.86,-25.89,1939,2,"044120",100.9
144.86,-25.89,1939,3,"044120",5.1
144.86,-25.89,1939,4,"044120",74.2
144.86,-25.89,1939,5,"044120",22.9
144.86,-25.89,1939,6,"044120",27.9
144.86,-25.89,1939,7,"044120",68
144.86,-25.89,1939,8,"044120",57.2
144.86,-25.89,1939,9,"044120",0
144.86,-25.89,1939,10,"044120",33.5
144.86,-25.89,1939,11,"044120",37.3
144.86,-25.89,1939,12,"044120",0
144.86,-25.89,1940,1,"044120",75.4
144.86,-25.89,1940,2,"044120",119.2
144.86,-25.89,1940,3,"044120",0
144.86,-25.89,1940,4,"044120",0
144.86,-25.89,1940,5,"044120",36.8
144.86,-25.89,1940,6,"044120",0
144.86,-25.89,1940,7,"044120",0
144.86,-25.89,1940,8,"044120",19.5
144.86,-25.89,1940,9,"044120",0
144.86,-25.89,1940,10,"044120",2.5
144.86,-25.89,1940,11,"044120",13.5
144.86,-25.89,1940,12,"044120",38.3
144.86,-25.89,1941,1,"044120",237.6
144.86,-25.89,1941,2,"044120",60.9
144.86,-25.89,1941,3,"044120",178.6
144.86,-25.89,1941,4,"044120",0
144.86,-25.89,1941,5,"044120",14.2
144.86,-25.89,1941,6,"044120",64.7
144.86,-25.89,1941,7,"044120",0
144.86,-25.89,1941,8,"044120",0
144.86,-25.89,1941,9,"044120",0
144.86,-25.89,1941,10,"044120",10.1
144.86,-25.89,1941,11,"044120",13.9
144.86,-25.89,1941,12,"044120",7.1
144.86,-25.89,1942,1,"044120",0
144.86,-25.89,1942,2,"044120",26.7
144.86,-25.89,1942,3,"044120",5.1
144.86,-25.89,1942,4,"044120",71.2
144.86,-25.89,1942,5,"044120",64.7
144.86,-25.89,1942,6,"044120",30.9
144.86,-25.89,1942,7,"044120",13.7
144.86,-25.89,1942,8,"044120",0
144.86,-25.89,1942,9,"044120",0
144.86,-25.89,1942,10,"044120",93.5
144.86,-25.89,1942,11,"044120",12.7
144.86,-25.89,1942,12,"044120",102.2
144.86,-25.89,1943,1,"044120",16.8
144.86,-25.89,1943,2,"044120",29.7
144.86,-25.89,1943,3,"044120",31.2
144.86,-25.89,1943,4,"044120",25.4
144.86,-25.89,1943,5,"044120",19.1
144.86,-25.89,1943,6,"044120",6.4
144.86,-25.89,1943,7,"044120",0
144.86,-25.89,1943,8,"044120",31
144.86,-25.89,1943,9,"044120",51.8
144.86,-25.89,1943,10,"044120",19.1
144.86,-25.89,1943,11,"044120",44.4
144.86,-25.89,1943,12,"044120",6.4
144.86,-25.89,1944,1,"044120",25.4
144.86,-25.89,1944,2,"044120",159.1
144.86,-25.89,1944,3,"044120",0
144.86,-25.89,1944,4,"044120",6.6
144.86,-25.89,1944,5,"044120",26.7
144.86,-25.89,1944,6,"044120",0
144.86,-25.89,1944,7,"044120",45.7
144.86,-25.89,1944,8,"044120",64.3
144.86,-25.89,1944,9,"044120",0
144.86,-25.89,1944,10,"044120",0
144.86,-25.89,1944,11,"044120",34.3
144.86,-25.89,1944,12,"044120",6.9
144.86,-25.89,1945,1,"044120",16
144.86,-25.89,1945,2,"044120",73.2
144.86,-25.89,1945,3,"044120",0
144.86,-25.89,1945,4,"044120",0
144.86,-25.89,1945,5,"044120",30.2
144.86,-25.89,1945,6,"044120",42.1
144.86,-25.89,1945,7,"044120",63.5
144.86,-25.89,1945,8,"044120",10.9
144.86,-25.89,1945,9,"044120",10.7
144.86,-25.89,1945,10,"044120",30.5
144.86,-25.89,1945,11,"044120",8.4
144.86,-25.89,1945,12,"044120",0
144.86,-25.89,1946,1,"044120",56.4
144.86,-25.89,1946,2,"044120",6.4
144.86,-25.89,1946,3,"044120",5.1
144.86,-25.89,1946,4,"044120",0
144.86,-25.89,1946,5,"044120",0
144.86,-25.89,1946,6,"044120",0
144.86,-25.89,1946,7,"044120",0
144.86,-25.89,1946,8,"044120",0
144.86,-25.89,1946,9,"044120",0
144.86,-25.89,1946,10,"044120",0
144.86,-25.89,1946,11,"044120",25.4
144.86,-25.89,1946,12,"044120",28.5
144.86,-25.89,1947,1,"044120",0
144.86,-25.89,1947,2,"044120",173.9
144.86,-25.89,1947,3,"044120",44.2
144.86,-25.89,1947,4,"044120",0
144.86,-25.89,1947,5,"044120",26.9
144.86,-25.89,1947,6,"044120",37.5
144.86,-25.89,1947,7,"044120",0
144.86,-25.89,1947,8,"044120",56.1
144.86,-25.89,1947,9,"044120",104.9
144.86,-25.89,1947,10,"044120",28.2
144.86,-25.89,1947,11,"044120",31.7
144.86,-25.89,1947,12,"044120",66.7
144.86,-25.89,1948,1,"044120",53.3
144.86,-25.89,1948,2,"044120",29.2
144.86,-25.89,1948,3,"044120",84.4
144.86,-25.89,1948,4,"044120",0
144.86,-25.89,1948,5,"044120",0
144.86,-25.89,1948,6,"044120",19.8
144.86,-25.89,1948,7,"044120",29.1
144.86,-25.89,1948,8,"044120",0
144.86,-25.89,1948,9,"044120",8.9
144.86,-25.89,1948,10,"044120",19.1
144.86,-25.89,1948,11,"044120",8.1
144.86,-25.89,1948,12,"044120",148.8
144.86,-25.89,1949,1,"044120",29.3
144.86,-25.89,1949,2,"044120",97
144.86,-25.89,1949,3,"044120",324
144.86,-25.89,1949,4,"044120",42.2
144.86,-25.89,1949,5,"044120",22.9
144.86,-25.89,1949,6,"044120",4.9
144.86,-25.89,1949,7,"044120",0
144.86,-25.89,1949,8,"044120",0
144.86,-25.89,1949,9,"044120",54.6
144.86,-25.89,1949,10,"044120",188.4
144.86,-25.89,1949,11,"044120",44.7
144.86,-25.89,1949,12,"044120",0
144.86,-25.89,1950,1,"044120",218.4
144.86,-25.89,1950,2,"044120",16.5
144.86,-25.89,1950,3,"044120",339.2
144.86,-25.89,1950,4,"044120",74.2
144.86,-25.89,1950,5,"044120",24.6
144.86,-25.89,1950,6,"044120",53.1
144.86,-25.89,1950,7,"044120",95.5
144.86,-25.89,1950,8,"044120",6.8
144.86,-25.89,1950,9,"044120",80
144.86,-25.89,1950,10,"044120",129.9
144.86,-25.89,1950,11,"044120",113.3
144.86,-25.89,1950,12,"044120",26.9
144.86,-25.89,1951,1,"044120",46.5
144.86,-25.89,1951,2,"044120",22.9
144.86,-25.89,1951,3,"044120",35.6
144.86,-25.89,1951,4,"044120",0
144.86,-25.89,1951,5,"044120",0
144.86,-25.89,1951,6,"044120",49.5
144.86,-25.89,1951,7,"044120",0
144.86,-25.89,1951,8,"044120",0
144.86,-25.89,1951,9,"044120",3.8
144.86,-25.89,1951,10,"044120",30.9
144.86,-25.89,1951,11,"044120",24.1
144.86,-25.89,1951,12,"044120",33
144.86,-25.89,1952,1,"044120",15.8
144.86,-25.89,1952,2,"044120",38.6
144.86,-25.89,1952,3,"044120",76.2
144.86,-25.89,1952,4,"044120",61.2
144.86,-25.89,1952,5,"044120",51.1
144.86,-25.89,1952,6,"044120",0
144.86,-25.89,1952,7,"044120",12.7
144.86,-25.89,1952,8,"044120",15.2
144.86,-25.89,1952,9,"044120",0
144.86,-25.89,1952,10,"044120",23.8
144.86,-25.89,1952,11,"044120",40.6
144.86,-25.89,1952,12,"044120",0
144.86,-25.89,1953,1,"044120",125.3
144.86,-25.89,1953,2,"044120",173.7
144.86,-25.89,1953,3,"044120",0
144.86,-25.89,1953,4,"044120",35.6
144.86,-25.89,1953,5,"044120",21.6
144.86,-25.89,1953,6,"044120",0
144.86,-25.89,1953,7,"044120",6.4
144.86,-25.89,1953,8,"044120",14
144.86,-25.89,1953,9,"044120",0
144.86,-25.89,1953,10,"044120",5.1
144.86,-25.89,1953,11,"044120",10.2
144.86,-25.89,1953,12,"044120",0
144.86,-25.89,1954,1,"044120",313.7
144.86,-25.89,1954,2,"044120",49.9
144.86,-25.89,1954,3,"044120",0
144.86,-25.89,1954,4,"044120",34.4
144.86,-25.89,1954,5,"044120",0
144.86,-25.89,1954,6,"044120",48
144.86,-25.89,1954,7,"044120",45.7
144.86,-25.89,1954,8,"044120",39.6
144.86,-25.89,1954,9,"044120",8.9
144.86,-25.89,1954,10,"044120",141.9
144.86,-25.89,1954,11,"044120",10.6
144.86,-25.89,1954,12,"044120",75.2
144.86,-25.89,1955,1,"044120",167.6
144.86,-25.89,1955,2,"044120",210.8
144.86,-25.89,1955,3,"044120",119.8
144.86,-25.89,1955,4,"044120",52.6
144.86,-25.89,1955,5,"044120",51.6
144.86,-25.89,1955,6,"044120",0
144.86,-25.89,1955,7,"044120",35
144.86,-25.89,1955,8,"044120",25.4
144.86,-25.89,1955,9,"044120",0
144.86,-25.89,1955,10,"044120",66
144.86,-25.89,1955,11,"044120",39.4
144.86,-25.89,1955,12,"044120",0
144.86,-25.89,1956,1,"044120",61.2
144.86,-25.89,1956,2,"044120",155.6
144.86,-25.89,1956,3,"044120",190.5
144.86,-25.89,1956,4,"044120",46.2
144.86,-25.89,1956,5,"044120",25.4
144.86,-25.89,1956,6,"044120",53.9
144.86,-25.89,1956,7,"044120",109.2
144.86,-25.89,1956,8,"044120",0
144.86,-25.89,1956,9,"044120",10.4
144.86,-25.89,1956,10,"044120",4.8
144.86,-25.89,1956,11,"044120",10.9
144.86,-25.89,1956,12,"044120",32
144.86,-25.89,1957,1,"044120",5.3
144.86,-25.89,1957,2,"044120",47
144.86,-25.89,1957,3,"044120",60.6
144.86,-25.89,1957,4,"044120",40.8
144.86,-25.89,1957,5,"044120",0
144.86,-25.89,1957,6,"044120",55.9
144.86,-25.89,1957,7,"044120",3.8
144.86,-25.89,1957,8,"044120",8.9
144.86,-25.89,1957,9,"044120",0
144.86,-25.89,1957,10,"044120",0
144.86,-25.89,1957,11,"044120",5.1
144.86,-25.89,1957,12,"044120",58.5
144.86,-25.89,1958,1,"044120",34.6
144.86,-25.89,1958,2,"044120",30.5
144.86,-25.89,1958,3,"044120",14
144.86,-25.89,1958,4,"044120",17.8
144.86,-25.89,1958,5,"044120",15.2
144.86,-25.89,1958,6,"044120",59.7
144.86,-25.89,1958,7,"044120",0
144.86,-25.89,1958,8,"044120",8.9
144.86,-25.89,1958,9,"044120",9.7
144.86,-25.89,1958,10,"044120",37.6
144.86,-25.89,1958,11,"044120",35.8
144.86,-25.89,1958,12,"044120",37.6
144.86,-25.89,1959,1,"044120",143.3
144.86,-25.89,1959,2,"044120",0
144.86,-25.89,1959,3,"044120",53.8
144.86,-25.89,1959,4,"044120",47.2
144.86,-25.89,1959,5,"044120",20.8
144.86,-25.89,1959,6,"044120",0
144.86,-25.89,1959,7,"044120",13.8
144.86,-25.89,1959,8,"044120",0
144.86,-25.89,1959,9,"044120",0
144.86,-25.89,1959,10,"044120",23.4
144.86,-25.89,1959,11,"044120",0
144.86,-25.89,1959,12,"044120",69.8
144.86,-25.89,1960,1,"044120",67.6
144.86,-25.89,1960,2,"044120",48.7
144.86,-25.89,1960,3,"044120",8.4
144.86,-25.89,1960,4,"044120",15.3
144.86,-25.89,1960,5,"044120",59.2
144.86,-25.89,1960,6,"044120",23.1
144.86,-25.89,1960,7,"044120",49.2
144.86,-25.89,1960,8,"044120",12.7
144.86,-25.89,1960,9,"044120",39.4
144.86,-25.89,1960,10,"044120",0
144.86,-25.89,1960,11,"044120",20.1
144.86,-25.89,1960,12,"044120",73.6
144.86,-25.89,1961,1,"044120",41.4
144.86,-25.89,1961,2,"044120",63.2
144.86,-25.89,1961,3,"044120",0
144.86,-25.89,1961,4,"044120",19
144.86,-25.89,1961,5,"044120",12.7
144.86,-25.89,1961,6,"044120",12.2
144.86,-25.89,1961,7,"044120",28.2
144.86,-25.89,1961,8,"044120",0
144.86,-25.89,1961,9,"044120",0
144.86,-25.89,1961,10,"044120",10.9
144.86,-25.89,1961,11,"044120",57.3
144.86,-25.89,1961,12,"044120",105.6
144.86,-25.89,1962,1,"044120",141.6
144.86,-25.89,1962,2,"044120",24.1
144.86,-25.89,1962,3,"044120",41.9
144.86,-25.89,1962,4,"044120",6.4
144.86,-25.89,1962,5,"044120",0
144.86,-25.89,1962,6,"044120",23.9
144.86,-25.89,1962,7,"044120",30.5
144.86,-25.89,1962,8,"044120",8.4
144.86,-25.89,1962,9,"044120",5.3
144.86,-25.89,1962,10,"044120",13.2
144.86,-25.89,1962,11,"044120",0
144.86,-25.89,1962,12,"044120",131.7
144.86,-25.89,1963,1,"044120",60.2
144.86,-25.89,1963,2,"044120",4.6
144.86,-25.89,1963,3,"044120",361.7
144.86,-25.89,1963,4,"044120",5.1
144.86,-25.89,1963,5,"044120",22.6
144.86,-25.89,1963,6,"044120",0
144.86,-25.89,1963,7,"044120",0
144.86,-25.89,1963,8,"044120",13.1
144.86,-25.89,1963,9,"044120",7.6
144.86,-25.89,1963,10,"044120",28.5
144.86,-25.89,1963,11,"044120",29.9
144.86,-25.89,1963,12,"044120",8.1
144.86,-25.89,1964,1,"044120",59.7
144.86,-25.89,1964,2,"044120",33.3
144.86,-25.89,1964,3,"044120",3
144.86,-25.89,1964,4,"044120",39.1
144.86,-25.89,1964,5,"044120",14.9
144.86,-25.89,1964,6,"044120",0
144.86,-25.89,1964,7,"044120",5.1
144.86,-25.89,1964,8,"044120",0
144.86,-25.89,1964,9,"044120",70.3
144.86,-25.89,1964,10,"044120",31.6
144.86,-25.89,1964,11,"044120",29.4
144.86,-25.89,1964,12,"044120",0
144.86,-25.89,1965,1,"044120",10.7
144.86,-25.89,1965,2,"044120",0
144.86,-25.89,1965,3,"044120",0
144.86,-25.89,1965,4,"044120",0
144.86,-25.89,1965,5,"044120",0
144.86,-25.89,1965,6,"044120",0
144.86,-25.89,1965,7,"044120",4.6
144.86,-25.89,1965,8,"044120",24.1
144.86,-25.89,1965,9,"044120",13.2
144.86,-25.89,1965,10,"044120",0
144.86,-25.89,1965,11,"044120",0
144.86,-25.89,1965,12,"044120",23.6
144.86,-25.89,1966,1,"044120",110.5
144.86,-25.89,1966,2,"044120",24.1
144.86,-25.89,1966,3,"044120",3
144.86,-25.89,1966,4,"044120",0
144.86,-25.89,1966,5,"044120",27.6
144.86,-25.89,1966,6,"044120",0
144.86,-25.89,1966,7,"044120",11.9
144.86,-25.89,1966,8,"044120",34.8
144.86,-25.89,1966,9,"044120",12.8
144.86,-25.89,1966,10,"044120",2
144.86,-25.89,1966,11,"044120",19.8
144.86,-25.89,1966,12,"044120",12.2
144.86,-25.89,1967,1,"044120",2
144.86,-25.89,1967,2,"044120",69.1
144.86,-25.89,1967,3,"044120",144.3
144.86,-25.89,1967,4,"044120",0
144.86,-25.89,1967,5,"044120",14.7
144.86,-25.89,1967,6,"044120",57.8
144.86,-25.89,1967,7,"044120",0
144.86,-25.89,1967,8,"044120",0
144.86,-25.89,1967,9,"044120",0
144.86,-25.89,1967,10,"044120",0
144.86,-25.89,1967,11,"044120",7.1
144.86,-25.89,1967,12,"044120",69.1
144.86,-25.89,1968,1,"044120",19
144.86,-25.89,1968,2,"044120",85.1
144.86,-25.89,1968,3,"044120",9.2
144.86,-25.89,1968,4,"044120",109.2
144.86,-25.89,1968,5,"044120",97.1
144.86,-25.89,1968,6,"044120",4.1
144.86,-25.89,1968,7,"044120",11.2
144.86,-25.89,1968,8,"044120",14.5
144.86,-25.89,1968,9,"044120",7.9
144.86,-25.89,1968,10,"044120",0
144.86,-25.89,1968,11,"044120",4
144.86,-25.89,1968,12,"044120",23.8
144.86,-25.89,1969,1,"044120",56.4
144.86,-25.89,1969,2,"044120",21.6
144.86,-25.89,1969,3,"044120",82.1
144.86,-25.89,1969,4,"044120",0
144.86,-25.89,1969,5,"044120",69.4
144.86,-25.89,1969,6,"044120",0
144.86,-25.89,1969,7,"044120",11.7
144.86,-25.89,1969,8,"044120",2.8
144.86,-25.89,1969,9,"044120",1.5
144.86,-25.89,1969,10,"044120",15.2
144.86,-25.89,1969,11,"044120",0
144.86,-25.89,1969,12,"044120",9.2
144.86,-25.89,1970,1,"044120",24.4
144.86,-25.89,1970,2,"044120",21.1
144.86,-25.89,1970,3,"044120",91
144.86,-25.89,1970,4,"044120",34
144.86,-25.89,1970,5,"044120",0
144.86,-25.89,1970,6,"044120",0
144.86,-25.89,1970,7,"044120",0
144.86,-25.89,1970,8,"044120",0
144.86,-25.89,1970,9,"044120",46.3
144.86,-25.89,1970,10,"044120",2.5
144.86,-25.89,1970,11,"044120",36.8
144.86,-25.89,1970,12,"044120",76.8
144.86,-25.89,1971,1,"044120",108.5
144.86,-25.89,1971,2,"044120",66.6
144.86,-25.89,1971,3,"044120",49.1
144.86,-25.89,1971,4,"044120",45.7
144.86,-25.89,1971,5,"044120",14
144.86,-25.89,1971,6,"044120",0
144.86,-25.89,1971,7,"044120",18.9
144.86,-25.89,1971,8,"044120",21.3
144.86,-25.89,1971,9,"044120",49.5
144.86,-25.89,1971,10,"044120",26.2
144.86,-25.89,1971,11,"044120",22.1
144.86,-25.89,1971,12,"044120",97.5
144.86,-25.89,1972,1,"044120",39.8
144.86,-25.89,1972,2,"044120",2
144.86,-25.89,1972,3,"044120",14
144.86,-25.89,1972,4,"044120",2.3
144.86,-25.89,1972,5,"044120",17.3
144.86,-25.89,1972,6,"044120",1.8
144.86,-25.89,1972,7,"044120",0
144.86,-25.89,1972,8,"044120",5.9
144.86,-25.89,1972,9,"044120",3.3
144.86,-25.89,1972,10,"044120",0
144.86,-25.89,1972,11,"044120",103.4
144.86,-25.89,1972,12,"044120",19.8
144.86,-25.89,1973,1,"044120",57.2
144.86,-25.89,1973,2,"044120",357.9
144.86,-25.89,1973,3,"044120",12.2
144.86,-25.89,1973,4,"044120",39.9
144.86,-25.89,1973,5,"044120",1.8
144.86,-25.89,1973,6,"044120",15.6
144.86,-25.89,1973,7,"044120",37.1
144.86,-25.89,1973,8,"044120",22.4
144.86,-25.89,1973,9,"044120",18.8
144.86,-25.89,1973,10,"044120",139.4
144.86,-25.89,1973,11,"044120",212.4
144.86,-25.89,1973,12,"044120",182.8
144.86,-25.89,1974,1,"044120",384.6
144.86,-25.89,1974,2,"044120",29.2
144.86,-25.89,1974,3,"044120",11.6
144.86,-25.89,1974,4,"044120",58.4
144.86,-25.89,1974,5,"044120",50.2
144.86,-25.89,1974,6,"044120",4
144.86,-25.89,1974,7,"044120",0
144.86,-25.89,1974,8,"044120",64.7
144.86,-25.89,1974,9,"044120",62.3
144.86,-25.89,1974,10,"044120",27.6
144.86,-25.89,1974,11,"044120",32
144.86,-25.89,1974,12,"044120",8.8
144.86,-25.89,1975,1,"044120",35.6
144.86,-25.89,1975,2,"044120",35
144.86,-25.89,1975,3,"044120",111.1
144.86,-25.89,1975,4,"044120",0
144.86,-25.89,1975,5,"044120",0
144.86,-25.89,1975,6,"044120",52.8
144.86,-25.89,1975,7,"044120",15.6
144.86,-25.89,1975,8,"044120",30.8
144.86,-25.89,1975,9,"044120",22.6
144.86,-25.89,1975,10,"044120",63.6
144.86,-25.89,1975,11,"044120",0.8
144.86,-25.89,1975,12,"044120",125.2
144.86,-25.89,1976,1,"044120",162.6
144.86,-25.89,1976,2,"044120",235.3
144.86,-25.89,1976,3,"044120",50.4
144.86,-25.89,1976,4,"044120",6.6
144.86,-25.89,1976,5,"044120",73.2
144.86,-25.89,1976,6,"044120",0
144.86,-25.89,1976,7,"044120",14.8
144.86,-25.89,1976,8,"044120",21.2
144.86,-25.89,1976,9,"044120",0
144.86,-25.89,1976,10,"044120",25.8
144.86,-25.89,1976,11,"044120",31
144.86,-25.89,1976,12,"044120",76.6
144.86,-25.89,1977,1,"044120",53.2
144.86,-25.89,1977,2,"044120",142
144.86,-25.89,1977,3,"044120",63.5
144.86,-25.89,1977,4,"044120",8
144.86,-25.89,1977,5,"044120",73.2
144.86,-25.89,1977,6,"044120",32
144.86,-25.89,1977,7,"044120",0
144.86,-25.89,1977,8,"044120",0
144.86,-25.89,1977,9,"044120",10.6
144.86,-25.89,1977,10,"044120",28
144.86,-25.89,1977,11,"044120",0
144.86,-25.89,1977,12,"044120",28.8
144.86,-25.89,1978,1,"044120",106
144.86,-25.89,1978,2,"044120",8.2
144.86,-25.89,1978,3,"044120",32.6
144.86,-25.89,1978,4,"044120",0
144.86,-25.89,1978,5,"044120",133
144.86,-25.89,1978,6,"044120",15.6
144.86,-25.89,1978,7,"044120",116.2
144.86,-25.89,1978,8,"044120",64.2
144.86,-25.89,1978,9,"044120",42.6
144.86,-25.89,1978,10,"044120",30.6
144.86,-25.89,1978,11,"044120",5.6
144.86,-25.89,1978,12,"044120",28.8
144.86,-25.89,1979,1,"044120",70.2
144.86,-25.89,1979,2,"044120",52
144.86,-25.89,1979,3,"044120",10.4
144.86,-25.89,1979,4,"044120",46
144.86,-25.89,1979,5,"044120",38.8
144.86,-25.89,1979,6,"044120",29.6
144.86,-25.89,1979,7,"044120",0
144.86,-25.89,1979,8,"044120",3
144.86,-25.89,1979,9,"044120",39.6
144.86,-25.89,1979,10,"044120",9.6
144.86,-25.89,1979,11,"044120",3.4
144.86,-25.89,1979,12,"044120",13
144.86,-25.89,1980,1,"044120",25.2
144.86,-25.89,1980,2,"044120",69.6
144.86,-25.89,1980,3,"044120",20
144.86,-25.89,1980,4,"044120",7.2
144.86,-25.89,1980,5,"044120",15.6
144.86,-25.89,1980,6,"044120",1.8
144.86,-25.89,1980,7,"044120",31.6
144.86,-25.89,1980,8,"044120",27
144.86,-25.89,1980,9,"044120",0
144.86,-25.89,1980,10,"044120",73.2
144.86,-25.89,1980,11,"044120",1.6
144.86,-25.89,1980,12,"044120",21.4
144.86,-25.89,1981,1,"044120",34
144.86,-25.89,1981,2,"044120",53.6
144.86,-25.89,1981,3,"044120",96.8
144.86,-25.89,1981,4,"044120",8.8
144.86,-25.89,1981,5,"044120",112.6
144.86,-25.89,1981,6,"044120",48.8
144.86,-25.89,1981,7,"044120",36.7
144.86,-25.89,1981,8,"044120",0
144.86,-25.89,1981,9,"044120",0
144.86,-25.89,1981,10,"044120",37.6
144.86,-25.89,1981,11,"044120",60.6
144.86,-25.89,1981,12,"044120",8.4
144.86,-25.89,1982,1,"044120",38.2
144.86,-25.89,1982,2,"044120",0
144.86,-25.89,1982,3,"044120",94
144.86,-25.89,1982,4,"044120",18.8
144.86,-25.89,1982,5,"044120",18.6
144.86,-25.89,1982,6,"044120",0
144.86,-25.89,1982,7,"044120",0
144.86,-25.89,1982,8,"044120",4.7
144.86,-25.89,1982,9,"044120",3.6
144.86,-25.89,1982,10,"044120",0
144.86,-25.89,1982,11,"044120",2.4
144.86,-25.89,1982,12,"044120",16.8
144.86,-25.89,1983,1,"044120",14
144.86,-25.89,1983,2,"044120",23.4
144.86,-25.89,1983,3,"044120",26
144.86,-25.89,1983,4,"044120",129.1
144.86,-25.89,1983,5,"044120",124
144.86,-25.89,1983,6,"044120",5.6
144.86,-25.89,1983,7,"044120",0
144.86,-25.89,1983,8,"044120",33.8
144.86,-25.89,1983,9,"044120",0
144.86,-25.89,1983,10,"044120",0
144.86,-25.89,1983,11,"044120",38.8
144.86,-25.89,1983,12,"044120",37.2
144.86,-25.89,1984,1,"044120",122.8
144.86,-25.89,1984,2,"044120",6.2
144.86,-25.89,1984,3,"044120",27.4
144.86,-25.89,1984,4,"044120",2.6
144.86,-25.89,1984,5,"044120",0
144.86,-25.89,1984,6,"044120",19.6
144.86,-25.89,1984,7,"044120",76.6
144.86,-25.89,1984,8,"044120",22.6
144.86,-25.89,1984,9,"044120",0
144.86,-25.89,1984,10,"044120",8.3
144.86,-25.89,1984,11,"044120",5
144.86,-25.89,1984,12,"044120",35
144.86,-25.89,1985,1,"044120",8.4
144.86,-25.89,1985,2,"044120",88.2
144.86,-25.89,1985,3,"044120",0
144.86,-25.89,1985,4,"044120",0
144.86,-25.89,1985,5,"044120",0
144.86,-25.89,1985,6,"044120",7.6
144.86,-25.89,1985,7,"044120",7.4
144.86,-25.89,1985,8,"044120",3
144.86,-25.89,1985,9,"044120",2.4
144.86,-25.89,1985,10,"044120",13.2
144.86,-25.89,1985,11,"044120",68.6
144.86,-25.89,1985,12,"044120",39.2
144.86,-25.89,1986,1,"044120",29.4
144.86,-25.89,1986,2,"044120",25.2
144.86,-25.89,1986,3,"044120",0
144.86,-25.89,1986,4,"044120",0
144.86,-25.89,1986,5,"044120",56.8
144.86,-25.89,1986,6,"044120",1.6
144.86,-25.89,1986,7,"044120",40.8
144.86,-25.89,1986,8,"044120",9.4
144.86,-25.89,1986,9,"044120",0
144.86,-25.89,1986,10,"044120",10.6
144.86,-25.89,1986,11,"044120",37.2
144.86,-25.89,1986,12,"044120",16.8
144.86,-25.89,1987,1,"044120",95.8
144.86,-25.89,1987,2,"044120",108.6
144.86,-25.89,1987,3,"044120",64.4
144.86,-25.89,1987,4,"044120",0
144.86,-25.89,1987,5,"044120",5.4
144.86,-25.89,1987,6,"044120",108.8
144.86,-25.89,1987,7,"044120",3.2
144.86,-25.89,1987,8,"044120",13.2
144.86,-25.89,1987,9,"044120",2
144.86,-25.89,1987,10,"044120",27.2
144.86,-25.89,1987,11,"044120",46.3
144.86,-25.89,1987,12,"044120",62
144.86,-25.89,1988,1,"044120",10.4
144.86,-25.89,1988,2,"044120",18
144.86,-25.89,1988,3,"044120",12.2
144.86,-25.89,1988,4,"044120",29.6
144.86,-25.89,1988,5,"044120",40.6
144.86,-25.89,1988,6,"044120",5.2
144.86,-25.89,1988,7,"044120",70.5
144.86,-25.89,1988,8,"044120",23
144.86,-25.89,1988,9,"044120",22.8
144.86,-25.89,1988,10,"044120",0
144.86,-25.89,1988,11,"044120",12.8
144.86,-25.89,1988,12,"044120",16.2
144.86,-25.89,1989,1,"044120",0
144.86,-25.89,1989,2,"044120",29
144.86,-25.89,1989,3,"044120",40.4
144.86,-25.89,1989,4,"044120",58.2
144.86,-25.89,1989,5,"044120",284.5
144.86,-25.89,1989,6,"044120",18.4
144.86,-25.89,1989,7,"044120",6
144.86,-25.89,1989,8,"044120",2.4
144.86,-25.89,1989,9,"044120",0
144.86,-25.89,1989,10,"044120",26
144.86,-25.89,1989,11,"044120",9.2
144.86,-25.89,1989,12,"044120",38
144.86,-25.89,1990,1,"044120",9.2
144.86,-25.89,1990,2,"044120",45
144.86,-25.89,1990,3,"044120",83.9
144.86,-25.89,1990,4,"044120",232.6
144.86,-25.89,1990,5,"044120",8.8
144.86,-25.89,1990,6,"044120",27.6
144.86,-25.89,1990,7,"044120",21.8
144.86,-25.89,1990,8,"044120",0
144.86,-25.89,1990,9,"044120",0
144.86,-25.89,1990,10,"044120",0
144.86,-25.89,1990,11,"044120",0
144.86,-25.89,1990,12,"044120",12.4
144.86,-25.89,1991,1,"044120",117
144.86,-25.89,1991,2,"044120",NA
144.86,-25.89,1991,3,"044120",0
144.86,-25.89,1991,4,"044120",0
144.86,-25.89,1991,5,"044120",11.2
144.86,-25.89,1991,6,"044120",0
144.86,-25.89,1991,7,"044120",8
144.86,-25.89,1991,8,"044120",0
144.86,-25.89,1991,9,"044120",0
144.86,-25.89,1991,10,"044120",11.2
144.86,-25.89,1991,11,"044120",81.6
144.86,-25.89,1991,12,"044120",43
144.86,-25.89,1992,1,"044120",27.4
144.86,-25.89,1992,2,"044120",33
144.86,-25.89,1992,3,"044120",5.2
144.86,-25.89,1992,4,"044120",0
144.86,-25.89,1992,5,"044120",8.9
144.86,-25.89,1992,6,"044120",0
144.86,-25.89,1992,7,"044120",10.2
144.86,-25.89,1992,8,"044120",0
144.86,-25.89,1992,9,"044120",0
144.86,-25.89,1992,10,"044120",12.2
144.86,-25.89,1992,11,"044120",14.2
144.86,-25.89,1992,12,"044120",33.6
144.86,-25.89,1993,1,"044120",149.2
144.86,-25.89,1993,2,"044120",5.6
144.86,-25.89,1993,3,"044120",2.8
144.86,-25.89,1993,4,"044120",8.3
144.86,-25.89,1993,5,"044120",0
144.86,-25.89,1993,6,"044120",0
144.86,-25.89,1993,7,"044120",12.4
144.86,-25.89,1993,8,"044120",56
144.86,-25.89,1993,9,"044120",32
144.86,-25.89,1993,10,"044120",46.5
144.86,-25.89,1993,11,"044120",16.4
144.86,-25.89,1993,12,"044120",38.2
144.86,-25.89,1994,1,"044120",21.2
144.86,-25.89,1994,2,"044120",219.5
144.86,-25.89,1994,3,"044120",14
144.86,-25.89,1994,4,"044120",0
144.86,-25.89,1994,5,"044120",0
144.86,-25.89,1994,6,"044120",34
144.86,-25.89,1994,7,"044120",0
144.86,-25.89,1994,8,"044120",0
144.86,-25.89,1994,9,"044120",0
144.86,-25.89,1994,10,"044120",39
144.86,-25.89,1994,11,"044120",32
144.86,-25.89,1994,12,"044120",0
144.86,-25.89,1995,1,"044120",99.2
144.86,-25.89,1995,2,"044120",4.2
144.86,-25.89,1995,3,"044120",0
144.86,-25.89,1995,4,"044120",0
144.86,-25.89,1995,5,"044120",39
144.86,-25.89,1995,6,"044120",9.2
144.86,-25.89,1995,7,"044120",0
144.86,-25.89,1995,8,"044120",1.3
144.86,-25.89,1995,9,"044120",4
144.86,-25.89,1995,10,"044120",24
144.86,-25.89,1995,11,"044120",55.2
144.86,-25.89,1995,12,"044120",39.4
144.86,-25.89,1996,1,"044120",77.1
144.86,-25.89,1996,2,"044120",10.7
144.86,-25.89,1996,3,"044120",36
144.86,-25.89,1996,4,"044120",45
144.86,-25.89,1996,5,"044120",1.5
144.86,-25.89,1996,6,"044120",7.5
144.86,-25.89,1996,7,"044120",43.2
144.86,-25.89,1996,8,"044120",23.4
144.86,-25.89,1996,9,"044120",12.4
144.86,-25.89,1996,10,"044120",33.7
144.86,-25.89,1996,11,"044120",38
144.86,-25.89,1996,12,"044120",49.8
144.86,-25.89,1997,1,"044120",83
144.86,-25.89,1997,2,"044120",131.4
144.86,-25.89,1997,3,"044120",12.4
144.86,-25.89,1997,4,"044120",0
144.86,-25.89,1997,5,"044120",80.4
144.86,-25.89,1997,6,"044120",17
144.86,-25.89,1997,7,"044120",0
144.86,-25.89,1997,8,"044120",4
144.86,-25.89,1997,9,"044120",28
144.86,-25.89,1997,10,"044120",4
144.86,-25.89,1997,11,"044120",53
144.86,-25.89,1997,12,"044120",85.5
144.86,-25.89,1998,1,"044120",54.5
144.86,-25.89,1998,2,"044120",49.5
144.86,-25.89,1998,3,"044120",5.5
144.86,-25.89,1998,4,"044120",63.6
144.86,-25.89,1998,5,"044120",26.5
144.86,-25.89,1998,6,"044120",52.5
144.86,-25.89,1998,7,"044120",65.5
144.86,-25.89,1998,8,"044120",21
144.86,-25.89,1998,9,"044120",59
144.86,-25.89,1998,10,"044120",17
144.86,-25.89,1998,11,"044120",50
144.86,-25.89,1998,12,"044120",44.5
144.86,-25.89,1999,1,"044120",108
144.86,-25.89,1999,2,"044120",47
144.86,-25.89,1999,3,"044120",130
144.86,-25.89,1999,4,"044120",37.7
144.86,-25.89,1999,5,"044120",29.5
144.86,-25.89,1999,6,"044120",NA
144.86,-25.89,1999,7,"044120",0
144.86,-25.89,1999,8,"044120",0
144.86,-25.89,1999,9,"044120",8.8
144.86,-25.89,1999,10,"044120",339
144.86,-25.89,1999,11,"044120",156.7
144.86,-25.89,1999,12,"044120",118.8
144.86,-25.89,2000,1,"044120",20.5
144.86,-25.89,2000,2,"044120",84.7
144.86,-25.89,2000,3,"044120",46.7
144.86,-25.89,2000,4,"044120",NA
144.86,-25.89,2000,5,"044120",118.1
144.86,-25.89,2000,6,"044120",22.5
144.86,-25.89,2000,7,"044120",6
144.86,-25.89,2000,8,"044120",15.5
144.86,-25.89,2000,9,"044120",0
144.86,-25.89,2000,10,"044120",47
144.86,-25.89,2000,11,"044120",157.2
144.86,-25.89,2000,12,"044120",47.7
144.86,-25.89,2001,1,"044120",88
144.86,-25.89,2001,2,"044120",70
144.86,-25.89,2001,3,"044120",2
144.86,-25.89,2001,4,"044120",0
144.86,-25.89,2001,5,"044120",0
144.86,-25.89,2001,6,"044120",65
144.86,-25.89,2001,7,"044120",7.5
144.86,-25.89,2001,8,"044120",0
144.86,-25.89,2001,9,"044120",6.1
144.86,-25.89,2001,10,"044120",25.5
144.86,-25.89,2001,11,"044120",NA
144.86,-25.89,2001,12,"044120",30
144.86,-25.89,2002,1,"044120",83
144.86,-25.89,2002,2,"044120",49
144.86,-25.89,2002,3,"044120",17
144.86,-25.89,2002,4,"044120",17.5
144.86,-25.89,2002,5,"044120",7
144.86,-25.89,2002,6,"044120",10
144.86,-25.89,2002,7,"044120",0
144.86,-25.89,2002,8,"044120",0
144.86,-25.89,2002,9,"044120",7
144.86,-25.89,2002,10,"044120",0
144.86,-25.89,2002,11,"044120",18
144.86,-25.89,2002,12,"044120",0
144.86,-25.89,2003,1,"044120",12
144.86,-25.89,2003,2,"044120",65
144.86,-25.89,2003,3,"044120",10
144.86,-25.89,2003,4,"044120",8
144.86,-25.89,2003,5,"044120",62
144.86,-25.89,2003,6,"044120",34
144.86,-25.89,2003,7,"044120",23.5
144.86,-25.89,2003,8,"044120",26
144.86,-25.89,2003,9,"044120",0
144.86,-25.89,2003,10,"044120",15
144.86,-25.89,2003,11,"044120",15
144.86,-25.89,2003,12,"044120",37.4
144.86,-25.89,2004,1,"044120",203.5
144.86,-25.89,2004,2,"044120",28
144.86,-25.89,2004,3,"044120",17
144.86,-25.89,2004,4,"044120",39
144.86,-25.89,2004,5,"044120",11
144.86,-25.89,2004,6,"044120",0
144.86,-25.89,2004,7,"044120",0
144.86,-25.89,2004,8,"044120",10
144.86,-25.89,2004,9,"044120",27
144.86,-25.89,2004,10,"044120",0
144.86,-25.89,2004,11,"044120",35
144.86,-25.89,2004,12,"044120",38
144.86,-25.89,2005,1,"044120",21
144.86,-25.89,2005,2,"044120",0
144.86,-25.89,2005,3,"044120",4
144.86,-25.89,2005,4,"044120",0
144.86,-25.89,2005,5,"044120",20
144.86,-25.89,2005,6,"044120",106
144.86,-25.89,2005,7,"044120",0
144.86,-25.89,2005,8,"044120",14
144.86,-25.89,2005,9,"044120",0
144.86,-25.89,2005,10,"044120",26
144.86,-25.89,2005,11,"044120",2.4
144.86,-25.89,2005,12,"044120",13.5
144.86,-25.89,2006,1,"044120",0
144.86,-25.89,2006,2,"044120",62.5
144.86,-25.89,2006,3,"044120",0
144.86,-25.89,2006,4,"044120",12
144.86,-25.89,2006,5,"044120",0
144.86,-25.89,2006,6,"044120",66
144.86,-25.89,2006,7,"044120",26
144.86,-25.89,2006,8,"044120",0
144.86,-25.89,2006,9,"044120",0
144.86,-25.89,2006,10,"044120",0
144.86,-25.89,2006,11,"044120",0
144.86,-25.89,2006,12,"044120",88
144.86,-25.89,2007,1,"044120",194
144.86,-25.89,2007,2,"044120",0
144.86,-25.89,2007,3,"044120",55.5
144.86,-25.89,2007,4,"044120",0
144.86,-25.89,2007,5,"044120",8
144.86,-25.89,2007,6,"044120",17
144.86,-25.89,2007,7,"044120",0
144.86,-25.89,2007,8,"044120",28
144.86,-25.89,2007,9,"044120",0
144.86,-25.89,2007,10,"044120",24
144.86,-25.89,2007,11,"044120",NA
144.86,-25.89,2007,12,"044120",135
144.86,-25.89,2009,1,"044120",111
144.86,-25.89,2009,2,"044120",0
144.86,-25.89,2009,3,"044120",17
144.86,-25.89,2009,4,"044120",167
144.86,-25.89,2009,5,"044120",11
144.86,-25.89,2009,6,"044120",86
144.86,-25.89,2009,7,"044120",0
144.86,-25.89,2009,8,"044120",0
144.86,-25.89,2009,9,"044120",12
144.86,-25.89,2009,10,"044120",70
144.86,-25.89,2009,11,"044120",7
144.86,-25.89,2009,12,"044120",85
144.86,-25.89,2010,1,"044120",74
144.86,-25.89,2010,2,"044120",308
144.86,-25.89,2010,3,"044120",189
144.86,-25.89,2010,4,"044120",21
144.86,-25.89,2010,5,"044120",14
144.86,-25.89,2010,6,"044120",0
144.86,-25.89,2010,7,"044120",80
144.86,-25.89,2010,8,"044120",50
144.86,-25.89,2010,9,"044120",NA
144.86,-25.89,2010,10,"044120",85
144.86,-25.89,2010,11,"044120",155
144.86,-25.89,2010,12,"044120",73
144.86,-25.89,2011,1,"044120",40
144.86,-25.89,2011,2,"044120",18
144.86,-25.89,2011,3,"044120",204
144.86,-25.89,2011,4,"044120",41
144.86,-25.89,2011,5,"044120",0
144.86,-25.89,2011,6,"044120",NA
144.86,-25.89,2011,7,"044120",16
144.86,-25.89,2011,8,"044120",0
144.86,-25.89,2011,9,"044120",39
144.86,-25.89,2011,10,"044120",0
144.86,-25.89,2011,11,"044120",26
144.86,-25.89,2011,12,"044120",162
144.86,-25.89,2012,1,"044120",NA
144.86,-25.89,2012,2,"044120",0
144.86,-25.89,2012,3,"044120",106
144.86,-25.89,2012,4,"044120",0
144.86,-25.89,2012,5,"044120",52
144.86,-25.89,2012,6,"044120",17
144.86,-25.89,2012,7,"044120",33
144.86,-25.89,2012,8,"044120",0
144.86,-25.89,2012,9,"044120",0
144.86,-25.89,2012,10,"044120",0
144.86,-25.89,2012,11,"044120",25
144.86,-25.89,2012,12,"044120",15
144.86,-25.89,2013,1,"044120",63
144.86,-25.89,2013,2,"044120",47
144.86,-25.89,2013,3,"044120",39
144.86,-25.89,2013,4,"044120",0
144.86,-25.89,2013,5,"044120",50
144.86,-25.89,2013,6,"044120",0
144.86,-25.89,2013,7,"044120",22
144.86,-25.89,2013,8,"044120",0
144.86,-25.89,2013,9,"044120",0
144.86,-25.89,2013,10,"044120",0
144.86,-25.89,2013,11,"044120",0
144.86,-25.89,2013,12,"044120",NA
144.86,-25.89,2014,1,"044120",42
144.86,-25.89,2014,2,"044120",115
144.86,-25.89,2014,3,"044120",20.5
144.86,-25.89,2014,4,"044120",0
144.86,-25.89,2014,5,"044120",0
144.86,-25.89,2014,6,"044120",16
144.86,-25.89,2014,7,"044120",0
144.86,-25.89,2014,8,"044120",44
144.86,-25.89,2014,9,"044120",31.5
144.86,-25.89,2014,10,"044120",12
144.86,-25.89,2014,11,"044120",0
144.86,-25.89,2014,12,"044120",129
144.86,-25.89,2015,1,"044120",0
144.86,-25.89,2015,2,"044120",0
144.86,-25.89,2015,3,"044120",0
144.86,-25.89,2015,4,"044120",17
144.86,-25.89,2015,5,"044120",17
144.86,-25.89,2015,6,"044120",76
144.86,-25.89,2015,7,"044120",0
144.86,-25.89,2015,8,"044120",13
144.86,-25.89,2015,9,"044120",0
144.86,-25.89,2015,10,"044120",NA
144.86,-25.89,2015,11,"044120",69
144.86,-25.89,2015,12,"044120",44
144.86,-25.89,2016,1,"044120",50
144.86,-25.89,2016,2,"044120",48
144.86,-25.89,2016,3,"044120",NA
144.86,-25.89,2016,4,"044120",NA
144.86,-25.89,2016,5,"044120",15
144.86,-25.89,2016,6,"044120",76
144.86,-25.89,2016,7,"044120",30
144.86,-25.89,2016,8,"044120",68
144.86,-25.89,2016,9,"044120",140
144.86,-25.89,2016,10,"044120",30.6
144.86,-25.89,2016,11,"044120",6
144.86,-25.89,2016,12,"044120",67
144.86,-25.89,2017,1,"044120",50
144.86,-25.89,2017,2,"044120",NA
144.86,-25.89,2017,3,"044120",10
144.86,-25.89,2017,4,"044120",NA
144.86,-25.89,2017,5,"044120",73
144.86,-25.89,2017,6,"044120",4.6
144.86,-25.89,2017,7,"044120",2
144.86,-25.89,2017,8,"044120",NA
144.86,-25.89,2017,9,"044120",NA
144.86,-25.89,2017,10,"044120",6
144.86,-25.89,2017,11,"044120",32.6
144.86,-25.89,2017,12,"044120",NA
144.86,-25.89,2018,1,"044120",NA
144.86,-25.89,2018,2,"044120",31
144.86,-25.89,2018,3,"044120",76
144.86,-25.89,2018,4,"044120",24
144.86,-25.89,2018,5,"044120",NA
144.86,-25.89,2018,6,"044120",9
144.86,-25.89,2018,7,"044120",NA
144.86,-25.89,2018,8,"044120",NA
144.86,-25.89,2018,9,"044120",NA
144.86,-25.89,2018,10,"044120",NA
144.86,-25.89,2018,11,"044120",17
144.86,-25.89,2018,12,"044120",13
144.86,-25.89,2019,1,"044120",38
144.86,-25.89,2019,2,"044120",22.6
144.86,-25.89,2019,3,"044120",230
144.86,-25.89,2019,4,"044120",64.6
144.86,-25.89,2019,5,"044120",6
144.86,-25.89,2019,6,"044120",NA
144.86,-25.89,2019,7,"044120",5
144.86,-25.89,2019,8,"044120",NA
144.86,-25.89,2019,9,"044120",NA
144.86,-25.89,2019,10,"044120",44
144.86,-25.89,2019,11,"044120",5
144.86,-25.89,2019,12,"044120",NA
144.86,-25.89,2020,1,"044120",54
144.86,-25.89,2020,2,"044120",87
144.86,-25.89,2020,3,"044120",97
144.86,-25.89,2020,4,"044120",18
144.86,-25.89,2020,5,"044120",15
144.86,-25.89,2020,6,"044120",0
144.86,-25.89,2020,7,"044120",9
144.86,-25.89,2020,8,"044120",20
144.86,-25.89,2020,9,"044120",10
144.86,-25.89,2020,10,"044120",0
144.86,-25.89,2020,11,"044120",0
144.86,-25.89,2020,12,"044120",77
