"Lon","Lat","Year","Month","Station","Rain"
141.31,-37.97,1907,1,"090036",NA
141.31,-37.97,1907,2,"090036",NA
141.31,-37.97,1907,3,"090036",NA
141.31,-37.97,1907,4,"090036",NA
141.31,-37.97,1907,5,"090036",NA
141.31,-37.97,1907,6,"090036",NA
141.31,-37.97,1907,7,"090036",109
141.31,-37.97,1907,8,"090036",135
141.31,-37.97,1907,9,"090036",47.2
141.31,-37.97,1907,10,"090036",58.8
141.31,-37.97,1907,11,"090036",52.2
141.31,-37.97,1907,12,"090036",36.7
141.31,-37.97,1908,1,"090036",7.3
141.31,-37.97,1908,2,"090036",44
141.31,-37.97,1908,3,"090036",53
141.31,-37.97,1908,4,"090036",16.1
141.31,-37.97,1908,5,"090036",92.3
141.31,-37.97,1908,6,"090036",107.4
141.31,-37.97,1908,7,"090036",128.5
141.31,-37.97,1908,8,"090036",NA
141.31,-37.97,1908,9,"090036",120.6
141.31,-37.97,1908,10,"090036",78.4
141.31,-37.97,1908,11,"090036",16.5
141.31,-37.97,1908,12,"090036",17.8
141.31,-37.97,1909,1,"090036",64.1
141.31,-37.97,1909,2,"090036",18.9
141.31,-37.97,1909,3,"090036",56.2
141.31,-37.97,1909,4,"090036",126.1
141.31,-37.97,1909,5,"090036",134
141.31,-37.97,1909,6,"090036",132.2
141.31,-37.97,1909,7,"090036",109.2
141.31,-37.97,1909,8,"090036",147.7
141.31,-37.97,1909,9,"090036",102.7
141.31,-37.97,1909,10,"090036",95.5
141.31,-37.97,1909,11,"090036",50.1
141.31,-37.97,1909,12,"090036",63.3
141.31,-37.97,1910,1,"090036",27.9
141.31,-37.97,1910,2,"090036",17.5
141.31,-37.97,1910,3,"090036",108.7
141.31,-37.97,1910,4,"090036",53.1
141.31,-37.97,1910,5,"090036",148.2
141.31,-37.97,1910,6,"090036",NA
141.31,-37.97,1910,7,"090036",NA
141.31,-37.97,1910,8,"090036",NA
141.31,-37.97,1910,9,"090036",NA
141.31,-37.97,1910,10,"090036",NA
141.31,-37.97,1910,11,"090036",NA
141.31,-37.97,1910,12,"090036",NA
141.31,-37.97,1912,1,"090036",3
141.31,-37.97,1912,2,"090036",30.5
141.31,-37.97,1912,3,"090036",46.2
141.31,-37.97,1912,4,"090036",29.5
141.31,-37.97,1912,5,"090036",37.6
141.31,-37.97,1912,6,"090036",67.1
141.31,-37.97,1912,7,"090036",47.8
141.31,-37.97,1912,8,"090036",106
141.31,-37.97,1912,9,"090036",196.6
141.31,-37.97,1912,10,"090036",44.7
141.31,-37.97,1912,11,"090036",101.1
141.31,-37.97,1912,12,"090036",73.3
141.31,-37.97,1913,1,"090036",7.4
141.31,-37.97,1913,2,"090036",19.8
141.31,-37.97,1913,3,"090036",95.2
141.31,-37.97,1913,4,"090036",22.1
141.31,-37.97,1913,5,"090036",29.5
141.31,-37.97,1913,6,"090036",50.7
141.31,-37.97,1913,7,"090036",19.9
141.31,-37.97,1913,8,"090036",181.5
141.31,-37.97,1913,9,"090036",38.4
141.31,-37.97,1913,10,"090036",23.1
141.31,-37.97,1913,11,"090036",63.8
141.31,-37.97,1913,12,"090036",48.8
141.31,-37.97,1914,1,"090036",15
141.31,-37.97,1914,2,"090036",0
141.31,-37.97,1914,3,"090036",29.5
141.31,-37.97,1914,4,"090036",99.1
141.31,-37.97,1914,5,"090036",101.4
141.31,-37.97,1914,6,"090036",41.6
141.31,-37.97,1914,7,"090036",82.5
141.31,-37.97,1914,8,"090036",17.3
141.31,-37.97,1914,9,"090036",20.5
141.31,-37.97,1914,10,"090036",17.8
141.31,-37.97,1914,11,"090036",36.1
141.31,-37.97,1914,12,"090036",31.5
141.31,-37.97,1915,1,"090036",26.3
141.31,-37.97,1915,2,"090036",9.7
141.31,-37.97,1915,3,"090036",38.3
141.31,-37.97,1915,4,"090036",48.7
141.31,-37.97,1915,5,"090036",101.1
141.31,-37.97,1915,6,"090036",181.4
141.31,-37.97,1915,7,"090036",40.6
141.31,-37.97,1915,8,"090036",141.2
141.31,-37.97,1915,9,"090036",143.3
141.31,-37.97,1915,10,"090036",108
141.31,-37.97,1915,11,"090036",NA
141.31,-37.97,1915,12,"090036",NA
141.31,-37.97,1917,1,"090036",NA
141.31,-37.97,1917,2,"090036",NA
141.31,-37.97,1917,3,"090036",NA
141.31,-37.97,1917,4,"090036",NA
141.31,-37.97,1917,5,"090036",12.2
141.31,-37.97,1917,6,"090036",12.4
141.31,-37.97,1917,7,"090036",148.9
141.31,-37.97,1917,8,"090036",80.6
141.31,-37.97,1917,9,"090036",111
141.31,-37.97,1917,10,"090036",125.3
141.31,-37.97,1917,11,"090036",39.8
141.31,-37.97,1917,12,"090036",18.8
141.31,-37.97,1918,1,"090036",31.2
141.31,-37.97,1918,2,"090036",24
141.31,-37.97,1918,3,"090036",21.3
141.31,-37.97,1918,4,"090036",29.8
141.31,-37.97,1918,5,"090036",81.5
141.31,-37.97,1918,6,"090036",108.2
141.31,-37.97,1918,7,"090036",99.4
141.31,-37.97,1918,8,"090036",90.2
141.31,-37.97,1918,9,"090036",92.4
141.31,-37.97,1918,10,"090036",95.4
141.31,-37.97,1918,11,"090036",34.9
141.31,-37.97,1918,12,"090036",41.4
141.31,-37.97,1919,1,"090036",12.5
141.31,-37.97,1919,2,"090036",69.1
141.31,-37.97,1919,3,"090036",48.7
141.31,-37.97,1919,4,"090036",8.6
141.31,-37.97,1919,5,"090036",80.6
141.31,-37.97,1919,6,"090036",98.5
141.31,-37.97,1919,7,"090036",98.6
141.31,-37.97,1919,8,"090036",126
141.31,-37.97,1919,9,"090036",126
141.31,-37.97,1919,10,"090036",NA
141.31,-37.97,1919,11,"090036",NA
141.31,-37.97,1919,12,"090036",NA
141.31,-37.97,1920,1,"090036",8.9
141.31,-37.97,1920,2,"090036",9.9
141.31,-37.97,1920,3,"090036",17.6
141.31,-37.97,1920,4,"090036",31.3
141.31,-37.97,1920,5,"090036",90.2
141.31,-37.97,1920,6,"090036",138.4
141.31,-37.97,1920,7,"090036",130.9
141.31,-37.97,1920,8,"090036",128
141.31,-37.97,1920,9,"090036",96.9
141.31,-37.97,1920,10,"090036",52.3
141.31,-37.97,1920,11,"090036",34
141.31,-37.97,1920,12,"090036",40.8
141.31,-37.97,1921,1,"090036",34.3
141.31,-37.97,1921,2,"090036",28
141.31,-37.97,1921,3,"090036",40.4
141.31,-37.97,1921,4,"090036",22.6
141.31,-37.97,1921,5,"090036",77.1
141.31,-37.97,1921,6,"090036",48.8
141.31,-37.97,1921,7,"090036",107
141.31,-37.97,1921,8,"090036",154.7
141.31,-37.97,1921,9,"090036",85.6
141.31,-37.97,1921,10,"090036",58.2
141.31,-37.97,1921,11,"090036",74.7
141.31,-37.97,1921,12,"090036",26.7
141.31,-37.97,1922,1,"090036",15.8
141.31,-37.97,1922,2,"090036",3.6
141.31,-37.97,1922,3,"090036",19.5
141.31,-37.97,1922,4,"090036",45.9
141.31,-37.97,1922,5,"090036",90.7
141.31,-37.97,1922,6,"090036",102.4
141.31,-37.97,1922,7,"090036",82.9
141.31,-37.97,1922,8,"090036",101.9
141.31,-37.97,1922,9,"090036",94.1
141.31,-37.97,1922,10,"090036",108.2
141.31,-37.97,1922,11,"090036",41.4
141.31,-37.97,1922,12,"090036",54.3
141.31,-37.97,1923,1,"090036",19.8
141.31,-37.97,1923,2,"090036",16
141.31,-37.97,1923,3,"090036",2.3
141.31,-37.97,1923,4,"090036",0
141.31,-37.97,1923,5,"090036",158.2
141.31,-37.97,1923,6,"090036",138.7
141.31,-37.97,1923,7,"090036",172.2
141.31,-37.97,1923,8,"090036",89
141.31,-37.97,1923,9,"090036",121.4
141.31,-37.97,1923,10,"090036",94.3
141.31,-37.97,1923,11,"090036",89.4
141.31,-37.97,1923,12,"090036",52.9
141.31,-37.97,1924,1,"090036",47.3
141.31,-37.97,1924,2,"090036",116.6
141.31,-37.97,1924,3,"090036",65.9
141.31,-37.97,1924,4,"090036",40
141.31,-37.97,1924,5,"090036",86.2
141.31,-37.97,1924,6,"090036",87.9
141.31,-37.97,1924,7,"090036",54.3
141.31,-37.97,1924,8,"090036",108.7
141.31,-37.97,1924,9,"090036",102.8
141.31,-37.97,1924,10,"090036",68.7
141.31,-37.97,1924,11,"090036",64.3
141.31,-37.97,1924,12,"090036",28.4
141.31,-37.97,1925,1,"090036",34.3
141.31,-37.97,1925,2,"090036",26.7
141.31,-37.97,1925,3,"090036",8.4
141.31,-37.97,1925,4,"090036",43.1
141.31,-37.97,1925,5,"090036",108.3
141.31,-37.97,1925,6,"090036",48.3
141.31,-37.97,1925,7,"090036",106.4
141.31,-37.97,1925,8,"090036",65.5
141.31,-37.97,1925,9,"090036",98.6
141.31,-37.97,1925,10,"090036",33.8
141.31,-37.97,1925,11,"090036",46.7
141.31,-37.97,1925,12,"090036",20
141.31,-37.97,1926,1,"090036",12.3
141.31,-37.97,1926,2,"090036",28.9
141.31,-37.97,1926,3,"090036",15.7
141.31,-37.97,1926,4,"090036",64.5
141.31,-37.97,1926,5,"090036",143.3
141.31,-37.97,1926,6,"090036",89.8
141.31,-37.97,1926,7,"090036",116.2
141.31,-37.97,1926,8,"090036",106.9
141.31,-37.97,1926,9,"090036",78.1
141.31,-37.97,1926,10,"090036",89.4
141.31,-37.97,1926,11,"090036",43
141.31,-37.97,1926,12,"090036",62.4
141.31,-37.97,1927,1,"090036",24.4
141.31,-37.97,1927,2,"090036",15.5
141.31,-37.97,1927,3,"090036",48.5
141.31,-37.97,1927,4,"090036",22
141.31,-37.97,1927,5,"090036",127.4
141.31,-37.97,1927,6,"090036",48.1
141.31,-37.97,1927,7,"090036",91.5
141.31,-37.97,1927,8,"090036",170.2
141.31,-37.97,1927,9,"090036",48.5
141.31,-37.97,1927,10,"090036",25.4
141.31,-37.97,1927,11,"090036",57.2
141.31,-37.97,1927,12,"090036",83.3
141.31,-37.97,1928,1,"090036",73.7
141.31,-37.97,1928,2,"090036",74.1
141.31,-37.97,1928,3,"090036",16.6
141.31,-37.97,1928,4,"090036",63.8
141.31,-37.97,1928,5,"090036",86
141.31,-37.97,1928,6,"090036",92.1
141.31,-37.97,1928,7,"090036",100.5
141.31,-37.97,1928,8,"090036",42.7
141.31,-37.97,1928,9,"090036",126.9
141.31,-37.97,1928,10,"090036",124.9
141.31,-37.97,1928,11,"090036",39.9
141.31,-37.97,1928,12,"090036",4.6
141.31,-37.97,1929,1,"090036",52.3
141.31,-37.97,1929,2,"090036",5.6
141.31,-37.97,1929,3,"090036",10.4
141.31,-37.97,1929,4,"090036",94.1
141.31,-37.97,1929,5,"090036",80.8
141.31,-37.97,1929,6,"090036",152.4
141.31,-37.97,1929,7,"090036",139.5
141.31,-37.97,1929,8,"090036",83.4
141.31,-37.97,1929,9,"090036",117.5
141.31,-37.97,1929,10,"090036",94.6
141.31,-37.97,1929,11,"090036",41.9
141.31,-37.97,1929,12,"090036",85.8
141.31,-37.97,1930,1,"090036",6.4
141.31,-37.97,1930,2,"090036",60
141.31,-37.97,1930,3,"090036",10.3
141.31,-37.97,1930,4,"090036",43.2
141.31,-37.97,1930,5,"090036",23
141.31,-37.97,1930,6,"090036",7.6
141.31,-37.97,1930,7,"090036",114.7
141.31,-37.97,1930,8,"090036",156.7
141.31,-37.97,1930,9,"090036",103.9
141.31,-37.97,1930,10,"090036",84.4
141.31,-37.97,1930,11,"090036",53.3
141.31,-37.97,1930,12,"090036",42.2
141.31,-37.97,1931,1,"090036",12.5
141.31,-37.97,1931,2,"090036",17.8
141.31,-37.97,1931,3,"090036",42.7
141.31,-37.97,1931,4,"090036",58.5
141.31,-37.97,1931,5,"090036",135
141.31,-37.97,1931,6,"090036",128.3
141.31,-37.97,1931,7,"090036",144.4
141.31,-37.97,1931,8,"090036",150.3
141.31,-37.97,1931,9,"090036",80.1
141.31,-37.97,1931,10,"090036",26.4
141.31,-37.97,1931,11,"090036",95
141.31,-37.97,1931,12,"090036",7.6
141.31,-37.97,1932,1,"090036",14.5
141.31,-37.97,1932,2,"090036",149.8
141.31,-37.97,1932,3,"090036",179.1
141.31,-37.97,1932,4,"090036",199.1
141.31,-37.97,1932,5,"090036",38.6
141.31,-37.97,1932,6,"090036",279.3
141.31,-37.97,1932,7,"090036",96.1
141.31,-37.97,1932,8,"090036",191.8
141.31,-37.97,1932,9,"090036",20.1
141.31,-37.97,1932,10,"090036",43.9
141.31,-37.97,1932,11,"090036",2.3
141.31,-37.97,1932,12,"090036",43.9
141.31,-37.97,1933,1,"090036",24.4
141.31,-37.97,1933,2,"090036",0
141.31,-37.97,1933,3,"090036",27.9
141.31,-37.97,1933,4,"090036",142.3
141.31,-37.97,1933,5,"090036",126.5
141.31,-37.97,1933,6,"090036",104.6
141.31,-37.97,1933,7,"090036",121.1
141.31,-37.97,1933,8,"090036",150.8
141.31,-37.97,1933,9,"090036",76.5
141.31,-37.97,1933,10,"090036",66.5
141.31,-37.97,1933,11,"090036",72
141.31,-37.97,1933,12,"090036",39.4
141.31,-37.97,1934,1,"090036",7.6
141.31,-37.97,1934,2,"090036",10.2
141.31,-37.97,1934,3,"090036",5.1
141.31,-37.97,1934,4,"090036",139.7
141.31,-37.97,1934,5,"090036",35.5
141.31,-37.97,1934,6,"090036",92.9
141.31,-37.97,1934,7,"090036",156.1
141.31,-37.97,1934,8,"090036",249.3
141.31,-37.97,1934,9,"090036",189.1
141.31,-37.97,1934,10,"090036",146.2
141.31,-37.97,1934,11,"090036",87.2
141.31,-37.97,1934,12,"090036",29.9
141.31,-37.97,1935,1,"090036",18.5
141.31,-37.97,1935,2,"090036",17.7
141.31,-37.97,1935,3,"090036",58.7
141.31,-37.97,1935,4,"090036",147.8
141.31,-37.97,1935,5,"090036",169
141.31,-37.97,1935,6,"090036",174.2
141.31,-37.97,1935,7,"090036",224.7
141.31,-37.97,1935,8,"090036",163.6
141.31,-37.97,1935,9,"090036",108
141.31,-37.97,1935,10,"090036",106.9
141.31,-37.97,1935,11,"090036",42.6
141.31,-37.97,1935,12,"090036",29.5
141.31,-37.97,1936,1,"090036",35.5
141.31,-37.97,1936,2,"090036",0
141.31,-37.97,1936,3,"090036",10.2
141.31,-37.97,1936,4,"090036",53.3
141.31,-37.97,1936,5,"090036",65
141.31,-37.97,1936,6,"090036",124.8
141.31,-37.97,1936,7,"090036",117.6
141.31,-37.97,1936,8,"090036",237
141.31,-37.97,1936,9,"090036",36.2
141.31,-37.97,1936,10,"090036",95.6
141.31,-37.97,1936,11,"090036",31.5
141.31,-37.97,1936,12,"090036",122
141.31,-37.97,1937,1,"090036",104.3
141.31,-37.97,1937,2,"090036",6.1
141.31,-37.97,1937,3,"090036",39.4
141.31,-37.97,1937,4,"090036",45.2
141.31,-37.97,1937,5,"090036",143.5
141.31,-37.97,1937,6,"090036",17.8
141.31,-37.97,1937,7,"090036",107.7
141.31,-37.97,1937,8,"090036",103.3
141.31,-37.97,1937,9,"090036",146.9
141.31,-37.97,1937,10,"090036",NA
141.31,-37.97,1937,11,"090036",NA
141.31,-37.97,1937,12,"090036",NA
141.31,-37.97,1938,1,"090036",NA
141.31,-37.97,1938,2,"090036",NA
141.31,-37.97,1938,3,"090036",NA
141.31,-37.97,1938,4,"090036",NA
141.31,-37.97,1938,5,"090036",NA
141.31,-37.97,1938,6,"090036",NA
141.31,-37.97,1938,7,"090036",NA
141.31,-37.97,1938,8,"090036",NA
141.31,-37.97,1938,9,"090036",NA
141.31,-37.97,1938,10,"090036",NA
141.31,-37.97,1938,11,"090036",37.2
141.31,-37.97,1938,12,"090036",36.2
141.31,-37.97,1939,1,"090036",11.2
141.31,-37.97,1939,2,"090036",20.2
141.31,-37.97,1939,3,"090036",19.7
141.31,-37.97,1939,4,"090036",112.5
141.31,-37.97,1939,5,"090036",41.5
141.31,-37.97,1939,6,"090036",134.1
141.31,-37.97,1939,7,"090036",69.8
141.31,-37.97,1939,8,"090036",176
141.31,-37.97,1939,9,"090036",111
141.31,-37.97,1939,10,"090036",92.2
141.31,-37.97,1939,11,"090036",109.2
141.31,-37.97,1939,12,"090036",35.3
141.31,-37.97,1940,1,"090036",63.9
141.31,-37.97,1940,2,"090036",38.5
141.31,-37.97,1940,3,"090036",28.1
141.31,-37.97,1940,4,"090036",86
141.31,-37.97,1940,5,"090036",50
141.31,-37.97,1940,6,"090036",74.1
141.31,-37.97,1940,7,"090036",158.4
141.31,-37.97,1940,8,"090036",50.2
141.31,-37.97,1940,9,"090036",41.6
141.31,-37.97,1940,10,"090036",36.7
141.31,-37.97,1940,11,"090036",75.5
141.31,-37.97,1940,12,"090036",40.8
141.31,-37.97,1941,1,"090036",43
141.31,-37.97,1941,2,"090036",23
141.31,-37.97,1941,3,"090036",67.5
141.31,-37.97,1941,4,"090036",70.5
141.31,-37.97,1941,5,"090036",57
141.31,-37.97,1941,6,"090036",74.7
141.31,-37.97,1941,7,"090036",115.5
141.31,-37.97,1941,8,"090036",67.8
141.31,-37.97,1941,9,"090036",140.3
141.31,-37.97,1941,10,"090036",46.8
141.31,-37.97,1941,11,"090036",18.3
141.31,-37.97,1941,12,"090036",35.4
141.31,-37.97,1942,1,"090036",38.1
141.31,-37.97,1942,2,"090036",32.3
141.31,-37.97,1942,3,"090036",35.4
141.31,-37.97,1942,4,"090036",59.3
141.31,-37.97,1942,5,"090036",192.2
141.31,-37.97,1942,6,"090036",78.9
141.31,-37.97,1942,7,"090036",157.5
141.31,-37.97,1942,8,"090036",170.6
141.31,-37.97,1942,9,"090036",105.9
141.31,-37.97,1942,10,"090036",35.8
141.31,-37.97,1942,11,"090036",36.7
141.31,-37.97,1942,12,"090036",34.3
141.31,-37.97,1943,1,"090036",15.8
141.31,-37.97,1943,2,"090036",48.9
141.31,-37.97,1943,3,"090036",13.7
141.31,-37.97,1943,4,"090036",108.5
141.31,-37.97,1943,5,"090036",55.8
141.31,-37.97,1943,6,"090036",78.3
141.31,-37.97,1943,7,"090036",155.6
141.31,-37.97,1943,8,"090036",124.5
141.31,-37.97,1943,9,"090036",92.9
141.31,-37.97,1943,10,"090036",50.3
141.31,-37.97,1943,11,"090036",39.8
141.31,-37.97,1943,12,"090036",6.4
141.31,-37.97,1944,1,"090036",16.3
141.31,-37.97,1944,2,"090036",41.2
141.31,-37.97,1944,3,"090036",17.7
141.31,-37.97,1944,4,"090036",86.5
141.31,-37.97,1944,5,"090036",130.2
141.31,-37.97,1944,6,"090036",48.7
141.31,-37.97,1944,7,"090036",122.7
141.31,-37.97,1944,8,"090036",28.7
141.31,-37.97,1944,9,"090036",45.2
141.31,-37.97,1944,10,"090036",96.4
141.31,-37.97,1944,11,"090036",62
141.31,-37.97,1944,12,"090036",61.2
141.31,-37.97,1945,1,"090036",19.6
141.31,-37.97,1945,2,"090036",119.1
141.31,-37.97,1945,3,"090036",14
141.31,-37.97,1945,4,"090036",18.8
141.31,-37.97,1945,5,"090036",71.9
141.31,-37.97,1945,6,"090036",81.3
141.31,-37.97,1945,7,"090036",77.8
141.31,-37.97,1945,8,"090036",134.3
141.31,-37.97,1945,9,"090036",73.5
141.31,-37.97,1945,10,"090036",99.9
141.31,-37.97,1945,11,"090036",62.3
141.31,-37.97,1945,12,"090036",49.6
141.31,-37.97,1946,1,"090036",77.5
141.31,-37.97,1946,2,"090036",99.7
141.31,-37.97,1946,3,"090036",302.1
141.31,-37.97,1946,4,"090036",36.2
141.31,-37.97,1946,5,"090036",94.5
141.31,-37.97,1946,6,"090036",106.5
141.31,-37.97,1946,7,"090036",166.2
141.31,-37.97,1946,8,"090036",133.5
141.31,-37.97,1946,9,"090036",99.7
141.31,-37.97,1946,10,"090036",80.1
141.31,-37.97,1946,11,"090036",32.4
141.31,-37.97,1946,12,"090036",106.7
141.31,-37.97,1947,1,"090036",35.7
141.31,-37.97,1947,2,"090036",26.9
141.31,-37.97,1947,3,"090036",146.7
141.31,-37.97,1947,4,"090036",96.4
141.31,-37.97,1947,5,"090036",86.1
141.31,-37.97,1947,6,"090036",142.7
141.31,-37.97,1947,7,"090036",207.7
141.31,-37.97,1947,8,"090036",126.7
141.31,-37.97,1947,9,"090036",84.3
141.31,-37.97,1947,10,"090036",133.5
141.31,-37.97,1947,11,"090036",88.2
141.31,-37.97,1947,12,"090036",37.7
141.31,-37.97,1948,1,"090036",35
141.31,-37.97,1948,2,"090036",12.9
141.31,-37.97,1948,3,"090036",29.9
141.31,-37.97,1948,4,"090036",98
141.31,-37.97,1948,5,"090036",92.3
141.31,-37.97,1948,6,"090036",44.6
141.31,-37.97,1948,7,"090036",83.1
141.31,-37.97,1948,8,"090036",104.7
141.31,-37.97,1948,9,"090036",62.9
141.31,-37.97,1948,10,"090036",111.3
141.31,-37.97,1948,11,"090036",60.2
141.31,-37.97,1948,12,"090036",35.4
141.31,-37.97,1949,1,"090036",74.2
141.31,-37.97,1949,2,"090036",105.8
141.31,-37.97,1949,3,"090036",15.1
141.31,-37.97,1949,4,"090036",28
141.31,-37.97,1949,5,"090036",77.8
141.31,-37.97,1949,6,"090036",51.9
141.31,-37.97,1949,7,"090036",76.7
141.31,-37.97,1949,8,"090036",43.6
141.31,-37.97,1949,9,"090036",70.5
141.31,-37.97,1949,10,"090036",133.7
141.31,-37.97,1949,11,"090036",96.3
141.31,-37.97,1949,12,"090036",16.5
141.31,-37.97,1950,1,"090036",34.3
141.31,-37.97,1950,2,"090036",21.3
141.31,-37.97,1950,3,"090036",19.5
141.31,-37.97,1950,4,"090036",45.5
141.31,-37.97,1950,5,"090036",40.1
141.31,-37.97,1950,6,"090036",40
141.31,-37.97,1950,7,"090036",69.4
141.31,-37.97,1950,8,"090036",94.5
141.31,-37.97,1950,9,"090036",99.6
141.31,-37.97,1950,10,"090036",94
141.31,-37.97,1950,11,"090036",51.4
141.31,-37.97,1950,12,"090036",23.6
141.31,-37.97,1951,1,"090036",6.3
141.31,-37.97,1951,2,"090036",27.3
141.31,-37.97,1951,3,"090036",9.8
141.31,-37.97,1951,4,"090036",139.8
141.31,-37.97,1951,5,"090036",149.1
141.31,-37.97,1951,6,"090036",78.6
141.31,-37.97,1951,7,"090036",157.2
141.31,-37.97,1951,8,"090036",160.4
141.31,-37.97,1951,9,"090036",48.7
141.31,-37.97,1951,10,"090036",123.5
141.31,-37.97,1951,11,"090036",49.9
141.31,-37.97,1951,12,"090036",58.3
141.31,-37.97,1952,1,"090036",118.6
141.31,-37.97,1952,2,"090036",38.5
141.31,-37.97,1952,3,"090036",13.5
141.31,-37.97,1952,4,"090036",128.4
141.31,-37.97,1952,5,"090036",126.6
141.31,-37.97,1952,6,"090036",162
141.31,-37.97,1952,7,"090036",87.6
141.31,-37.97,1952,8,"090036",112.7
141.31,-37.97,1952,9,"090036",127.9
141.31,-37.97,1952,10,"090036",52.5
141.31,-37.97,1952,11,"090036",107.9
141.31,-37.97,1952,12,"090036",48
141.31,-37.97,1953,1,"090036",21.9
141.31,-37.97,1953,2,"090036",15.1
141.31,-37.97,1953,3,"090036",6
141.31,-37.97,1953,4,"090036",63.7
141.31,-37.97,1953,5,"090036",89.4
141.31,-37.97,1953,6,"090036",143.3
141.31,-37.97,1953,7,"090036",135.5
141.31,-37.97,1953,8,"090036",132.6
141.31,-37.97,1953,9,"090036",90.7
141.31,-37.97,1953,10,"090036",79
141.31,-37.97,1953,11,"090036",144
141.31,-37.97,1953,12,"090036",69.3
141.31,-37.97,1954,1,"090036",27.7
141.31,-37.97,1954,2,"090036",12.5
141.31,-37.97,1954,3,"090036",51.9
141.31,-37.97,1954,4,"090036",112.2
141.31,-37.97,1954,5,"090036",61.9
141.31,-37.97,1954,6,"090036",123.7
141.31,-37.97,1954,7,"090036",62.3
141.31,-37.97,1954,8,"090036",79.3
141.31,-37.97,1954,9,"090036",66.2
141.31,-37.97,1954,10,"090036",56.9
141.31,-37.97,1954,11,"090036",55.9
141.31,-37.97,1954,12,"090036",48.8
141.31,-37.97,1955,1,"090036",17
141.31,-37.97,1955,2,"090036",36.1
141.31,-37.97,1955,3,"090036",4.6
141.31,-37.97,1955,4,"090036",85
141.31,-37.97,1955,5,"090036",157.5
141.31,-37.97,1955,6,"090036",163.1
141.31,-37.97,1955,7,"090036",119.9
141.31,-37.97,1955,8,"090036",172.7
141.31,-37.97,1955,9,"090036",67
141.31,-37.97,1955,10,"090036",88.4
141.31,-37.97,1955,11,"090036",66.2
141.31,-37.97,1955,12,"090036",43.6
141.31,-37.97,1956,1,"090036",33.6
141.31,-37.97,1956,2,"090036",0
141.31,-37.97,1956,3,"090036",37.3
141.31,-37.97,1956,4,"090036",122.6
141.31,-37.97,1956,5,"090036",77.5
141.31,-37.97,1956,6,"090036",162
141.31,-37.97,1956,7,"090036",105.1
141.31,-37.97,1956,8,"090036",137.3
141.31,-37.97,1956,9,"090036",87.9
141.31,-37.97,1956,10,"090036",77.8
141.31,-37.97,1956,11,"090036",74.6
141.31,-37.97,1956,12,"090036",55.3
141.31,-37.97,1957,1,"090036",5.1
141.31,-37.97,1957,2,"090036",29.9
141.31,-37.97,1957,3,"090036",38
141.31,-37.97,1957,4,"090036",70.1
141.31,-37.97,1957,5,"090036",101.6
141.31,-37.97,1957,6,"090036",47.1
141.31,-37.97,1957,7,"090036",27.2
141.31,-37.97,1957,8,"090036",82.7
141.31,-37.97,1957,9,"090036",110.6
141.31,-37.97,1957,10,"090036",71.3
141.31,-37.97,1957,11,"090036",74.1
141.31,-37.97,1957,12,"090036",50.2
141.31,-37.97,1958,1,"090036",14
141.31,-37.97,1958,2,"090036",17
141.31,-37.97,1958,3,"090036",35.6
141.31,-37.97,1958,4,"090036",33.8
141.31,-37.97,1958,5,"090036",169.3
141.31,-37.97,1958,6,"090036",39.8
141.31,-37.97,1958,7,"090036",141.9
141.31,-37.97,1958,8,"090036",145.7
141.31,-37.97,1958,9,"090036",72
141.31,-37.97,1958,10,"090036",106.6
141.31,-37.97,1958,11,"090036",56.5
141.31,-37.97,1958,12,"090036",19.7
141.31,-37.97,1959,1,"090036",6.4
141.31,-37.97,1959,2,"090036",39.6
141.31,-37.97,1959,3,"090036",39.3
141.31,-37.97,1959,4,"090036",40.6
141.31,-37.97,1959,5,"090036",18.6
141.31,-37.97,1959,6,"090036",60.6
141.31,-37.97,1959,7,"090036",72.8
141.31,-37.97,1959,8,"090036",102.5
141.31,-37.97,1959,9,"090036",61.4
141.31,-37.97,1959,10,"090036",27.1
141.31,-37.97,1959,11,"090036",28
141.31,-37.97,1959,12,"090036",108.4
141.31,-37.97,1960,1,"090036",44.2
141.31,-37.97,1960,2,"090036",92
141.31,-37.97,1960,3,"090036",103.4
141.31,-37.97,1960,4,"090036",107.3
141.31,-37.97,1960,5,"090036",156.7
141.31,-37.97,1960,6,"090036",90.8
141.31,-37.97,1960,7,"090036",141.8
141.31,-37.97,1960,8,"090036",101.6
141.31,-37.97,1960,9,"090036",199.2
141.31,-37.97,1960,10,"090036",68.1
141.31,-37.97,1960,11,"090036",58.6
141.31,-37.97,1960,12,"090036",33.1
141.31,-37.97,1961,1,"090036",13.5
141.31,-37.97,1961,2,"090036",9.3
141.31,-37.97,1961,3,"090036",13.9
141.31,-37.97,1961,4,"090036",68
141.31,-37.97,1961,5,"090036",56.3
141.31,-37.97,1961,6,"090036",95.2
141.31,-37.97,1961,7,"090036",80.5
141.31,-37.97,1961,8,"090036",55.2
141.31,-37.97,1961,9,"090036",43.9
141.31,-37.97,1961,10,"090036",49.5
141.31,-37.97,1961,11,"090036",28.2
141.31,-37.97,1961,12,"090036",37.3
141.31,-37.97,1962,1,"090036",17.2
141.31,-37.97,1962,2,"090036",44.9
141.31,-37.97,1962,3,"090036",42.6
141.31,-37.97,1962,4,"090036",22.7
141.31,-37.97,1962,5,"090036",126.8
141.31,-37.97,1962,6,"090036",147.1
141.31,-37.97,1962,7,"090036",58.7
141.31,-37.97,1962,8,"090036",99.4
141.31,-37.97,1962,9,"090036",59.4
141.31,-37.97,1962,10,"090036",84.4
141.31,-37.97,1962,11,"090036",27.7
141.31,-37.97,1962,12,"090036",28.9
141.31,-37.97,1963,1,"090036",115.4
141.31,-37.97,1963,2,"090036",6.6
141.31,-37.97,1963,3,"090036",22.3
141.31,-37.97,1963,4,"090036",6.6
141.31,-37.97,1963,5,"090036",74.3
141.31,-37.97,1963,6,"090036",69
141.31,-37.97,1963,7,"090036",114
141.31,-37.97,1963,8,"090036",68.2
141.31,-37.97,1963,9,"090036",75.4
141.31,-37.97,1963,10,"090036",31.5
141.31,-37.97,1963,11,"090036",23.1
141.31,-37.97,1963,12,"090036",4.1
141.31,-37.97,1964,1,"090036",27
141.31,-37.97,1964,2,"090036",48.7
141.31,-37.97,1964,3,"090036",37
141.31,-37.97,1964,4,"090036",35.5
141.31,-37.97,1964,5,"090036",74
141.31,-37.97,1964,6,"090036",140.3
141.31,-37.97,1964,7,"090036",210.2
141.31,-37.97,1964,8,"090036",117.4
141.31,-37.97,1964,9,"090036",79.1
141.31,-37.97,1964,10,"090036",80.8
141.31,-37.97,1964,11,"090036",55
141.31,-37.97,1964,12,"090036",58.6
141.31,-37.97,1965,1,"090036",5.6
141.31,-37.97,1965,2,"090036",1.8
141.31,-37.97,1965,3,"090036",40
141.31,-37.97,1965,4,"090036",90.1
141.31,-37.97,1965,5,"090036",109.1
141.31,-37.97,1965,6,"090036",39.9
141.31,-37.97,1965,7,"090036",108.5
141.31,-37.97,1965,8,"090036",99.9
141.31,-37.97,1965,9,"090036",56.5
141.31,-37.97,1965,10,"090036",29.3
141.31,-37.97,1965,11,"090036",80.8
141.31,-37.97,1965,12,"090036",35
141.31,-37.97,1966,1,"090036",17.6
141.31,-37.97,1966,2,"090036",8.5
141.31,-37.97,1966,3,"090036",42.1
141.31,-37.97,1966,4,"090036",52.5
141.31,-37.97,1966,5,"090036",48.5
141.31,-37.97,1966,6,"090036",71.1
141.31,-37.97,1966,7,"090036",189.6
141.31,-37.97,1966,8,"090036",140.4
141.31,-37.97,1966,9,"090036",80
141.31,-37.97,1966,10,"090036",44.6
141.31,-37.97,1966,11,"090036",44.1
141.31,-37.97,1966,12,"090036",59.5
141.31,-37.97,1967,1,"090036",22.9
141.31,-37.97,1967,2,"090036",29.6
141.31,-37.97,1967,3,"090036",17.3
141.31,-37.97,1967,4,"090036",16.2
141.31,-37.97,1967,5,"090036",32.3
141.31,-37.97,1967,6,"090036",16.7
141.31,-37.97,1967,7,"090036",108.1
141.31,-37.97,1967,8,"090036",90
141.31,-37.97,1967,9,"090036",46.1
141.31,-37.97,1967,10,"090036",16.8
141.31,-37.97,1967,11,"090036",19.5
141.31,-37.97,1967,12,"090036",62.6
141.31,-37.97,1968,1,"090036",8.1
141.31,-37.97,1968,2,"090036",26
141.31,-37.97,1968,3,"090036",53.4
141.31,-37.97,1968,4,"090036",125.3
141.31,-37.97,1968,5,"090036",186.3
141.31,-37.97,1968,6,"090036",98.9
141.31,-37.97,1968,7,"090036",109.5
141.31,-37.97,1968,8,"090036",130.1
141.31,-37.97,1968,9,"090036",60.1
141.31,-37.97,1968,10,"090036",128.4
141.31,-37.97,1968,11,"090036",110.5
141.31,-37.97,1968,12,"090036",26.2
141.31,-37.97,1969,1,"090036",25.4
141.31,-37.97,1969,2,"090036",94.8
141.31,-37.97,1969,3,"090036",44.6
141.31,-37.97,1969,4,"090036",47.1
141.31,-37.97,1969,5,"090036",65.8
141.31,-37.97,1969,6,"090036",23.6
141.31,-37.97,1969,7,"090036",92.3
141.31,-37.97,1969,8,"090036",53.9
141.31,-37.97,1969,9,"090036",102.4
141.31,-37.97,1969,10,"090036",13.6
141.31,-37.97,1969,11,"090036",55.1
141.31,-37.97,1969,12,"090036",51.6
141.31,-37.97,1970,1,"090036",54.3
141.31,-37.97,1970,2,"090036",6.9
141.31,-37.97,1970,3,"090036",68.4
141.31,-37.97,1970,4,"090036",93.6
141.31,-37.97,1970,5,"090036",76.8
141.31,-37.97,1970,6,"090036",83
141.31,-37.97,1970,7,"090036",147.4
141.31,-37.97,1970,8,"090036",168.3
141.31,-37.97,1970,9,"090036",81.4
141.31,-37.97,1970,10,"090036",36.1
141.31,-37.97,1970,11,"090036",46.6
141.31,-37.97,1970,12,"090036",79.5
141.31,-37.97,1971,1,"090036",22.1
141.31,-37.97,1971,2,"090036",16.5
141.31,-37.97,1971,3,"090036",47.5
141.31,-37.97,1971,4,"090036",165.6
141.31,-37.97,1971,5,"090036",147.5
141.31,-37.97,1971,6,"090036",126
141.31,-37.97,1971,7,"090036",80.5
141.31,-37.97,1971,8,"090036",106.2
141.31,-37.97,1971,9,"090036",100.6
141.31,-37.97,1971,10,"090036",102
141.31,-37.97,1971,11,"090036",101.5
141.31,-37.97,1971,12,"090036",85.5
141.31,-37.97,1972,1,"090036",90.7
141.31,-37.97,1972,2,"090036",35.2
141.31,-37.97,1972,3,"090036",11.6
141.31,-37.97,1972,4,"090036",79.1
141.31,-37.97,1972,5,"090036",37.1
141.31,-37.97,1972,6,"090036",55.9
141.31,-37.97,1972,7,"090036",155.4
141.31,-37.97,1972,8,"090036",88.7
141.31,-37.97,1972,9,"090036",32.3
141.31,-37.97,1972,10,"090036",40.7
141.31,-37.97,1972,11,"090036",44.6
141.31,-37.97,1972,12,"090036",6.2
141.31,-37.97,1973,1,"090036",23.3
141.31,-37.97,1973,2,"090036",47.5
141.31,-37.97,1973,3,"090036",74.4
141.31,-37.97,1973,4,"090036",73.1
141.31,-37.97,1973,5,"090036",100.3
141.31,-37.97,1973,6,"090036",122.2
141.31,-37.97,1973,7,"090036",39.5
141.31,-37.97,1973,8,"090036",105.9
141.31,-37.97,1973,9,"090036",109.7
141.31,-37.97,1973,10,"090036",101
141.31,-37.97,1973,11,"090036",47
141.31,-37.97,1973,12,"090036",59.8
141.31,-37.97,1974,1,"090036",10.6
141.31,-37.97,1974,2,"090036",69.9
141.31,-37.97,1974,3,"090036",24.2
141.31,-37.97,1974,4,"090036",90.4
141.31,-37.97,1974,5,"090036",18.4
141.31,-37.97,1974,6,"090036",60.1
141.31,-37.97,1974,7,"090036",184.3
141.31,-37.97,1974,8,"090036",96.6
141.31,-37.97,1974,9,"090036",104.1
141.31,-37.97,1974,10,"090036",89.8
141.31,-37.97,1974,11,"090036",61.2
141.31,-37.97,1974,12,"090036",53.5
141.31,-37.97,1975,1,"090036",34.3
141.31,-37.97,1975,2,"090036",6.8
141.31,-37.97,1975,3,"090036",86
141.31,-37.97,1975,4,"090036",28.1
141.31,-37.97,1975,5,"090036",83
141.31,-37.97,1975,6,"090036",93.6
141.31,-37.97,1975,7,"090036",142.2
141.31,-37.97,1975,8,"090036",140.2
141.31,-37.97,1975,9,"090036",89.1
141.31,-37.97,1975,10,"090036",159.7
141.31,-37.97,1975,11,"090036",69
141.31,-37.97,1975,12,"090036",24.6
141.31,-37.97,1976,1,"090036",15.6
141.31,-37.97,1976,2,"090036",31
141.31,-37.97,1976,3,"090036",10.2
141.31,-37.97,1976,4,"090036",48
141.31,-37.97,1976,5,"090036",57.1
141.31,-37.97,1976,6,"090036",114.8
141.31,-37.97,1976,7,"090036",58.3
141.31,-37.97,1976,8,"090036",101.8
141.31,-37.97,1976,9,"090036",144.8
141.31,-37.97,1976,10,"090036",99.4
141.31,-37.97,1976,11,"090036",98.8
141.31,-37.97,1976,12,"090036",65.8
141.31,-37.97,1977,1,"090036",32.2
141.31,-37.97,1977,2,"090036",20.1
141.31,-37.97,1977,3,"090036",51
141.31,-37.97,1977,4,"090036",30.8
141.31,-37.97,1977,5,"090036",99.4
141.31,-37.97,1977,6,"090036",124.2
141.31,-37.97,1977,7,"090036",106.4
141.31,-37.97,1977,8,"090036",43.6
141.31,-37.97,1977,9,"090036",32
141.31,-37.97,1977,10,"090036",47.2
141.31,-37.97,1977,11,"090036",148
141.31,-37.97,1977,12,"090036",18
141.31,-37.97,1978,1,"090036",14.4
141.31,-37.97,1978,2,"090036",18.6
141.31,-37.97,1978,3,"090036",23.2
141.31,-37.97,1978,4,"090036",69
141.31,-37.97,1978,5,"090036",59.2
141.31,-37.97,1978,6,"090036",68.8
141.31,-37.97,1978,7,"090036",144.8
141.31,-37.97,1978,8,"090036",86.6
141.31,-37.97,1978,9,"090036",66.2
141.31,-37.97,1978,10,"090036",44
141.31,-37.97,1978,11,"090036",79
141.31,-37.97,1978,12,"090036",50.8
141.31,-37.97,1979,1,"090036",20.8
141.31,-37.97,1979,2,"090036",16
141.31,-37.97,1979,3,"090036",16.2
141.31,-37.97,1979,4,"090036",44.8
141.31,-37.97,1979,5,"090036",75.2
141.31,-37.97,1979,6,"090036",73.2
141.31,-37.97,1979,7,"090036",70.2
141.31,-37.97,1979,8,"090036",116.8
141.31,-37.97,1979,9,"090036",139.4
141.31,-37.97,1979,10,"090036",119.4
141.31,-37.97,1979,11,"090036",71.2
141.31,-37.97,1979,12,"090036",28
141.31,-37.97,1980,1,"090036",33.4
141.31,-37.97,1980,2,"090036",4.2
141.31,-37.97,1980,3,"090036",8.4
141.31,-37.97,1980,4,"090036",88.6
141.31,-37.97,1980,5,"090036",52.4
141.31,-37.97,1980,6,"090036",90.2
141.31,-37.97,1980,7,"090036",104.6
141.31,-37.97,1980,8,"090036",74
141.31,-37.97,1980,9,"090036",80.2
141.31,-37.97,1980,10,"090036",82.4
141.31,-37.97,1980,11,"090036",62
141.31,-37.97,1980,12,"090036",19.6
141.31,-37.97,1981,1,"090036",45
141.31,-37.97,1981,2,"090036",5.6
141.31,-37.97,1981,3,"090036",36
141.31,-37.97,1981,4,"090036",18
141.31,-37.97,1981,5,"090036",69.6
141.31,-37.97,1981,6,"090036",129
141.31,-37.97,1981,7,"090036",178.8
141.31,-37.97,1981,8,"090036",208.2
141.31,-37.97,1981,9,"090036",47.4
141.31,-37.97,1981,10,"090036",48.2
141.31,-37.97,1981,11,"090036",42.8
141.31,-37.97,1981,12,"090036",14.2
141.31,-37.97,1982,1,"090036",48
141.31,-37.97,1982,2,"090036",5
141.31,-37.97,1982,3,"090036",49.8
141.31,-37.97,1982,4,"090036",62.2
141.31,-37.97,1982,5,"090036",60.4
141.31,-37.97,1982,6,"090036",78.4
141.31,-37.97,1982,7,"090036",41.8
141.31,-37.97,1982,8,"090036",30.2
141.31,-37.97,1982,9,"090036",61.6
141.31,-37.97,1982,10,"090036",49.4
141.31,-37.97,1982,11,"090036",17.2
141.31,-37.97,1982,12,"090036",23
141.31,-37.97,1983,1,"090036",34
141.31,-37.97,1983,2,"090036",0.8
141.31,-37.97,1983,3,"090036",141.4
141.31,-37.97,1983,4,"090036",62.2
141.31,-37.97,1983,5,"090036",97.2
141.31,-37.97,1983,6,"090036",113
141.31,-37.97,1983,7,"090036",111.6
141.31,-37.97,1983,8,"090036",107.6
141.31,-37.97,1983,9,"090036",126.6
141.31,-37.97,1983,10,"090036",11
141.31,-37.97,1983,11,"090036",102.6
141.31,-37.97,1983,12,"090036",17.8
141.31,-37.97,1984,1,"090036",26.2
141.31,-37.97,1984,2,"090036",10.2
141.31,-37.97,1984,3,"090036",113.6
141.31,-37.97,1984,4,"090036",34.2
141.31,-37.97,1984,5,"090036",39.4
141.31,-37.97,1984,6,"090036",63.8
141.31,-37.97,1984,7,"090036",142.6
141.31,-37.97,1984,8,"090036",135.8
141.31,-37.97,1984,9,"090036",136.4
141.31,-37.97,1984,10,"090036",63.4
141.31,-37.97,1984,11,"090036",80.4
141.31,-37.97,1984,12,"090036",47.2
141.31,-37.97,1985,1,"090036",18.4
141.31,-37.97,1985,2,"090036",8.8
141.31,-37.97,1985,3,"090036",43.4
141.31,-37.97,1985,4,"090036",67
141.31,-37.97,1985,5,"090036",68.6
141.31,-37.97,1985,6,"090036",104.8
141.31,-37.97,1985,7,"090036",96.8
141.31,-37.97,1985,8,"090036",76.2
141.31,-37.97,1985,9,"090036",53.6
141.31,-37.97,1985,10,"090036",76.8
141.31,-37.97,1985,11,"090036",69
141.31,-37.97,1985,12,"090036",115.2
141.31,-37.97,1986,1,"090036",16.4
141.31,-37.97,1986,2,"090036",14.6
141.31,-37.97,1986,3,"090036",7.2
141.31,-37.97,1986,4,"090036",88.6
141.31,-37.97,1986,5,"090036",99.2
141.31,-37.97,1986,6,"090036",98.2
141.31,-37.97,1986,7,"090036",153
141.31,-37.97,1986,8,"090036",103.4
141.31,-37.97,1986,9,"090036",76.6
141.31,-37.97,1986,10,"090036",111.6
141.31,-37.97,1986,11,"090036",26.4
141.31,-37.97,1986,12,"090036",117
141.31,-37.97,1987,1,"090036",16.2
141.31,-37.97,1987,2,"090036",24.8
141.31,-37.97,1987,3,"090036",41.8
141.31,-37.97,1987,4,"090036",47.6
141.31,-37.97,1987,5,"090036",165.4
141.31,-37.97,1987,6,"090036",89
141.31,-37.97,1987,7,"090036",77
141.31,-37.97,1987,8,"090036",57.4
141.31,-37.97,1987,9,"090036",34.8
141.31,-37.97,1987,10,"090036",71.2
141.31,-37.97,1987,11,"090036",28.8
141.31,-37.97,1987,12,"090036",49.6
141.31,-37.97,1988,1,"090036",37.8
141.31,-37.97,1988,2,"090036",40.4
141.31,-37.97,1988,3,"090036",41
141.31,-37.97,1988,4,"090036",17.6
141.31,-37.97,1988,5,"090036",78
141.31,-37.97,1988,6,"090036",134.8
141.31,-37.97,1988,7,"090036",72.6
141.31,-37.97,1988,8,"090036",100.4
141.31,-37.97,1988,9,"090036",101.4
141.31,-37.97,1988,10,"090036",79.6
141.31,-37.97,1988,11,"090036",46
141.31,-37.97,1988,12,"090036",25
141.31,-37.97,1989,1,"090036",38.8
141.31,-37.97,1989,2,"090036",16.4
141.31,-37.97,1989,3,"090036",48.2
141.31,-37.97,1989,4,"090036",67
141.31,-37.97,1989,5,"090036",67.6
141.31,-37.97,1989,6,"090036",120.4
141.31,-37.97,1989,7,"090036",113.6
141.31,-37.97,1989,8,"090036",146.4
141.31,-37.97,1989,9,"090036",96.2
141.31,-37.97,1989,10,"090036",137.2
141.31,-37.97,1989,11,"090036",20.4
141.31,-37.97,1989,12,"090036",33.4
141.31,-37.97,1990,1,"090036",18.2
141.31,-37.97,1990,2,"090036",30.8
141.31,-37.97,1990,3,"090036",18.4
141.31,-37.97,1990,4,"090036",34.4
141.31,-37.97,1990,5,"090036",24.8
141.31,-37.97,1990,6,"090036",119.4
141.31,-37.97,1990,7,"090036",119.8
141.31,-37.97,1990,8,"090036",190.8
141.31,-37.97,1990,9,"090036",98.8
141.31,-37.97,1990,10,"090036",64.8
141.31,-37.97,1990,11,"090036",53.6
141.31,-37.97,1990,12,"090036",33.4
141.31,-37.97,1991,1,"090036",128.2
141.31,-37.97,1991,2,"090036",1.8
141.31,-37.97,1991,3,"090036",52
141.31,-37.97,1991,4,"090036",39
141.31,-37.97,1991,5,"090036",21.2
141.31,-37.97,1991,6,"090036",173.2
141.31,-37.97,1991,7,"090036",87.4
141.31,-37.97,1991,8,"090036",167.4
141.31,-37.97,1991,9,"090036",121.2
141.31,-37.97,1991,10,"090036",20.6
141.31,-37.97,1991,11,"090036",61.2
141.31,-37.97,1991,12,"090036",27.8
141.31,-37.97,1992,1,"090036",13
141.31,-37.97,1992,2,"090036",14.8
141.31,-37.97,1992,3,"090036",26.2
141.31,-37.97,1992,4,"090036",114.6
141.31,-37.97,1992,5,"090036",66.2
141.31,-37.97,1992,6,"090036",108.6
141.31,-37.97,1992,7,"090036",112.2
141.31,-37.97,1992,8,"090036",116.6
141.31,-37.97,1992,9,"090036",122.4
141.31,-37.97,1992,10,"090036",135.8
141.31,-37.97,1992,11,"090036",115
141.31,-37.97,1992,12,"090036",64.4
141.31,-37.97,1993,1,"090036",42.2
141.31,-37.97,1993,2,"090036",51
141.31,-37.97,1993,3,"090036",23.4
141.31,-37.97,1993,4,"090036",8.6
141.31,-37.97,1993,5,"090036",70.6
141.31,-37.97,1993,6,"090036",81.6
141.31,-37.97,1993,7,"090036",97.2
141.31,-37.97,1993,8,"090036",99.2
141.31,-37.97,1993,9,"090036",97.2
141.31,-37.97,1993,10,"090036",91.2
141.31,-37.97,1993,11,"090036",20
141.31,-37.97,1993,12,"090036",60
141.31,-37.97,1994,1,"090036",42.4
141.31,-37.97,1994,2,"090036",12.4
141.31,-37.97,1994,3,"090036",1.8
141.31,-37.97,1994,4,"090036",53
141.31,-37.97,1994,5,"090036",91.4
141.31,-37.97,1994,6,"090036",97
141.31,-37.97,1994,7,"090036",92
141.31,-37.97,1994,8,"090036",76.2
141.31,-37.97,1994,9,"090036",57.2
141.31,-37.97,1994,10,"090036",77.4
141.31,-37.97,1994,11,"090036",60.8
141.31,-37.97,1994,12,"090036",47.2
141.31,-37.97,1995,1,"090036",48.2
141.31,-37.97,1995,2,"090036",28
141.31,-37.97,1995,3,"090036",43
141.31,-37.97,1995,4,"090036",118.2
141.31,-37.97,1995,5,"090036",48
141.31,-37.97,1995,6,"090036",83.2
141.31,-37.97,1995,7,"090036",145.8
141.31,-37.97,1995,8,"090036",79.2
141.31,-37.97,1995,9,"090036",58.8
141.31,-37.97,1995,10,"090036",34
141.31,-37.97,1995,11,"090036",32.6
141.31,-37.97,1995,12,"090036",44.2
141.31,-37.97,1996,1,"090036",55.2
141.31,-37.97,1996,2,"090036",18.8
141.31,-37.97,1996,3,"090036",28.6
141.31,-37.97,1996,4,"090036",48.8
141.31,-37.97,1996,5,"090036",17.6
141.31,-37.97,1996,6,"090036",135.6
141.31,-37.97,1996,7,"090036",157
141.31,-37.97,1996,8,"090036",140.4
141.31,-37.97,1996,9,"090036",122
141.31,-37.97,1996,10,"090036",42.8
141.31,-37.97,1996,11,"090036",16.4
141.31,-37.97,1996,12,"090036",26.8
141.31,-37.97,1997,1,"090036",41.8
141.31,-37.97,1997,2,"090036",10.8
141.31,-37.97,1997,3,"090036",38.8
141.31,-37.97,1997,4,"090036",16.8
141.31,-37.97,1997,5,"090036",105.6
141.31,-37.97,1997,6,"090036",48.2
141.31,-37.97,1997,7,"090036",55.4
141.31,-37.97,1997,8,"090036",93.6
141.31,-37.97,1997,9,"090036",72
141.31,-37.97,1997,10,"090036",26.6
141.31,-37.97,1997,11,"090036",68
141.31,-37.97,1997,12,"090036",13.6
141.31,-37.97,1998,1,"090036",21.4
141.31,-37.97,1998,2,"090036",29.4
141.31,-37.97,1998,3,"090036",22.2
141.31,-37.97,1998,4,"090036",108
141.31,-37.97,1998,5,"090036",48.8
141.31,-37.97,1998,6,"090036",117.6
141.31,-37.97,1998,7,"090036",86.2
141.31,-37.97,1998,8,"090036",50.8
141.31,-37.97,1998,9,"090036",94.2
141.31,-37.97,1998,10,"090036",63.6
141.31,-37.97,1998,11,"090036",27.2
141.31,-37.97,1998,12,"090036",33.4
141.31,-37.97,1999,1,"090036",9
141.31,-37.97,1999,2,"090036",38.6
141.31,-37.97,1999,3,"090036",45.4
141.31,-37.97,1999,4,"090036",15.4
141.31,-37.97,1999,5,"090036",NA
141.31,-37.97,1999,6,"090036",90.8
141.31,-37.97,1999,7,"090036",59
141.31,-37.97,1999,8,"090036",65.6
141.31,-37.97,1999,9,"090036",68.8
141.31,-37.97,1999,10,"090036",48.2
141.31,-37.97,1999,11,"090036",81
141.31,-37.97,1999,12,"090036",57.2
141.31,-37.97,2000,1,"090036",20
141.31,-37.97,2000,2,"090036",13.4
141.31,-37.97,2000,3,"090036",23.8
141.31,-37.97,2000,4,"090036",90.8
141.31,-37.97,2000,5,"090036",123
141.31,-37.97,2000,6,"090036",80.9
141.31,-37.97,2000,7,"090036",NA
141.31,-37.97,2000,8,"090036",98
141.31,-37.97,2000,9,"090036",102.2
141.31,-37.97,2000,10,"090036",82.2
141.31,-37.97,2000,11,"090036",53.8
141.31,-37.97,2000,12,"090036",15.8
141.31,-37.97,2001,1,"090036",7
141.31,-37.97,2001,2,"090036",13.6
141.31,-37.97,2001,3,"090036",59.8
141.31,-37.97,2001,4,"090036",46.8
141.31,-37.97,2001,5,"090036",69
141.31,-37.97,2001,6,"090036",84.2
141.31,-37.97,2001,7,"090036",38.8
141.31,-37.97,2001,8,"090036",199.8
141.31,-37.97,2001,9,"090036",NA
141.31,-37.97,2001,10,"090036",112.6
141.31,-37.97,2001,11,"090036",76.4
141.31,-37.97,2001,12,"090036",55.2
141.31,-37.97,2002,1,"090036",24
141.31,-37.97,2002,2,"090036",NA
141.31,-37.97,2002,3,"090036",NA
141.31,-37.97,2002,4,"090036",32.4
141.31,-37.97,2002,5,"090036",55.8
141.31,-37.97,2002,6,"090036",106
141.31,-37.97,2002,7,"090036",132.8
141.31,-37.97,2002,8,"090036",62.8
141.31,-37.97,2002,9,"090036",94.6
141.31,-37.97,2002,10,"090036",75.4
141.31,-37.97,2002,11,"090036",37.4
141.31,-37.97,2002,12,"090036",53
141.31,-37.97,2003,1,"090036",33.4
141.31,-37.97,2003,2,"090036",47.8
141.31,-37.97,2003,3,"090036",50.6
141.31,-37.97,2003,4,"090036",30.8
141.31,-37.97,2003,5,"090036",NA
141.31,-37.97,2003,6,"090036",145
141.31,-37.97,2003,7,"090036",101
141.31,-37.97,2003,8,"090036",109.6
141.31,-37.97,2003,9,"090036",80
141.31,-37.97,2003,10,"090036",78
141.31,-37.97,2003,11,"090036",46.8
141.31,-37.97,2003,12,"090036",42.2
141.31,-37.97,2004,1,"090036",60
141.31,-37.97,2004,2,"090036",30.6
141.31,-37.97,2004,3,"090036",65.2
141.31,-37.97,2004,4,"090036",48.8
141.31,-37.97,2004,5,"090036",67
141.31,-37.97,2004,6,"090036",188
141.31,-37.97,2004,7,"090036",127
141.31,-37.97,2004,8,"090036",135.8
141.31,-37.97,2004,9,"090036",72
141.31,-37.97,2004,10,"090036",37.2
141.31,-37.97,2004,11,"090036",66.6
141.31,-37.97,2004,12,"090036",36.6
141.31,-37.97,2005,1,"090036",19.2
141.31,-37.97,2005,2,"090036",60.2
141.31,-37.97,2005,3,"090036",23.2
141.31,-37.97,2005,4,"090036",30
141.31,-37.97,2005,5,"090036",33.4
141.31,-37.97,2005,6,"090036",93.6
141.31,-37.97,2005,7,"090036",65.6
141.31,-37.97,2005,8,"090036",99.2
141.31,-37.97,2005,9,"090036",81
141.31,-37.97,2005,10,"090036",130.8
141.31,-37.97,2005,11,"090036",NA
141.31,-37.97,2005,12,"090036",34.2
141.31,-37.97,2006,1,"090036",34.2
141.31,-37.97,2006,2,"090036",NA
141.31,-37.97,2006,3,"090036",21.8
141.31,-37.97,2006,4,"090036",73.6
141.31,-37.97,2006,5,"090036",69
141.31,-37.97,2006,6,"090036",34.4
141.31,-37.97,2006,7,"090036",85.6
141.31,-37.97,2006,8,"090036",NA
141.31,-37.97,2006,9,"090036",61.6
141.31,-37.97,2006,10,"090036",21.4
141.31,-37.97,2006,11,"090036",16.2
141.31,-37.97,2006,12,"090036",12.2
141.31,-37.97,2007,1,"090036",67
141.31,-37.97,2007,2,"090036",5.6
141.31,-37.97,2007,3,"090036",28.4
141.31,-37.97,2007,4,"090036",39
141.31,-37.97,2007,5,"090036",199.2
141.31,-37.97,2007,6,"090036",69
141.31,-37.97,2007,7,"090036",120.2
141.31,-37.97,2007,8,"090036",109.4
141.31,-37.97,2007,9,"090036",83
141.31,-37.97,2007,10,"090036",45.4
141.31,-37.97,2007,11,"090036",107.6
141.31,-37.97,2007,12,"090036",52
141.31,-37.97,2008,1,"090036",18.6
141.31,-37.97,2008,2,"090036",21
141.31,-37.97,2008,3,"090036",40
141.31,-37.97,2008,4,"090036",62
141.31,-37.97,2008,5,"090036",47
141.31,-37.97,2008,6,"090036",49.6
141.31,-37.97,2008,7,"090036",113
141.31,-37.97,2008,8,"090036",128
141.31,-37.97,2008,9,"090036",65.8
141.31,-37.97,2008,10,"090036",19.8
141.31,-37.97,2008,11,"090036",38.2
141.31,-37.97,2008,12,"090036",105.8
141.31,-37.97,2009,1,"090036",8.2
141.31,-37.97,2009,2,"090036",3
141.31,-37.97,2009,3,"090036",61.2
141.31,-37.97,2009,4,"090036",76.6
141.31,-37.97,2009,5,"090036",44.2
141.31,-37.97,2009,6,"090036",78.4
141.31,-37.97,2009,7,"090036",NA
141.31,-37.97,2009,8,"090036",143.2
141.31,-37.97,2009,9,"090036",120.6
141.31,-37.97,2009,10,"090036",NA
141.31,-37.97,2009,11,"090036",43.4
141.31,-37.97,2009,12,"090036",46
141.31,-37.97,2010,1,"090036",23.8
141.31,-37.97,2010,2,"090036",49.4
141.31,-37.97,2010,3,"090036",29.2
141.31,-37.97,2010,4,"090036",92.4
141.31,-37.97,2010,5,"090036",67.2
141.31,-37.97,2010,6,"090036",97.2
141.31,-37.97,2010,7,"090036",97.6
141.31,-37.97,2010,8,"090036",165.4
141.31,-37.97,2010,9,"090036",104.2
141.31,-37.97,2010,10,"090036",72.8
141.31,-37.97,2010,11,"090036",49.6
141.31,-37.97,2010,12,"090036",139.4
141.31,-37.97,2011,1,"090036",129.4
141.31,-37.97,2011,2,"090036",56.8
141.31,-37.97,2011,3,"090036",59
141.31,-37.97,2011,4,"090036",74
141.31,-37.97,2011,5,"090036",102.4
141.31,-37.97,2011,6,"090036",99.4
141.31,-37.97,2011,7,"090036",141.4
141.31,-37.97,2011,8,"090036",105.6
141.31,-37.97,2011,9,"090036",62.8
141.31,-37.97,2011,10,"090036",59.2
141.31,-37.97,2011,11,"090036",66.6
141.31,-37.97,2011,12,"090036",31.4
141.31,-37.97,2012,1,"090036",25.6
141.31,-37.97,2012,2,"090036",16.2
141.31,-37.97,2012,3,"090036",74.6
141.31,-37.97,2012,4,"090036",48.8
141.31,-37.97,2012,5,"090036",103.4
141.31,-37.97,2012,6,"090036",136.8
141.31,-37.97,2012,7,"090036",108.8
141.31,-37.97,2012,8,"090036",114.8
141.31,-37.97,2012,9,"090036",67
141.31,-37.97,2012,10,"090036",44.2
141.31,-37.97,2012,11,"090036",23.2
141.31,-37.97,2012,12,"090036",40
141.31,-37.97,2013,1,"090036",7
141.31,-37.97,2013,2,"090036",14.2
141.31,-37.97,2013,3,"090036",35.2
141.31,-37.97,2013,4,"090036",26.6
141.31,-37.97,2013,5,"090036",107.8
141.31,-37.97,2013,6,"090036",80.8
141.31,-37.97,2013,7,"090036",130
141.31,-37.97,2013,8,"090036",227.2
141.31,-37.97,2013,9,"090036",70.4
141.31,-37.97,2013,10,"090036",NA
141.31,-37.97,2013,11,"090036",60.4
141.31,-37.97,2013,12,"090036",52.6
141.31,-37.97,2014,1,"090036",28.2
141.31,-37.97,2014,2,"090036",15
141.31,-37.97,2014,3,"090036",50
141.31,-37.97,2014,4,"090036",78.2
141.31,-37.97,2014,5,"090036",105.6
141.31,-37.97,2014,6,"090036",171.6
141.31,-37.97,2014,7,"090036",104.2
141.31,-37.97,2014,8,"090036",46.2
141.31,-37.97,2014,9,"090036",22.5
141.31,-37.97,2014,10,"090036",26.2
141.31,-37.97,2014,11,"090036",21.8
141.31,-37.97,2014,12,"090036",40.4
141.31,-37.97,2015,1,"090036",63.4
141.31,-37.97,2015,2,"090036",7.4
141.31,-37.97,2015,3,"090036",48.4
141.31,-37.97,2015,4,"090036",46.2
141.31,-37.97,2015,5,"090036",92
141.31,-37.97,2015,6,"090036",67.6
141.31,-37.97,2015,7,"090036",113.2
141.31,-37.97,2015,8,"090036",52
141.31,-37.97,2015,9,"090036",61.4
141.31,-37.97,2015,10,"090036",9.4
141.31,-37.97,2015,11,"090036",27.6
141.31,-37.97,2015,12,"090036",16.8
141.31,-37.97,2016,1,"090036",21.4
141.31,-37.97,2016,2,"090036",49.8
141.31,-37.97,2016,3,"090036",25.6
141.31,-37.97,2016,4,"090036",39.2
141.31,-37.97,2016,5,"090036",103.2
141.31,-37.97,2016,6,"090036",162
141.31,-37.97,2016,7,"090036",141.2
141.31,-37.97,2016,8,"090036",84.6
141.31,-37.97,2016,9,"090036",130.8
141.31,-37.97,2016,10,"090036",88.2
141.31,-37.97,2016,11,"090036",45
141.31,-37.97,2016,12,"090036",47
141.31,-37.97,2017,1,"090036",46.2
141.31,-37.97,2017,2,"090036",49
141.31,-37.97,2017,3,"090036",41.8
141.31,-37.97,2017,4,"090036",100.8
141.31,-37.97,2017,5,"090036",69.2
141.31,-37.97,2017,6,"090036",40.4
141.31,-37.97,2017,7,"090036",103.4
141.31,-37.97,2017,8,"090036",149.6
141.31,-37.97,2017,9,"090036",121.6
141.31,-37.97,2017,10,"090036",42
141.31,-37.97,2017,11,"090036",52.4
141.31,-37.97,2017,12,"090036",42.2
141.31,-37.97,2018,1,"090036",7.4
141.31,-37.97,2018,2,"090036",25.8
141.31,-37.97,2018,3,"090036",29.6
141.31,-37.97,2018,4,"090036",33.6
141.31,-37.97,2018,5,"090036",127.8
141.31,-37.97,2018,6,"090036",102.8
141.31,-37.97,2018,7,"090036",104.6
141.31,-37.97,2018,8,"090036",101.2
141.31,-37.97,2018,9,"090036",36.8
141.31,-37.97,2018,10,"090036",27
141.31,-37.97,2018,11,"090036",48
141.31,-37.97,2018,12,"090036",66.2
141.31,-37.97,2019,1,"090036",2.2
141.31,-37.97,2019,2,"090036",16.8
141.31,-37.97,2019,3,"090036",36.8
141.31,-37.97,2019,4,"090036",15.4
141.31,-37.97,2019,5,"090036",99.6
141.31,-37.97,2019,6,"090036",94.8
141.31,-37.97,2019,7,"090036",110.2
141.31,-37.97,2019,8,"090036",64
141.31,-37.97,2019,9,"090036",91.4
141.31,-37.97,2019,10,"090036",53.8
141.31,-37.97,2019,11,"090036",80.4
141.31,-37.97,2019,12,"090036",19.6
141.31,-37.97,2020,1,"090036",22.8
141.31,-37.97,2020,2,"090036",44.2
141.31,-37.97,2020,3,"090036",12.6
141.31,-37.97,2020,4,"090036",70.2
141.31,-37.97,2020,5,"090036",112.4
141.31,-37.97,2020,6,"090036",77.2
141.31,-37.97,2020,7,"090036",66.4
141.31,-37.97,2020,8,"090036",100.2
141.31,-37.97,2020,9,"090036",87.6
141.31,-37.97,2020,10,"090036",105.4
141.31,-37.97,2020,11,"090036",55.4
141.31,-37.97,2020,12,"090036",53.4
141.31,-37.97,2021,1,"090036",74.4
141.31,-37.97,2021,2,"090036",23.8
141.31,-37.97,2021,3,"090036",28.2
141.31,-37.97,2021,4,"090036",54.8
141.31,-37.97,2021,5,"090036",64.8
141.31,-37.97,2021,6,"090036",120.2
141.31,-37.97,2021,7,"090036",177.4
141.31,-37.97,2021,8,"090036",82.6
141.31,-37.97,2021,9,"090036",60.8
141.31,-37.97,2021,10,"090036",105.4
141.31,-37.97,2021,11,"090036",43.4
141.31,-37.97,2021,12,"090036",8.2
141.31,-37.97,2022,1,"090036",39.2
141.31,-37.97,2022,2,"090036",14.6
141.31,-37.97,2022,3,"090036",NA
141.31,-37.97,2022,4,"090036",NA
141.31,-37.97,2022,5,"090036",NA
141.31,-37.97,2022,6,"090036",NA
141.31,-37.97,2022,7,"090036",NA
141.31,-37.97,2022,8,"090036",NA
141.31,-37.97,2022,9,"090036",NA
141.31,-37.97,2022,10,"090036",NA
141.31,-37.97,2022,11,"090036",NA
141.31,-37.97,2022,12,"090036",NA
