"Lon","Lat","Year","Month","Station","Rain"
152.51,-32.06,2008,1,"060157",NA
152.51,-32.06,2008,2,"060157",NA
152.51,-32.06,2008,3,"060157",23
152.51,-32.06,2008,4,"060157",460
152.51,-32.06,2008,5,"060157",55
152.51,-32.06,2008,6,"060157",NA
152.51,-32.06,2008,7,"060157",110
152.51,-32.06,2008,8,"060157",NA
152.51,-32.06,2008,9,"060157",121
152.51,-32.06,2008,10,"060157",NA
152.51,-32.06,2008,11,"060157",93.5
152.51,-32.06,2008,12,"060157",NA
152.51,-32.06,2009,1,"060157",NA
152.51,-32.06,2009,2,"060157",NA
152.51,-32.06,2009,3,"060157",NA
152.51,-32.06,2009,4,"060157",NA
152.51,-32.06,2009,5,"060157",NA
152.51,-32.06,2009,6,"060157",NA
152.51,-32.06,2009,7,"060157",NA
152.51,-32.06,2009,8,"060157",NA
152.51,-32.06,2009,9,"060157",15.5
152.51,-32.06,2009,10,"060157",NA
152.51,-32.06,2009,11,"060157",NA
152.51,-32.06,2009,12,"060157",111
152.51,-32.06,2010,1,"060157",91
152.51,-32.06,2010,2,"060157",38
152.51,-32.06,2010,3,"060157",NA
152.51,-32.06,2010,4,"060157",37
152.51,-32.06,2010,5,"060157",NA
152.51,-32.06,2010,6,"060157",154.5
152.51,-32.06,2010,7,"060157",NA
152.51,-32.06,2010,8,"060157",NA
152.51,-32.06,2010,9,"060157",NA
152.51,-32.06,2010,10,"060157",56
152.51,-32.06,2010,11,"060157",178
152.51,-32.06,2010,12,"060157",83.5
152.51,-32.06,2011,1,"060157",NA
152.51,-32.06,2011,2,"060157",102
152.51,-32.06,2011,3,"060157",NA
152.51,-32.06,2011,4,"060157",309
152.51,-32.06,2011,5,"060157",NA
152.51,-32.06,2011,6,"060157",NA
152.51,-32.06,2011,7,"060157",NA
152.51,-32.06,2011,8,"060157",NA
152.51,-32.06,2011,9,"060157",NA
152.51,-32.06,2011,10,"060157",NA
152.51,-32.06,2011,11,"060157",NA
152.51,-32.06,2011,12,"060157",NA
