"Lon","Lat","Year","Month","Station","Rain"
132.63,-31.83,1898,1,"018002",NA
132.63,-31.83,1898,2,"018002",NA
132.63,-31.83,1898,3,"018002",NA
132.63,-31.83,1898,4,"018002",NA
132.63,-31.83,1898,5,"018002",NA
132.63,-31.83,1898,6,"018002",NA
132.63,-31.83,1898,7,"018002",NA
132.63,-31.83,1898,8,"018002",NA
132.63,-31.83,1898,9,"018002",1
132.63,-31.83,1898,10,"018002",29
132.63,-31.83,1898,11,"018002",0
132.63,-31.83,1898,12,"018002",2.5
132.63,-31.83,1899,1,"018002",9.9
132.63,-31.83,1899,2,"018002",22.9
132.63,-31.83,1899,3,"018002",7.2
132.63,-31.83,1899,4,"018002",8.1
132.63,-31.83,1899,5,"018002",45.5
132.63,-31.83,1899,6,"018002",43.6
132.63,-31.83,1899,7,"018002",19.6
132.63,-31.83,1899,8,"018002",42
132.63,-31.83,1899,9,"018002",41.2
132.63,-31.83,1899,10,"018002",7.8
132.63,-31.83,1899,11,"018002",13.9
132.63,-31.83,1899,12,"018002",2.8
132.63,-31.83,1900,1,"018002",2.8
132.63,-31.83,1900,2,"018002",17.8
132.63,-31.83,1900,3,"018002",61
132.63,-31.83,1900,4,"018002",55.2
132.63,-31.83,1900,5,"018002",72.9
132.63,-31.83,1900,6,"018002",56.1
132.63,-31.83,1900,7,"018002",53.2
132.63,-31.83,1900,8,"018002",47.1
132.63,-31.83,1900,9,"018002",21.3
132.63,-31.83,1900,10,"018002",6.7
132.63,-31.83,1900,11,"018002",2.3
132.63,-31.83,1900,12,"018002",0.8
132.63,-31.83,1901,1,"018002",0
132.63,-31.83,1901,2,"018002",65.8
132.63,-31.83,1901,3,"018002",4.1
132.63,-31.83,1901,4,"018002",30.1
132.63,-31.83,1901,5,"018002",35.2
132.63,-31.83,1901,6,"018002",39.9
132.63,-31.83,1901,7,"018002",42.9
132.63,-31.83,1901,8,"018002",49.3
132.63,-31.83,1901,9,"018002",10.7
132.63,-31.83,1901,10,"018002",27.4
132.63,-31.83,1901,11,"018002",21.1
132.63,-31.83,1901,12,"018002",43
132.63,-31.83,1902,1,"018002",22.4
132.63,-31.83,1902,2,"018002",0.8
132.63,-31.83,1902,3,"018002",4.6
132.63,-31.83,1902,4,"018002",2.1
132.63,-31.83,1902,5,"018002",14.5
132.63,-31.83,1902,6,"018002",54.9
132.63,-31.83,1902,7,"018002",34.7
132.63,-31.83,1902,8,"018002",15.1
132.63,-31.83,1902,9,"018002",21
132.63,-31.83,1902,10,"018002",31.2
132.63,-31.83,1902,11,"018002",96
132.63,-31.83,1902,12,"018002",69.4
132.63,-31.83,1903,1,"018002",24.3
132.63,-31.83,1903,2,"018002",3.9
132.63,-31.83,1903,3,"018002",31
132.63,-31.83,1903,4,"018002",104.5
132.63,-31.83,1903,5,"018002",67.1
132.63,-31.83,1903,6,"018002",32.2
132.63,-31.83,1903,7,"018002",48.5
132.63,-31.83,1903,8,"018002",18.6
132.63,-31.83,1903,9,"018002",13
132.63,-31.83,1903,10,"018002",12.5
132.63,-31.83,1903,11,"018002",12.7
132.63,-31.83,1903,12,"018002",21.9
132.63,-31.83,1904,1,"018002",0
132.63,-31.83,1904,2,"018002",43
132.63,-31.83,1904,3,"018002",8.6
132.63,-31.83,1904,4,"018002",17.3
132.63,-31.83,1904,5,"018002",21.1
132.63,-31.83,1904,6,"018002",78.2
132.63,-31.83,1904,7,"018002",70.1
132.63,-31.83,1904,8,"018002",15.3
132.63,-31.83,1904,9,"018002",1.3
132.63,-31.83,1904,10,"018002",23.4
132.63,-31.83,1904,11,"018002",3.6
132.63,-31.83,1904,12,"018002",21.1
132.63,-31.83,1905,1,"018002",11.5
132.63,-31.83,1905,2,"018002",0.3
132.63,-31.83,1905,3,"018002",5.3
132.63,-31.83,1905,4,"018002",27.5
132.63,-31.83,1905,5,"018002",53.7
132.63,-31.83,1905,6,"018002",36.8
132.63,-31.83,1905,7,"018002",27.6
132.63,-31.83,1905,8,"018002",28.4
132.63,-31.83,1905,9,"018002",17.1
132.63,-31.83,1905,10,"018002",11.9
132.63,-31.83,1905,11,"018002",0
132.63,-31.83,1905,12,"018002",1.3
132.63,-31.83,1906,1,"018002",4.1
132.63,-31.83,1906,2,"018002",7.9
132.63,-31.83,1906,3,"018002",2.3
132.63,-31.83,1906,4,"018002",0
132.63,-31.83,1906,5,"018002",6.8
132.63,-31.83,1906,6,"018002",35.9
132.63,-31.83,1906,7,"018002",38.3
132.63,-31.83,1906,8,"018002",58
132.63,-31.83,1906,9,"018002",33.9
132.63,-31.83,1906,10,"018002",5.1
132.63,-31.83,1906,11,"018002",64.8
132.63,-31.83,1906,12,"018002",16.5
132.63,-31.83,1907,1,"018002",0
132.63,-31.83,1907,2,"018002",0
132.63,-31.83,1907,3,"018002",0
132.63,-31.83,1907,4,"018002",9.7
132.63,-31.83,1907,5,"018002",24.8
132.63,-31.83,1907,6,"018002",76.3
132.63,-31.83,1907,7,"018002",25.2
132.63,-31.83,1907,8,"018002",29.8
132.63,-31.83,1907,9,"018002",10.7
132.63,-31.83,1907,10,"018002",7.6
132.63,-31.83,1907,11,"018002",29.2
132.63,-31.83,1907,12,"018002",4.1
132.63,-31.83,1908,1,"018002",12.4
132.63,-31.83,1908,2,"018002",0
132.63,-31.83,1908,3,"018002",16.2
132.63,-31.83,1908,4,"018002",5.9
132.63,-31.83,1908,5,"018002",57.9
132.63,-31.83,1908,6,"018002",94.8
132.63,-31.83,1908,7,"018002",30.7
132.63,-31.83,1908,8,"018002",25.7
132.63,-31.83,1908,9,"018002",41.8
132.63,-31.83,1908,10,"018002",14.2
132.63,-31.83,1908,11,"018002",0
132.63,-31.83,1908,12,"018002",3
132.63,-31.83,1909,1,"018002",0.8
132.63,-31.83,1909,2,"018002",2.5
132.63,-31.83,1909,3,"018002",4.6
132.63,-31.83,1909,4,"018002",35.3
132.63,-31.83,1909,5,"018002",36.1
132.63,-31.83,1909,6,"018002",38.8
132.63,-31.83,1909,7,"018002",49.5
132.63,-31.83,1909,8,"018002",86.3
132.63,-31.83,1909,9,"018002",7.9
132.63,-31.83,1909,10,"018002",53.9
132.63,-31.83,1909,11,"018002",10.3
132.63,-31.83,1909,12,"018002",0
132.63,-31.83,1910,1,"018002",0
132.63,-31.83,1910,2,"018002",6.4
132.63,-31.83,1910,3,"018002",13.6
132.63,-31.83,1910,4,"018002",0
132.63,-31.83,1910,5,"018002",45.6
132.63,-31.83,1910,6,"018002",38.3
132.63,-31.83,1910,7,"018002",52
132.63,-31.83,1910,8,"018002",12.7
132.63,-31.83,1910,9,"018002",39.5
132.63,-31.83,1910,10,"018002",40.7
132.63,-31.83,1910,11,"018002",29.2
132.63,-31.83,1910,12,"018002",0
132.63,-31.83,1911,1,"018002",4.3
132.63,-31.83,1911,2,"018002",24.4
132.63,-31.83,1911,3,"018002",4.1
132.63,-31.83,1911,4,"018002",4.1
132.63,-31.83,1911,5,"018002",52.1
132.63,-31.83,1911,6,"018002",36.4
132.63,-31.83,1911,7,"018002",30.7
132.63,-31.83,1911,8,"018002",80.9
132.63,-31.83,1911,9,"018002",29.9
132.63,-31.83,1911,10,"018002",12.4
132.63,-31.83,1911,11,"018002",0
132.63,-31.83,1911,12,"018002",4.8
132.63,-31.83,1912,1,"018002",0
132.63,-31.83,1912,2,"018002",14.5
132.63,-31.83,1912,3,"018002",49
132.63,-31.83,1912,4,"018002",9.1
132.63,-31.83,1912,5,"018002",35.6
132.63,-31.83,1912,6,"018002",83.4
132.63,-31.83,1912,7,"018002",39.6
132.63,-31.83,1912,8,"018002",47.3
132.63,-31.83,1912,9,"018002",11.2
132.63,-31.83,1912,10,"018002",33.6
132.63,-31.83,1912,11,"018002",19.6
132.63,-31.83,1912,12,"018002",4.9
132.63,-31.83,1913,1,"018002",0
132.63,-31.83,1913,2,"018002",116.3
132.63,-31.83,1913,3,"018002",20.3
132.63,-31.83,1913,4,"018002",5.8
132.63,-31.83,1913,5,"018002",26.4
132.63,-31.83,1913,6,"018002",7.7
132.63,-31.83,1913,7,"018002",11.7
132.63,-31.83,1913,8,"018002",33
132.63,-31.83,1913,9,"018002",22.7
132.63,-31.83,1913,10,"018002",37.6
132.63,-31.83,1913,11,"018002",7.8
132.63,-31.83,1913,12,"018002",50.2
132.63,-31.83,1914,1,"018002",2
132.63,-31.83,1914,2,"018002",0
132.63,-31.83,1914,3,"018002",26.7
132.63,-31.83,1914,4,"018002",9.2
132.63,-31.83,1914,5,"018002",6.9
132.63,-31.83,1914,6,"018002",14.5
132.63,-31.83,1914,7,"018002",25.3
132.63,-31.83,1914,8,"018002",14.2
132.63,-31.83,1914,9,"018002",23.7
132.63,-31.83,1914,10,"018002",28
132.63,-31.83,1914,11,"018002",32.5
132.63,-31.83,1914,12,"018002",3.3
132.63,-31.83,1915,1,"018002",5.4
132.63,-31.83,1915,2,"018002",40.2
132.63,-31.83,1915,3,"018002",7.9
132.63,-31.83,1915,4,"018002",13.5
132.63,-31.83,1915,5,"018002",41.6
132.63,-31.83,1915,6,"018002",43.4
132.63,-31.83,1915,7,"018002",23.6
132.63,-31.83,1915,8,"018002",149.8
132.63,-31.83,1915,9,"018002",10.7
132.63,-31.83,1915,10,"018002",12.9
132.63,-31.83,1915,11,"018002",1.3
132.63,-31.83,1915,12,"018002",2.3
132.63,-31.83,1916,1,"018002",25.4
132.63,-31.83,1916,2,"018002",0
132.63,-31.83,1916,3,"018002",1.5
132.63,-31.83,1916,4,"018002",9.7
132.63,-31.83,1916,5,"018002",49.9
132.63,-31.83,1916,6,"018002",105.8
132.63,-31.83,1916,7,"018002",163.4
132.63,-31.83,1916,8,"018002",56
132.63,-31.83,1916,9,"018002",70.4
132.63,-31.83,1916,10,"018002",23.8
132.63,-31.83,1916,11,"018002",34.8
132.63,-31.83,1916,12,"018002",2.3
132.63,-31.83,1917,1,"018002",21.3
132.63,-31.83,1917,2,"018002",7.1
132.63,-31.83,1917,3,"018002",22.6
132.63,-31.83,1917,4,"018002",11.4
132.63,-31.83,1917,5,"018002",60.7
132.63,-31.83,1917,6,"018002",67.2
132.63,-31.83,1917,7,"018002",67.3
132.63,-31.83,1917,8,"018002",49.8
132.63,-31.83,1917,9,"018002",45.8
132.63,-31.83,1917,10,"018002",13.7
132.63,-31.83,1917,11,"018002",26.7
132.63,-31.83,1917,12,"018002",15.1
132.63,-31.83,1918,1,"018002",0
132.63,-31.83,1918,2,"018002",0
132.63,-31.83,1918,3,"018002",11.9
132.63,-31.83,1918,4,"018002",15.5
132.63,-31.83,1918,5,"018002",40.3
132.63,-31.83,1918,6,"018002",20.6
132.63,-31.83,1918,7,"018002",15.6
132.63,-31.83,1918,8,"018002",51.4
132.63,-31.83,1918,9,"018002",0
132.63,-31.83,1918,10,"018002",38.1
132.63,-31.83,1918,11,"018002",0
132.63,-31.83,1918,12,"018002",13.7
132.63,-31.83,1919,1,"018002",16.8
132.63,-31.83,1919,2,"018002",55.1
132.63,-31.83,1919,3,"018002",5.1
132.63,-31.83,1919,4,"018002",16.5
132.63,-31.83,1919,5,"018002",13.5
132.63,-31.83,1919,6,"018002",18.5
132.63,-31.83,1919,7,"018002",16.2
132.63,-31.83,1919,8,"018002",23.2
132.63,-31.83,1919,9,"018002",25.6
132.63,-31.83,1919,10,"018002",18.6
132.63,-31.83,1919,11,"018002",0
132.63,-31.83,1919,12,"018002",49.8
132.63,-31.83,1920,1,"018002",0
132.63,-31.83,1920,2,"018002",0
132.63,-31.83,1920,3,"018002",6.1
132.63,-31.83,1920,4,"018002",23.6
132.63,-31.83,1920,5,"018002",43.2
132.63,-31.83,1920,6,"018002",69.8
132.63,-31.83,1920,7,"018002",39.8
132.63,-31.83,1920,8,"018002",48.3
132.63,-31.83,1920,9,"018002",44.3
132.63,-31.83,1920,10,"018002",22.6
132.63,-31.83,1920,11,"018002",37
132.63,-31.83,1920,12,"018002",7.6
132.63,-31.83,1921,1,"018002",0
132.63,-31.83,1921,2,"018002",45.7
132.63,-31.83,1921,3,"018002",1
132.63,-31.83,1921,4,"018002",31.5
132.63,-31.83,1921,5,"018002",57.1
132.63,-31.83,1921,6,"018002",84.2
132.63,-31.83,1921,7,"018002",17.6
132.63,-31.83,1921,8,"018002",27.9
132.63,-31.83,1921,9,"018002",13.6
132.63,-31.83,1921,10,"018002",21.6
132.63,-31.83,1921,11,"018002",17.6
132.63,-31.83,1921,12,"018002",13.7
132.63,-31.83,1922,1,"018002",8.8
132.63,-31.83,1922,2,"018002",0
132.63,-31.83,1922,3,"018002",6.4
132.63,-31.83,1922,4,"018002",72.9
132.63,-31.83,1922,5,"018002",27.7
132.63,-31.83,1922,6,"018002",60.7
132.63,-31.83,1922,7,"018002",88
132.63,-31.83,1922,8,"018002",12.7
132.63,-31.83,1922,9,"018002",17
132.63,-31.83,1922,10,"018002",12.5
132.63,-31.83,1922,11,"018002",9.4
132.63,-31.83,1922,12,"018002",41.7
132.63,-31.83,1923,1,"018002",0
132.63,-31.83,1923,2,"018002",4.6
132.63,-31.83,1923,3,"018002",0
132.63,-31.83,1923,4,"018002",1.8
132.63,-31.83,1923,5,"018002",26.8
132.63,-31.83,1923,6,"018002",50.1
132.63,-31.83,1923,7,"018002",44.1
132.63,-31.83,1923,8,"018002",10.2
132.63,-31.83,1923,9,"018002",18.8
132.63,-31.83,1923,10,"018002",19.6
132.63,-31.83,1923,11,"018002",0
132.63,-31.83,1923,12,"018002",35.6
132.63,-31.83,1924,1,"018002",0
132.63,-31.83,1924,2,"018002",7.3
132.63,-31.83,1924,3,"018002",19.8
132.63,-31.83,1924,4,"018002",2.5
132.63,-31.83,1924,5,"018002",23.9
132.63,-31.83,1924,6,"018002",50.5
132.63,-31.83,1924,7,"018002",0
132.63,-31.83,1924,8,"018002",27.2
132.63,-31.83,1924,9,"018002",24.6
132.63,-31.83,1924,10,"018002",30.7
132.63,-31.83,1924,11,"018002",21.8
132.63,-31.83,1924,12,"018002",0.8
132.63,-31.83,1925,1,"018002",8
132.63,-31.83,1925,2,"018002",0
132.63,-31.83,1925,3,"018002",0
132.63,-31.83,1925,4,"018002",39.3
132.63,-31.83,1925,5,"018002",46.8
132.63,-31.83,1925,6,"018002",0.8
132.63,-31.83,1925,7,"018002",27.2
132.63,-31.83,1925,8,"018002",11.9
132.63,-31.83,1925,9,"018002",14.2
132.63,-31.83,1925,10,"018002",3.6
132.63,-31.83,1925,11,"018002",11.2
132.63,-31.83,1925,12,"018002",5.6
132.63,-31.83,1926,1,"018002",0
132.63,-31.83,1926,2,"018002",0
132.63,-31.83,1926,3,"018002",6.4
132.63,-31.83,1926,4,"018002",25.9
132.63,-31.83,1926,5,"018002",37
132.63,-31.83,1926,6,"018002",44.3
132.63,-31.83,1926,7,"018002",26.1
132.63,-31.83,1926,8,"018002",46.3
132.63,-31.83,1926,9,"018002",2.5
132.63,-31.83,1926,10,"018002",0
132.63,-31.83,1926,11,"018002",0
132.63,-31.83,1926,12,"018002",16.5
132.63,-31.83,1927,1,"018002",0
132.63,-31.83,1927,2,"018002",7.6
132.63,-31.83,1927,3,"018002",43.7
132.63,-31.83,1927,4,"018002",2
132.63,-31.83,1927,5,"018002",19.3
132.63,-31.83,1927,6,"018002",73.7
132.63,-31.83,1927,7,"018002",45.8
132.63,-31.83,1927,8,"018002",26
132.63,-31.83,1927,9,"018002",2
132.63,-31.83,1927,10,"018002",10.7
132.63,-31.83,1927,11,"018002",17.5
132.63,-31.83,1927,12,"018002",4.5
132.63,-31.83,1928,1,"018002",17.3
132.63,-31.83,1928,2,"018002",5.3
132.63,-31.83,1928,3,"018002",0
132.63,-31.83,1928,4,"018002",1.8
132.63,-31.83,1928,5,"018002",18.3
132.63,-31.83,1928,6,"018002",47.8
132.63,-31.83,1928,7,"018002",40
132.63,-31.83,1928,8,"018002",11.7
132.63,-31.83,1928,9,"018002",19.1
132.63,-31.83,1928,10,"018002",22.9
132.63,-31.83,1928,11,"018002",1
132.63,-31.83,1928,12,"018002",0
132.63,-31.83,1929,1,"018002",2.3
132.63,-31.83,1929,2,"018002",0.8
132.63,-31.83,1929,3,"018002",6.7
132.63,-31.83,1929,4,"018002",0.8
132.63,-31.83,1929,5,"018002",19.8
132.63,-31.83,1929,6,"018002",24.5
132.63,-31.83,1929,7,"018002",35.4
132.63,-31.83,1929,8,"018002",34.8
132.63,-31.83,1929,9,"018002",21.5
132.63,-31.83,1929,10,"018002",14
132.63,-31.83,1929,11,"018002",23.4
132.63,-31.83,1929,12,"018002",3.5
132.63,-31.83,1930,1,"018002",0
132.63,-31.83,1930,2,"018002",9.7
132.63,-31.83,1930,3,"018002",0.5
132.63,-31.83,1930,4,"018002",10.2
132.63,-31.83,1930,5,"018002",38.4
132.63,-31.83,1930,6,"018002",3.3
132.63,-31.83,1930,7,"018002",21.4
132.63,-31.83,1930,8,"018002",58.2
132.63,-31.83,1930,9,"018002",5.4
132.63,-31.83,1930,10,"018002",46.8
132.63,-31.83,1930,11,"018002",0
132.63,-31.83,1930,12,"018002",36.8
132.63,-31.83,1931,1,"018002",7.9
132.63,-31.83,1931,2,"018002",2
132.63,-31.83,1931,3,"018002",104.4
132.63,-31.83,1931,4,"018002",48.7
132.63,-31.83,1931,5,"018002",113.7
132.63,-31.83,1931,6,"018002",101
132.63,-31.83,1931,7,"018002",77.1
132.63,-31.83,1931,8,"018002",26.2
132.63,-31.83,1931,9,"018002",28
132.63,-31.83,1931,10,"018002",4.9
132.63,-31.83,1931,11,"018002",60.8
132.63,-31.83,1931,12,"018002",0
132.63,-31.83,1932,1,"018002",0
132.63,-31.83,1932,2,"018002",65.2
132.63,-31.83,1932,3,"018002",1.8
132.63,-31.83,1932,4,"018002",74.8
132.63,-31.83,1932,5,"018002",25.1
132.63,-31.83,1932,6,"018002",63.3
132.63,-31.83,1932,7,"018002",33.3
132.63,-31.83,1932,8,"018002",62.1
132.63,-31.83,1932,9,"018002",69.3
132.63,-31.83,1932,10,"018002",48.1
132.63,-31.83,1932,11,"018002",5.6
132.63,-31.83,1932,12,"018002",30.3
132.63,-31.83,1933,1,"018002",3.8
132.63,-31.83,1933,2,"018002",1.5
132.63,-31.83,1933,3,"018002",37.2
132.63,-31.83,1933,4,"018002",36.9
132.63,-31.83,1933,5,"018002",48.8
132.63,-31.83,1933,6,"018002",20.6
132.63,-31.83,1933,7,"018002",97.7
132.63,-31.83,1933,8,"018002",61.1
132.63,-31.83,1933,9,"018002",25.1
132.63,-31.83,1933,10,"018002",12
132.63,-31.83,1933,11,"018002",29.1
132.63,-31.83,1933,12,"018002",0
132.63,-31.83,1934,1,"018002",0
132.63,-31.83,1934,2,"018002",18.5
132.63,-31.83,1934,3,"018002",11
132.63,-31.83,1934,4,"018002",26
132.63,-31.83,1934,5,"018002",0
132.63,-31.83,1934,6,"018002",54.7
132.63,-31.83,1934,7,"018002",37.4
132.63,-31.83,1934,8,"018002",41.1
132.63,-31.83,1934,9,"018002",17.8
132.63,-31.83,1934,10,"018002",17.7
132.63,-31.83,1934,11,"018002",28.2
132.63,-31.83,1934,12,"018002",0
132.63,-31.83,1935,1,"018002",3.8
132.63,-31.83,1935,2,"018002",0
132.63,-31.83,1935,3,"018002",70.9
132.63,-31.83,1935,4,"018002",38.4
132.63,-31.83,1935,5,"018002",21.5
132.63,-31.83,1935,6,"018002",12.3
132.63,-31.83,1935,7,"018002",30.3
132.63,-31.83,1935,8,"018002",49.3
132.63,-31.83,1935,9,"018002",38.9
132.63,-31.83,1935,10,"018002",63.5
132.63,-31.83,1935,11,"018002",26.2
132.63,-31.83,1935,12,"018002",2.3
132.63,-31.83,1936,1,"018002",0
132.63,-31.83,1936,2,"018002",6.6
132.63,-31.83,1936,3,"018002",0
132.63,-31.83,1936,4,"018002",15.2
132.63,-31.83,1936,5,"018002",55.6
132.63,-31.83,1936,6,"018002",53.6
132.63,-31.83,1936,7,"018002",47.9
132.63,-31.83,1936,8,"018002",9
132.63,-31.83,1936,9,"018002",1.5
132.63,-31.83,1936,10,"018002",36.6
132.63,-31.83,1936,11,"018002",14.3
132.63,-31.83,1936,12,"018002",30.5
132.63,-31.83,1937,1,"018002",0
132.63,-31.83,1937,2,"018002",2.8
132.63,-31.83,1937,3,"018002",0
132.63,-31.83,1937,4,"018002",9.4
132.63,-31.83,1937,5,"018002",48
132.63,-31.83,1937,6,"018002",51.6
132.63,-31.83,1937,7,"018002",30.3
132.63,-31.83,1937,8,"018002",51.9
132.63,-31.83,1937,9,"018002",28
132.63,-31.83,1937,10,"018002",0
132.63,-31.83,1937,11,"018002",59.1
132.63,-31.83,1937,12,"018002",20.4
132.63,-31.83,1938,1,"018002",1.5
132.63,-31.83,1938,2,"018002",41.5
132.63,-31.83,1938,3,"018002",0
132.63,-31.83,1938,4,"018002",35.4
132.63,-31.83,1938,5,"018002",38.5
132.63,-31.83,1938,6,"018002",67.2
132.63,-31.83,1938,7,"018002",43.7
132.63,-31.83,1938,8,"018002",36.1
132.63,-31.83,1938,9,"018002",1
132.63,-31.83,1938,10,"018002",5.6
132.63,-31.83,1938,11,"018002",0
132.63,-31.83,1938,12,"018002",0
132.63,-31.83,1939,1,"018002",7.1
132.63,-31.83,1939,2,"018002",0
132.63,-31.83,1939,3,"018002",22.6
132.63,-31.83,1939,4,"018002",2
132.63,-31.83,1939,5,"018002",25.2
132.63,-31.83,1939,6,"018002",52.4
132.63,-31.83,1939,7,"018002",77.5
132.63,-31.83,1939,8,"018002",55.2
132.63,-31.83,1939,9,"018002",0.8
132.63,-31.83,1939,10,"018002",12.7
132.63,-31.83,1939,11,"018002",9.4
132.63,-31.83,1939,12,"018002",7.1
132.63,-31.83,1940,1,"018002",46.5
132.63,-31.83,1940,2,"018002",5.8
132.63,-31.83,1940,3,"018002",22.9
132.63,-31.83,1940,4,"018002",13.2
132.63,-31.83,1940,5,"018002",37.8
132.63,-31.83,1940,6,"018002",6.4
132.63,-31.83,1940,7,"018002",27.2
132.63,-31.83,1940,8,"018002",0
132.63,-31.83,1940,9,"018002",7.9
132.63,-31.83,1940,10,"018002",14.2
132.63,-31.83,1940,11,"018002",2.5
132.63,-31.83,1940,12,"018002",0
132.63,-31.83,1941,1,"018002",8.1
132.63,-31.83,1941,2,"018002",17.8
132.63,-31.83,1941,3,"018002",29.9
132.63,-31.83,1941,4,"018002",23.8
132.63,-31.83,1941,5,"018002",2.3
132.63,-31.83,1941,6,"018002",6.9
132.63,-31.83,1941,7,"018002",41.6
132.63,-31.83,1941,8,"018002",53.1
132.63,-31.83,1941,9,"018002",43.7
132.63,-31.83,1941,10,"018002",2.8
132.63,-31.83,1941,11,"018002",13.7
132.63,-31.83,1941,12,"018002",2.8
132.63,-31.83,1942,1,"018002",21.8
132.63,-31.83,1942,2,"018002",3.3
132.63,-31.83,1942,3,"018002",9.4
132.63,-31.83,1942,4,"018002",9.3
132.63,-31.83,1942,5,"018002",37.1
132.63,-31.83,1942,6,"018002",63.2
132.63,-31.83,1942,7,"018002",52
132.63,-31.83,1942,8,"018002",43.1
132.63,-31.83,1942,9,"018002",11.4
132.63,-31.83,1942,10,"018002",11.7
132.63,-31.83,1942,11,"018002",47.8
132.63,-31.83,1942,12,"018002",31.5
132.63,-31.83,1943,1,"018002",0
132.63,-31.83,1943,2,"018002",34.5
132.63,-31.83,1943,3,"018002",0
132.63,-31.83,1943,4,"018002",13.8
132.63,-31.83,1943,5,"018002",2
132.63,-31.83,1943,6,"018002",21.1
132.63,-31.83,1943,7,"018002",29
132.63,-31.83,1943,8,"018002",33.4
132.63,-31.83,1943,9,"018002",7.7
132.63,-31.83,1943,10,"018002",11.2
132.63,-31.83,1943,11,"018002",0
132.63,-31.83,1943,12,"018002",4.6
132.63,-31.83,1944,1,"018002",0
132.63,-31.83,1944,2,"018002",0
132.63,-31.83,1944,3,"018002",0.5
132.63,-31.83,1944,4,"018002",33.5
132.63,-31.83,1944,5,"018002",40.9
132.63,-31.83,1944,6,"018002",11.7
132.63,-31.83,1944,7,"018002",35.5
132.63,-31.83,1944,8,"018002",3.9
132.63,-31.83,1944,9,"018002",14.4
132.63,-31.83,1944,10,"018002",2.8
132.63,-31.83,1944,11,"018002",13.2
132.63,-31.83,1944,12,"018002",5.6
132.63,-31.83,1945,1,"018002",50.8
132.63,-31.83,1945,2,"018002",20.3
132.63,-31.83,1945,3,"018002",1.3
132.63,-31.83,1945,4,"018002",0
132.63,-31.83,1945,5,"018002",29.5
132.63,-31.83,1945,6,"018002",38.8
132.63,-31.83,1945,7,"018002",6.7
132.63,-31.83,1945,8,"018002",7.9
132.63,-31.83,1945,9,"018002",20.4
132.63,-31.83,1945,10,"018002",22.6
132.63,-31.83,1945,11,"018002",34.8
132.63,-31.83,1945,12,"018002",61.7
132.63,-31.83,1946,1,"018002",14.5
132.63,-31.83,1946,2,"018002",22.3
132.63,-31.83,1946,3,"018002",11.7
132.63,-31.83,1946,4,"018002",25.2
132.63,-31.83,1946,5,"018002",7.5
132.63,-31.83,1946,6,"018002",44.2
132.63,-31.83,1946,7,"018002",21.1
132.63,-31.83,1946,8,"018002",7.4
132.63,-31.83,1946,9,"018002",1.5
132.63,-31.83,1946,10,"018002",12
132.63,-31.83,1946,11,"018002",15
132.63,-31.83,1946,12,"018002",9.4
132.63,-31.83,1947,1,"018002",0
132.63,-31.83,1947,2,"018002",7.9
132.63,-31.83,1947,3,"018002",23.1
132.63,-31.83,1947,4,"018002",6.3
132.63,-31.83,1947,5,"018002",25
132.63,-31.83,1947,6,"018002",10.8
132.63,-31.83,1947,7,"018002",26.9
132.63,-31.83,1947,8,"018002",28.5
132.63,-31.83,1947,9,"018002",53.9
132.63,-31.83,1947,10,"018002",44.3
132.63,-31.83,1947,11,"018002",25.6
132.63,-31.83,1947,12,"018002",2.5
132.63,-31.83,1948,1,"018002",0.8
132.63,-31.83,1948,2,"018002",1.5
132.63,-31.83,1948,3,"018002",0
132.63,-31.83,1948,4,"018002",7.1
132.63,-31.83,1948,5,"018002",21.7
132.63,-31.83,1948,6,"018002",17.7
132.63,-31.83,1948,7,"018002",21.7
132.63,-31.83,1948,8,"018002",40.6
132.63,-31.83,1948,9,"018002",2.1
132.63,-31.83,1948,10,"018002",20.6
132.63,-31.83,1948,11,"018002",9.7
132.63,-31.83,1948,12,"018002",0
132.63,-31.83,1949,1,"018002",0
132.63,-31.83,1949,2,"018002",28.4
132.63,-31.83,1949,3,"018002",0
132.63,-31.83,1949,4,"018002",9.2
132.63,-31.83,1949,5,"018002",40.2
132.63,-31.83,1949,6,"018002",30.1
132.63,-31.83,1949,7,"018002",28.1
132.63,-31.83,1949,8,"018002",19.5
132.63,-31.83,1949,9,"018002",50.7
132.63,-31.83,1949,10,"018002",9.9
132.63,-31.83,1949,11,"018002",24.2
132.63,-31.83,1949,12,"018002",8.1
132.63,-31.83,1950,1,"018002",8.9
132.63,-31.83,1950,2,"018002",15
132.63,-31.83,1950,3,"018002",0
132.63,-31.83,1950,4,"018002",6.4
132.63,-31.83,1950,5,"018002",9.5
132.63,-31.83,1950,6,"018002",43.9
132.63,-31.83,1950,7,"018002",9.7
132.63,-31.83,1950,8,"018002",47.3
132.63,-31.83,1950,9,"018002",9.3
132.63,-31.83,1950,10,"018002",45.3
132.63,-31.83,1950,11,"018002",12.4
132.63,-31.83,1950,12,"018002",55.1
132.63,-31.83,1951,1,"018002",0
132.63,-31.83,1951,2,"018002",0
132.63,-31.83,1951,3,"018002",12.2
132.63,-31.83,1951,4,"018002",20.7
132.63,-31.83,1951,5,"018002",51.8
132.63,-31.83,1951,6,"018002",34.5
132.63,-31.83,1951,7,"018002",116.1
132.63,-31.83,1951,8,"018002",52.1
132.63,-31.83,1951,9,"018002",9.7
132.63,-31.83,1951,10,"018002",6.6
132.63,-31.83,1951,11,"018002",0
132.63,-31.83,1951,12,"018002",3.8
132.63,-31.83,1952,1,"018002",28
132.63,-31.83,1952,2,"018002",5.8
132.63,-31.83,1952,3,"018002",7.4
132.63,-31.83,1952,4,"018002",49.8
132.63,-31.83,1952,5,"018002",80.3
132.63,-31.83,1952,6,"018002",16.8
132.63,-31.83,1952,7,"018002",26.9
132.63,-31.83,1952,8,"018002",32.5
132.63,-31.83,1952,9,"018002",9.4
132.63,-31.83,1952,10,"018002",27.9
132.63,-31.83,1952,11,"018002",30.7
132.63,-31.83,1952,12,"018002",0
132.63,-31.83,1953,1,"018002",8.9
132.63,-31.83,1953,2,"018002",58.9
132.63,-31.83,1953,3,"018002",5.3
132.63,-31.83,1953,4,"018002",3
132.63,-31.83,1953,5,"018002",6.9
132.63,-31.83,1953,6,"018002",85.4
132.63,-31.83,1953,7,"018002",23.9
132.63,-31.83,1953,8,"018002",48.8
132.63,-31.83,1953,9,"018002",8.9
132.63,-31.83,1953,10,"018002",16.3
132.63,-31.83,1953,11,"018002",15.2
132.63,-31.83,1953,12,"018002",52.3
132.63,-31.83,1954,1,"018002",9.4
132.63,-31.83,1954,2,"018002",1.5
132.63,-31.83,1954,3,"018002",0
132.63,-31.83,1954,4,"018002",54.6
132.63,-31.83,1954,5,"018002",13.7
132.63,-31.83,1954,6,"018002",97.5
132.63,-31.83,1954,7,"018002",9.2
132.63,-31.83,1954,8,"018002",20.3
132.63,-31.83,1954,9,"018002",15.7
132.63,-31.83,1954,10,"018002",30.8
132.63,-31.83,1954,11,"018002",3.1
132.63,-31.83,1954,12,"018002",38.8
132.63,-31.83,1955,1,"018002",4.6
132.63,-31.83,1955,2,"018002",26.7
132.63,-31.83,1955,3,"018002",5.6
132.63,-31.83,1955,4,"018002",26
132.63,-31.83,1955,5,"018002",58.6
132.63,-31.83,1955,6,"018002",88
132.63,-31.83,1955,7,"018002",31.3
132.63,-31.83,1955,8,"018002",34.9
132.63,-31.83,1955,9,"018002",8.1
132.63,-31.83,1955,10,"018002",14.5
132.63,-31.83,1955,11,"018002",24.7
132.63,-31.83,1955,12,"018002",8.4
132.63,-31.83,1956,1,"018002",0
132.63,-31.83,1956,2,"018002",0
132.63,-31.83,1956,3,"018002",0
132.63,-31.83,1956,4,"018002",55.1
132.63,-31.83,1956,5,"018002",92.4
132.63,-31.83,1956,6,"018002",52
132.63,-31.83,1956,7,"018002",58.1
132.63,-31.83,1956,8,"018002",35
132.63,-31.83,1956,9,"018002",19.3
132.63,-31.83,1956,10,"018002",63
132.63,-31.83,1956,11,"018002",6.8
132.63,-31.83,1956,12,"018002",0
132.63,-31.83,1957,1,"018002",0
132.63,-31.83,1957,2,"018002",4.6
132.63,-31.83,1957,3,"018002",0
132.63,-31.83,1957,4,"018002",5.1
132.63,-31.83,1957,5,"018002",6.9
132.63,-31.83,1957,6,"018002",47.3
132.63,-31.83,1957,7,"018002",60.6
132.63,-31.83,1957,8,"018002",18.8
132.63,-31.83,1957,9,"018002",8.9
132.63,-31.83,1957,10,"018002",3.8
132.63,-31.83,1957,11,"018002",0.3
132.63,-31.83,1957,12,"018002",78.8
132.63,-31.83,1958,1,"018002",1.3
132.63,-31.83,1958,2,"018002",0
132.63,-31.83,1958,3,"018002",41.9
132.63,-31.83,1958,4,"018002",9.1
132.63,-31.83,1958,5,"018002",39.5
132.63,-31.83,1958,6,"018002",9.4
132.63,-31.83,1958,7,"018002",56.1
132.63,-31.83,1958,8,"018002",66.8
132.63,-31.83,1958,9,"018002",53.8
132.63,-31.83,1958,10,"018002",29.6
132.63,-31.83,1958,11,"018002",15.8
132.63,-31.83,1958,12,"018002",7.6
132.63,-31.83,1959,1,"018002",0
132.63,-31.83,1959,2,"018002",11.5
132.63,-31.83,1959,3,"018002",0.5
132.63,-31.83,1959,4,"018002",18.1
132.63,-31.83,1959,5,"018002",22.9
132.63,-31.83,1959,6,"018002",12.5
132.63,-31.83,1959,7,"018002",50.6
132.63,-31.83,1959,8,"018002",7.1
132.63,-31.83,1959,9,"018002",24.9
132.63,-31.83,1959,10,"018002",21.4
132.63,-31.83,1959,11,"018002",16.3
132.63,-31.83,1959,12,"018002",15.8
132.63,-31.83,1960,1,"018002",34
132.63,-31.83,1960,2,"018002",41.6
132.63,-31.83,1960,3,"018002",2.1
132.63,-31.83,1960,4,"018002",61.6
132.63,-31.83,1960,5,"018002",33.9
132.63,-31.83,1960,6,"018002",22.9
132.63,-31.83,1960,7,"018002",27
132.63,-31.83,1960,8,"018002",27.5
132.63,-31.83,1960,9,"018002",77.3
132.63,-31.83,1960,10,"018002",2
132.63,-31.83,1960,11,"018002",11.5
132.63,-31.83,1960,12,"018002",1.8
132.63,-31.83,1961,1,"018002",0
132.63,-31.83,1961,2,"018002",7.4
132.63,-31.83,1961,3,"018002",4.6
132.63,-31.83,1961,4,"018002",23
132.63,-31.83,1961,5,"018002",6.8
132.63,-31.83,1961,6,"018002",28.6
132.63,-31.83,1961,7,"018002",29.4
132.63,-31.83,1961,8,"018002",34.9
132.63,-31.83,1961,9,"018002",6.7
132.63,-31.83,1961,10,"018002",4
132.63,-31.83,1961,11,"018002",9.9
132.63,-31.83,1961,12,"018002",7.7
132.63,-31.83,1962,1,"018002",0.8
132.63,-31.83,1962,2,"018002",2.3
132.63,-31.83,1962,3,"018002",13.7
132.63,-31.83,1962,4,"018002",1.3
132.63,-31.83,1962,5,"018002",49.6
132.63,-31.83,1962,6,"018002",6.4
132.63,-31.83,1962,7,"018002",23.2
132.63,-31.83,1962,8,"018002",33.5
132.63,-31.83,1962,9,"018002",29
132.63,-31.83,1962,10,"018002",60.1
132.63,-31.83,1962,11,"018002",4.8
132.63,-31.83,1962,12,"018002",2.3
132.63,-31.83,1963,1,"018002",5.1
132.63,-31.83,1963,2,"018002",7.9
132.63,-31.83,1963,3,"018002",1
132.63,-31.83,1963,4,"018002",42.4
132.63,-31.83,1963,5,"018002",40.7
132.63,-31.83,1963,6,"018002",46.3
132.63,-31.83,1963,7,"018002",50.1
132.63,-31.83,1963,8,"018002",20.6
132.63,-31.83,1963,9,"018002",5.9
132.63,-31.83,1963,10,"018002",1.3
132.63,-31.83,1963,11,"018002",1.8
132.63,-31.83,1963,12,"018002",1.8
132.63,-31.83,1964,1,"018002",2.8
132.63,-31.83,1964,2,"018002",12.9
132.63,-31.83,1964,3,"018002",1.3
132.63,-31.83,1964,4,"018002",32.9
132.63,-31.83,1964,5,"018002",44.5
132.63,-31.83,1964,6,"018002",28
132.63,-31.83,1964,7,"018002",47.3
132.63,-31.83,1964,8,"018002",19.9
132.63,-31.83,1964,9,"018002",54.1
132.63,-31.83,1964,10,"018002",21.3
132.63,-31.83,1964,11,"018002",43.1
132.63,-31.83,1964,12,"018002",0
132.63,-31.83,1965,1,"018002",0.3
132.63,-31.83,1965,2,"018002",0
132.63,-31.83,1965,3,"018002",0.8
132.63,-31.83,1965,4,"018002",3.6
132.63,-31.83,1965,5,"018002",27.2
132.63,-31.83,1965,6,"018002",16.8
132.63,-31.83,1965,7,"018002",24.6
132.63,-31.83,1965,8,"018002",40.2
132.63,-31.83,1965,9,"018002",23.1
132.63,-31.83,1965,10,"018002",5.8
132.63,-31.83,1965,11,"018002",12.7
132.63,-31.83,1965,12,"018002",12.2
132.63,-31.83,1966,1,"018002",0
132.63,-31.83,1966,2,"018002",18.5
132.63,-31.83,1966,3,"018002",32.3
132.63,-31.83,1966,4,"018002",7.6
132.63,-31.83,1966,5,"018002",76.9
132.63,-31.83,1966,6,"018002",40.2
132.63,-31.83,1966,7,"018002",43.1
132.63,-31.83,1966,8,"018002",38.5
132.63,-31.83,1966,9,"018002",37.3
132.63,-31.83,1966,10,"018002",61.8
132.63,-31.83,1966,11,"018002",15.2
132.63,-31.83,1966,12,"018002",77.7
132.63,-31.83,1967,1,"018002",38.9
132.63,-31.83,1967,2,"018002",11.7
132.63,-31.83,1967,3,"018002",0
132.63,-31.83,1967,4,"018002",1
132.63,-31.83,1967,5,"018002",4.8
132.63,-31.83,1967,6,"018002",9.1
132.63,-31.83,1967,7,"018002",59.8
132.63,-31.83,1967,8,"018002",31.8
132.63,-31.83,1967,9,"018002",8.1
132.63,-31.83,1967,10,"018002",7.2
132.63,-31.83,1967,11,"018002",4
132.63,-31.83,1967,12,"018002",0
132.63,-31.83,1968,1,"018002",15.5
132.63,-31.83,1968,2,"018002",6.6
132.63,-31.83,1968,3,"018002",117.7
132.63,-31.83,1968,4,"018002",65.1
132.63,-31.83,1968,5,"018002",52.8
132.63,-31.83,1968,6,"018002",81.2
132.63,-31.83,1968,7,"018002",51.9
132.63,-31.83,1968,8,"018002",70.7
132.63,-31.83,1968,9,"018002",24.1
132.63,-31.83,1968,10,"018002",13.3
132.63,-31.83,1968,11,"018002",15.8
132.63,-31.83,1968,12,"018002",35.8
132.63,-31.83,1969,1,"018002",21.5
132.63,-31.83,1969,2,"018002",24.9
132.63,-31.83,1969,3,"018002",65.5
132.63,-31.83,1969,4,"018002",13.9
132.63,-31.83,1969,5,"018002",90.7
132.63,-31.83,1969,6,"018002",55.7
132.63,-31.83,1969,7,"018002",35.4
132.63,-31.83,1969,8,"018002",31.4
132.63,-31.83,1969,9,"018002",48.1
132.63,-31.83,1969,10,"018002",2.5
132.63,-31.83,1969,11,"018002",3.8
132.63,-31.83,1969,12,"018002",5
132.63,-31.83,1970,1,"018002",0.8
132.63,-31.83,1970,2,"018002",0
132.63,-31.83,1970,3,"018002",0
132.63,-31.83,1970,4,"018002",15.1
132.63,-31.83,1970,5,"018002",43.2
132.63,-31.83,1970,6,"018002",16.3
132.63,-31.83,1970,7,"018002",16
132.63,-31.83,1970,8,"018002",67.7
132.63,-31.83,1970,9,"018002",59.5
132.63,-31.83,1970,10,"018002",8.6
132.63,-31.83,1970,11,"018002",8.9
132.63,-31.83,1970,12,"018002",0
132.63,-31.83,1971,1,"018002",2.1
132.63,-31.83,1971,2,"018002",1
132.63,-31.83,1971,3,"018002",37.8
132.63,-31.83,1971,4,"018002",75.4
132.63,-31.83,1971,5,"018002",31.6
132.63,-31.83,1971,6,"018002",30.1
132.63,-31.83,1971,7,"018002",40.1
132.63,-31.83,1971,8,"018002",50
132.63,-31.83,1971,9,"018002",13.2
132.63,-31.83,1971,10,"018002",3
132.63,-31.83,1971,11,"018002",63.3
132.63,-31.83,1971,12,"018002",27.2
132.63,-31.83,1972,1,"018002",6.4
132.63,-31.83,1972,2,"018002",3.8
132.63,-31.83,1972,3,"018002",0
132.63,-31.83,1972,4,"018002",6.9
132.63,-31.83,1972,5,"018002",7.1
132.63,-31.83,1972,6,"018002",25.5
132.63,-31.83,1972,7,"018002",38.5
132.63,-31.83,1972,8,"018002",83.6
132.63,-31.83,1972,9,"018002",5.6
132.63,-31.83,1972,10,"018002",19.8
132.63,-31.83,1972,11,"018002",6.4
132.63,-31.83,1972,12,"018002",1
132.63,-31.83,1973,1,"018002",8.7
132.63,-31.83,1973,2,"018002",1.1
132.63,-31.83,1973,3,"018002",67.7
132.63,-31.83,1973,4,"018002",17.6
132.63,-31.83,1973,5,"018002",27.6
132.63,-31.83,1973,6,"018002",33.9
132.63,-31.83,1973,7,"018002",41.4
132.63,-31.83,1973,8,"018002",96.5
132.63,-31.83,1973,9,"018002",30.3
132.63,-31.83,1973,10,"018002",22.3
132.63,-31.83,1973,11,"018002",20.2
132.63,-31.83,1973,12,"018002",36.8
132.63,-31.83,1974,1,"018002",0
132.63,-31.83,1974,2,"018002",4.6
132.63,-31.83,1974,3,"018002",3
132.63,-31.83,1974,4,"018002",43.6
132.63,-31.83,1974,5,"018002",45
132.63,-31.83,1974,6,"018002",21.8
132.63,-31.83,1974,7,"018002",47.2
132.63,-31.83,1974,8,"018002",19.6
132.63,-31.83,1974,9,"018002",58.4
132.63,-31.83,1974,10,"018002",120.2
132.63,-31.83,1974,11,"018002",13.4
132.63,-31.83,1974,12,"018002",0
132.63,-31.83,1975,1,"018002",0
132.63,-31.83,1975,2,"018002",92.8
132.63,-31.83,1975,3,"018002",22.2
132.63,-31.83,1975,4,"018002",26.6
132.63,-31.83,1975,5,"018002",41.8
132.63,-31.83,1975,6,"018002",27
132.63,-31.83,1975,7,"018002",25.8
132.63,-31.83,1975,8,"018002",20.8
132.63,-31.83,1975,9,"018002",32
132.63,-31.83,1975,10,"018002",43.4
132.63,-31.83,1975,11,"018002",23.2
132.63,-31.83,1975,12,"018002",4
132.63,-31.83,1976,1,"018002",9.8
132.63,-31.83,1976,2,"018002",36.6
132.63,-31.83,1976,3,"018002",2.4
132.63,-31.83,1976,4,"018002",8.6
132.63,-31.83,1976,5,"018002",14.8
132.63,-31.83,1976,6,"018002",29
132.63,-31.83,1976,7,"018002",3.6
132.63,-31.83,1976,8,"018002",17.2
132.63,-31.83,1976,9,"018002",36.8
132.63,-31.83,1976,10,"018002",51
132.63,-31.83,1976,11,"018002",36
132.63,-31.83,1976,12,"018002",1
132.63,-31.83,1977,1,"018002",10.2
132.63,-31.83,1977,2,"018002",10.2
132.63,-31.83,1977,3,"018002",5.6
132.63,-31.83,1977,4,"018002",4
132.63,-31.83,1977,5,"018002",48
132.63,-31.83,1977,6,"018002",7.2
132.63,-31.83,1977,7,"018002",7.8
132.63,-31.83,1977,8,"018002",12.8
132.63,-31.83,1977,9,"018002",23.8
132.63,-31.83,1977,10,"018002",22.6
132.63,-31.83,1977,11,"018002",16.8
132.63,-31.83,1977,12,"018002",2.4
132.63,-31.83,1978,1,"018002",6.4
132.63,-31.83,1978,2,"018002",0
132.63,-31.83,1978,3,"018002",3.2
132.63,-31.83,1978,4,"018002",13.8
132.63,-31.83,1978,5,"018002",25.8
132.63,-31.83,1978,6,"018002",62.4
132.63,-31.83,1978,7,"018002",99.6
132.63,-31.83,1978,8,"018002",42.4
132.63,-31.83,1978,9,"018002",68.6
132.63,-31.83,1978,10,"018002",7.5
132.63,-31.83,1978,11,"018002",46.6
132.63,-31.83,1978,12,"018002",4.4
132.63,-31.83,1979,1,"018002",0
132.63,-31.83,1979,2,"018002",0
132.63,-31.83,1979,3,"018002",4.6
132.63,-31.83,1979,4,"018002",35.8
132.63,-31.83,1979,5,"018002",92.2
132.63,-31.83,1979,6,"018002",23.6
132.63,-31.83,1979,7,"018002",39.8
132.63,-31.83,1979,8,"018002",37.1
132.63,-31.83,1979,9,"018002",123.2
132.63,-31.83,1979,10,"018002",7
132.63,-31.83,1979,11,"018002",18.2
132.63,-31.83,1979,12,"018002",0
132.63,-31.83,1980,1,"018002",0
132.63,-31.83,1980,2,"018002",0
132.63,-31.83,1980,3,"018002",0
132.63,-31.83,1980,4,"018002",17.7
132.63,-31.83,1980,5,"018002",30.4
132.63,-31.83,1980,6,"018002",39.8
132.63,-31.83,1980,7,"018002",30.4
132.63,-31.83,1980,8,"018002",10
132.63,-31.83,1980,9,"018002",0.6
132.63,-31.83,1980,10,"018002",41.2
132.63,-31.83,1980,11,"018002",17.4
132.63,-31.83,1980,12,"018002",28.6
132.63,-31.83,1981,1,"018002",9.8
132.63,-31.83,1981,2,"018002",36.6
132.63,-31.83,1981,3,"018002",9.2
132.63,-31.83,1981,4,"018002",0
132.63,-31.83,1981,5,"018002",14.2
132.63,-31.83,1981,6,"018002",109.2
132.63,-31.83,1981,7,"018002",42.4
132.63,-31.83,1981,8,"018002",37.4
132.63,-31.83,1981,9,"018002",0.6
132.63,-31.83,1981,10,"018002",8.6
132.63,-31.83,1981,11,"018002",27.8
132.63,-31.83,1981,12,"018002",0
132.63,-31.83,1982,1,"018002",0
132.63,-31.83,1982,2,"018002",26.8
132.63,-31.83,1982,3,"018002",19.2
132.63,-31.83,1982,4,"018002",7
132.63,-31.83,1982,5,"018002",34.4
132.63,-31.83,1982,6,"018002",27
132.63,-31.83,1982,7,"018002",12
132.63,-31.83,1982,8,"018002",2.4
132.63,-31.83,1982,9,"018002",31.4
132.63,-31.83,1982,10,"018002",1.2
132.63,-31.83,1982,11,"018002",0
132.63,-31.83,1982,12,"018002",12.4
132.63,-31.83,1983,1,"018002",1
132.63,-31.83,1983,2,"018002",6.5
132.63,-31.83,1983,3,"018002",93.4
132.63,-31.83,1983,4,"018002",97.2
132.63,-31.83,1983,5,"018002",39.4
132.63,-31.83,1983,6,"018002",6
132.63,-31.83,1983,7,"018002",81
132.63,-31.83,1983,8,"018002",30.6
132.63,-31.83,1983,9,"018002",21.6
132.63,-31.83,1983,10,"018002",18
132.63,-31.83,1983,11,"018002",3.4
132.63,-31.83,1983,12,"018002",13
132.63,-31.83,1984,1,"018002",8
132.63,-31.83,1984,2,"018002",0
132.63,-31.83,1984,3,"018002",3.6
132.63,-31.83,1984,4,"018002",28.2
132.63,-31.83,1984,5,"018002",20.2
132.63,-31.83,1984,6,"018002",7.6
132.63,-31.83,1984,7,"018002",66.8
132.63,-31.83,1984,8,"018002",39.6
132.63,-31.83,1984,9,"018002",60.1
132.63,-31.83,1984,10,"018002",24.2
132.63,-31.83,1984,11,"018002",0
132.63,-31.83,1984,12,"018002",20
132.63,-31.83,1985,1,"018002",0
132.63,-31.83,1985,2,"018002",0
132.63,-31.83,1985,3,"018002",0
132.63,-31.83,1985,4,"018002",15.2
132.63,-31.83,1985,5,"018002",4.2
132.63,-31.83,1985,6,"018002",17.4
132.63,-31.83,1985,7,"018002",24.8
132.63,-31.83,1985,8,"018002",55.2
132.63,-31.83,1985,9,"018002",4.4
132.63,-31.83,1985,10,"018002",31
132.63,-31.83,1985,11,"018002",1.6
132.63,-31.83,1985,12,"018002",16.2
132.63,-31.83,1986,1,"018002",0
132.63,-31.83,1986,2,"018002",6.6
132.63,-31.83,1986,3,"018002",0.4
132.63,-31.83,1986,4,"018002",10.2
132.63,-31.83,1986,5,"018002",22.4
132.63,-31.83,1986,6,"018002",43.4
132.63,-31.83,1986,7,"018002",113.6
132.63,-31.83,1986,8,"018002",50.2
132.63,-31.83,1986,9,"018002",21.4
132.63,-31.83,1986,10,"018002",43.8
132.63,-31.83,1986,11,"018002",7.2
132.63,-31.83,1986,12,"018002",9.6
132.63,-31.83,1987,1,"018002",21.6
132.63,-31.83,1987,2,"018002",15.6
132.63,-31.83,1987,3,"018002",0
132.63,-31.83,1987,4,"018002",8.8
132.63,-31.83,1987,5,"018002",36
132.63,-31.83,1987,6,"018002",16.2
132.63,-31.83,1987,7,"018002",26.6
132.63,-31.83,1987,8,"018002",19.2
132.63,-31.83,1987,9,"018002",16
132.63,-31.83,1987,10,"018002",7.4
132.63,-31.83,1987,11,"018002",0
132.63,-31.83,1987,12,"018002",19.2
132.63,-31.83,1988,1,"018002",12.4
132.63,-31.83,1988,2,"018002",21.7
132.63,-31.83,1988,3,"018002",10.5
132.63,-31.83,1988,4,"018002",0
132.63,-31.83,1988,5,"018002",27.3
132.63,-31.83,1988,6,"018002",6.1
132.63,-31.83,1988,7,"018002",28.9
132.63,-31.83,1988,8,"018002",7
132.63,-31.83,1988,9,"018002",18.5
132.63,-31.83,1988,10,"018002",5
132.63,-31.83,1988,11,"018002",13.5
132.63,-31.83,1988,12,"018002",31.4
132.63,-31.83,1989,1,"018002",4
132.63,-31.83,1989,2,"018002",0
132.63,-31.83,1989,3,"018002",12.5
132.63,-31.83,1989,4,"018002",27.2
132.63,-31.83,1989,5,"018002",70.1
132.63,-31.83,1989,6,"018002",64.7
132.63,-31.83,1989,7,"018002",80.4
132.63,-31.83,1989,8,"018002",22.4
132.63,-31.83,1989,9,"018002",10
132.63,-31.83,1989,10,"018002",6
132.63,-31.83,1989,11,"018002",17
132.63,-31.83,1989,12,"018002",4.3
132.63,-31.83,1990,1,"018002",16
132.63,-31.83,1990,2,"018002",24.4
132.63,-31.83,1990,3,"018002",0
132.63,-31.83,1990,4,"018002",8
132.63,-31.83,1990,5,"018002",56.2
132.63,-31.83,1990,6,"018002",84.7
132.63,-31.83,1990,7,"018002",23.6
132.63,-31.83,1990,8,"018002",38.8
132.63,-31.83,1990,9,"018002",29.1
132.63,-31.83,1990,10,"018002",13
132.63,-31.83,1990,11,"018002",0
132.63,-31.83,1990,12,"018002",48
132.63,-31.83,1991,1,"018002",3
132.63,-31.83,1991,2,"018002",0
132.63,-31.83,1991,3,"018002",0
132.63,-31.83,1991,4,"018002",39.6
132.63,-31.83,1991,5,"018002",22.2
132.63,-31.83,1991,6,"018002",72.4
132.63,-31.83,1991,7,"018002",60
132.63,-31.83,1991,8,"018002",38.4
132.63,-31.83,1991,9,"018002",22.4
132.63,-31.83,1991,10,"018002",48.4
132.63,-31.83,1991,11,"018002",32.4
132.63,-31.83,1991,12,"018002",0
132.63,-31.83,1992,1,"018002",6.4
132.63,-31.83,1992,2,"018002",0
132.63,-31.83,1992,3,"018002",10.2
132.63,-31.83,1992,4,"018002",47
132.63,-31.83,1992,5,"018002",43.8
132.63,-31.83,1992,6,"018002",34.8
132.63,-31.83,1992,7,"018002",12.6
132.63,-31.83,1992,8,"018002",57.6
132.63,-31.83,1992,9,"018002",83.8
132.63,-31.83,1992,10,"018002",78.2
132.63,-31.83,1992,11,"018002",46
132.63,-31.83,1992,12,"018002",75.8
132.63,-31.83,1993,1,"018002",66.6
132.63,-31.83,1993,2,"018002",0
132.63,-31.83,1993,3,"018002",3
132.63,-31.83,1993,4,"018002",2
132.63,-31.83,1993,5,"018002",33
132.63,-31.83,1993,6,"018002",20
132.63,-31.83,1993,7,"018002",46.5
132.63,-31.83,1993,8,"018002",43
132.63,-31.83,1993,9,"018002",28.6
132.63,-31.83,1993,10,"018002",83.9
132.63,-31.83,1993,11,"018002",26.4
132.63,-31.83,1993,12,"018002",11.2
132.63,-31.83,1994,1,"018002",0
132.63,-31.83,1994,2,"018002",5.6
132.63,-31.83,1994,3,"018002",0
132.63,-31.83,1994,4,"018002",0
132.63,-31.83,1994,5,"018002",9.2
132.63,-31.83,1994,6,"018002",27.8
132.63,-31.83,1994,7,"018002",28.8
132.63,-31.83,1994,8,"018002",11.6
132.63,-31.83,1994,9,"018002",3.2
132.63,-31.83,1994,10,"018002",5.2
132.63,-31.83,1994,11,"018002",6.4
132.63,-31.83,1994,12,"018002",1.2
132.63,-31.83,1995,1,"018002",24.8
132.63,-31.83,1995,2,"018002",1.4
132.63,-31.83,1995,3,"018002",8.6
132.63,-31.83,1995,4,"018002",17.2
132.63,-31.83,1995,5,"018002",32
132.63,-31.83,1995,6,"018002",61
132.63,-31.83,1995,7,"018002",57.2
132.63,-31.83,1995,8,"018002",16.6
132.63,-31.83,1995,9,"018002",16.8
132.63,-31.83,1995,10,"018002",23.2
132.63,-31.83,1995,11,"018002",7.8
132.63,-31.83,1995,12,"018002",19.6
132.63,-31.83,1996,1,"018002",1.8
132.63,-31.83,1996,2,"018002",1
132.63,-31.83,1996,3,"018002",8.4
132.63,-31.83,1996,4,"018002",21.8
132.63,-31.83,1996,5,"018002",9.6
132.63,-31.83,1996,6,"018002",44.4
132.63,-31.83,1996,7,"018002",75.2
132.63,-31.83,1996,8,"018002",59.4
132.63,-31.83,1996,9,"018002",47
132.63,-31.83,1996,10,"018002",11.8
132.63,-31.83,1996,11,"018002",9
132.63,-31.83,1996,12,"018002",6
132.63,-31.83,1997,1,"018002",6.2
132.63,-31.83,1997,2,"018002",5.4
132.63,-31.83,1997,3,"018002",14.8
132.63,-31.83,1997,4,"018002",1.8
132.63,-31.83,1997,5,"018002",46.7
132.63,-31.83,1997,6,"018002",12.2
132.63,-31.83,1997,7,"018002",15.5
132.63,-31.83,1997,8,"018002",39.6
132.63,-31.83,1997,9,"018002",118.9
132.63,-31.83,1997,10,"018002",34.8
132.63,-31.83,1997,11,"018002",22.2
132.63,-31.83,1997,12,"018002",48.4
132.63,-31.83,1998,1,"018002",3.6
132.63,-31.83,1998,2,"018002",9.2
132.63,-31.83,1998,3,"018002",28.4
132.63,-31.83,1998,4,"018002",40.2
132.63,-31.83,1998,5,"018002",9.2
132.63,-31.83,1998,6,"018002",43.4
132.63,-31.83,1998,7,"018002",89.8
132.63,-31.83,1998,8,"018002",15.2
132.63,-31.83,1998,9,"018002",12.6
132.63,-31.83,1998,10,"018002",NA
132.63,-31.83,1998,11,"018002",33.6
132.63,-31.83,1998,12,"018002",0
132.63,-31.83,1999,1,"018002",9.6
132.63,-31.83,1999,2,"018002",4.2
132.63,-31.83,1999,3,"018002",15.2
132.63,-31.83,1999,4,"018002",0
132.63,-31.83,1999,5,"018002",13
132.63,-31.83,1999,6,"018002",20.4
132.63,-31.83,1999,7,"018002",6.6
132.63,-31.83,1999,8,"018002",15.4
132.63,-31.83,1999,9,"018002",41.6
132.63,-31.83,1999,10,"018002",NA
132.63,-31.83,1999,11,"018002",10.1
132.63,-31.83,1999,12,"018002",10.5
132.63,-31.83,2000,1,"018002",16.4
132.63,-31.83,2000,2,"018002",18
132.63,-31.83,2000,3,"018002",23.4
132.63,-31.83,2000,4,"018002",19.4
132.63,-31.83,2000,5,"018002",25.2
132.63,-31.83,2000,6,"018002",29
132.63,-31.83,2000,7,"018002",30.6
132.63,-31.83,2000,8,"018002",32
132.63,-31.83,2000,9,"018002",22.3
132.63,-31.83,2000,10,"018002",33.6
132.63,-31.83,2000,11,"018002",9
132.63,-31.83,2000,12,"018002",8.6
132.63,-31.83,2001,1,"018002",0
132.63,-31.83,2001,2,"018002",11
132.63,-31.83,2001,3,"018002",13
132.63,-31.83,2001,4,"018002",6.8
132.63,-31.83,2001,5,"018002",57.9
132.63,-31.83,2001,6,"018002",NA
132.63,-31.83,2001,7,"018002",34.2
132.63,-31.83,2001,8,"018002",34.6
132.63,-31.83,2001,9,"018002",63.2
132.63,-31.83,2001,10,"018002",NA
132.63,-31.83,2001,11,"018002",27.5
132.63,-31.83,2001,12,"018002",56
132.63,-31.83,2002,1,"018002",13.6
132.63,-31.83,2002,2,"018002",0
132.63,-31.83,2002,3,"018002",1.8
132.63,-31.83,2002,4,"018002",25.8
132.63,-31.83,2002,5,"018002",18.3
132.63,-31.83,2002,6,"018002",47.1
132.63,-31.83,2002,7,"018002",41.6
132.63,-31.83,2002,8,"018002",15
132.63,-31.83,2002,9,"018002",13
132.63,-31.83,2002,10,"018002",11
132.63,-31.83,2002,11,"018002",11.2
132.63,-31.83,2002,12,"018002",15
132.63,-31.83,2003,1,"018002",14
132.63,-31.83,2003,2,"018002",NA
132.63,-31.83,2003,3,"018002",0
132.63,-31.83,2003,4,"018002",0
132.63,-31.83,2003,5,"018002",19.2
132.63,-31.83,2003,6,"018002",18.3
132.63,-31.83,2003,7,"018002",NA
132.63,-31.83,2003,8,"018002",NA
132.63,-31.83,2003,9,"018002",10.5
132.63,-31.83,2003,10,"018002",28.5
132.63,-31.83,2003,11,"018002",NA
132.63,-31.83,2003,12,"018002",20
132.63,-31.83,2004,1,"018002",0
132.63,-31.83,2004,2,"018002",7
132.63,-31.83,2004,3,"018002",0
132.63,-31.83,2004,4,"018002",32
132.63,-31.83,2004,5,"018002",18
132.63,-31.83,2004,6,"018002",46.5
132.63,-31.83,2004,7,"018002",44.5
132.63,-31.83,2004,8,"018002",76.5
132.63,-31.83,2004,9,"018002",26
132.63,-31.83,2004,10,"018002",0
132.63,-31.83,2004,11,"018002",22.5
132.63,-31.83,2004,12,"018002",11
132.63,-31.83,2005,1,"018002",6
132.63,-31.83,2005,2,"018002",0
132.63,-31.83,2005,3,"018002",0
132.63,-31.83,2005,4,"018002",5
132.63,-31.83,2005,5,"018002",6.6
132.63,-31.83,2005,6,"018002",49.1
132.63,-31.83,2005,7,"018002",32.5
132.63,-31.83,2005,8,"018002",27
132.63,-31.83,2005,9,"018002",58
132.63,-31.83,2005,10,"018002",59.5
132.63,-31.83,2005,11,"018002",16
132.63,-31.83,2005,12,"018002",12.5
132.63,-31.83,2006,1,"018002",53.5
132.63,-31.83,2006,2,"018002",NA
132.63,-31.83,2006,3,"018002",NA
132.63,-31.83,2006,4,"018002",35.5
132.63,-31.83,2006,5,"018002",17.5
132.63,-31.83,2006,6,"018002",30
132.63,-31.83,2006,7,"018002",60
132.63,-31.83,2006,8,"018002",5.5
132.63,-31.83,2006,9,"018002",0
132.63,-31.83,2006,10,"018002",0
132.63,-31.83,2006,11,"018002",1.5
132.63,-31.83,2006,12,"018002",8
132.63,-31.83,2007,1,"018002",6
132.63,-31.83,2007,2,"018002",8
132.63,-31.83,2007,3,"018002",51.5
132.63,-31.83,2007,4,"018002",78.5
132.63,-31.83,2007,5,"018002",44
132.63,-31.83,2007,6,"018002",11.5
132.63,-31.83,2007,7,"018002",13.5
132.63,-31.83,2007,8,"018002",9
132.63,-31.83,2007,9,"018002",NA
132.63,-31.83,2007,10,"018002",16
132.63,-31.83,2007,11,"018002",7.8
132.63,-31.83,2007,12,"018002",38.5
132.63,-31.83,2008,1,"018002",NA
132.63,-31.83,2008,2,"018002",10.2
132.63,-31.83,2008,3,"018002",NA
132.63,-31.83,2008,4,"018002",NA
132.63,-31.83,2008,5,"018002",NA
132.63,-31.83,2008,6,"018002",NA
132.63,-31.83,2008,7,"018002",NA
132.63,-31.83,2008,8,"018002",27.2
132.63,-31.83,2008,9,"018002",NA
132.63,-31.83,2008,10,"018002",NA
132.63,-31.83,2008,11,"018002",28.2
132.63,-31.83,2008,12,"018002",86.3
132.63,-31.83,2009,1,"018002",0
132.63,-31.83,2009,2,"018002",1.2
132.63,-31.83,2009,3,"018002",NA
132.63,-31.83,2009,4,"018002",38.5
132.63,-31.83,2009,5,"018002",8.4
132.63,-31.83,2009,6,"018002",64.3
132.63,-31.83,2009,7,"018002",63.9
132.63,-31.83,2009,8,"018002",25
132.63,-31.83,2009,9,"018002",50.8
132.63,-31.83,2009,10,"018002",3.2
132.63,-31.83,2009,11,"018002",13.6
132.63,-31.83,2009,12,"018002",6.5
132.63,-31.83,2010,1,"018002",12
132.63,-31.83,2010,2,"018002",1.4
132.63,-31.83,2010,3,"018002",17.6
132.63,-31.83,2010,4,"018002",14.4
132.63,-31.83,2010,5,"018002",46
132.63,-31.83,2010,6,"018002",35.6
132.63,-31.83,2010,7,"018002",41
132.63,-31.83,2010,8,"018002",52.8
132.63,-31.83,2010,9,"018002",56
132.63,-31.83,2010,10,"018002",67.4
132.63,-31.83,2010,11,"018002",18.2
132.63,-31.83,2010,12,"018002",40
132.63,-31.83,2011,1,"018002",12.6
132.63,-31.83,2011,2,"018002",58.4
132.63,-31.83,2011,3,"018002",12.8
132.63,-31.83,2011,4,"018002",15
132.63,-31.83,2011,5,"018002",31.6
132.63,-31.83,2011,6,"018002",22.6
132.63,-31.83,2011,7,"018002",NA
132.63,-31.83,2011,8,"018002",49
132.63,-31.83,2011,9,"018002",30.4
132.63,-31.83,2011,10,"018002",27.8
132.63,-31.83,2011,11,"018002",24.6
132.63,-31.83,2011,12,"018002",29
132.63,-31.83,2012,1,"018002",17.4
132.63,-31.83,2012,2,"018002",10.6
132.63,-31.83,2012,3,"018002",14.2
132.63,-31.83,2012,4,"018002",7.8
132.63,-31.83,2012,5,"018002",27.8
132.63,-31.83,2012,6,"018002",57.6
132.63,-31.83,2012,7,"018002",27
132.63,-31.83,2012,8,"018002",10.6
132.63,-31.83,2012,9,"018002",7.6
132.63,-31.83,2012,10,"018002",7.6
132.63,-31.83,2012,11,"018002",5.6
132.63,-31.83,2012,12,"018002",6
132.63,-31.83,2013,1,"018002",1.8
132.63,-31.83,2013,2,"018002",12.8
132.63,-31.83,2013,3,"018002",24
132.63,-31.83,2013,4,"018002",45.4
132.63,-31.83,2013,5,"018002",40.4
132.63,-31.83,2013,6,"018002",52
132.63,-31.83,2013,7,"018002",63
132.63,-31.83,2013,8,"018002",23.8
132.63,-31.83,2013,9,"018002",10.6
132.63,-31.83,2013,10,"018002",4.2
132.63,-31.83,2013,11,"018002",20
132.63,-31.83,2013,12,"018002",12.6
132.63,-31.83,2014,1,"018002",21
132.63,-31.83,2014,2,"018002",68.4
132.63,-31.83,2014,3,"018002",1.4
132.63,-31.83,2014,4,"018002",20.4
132.63,-31.83,2014,5,"018002",79
132.63,-31.83,2014,6,"018002",36
132.63,-31.83,2014,7,"018002",36.8
132.63,-31.83,2014,8,"018002",2
132.63,-31.83,2014,9,"018002",14
132.63,-31.83,2014,10,"018002",0
132.63,-31.83,2014,11,"018002",0
132.63,-31.83,2014,12,"018002",0
132.63,-31.83,2015,1,"018002",0
132.63,-31.83,2015,2,"018002",1.2
132.63,-31.83,2015,3,"018002",5.8
132.63,-31.83,2015,4,"018002",44.8
132.63,-31.83,2015,5,"018002",22.6
132.63,-31.83,2015,6,"018002",38.8
132.63,-31.83,2015,7,"018002",34.2
132.63,-31.83,2015,8,"018002",57.4
132.63,-31.83,2015,9,"018002",24.4
132.63,-31.83,2015,10,"018002",NA
132.63,-31.83,2015,11,"018002",19
132.63,-31.83,2015,12,"018002",0
132.63,-31.83,2016,1,"018002",42.2
132.63,-31.83,2016,2,"018002",36.8
132.63,-31.83,2016,3,"018002",27.2
132.63,-31.83,2016,4,"018002",11
132.63,-31.83,2016,5,"018002",39.2
132.63,-31.83,2016,6,"018002",90.6
132.63,-31.83,2016,7,"018002",34.6
132.63,-31.83,2016,8,"018002",20.4
132.63,-31.83,2016,9,"018002",68.6
132.63,-31.83,2016,10,"018002",24.8
132.63,-31.83,2016,11,"018002",1
132.63,-31.83,2016,12,"018002",53
132.63,-31.83,2017,1,"018002",60.4
132.63,-31.83,2017,2,"018002",42
132.63,-31.83,2017,3,"018002",1.2
132.63,-31.83,2017,4,"018002",19
132.63,-31.83,2017,5,"018002",19
132.63,-31.83,2017,6,"018002",4
132.63,-31.83,2017,7,"018002",18
132.63,-31.83,2017,8,"018002",27.8
132.63,-31.83,2017,9,"018002",17
132.63,-31.83,2017,10,"018002",23
132.63,-31.83,2017,11,"018002",34
132.63,-31.83,2017,12,"018002",48.8
132.63,-31.83,2018,1,"018002",30.2
132.63,-31.83,2018,2,"018002",NA
132.63,-31.83,2018,3,"018002",0
132.63,-31.83,2018,4,"018002",7
132.63,-31.83,2018,5,"018002",25.6
132.63,-31.83,2018,6,"018002",32
132.63,-31.83,2018,7,"018002",23
132.63,-31.83,2018,8,"018002",91
132.63,-31.83,2018,9,"018002",2
132.63,-31.83,2018,10,"018002",32.6
132.63,-31.83,2018,11,"018002",26.8
132.63,-31.83,2018,12,"018002",2
132.63,-31.83,2019,1,"018002",5
132.63,-31.83,2019,2,"018002",0
132.63,-31.83,2019,3,"018002",0
132.63,-31.83,2019,4,"018002",13
132.63,-31.83,2019,5,"018002",30.4
132.63,-31.83,2019,6,"018002",12
132.63,-31.83,2019,7,"018002",10
132.63,-31.83,2019,8,"018002",13
132.63,-31.83,2019,9,"018002",20.8
132.63,-31.83,2019,10,"018002",0
132.63,-31.83,2019,11,"018002",4
132.63,-31.83,2019,12,"018002",2
132.63,-31.83,2020,1,"018002",21
132.63,-31.83,2020,2,"018002",0
132.63,-31.83,2020,3,"018002",24.4
132.63,-31.83,2020,4,"018002",28
132.63,-31.83,2020,5,"018002",15
132.63,-31.83,2020,6,"018002",16.6
132.63,-31.83,2020,7,"018002",23
132.63,-31.83,2020,8,"018002",46.6
132.63,-31.83,2020,9,"018002",25
132.63,-31.83,2020,10,"018002",68
132.63,-31.83,2020,11,"018002",0
132.63,-31.83,2020,12,"018002",33
132.63,-31.83,2021,1,"018002",26
132.63,-31.83,2021,2,"018002",20
132.63,-31.83,2021,3,"018002",21
132.63,-31.83,2021,4,"018002",0
132.63,-31.83,2021,5,"018002",19.2
132.63,-31.83,2021,6,"018002",50.8
132.63,-31.83,2021,7,"018002",31
132.63,-31.83,2021,8,"018002",19
132.63,-31.83,2021,9,"018002",0
132.63,-31.83,2021,10,"018002",23.6
132.63,-31.83,2021,11,"018002",82
132.63,-31.83,2021,12,"018002",0
