"Lon","Lat","Year","Month","Station","Rain"
140.93,-19.48,1890,1,"029007",252
140.93,-19.48,1890,2,"029007",132.8
140.93,-19.48,1890,3,"029007",89.6
140.93,-19.48,1890,4,"029007",106.6
140.93,-19.48,1890,5,"029007",NA
140.93,-19.48,1890,6,"029007",NA
140.93,-19.48,1890,7,"029007",NA
140.93,-19.48,1890,8,"029007",NA
140.93,-19.48,1890,9,"029007",NA
140.93,-19.48,1890,10,"029007",NA
140.93,-19.48,1890,11,"029007",NA
140.93,-19.48,1890,12,"029007",NA
140.93,-19.48,1892,1,"029007",104.4
140.93,-19.48,1892,2,"029007",20.8
140.93,-19.48,1892,3,"029007",138.7
140.93,-19.48,1892,4,"029007",0
140.93,-19.48,1892,5,"029007",15
140.93,-19.48,1892,6,"029007",0
140.93,-19.48,1892,7,"029007",0
140.93,-19.48,1892,8,"029007",0
140.93,-19.48,1892,9,"029007",0
140.93,-19.48,1892,10,"029007",20.6
140.93,-19.48,1892,11,"029007",41.1
140.93,-19.48,1892,12,"029007",76.7
140.93,-19.48,1893,1,"029007",87.4
140.93,-19.48,1893,2,"029007",154.4
140.93,-19.48,1893,3,"029007",66
140.93,-19.48,1893,4,"029007",2.5
140.93,-19.48,1893,5,"029007",6.9
140.93,-19.48,1893,6,"029007",10.2
140.93,-19.48,1893,7,"029007",0
140.93,-19.48,1893,8,"029007",25.1
140.93,-19.48,1893,9,"029007",0
140.93,-19.48,1893,10,"029007",4.3
140.93,-19.48,1893,11,"029007",61
140.93,-19.48,1893,12,"029007",66.5
140.93,-19.48,1894,1,"029007",183.4
140.93,-19.48,1894,2,"029007",406.9
140.93,-19.48,1894,3,"029007",249.2
140.93,-19.48,1894,4,"029007",19.3
140.93,-19.48,1894,5,"029007",0
140.93,-19.48,1894,6,"029007",65
140.93,-19.48,1894,7,"029007",0
140.93,-19.48,1894,8,"029007",1.3
140.93,-19.48,1894,9,"029007",14.7
140.93,-19.48,1894,10,"029007",36.8
140.93,-19.48,1894,11,"029007",31.2
140.93,-19.48,1894,12,"029007",33
140.93,-19.48,1895,1,"029007",113.3
140.93,-19.48,1895,2,"029007",336.3
140.93,-19.48,1895,3,"029007",2.5
140.93,-19.48,1895,4,"029007",0
140.93,-19.48,1895,5,"029007",5.6
140.93,-19.48,1895,6,"029007",0
140.93,-19.48,1895,7,"029007",31.5
140.93,-19.48,1895,8,"029007",0
140.93,-19.48,1895,9,"029007",0
140.93,-19.48,1895,10,"029007",4.3
140.93,-19.48,1895,11,"029007",135.4
140.93,-19.48,1895,12,"029007",56.1
140.93,-19.48,1896,1,"029007",67.1
140.93,-19.48,1896,2,"029007",217.7
140.93,-19.48,1896,3,"029007",45.2
140.93,-19.48,1896,4,"029007",9.4
140.93,-19.48,1896,5,"029007",0
140.93,-19.48,1896,6,"029007",0
140.93,-19.48,1896,7,"029007",41.9
140.93,-19.48,1896,8,"029007",0
140.93,-19.48,1896,9,"029007",0
140.93,-19.48,1896,10,"029007",7.6
140.93,-19.48,1896,11,"029007",38.1
140.93,-19.48,1896,12,"029007",57.2
140.93,-19.48,1897,1,"029007",594.8
140.93,-19.48,1897,2,"029007",107.4
140.93,-19.48,1897,3,"029007",90.2
140.93,-19.48,1897,4,"029007",0
140.93,-19.48,1897,5,"029007",0
140.93,-19.48,1897,6,"029007",0
140.93,-19.48,1897,7,"029007",0
140.93,-19.48,1897,8,"029007",0
140.93,-19.48,1897,9,"029007",12.7
140.93,-19.48,1897,10,"029007",5.1
140.93,-19.48,1897,11,"029007",2
140.93,-19.48,1897,12,"029007",147.3
140.93,-19.48,1898,1,"029007",113.5
140.93,-19.48,1898,2,"029007",172.2
140.93,-19.48,1898,3,"029007",31.2
140.93,-19.48,1898,4,"029007",2.8
140.93,-19.48,1898,5,"029007",3.8
140.93,-19.48,1898,6,"029007",4.3
140.93,-19.48,1898,7,"029007",0
140.93,-19.48,1898,8,"029007",0
140.93,-19.48,1898,9,"029007",24.4
140.93,-19.48,1898,10,"029007",0
140.93,-19.48,1898,11,"029007",23.1
140.93,-19.48,1898,12,"029007",28.2
140.93,-19.48,1899,1,"029007",227.2
140.93,-19.48,1899,2,"029007",109.7
140.93,-19.48,1899,3,"029007",88.9
140.93,-19.48,1899,4,"029007",53.8
140.93,-19.48,1899,5,"029007",0
140.93,-19.48,1899,6,"029007",3.6
140.93,-19.48,1899,7,"029007",0
140.93,-19.48,1899,8,"029007",53.8
140.93,-19.48,1899,9,"029007",0
140.93,-19.48,1899,10,"029007",0
140.93,-19.48,1899,11,"029007",47.8
140.93,-19.48,1899,12,"029007",6.6
140.93,-19.48,1900,1,"029007",42.2
140.93,-19.48,1900,2,"029007",5.3
140.93,-19.48,1900,3,"029007",13.2
140.93,-19.48,1900,4,"029007",0
140.93,-19.48,1900,5,"029007",2.5
140.93,-19.48,1900,6,"029007",0
140.93,-19.48,1900,7,"029007",57.2
140.93,-19.48,1900,8,"029007",0
140.93,-19.48,1900,9,"029007",0
140.93,-19.48,1900,10,"029007",0
140.93,-19.48,1900,11,"029007",23.9
140.93,-19.48,1900,12,"029007",137.2
140.93,-19.48,1901,1,"029007",60.1
140.93,-19.48,1901,2,"029007",89.1
140.93,-19.48,1901,3,"029007",202.1
140.93,-19.48,1901,4,"029007",10.7
140.93,-19.48,1901,5,"029007",32.8
140.93,-19.48,1901,6,"029007",0
140.93,-19.48,1901,7,"029007",0
140.93,-19.48,1901,8,"029007",6.4
140.93,-19.48,1901,9,"029007",0
140.93,-19.48,1901,10,"029007",6.4
140.93,-19.48,1901,11,"029007",1
140.93,-19.48,1901,12,"029007",36
140.93,-19.48,1902,1,"029007",88.7
140.93,-19.48,1902,2,"029007",70.1
140.93,-19.48,1902,3,"029007",25.1
140.93,-19.48,1902,4,"029007",2.3
140.93,-19.48,1902,5,"029007",0
140.93,-19.48,1902,6,"029007",0
140.93,-19.48,1902,7,"029007",0
140.93,-19.48,1902,8,"029007",0
140.93,-19.48,1902,9,"029007",0
140.93,-19.48,1902,10,"029007",0
140.93,-19.48,1902,11,"029007",8.6
140.93,-19.48,1902,12,"029007",37
140.93,-19.48,1903,1,"029007",340.2
140.93,-19.48,1903,2,"029007",39.6
140.93,-19.48,1903,3,"029007",123.4
140.93,-19.48,1903,4,"029007",9.4
140.93,-19.48,1903,5,"029007",0.5
140.93,-19.48,1903,6,"029007",0
140.93,-19.48,1903,7,"029007",0
140.93,-19.48,1903,8,"029007",0
140.93,-19.48,1903,9,"029007",5.6
140.93,-19.48,1903,10,"029007",9.4
140.93,-19.48,1903,11,"029007",26.9
140.93,-19.48,1903,12,"029007",197.9
140.93,-19.48,1904,1,"029007",44.2
140.93,-19.48,1904,2,"029007",393.2
140.93,-19.48,1904,3,"029007",26.4
140.93,-19.48,1904,4,"029007",0
140.93,-19.48,1904,5,"029007",14.2
140.93,-19.48,1904,6,"029007",6.1
140.93,-19.48,1904,7,"029007",0
140.93,-19.48,1904,8,"029007",0
140.93,-19.48,1904,9,"029007",6.4
140.93,-19.48,1904,10,"029007",9.9
140.93,-19.48,1904,11,"029007",19.1
140.93,-19.48,1904,12,"029007",21.1
140.93,-19.48,1905,1,"029007",39.9
140.93,-19.48,1905,2,"029007",27.7
140.93,-19.48,1905,3,"029007",8.9
140.93,-19.48,1905,4,"029007",19.8
140.93,-19.48,1905,5,"029007",0
140.93,-19.48,1905,6,"029007",0
140.93,-19.48,1905,7,"029007",0
140.93,-19.48,1905,8,"029007",0
140.93,-19.48,1905,9,"029007",0
140.93,-19.48,1905,10,"029007",0
140.93,-19.48,1905,11,"029007",48.8
140.93,-19.48,1905,12,"029007",77.7
140.93,-19.48,1906,1,"029007",102.1
140.93,-19.48,1906,2,"029007",163.2
140.93,-19.48,1906,3,"029007",124.7
140.93,-19.48,1906,4,"029007",19.6
140.93,-19.48,1906,5,"029007",0
140.93,-19.48,1906,6,"029007",0
140.93,-19.48,1906,7,"029007",0
140.93,-19.48,1906,8,"029007",0
140.93,-19.48,1906,9,"029007",0
140.93,-19.48,1906,10,"029007",31
140.93,-19.48,1906,11,"029007",153.9
140.93,-19.48,1906,12,"029007",43.3
140.93,-19.48,1907,1,"029007",90.6
140.93,-19.48,1907,2,"029007",152.4
140.93,-19.48,1907,3,"029007",0
140.93,-19.48,1907,4,"029007",6.1
140.93,-19.48,1907,5,"029007",57.7
140.93,-19.48,1907,6,"029007",0
140.93,-19.48,1907,7,"029007",0
140.93,-19.48,1907,8,"029007",0
140.93,-19.48,1907,9,"029007",0
140.93,-19.48,1907,10,"029007",24.6
140.93,-19.48,1907,11,"029007",38.6
140.93,-19.48,1907,12,"029007",392.7
140.93,-19.48,1908,1,"029007",26.5
140.93,-19.48,1908,2,"029007",28
140.93,-19.48,1908,3,"029007",NA
140.93,-19.48,1908,4,"029007",NA
140.93,-19.48,1908,5,"029007",NA
140.93,-19.48,1908,6,"029007",NA
140.93,-19.48,1908,7,"029007",NA
140.93,-19.48,1908,8,"029007",NA
140.93,-19.48,1908,9,"029007",NA
140.93,-19.48,1908,10,"029007",NA
140.93,-19.48,1908,11,"029007",NA
140.93,-19.48,1908,12,"029007",NA
140.93,-19.48,1913,1,"029007",25.9
140.93,-19.48,1913,2,"029007",225.7
140.93,-19.48,1913,3,"029007",12
140.93,-19.48,1913,4,"029007",0
140.93,-19.48,1913,5,"029007",0
140.93,-19.48,1913,6,"029007",20.3
140.93,-19.48,1913,7,"029007",0
140.93,-19.48,1913,8,"029007",0
140.93,-19.48,1913,9,"029007",0
140.93,-19.48,1913,10,"029007",0
140.93,-19.48,1913,11,"029007",0
140.93,-19.48,1913,12,"029007",25.4
140.93,-19.48,1914,1,"029007",156
140.93,-19.48,1914,2,"029007",30.5
140.93,-19.48,1914,3,"029007",147.3
140.93,-19.48,1914,4,"029007",3
140.93,-19.48,1914,5,"029007",0
140.93,-19.48,1914,6,"029007",5.3
140.93,-19.48,1914,7,"029007",0
140.93,-19.48,1914,8,"029007",0
140.93,-19.48,1914,9,"029007",0
140.93,-19.48,1914,10,"029007",0
140.93,-19.48,1914,11,"029007",2.5
140.93,-19.48,1914,12,"029007",116.1
140.93,-19.48,1915,1,"029007",203.2
140.93,-19.48,1915,2,"029007",0
140.93,-19.48,1915,3,"029007",0
140.93,-19.48,1915,4,"029007",0
140.93,-19.48,1915,5,"029007",6.4
140.93,-19.48,1915,6,"029007",0
140.93,-19.48,1915,7,"029007",0
140.93,-19.48,1915,8,"029007",0
140.93,-19.48,1915,9,"029007",0
140.93,-19.48,1915,10,"029007",0
140.93,-19.48,1915,11,"029007",0
140.93,-19.48,1915,12,"029007",32.9
140.93,-19.48,1916,1,"029007",142.6
140.93,-19.48,1916,2,"029007",298.9
140.93,-19.48,1916,3,"029007",22.8
140.93,-19.48,1916,4,"029007",0
140.93,-19.48,1916,5,"029007",5.1
140.93,-19.48,1916,6,"029007",4.3
140.93,-19.48,1916,7,"029007",12.7
140.93,-19.48,1916,8,"029007",0
140.93,-19.48,1916,9,"029007",0
140.93,-19.48,1916,10,"029007",25.4
140.93,-19.48,1916,11,"029007",86.5
140.93,-19.48,1916,12,"029007",381.8
140.93,-19.48,1917,1,"029007",200.4
140.93,-19.48,1917,2,"029007",40.1
140.93,-19.48,1917,3,"029007",92.6
140.93,-19.48,1917,4,"029007",0
140.93,-19.48,1917,5,"029007",36.1
140.93,-19.48,1917,6,"029007",0
140.93,-19.48,1917,7,"029007",0
140.93,-19.48,1917,8,"029007",0
140.93,-19.48,1917,9,"029007",20.3
140.93,-19.48,1917,10,"029007",21.1
140.93,-19.48,1917,11,"029007",211.3
140.93,-19.48,1917,12,"029007",39.4
140.93,-19.48,1918,1,"029007",255.6
140.93,-19.48,1918,2,"029007",82.4
140.93,-19.48,1918,3,"029007",10.6
140.93,-19.48,1918,4,"029007",0
140.93,-19.48,1918,5,"029007",0
140.93,-19.48,1918,6,"029007",0
140.93,-19.48,1918,7,"029007",0
140.93,-19.48,1918,8,"029007",0
140.93,-19.48,1918,9,"029007",0
140.93,-19.48,1918,10,"029007",0
140.93,-19.48,1918,11,"029007",44.4
140.93,-19.48,1918,12,"029007",27.9
140.93,-19.48,1919,1,"029007",286.7
140.93,-19.48,1919,2,"029007",114.3
140.93,-19.48,1919,3,"029007",0
140.93,-19.48,1919,4,"029007",14
140.93,-19.48,1919,5,"029007",5.3
140.93,-19.48,1919,6,"029007",0
140.93,-19.48,1919,7,"029007",0
140.93,-19.48,1919,8,"029007",0
140.93,-19.48,1919,9,"029007",17.8
140.93,-19.48,1919,10,"029007",0
140.93,-19.48,1919,11,"029007",0
140.93,-19.48,1919,12,"029007",122
140.93,-19.48,1920,1,"029007",301.7
140.93,-19.48,1920,2,"029007",64.6
140.93,-19.48,1920,3,"029007",15.2
140.93,-19.48,1920,4,"029007",77.5
140.93,-19.48,1920,5,"029007",25.4
140.93,-19.48,1920,6,"029007",76.3
140.93,-19.48,1920,7,"029007",7.6
140.93,-19.48,1920,8,"029007",0
140.93,-19.48,1920,9,"029007",0
140.93,-19.48,1920,10,"029007",4.1
140.93,-19.48,1920,11,"029007",128.2
140.93,-19.48,1920,12,"029007",19.6
140.93,-19.48,1921,1,"029007",73.1
140.93,-19.48,1921,2,"029007",90.3
140.93,-19.48,1921,3,"029007",212.8
140.93,-19.48,1921,4,"029007",190
140.93,-19.48,1921,5,"029007",0
140.93,-19.48,1921,6,"029007",0
140.93,-19.48,1921,7,"029007",10.2
140.93,-19.48,1921,8,"029007",0
140.93,-19.48,1921,9,"029007",0
140.93,-19.48,1921,10,"029007",56.3
140.93,-19.48,1921,11,"029007",29.2
140.93,-19.48,1921,12,"029007",142.9
140.93,-19.48,1922,1,"029007",262
140.93,-19.48,1922,2,"029007",188.1
140.93,-19.48,1922,3,"029007",21.3
140.93,-19.48,1922,4,"029007",0
140.93,-19.48,1922,5,"029007",0
140.93,-19.48,1922,6,"029007",2.5
140.93,-19.48,1922,7,"029007",0
140.93,-19.48,1922,8,"029007",0
140.93,-19.48,1922,9,"029007",0
140.93,-19.48,1922,10,"029007",6.4
140.93,-19.48,1922,11,"029007",12.5
140.93,-19.48,1922,12,"029007",102.4
140.93,-19.48,1923,1,"029007",37.1
140.93,-19.48,1923,2,"029007",13.5
140.93,-19.48,1923,3,"029007",73.4
140.93,-19.48,1923,4,"029007",0
140.93,-19.48,1923,5,"029007",15.8
140.93,-19.48,1923,6,"029007",66
140.93,-19.48,1923,7,"029007",0
140.93,-19.48,1923,8,"029007",0
140.93,-19.48,1923,9,"029007",0
140.93,-19.48,1923,10,"029007",8.9
140.93,-19.48,1923,11,"029007",19.1
140.93,-19.48,1923,12,"029007",76.5
140.93,-19.48,1924,1,"029007",113.5
140.93,-19.48,1924,2,"029007",148.6
140.93,-19.48,1924,3,"029007",132.6
140.93,-19.48,1924,4,"029007",68.1
140.93,-19.48,1924,5,"029007",0
140.93,-19.48,1924,6,"029007",0
140.93,-19.48,1924,7,"029007",0
140.93,-19.48,1924,8,"029007",33.5
140.93,-19.48,1924,9,"029007",0
140.93,-19.48,1924,10,"029007",8.1
140.93,-19.48,1924,11,"029007",98.6
140.93,-19.48,1924,12,"029007",95.8
140.93,-19.48,1925,1,"029007",147.8
140.93,-19.48,1925,2,"029007",95.5
140.93,-19.48,1925,3,"029007",192
140.93,-19.48,1925,4,"029007",0
140.93,-19.48,1925,5,"029007",0
140.93,-19.48,1925,6,"029007",0
140.93,-19.48,1925,7,"029007",0
140.93,-19.48,1925,8,"029007",0
140.93,-19.48,1925,9,"029007",4.3
140.93,-19.48,1925,10,"029007",1.3
140.93,-19.48,1925,11,"029007",38.2
140.93,-19.48,1925,12,"029007",95.3
140.93,-19.48,1926,1,"029007",77.7
140.93,-19.48,1926,2,"029007",2.5
140.93,-19.48,1926,3,"029007",52.1
140.93,-19.48,1926,4,"029007",0
140.93,-19.48,1926,5,"029007",24.1
140.93,-19.48,1926,6,"029007",0
140.93,-19.48,1926,7,"029007",0
140.93,-19.48,1926,8,"029007",0
140.93,-19.48,1926,9,"029007",0.8
140.93,-19.48,1926,10,"029007",8.4
140.93,-19.48,1926,11,"029007",6.4
140.93,-19.48,1926,12,"029007",121.4
140.93,-19.48,1927,1,"029007",119.1
140.93,-19.48,1927,2,"029007",125.4
140.93,-19.48,1927,3,"029007",102.9
140.93,-19.48,1927,4,"029007",21.6
140.93,-19.48,1927,5,"029007",0
140.93,-19.48,1927,6,"029007",10.7
140.93,-19.48,1927,7,"029007",0
140.93,-19.48,1927,8,"029007",0
140.93,-19.48,1927,9,"029007",0
140.93,-19.48,1927,10,"029007",0
140.93,-19.48,1927,11,"029007",28.7
140.93,-19.48,1927,12,"029007",93.6
140.93,-19.48,1928,1,"029007",41.4
140.93,-19.48,1928,2,"029007",176.3
140.93,-19.48,1928,3,"029007",95.8
140.93,-19.48,1928,4,"029007",4.8
140.93,-19.48,1928,5,"029007",0
140.93,-19.48,1928,6,"029007",0
140.93,-19.48,1928,7,"029007",0
140.93,-19.48,1928,8,"029007",0
140.93,-19.48,1928,9,"029007",0
140.93,-19.48,1928,10,"029007",9.1
140.93,-19.48,1928,11,"029007",20.6
140.93,-19.48,1928,12,"029007",82.3
140.93,-19.48,1929,1,"029007",283.7
140.93,-19.48,1929,2,"029007",54.7
140.93,-19.48,1929,3,"029007",65
140.93,-19.48,1929,4,"029007",6.1
140.93,-19.48,1929,5,"029007",0
140.93,-19.48,1929,6,"029007",0
140.93,-19.48,1929,7,"029007",0
140.93,-19.48,1929,8,"029007",0
140.93,-19.48,1929,9,"029007",0
140.93,-19.48,1929,10,"029007",0
140.93,-19.48,1929,11,"029007",57.9
140.93,-19.48,1929,12,"029007",6.6
140.93,-19.48,1930,1,"029007",95.4
140.93,-19.48,1930,2,"029007",119.4
140.93,-19.48,1930,3,"029007",32.8
140.93,-19.48,1930,4,"029007",0
140.93,-19.48,1930,5,"029007",45.4
140.93,-19.48,1930,6,"029007",0
140.93,-19.48,1930,7,"029007",0
140.93,-19.48,1930,8,"029007",0
140.93,-19.48,1930,9,"029007",0
140.93,-19.48,1930,10,"029007",130.9
140.93,-19.48,1930,11,"029007",12.2
140.93,-19.48,1930,12,"029007",57.1
140.93,-19.48,1931,1,"029007",135.2
140.93,-19.48,1931,2,"029007",2.3
140.93,-19.48,1931,3,"029007",78.7
140.93,-19.48,1931,4,"029007",7.9
140.93,-19.48,1931,5,"029007",0
140.93,-19.48,1931,6,"029007",0
140.93,-19.48,1931,7,"029007",0
140.93,-19.48,1931,8,"029007",0
140.93,-19.48,1931,9,"029007",0
140.93,-19.48,1931,10,"029007",1.5
140.93,-19.48,1931,11,"029007",53.6
140.93,-19.48,1931,12,"029007",11.4
140.93,-19.48,1932,1,"029007",96.5
140.93,-19.48,1932,2,"029007",16
140.93,-19.48,1932,3,"029007",43.9
140.93,-19.48,1932,4,"029007",13.5
140.93,-19.48,1932,5,"029007",20.3
140.93,-19.48,1932,6,"029007",0
140.93,-19.48,1932,7,"029007",0
140.93,-19.48,1932,8,"029007",0
140.93,-19.48,1932,9,"029007",0
140.93,-19.48,1932,10,"029007",0
140.93,-19.48,1932,11,"029007",25.4
140.93,-19.48,1932,12,"029007",47
140.93,-19.48,1933,1,"029007",98.1
140.93,-19.48,1933,2,"029007",205
140.93,-19.48,1933,3,"029007",45.7
140.93,-19.48,1933,4,"029007",0
140.93,-19.48,1933,5,"029007",20.3
140.93,-19.48,1933,6,"029007",63.8
140.93,-19.48,1933,7,"029007",3.6
140.93,-19.48,1933,8,"029007",0
140.93,-19.48,1933,9,"029007",0
140.93,-19.48,1933,10,"029007",0
140.93,-19.48,1933,11,"029007",48
140.93,-19.48,1933,12,"029007",37.1
140.93,-19.48,1934,1,"029007",254.2
140.93,-19.48,1934,2,"029007",113.2
140.93,-19.48,1934,3,"029007",0
140.93,-19.48,1934,4,"029007",15.8
140.93,-19.48,1934,5,"029007",0
140.93,-19.48,1934,6,"029007",16
140.93,-19.48,1934,7,"029007",5.8
140.93,-19.48,1934,8,"029007",0
140.93,-19.48,1934,9,"029007",0
140.93,-19.48,1934,10,"029007",0
140.93,-19.48,1934,11,"029007",2.3
140.93,-19.48,1934,12,"029007",4.1
140.93,-19.48,1935,1,"029007",137.4
140.93,-19.48,1935,2,"029007",13.5
140.93,-19.48,1935,3,"029007",22.9
140.93,-19.48,1935,4,"029007",0
140.93,-19.48,1935,5,"029007",0
140.93,-19.48,1935,6,"029007",152
140.93,-19.48,1935,7,"029007",0
140.93,-19.48,1935,8,"029007",1.5
140.93,-19.48,1935,9,"029007",0
140.93,-19.48,1935,10,"029007",0
140.93,-19.48,1935,11,"029007",6.8
140.93,-19.48,1935,12,"029007",12.4
140.93,-19.48,1936,1,"029007",122.7
140.93,-19.48,1936,2,"029007",83.9
140.93,-19.48,1936,3,"029007",167.4
140.93,-19.48,1936,4,"029007",51.8
140.93,-19.48,1936,5,"029007",38.6
140.93,-19.48,1936,6,"029007",0
140.93,-19.48,1936,7,"029007",11.7
140.93,-19.48,1936,8,"029007",0
140.93,-19.48,1936,9,"029007",19.4
140.93,-19.48,1936,10,"029007",0
140.93,-19.48,1936,11,"029007",5.3
140.93,-19.48,1936,12,"029007",72
140.93,-19.48,1937,1,"029007",85.8
140.93,-19.48,1937,2,"029007",52.9
140.93,-19.48,1937,3,"029007",96.7
140.93,-19.48,1937,4,"029007",0
140.93,-19.48,1937,5,"029007",0
140.93,-19.48,1937,6,"029007",20.3
140.93,-19.48,1937,7,"029007",0
140.93,-19.48,1937,8,"029007",0
140.93,-19.48,1937,9,"029007",0
140.93,-19.48,1937,10,"029007",3.8
140.93,-19.48,1937,11,"029007",20.8
140.93,-19.48,1937,12,"029007",6.4
140.93,-19.48,1938,1,"029007",75
140.93,-19.48,1938,2,"029007",151.6
140.93,-19.48,1938,3,"029007",0
140.93,-19.48,1938,4,"029007",0
140.93,-19.48,1938,5,"029007",0
140.93,-19.48,1938,6,"029007",0
140.93,-19.48,1938,7,"029007",19.3
140.93,-19.48,1938,8,"029007",0
140.93,-19.48,1938,9,"029007",0
140.93,-19.48,1938,10,"029007",0
140.93,-19.48,1938,11,"029007",38.4
140.93,-19.48,1938,12,"029007",0
140.93,-19.48,1939,1,"029007",29.3
140.93,-19.48,1939,2,"029007",119.7
140.93,-19.48,1939,3,"029007",51.1
140.93,-19.48,1939,4,"029007",17.3
140.93,-19.48,1939,5,"029007",0
140.93,-19.48,1939,6,"029007",52.1
140.93,-19.48,1939,7,"029007",3.3
140.93,-19.48,1939,8,"029007",1.5
140.93,-19.48,1939,9,"029007",0
140.93,-19.48,1939,10,"029007",41.9
140.93,-19.48,1939,11,"029007",45.8
140.93,-19.48,1939,12,"029007",40.6
140.93,-19.48,1940,1,"029007",93.5
140.93,-19.48,1940,2,"029007",318.5
140.93,-19.48,1940,3,"029007",21.3
140.93,-19.48,1940,4,"029007",29.2
140.93,-19.48,1940,5,"029007",0
140.93,-19.48,1940,6,"029007",0
140.93,-19.48,1940,7,"029007",0
140.93,-19.48,1940,8,"029007",0
140.93,-19.48,1940,9,"029007",0
140.93,-19.48,1940,10,"029007",0
140.93,-19.48,1940,11,"029007",5.3
140.93,-19.48,1940,12,"029007",101
140.93,-19.48,1941,1,"029007",227
140.93,-19.48,1941,2,"029007",36.1
140.93,-19.48,1941,3,"029007",173.7
140.93,-19.48,1941,4,"029007",52.5
140.93,-19.48,1941,5,"029007",12.7
140.93,-19.48,1941,6,"029007",36.3
140.93,-19.48,1941,7,"029007",0
140.93,-19.48,1941,8,"029007",0
140.93,-19.48,1941,9,"029007",0
140.93,-19.48,1941,10,"029007",0
140.93,-19.48,1941,11,"029007",20.4
140.93,-19.48,1941,12,"029007",29.7
140.93,-19.48,1942,1,"029007",46.8
140.93,-19.48,1942,2,"029007",172.4
140.93,-19.48,1942,3,"029007",0
140.93,-19.48,1942,4,"029007",0
140.93,-19.48,1942,5,"029007",30
140.93,-19.48,1942,6,"029007",0
140.93,-19.48,1942,7,"029007",0
140.93,-19.48,1942,8,"029007",0
140.93,-19.48,1942,9,"029007",7.4
140.93,-19.48,1942,10,"029007",27.6
140.93,-19.48,1942,11,"029007",0
140.93,-19.48,1942,12,"029007",390.1
140.93,-19.48,1943,1,"029007",29.7
140.93,-19.48,1943,2,"029007",169.8
140.93,-19.48,1943,3,"029007",10.9
140.93,-19.48,1943,4,"029007",20.5
140.93,-19.48,1943,5,"029007",55.9
140.93,-19.48,1943,6,"029007",0
140.93,-19.48,1943,7,"029007",0
140.93,-19.48,1943,8,"029007",0
140.93,-19.48,1943,9,"029007",6.6
140.93,-19.48,1943,10,"029007",2.5
140.93,-19.48,1943,11,"029007",20.8
140.93,-19.48,1943,12,"029007",52.9
140.93,-19.48,1944,1,"029007",50.6
140.93,-19.48,1944,2,"029007",289.6
140.93,-19.48,1944,3,"029007",9.1
140.93,-19.48,1944,4,"029007",0
140.93,-19.48,1944,5,"029007",20.8
140.93,-19.48,1944,6,"029007",31.2
140.93,-19.48,1944,7,"029007",92.2
140.93,-19.48,1944,8,"029007",0
140.93,-19.48,1944,9,"029007",0
140.93,-19.48,1944,10,"029007",0
140.93,-19.48,1944,11,"029007",8.9
140.93,-19.48,1944,12,"029007",128
140.93,-19.48,1945,1,"029007",42.7
140.93,-19.48,1945,2,"029007",161.2
140.93,-19.48,1945,3,"029007",190.5
140.93,-19.48,1945,4,"029007",0
140.93,-19.48,1945,5,"029007",46.5
140.93,-19.48,1945,6,"029007",0
140.93,-19.48,1945,7,"029007",8.6
140.93,-19.48,1945,8,"029007",0
140.93,-19.48,1945,9,"029007",0
140.93,-19.48,1945,10,"029007",0
140.93,-19.48,1945,11,"029007",12.2
140.93,-19.48,1945,12,"029007",178.8
140.93,-19.48,1946,1,"029007",143.8
140.93,-19.48,1946,2,"029007",137.9
140.93,-19.48,1946,3,"029007",0
140.93,-19.48,1946,4,"029007",0
140.93,-19.48,1946,5,"029007",0
140.93,-19.48,1946,6,"029007",0
140.93,-19.48,1946,7,"029007",0
140.93,-19.48,1946,8,"029007",0
140.93,-19.48,1946,9,"029007",0
140.93,-19.48,1946,10,"029007",2.5
140.93,-19.48,1946,11,"029007",30.2
140.93,-19.48,1946,12,"029007",35.1
140.93,-19.48,1947,1,"029007",53.6
140.93,-19.48,1947,2,"029007",124.5
140.93,-19.48,1947,3,"029007",66
140.93,-19.48,1947,4,"029007",0
140.93,-19.48,1947,5,"029007",0
140.93,-19.48,1947,6,"029007",0
140.93,-19.48,1947,7,"029007",0
140.93,-19.48,1947,8,"029007",7.1
140.93,-19.48,1947,9,"029007",37.3
140.93,-19.48,1947,10,"029007",1.9
140.93,-19.48,1947,11,"029007",63.7
140.93,-19.48,1947,12,"029007",151.2
140.93,-19.48,1948,1,"029007",101.7
140.93,-19.48,1948,2,"029007",18.3
140.93,-19.48,1948,3,"029007",54.9
140.93,-19.48,1948,4,"029007",10.5
140.93,-19.48,1948,5,"029007",0
140.93,-19.48,1948,6,"029007",0
140.93,-19.48,1948,7,"029007",15.3
140.93,-19.48,1948,8,"029007",0
140.93,-19.48,1948,9,"029007",0
140.93,-19.48,1948,10,"029007",0
140.93,-19.48,1948,11,"029007",35
140.93,-19.48,1948,12,"029007",139.8
140.93,-19.48,1949,1,"029007",40.8
140.93,-19.48,1949,2,"029007",81.3
140.93,-19.48,1949,3,"029007",118.6
140.93,-19.48,1949,4,"029007",0
140.93,-19.48,1949,5,"029007",0
140.93,-19.48,1949,6,"029007",0
140.93,-19.48,1949,7,"029007",0
140.93,-19.48,1949,8,"029007",0
140.93,-19.48,1949,9,"029007",0
140.93,-19.48,1949,10,"029007",15.9
140.93,-19.48,1949,11,"029007",45.2
140.93,-19.48,1949,12,"029007",160.9
140.93,-19.48,1950,1,"029007",144.4
140.93,-19.48,1950,2,"029007",204.3
140.93,-19.48,1950,3,"029007",176.5
140.93,-19.48,1950,4,"029007",6.9
140.93,-19.48,1950,5,"029007",0.8
140.93,-19.48,1950,6,"029007",18.3
140.93,-19.48,1950,7,"029007",25.1
140.93,-19.48,1950,8,"029007",2.5
140.93,-19.48,1950,9,"029007",16.3
140.93,-19.48,1950,10,"029007",13.5
140.93,-19.48,1950,11,"029007",29.9
140.93,-19.48,1950,12,"029007",138.6
140.93,-19.48,1951,1,"029007",319
140.93,-19.48,1951,2,"029007",56.2
140.93,-19.48,1951,3,"029007",47
140.93,-19.48,1951,4,"029007",0
140.93,-19.48,1951,5,"029007",0
140.93,-19.48,1951,6,"029007",19.3
140.93,-19.48,1951,7,"029007",0
140.93,-19.48,1951,8,"029007",0
140.93,-19.48,1951,9,"029007",0
140.93,-19.48,1951,10,"029007",11.2
140.93,-19.48,1951,11,"029007",0
140.93,-19.48,1951,12,"029007",62.5
140.93,-19.48,1952,1,"029007",67.2
140.93,-19.48,1952,2,"029007",19.5
140.93,-19.48,1952,3,"029007",44.1
140.93,-19.48,1952,4,"029007",8.4
140.93,-19.48,1952,5,"029007",14.7
140.93,-19.48,1952,6,"029007",0
140.93,-19.48,1952,7,"029007",0
140.93,-19.48,1952,8,"029007",5.1
140.93,-19.48,1952,9,"029007",0
140.93,-19.48,1952,10,"029007",22.1
140.93,-19.48,1952,11,"029007",59.9
140.93,-19.48,1952,12,"029007",52.1
140.93,-19.48,1953,1,"029007",188
140.93,-19.48,1953,2,"029007",181.4
140.93,-19.48,1953,3,"029007",0
140.93,-19.48,1953,4,"029007",0
140.93,-19.48,1953,5,"029007",0
140.93,-19.48,1953,6,"029007",0
140.93,-19.48,1953,7,"029007",0
140.93,-19.48,1953,8,"029007",0
140.93,-19.48,1953,9,"029007",0
140.93,-19.48,1953,10,"029007",0
140.93,-19.48,1953,11,"029007",10.2
140.93,-19.48,1953,12,"029007",46.5
140.93,-19.48,1954,1,"029007",270.2
140.93,-19.48,1954,2,"029007",281.8
140.93,-19.48,1954,3,"029007",115.3
140.93,-19.48,1954,4,"029007",0
140.93,-19.48,1954,5,"029007",0
140.93,-19.48,1954,6,"029007",6.6
140.93,-19.48,1954,7,"029007",0
140.93,-19.48,1954,8,"029007",0
140.93,-19.48,1954,9,"029007",0
140.93,-19.48,1954,10,"029007",43.7
140.93,-19.48,1954,11,"029007",36.8
140.93,-19.48,1954,12,"029007",26.9
140.93,-19.48,1955,1,"029007",231.6
140.93,-19.48,1955,2,"029007",283.4
140.93,-19.48,1955,3,"029007",12.9
140.93,-19.48,1955,4,"029007",0
140.93,-19.48,1955,5,"029007",153.9
140.93,-19.48,1955,6,"029007",1.3
140.93,-19.48,1955,7,"029007",0
140.93,-19.48,1955,8,"029007",0
140.93,-19.48,1955,9,"029007",0
140.93,-19.48,1955,10,"029007",16.8
140.93,-19.48,1955,11,"029007",0
140.93,-19.48,1955,12,"029007",0
140.93,-19.48,1956,1,"029007",174.9
140.93,-19.48,1956,2,"029007",118.8
140.93,-19.48,1956,3,"029007",91.3
140.93,-19.48,1956,4,"029007",47.2
140.93,-19.48,1956,5,"029007",41.7
140.93,-19.48,1956,6,"029007",11.9
140.93,-19.48,1956,7,"029007",21.6
140.93,-19.48,1956,8,"029007",5.8
140.93,-19.48,1956,9,"029007",0
140.93,-19.48,1956,10,"029007",5.8
140.93,-19.48,1956,11,"029007",18.6
140.93,-19.48,1956,12,"029007",259.6
140.93,-19.48,1957,1,"029007",130.4
140.93,-19.48,1957,2,"029007",102.2
140.93,-19.48,1957,3,"029007",110.5
140.93,-19.48,1957,4,"029007",0
140.93,-19.48,1957,5,"029007",0
140.93,-19.48,1957,6,"029007",11.4
140.93,-19.48,1957,7,"029007",3.8
140.93,-19.48,1957,8,"029007",0
140.93,-19.48,1957,9,"029007",0
140.93,-19.48,1957,10,"029007",40.2
140.93,-19.48,1957,11,"029007",75.9
140.93,-19.48,1957,12,"029007",26.2
140.93,-19.48,1958,1,"029007",197.1
140.93,-19.48,1958,2,"029007",84.4
140.93,-19.48,1958,3,"029007",82.5
140.93,-19.48,1958,4,"029007",7.6
140.93,-19.48,1958,5,"029007",0
140.93,-19.48,1958,6,"029007",0
140.93,-19.48,1958,7,"029007",0
140.93,-19.48,1958,8,"029007",0
140.93,-19.48,1958,9,"029007",0
140.93,-19.48,1958,10,"029007",0
140.93,-19.48,1958,11,"029007",24.8
140.93,-19.48,1958,12,"029007",37.6
140.93,-19.48,1959,1,"029007",476.2
140.93,-19.48,1959,2,"029007",20.3
140.93,-19.48,1959,3,"029007",75.4
140.93,-19.48,1959,4,"029007",19.3
140.93,-19.48,1959,5,"029007",34.3
140.93,-19.48,1959,6,"029007",0
140.93,-19.48,1959,7,"029007",0
140.93,-19.48,1959,8,"029007",0
140.93,-19.48,1959,9,"029007",0
140.93,-19.48,1959,10,"029007",0
140.93,-19.48,1959,11,"029007",6.6
140.93,-19.48,1959,12,"029007",20.3
140.93,-19.48,1960,1,"029007",27.7
140.93,-19.48,1960,2,"029007",146.6
140.93,-19.48,1960,3,"029007",96.3
140.93,-19.48,1960,4,"029007",12.2
140.93,-19.48,1960,5,"029007",52.3
140.93,-19.48,1960,6,"029007",0
140.93,-19.48,1960,7,"029007",0
140.93,-19.48,1960,8,"029007",0
140.93,-19.48,1960,9,"029007",0
140.93,-19.48,1960,10,"029007",0
140.93,-19.48,1960,11,"029007",24.4
140.93,-19.48,1960,12,"029007",0
140.93,-19.48,1961,1,"029007",101.6
140.93,-19.48,1961,2,"029007",84.1
140.93,-19.48,1961,3,"029007",0
140.93,-19.48,1961,4,"029007",9.9
140.93,-19.48,1961,5,"029007",0
140.93,-19.48,1961,6,"029007",0
140.93,-19.48,1961,7,"029007",0
140.93,-19.48,1961,8,"029007",0
140.93,-19.48,1961,9,"029007",0
140.93,-19.48,1961,10,"029007",28
140.93,-19.48,1961,11,"029007",74.4
140.93,-19.48,1961,12,"029007",61.7
140.93,-19.48,1962,1,"029007",149.8
140.93,-19.48,1962,2,"029007",233.2
140.93,-19.48,1962,3,"029007",44
140.93,-19.48,1962,4,"029007",0
140.93,-19.48,1962,5,"029007",7.9
140.93,-19.48,1962,6,"029007",0
140.93,-19.48,1962,7,"029007",1.5
140.93,-19.48,1962,8,"029007",0
140.93,-19.48,1962,9,"029007",2.3
140.93,-19.48,1962,10,"029007",8.9
140.93,-19.48,1962,11,"029007",15.8
140.93,-19.48,1962,12,"029007",93.7
140.93,-19.48,1963,1,"029007",74.1
140.93,-19.48,1963,2,"029007",113.9
140.93,-19.48,1963,3,"029007",39.3
140.93,-19.48,1963,4,"029007",20.3
140.93,-19.48,1963,5,"029007",0
140.93,-19.48,1963,6,"029007",0
140.93,-19.48,1963,7,"029007",0
140.93,-19.48,1963,8,"029007",0
140.93,-19.48,1963,9,"029007",0
140.93,-19.48,1963,10,"029007",4.8
140.93,-19.48,1963,11,"029007",0
140.93,-19.48,1963,12,"029007",28.2
140.93,-19.48,1964,1,"029007",185.5
140.93,-19.48,1964,2,"029007",266.3
140.93,-19.48,1964,3,"029007",5.1
140.93,-19.48,1964,4,"029007",12.2
140.93,-19.48,1964,5,"029007",2.3
140.93,-19.48,1964,6,"029007",10.2
140.93,-19.48,1964,7,"029007",0
140.93,-19.48,1964,8,"029007",0
140.93,-19.48,1964,9,"029007",8.3
140.93,-19.48,1964,10,"029007",48
140.93,-19.48,1964,11,"029007",58.9
140.93,-19.48,1964,12,"029007",181.7
140.93,-19.48,1965,1,"029007",17.5
140.93,-19.48,1965,2,"029007",3.6
140.93,-19.48,1965,3,"029007",78
140.93,-19.48,1965,4,"029007",0
140.93,-19.48,1965,5,"029007",0
140.93,-19.48,1965,6,"029007",26.9
140.93,-19.48,1965,7,"029007",0
140.93,-19.48,1965,8,"029007",0
140.93,-19.48,1965,9,"029007",0
140.93,-19.48,1965,10,"029007",0
140.93,-19.48,1965,11,"029007",0
140.93,-19.48,1965,12,"029007",105.5
140.93,-19.48,1966,1,"029007",204.3
140.93,-19.48,1966,2,"029007",20.6
140.93,-19.48,1966,3,"029007",0
140.93,-19.48,1966,4,"029007",0
140.93,-19.48,1966,5,"029007",0
140.93,-19.48,1966,6,"029007",0
140.93,-19.48,1966,7,"029007",0
140.93,-19.48,1966,8,"029007",18.3
140.93,-19.48,1966,9,"029007",0
140.93,-19.48,1966,10,"029007",25.4
140.93,-19.48,1966,11,"029007",46.2
140.93,-19.48,1966,12,"029007",34.1
140.93,-19.48,1967,1,"029007",126.7
140.93,-19.48,1967,2,"029007",192
140.93,-19.48,1967,3,"029007",48.3
140.93,-19.48,1967,4,"029007",0
140.93,-19.48,1967,5,"029007",0
140.93,-19.48,1967,6,"029007",14.2
140.93,-19.48,1967,7,"029007",0
140.93,-19.48,1967,8,"029007",0
140.93,-19.48,1967,9,"029007",0
140.93,-19.48,1967,10,"029007",0
140.93,-19.48,1967,11,"029007",9.1
140.93,-19.48,1967,12,"029007",2.5
140.93,-19.48,1968,1,"029007",96
140.93,-19.48,1968,2,"029007",266
140.93,-19.48,1968,3,"029007",17.8
140.93,-19.48,1968,4,"029007",31
140.93,-19.48,1968,5,"029007",142.2
140.93,-19.48,1968,6,"029007",20.3
140.93,-19.48,1968,7,"029007",0
140.93,-19.48,1968,8,"029007",0
140.93,-19.48,1968,9,"029007",0
140.93,-19.48,1968,10,"029007",0
140.93,-19.48,1968,11,"029007",0
140.93,-19.48,1968,12,"029007",46.5
140.93,-19.48,1969,1,"029007",58.2
140.93,-19.48,1969,2,"029007",45.2
140.93,-19.48,1969,3,"029007",45.2
140.93,-19.48,1969,4,"029007",0
140.93,-19.48,1969,5,"029007",0
140.93,-19.48,1969,6,"029007",0
140.93,-19.48,1969,7,"029007",0
140.93,-19.48,1969,8,"029007",0
140.93,-19.48,1969,9,"029007",0
140.93,-19.48,1969,10,"029007",60.7
140.93,-19.48,1969,11,"029007",0
140.93,-19.48,1969,12,"029007",93.1
140.93,-19.48,1970,1,"029007",67.8
140.93,-19.48,1970,2,"029007",139.7
140.93,-19.48,1970,3,"029007",129.9
140.93,-19.48,1970,4,"029007",1.8
140.93,-19.48,1970,5,"029007",0
140.93,-19.48,1970,6,"029007",0
140.93,-19.48,1970,7,"029007",0
140.93,-19.48,1970,8,"029007",0
140.93,-19.48,1970,9,"029007",15.2
140.93,-19.48,1970,10,"029007",0
140.93,-19.48,1970,11,"029007",30.2
140.93,-19.48,1970,12,"029007",12.2
140.93,-19.48,1971,1,"029007",83
140.93,-19.48,1971,2,"029007",74
140.93,-19.48,1971,3,"029007",308
140.93,-19.48,1971,4,"029007",100.6
140.93,-19.48,1971,5,"029007",0
140.93,-19.48,1971,6,"029007",2.3
140.93,-19.48,1971,7,"029007",0
140.93,-19.48,1971,8,"029007",0
140.93,-19.48,1971,9,"029007",0
140.93,-19.48,1971,10,"029007",0
140.93,-19.48,1971,11,"029007",20.3
140.93,-19.48,1971,12,"029007",15.3
140.93,-19.48,1972,1,"029007",92.1
140.93,-19.48,1972,2,"029007",128.9
140.93,-19.48,1972,3,"029007",101.9
140.93,-19.48,1972,4,"029007",0
140.93,-19.48,1972,5,"029007",0
140.93,-19.48,1972,6,"029007",0
140.93,-19.48,1972,7,"029007",0
140.93,-19.48,1972,8,"029007",0
140.93,-19.48,1972,9,"029007",0
140.93,-19.48,1972,10,"029007",3.3
140.93,-19.48,1972,11,"029007",44.5
140.93,-19.48,1972,12,"029007",13
140.93,-19.48,1973,1,"029007",68.2
140.93,-19.48,1973,2,"029007",119.9
140.93,-19.48,1973,3,"029007",71.4
140.93,-19.48,1973,4,"029007",16
140.93,-19.48,1973,5,"029007",0
140.93,-19.48,1973,6,"029007",0
140.93,-19.48,1973,7,"029007",0
140.93,-19.48,1973,8,"029007",0
140.93,-19.48,1973,9,"029007",34.5
140.93,-19.48,1973,10,"029007",13.1
140.93,-19.48,1973,11,"029007",92.4
140.93,-19.48,1973,12,"029007",121.7
140.93,-19.48,1974,1,"029007",776.3
140.93,-19.48,1974,2,"029007",300.3
140.93,-19.48,1974,3,"029007",162.8
140.93,-19.48,1974,4,"029007",0
140.93,-19.48,1974,5,"029007",21.4
140.93,-19.48,1974,6,"029007",0
140.93,-19.48,1974,7,"029007",0
140.93,-19.48,1974,8,"029007",5.2
140.93,-19.48,1974,9,"029007",6.4
140.93,-19.48,1974,10,"029007",4.4
140.93,-19.48,1974,11,"029007",16.4
140.93,-19.48,1974,12,"029007",167.8
140.93,-19.48,1975,1,"029007",110.4
140.93,-19.48,1975,2,"029007",143.2
140.93,-19.48,1975,3,"029007",24
140.93,-19.48,1975,4,"029007",4.6
140.93,-19.48,1975,5,"029007",0
140.93,-19.48,1975,6,"029007",0
140.93,-19.48,1975,7,"029007",0
140.93,-19.48,1975,8,"029007",0
140.93,-19.48,1975,9,"029007",0
140.93,-19.48,1975,10,"029007",142.9
140.93,-19.48,1975,11,"029007",0
140.93,-19.48,1975,12,"029007",226.6
140.93,-19.48,1976,1,"029007",214
140.93,-19.48,1976,2,"029007",477
140.93,-19.48,1976,3,"029007",0
140.93,-19.48,1976,4,"029007",13
140.93,-19.48,1976,5,"029007",0
140.93,-19.48,1976,6,"029007",0
140.93,-19.48,1976,7,"029007",0
140.93,-19.48,1976,8,"029007",0
140.93,-19.48,1976,9,"029007",0
140.93,-19.48,1976,10,"029007",0
140.93,-19.48,1976,11,"029007",45
140.93,-19.48,1976,12,"029007",255
140.93,-19.48,1977,1,"029007",109
140.93,-19.48,1977,2,"029007",198
140.93,-19.48,1977,3,"029007",50
140.93,-19.48,1977,4,"029007",55
140.93,-19.48,1977,5,"029007",0
140.93,-19.48,1977,6,"029007",0
140.93,-19.48,1977,7,"029007",0
140.93,-19.48,1977,8,"029007",0
140.93,-19.48,1977,9,"029007",0
140.93,-19.48,1977,10,"029007",0
140.93,-19.48,1977,11,"029007",0
140.93,-19.48,1977,12,"029007",57
140.93,-19.48,1978,1,"029007",124
140.93,-19.48,1978,2,"029007",0
140.93,-19.48,1978,3,"029007",21
140.93,-19.48,1978,4,"029007",0
140.93,-19.48,1978,5,"029007",0
140.93,-19.48,1978,6,"029007",0
140.93,-19.48,1978,7,"029007",74
140.93,-19.48,1978,8,"029007",0
140.93,-19.48,1978,9,"029007",55
140.93,-19.48,1978,10,"029007",5
140.93,-19.48,1978,11,"029007",15
140.93,-19.48,1978,12,"029007",29
140.93,-19.48,1979,1,"029007",394
140.93,-19.48,1979,2,"029007",259
140.93,-19.48,1979,3,"029007",58
140.93,-19.48,1979,4,"029007",0
140.93,-19.48,1979,5,"029007",0
140.93,-19.48,1979,6,"029007",0
140.93,-19.48,1979,7,"029007",0
140.93,-19.48,1979,8,"029007",0
140.93,-19.48,1979,9,"029007",0
140.93,-19.48,1979,10,"029007",39
140.93,-19.48,1979,11,"029007",46
140.93,-19.48,1979,12,"029007",35
140.93,-19.48,1980,1,"029007",146
140.93,-19.48,1980,2,"029007",158
140.93,-19.48,1980,3,"029007",30
140.93,-19.48,1980,4,"029007",0
140.93,-19.48,1980,5,"029007",20
140.93,-19.48,1980,6,"029007",0
140.93,-19.48,1980,7,"029007",0
140.93,-19.48,1980,8,"029007",0
140.93,-19.48,1980,9,"029007",0
140.93,-19.48,1980,10,"029007",0
140.93,-19.48,1980,11,"029007",0
140.93,-19.48,1980,12,"029007",103
140.93,-19.48,1981,1,"029007",484
140.93,-19.48,1981,2,"029007",146
140.93,-19.48,1981,3,"029007",55
140.93,-19.48,1981,4,"029007",0
140.93,-19.48,1981,5,"029007",65
140.93,-19.48,1981,6,"029007",0
140.93,-19.48,1981,7,"029007",3
140.93,-19.48,1981,8,"029007",0
140.93,-19.48,1981,9,"029007",3
140.93,-19.48,1981,10,"029007",0
140.93,-19.48,1981,11,"029007",51
140.93,-19.48,1981,12,"029007",16
140.93,-19.48,1982,1,"029007",92
140.93,-19.48,1982,2,"029007",57
140.93,-19.48,1982,3,"029007",113
140.93,-19.48,1982,4,"029007",0
140.93,-19.48,1982,5,"029007",0
140.93,-19.48,1982,6,"029007",0
140.93,-19.48,1982,7,"029007",0
140.93,-19.48,1982,8,"029007",0
140.93,-19.48,1982,9,"029007",0
140.93,-19.48,1982,10,"029007",0
140.93,-19.48,1982,11,"029007",0
140.93,-19.48,1982,12,"029007",50
140.93,-19.48,1983,1,"029007",55.2
140.93,-19.48,1983,2,"029007",63
140.93,-19.48,1983,3,"029007",155.2
140.93,-19.48,1983,4,"029007",55.2
140.93,-19.48,1983,5,"029007",37
140.93,-19.48,1983,6,"029007",0
140.93,-19.48,1983,7,"029007",0
140.93,-19.48,1983,8,"029007",4
140.93,-19.48,1983,9,"029007",0
140.93,-19.48,1983,10,"029007",0
140.93,-19.48,1983,11,"029007",31.2
140.93,-19.48,1983,12,"029007",94.8
140.93,-19.48,1984,1,"029007",203
140.93,-19.48,1984,2,"029007",79.1
140.93,-19.48,1984,3,"029007",107.4
140.93,-19.48,1984,4,"029007",NA
140.93,-19.48,1984,5,"029007",0
140.93,-19.48,1984,6,"029007",0
140.93,-19.48,1984,7,"029007",NA
140.93,-19.48,1984,8,"029007",NA
140.93,-19.48,1984,9,"029007",NA
140.93,-19.48,1984,10,"029007",NA
140.93,-19.48,1984,11,"029007",NA
140.93,-19.48,1984,12,"029007",NA
140.93,-19.48,1985,1,"029007",28.2
140.93,-19.48,1985,2,"029007",50.8
140.93,-19.48,1985,3,"029007",29.4
140.93,-19.48,1985,4,"029007",0
140.93,-19.48,1985,5,"029007",0
140.93,-19.48,1985,6,"029007",87
140.93,-19.48,1985,7,"029007",0
140.93,-19.48,1985,8,"029007",0
140.93,-19.48,1985,9,"029007",0
140.93,-19.48,1985,10,"029007",76.5
140.93,-19.48,1985,11,"029007",56.8
140.93,-19.48,1985,12,"029007",63.6
140.93,-19.48,1986,1,"029007",61.6
140.93,-19.48,1986,2,"029007",28.2
140.93,-19.48,1986,3,"029007",0
140.93,-19.48,1986,4,"029007",17
140.93,-19.48,1986,5,"029007",8.8
140.93,-19.48,1986,6,"029007",0
140.93,-19.48,1986,7,"029007",15
140.93,-19.48,1986,8,"029007",0
140.93,-19.48,1986,9,"029007",0
140.93,-19.48,1986,10,"029007",54
140.93,-19.48,1986,11,"029007",54
140.93,-19.48,1986,12,"029007",79
140.93,-19.48,1987,1,"029007",57.4
140.93,-19.48,1987,2,"029007",192.2
140.93,-19.48,1987,3,"029007",21
140.93,-19.48,1987,4,"029007",0
140.93,-19.48,1987,5,"029007",0
140.93,-19.48,1987,6,"029007",0
140.93,-19.48,1987,7,"029007",0
140.93,-19.48,1987,8,"029007",0
140.93,-19.48,1987,9,"029007",0
140.93,-19.48,1987,10,"029007",16.2
140.93,-19.48,1987,11,"029007",35.7
140.93,-19.48,1987,12,"029007",92.2
140.93,-19.48,1988,1,"029007",19
140.93,-19.48,1988,2,"029007",126
140.93,-19.48,1988,3,"029007",12.2
140.93,-19.48,1988,4,"029007",21
140.93,-19.48,1988,5,"029007",19
140.93,-19.48,1988,6,"029007",0
140.93,-19.48,1988,7,"029007",2
140.93,-19.48,1988,8,"029007",54
140.93,-19.48,1988,9,"029007",0
140.93,-19.48,1988,10,"029007",0
140.93,-19.48,1988,11,"029007",11.5
140.93,-19.48,1988,12,"029007",81
140.93,-19.48,1989,1,"029007",25.2
140.93,-19.48,1989,2,"029007",15.2
140.93,-19.48,1989,3,"029007",140.8
140.93,-19.48,1989,4,"029007",33.4
140.93,-19.48,1989,5,"029007",9
140.93,-19.48,1989,6,"029007",2.4
140.93,-19.48,1989,7,"029007",0
140.93,-19.48,1989,8,"029007",0
140.93,-19.48,1989,9,"029007",0
140.93,-19.48,1989,10,"029007",0
140.93,-19.48,1989,11,"029007",98.4
140.93,-19.48,1989,12,"029007",35
140.93,-19.48,1990,1,"029007",29.4
140.93,-19.48,1990,2,"029007",32.6
140.93,-19.48,1990,3,"029007",43.2
140.93,-19.48,1990,4,"029007",2.4
140.93,-19.48,1990,5,"029007",67
140.93,-19.48,1990,6,"029007",67
140.93,-19.48,1990,7,"029007",0
140.93,-19.48,1990,8,"029007",0
140.93,-19.48,1990,9,"029007",0
140.93,-19.48,1990,10,"029007",3.8
140.93,-19.48,1990,11,"029007",1
140.93,-19.48,1990,12,"029007",40
140.93,-19.48,1991,1,"029007",708.2
140.93,-19.48,1991,2,"029007",284.8
140.93,-19.48,1991,3,"029007",0
140.93,-19.48,1991,4,"029007",0
140.93,-19.48,1991,5,"029007",0
140.93,-19.48,1991,6,"029007",2.2
140.93,-19.48,1991,7,"029007",2
140.93,-19.48,1991,8,"029007",0
140.93,-19.48,1991,9,"029007",0
140.93,-19.48,1991,10,"029007",0
140.93,-19.48,1991,11,"029007",57.6
140.93,-19.48,1991,12,"029007",46.3
140.93,-19.48,1992,1,"029007",14.5
140.93,-19.48,1992,2,"029007",149.6
140.93,-19.48,1992,3,"029007",2
140.93,-19.48,1992,4,"029007",0
140.93,-19.48,1992,5,"029007",38.5
140.93,-19.48,1992,6,"029007",0
140.93,-19.48,1992,7,"029007",0
140.93,-19.48,1992,8,"029007",0
140.93,-19.48,1992,9,"029007",6.4
140.93,-19.48,1992,10,"029007",23.6
140.93,-19.48,1992,11,"029007",9.9
140.93,-19.48,1992,12,"029007",55
140.93,-19.48,1993,1,"029007",122.9
140.93,-19.48,1993,2,"029007",142.3
140.93,-19.48,1993,3,"029007",14.2
140.93,-19.48,1993,4,"029007",35.2
140.93,-19.48,1993,5,"029007",4.8
140.93,-19.48,1993,6,"029007",0
140.93,-19.48,1993,7,"029007",69.4
140.93,-19.48,1993,8,"029007",0
140.93,-19.48,1993,9,"029007",0
140.93,-19.48,1993,10,"029007",0
140.93,-19.48,1993,11,"029007",46
140.93,-19.48,1993,12,"029007",45.8
140.93,-19.48,1994,1,"029007",115.1
140.93,-19.48,1994,2,"029007",227.6
140.93,-19.48,1994,3,"029007",65.4
140.93,-19.48,1994,4,"029007",0
140.93,-19.48,1994,5,"029007",0
140.93,-19.48,1994,6,"029007",0
140.93,-19.48,1994,7,"029007",0
140.93,-19.48,1994,8,"029007",0
140.93,-19.48,1994,9,"029007",0
140.93,-19.48,1994,10,"029007",0
140.93,-19.48,1994,11,"029007",47.9
140.93,-19.48,1994,12,"029007",22.2
140.93,-19.48,1995,1,"029007",96
140.93,-19.48,1995,2,"029007",142.6
140.93,-19.48,1995,3,"029007",115.1
140.93,-19.48,1995,4,"029007",0
140.93,-19.48,1995,5,"029007",9.8
140.93,-19.48,1995,6,"029007",0
140.93,-19.48,1995,7,"029007",0
140.93,-19.48,1995,8,"029007",0
140.93,-19.48,1995,9,"029007",0
140.93,-19.48,1995,10,"029007",21.6
140.93,-19.48,1995,11,"029007",65
140.93,-19.48,1995,12,"029007",81.4
140.93,-19.48,1996,1,"029007",130.4
140.93,-19.48,1996,2,"029007",36
140.93,-19.48,1996,3,"029007",243
140.93,-19.48,1996,4,"029007",6.6
140.93,-19.48,1996,5,"029007",0
140.93,-19.48,1996,6,"029007",0
140.93,-19.48,1996,7,"029007",0
140.93,-19.48,1996,8,"029007",11.6
140.93,-19.48,1996,9,"029007",0
140.93,-19.48,1996,10,"029007",54.2
140.93,-19.48,1996,11,"029007",4.2
140.93,-19.48,1996,12,"029007",53.9
140.93,-19.48,1997,1,"029007",224.4
140.93,-19.48,1997,2,"029007",149.7
140.93,-19.48,1997,3,"029007",85.3
140.93,-19.48,1997,4,"029007",0
140.93,-19.48,1997,5,"029007",8.2
140.93,-19.48,1997,6,"029007",0
140.93,-19.48,1997,7,"029007",0
140.93,-19.48,1997,8,"029007",0
140.93,-19.48,1997,9,"029007",0
140.93,-19.48,1997,10,"029007",0
140.93,-19.48,1997,11,"029007",34.2
140.93,-19.48,1997,12,"029007",177.7
140.93,-19.48,1998,1,"029007",85.3
140.93,-19.48,1998,2,"029007",195.5
140.93,-19.48,1998,3,"029007",116.4
140.93,-19.48,1998,4,"029007",25.8
140.93,-19.48,1998,5,"029007",0
140.93,-19.48,1998,6,"029007",23.9
140.93,-19.48,1998,7,"029007",0.4
140.93,-19.48,1998,8,"029007",0.8
140.93,-19.48,1998,9,"029007",8
140.93,-19.48,1998,10,"029007",0
140.93,-19.48,1998,11,"029007",23.6
140.93,-19.48,1998,12,"029007",63.6
140.93,-19.48,1999,1,"029007",122.4
140.93,-19.48,1999,2,"029007",23.6
140.93,-19.48,1999,3,"029007",84.4
140.93,-19.48,1999,4,"029007",41
140.93,-19.48,1999,5,"029007",0
140.93,-19.48,1999,6,"029007",0
140.93,-19.48,1999,7,"029007",0
140.93,-19.48,1999,8,"029007",0
140.93,-19.48,1999,9,"029007",0
140.93,-19.48,1999,10,"029007",28.4
140.93,-19.48,1999,11,"029007",70
140.93,-19.48,1999,12,"029007",117.7
140.93,-19.48,2000,1,"029007",54.2
140.93,-19.48,2000,2,"029007",165.6
140.93,-19.48,2000,3,"029007",75.4
140.93,-19.48,2000,4,"029007",11.8
140.93,-19.48,2000,5,"029007",5
140.93,-19.48,2000,6,"029007",18.2
140.93,-19.48,2000,7,"029007",0
140.93,-19.48,2000,8,"029007",0
140.93,-19.48,2000,9,"029007",0
140.93,-19.48,2000,10,"029007",53.2
140.93,-19.48,2000,11,"029007",50.9
140.93,-19.48,2000,12,"029007",413.1
140.93,-19.48,2001,1,"029007",73.5
140.93,-19.48,2001,2,"029007",147.1
140.93,-19.48,2001,3,"029007",121.1
140.93,-19.48,2001,4,"029007",0
140.93,-19.48,2001,5,"029007",0
140.93,-19.48,2001,6,"029007",0
140.93,-19.48,2001,7,"029007",1
140.93,-19.48,2001,8,"029007",0
140.93,-19.48,2001,9,"029007",0
140.93,-19.48,2001,10,"029007",40.5
140.93,-19.48,2001,11,"029007",22.8
140.93,-19.48,2001,12,"029007",29.4
140.93,-19.48,2002,1,"029007",100.8
140.93,-19.48,2002,2,"029007",69.1
140.93,-19.48,2002,3,"029007",10
140.93,-19.48,2002,4,"029007",5.8
140.93,-19.48,2002,5,"029007",0
140.93,-19.48,2002,6,"029007",0
140.93,-19.48,2002,7,"029007",0
140.93,-19.48,2002,8,"029007",0
140.93,-19.48,2002,9,"029007",0
140.93,-19.48,2002,10,"029007",0
140.93,-19.48,2002,11,"029007",13.1
140.93,-19.48,2002,12,"029007",28
140.93,-19.48,2003,1,"029007",105.1
140.93,-19.48,2003,2,"029007",NA
140.93,-19.48,2003,3,"029007",16
140.93,-19.48,2003,4,"029007",2
140.93,-19.48,2003,5,"029007",0
140.93,-19.48,2003,6,"029007",3.4
140.93,-19.48,2003,7,"029007",0
140.93,-19.48,2003,8,"029007",0
140.93,-19.48,2003,9,"029007",0
140.93,-19.48,2003,10,"029007",0
140.93,-19.48,2003,11,"029007",6
140.93,-19.48,2003,12,"029007",133.6
140.93,-19.48,2004,1,"029007",116.5
140.93,-19.48,2004,2,"029007",198.6
140.93,-19.48,2004,3,"029007",0
140.93,-19.48,2004,4,"029007",0
140.93,-19.48,2004,5,"029007",5
140.93,-19.48,2004,6,"029007",0
140.93,-19.48,2004,7,"029007",0
140.93,-19.48,2004,8,"029007",0
140.93,-19.48,2004,9,"029007",0
140.93,-19.48,2004,10,"029007",0
140.93,-19.48,2004,11,"029007",28
140.93,-19.48,2004,12,"029007",248.4
140.93,-19.48,2005,1,"029007",79.4
140.93,-19.48,2005,2,"029007",32.4
140.93,-19.48,2005,3,"029007",0
140.93,-19.48,2005,4,"029007",0
140.93,-19.48,2005,5,"029007",7.9
140.93,-19.48,2005,6,"029007",0
140.93,-19.48,2005,7,"029007",0
140.93,-19.48,2005,8,"029007",7
140.93,-19.48,2005,9,"029007",0
140.93,-19.48,2005,10,"029007",18
140.93,-19.48,2005,11,"029007",63.7
140.93,-19.48,2005,12,"029007",62.4
140.93,-19.48,2006,1,"029007",NA
140.93,-19.48,2006,2,"029007",13.8
140.93,-19.48,2006,3,"029007",239.3
140.93,-19.48,2006,4,"029007",123.5
140.93,-19.48,2006,5,"029007",0
140.93,-19.48,2006,6,"029007",0
140.93,-19.48,2006,7,"029007",23.4
140.93,-19.48,2006,8,"029007",0
140.93,-19.48,2006,9,"029007",0
140.93,-19.48,2006,10,"029007",0
140.93,-19.48,2006,11,"029007",0
140.93,-19.48,2006,12,"029007",10
140.93,-19.48,2007,1,"029007",270
140.93,-19.48,2007,2,"029007",45.4
140.93,-19.48,2007,3,"029007",71.7
140.93,-19.48,2007,4,"029007",0
140.93,-19.48,2007,5,"029007",1.2
140.93,-19.48,2007,6,"029007",104.4
140.93,-19.48,2007,7,"029007",0
140.93,-19.48,2007,8,"029007",0
140.93,-19.48,2007,9,"029007",0
140.93,-19.48,2007,10,"029007",37
140.93,-19.48,2007,11,"029007",11
140.93,-19.48,2007,12,"029007",66
140.93,-19.48,2008,1,"029007",318.6
140.93,-19.48,2008,2,"029007",103.3
140.93,-19.48,2008,3,"029007",3
140.93,-19.48,2008,4,"029007",0
140.93,-19.48,2008,5,"029007",0
140.93,-19.48,2008,6,"029007",0
140.93,-19.48,2008,7,"029007",9
140.93,-19.48,2008,8,"029007",0
140.93,-19.48,2008,9,"029007",6.2
140.93,-19.48,2008,10,"029007",0
140.93,-19.48,2008,11,"029007",69
140.93,-19.48,2008,12,"029007",61.2
140.93,-19.48,2009,1,"029007",533.4
140.93,-19.48,2009,2,"029007",258
140.93,-19.48,2009,3,"029007",2.4
140.93,-19.48,2009,4,"029007",5.4
140.93,-19.48,2009,5,"029007",0
140.93,-19.48,2009,6,"029007",0
140.93,-19.48,2009,7,"029007",0
140.93,-19.48,2009,8,"029007",0
140.93,-19.48,2009,9,"029007",7
140.93,-19.48,2009,10,"029007",0
140.93,-19.48,2009,11,"029007",24.8
140.93,-19.48,2009,12,"029007",84.6
140.93,-19.48,2010,1,"029007",212
140.93,-19.48,2010,2,"029007",264
140.93,-19.48,2010,3,"029007",47.2
140.93,-19.48,2010,4,"029007",71.4
140.93,-19.48,2010,5,"029007",8.6
140.93,-19.48,2010,6,"029007",0
140.93,-19.48,2010,7,"029007",0
140.93,-19.48,2010,8,"029007",NA
140.93,-19.48,2010,9,"029007",5
140.93,-19.48,2010,10,"029007",33.8
140.93,-19.48,2010,11,"029007",58
140.93,-19.48,2010,12,"029007",30.6
140.93,-19.48,2011,1,"029007",178.2
140.93,-19.48,2011,2,"029007",222
140.93,-19.48,2011,3,"029007",176.6
140.93,-19.48,2011,4,"029007",0
140.93,-19.48,2011,5,"029007",0
140.93,-19.48,2011,6,"029007",NA
140.93,-19.48,2011,7,"029007",0
140.93,-19.48,2011,8,"029007",0
140.93,-19.48,2011,9,"029007",0
140.93,-19.48,2011,10,"029007",51.2
140.93,-19.48,2011,11,"029007",112
140.93,-19.48,2011,12,"029007",55.4
140.93,-19.48,2012,1,"029007",238.1
140.93,-19.48,2012,2,"029007",32.4
140.93,-19.48,2012,3,"029007",93.6
140.93,-19.48,2012,4,"029007",19.2
140.93,-19.48,2012,5,"029007",44.6
140.93,-19.48,2012,6,"029007",NA
140.93,-19.48,2012,7,"029007",NA
140.93,-19.48,2012,8,"029007",NA
140.93,-19.48,2012,9,"029007",NA
140.93,-19.48,2012,10,"029007",NA
140.93,-19.48,2012,11,"029007",NA
140.93,-19.48,2012,12,"029007",NA
140.93,-19.48,2014,1,"029007",33.4
140.93,-19.48,2014,2,"029007",95.1
140.93,-19.48,2014,3,"029007",32
140.93,-19.48,2014,4,"029007",0
140.93,-19.48,2014,5,"029007",0
140.93,-19.48,2014,6,"029007",7
140.93,-19.48,2014,7,"029007",0
140.93,-19.48,2014,8,"029007",0
140.93,-19.48,2014,9,"029007",0
140.93,-19.48,2014,10,"029007",0
140.93,-19.48,2014,11,"029007",17.5
140.93,-19.48,2014,12,"029007",72
140.93,-19.48,2015,1,"029007",147.5
140.93,-19.48,2015,2,"029007",30
140.93,-19.48,2015,3,"029007",21
140.93,-19.48,2015,4,"029007",NA
140.93,-19.48,2015,5,"029007",NA
140.93,-19.48,2015,6,"029007",NA
140.93,-19.48,2015,7,"029007",NA
140.93,-19.48,2015,8,"029007",NA
140.93,-19.48,2015,9,"029007",NA
140.93,-19.48,2015,10,"029007",NA
140.93,-19.48,2015,11,"029007",NA
140.93,-19.48,2015,12,"029007",NA
140.93,-19.48,2016,1,"029007",NA
140.93,-19.48,2016,2,"029007",NA
140.93,-19.48,2016,3,"029007",NA
140.93,-19.48,2016,4,"029007",NA
140.93,-19.48,2016,5,"029007",NA
140.93,-19.48,2016,6,"029007",NA
140.93,-19.48,2016,7,"029007",NA
140.93,-19.48,2016,8,"029007",NA
140.93,-19.48,2016,9,"029007",NA
140.93,-19.48,2016,10,"029007",NA
140.93,-19.48,2016,11,"029007",NA
140.93,-19.48,2016,12,"029007",67
140.93,-19.48,2017,1,"029007",265.2
140.93,-19.48,2017,2,"029007",76
140.93,-19.48,2017,3,"029007",9
140.93,-19.48,2017,4,"029007",0
140.93,-19.48,2017,5,"029007",15
140.93,-19.48,2017,6,"029007",0
140.93,-19.48,2017,7,"029007",0
140.93,-19.48,2017,8,"029007",0
140.93,-19.48,2017,9,"029007",0
140.93,-19.48,2017,10,"029007",31
140.93,-19.48,2017,11,"029007",85
140.93,-19.48,2017,12,"029007",0
140.93,-19.48,2018,1,"029007",44.5
140.93,-19.48,2018,2,"029007",113.1
140.93,-19.48,2018,3,"029007",200
140.93,-19.48,2018,4,"029007",0
140.93,-19.48,2018,5,"029007",0
140.93,-19.48,2018,6,"029007",0
140.93,-19.48,2018,7,"029007",0
140.93,-19.48,2018,8,"029007",0
140.93,-19.48,2018,9,"029007",0
140.93,-19.48,2018,10,"029007",0
140.93,-19.48,2018,11,"029007",NA
140.93,-19.48,2018,12,"029007",16
140.93,-19.48,2019,1,"029007",159
140.93,-19.48,2019,2,"029007",308
140.93,-19.48,2019,3,"029007",NA
140.93,-19.48,2019,4,"029007",NA
140.93,-19.48,2019,5,"029007",NA
140.93,-19.48,2019,6,"029007",NA
140.93,-19.48,2019,7,"029007",NA
140.93,-19.48,2019,8,"029007",NA
140.93,-19.48,2019,9,"029007",NA
140.93,-19.48,2019,10,"029007",NA
140.93,-19.48,2019,11,"029007",32
140.93,-19.48,2019,12,"029007",7.5
140.93,-19.48,2020,1,"029007",307
140.93,-19.48,2020,2,"029007",51
140.93,-19.48,2020,3,"029007",8
140.93,-19.48,2020,4,"029007",0
140.93,-19.48,2020,5,"029007",14.4
140.93,-19.48,2020,6,"029007",0
140.93,-19.48,2020,7,"029007",0
140.93,-19.48,2020,8,"029007",0
140.93,-19.48,2020,9,"029007",0
140.93,-19.48,2020,10,"029007",25.4
140.93,-19.48,2020,11,"029007",6.6
140.93,-19.48,2020,12,"029007",115
140.93,-19.48,2021,1,"029007",100.4
140.93,-19.48,2021,2,"029007",129.6
140.93,-19.48,2021,3,"029007",61.4
140.93,-19.48,2021,4,"029007",16
140.93,-19.48,2021,5,"029007",NA
140.93,-19.48,2021,6,"029007",11
140.93,-19.48,2021,7,"029007",NA
140.93,-19.48,2021,8,"029007",NA
140.93,-19.48,2021,9,"029007",NA
140.93,-19.48,2021,10,"029007",NA
140.93,-19.48,2021,11,"029007",NA
140.93,-19.48,2021,12,"029007",NA
