"Lon","Lat","Year","Month","Station","Rain"
147.09,-26.17,1983,1,"044195",NA
147.09,-26.17,1983,2,"044195",NA
147.09,-26.17,1983,3,"044195",25.6
147.09,-26.17,1983,4,"044195",97.8
147.09,-26.17,1983,5,"044195",217.2
147.09,-26.17,1983,6,"044195",107.8
147.09,-26.17,1983,7,"044195",14.2
147.09,-26.17,1983,8,"044195",25.2
147.09,-26.17,1983,9,"044195",7
147.09,-26.17,1983,10,"044195",8.8
147.09,-26.17,1983,11,"044195",126.6
147.09,-26.17,1983,12,"044195",27.2
147.09,-26.17,1984,1,"044195",162.4
147.09,-26.17,1984,2,"044195",18.4
147.09,-26.17,1984,3,"044195",32
147.09,-26.17,1984,4,"044195",20.2
147.09,-26.17,1984,5,"044195",14.4
147.09,-26.17,1984,6,"044195",26
147.09,-26.17,1984,7,"044195",120
147.09,-26.17,1984,8,"044195",18.8
147.09,-26.17,1984,9,"044195",3.8
147.09,-26.17,1984,10,"044195",89.2
147.09,-26.17,1984,11,"044195",50.8
147.09,-26.17,1984,12,"044195",67.6
147.09,-26.17,1985,1,"044195",7.6
147.09,-26.17,1985,2,"044195",74.6
147.09,-26.17,1985,3,"044195",43
147.09,-26.17,1985,4,"044195",0
147.09,-26.17,1985,5,"044195",12
147.09,-26.17,1985,6,"044195",38.8
147.09,-26.17,1985,7,"044195",33.2
147.09,-26.17,1985,8,"044195",11.8
147.09,-26.17,1985,9,"044195",5.6
147.09,-26.17,1985,10,"044195",34.8
147.09,-26.17,1985,11,"044195",225.8
147.09,-26.17,1985,12,"044195",46.4
147.09,-26.17,1986,1,"044195",9.4
147.09,-26.17,1986,2,"044195",92.6
147.09,-26.17,1986,3,"044195",0
147.09,-26.17,1986,4,"044195",22
147.09,-26.17,1986,5,"044195",14
147.09,-26.17,1986,6,"044195",15
147.09,-26.17,1986,7,"044195",55.6
147.09,-26.17,1986,8,"044195",45.4
147.09,-26.17,1986,9,"044195",13.6
147.09,-26.17,1986,10,"044195",23.2
147.09,-26.17,1986,11,"044195",81.2
147.09,-26.17,1986,12,"044195",10.2
147.09,-26.17,1987,1,"044195",88.8
147.09,-26.17,1987,2,"044195",87.6
147.09,-26.17,1987,3,"044195",24.8
147.09,-26.17,1987,4,"044195",18.8
147.09,-26.17,1987,5,"044195",4.6
147.09,-26.17,1987,6,"044195",50.8
147.09,-26.17,1987,7,"044195",18
147.09,-26.17,1987,8,"044195",54
147.09,-26.17,1987,9,"044195",3.8
147.09,-26.17,1987,10,"044195",69.2
147.09,-26.17,1987,11,"044195",67.2
147.09,-26.17,1987,12,"044195",38.2
147.09,-26.17,1988,1,"044195",52
147.09,-26.17,1988,2,"044195",32.6
147.09,-26.17,1988,3,"044195",15.2
147.09,-26.17,1988,4,"044195",73
147.09,-26.17,1988,5,"044195",22.2
147.09,-26.17,1988,6,"044195",9.2
147.09,-26.17,1988,7,"044195",54.4
147.09,-26.17,1988,8,"044195",42.2
147.09,-26.17,1988,9,"044195",30.2
147.09,-26.17,1988,10,"044195",7.8
147.09,-26.17,1988,11,"044195",20.8
147.09,-26.17,1988,12,"044195",65.8
147.09,-26.17,1989,1,"044195",48.8
147.09,-26.17,1989,2,"044195",72.6
147.09,-26.17,1989,3,"044195",99.6
147.09,-26.17,1989,4,"044195",39.6
147.09,-26.17,1989,5,"044195",42.2
147.09,-26.17,1989,6,"044195",53.6
147.09,-26.17,1989,7,"044195",9
147.09,-26.17,1989,8,"044195",6.4
147.09,-26.17,1989,9,"044195",0
147.09,-26.17,1989,10,"044195",23.6
147.09,-26.17,1989,11,"044195",28.4
147.09,-26.17,1989,12,"044195",44.4
147.09,-26.17,1990,1,"044195",29.8
147.09,-26.17,1990,2,"044195",50.8
147.09,-26.17,1990,3,"044195",178.2
147.09,-26.17,1990,4,"044195",361.4
147.09,-26.17,1990,5,"044195",35
147.09,-26.17,1990,6,"044195",13.8
147.09,-26.17,1990,7,"044195",7.8
147.09,-26.17,1990,8,"044195",7.4
147.09,-26.17,1990,9,"044195",8.4
147.09,-26.17,1990,10,"044195",10
147.09,-26.17,1990,11,"044195",0.6
147.09,-26.17,1990,12,"044195",18.6
147.09,-26.17,1991,1,"044195",146.6
147.09,-26.17,1991,2,"044195",61.8
147.09,-26.17,1991,3,"044195",10
147.09,-26.17,1991,4,"044195",0
147.09,-26.17,1991,5,"044195",9.2
147.09,-26.17,1991,6,"044195",0.4
147.09,-26.17,1991,7,"044195",38.8
147.09,-26.17,1991,8,"044195",0
147.09,-26.17,1991,9,"044195",0.4
147.09,-26.17,1991,10,"044195",5.4
147.09,-26.17,1991,11,"044195",48.8
147.09,-26.17,1991,12,"044195",43.4
147.09,-26.17,1992,1,"044195",17
147.09,-26.17,1992,2,"044195",154.6
147.09,-26.17,1992,3,"044195",0
147.09,-26.17,1992,4,"044195",4.6
147.09,-26.17,1992,5,"044195",52.2
147.09,-26.17,1992,6,"044195",2
147.09,-26.17,1992,7,"044195",4.8
147.09,-26.17,1992,8,"044195",24
147.09,-26.17,1992,9,"044195",20.6
147.09,-26.17,1992,10,"044195",9
147.09,-26.17,1992,11,"044195",63.6
147.09,-26.17,1992,12,"044195",118.8
147.09,-26.17,1993,1,"044195",23.6
147.09,-26.17,1993,2,"044195",23.4
147.09,-26.17,1993,3,"044195",10.8
147.09,-26.17,1993,4,"044195",0
147.09,-26.17,1993,5,"044195",0
147.09,-26.17,1993,6,"044195",20.8
147.09,-26.17,1993,7,"044195",65.4
147.09,-26.17,1993,8,"044195",35.8
147.09,-26.17,1993,9,"044195",53
147.09,-26.17,1993,10,"044195",54.8
147.09,-26.17,1993,11,"044195",91.4
147.09,-26.17,1993,12,"044195",79.8
147.09,-26.17,1994,1,"044195",12.8
147.09,-26.17,1994,2,"044195",234.6
147.09,-26.17,1994,3,"044195",110.6
147.09,-26.17,1994,4,"044195",0.6
147.09,-26.17,1994,5,"044195",0
147.09,-26.17,1994,6,"044195",22.4
147.09,-26.17,1994,7,"044195",0.6
147.09,-26.17,1994,8,"044195",0.8
147.09,-26.17,1994,9,"044195",0
147.09,-26.17,1994,10,"044195",36.6
147.09,-26.17,1994,11,"044195",82
147.09,-26.17,1994,12,"044195",11.2
147.09,-26.17,1995,1,"044195",96.2
147.09,-26.17,1995,2,"044195",55
147.09,-26.17,1995,3,"044195",5.6
147.09,-26.17,1995,4,"044195",19.8
147.09,-26.17,1995,5,"044195",12.2
147.09,-26.17,1995,6,"044195",28.2
147.09,-26.17,1995,7,"044195",3.6
147.09,-26.17,1995,8,"044195",0
147.09,-26.17,1995,9,"044195",13
147.09,-26.17,1995,10,"044195",26.8
147.09,-26.17,1995,11,"044195",120.8
147.09,-26.17,1995,12,"044195",31.8
147.09,-26.17,1996,1,"044195",132.6
147.09,-26.17,1996,2,"044195",21
147.09,-26.17,1996,3,"044195",38.4
147.09,-26.17,1996,4,"044195",55.8
147.09,-26.17,1996,5,"044195",32
147.09,-26.17,1996,6,"044195",13.6
147.09,-26.17,1996,7,"044195",32.2
147.09,-26.17,1996,8,"044195",28
147.09,-26.17,1996,9,"044195",34.8
147.09,-26.17,1996,10,"044195",94.2
147.09,-26.17,1996,11,"044195",29.4
147.09,-26.17,1996,12,"044195",69.2
147.09,-26.17,1997,1,"044195",187.2
147.09,-26.17,1997,2,"044195",210.6
147.09,-26.17,1997,3,"044195",29.4
147.09,-26.17,1997,4,"044195",1.6
147.09,-26.17,1997,5,"044195",38.4
147.09,-26.17,1997,6,"044195",5.4
147.09,-26.17,1997,7,"044195",2.4
147.09,-26.17,1997,8,"044195",0
147.09,-26.17,1997,9,"044195",35.8
147.09,-26.17,1997,10,"044195",50.6
147.09,-26.17,1997,11,"044195",91.6
147.09,-26.17,1997,12,"044195",52.4
147.09,-26.17,1998,1,"044195",15.8
147.09,-26.17,1998,2,"044195",134.2
147.09,-26.17,1998,3,"044195",0
147.09,-26.17,1998,4,"044195",55.2
147.09,-26.17,1998,5,"044195",33.2
147.09,-26.17,1998,6,"044195",39
147.09,-26.17,1998,7,"044195",61.4
147.09,-26.17,1998,8,"044195",35.4
147.09,-26.17,1998,9,"044195",84.8
147.09,-26.17,1998,10,"044195",56.4
147.09,-26.17,1998,11,"044195",30.2
147.09,-26.17,1998,12,"044195",26.2
147.09,-26.17,1999,1,"044195",111
147.09,-26.17,1999,2,"044195",61.6
147.09,-26.17,1999,3,"044195",80.8
147.09,-26.17,1999,4,"044195",27.8
147.09,-26.17,1999,5,"044195",20.8
147.09,-26.17,1999,6,"044195",48.8
147.09,-26.17,1999,7,"044195",2
147.09,-26.17,1999,8,"044195",17
147.09,-26.17,1999,9,"044195",7.4
147.09,-26.17,1999,10,"044195",66.2
147.09,-26.17,1999,11,"044195",90.2
147.09,-26.17,1999,12,"044195",125.4
147.09,-26.17,2000,1,"044195",24
147.09,-26.17,2000,2,"044195",86.2
147.09,-26.17,2000,3,"044195",45
147.09,-26.17,2000,4,"044195",95.4
147.09,-26.17,2000,5,"044195",37.6
147.09,-26.17,2000,6,"044195",12.2
147.09,-26.17,2000,7,"044195",2.4
147.09,-26.17,2000,8,"044195",35.2
147.09,-26.17,2000,9,"044195",2.6
147.09,-26.17,2000,10,"044195",102
147.09,-26.17,2000,11,"044195",242.6
147.09,-26.17,2000,12,"044195",42
147.09,-26.17,2001,1,"044195",33.6
147.09,-26.17,2001,2,"044195",33
147.09,-26.17,2001,3,"044195",43.6
147.09,-26.17,2001,4,"044195",9.2
147.09,-26.17,2001,5,"044195",7.2
147.09,-26.17,2001,6,"044195",52.8
147.09,-26.17,2001,7,"044195",54.4
147.09,-26.17,2001,8,"044195",0
147.09,-26.17,2001,9,"044195",16.2
147.09,-26.17,2001,10,"044195",43.2
147.09,-26.17,2001,11,"044195",47.4
147.09,-26.17,2001,12,"044195",27.4
147.09,-26.17,2002,1,"044195",NA
147.09,-26.17,2002,2,"044195",122.4
147.09,-26.17,2002,3,"044195",2.4
147.09,-26.17,2002,4,"044195",1.8
147.09,-26.17,2002,5,"044195",9.2
147.09,-26.17,2002,6,"044195",7.8
147.09,-26.17,2002,7,"044195",1
147.09,-26.17,2002,8,"044195",NA
147.09,-26.17,2002,9,"044195",0
147.09,-26.17,2002,10,"044195",7.6
147.09,-26.17,2002,11,"044195",28.2
147.09,-26.17,2002,12,"044195",11.8
147.09,-26.17,2003,1,"044195",6.2
147.09,-26.17,2003,2,"044195",138.6
147.09,-26.17,2003,3,"044195",22.2
147.09,-26.17,2003,4,"044195",5.2
147.09,-26.17,2003,5,"044195",8.2
147.09,-26.17,2003,6,"044195",46.4
147.09,-26.17,2003,7,"044195",31.2
147.09,-26.17,2003,8,"044195",35.4
147.09,-26.17,2003,9,"044195",0
147.09,-26.17,2003,10,"044195",51.6
147.09,-26.17,2003,11,"044195",45.2
147.09,-26.17,2003,12,"044195",88
147.09,-26.17,2004,1,"044195",278
147.09,-26.17,2004,2,"044195",53.8
147.09,-26.17,2004,3,"044195",45.6
147.09,-26.17,2004,4,"044195",46.2
147.09,-26.17,2004,5,"044195",23.2
147.09,-26.17,2004,6,"044195",0.4
147.09,-26.17,2004,7,"044195",4.8
147.09,-26.17,2004,8,"044195",14.8
147.09,-26.17,2004,9,"044195",30.8
147.09,-26.17,2004,10,"044195",18.8
147.09,-26.17,2004,11,"044195",87.6
147.09,-26.17,2004,12,"044195",144.6
147.09,-26.17,2005,1,"044195",25
147.09,-26.17,2005,2,"044195",14.8
147.09,-26.17,2005,3,"044195",4.8
147.09,-26.17,2005,4,"044195",0
147.09,-26.17,2005,5,"044195",132.8
147.09,-26.17,2005,6,"044195",93.8
147.09,-26.17,2005,7,"044195",0.4
147.09,-26.17,2005,8,"044195",6.2
147.09,-26.17,2005,9,"044195",7
147.09,-26.17,2005,10,"044195",82.8
147.09,-26.17,2005,11,"044195",NA
147.09,-26.17,2005,12,"044195",24.6
147.09,-26.17,2006,1,"044195",49.4
147.09,-26.17,2006,2,"044195",26
147.09,-26.17,2006,3,"044195",9.8
147.09,-26.17,2006,4,"044195",51
147.09,-26.17,2006,5,"044195",1
147.09,-26.17,2006,6,"044195",48.6
147.09,-26.17,2006,7,"044195",33.4
147.09,-26.17,2006,8,"044195",0
147.09,-26.17,2006,9,"044195",3.4
147.09,-26.17,2006,10,"044195",0
147.09,-26.17,2006,11,"044195",67.2
147.09,-26.17,2006,12,"044195",43.6
147.09,-26.17,2007,1,"044195",126.2
147.09,-26.17,2007,2,"044195",26
147.09,-26.17,2007,3,"044195",43.4
147.09,-26.17,2007,4,"044195",11.6
147.09,-26.17,2007,5,"044195",0.6
147.09,-26.17,2007,6,"044195",38
147.09,-26.17,2007,7,"044195",0
147.09,-26.17,2007,8,"044195",51.6
147.09,-26.17,2007,9,"044195",16.6
147.09,-26.17,2007,10,"044195",20
147.09,-26.17,2007,11,"044195",122.4
147.09,-26.17,2007,12,"044195",152.6
147.09,-26.17,2008,1,"044195",151.8
147.09,-26.17,2008,2,"044195",70.8
147.09,-26.17,2008,3,"044195",2.8
147.09,-26.17,2008,4,"044195",0
147.09,-26.17,2008,5,"044195",10.6
147.09,-26.17,2008,6,"044195",32.2
147.09,-26.17,2008,7,"044195",16.4
147.09,-26.17,2008,8,"044195",5.6
147.09,-26.17,2008,9,"044195",50.8
147.09,-26.17,2008,10,"044195",55.2
147.09,-26.17,2008,11,"044195",58.6
147.09,-26.17,2008,12,"044195",99.4
147.09,-26.17,2009,1,"044195",32
147.09,-26.17,2009,2,"044195",30.2
147.09,-26.17,2009,3,"044195",0
147.09,-26.17,2009,4,"044195",49.6
147.09,-26.17,2009,5,"044195",10.8
147.09,-26.17,2009,6,"044195",37
147.09,-26.17,2009,7,"044195",1.2
147.09,-26.17,2009,8,"044195",1.2
147.09,-26.17,2009,9,"044195",14.6
147.09,-26.17,2009,10,"044195",18.2
147.09,-26.17,2009,11,"044195",7.2
147.09,-26.17,2009,12,"044195",116.8
147.09,-26.17,2010,1,"044195",NA
147.09,-26.17,2010,2,"044195",227.2
147.09,-26.17,2010,3,"044195",184
147.09,-26.17,2010,4,"044195",21.4
147.09,-26.17,2010,5,"044195",41.8
147.09,-26.17,2010,6,"044195",4.4
147.09,-26.17,2010,7,"044195",49.4
147.09,-26.17,2010,8,"044195",52.8
147.09,-26.17,2010,9,"044195",106
147.09,-26.17,2010,10,"044195",56
147.09,-26.17,2010,11,"044195",114.4
147.09,-26.17,2010,12,"044195",215.8
147.09,-26.17,2011,1,"044195",42.2
147.09,-26.17,2011,2,"044195",NA
147.09,-26.17,2011,3,"044195",NA
147.09,-26.17,2011,4,"044195",NA
147.09,-26.17,2011,5,"044195",NA
147.09,-26.17,2011,6,"044195",NA
147.09,-26.17,2011,7,"044195",NA
147.09,-26.17,2011,8,"044195",NA
147.09,-26.17,2011,9,"044195",NA
147.09,-26.17,2011,10,"044195",NA
147.09,-26.17,2011,11,"044195",NA
147.09,-26.17,2011,12,"044195",NA
