"Lon","Lat","Year","Month","Station","Rain"
147.71,-35.93,1933,1,"072025",65.8
147.71,-35.93,1933,2,"072025",0
147.71,-35.93,1933,3,"072025",15
147.71,-35.93,1933,4,"072025",32.5
147.71,-35.93,1933,5,"072025",72.1
147.71,-35.93,1933,6,"072025",67.4
147.71,-35.93,1933,7,"072025",94.8
147.71,-35.93,1933,8,"072025",52.6
147.71,-35.93,1933,9,"072025",130.8
147.71,-35.93,1933,10,"072025",43.9
147.71,-35.93,1933,11,"072025",69
147.71,-35.93,1933,12,"072025",142.7
147.71,-35.93,1934,1,"072025",82.3
147.71,-35.93,1934,2,"072025",77.1
147.71,-35.93,1934,3,"072025",17.4
147.71,-35.93,1934,4,"072025",56.2
147.71,-35.93,1934,5,"072025",0
147.71,-35.93,1934,6,"072025",60.5
147.71,-35.93,1934,7,"072025",121.2
147.71,-35.93,1934,8,"072025",118.5
147.71,-35.93,1934,9,"072025",57.9
147.71,-35.93,1934,10,"072025",169.2
147.71,-35.93,1934,11,"072025",174.3
147.71,-35.93,1934,12,"072025",22.9
147.71,-35.93,1935,1,"072025",81.6
147.71,-35.93,1935,2,"072025",83.6
147.71,-35.93,1935,3,"072025",38.5
147.71,-35.93,1935,4,"072025",104.8
147.71,-35.93,1935,5,"072025",10.7
147.71,-35.93,1935,6,"072025",43.4
147.71,-35.93,1935,7,"072025",93.4
147.71,-35.93,1935,8,"072025",82.9
147.71,-35.93,1935,9,"072025",85.5
147.71,-35.93,1935,10,"072025",99.1
147.71,-35.93,1935,11,"072025",15
147.71,-35.93,1935,12,"072025",53.1
147.71,-35.93,1952,1,"072025",1.5
147.71,-35.93,1952,2,"072025",5.9
147.71,-35.93,1952,3,"072025",65.5
147.71,-35.93,1952,4,"072025",137.4
147.71,-35.93,1952,5,"072025",125.1
147.71,-35.93,1952,6,"072025",150.5
147.71,-35.93,1952,7,"072025",69.7
147.71,-35.93,1952,8,"072025",66.6
147.71,-35.93,1952,9,"072025",102.6
147.71,-35.93,1952,10,"072025",110
147.71,-35.93,1952,11,"072025",61.5
147.71,-35.93,1952,12,"072025",86.7
147.71,-35.93,1953,1,"072025",33
147.71,-35.93,1953,2,"072025",45
147.71,-35.93,1953,3,"072025",0
147.71,-35.93,1953,4,"072025",21.8
147.71,-35.93,1953,5,"072025",58.7
147.71,-35.93,1953,6,"072025",64.1
147.71,-35.93,1953,7,"072025",43.6
147.71,-35.93,1953,8,"072025",100.9
147.71,-35.93,1953,9,"072025",105.8
147.71,-35.93,1953,10,"072025",95.1
147.71,-35.93,1953,11,"072025",67.2
147.71,-35.93,1953,12,"072025",22.9
147.71,-35.93,1954,1,"072025",124.6
147.71,-35.93,1954,2,"072025",15.2
147.71,-35.93,1954,3,"072025",0
147.71,-35.93,1954,4,"072025",65.3
147.71,-35.93,1954,5,"072025",13.5
147.71,-35.93,1954,6,"072025",49.9
147.71,-35.93,1954,7,"072025",42
147.71,-35.93,1954,8,"072025",50.5
147.71,-35.93,1954,9,"072025",37
147.71,-35.93,1954,10,"072025",112.2
147.71,-35.93,1954,11,"072025",89.8
147.71,-35.93,1954,12,"072025",62.8
147.71,-35.93,1955,1,"072025",63.8
147.71,-35.93,1955,2,"072025",81
147.71,-35.93,1955,3,"072025",71.2
147.71,-35.93,1955,4,"072025",14.7
147.71,-35.93,1955,5,"072025",70.7
147.71,-35.93,1955,6,"072025",122.3
147.71,-35.93,1955,7,"072025",96.3
147.71,-35.93,1955,8,"072025",150.4
147.71,-35.93,1955,9,"072025",56.1
147.71,-35.93,1955,10,"072025",201.3
147.71,-35.93,1955,11,"072025",20.6
147.71,-35.93,1955,12,"072025",45
147.71,-35.93,1956,1,"072025",98.6
147.71,-35.93,1956,2,"072025",13
147.71,-35.93,1956,3,"072025",204
147.71,-35.93,1956,4,"072025",128.5
147.71,-35.93,1956,5,"072025",145.9
147.71,-35.93,1956,6,"072025",136.4
147.71,-35.93,1956,7,"072025",127
147.71,-35.93,1956,8,"072025",64.7
147.71,-35.93,1956,9,"072025",73
147.71,-35.93,1956,10,"072025",96.6
147.71,-35.93,1956,11,"072025",36.1
147.71,-35.93,1956,12,"072025",22.8
147.71,-35.93,1957,1,"072025",0
147.71,-35.93,1957,2,"072025",30.8
147.71,-35.93,1957,3,"072025",36.8
147.71,-35.93,1957,4,"072025",15.7
147.71,-35.93,1957,5,"072025",26
147.71,-35.93,1957,6,"072025",124
147.71,-35.93,1957,7,"072025",81.9
147.71,-35.93,1957,8,"072025",48.6
147.71,-35.93,1957,9,"072025",50.5
147.71,-35.93,1957,10,"072025",48.2
147.71,-35.93,1957,11,"072025",36.3
147.71,-35.93,1957,12,"072025",95.6
147.71,-35.93,1958,1,"072025",23.9
147.71,-35.93,1958,2,"072025",23.9
147.71,-35.93,1958,3,"072025",19.5
147.71,-35.93,1958,4,"072025",70.9
147.71,-35.93,1958,5,"072025",120.3
147.71,-35.93,1958,6,"072025",46
147.71,-35.93,1958,7,"072025",162.8
147.71,-35.93,1958,8,"072025",116.4
147.71,-35.93,1958,9,"072025",92
147.71,-35.93,1958,10,"072025",127.4
147.71,-35.93,1958,11,"072025",62.2
147.71,-35.93,1958,12,"072025",15
147.71,-35.93,1959,1,"072025",5.1
147.71,-35.93,1959,2,"072025",68.6
147.71,-35.93,1959,3,"072025",67.5
147.71,-35.93,1959,4,"072025",68.6
147.71,-35.93,1959,5,"072025",19.3
147.71,-35.93,1959,6,"072025",65.1
147.71,-35.93,1959,7,"072025",31.1
147.71,-35.93,1959,8,"072025",52.8
147.71,-35.93,1959,9,"072025",79.7
147.71,-35.93,1959,10,"072025",95.5
147.71,-35.93,1959,11,"072025",58.2
147.71,-35.93,1959,12,"072025",10.2
147.71,-35.93,1960,1,"072025",59.9
147.71,-35.93,1960,2,"072025",5.6
147.71,-35.93,1960,3,"072025",23.9
147.71,-35.93,1960,4,"072025",56.1
147.71,-35.93,1960,5,"072025",134.5
147.71,-35.93,1960,6,"072025",28.2
147.71,-35.93,1960,7,"072025",152.9
147.71,-35.93,1960,8,"072025",71.4
147.71,-35.93,1960,9,"072025",174.1
147.71,-35.93,1960,10,"072025",29.1
147.71,-35.93,1960,11,"072025",61.7
147.71,-35.93,1960,12,"072025",65.3
147.71,-35.93,1961,1,"072025",67.8
147.71,-35.93,1961,2,"072025",13.5
147.71,-35.93,1961,3,"072025",61
147.71,-35.93,1961,4,"072025",95.5
147.71,-35.93,1961,5,"072025",15.3
147.71,-35.93,1961,6,"072025",88.4
147.71,-35.93,1961,7,"072025",73.5
147.71,-35.93,1961,8,"072025",56.8
147.71,-35.93,1961,9,"072025",21.6
147.71,-35.93,1961,10,"072025",40.4
147.71,-35.93,1961,11,"072025",89.6
147.71,-35.93,1961,12,"072025",109.3
147.71,-35.93,1962,1,"072025",85.9
147.71,-35.93,1962,2,"072025",4.6
147.71,-35.93,1962,3,"072025",43
147.71,-35.93,1962,4,"072025",22.3
147.71,-35.93,1962,5,"072025",72.5
147.71,-35.93,1962,6,"072025",59.6
147.71,-35.93,1962,7,"072025",72.1
147.71,-35.93,1962,8,"072025",50.4
147.71,-35.93,1962,9,"072025",54.9
147.71,-35.93,1962,10,"072025",76.9
147.71,-35.93,1962,11,"072025",22.6
147.71,-35.93,1962,12,"072025",56.6
147.71,-35.93,1963,1,"072025",56.1
147.71,-35.93,1963,2,"072025",13.6
147.71,-35.93,1963,3,"072025",26
147.71,-35.93,1963,4,"072025",26.4
147.71,-35.93,1963,5,"072025",92.9
147.71,-35.93,1963,6,"072025",55.4
147.71,-35.93,1963,7,"072025",99.4
147.71,-35.93,1963,8,"072025",75.5
147.71,-35.93,1963,9,"072025",74.5
147.71,-35.93,1963,10,"072025",52.3
147.71,-35.93,1963,11,"072025",49
147.71,-35.93,1963,12,"072025",78
147.71,-35.93,1964,1,"072025",13.7
147.71,-35.93,1964,2,"072025",38.9
147.71,-35.93,1964,3,"072025",52.3
147.71,-35.93,1964,4,"072025",123.7
147.71,-35.93,1964,5,"072025",57.7
147.71,-35.93,1964,6,"072025",77.9
147.71,-35.93,1964,7,"072025",203.7
147.71,-35.93,1964,8,"072025",64.6
147.71,-35.93,1964,9,"072025",108.6
147.71,-35.93,1964,10,"072025",118.6
147.71,-35.93,1964,11,"072025",27.8
147.71,-35.93,1964,12,"072025",71.1
147.71,-35.93,1965,1,"072025",0
147.71,-35.93,1965,2,"072025",3
147.71,-35.93,1965,3,"072025",6.9
147.71,-35.93,1965,4,"072025",28.2
147.71,-35.93,1965,5,"072025",50.8
147.71,-35.93,1965,6,"072025",26.2
147.71,-35.93,1965,7,"072025",25.5
147.71,-35.93,1965,8,"072025",95.8
147.71,-35.93,1965,9,"072025",56.2
147.71,-35.93,1965,10,"072025",86.7
147.71,-35.93,1965,11,"072025",98
147.71,-35.93,1965,12,"072025",55
147.71,-35.93,1966,1,"072025",18.8
147.71,-35.93,1966,2,"072025",53.4
147.71,-35.93,1966,3,"072025",110.5
147.71,-35.93,1966,4,"072025",18.3
147.71,-35.93,1966,5,"072025",92
147.71,-35.93,1966,6,"072025",67.3
147.71,-35.93,1966,7,"072025",99.2
147.71,-35.93,1966,8,"072025",76.9
147.71,-35.93,1966,9,"072025",85.3
147.71,-35.93,1966,10,"072025",121.6
147.71,-35.93,1966,11,"072025",120.5
147.71,-35.93,1966,12,"072025",128
147.71,-35.93,1967,1,"072025",44.7
147.71,-35.93,1967,2,"072025",3.8
147.71,-35.93,1967,3,"072025",12.4
147.71,-35.93,1967,4,"072025",0
147.71,-35.93,1967,5,"072025",20.6
147.71,-35.93,1967,6,"072025",20
147.71,-35.93,1967,7,"072025",41.8
147.71,-35.93,1967,8,"072025",59.1
147.71,-35.93,1967,9,"072025",31
147.71,-35.93,1967,10,"072025",27.7
147.71,-35.93,1967,11,"072025",1.3
147.71,-35.93,1967,12,"072025",2.8
147.71,-35.93,1968,1,"072025",20
147.71,-35.93,1968,2,"072025",62
147.71,-35.93,1968,3,"072025",26.5
147.71,-35.93,1968,4,"072025",48.9
147.71,-35.93,1968,5,"072025",211.2
147.71,-35.93,1968,6,"072025",71.3
147.71,-35.93,1968,7,"072025",49.1
147.71,-35.93,1968,8,"072025",119.1
147.71,-35.93,1968,9,"072025",25.6
147.71,-35.93,1968,10,"072025",111.3
147.71,-35.93,1968,11,"072025",59.4
147.71,-35.93,1968,12,"072025",59.3
147.71,-35.93,1969,1,"072025",41.8
147.71,-35.93,1969,2,"072025",52.3
147.71,-35.93,1969,3,"072025",112.1
147.71,-35.93,1969,4,"072025",87.1
147.71,-35.93,1969,5,"072025",90.3
147.71,-35.93,1969,6,"072025",46.8
147.71,-35.93,1969,7,"072025",106.2
147.71,-35.93,1969,8,"072025",39.9
147.71,-35.93,1969,9,"072025",75.6
147.71,-35.93,1969,10,"072025",63.6
147.71,-35.93,1969,11,"072025",119.4
147.71,-35.93,1969,12,"072025",35.3
147.71,-35.93,1970,1,"072025",116
147.71,-35.93,1970,2,"072025",27.2
147.71,-35.93,1970,3,"072025",53.8
147.71,-35.93,1970,4,"072025",136.3
147.71,-35.93,1970,5,"072025",59.6
147.71,-35.93,1970,6,"072025",58.7
147.71,-35.93,1970,7,"072025",48.5
147.71,-35.93,1970,8,"072025",165.5
147.71,-35.93,1970,9,"072025",169
147.71,-35.93,1970,10,"072025",56.4
147.71,-35.93,1970,11,"072025",114.2
147.71,-35.93,1970,12,"072025",51.3
147.71,-35.93,1971,1,"072025",53.8
147.71,-35.93,1971,2,"072025",99.8
147.71,-35.93,1971,3,"072025",17.4
147.71,-35.93,1971,4,"072025",53.8
147.71,-35.93,1971,5,"072025",101.6
147.71,-35.93,1971,6,"072025",41.6
147.71,-35.93,1971,7,"072025",37.5
147.71,-35.93,1971,8,"072025",100
147.71,-35.93,1971,9,"072025",43.4
147.71,-35.93,1971,10,"072025",46.3
147.71,-35.93,1971,11,"072025",143.3
147.71,-35.93,1971,12,"072025",85.4
147.71,-35.93,1972,1,"072025",140.7
147.71,-35.93,1972,2,"072025",41.2
147.71,-35.93,1972,3,"072025",43.7
147.71,-35.93,1972,4,"072025",40.7
147.71,-35.93,1972,5,"072025",34.6
147.71,-35.93,1972,6,"072025",24.6
147.71,-35.93,1972,7,"072025",50.5
147.71,-35.93,1972,8,"072025",138.2
147.71,-35.93,1972,9,"072025",23.1
147.71,-35.93,1972,10,"072025",27.5
147.71,-35.93,1972,11,"072025",42
147.71,-35.93,1972,12,"072025",5.3
147.71,-35.93,1973,1,"072025",140.8
147.71,-35.93,1973,2,"072025",146.1
147.71,-35.93,1973,3,"072025",93.8
147.71,-35.93,1973,4,"072025",122.9
147.71,-35.93,1973,5,"072025",41.5
147.71,-35.93,1973,6,"072025",117.7
147.71,-35.93,1973,7,"072025",126.2
147.71,-35.93,1973,8,"072025",134.7
147.71,-35.93,1973,9,"072025",80.6
147.71,-35.93,1973,10,"072025",137.5
147.71,-35.93,1973,11,"072025",83
147.71,-35.93,1973,12,"072025",131
147.71,-35.93,1974,1,"072025",189.2
147.71,-35.93,1974,2,"072025",91.8
147.71,-35.93,1974,3,"072025",12.8
147.71,-35.93,1974,4,"072025",192.8
147.71,-35.93,1974,5,"072025",77.4
147.71,-35.93,1974,6,"072025",23.4
147.71,-35.93,1974,7,"072025",144.4
147.71,-35.93,1974,8,"072025",151.2
147.71,-35.93,1974,9,"072025",102.6
147.71,-35.93,1974,10,"072025",212.6
147.71,-35.93,1974,11,"072025",44.4
147.71,-35.93,1974,12,"072025",9
147.71,-35.93,1975,1,"072025",47.6
147.71,-35.93,1975,2,"072025",69
147.71,-35.93,1975,3,"072025",50
147.71,-35.93,1975,4,"072025",68.4
147.71,-35.93,1975,5,"072025",77.2
147.71,-35.93,1975,6,"072025",38.8
147.71,-35.93,1975,7,"072025",121.8
147.71,-35.93,1975,8,"072025",133
147.71,-35.93,1975,9,"072025",127.9
147.71,-35.93,1975,10,"072025",207.8
147.71,-35.93,1975,11,"072025",29.8
147.71,-35.93,1975,12,"072025",135
147.71,-35.93,1976,1,"072025",38.2
147.71,-35.93,1976,2,"072025",91
147.71,-35.93,1976,3,"072025",27.8
147.71,-35.93,1976,4,"072025",49.8
147.71,-35.93,1976,5,"072025",NA
147.71,-35.93,1976,6,"072025",NA
147.71,-35.93,1976,7,"072025",NA
147.71,-35.93,1976,8,"072025",NA
147.71,-35.93,1976,9,"072025",NA
147.71,-35.93,1976,10,"072025",NA
147.71,-35.93,1976,11,"072025",NA
147.71,-35.93,1976,12,"072025",NA
147.71,-35.93,1977,1,"072025",34.4
147.71,-35.93,1977,2,"072025",60.8
147.71,-35.93,1977,3,"072025",91.8
147.71,-35.93,1977,4,"072025",28
147.71,-35.93,1977,5,"072025",108.2
147.71,-35.93,1977,6,"072025",86.6
147.71,-35.93,1977,7,"072025",38.4
147.71,-35.93,1977,8,"072025",24.6
147.71,-35.93,1977,9,"072025",NA
147.71,-35.93,1977,10,"072025",NA
147.71,-35.93,1977,11,"072025",NA
147.71,-35.93,1977,12,"072025",NA
147.71,-35.93,2003,1,"072025",NA
147.71,-35.93,2003,2,"072025",NA
147.71,-35.93,2003,3,"072025",NA
147.71,-35.93,2003,4,"072025",NA
147.71,-35.93,2003,5,"072025",NA
147.71,-35.93,2003,6,"072025",NA
147.71,-35.93,2003,7,"072025",45
147.71,-35.93,2003,8,"072025",74.6
147.71,-35.93,2003,9,"072025",29.5
147.71,-35.93,2003,10,"072025",NA
147.71,-35.93,2003,11,"072025",NA
147.71,-35.93,2003,12,"072025",NA
147.71,-35.93,2004,1,"072025",56
147.71,-35.93,2004,2,"072025",1.9
147.71,-35.93,2004,3,"072025",0
147.71,-35.93,2004,4,"072025",18.4
147.71,-35.93,2004,5,"072025",34.7
147.71,-35.93,2004,6,"072025",117.9
147.71,-35.93,2004,7,"072025",NA
147.71,-35.93,2004,8,"072025",NA
147.71,-35.93,2004,9,"072025",70.6
147.71,-35.93,2004,10,"072025",NA
147.71,-35.93,2004,11,"072025",121.8
147.71,-35.93,2004,12,"072025",NA
147.71,-35.93,2005,1,"072025",71.2
147.71,-35.93,2005,2,"072025",NA
147.71,-35.93,2005,3,"072025",28.2
147.71,-35.93,2005,4,"072025",29.8
147.71,-35.93,2005,5,"072025",NA
147.71,-35.93,2005,6,"072025",126.8
147.71,-35.93,2005,7,"072025",NA
147.71,-35.93,2005,8,"072025",88
147.71,-35.93,2005,9,"072025",123.6
147.71,-35.93,2005,10,"072025",53.4
147.71,-35.93,2005,11,"072025",36.6
147.71,-35.93,2005,12,"072025",55.2
147.71,-35.93,2006,1,"072025",38.6
147.71,-35.93,2006,2,"072025",2
147.71,-35.93,2006,3,"072025",NA
147.71,-35.93,2006,4,"072025",35.8
147.71,-35.93,2006,5,"072025",NA
147.71,-35.93,2006,6,"072025",47
147.71,-35.93,2006,7,"072025",41.6
147.71,-35.93,2006,8,"072025",31.2
147.71,-35.93,2006,9,"072025",23.2
147.71,-35.93,2006,10,"072025",12
147.71,-35.93,2006,11,"072025",42.2
147.71,-35.93,2006,12,"072025",5.2
147.71,-35.93,2007,1,"072025",25.6
147.71,-35.93,2007,2,"072025",31.2
147.71,-35.93,2007,3,"072025",50.4
147.71,-35.93,2007,4,"072025",75.8
147.71,-35.93,2007,5,"072025",95.8
147.71,-35.93,2007,6,"072025",29
147.71,-35.93,2007,7,"072025",94.8
147.71,-35.93,2007,8,"072025",22.8
147.71,-35.93,2007,9,"072025",20
147.71,-35.93,2007,10,"072025",49.2
147.71,-35.93,2007,11,"072025",81.1
147.71,-35.93,2007,12,"072025",139.2
147.71,-35.93,2008,1,"072025",50.4
147.71,-35.93,2008,2,"072025",72.8
147.71,-35.93,2008,3,"072025",43.2
147.71,-35.93,2008,4,"072025",20.4
147.71,-35.93,2008,5,"072025",28
147.71,-35.93,2008,6,"072025",33.4
147.71,-35.93,2008,7,"072025",104.8
147.71,-35.93,2008,8,"072025",91.3
147.71,-35.93,2008,9,"072025",61.2
147.71,-35.93,2008,10,"072025",22.6
147.71,-35.93,2008,11,"072025",NA
147.71,-35.93,2008,12,"072025",NA
147.71,-35.93,2009,1,"072025",11.6
147.71,-35.93,2009,2,"072025",1.4
147.71,-35.93,2009,3,"072025",38.2
147.71,-35.93,2009,4,"072025",127.6
147.71,-35.93,2009,5,"072025",13.6
147.71,-35.93,2009,6,"072025",75
147.71,-35.93,2009,7,"072025",81.2
147.71,-35.93,2009,8,"072025",112.6
147.71,-35.93,2009,9,"072025",75.6
147.71,-35.93,2009,10,"072025",NA
147.71,-35.93,2009,11,"072025",NA
147.71,-35.93,2009,12,"072025",NA
147.71,-35.93,2010,1,"072025",21
147.71,-35.93,2010,2,"072025",140.4
147.71,-35.93,2010,3,"072025",202.8
147.71,-35.93,2010,4,"072025",38.6
147.71,-35.93,2010,5,"072025",56.2
147.71,-35.93,2010,6,"072025",47
147.71,-35.93,2010,7,"072025",91.2
147.71,-35.93,2010,8,"072025",151.4
147.71,-35.93,2010,9,"072025",94.6
147.71,-35.93,2010,10,"072025",209.4
147.71,-35.93,2010,11,"072025",NA
147.71,-35.93,2010,12,"072025",123.4
147.71,-35.93,2011,1,"072025",36.4
147.71,-35.93,2011,2,"072025",315.4
147.71,-35.93,2011,3,"072025",96.6
147.71,-35.93,2011,4,"072025",37.6
147.71,-35.93,2011,5,"072025",42.4
147.71,-35.93,2011,6,"072025",41.2
147.71,-35.93,2011,7,"072025",64.2
147.71,-35.93,2011,8,"072025",95.5
147.71,-35.93,2011,9,"072025",110.2
147.71,-35.93,2011,10,"072025",NA
147.71,-35.93,2011,11,"072025",120.4
147.71,-35.93,2011,12,"072025",NA
147.71,-35.93,2012,1,"072025",65.5
147.71,-35.93,2012,2,"072025",NA
147.71,-35.93,2012,3,"072025",NA
147.71,-35.93,2012,4,"072025",NA
147.71,-35.93,2012,5,"072025",NA
147.71,-35.93,2012,6,"072025",NA
147.71,-35.93,2012,7,"072025",NA
147.71,-35.93,2012,8,"072025",NA
147.71,-35.93,2012,9,"072025",NA
147.71,-35.93,2012,10,"072025",NA
147.71,-35.93,2012,11,"072025",NA
147.71,-35.93,2012,12,"072025",NA
