"Lon","Lat","Year","Month","Station","Rain"
116.48,-24.2,2012,1,"007209",NA
116.48,-24.2,2012,2,"007209",NA
116.48,-24.2,2012,3,"007209",NA
116.48,-24.2,2012,4,"007209",NA
116.48,-24.2,2012,5,"007209",NA
116.48,-24.2,2012,6,"007209",NA
116.48,-24.2,2012,7,"007209",NA
116.48,-24.2,2012,8,"007209",0
116.48,-24.2,2012,9,"007209",0.8
116.48,-24.2,2012,10,"007209",4.8
116.48,-24.2,2012,11,"007209",0.2
116.48,-24.2,2012,12,"007209",115.6
116.48,-24.2,2013,1,"007209",35.4
116.48,-24.2,2013,2,"007209",6
116.48,-24.2,2013,3,"007209",40.2
116.48,-24.2,2013,4,"007209",4.4
116.48,-24.2,2013,5,"007209",36.4
116.48,-24.2,2013,6,"007209",47.4
116.48,-24.2,2013,7,"007209",2.2
116.48,-24.2,2013,8,"007209",0
116.48,-24.2,2013,9,"007209",0.8
116.48,-24.2,2013,10,"007209",0.2
116.48,-24.2,2013,11,"007209",0
116.48,-24.2,2013,12,"007209",11.2
116.48,-24.2,2014,1,"007209",80
116.48,-24.2,2014,2,"007209",10.8
116.48,-24.2,2014,3,"007209",0.8
116.48,-24.2,2014,4,"007209",6.6
116.48,-24.2,2014,5,"007209",49.2
116.48,-24.2,2014,6,"007209",8.2
116.48,-24.2,2014,7,"007209",0
116.48,-24.2,2014,8,"007209",0
116.48,-24.2,2014,9,"007209",3
116.48,-24.2,2014,10,"007209",0
116.48,-24.2,2014,11,"007209",12.4
116.48,-24.2,2014,12,"007209",1.8
116.48,-24.2,2015,1,"007209",6.6
116.48,-24.2,2015,2,"007209",31
116.48,-24.2,2015,3,"007209",227
116.48,-24.2,2015,4,"007209",2.2
116.48,-24.2,2015,5,"007209",35.2
116.48,-24.2,2015,6,"007209",15.8
116.48,-24.2,2015,7,"007209",29.4
116.48,-24.2,2015,8,"007209",0
116.48,-24.2,2015,9,"007209",0
116.48,-24.2,2015,10,"007209",0.2
116.48,-24.2,2015,11,"007209",5.8
116.48,-24.2,2015,12,"007209",0.4
116.48,-24.2,2016,1,"007209",26.2
116.48,-24.2,2016,2,"007209",9
116.48,-24.2,2016,3,"007209",29.8
116.48,-24.2,2016,4,"007209",5.2
116.48,-24.2,2016,5,"007209",1.4
116.48,-24.2,2016,6,"007209",81.4
116.48,-24.2,2016,7,"007209",44.8
116.48,-24.2,2016,8,"007209",1.2
116.48,-24.2,2016,9,"007209",0
116.48,-24.2,2016,10,"007209",3.8
116.48,-24.2,2016,11,"007209",3
116.48,-24.2,2016,12,"007209",8
116.48,-24.2,2017,1,"007209",58.2
116.48,-24.2,2017,2,"007209",216.2
116.48,-24.2,2017,3,"007209",9.6
116.48,-24.2,2017,4,"007209",0
116.48,-24.2,2017,5,"007209",0
116.48,-24.2,2017,6,"007209",2.4
116.48,-24.2,2017,7,"007209",0
116.48,-24.2,2017,8,"007209",0
116.48,-24.2,2017,9,"007209",1
116.48,-24.2,2017,10,"007209",0
116.48,-24.2,2017,11,"007209",0
116.48,-24.2,2017,12,"007209",0.2
116.48,-24.2,2018,1,"007209",67
116.48,-24.2,2018,2,"007209",14.2
116.48,-24.2,2018,3,"007209",0
116.48,-24.2,2018,4,"007209",0.4
116.48,-24.2,2018,5,"007209",0
116.48,-24.2,2018,6,"007209",45.2
116.48,-24.2,2018,7,"007209",NA
116.48,-24.2,2018,8,"007209",NA
116.48,-24.2,2018,9,"007209",NA
116.48,-24.2,2018,10,"007209",0
116.48,-24.2,2018,11,"007209",9.2
116.48,-24.2,2018,12,"007209",1.8
116.48,-24.2,2019,1,"007209",24.6
116.48,-24.2,2019,2,"007209",10.2
116.48,-24.2,2019,3,"007209",8.8
116.48,-24.2,2019,4,"007209",32.8
116.48,-24.2,2019,5,"007209",0.2
116.48,-24.2,2019,6,"007209",14.2
116.48,-24.2,2019,7,"007209",7.8
116.48,-24.2,2019,8,"007209",3.2
116.48,-24.2,2019,9,"007209",0
116.48,-24.2,2019,10,"007209",0.4
116.48,-24.2,2019,11,"007209",0
116.48,-24.2,2019,12,"007209",17.4
116.48,-24.2,2020,1,"007209",84
116.48,-24.2,2020,2,"007209",34.4
116.48,-24.2,2020,3,"007209",24
116.48,-24.2,2020,4,"007209",0.4
116.48,-24.2,2020,5,"007209",5.8
116.48,-24.2,2020,6,"007209",0
116.48,-24.2,2020,7,"007209",0
116.48,-24.2,2020,8,"007209",12.2
116.48,-24.2,2020,9,"007209",0
116.48,-24.2,2020,10,"007209",0
116.48,-24.2,2020,11,"007209",5
116.48,-24.2,2020,12,"007209",0.2
116.48,-24.2,2021,1,"007209",91.6
116.48,-24.2,2021,2,"007209",117.8
116.48,-24.2,2021,3,"007209",11.2
116.48,-24.2,2021,4,"007209",0
116.48,-24.2,2021,5,"007209",45.2
116.48,-24.2,2021,6,"007209",33.4
116.48,-24.2,2021,7,"007209",17
116.48,-24.2,2021,8,"007209",7.4
116.48,-24.2,2021,9,"007209",0
116.48,-24.2,2021,10,"007209",13.8
116.48,-24.2,2021,11,"007209",43.4
116.48,-24.2,2021,12,"007209",0.4
116.48,-24.2,2022,1,"007209",0.8
116.48,-24.2,2022,2,"007209",46
116.48,-24.2,2022,3,"007209",NA
116.48,-24.2,2022,4,"007209",NA
116.48,-24.2,2022,5,"007209",NA
116.48,-24.2,2022,6,"007209",NA
116.48,-24.2,2022,7,"007209",NA
116.48,-24.2,2022,8,"007209",NA
116.48,-24.2,2022,9,"007209",NA
116.48,-24.2,2022,10,"007209",NA
116.48,-24.2,2022,11,"007209",NA
116.48,-24.2,2022,12,"007209",NA
