"Lon","Lat","Year","Month","Station","Rain"
145.25,-37.68,1951,1,"086059",NA
145.25,-37.68,1951,2,"086059",NA
145.25,-37.68,1951,3,"086059",NA
145.25,-37.68,1951,4,"086059",NA
145.25,-37.68,1951,5,"086059",NA
145.25,-37.68,1951,6,"086059",NA
145.25,-37.68,1951,7,"086059",NA
145.25,-37.68,1951,8,"086059",74.4
145.25,-37.68,1951,9,"086059",46.8
145.25,-37.68,1951,10,"086059",56.7
145.25,-37.68,1951,11,"086059",45.8
145.25,-37.68,1951,12,"086059",47.5
145.25,-37.68,1952,1,"086059",33
145.25,-37.68,1952,2,"086059",52.2
145.25,-37.68,1952,3,"086059",NA
145.25,-37.68,1952,4,"086059",5.3
145.25,-37.68,1952,5,"086059",78
145.25,-37.68,1952,6,"086059",136.5
145.25,-37.68,1952,7,"086059",162
145.25,-37.68,1952,8,"086059",94.6
145.25,-37.68,1952,9,"086059",85.8
145.25,-37.68,1952,10,"086059",113.2
145.25,-37.68,1952,11,"086059",166.9
145.25,-37.68,1952,12,"086059",105.7
145.25,-37.68,1953,1,"086059",62.8
145.25,-37.68,1953,2,"086059",122.9
145.25,-37.68,1953,3,"086059",16.4
145.25,-37.68,1953,4,"086059",16.2
145.25,-37.68,1953,5,"086059",83.8
145.25,-37.68,1953,6,"086059",63.7
145.25,-37.68,1953,7,"086059",53.3
145.25,-37.68,1953,8,"086059",80.2
145.25,-37.68,1953,9,"086059",135.7
145.25,-37.68,1953,10,"086059",168.1
145.25,-37.68,1953,11,"086059",136.1
145.25,-37.68,1953,12,"086059",33
145.25,-37.68,1954,1,"086059",68.7
145.25,-37.68,1954,2,"086059",75.9
145.25,-37.68,1954,3,"086059",NA
145.25,-37.68,1954,4,"086059",NA
145.25,-37.68,1954,5,"086059",NA
145.25,-37.68,1954,6,"086059",NA
145.25,-37.68,1954,7,"086059",NA
145.25,-37.68,1954,8,"086059",NA
145.25,-37.68,1954,9,"086059",NA
145.25,-37.68,1954,10,"086059",NA
145.25,-37.68,1954,11,"086059",NA
145.25,-37.68,1954,12,"086059",NA
145.25,-37.68,1988,1,"086059",NA
145.25,-37.68,1988,2,"086059",24.6
145.25,-37.68,1988,3,"086059",50.8
145.25,-37.68,1988,4,"086059",17.4
145.25,-37.68,1988,5,"086059",70.8
145.25,-37.68,1988,6,"086059",70.1
145.25,-37.68,1988,7,"086059",59.6
145.25,-37.68,1988,8,"086059",64.8
145.25,-37.68,1988,9,"086059",68
145.25,-37.68,1988,10,"086059",44.4
145.25,-37.68,1988,11,"086059",161.8
145.25,-37.68,1988,12,"086059",94
145.25,-37.68,1989,1,"086059",75.8
145.25,-37.68,1989,2,"086059",14.6
145.25,-37.68,1989,3,"086059",121.4
145.25,-37.68,1989,4,"086059",75
145.25,-37.68,1989,5,"086059",57.6
145.25,-37.68,1989,6,"086059",109
145.25,-37.68,1989,7,"086059",57
145.25,-37.68,1989,8,"086059",105
145.25,-37.68,1989,9,"086059",59.2
145.25,-37.68,1989,10,"086059",132.2
145.25,-37.68,1989,11,"086059",42
145.25,-37.68,1989,12,"086059",56.3
145.25,-37.68,1990,1,"086059",5.6
145.25,-37.68,1990,2,"086059",96.2
145.25,-37.68,1990,3,"086059",28.8
145.25,-37.68,1990,4,"086059",108.2
145.25,-37.68,1990,5,"086059",37.4
145.25,-37.68,1990,6,"086059",56.8
145.25,-37.68,1990,7,"086059",96.8
145.25,-37.68,1990,8,"086059",91.2
145.25,-37.68,1990,9,"086059",76.8
145.25,-37.68,1990,10,"086059",113.6
145.25,-37.68,1990,11,"086059",50.6
145.25,-37.68,1990,12,"086059",58.2
145.25,-37.68,1991,1,"086059",72.6
145.25,-37.68,1991,2,"086059",0
145.25,-37.68,1991,3,"086059",39.4
145.25,-37.68,1991,4,"086059",55.8
145.25,-37.68,1991,5,"086059",33.4
145.25,-37.68,1991,6,"086059",136.6
145.25,-37.68,1991,7,"086059",89.8
145.25,-37.68,1991,8,"086059",80.8
145.25,-37.68,1991,9,"086059",120
145.25,-37.68,1991,10,"086059",32.4
145.25,-37.68,1991,11,"086059",26.8
145.25,-37.68,1991,12,"086059",140.4
145.25,-37.68,1992,1,"086059",67.4
145.25,-37.68,1992,2,"086059",40
145.25,-37.68,1992,3,"086059",30.2
145.25,-37.68,1992,4,"086059",60
145.25,-37.68,1992,5,"086059",65.8
145.25,-37.68,1992,6,"086059",59.6
145.25,-37.68,1992,7,"086059",40.8
145.25,-37.68,1992,8,"086059",57.4
145.25,-37.68,1992,9,"086059",150.4
145.25,-37.68,1992,10,"086059",120
145.25,-37.68,1992,11,"086059",124.2
145.25,-37.68,1992,12,"086059",71.8
145.25,-37.68,1993,1,"086059",80
145.25,-37.68,1993,2,"086059",88.8
145.25,-37.68,1993,3,"086059",45.8
145.25,-37.68,1993,4,"086059",18.4
145.25,-37.68,1993,5,"086059",34.4
145.25,-37.68,1993,6,"086059",56.2
145.25,-37.68,1993,7,"086059",61.2
145.25,-37.68,1993,8,"086059",60.2
145.25,-37.68,1993,9,"086059",130.8
145.25,-37.68,1993,10,"086059",94.4
145.25,-37.68,1993,11,"086059",84.6
145.25,-37.68,1993,12,"086059",143.7
145.25,-37.68,1994,1,"086059",47.6
145.25,-37.68,1994,2,"086059",114.6
145.25,-37.68,1994,3,"086059",57
145.25,-37.68,1994,4,"086059",59.4
145.25,-37.68,1994,5,"086059",24.8
145.25,-37.68,1994,6,"086059",55.6
145.25,-37.68,1994,7,"086059",33.8
145.25,-37.68,1994,8,"086059",36.8
145.25,-37.68,1994,9,"086059",60.6
145.25,-37.68,1994,10,"086059",38.6
145.25,-37.68,1994,11,"086059",85.2
145.25,-37.68,1994,12,"086059",15.6
145.25,-37.68,1995,1,"086059",118.8
145.25,-37.68,1995,2,"086059",22.8
145.25,-37.68,1995,3,"086059",67.5
145.25,-37.68,1995,4,"086059",293.8
145.25,-37.68,1995,5,"086059",90
145.25,-37.68,1995,6,"086059",86
145.25,-37.68,1995,7,"086059",58.2
145.25,-37.68,1995,8,"086059",66.6
145.25,-37.68,1995,9,"086059",46.2
145.25,-37.68,1995,10,"086059",112
145.25,-37.68,1995,11,"086059",100
145.25,-37.68,1995,12,"086059",66.4
145.25,-37.68,1996,1,"086059",71.6
145.25,-37.68,1996,2,"086059",135.8
145.25,-37.68,1996,3,"086059",53.4
145.25,-37.68,1996,4,"086059",145.6
145.25,-37.68,1996,5,"086059",40.2
145.25,-37.68,1996,6,"086059",88.6
145.25,-37.68,1996,7,"086059",69.8
145.25,-37.68,1996,8,"086059",61.4
145.25,-37.68,1996,9,"086059",93.8
145.25,-37.68,1996,10,"086059",63.4
145.25,-37.68,1996,11,"086059",72.6
145.25,-37.68,1996,12,"086059",22
145.25,-37.68,1997,1,"086059",41.6
145.25,-37.68,1997,2,"086059",0.8
145.25,-37.68,1997,3,"086059",23
145.25,-37.68,1997,4,"086059",26.8
145.25,-37.68,1997,5,"086059",87.2
145.25,-37.68,1997,6,"086059",38.2
145.25,-37.68,1997,7,"086059",32.6
145.25,-37.68,1997,8,"086059",39.2
145.25,-37.68,1997,9,"086059",80.8
145.25,-37.68,1997,10,"086059",46.6
145.25,-37.68,1997,11,"086059",73.6
145.25,-37.68,1997,12,"086059",19.6
145.25,-37.68,1998,1,"086059",43.4
145.25,-37.68,1998,2,"086059",85.8
145.25,-37.68,1998,3,"086059",18.6
145.25,-37.68,1998,4,"086059",53.6
145.25,-37.68,1998,5,"086059",70.4
145.25,-37.68,1998,6,"086059",100.4
145.25,-37.68,1998,7,"086059",52.8
145.25,-37.68,1998,8,"086059",31.8
145.25,-37.68,1998,9,"086059",54.8
145.25,-37.68,1998,10,"086059",76.8
145.25,-37.68,1998,11,"086059",77.8
145.25,-37.68,1998,12,"086059",57.2
145.25,-37.68,1999,1,"086059",45.8
145.25,-37.68,1999,2,"086059",71.2
145.25,-37.68,1999,3,"086059",81.8
145.25,-37.68,1999,4,"086059",44.4
145.25,-37.68,1999,5,"086059",75.2
145.25,-37.68,1999,6,"086059",80.6
145.25,-37.68,1999,7,"086059",25.2
145.25,-37.68,1999,8,"086059",95.2
145.25,-37.68,1999,9,"086059",39.4
145.25,-37.68,1999,10,"086059",65.2
145.25,-37.68,1999,11,"086059",50.6
145.25,-37.68,1999,12,"086059",121.2
145.25,-37.68,2000,1,"086059",65.4
145.25,-37.68,2000,2,"086059",26
145.25,-37.68,2000,3,"086059",27.4
145.25,-37.68,2000,4,"086059",65.6
145.25,-37.68,2000,5,"086059",117.6
145.25,-37.68,2000,6,"086059",46.4
145.25,-37.68,2000,7,"086059",56.4
145.25,-37.68,2000,8,"086059",58.4
145.25,-37.68,2000,9,"086059",115.6
145.25,-37.68,2000,10,"086059",105.2
145.25,-37.68,2000,11,"086059",74.8
145.25,-37.68,2000,12,"086059",44.2
145.25,-37.68,2001,1,"086059",19.2
145.25,-37.68,2001,2,"086059",NA
145.25,-37.68,2001,3,"086059",76.2
145.25,-37.68,2001,4,"086059",112.4
145.25,-37.68,2001,5,"086059",35
145.25,-37.68,2001,6,"086059",82.2
145.25,-37.68,2001,7,"086059",14.6
145.25,-37.68,2001,8,"086059",93.6
145.25,-37.68,2001,9,"086059",46.2
145.25,-37.68,2001,10,"086059",121.4
145.25,-37.68,2001,11,"086059",78.7
145.25,-37.68,2001,12,"086059",42.3
145.25,-37.68,2002,1,"086059",63.7
145.25,-37.68,2002,2,"086059",59.6
145.25,-37.68,2002,3,"086059",23.9
145.25,-37.68,2002,4,"086059",43.4
145.25,-37.68,2002,5,"086059",76.3
145.25,-37.68,2002,6,"086059",60.4
145.25,-37.68,2002,7,"086059",45.7
145.25,-37.68,2002,8,"086059",44.2
145.25,-37.68,2002,9,"086059",55
145.25,-37.68,2002,10,"086059",62.2
145.25,-37.68,2002,11,"086059",29.4
145.25,-37.68,2002,12,"086059",27.7
145.25,-37.68,2003,1,"086059",21
145.25,-37.68,2003,2,"086059",19.8
145.25,-37.68,2003,3,"086059",33.1
145.25,-37.68,2003,4,"086059",73.1
145.25,-37.68,2003,5,"086059",38.5
145.25,-37.68,2003,6,"086059",70
145.25,-37.68,2003,7,"086059",101.6
145.25,-37.68,2003,8,"086059",72.6
145.25,-37.68,2003,9,"086059",59.4
145.25,-37.68,2003,10,"086059",113.4
145.25,-37.68,2003,11,"086059",38.8
145.25,-37.68,2003,12,"086059",57.8
145.25,-37.68,2004,1,"086059",65.2
145.25,-37.68,2004,2,"086059",31.2
145.25,-37.68,2004,3,"086059",28
145.25,-37.68,2004,4,"086059",53
145.25,-37.68,2004,5,"086059",39.6
145.25,-37.68,2004,6,"086059",57.6
145.25,-37.68,2004,7,"086059",49.8
145.25,-37.68,2004,8,"086059",102.8
145.25,-37.68,2004,9,"086059",95.8
145.25,-37.68,2004,10,"086059",48.4
145.25,-37.68,2004,11,"086059",119
145.25,-37.68,2004,12,"086059",115.4
145.25,-37.68,2005,1,"086059",37.4
145.25,-37.68,2005,2,"086059",141.2
145.25,-37.68,2005,3,"086059",13.4
145.25,-37.68,2005,4,"086059",39
145.25,-37.68,2005,5,"086059",21.6
145.25,-37.68,2005,6,"086059",60.2
145.25,-37.68,2005,7,"086059",43.4
145.25,-37.68,2005,8,"086059",92.6
145.25,-37.68,2005,9,"086059",72.8
145.25,-37.68,2005,10,"086059",NA
145.25,-37.68,2005,11,"086059",65.6
145.25,-37.68,2005,12,"086059",67.2
145.25,-37.68,2006,1,"086059",58.2
145.25,-37.68,2006,2,"086059",48
145.25,-37.68,2006,3,"086059",14.2
145.25,-37.68,2006,4,"086059",94.6
145.25,-37.68,2006,5,"086059",49.2
145.25,-37.68,2006,6,"086059",21.8
145.25,-37.68,2006,7,"086059",55.8
145.25,-37.68,2006,8,"086059",37
145.25,-37.68,2006,9,"086059",42
145.25,-37.68,2006,10,"086059",12.8
145.25,-37.68,2006,11,"086059",NA
145.25,-37.68,2006,12,"086059",47
145.25,-37.68,2007,1,"086059",21.8
145.25,-37.68,2007,2,"086059",20.8
145.25,-37.68,2007,3,"086059",57.8
145.25,-37.68,2007,4,"086059",18.8
145.25,-37.68,2007,5,"086059",60.8
145.25,-37.68,2007,6,"086059",72.2
145.25,-37.68,2007,7,"086059",NA
145.25,-37.68,2007,8,"086059",24.8
145.25,-37.68,2007,9,"086059",29.2
145.25,-37.68,2007,10,"086059",16.8
145.25,-37.68,2007,11,"086059",69.8
145.25,-37.68,2007,12,"086059",82
145.25,-37.68,2008,1,"086059",36
145.25,-37.68,2008,2,"086059",31.6
145.25,-37.68,2008,3,"086059",53.2
145.25,-37.68,2008,4,"086059",24.8
145.25,-37.68,2008,5,"086059",57.4
145.25,-37.68,2008,6,"086059",42.2
145.25,-37.68,2008,7,"086059",58.8
145.25,-37.68,2008,8,"086059",82.6
145.25,-37.68,2008,9,"086059",31.6
145.25,-37.68,2008,10,"086059",22.8
145.25,-37.68,2008,11,"086059",94.8
145.25,-37.68,2008,12,"086059",75
145.25,-37.68,2009,1,"086059",2.2
145.25,-37.68,2009,2,"086059",2.8
145.25,-37.68,2009,3,"086059",49.2
145.25,-37.68,2009,4,"086059",61.6
145.25,-37.68,2009,5,"086059",18
145.25,-37.68,2009,6,"086059",58.6
145.25,-37.68,2009,7,"086059",49.4
145.25,-37.68,2009,8,"086059",55.4
145.25,-37.68,2009,9,"086059",117
145.25,-37.68,2009,10,"086059",47.6
145.25,-37.68,2009,11,"086059",69.2
145.25,-37.68,2009,12,"086059",66
145.25,-37.68,2010,1,"086059",64.4
145.25,-37.68,2010,2,"086059",38.2
145.25,-37.68,2010,3,"086059",104.4
145.25,-37.68,2010,4,"086059",55.2
145.25,-37.68,2010,5,"086059",45.6
145.25,-37.68,2010,6,"086059",91.4
145.25,-37.68,2010,7,"086059",43.8
145.25,-37.68,2010,8,"086059",NA
145.25,-37.68,2010,9,"086059",64
145.25,-37.68,2010,10,"086059",156.4
145.25,-37.68,2010,11,"086059",108.4
145.25,-37.68,2010,12,"086059",120.4
145.25,-37.68,2011,1,"086059",90
145.25,-37.68,2011,2,"086059",162.2
145.25,-37.68,2011,3,"086059",58.8
145.25,-37.68,2011,4,"086059",102.2
145.25,-37.68,2011,5,"086059",88.8
145.25,-37.68,2011,6,"086059",54
145.25,-37.68,2011,7,"086059",60.4
145.25,-37.68,2011,8,"086059",34.2
145.25,-37.68,2011,9,"086059",81.2
145.25,-37.68,2011,10,"086059",80.6
145.25,-37.68,2011,11,"086059",158.4
145.25,-37.68,2011,12,"086059",92.2
145.25,-37.68,2012,1,"086059",38.4
145.25,-37.68,2012,2,"086059",63.8
145.25,-37.68,2012,3,"086059",74.4
145.25,-37.68,2012,4,"086059",72.6
145.25,-37.68,2012,5,"086059",81.6
145.25,-37.68,2012,6,"086059",74
145.25,-37.68,2012,7,"086059",79.2
145.25,-37.68,2012,8,"086059",76.2
145.25,-37.68,2012,9,"086059",62
145.25,-37.68,2012,10,"086059",46.2
145.25,-37.68,2012,11,"086059",38.4
145.25,-37.68,2012,12,"086059",34.2
145.25,-37.68,2013,1,"086059",4.2
145.25,-37.68,2013,2,"086059",90.4
145.25,-37.68,2013,3,"086059",49.4
145.25,-37.68,2013,4,"086059",23
145.25,-37.68,2013,5,"086059",51
145.25,-37.68,2013,6,"086059",79.4
145.25,-37.68,2013,7,"086059",58
145.25,-37.68,2013,8,"086059",71.8
145.25,-37.68,2013,9,"086059",80
145.25,-37.68,2013,10,"086059",71.4
145.25,-37.68,2013,11,"086059",68.6
145.25,-37.68,2013,12,"086059",NA
