"Lon","Lat","Year","Month","Station","Rain"
147.83,-31.7,1884,1,"051054",7.9
147.83,-31.7,1884,2,"051054",18.4
147.83,-31.7,1884,3,"051054",6.8
147.83,-31.7,1884,4,"051054",NA
147.83,-31.7,1884,5,"051054",22.1
147.83,-31.7,1884,6,"051054",61.7
147.83,-31.7,1884,7,"051054",NA
147.83,-31.7,1884,8,"051054",NA
147.83,-31.7,1884,9,"051054",NA
147.83,-31.7,1884,10,"051054",NA
147.83,-31.7,1884,11,"051054",NA
147.83,-31.7,1884,12,"051054",NA
147.83,-31.7,1885,1,"051054",NA
147.83,-31.7,1885,2,"051054",NA
147.83,-31.7,1885,3,"051054",NA
147.83,-31.7,1885,4,"051054",NA
147.83,-31.7,1885,5,"051054",NA
147.83,-31.7,1885,6,"051054",NA
147.83,-31.7,1885,7,"051054",4.3
147.83,-31.7,1885,8,"051054",7.9
147.83,-31.7,1885,9,"051054",39.3
147.83,-31.7,1885,10,"051054",17.5
147.83,-31.7,1885,11,"051054",3.6
147.83,-31.7,1885,12,"051054",67.8
147.83,-31.7,1886,1,"051054",21.6
147.83,-31.7,1886,2,"051054",8.9
147.83,-31.7,1886,3,"051054",0
147.83,-31.7,1886,4,"051054",96.8
147.83,-31.7,1886,5,"051054",74.2
147.83,-31.7,1886,6,"051054",31.1
147.83,-31.7,1886,7,"051054",39.7
147.83,-31.7,1886,8,"051054",97.6
147.83,-31.7,1886,9,"051054",17.8
147.83,-31.7,1886,10,"051054",26.2
147.83,-31.7,1886,11,"051054",92.8
147.83,-31.7,1886,12,"051054",201.7
147.83,-31.7,1887,1,"051054",142.3
147.83,-31.7,1887,2,"051054",72.7
147.83,-31.7,1887,3,"051054",91.7
147.83,-31.7,1887,4,"051054",26.9
147.83,-31.7,1887,5,"051054",27.9
147.83,-31.7,1887,6,"051054",6.1
147.83,-31.7,1887,7,"051054",25.9
147.83,-31.7,1887,8,"051054",114.1
147.83,-31.7,1887,9,"051054",14.7
147.83,-31.7,1887,10,"051054",22.4
147.83,-31.7,1887,11,"051054",83.6
147.83,-31.7,1887,12,"051054",77.3
147.83,-31.7,1888,1,"051054",39.4
147.83,-31.7,1888,2,"051054",66.5
147.83,-31.7,1888,3,"051054",31
147.83,-31.7,1888,4,"051054",0
147.83,-31.7,1888,5,"051054",52
147.83,-31.7,1888,6,"051054",5.1
147.83,-31.7,1888,7,"051054",5.1
147.83,-31.7,1888,8,"051054",0
147.83,-31.7,1888,9,"051054",23.4
147.83,-31.7,1888,10,"051054",13.2
147.83,-31.7,1888,11,"051054",0
147.83,-31.7,1888,12,"051054",6.4
147.83,-31.7,1890,1,"051054",58.3
147.83,-31.7,1890,2,"051054",160
147.83,-31.7,1890,3,"051054",85.1
147.83,-31.7,1890,4,"051054",70.9
147.83,-31.7,1890,5,"051054",68.3
147.83,-31.7,1890,6,"051054",31.6
147.83,-31.7,1890,7,"051054",16.6
147.83,-31.7,1890,8,"051054",21.6
147.83,-31.7,1890,9,"051054",38.1
147.83,-31.7,1890,10,"051054",0
147.83,-31.7,1890,11,"051054",21.1
147.83,-31.7,1890,12,"051054",39.5
147.83,-31.7,1891,1,"051054",95.3
147.83,-31.7,1891,2,"051054",11.4
147.83,-31.7,1891,3,"051054",93
147.83,-31.7,1891,4,"051054",45.4
147.83,-31.7,1891,5,"051054",0
147.83,-31.7,1891,6,"051054",121.1
147.83,-31.7,1891,7,"051054",0
147.83,-31.7,1891,8,"051054",61.6
147.83,-31.7,1891,9,"051054",60
147.83,-31.7,1891,10,"051054",15.2
147.83,-31.7,1891,11,"051054",41.9
147.83,-31.7,1891,12,"051054",15.3
147.83,-31.7,1892,1,"051054",17.8
147.83,-31.7,1892,2,"051054",3.8
147.83,-31.7,1892,3,"051054",7.7
147.83,-31.7,1892,4,"051054",5.1
147.83,-31.7,1892,5,"051054",45
147.83,-31.7,1892,6,"051054",34
147.83,-31.7,1892,7,"051054",24.6
147.83,-31.7,1892,8,"051054",2.5
147.83,-31.7,1892,9,"051054",58.2
147.83,-31.7,1892,10,"051054",48.6
147.83,-31.7,1892,11,"051054",47.5
147.83,-31.7,1892,12,"051054",22.9
147.83,-31.7,1893,1,"051054",0
147.83,-31.7,1893,2,"051054",26.4
147.83,-31.7,1893,3,"051054",120.4
147.83,-31.7,1893,4,"051054",50.8
147.83,-31.7,1893,5,"051054",46.2
147.83,-31.7,1893,6,"051054",58.4
147.83,-31.7,1893,7,"051054",38.1
147.83,-31.7,1893,8,"051054",17.8
147.83,-31.7,1893,9,"051054",2.5
147.83,-31.7,1893,10,"051054",0
147.83,-31.7,1893,11,"051054",67.3
147.83,-31.7,1893,12,"051054",0
147.83,-31.7,1894,1,"051054",67.9
147.83,-31.7,1894,2,"051054",45.1
147.83,-31.7,1894,3,"051054",134.9
147.83,-31.7,1894,4,"051054",116.8
147.83,-31.7,1894,5,"051054",38.1
147.83,-31.7,1894,6,"051054",34.3
147.83,-31.7,1894,7,"051054",0
147.83,-31.7,1894,8,"051054",49.6
147.83,-31.7,1894,9,"051054",23.6
147.83,-31.7,1894,10,"051054",54.7
147.83,-31.7,1894,11,"051054",5.6
147.83,-31.7,1894,12,"051054",77
147.83,-31.7,1895,1,"051054",116.1
147.83,-31.7,1895,2,"051054",28
147.83,-31.7,1895,3,"051054",0
147.83,-31.7,1895,4,"051054",0
147.83,-31.7,1895,5,"051054",33.8
147.83,-31.7,1895,6,"051054",15.2
147.83,-31.7,1895,7,"051054",15.5
147.83,-31.7,1895,8,"051054",19.1
147.83,-31.7,1895,9,"051054",26.7
147.83,-31.7,1895,10,"051054",62.2
147.83,-31.7,1895,11,"051054",60.6
147.83,-31.7,1895,12,"051054",81.7
147.83,-31.7,1896,1,"051054",2.3
147.83,-31.7,1896,2,"051054",119.3
147.83,-31.7,1896,3,"051054",19.3
147.83,-31.7,1896,4,"051054",24.9
147.83,-31.7,1896,5,"051054",75.3
147.83,-31.7,1896,6,"051054",25
147.83,-31.7,1896,7,"051054",9.4
147.83,-31.7,1896,8,"051054",27.7
147.83,-31.7,1896,9,"051054",0
147.83,-31.7,1896,10,"051054",28.7
147.83,-31.7,1896,11,"051054",68.8
147.83,-31.7,1896,12,"051054",8.9
147.83,-31.7,1897,1,"051054",65.3
147.83,-31.7,1897,2,"051054",30.5
147.83,-31.7,1897,3,"051054",14
147.83,-31.7,1897,4,"051054",0
147.83,-31.7,1897,5,"051054",43.2
147.83,-31.7,1897,6,"051054",94.2
147.83,-31.7,1897,7,"051054",130.8
147.83,-31.7,1897,8,"051054",22.9
147.83,-31.7,1897,9,"051054",42.4
147.83,-31.7,1897,10,"051054",27.9
147.83,-31.7,1897,11,"051054",0
147.83,-31.7,1897,12,"051054",0
147.83,-31.7,1898,1,"051054",87.6
147.83,-31.7,1898,2,"051054",67.5
147.83,-31.7,1898,3,"051054",6.9
147.83,-31.7,1898,4,"051054",0
147.83,-31.7,1898,5,"051054",33
147.83,-31.7,1898,6,"051054",59.6
147.83,-31.7,1898,7,"051054",9.1
147.83,-31.7,1898,8,"051054",38.6
147.83,-31.7,1898,9,"051054",9.1
147.83,-31.7,1898,10,"051054",47.2
147.83,-31.7,1898,11,"051054",4.8
147.83,-31.7,1898,12,"051054",28
147.83,-31.7,1899,1,"051054",10.1
147.83,-31.7,1899,2,"051054",12.2
147.83,-31.7,1899,3,"051054",15
147.83,-31.7,1899,4,"051054",49.5
147.83,-31.7,1899,5,"051054",1
147.83,-31.7,1899,6,"051054",35.6
147.83,-31.7,1899,7,"051054",119.1
147.83,-31.7,1899,8,"051054",42.6
147.83,-31.7,1899,9,"051054",43.3
147.83,-31.7,1899,10,"051054",7.9
147.83,-31.7,1899,11,"051054",25.1
147.83,-31.7,1899,12,"051054",0
147.83,-31.7,1900,1,"051054",79.8
147.83,-31.7,1900,2,"051054",12.7
147.83,-31.7,1900,3,"051054",96.4
147.83,-31.7,1900,4,"051054",27.5
147.83,-31.7,1900,5,"051054",60.2
147.83,-31.7,1900,6,"051054",27.5
147.83,-31.7,1900,7,"051054",29.7
147.83,-31.7,1900,8,"051054",2.5
147.83,-31.7,1900,9,"051054",20.1
147.83,-31.7,1900,10,"051054",6.9
147.83,-31.7,1900,11,"051054",7.1
147.83,-31.7,1900,12,"051054",31.8
147.83,-31.7,1901,1,"051054",13.2
147.83,-31.7,1901,2,"051054",7.1
147.83,-31.7,1901,3,"051054",58.7
147.83,-31.7,1901,4,"051054",39.6
147.83,-31.7,1901,5,"051054",24.9
147.83,-31.7,1901,6,"051054",7.6
147.83,-31.7,1901,7,"051054",14.5
147.83,-31.7,1901,8,"051054",73.9
147.83,-31.7,1901,9,"051054",8.4
147.83,-31.7,1901,10,"051054",66.5
147.83,-31.7,1901,11,"051054",2
147.83,-31.7,1901,12,"051054",0
147.83,-31.7,1902,1,"051054",0
147.83,-31.7,1902,2,"051054",0
147.83,-31.7,1902,3,"051054",9.9
147.83,-31.7,1902,4,"051054",0
147.83,-31.7,1902,5,"051054",3.6
147.83,-31.7,1902,6,"051054",4.1
147.83,-31.7,1902,7,"051054",7.4
147.83,-31.7,1902,8,"051054",30
147.83,-31.7,1902,9,"051054",13.7
147.83,-31.7,1902,10,"051054",32
147.83,-31.7,1902,11,"051054",29
147.83,-31.7,1902,12,"051054",21.8
147.83,-31.7,1904,1,"051054",22.6
147.83,-31.7,1904,2,"051054",39.6
147.83,-31.7,1904,3,"051054",101.4
147.83,-31.7,1904,4,"051054",39.9
147.83,-31.7,1904,5,"051054",9.8
147.83,-31.7,1904,6,"051054",8.9
147.83,-31.7,1904,7,"051054",48.1
147.83,-31.7,1904,8,"051054",13.2
147.83,-31.7,1904,9,"051054",7.8
147.83,-31.7,1904,10,"051054",40.7
147.83,-31.7,1904,11,"051054",5.1
147.83,-31.7,1904,12,"051054",37.1
147.83,-31.7,1905,1,"051054",3.8
147.83,-31.7,1905,2,"051054",73.5
147.83,-31.7,1905,3,"051054",36.2
147.83,-31.7,1905,4,"051054",302.5
147.83,-31.7,1905,5,"051054",35.3
147.83,-31.7,1905,6,"051054",16.2
147.83,-31.7,1905,7,"051054",42.6
147.83,-31.7,1905,8,"051054",16.5
147.83,-31.7,1905,9,"051054",0
147.83,-31.7,1905,10,"051054",27.7
147.83,-31.7,1905,11,"051054",10.4
147.83,-31.7,1905,12,"051054",12.7
147.83,-31.7,1906,1,"051054",46.5
147.83,-31.7,1906,2,"051054",56.7
147.83,-31.7,1906,3,"051054",90.3
147.83,-31.7,1906,4,"051054",14.5
147.83,-31.7,1906,5,"051054",33.1
147.83,-31.7,1906,6,"051054",35.5
147.83,-31.7,1906,7,"051054",4.3
147.83,-31.7,1906,8,"051054",90.7
147.83,-31.7,1906,9,"051054",87.6
147.83,-31.7,1906,10,"051054",76.4
147.83,-31.7,1906,11,"051054",52.7
147.83,-31.7,1906,12,"051054",20.3
147.83,-31.7,1907,1,"051054",99
147.83,-31.7,1907,2,"051054",8.6
147.83,-31.7,1907,3,"051054",69.8
147.83,-31.7,1907,4,"051054",5.8
147.83,-31.7,1907,5,"051054",2.5
147.83,-31.7,1907,6,"051054",29.8
147.83,-31.7,1907,7,"051054",15
147.83,-31.7,1907,8,"051054",60.4
147.83,-31.7,1907,9,"051054",14.5
147.83,-31.7,1907,10,"051054",13.9
147.83,-31.7,1907,11,"051054",81
147.83,-31.7,1907,12,"051054",89.1
147.83,-31.7,1908,1,"051054",11.9
147.83,-31.7,1908,2,"051054",131.4
147.83,-31.7,1908,3,"051054",10.9
147.83,-31.7,1908,4,"051054",25.3
147.83,-31.7,1908,5,"051054",17.3
147.83,-31.7,1908,6,"051054",8.3
147.83,-31.7,1908,7,"051054",18.7
147.83,-31.7,1908,8,"051054",46.8
147.83,-31.7,1908,9,"051054",27.9
147.83,-31.7,1908,10,"051054",15.3
147.83,-31.7,1908,11,"051054",32.2
147.83,-31.7,1908,12,"051054",12
147.83,-31.7,1909,1,"051054",67.3
147.83,-31.7,1909,2,"051054",106.8
147.83,-31.7,1909,3,"051054",34.6
147.83,-31.7,1909,4,"051054",37.8
147.83,-31.7,1909,5,"051054",14.7
147.83,-31.7,1909,6,"051054",65.7
147.83,-31.7,1909,7,"051054",6.3
147.83,-31.7,1909,8,"051054",106.8
147.83,-31.7,1909,9,"051054",11
147.83,-31.7,1909,10,"051054",17.9
147.83,-31.7,1909,11,"051054",8.4
147.83,-31.7,1909,12,"051054",71.6
147.83,-31.7,1910,1,"051054",118.5
147.83,-31.7,1910,2,"051054",7.3
147.83,-31.7,1910,3,"051054",67
147.83,-31.7,1910,4,"051054",2.8
147.83,-31.7,1910,5,"051054",20.3
147.83,-31.7,1910,6,"051054",61.4
147.83,-31.7,1910,7,"051054",21.5
147.83,-31.7,1910,8,"051054",12.1
147.83,-31.7,1910,9,"051054",17.5
147.83,-31.7,1910,10,"051054",19.9
147.83,-31.7,1910,11,"051054",24.4
147.83,-31.7,1910,12,"051054",55.3
147.83,-31.7,1911,1,"051054",98.7
147.83,-31.7,1911,2,"051054",73
147.83,-31.7,1911,3,"051054",9.7
147.83,-31.7,1911,4,"051054",0
147.83,-31.7,1911,5,"051054",42.1
147.83,-31.7,1911,6,"051054",25.9
147.83,-31.7,1911,7,"051054",23.7
147.83,-31.7,1911,8,"051054",90.5
147.83,-31.7,1911,9,"051054",34.3
147.83,-31.7,1911,10,"051054",5.3
147.83,-31.7,1911,11,"051054",38.9
147.83,-31.7,1911,12,"051054",122
147.83,-31.7,1912,1,"051054",14.4
147.83,-31.7,1912,2,"051054",5.1
147.83,-31.7,1912,3,"051054",13.7
147.83,-31.7,1912,4,"051054",0
147.83,-31.7,1912,5,"051054",0
147.83,-31.7,1912,6,"051054",57.9
147.83,-31.7,1912,7,"051054",86.9
147.83,-31.7,1912,8,"051054",46.5
147.83,-31.7,1912,9,"051054",11.5
147.83,-31.7,1912,10,"051054",28.4
147.83,-31.7,1912,11,"051054",4.1
147.83,-31.7,1912,12,"051054",16.5
147.83,-31.7,1913,1,"051054",25.5
147.83,-31.7,1913,2,"051054",77.9
147.83,-31.7,1913,3,"051054",51
147.83,-31.7,1913,4,"051054",54.9
147.83,-31.7,1913,5,"051054",88.7
147.83,-31.7,1913,6,"051054",58.9
147.83,-31.7,1913,7,"051054",16.5
147.83,-31.7,1913,8,"051054",12.2
147.83,-31.7,1913,9,"051054",8.9
147.83,-31.7,1913,10,"051054",14.8
147.83,-31.7,1913,11,"051054",15
147.83,-31.7,1913,12,"051054",58
147.83,-31.7,1914,1,"051054",9.2
147.83,-31.7,1914,2,"051054",61.9
147.83,-31.7,1914,3,"051054",106.1
147.83,-31.7,1914,4,"051054",11.4
147.83,-31.7,1914,5,"051054",34.8
147.83,-31.7,1914,6,"051054",11.9
147.83,-31.7,1914,7,"051054",28.5
147.83,-31.7,1914,8,"051054",0
147.83,-31.7,1914,9,"051054",6.3
147.83,-31.7,1914,10,"051054",15.8
147.83,-31.7,1914,11,"051054",51.6
147.83,-31.7,1914,12,"051054",72
147.83,-31.7,1915,1,"051054",3.3
147.83,-31.7,1915,2,"051054",7.6
147.83,-31.7,1915,3,"051054",2.6
147.83,-31.7,1915,4,"051054",2.6
147.83,-31.7,1915,5,"051054",99.6
147.83,-31.7,1915,6,"051054",30.7
147.83,-31.7,1915,7,"051054",20.5
147.83,-31.7,1915,8,"051054",21
147.83,-31.7,1915,9,"051054",10.7
147.83,-31.7,1915,10,"051054",50.8
147.83,-31.7,1915,11,"051054",4.1
147.83,-31.7,1915,12,"051054",72.3
147.83,-31.7,1916,1,"051054",36
147.83,-31.7,1916,2,"051054",6.4
147.83,-31.7,1916,3,"051054",0
147.83,-31.7,1916,4,"051054",223.5
147.83,-31.7,1916,5,"051054",1
147.83,-31.7,1916,6,"051054",117.9
147.83,-31.7,1916,7,"051054",85.4
147.83,-31.7,1916,8,"051054",28.2
147.83,-31.7,1916,9,"051054",38.5
147.83,-31.7,1916,10,"051054",75.7
147.83,-31.7,1916,11,"051054",83.9
147.83,-31.7,1916,12,"051054",56.5
147.83,-31.7,1917,1,"051054",85.6
147.83,-31.7,1917,2,"051054",38.4
147.83,-31.7,1917,3,"051054",13
147.83,-31.7,1917,4,"051054",5.3
147.83,-31.7,1917,5,"051054",4.6
147.83,-31.7,1917,6,"051054",82.1
147.83,-31.7,1917,7,"051054",41.4
147.83,-31.7,1917,8,"051054",42.1
147.83,-31.7,1917,9,"051054",38.3
147.83,-31.7,1917,10,"051054",40.6
147.83,-31.7,1917,11,"051054",122.8
147.83,-31.7,1917,12,"051054",24.2
147.83,-31.7,1918,1,"051054",106.8
147.83,-31.7,1918,2,"051054",3
147.83,-31.7,1918,3,"051054",10.6
147.83,-31.7,1918,4,"051054",17
147.83,-31.7,1918,5,"051054",20.8
147.83,-31.7,1918,6,"051054",11.5
147.83,-31.7,1918,7,"051054",31
147.83,-31.7,1918,8,"051054",53.7
147.83,-31.7,1918,9,"051054",7.4
147.83,-31.7,1918,10,"051054",4.8
147.83,-31.7,1918,11,"051054",7.9
147.83,-31.7,1918,12,"051054",8.1
147.83,-31.7,1919,1,"051054",5.1
147.83,-31.7,1919,2,"051054",44.2
147.83,-31.7,1919,3,"051054",29.2
147.83,-31.7,1919,4,"051054",2.9
147.83,-31.7,1919,5,"051054",85
147.83,-31.7,1919,6,"051054",0
147.83,-31.7,1919,7,"051054",7.9
147.83,-31.7,1919,8,"051054",32.8
147.83,-31.7,1919,9,"051054",7.6
147.83,-31.7,1919,10,"051054",3
147.83,-31.7,1919,11,"051054",3.1
147.83,-31.7,1919,12,"051054",48.2
147.83,-31.7,1920,1,"051054",22.7
147.83,-31.7,1920,2,"051054",5.1
147.83,-31.7,1920,3,"051054",0
147.83,-31.7,1920,4,"051054",0
147.83,-31.7,1920,5,"051054",17
147.83,-31.7,1920,6,"051054",117.9
147.83,-31.7,1920,7,"051054",73.3
147.83,-31.7,1920,8,"051054",28.3
147.83,-31.7,1920,9,"051054",50.5
147.83,-31.7,1920,10,"051054",61
147.83,-31.7,1920,11,"051054",28.9
147.83,-31.7,1920,12,"051054",149.2
147.83,-31.7,1921,1,"051054",77.8
147.83,-31.7,1921,2,"051054",37.3
147.83,-31.7,1921,3,"051054",39.5
147.83,-31.7,1921,4,"051054",77.9
147.83,-31.7,1921,5,"051054",57.1
147.83,-31.7,1921,6,"051054",87.1
147.83,-31.7,1921,7,"051054",86.7
147.83,-31.7,1921,8,"051054",24.4
147.83,-31.7,1921,9,"051054",34.3
147.83,-31.7,1921,10,"051054",20.9
147.83,-31.7,1921,11,"051054",61.7
147.83,-31.7,1921,12,"051054",41.4
147.83,-31.7,1922,1,"051054",39.2
147.83,-31.7,1922,2,"051054",5.3
147.83,-31.7,1922,3,"051054",0
147.83,-31.7,1922,4,"051054",12.7
147.83,-31.7,1922,5,"051054",10.8
147.83,-31.7,1922,6,"051054",16.2
147.83,-31.7,1922,7,"051054",33.3
147.83,-31.7,1922,8,"051054",15.8
147.83,-31.7,1922,9,"051054",15.3
147.83,-31.7,1922,10,"051054",21.6
147.83,-31.7,1922,11,"051054",0
147.83,-31.7,1922,12,"051054",74.4
147.83,-31.7,1923,1,"051054",8.9
147.83,-31.7,1923,2,"051054",1
147.83,-31.7,1923,3,"051054",20.6
147.83,-31.7,1923,4,"051054",0
147.83,-31.7,1923,5,"051054",14.7
147.83,-31.7,1923,6,"051054",100.6
147.83,-31.7,1923,7,"051054",48.5
147.83,-31.7,1923,8,"051054",14.5
147.83,-31.7,1923,9,"051054",12.8
147.83,-31.7,1923,10,"051054",38.1
147.83,-31.7,1923,11,"051054",42.4
147.83,-31.7,1923,12,"051054",142.6
147.83,-31.7,1924,1,"051054",34.6
147.83,-31.7,1924,2,"051054",74.9
147.83,-31.7,1924,3,"051054",4.1
147.83,-31.7,1924,4,"051054",80.8
147.83,-31.7,1924,5,"051054",6.9
147.83,-31.7,1924,6,"051054",35.3
147.83,-31.7,1924,7,"051054",42.8
147.83,-31.7,1924,8,"051054",24.9
147.83,-31.7,1924,9,"051054",74.3
147.83,-31.7,1924,10,"051054",67.9
147.83,-31.7,1924,11,"051054",201.1
147.83,-31.7,1924,12,"051054",37.6
147.83,-31.7,1925,1,"051054",106.2
147.83,-31.7,1925,2,"051054",51.1
147.83,-31.7,1925,3,"051054",28.6
147.83,-31.7,1925,4,"051054",0
147.83,-31.7,1925,5,"051054",92.9
147.83,-31.7,1925,6,"051054",174.3
147.83,-31.7,1925,7,"051054",30.9
147.83,-31.7,1925,8,"051054",26.7
147.83,-31.7,1925,9,"051054",8.4
147.83,-31.7,1925,10,"051054",10.4
147.83,-31.7,1925,11,"051054",10.6
147.83,-31.7,1925,12,"051054",41.4
147.83,-31.7,1926,1,"051054",39.1
147.83,-31.7,1926,2,"051054",8.9
147.83,-31.7,1926,3,"051054",195.5
147.83,-31.7,1926,4,"051054",114.3
147.83,-31.7,1926,5,"051054",55.9
147.83,-31.7,1926,6,"051054",28.4
147.83,-31.7,1926,7,"051054",7.4
147.83,-31.7,1926,8,"051054",10.4
147.83,-31.7,1926,9,"051054",34.8
147.83,-31.7,1926,10,"051054",6.3
147.83,-31.7,1926,11,"051054",13.5
147.83,-31.7,1926,12,"051054",53.4
147.83,-31.7,1927,1,"051054",56.9
147.83,-31.7,1927,2,"051054",0
147.83,-31.7,1927,3,"051054",3.6
147.83,-31.7,1927,4,"051054",25.1
147.83,-31.7,1927,5,"051054",6.4
147.83,-31.7,1927,6,"051054",15.3
147.83,-31.7,1927,7,"051054",0
147.83,-31.7,1927,8,"051054",23.9
147.83,-31.7,1927,9,"051054",45.7
147.83,-31.7,1927,10,"051054",14.8
147.83,-31.7,1927,11,"051054",48.8
147.83,-31.7,1927,12,"051054",44.6
147.83,-31.7,1928,1,"051054",82
147.83,-31.7,1928,2,"051054",123.7
147.83,-31.7,1928,3,"051054",48.3
147.83,-31.7,1928,4,"051054",67.1
147.83,-31.7,1928,5,"051054",8.9
147.83,-31.7,1928,6,"051054",18
147.83,-31.7,1928,7,"051054",50.3
147.83,-31.7,1928,8,"051054",0.8
147.83,-31.7,1928,9,"051054",0
147.83,-31.7,1928,10,"051054",17.5
147.83,-31.7,1928,11,"051054",20.1
147.83,-31.7,1928,12,"051054",0
147.83,-31.7,1929,1,"051054",1.3
147.83,-31.7,1929,2,"051054",65.8
147.83,-31.7,1929,3,"051054",21.9
147.83,-31.7,1929,4,"051054",39.4
147.83,-31.7,1929,5,"051054",0
147.83,-31.7,1929,6,"051054",2.3
147.83,-31.7,1929,7,"051054",9.7
147.83,-31.7,1929,8,"051054",23.4
147.83,-31.7,1929,9,"051054",16.5
147.83,-31.7,1929,10,"051054",21.1
147.83,-31.7,1929,11,"051054",20.8
147.83,-31.7,1929,12,"051054",25.6
147.83,-31.7,1930,1,"051054",66.1
147.83,-31.7,1930,2,"051054",15.7
147.83,-31.7,1930,3,"051054",3
147.83,-31.7,1930,4,"051054",20.6
147.83,-31.7,1930,5,"051054",31.2
147.83,-31.7,1930,6,"051054",106
147.83,-31.7,1930,7,"051054",47.7
147.83,-31.7,1930,8,"051054",41.8
147.83,-31.7,1930,9,"051054",6.3
147.83,-31.7,1930,10,"051054",80.2
147.83,-31.7,1930,11,"051054",27.6
147.83,-31.7,1930,12,"051054",45.4
147.83,-31.7,1931,1,"051054",30
147.83,-31.7,1931,2,"051054",6.9
147.83,-31.7,1931,3,"051054",140.3
147.83,-31.7,1931,4,"051054",114.9
147.83,-31.7,1931,5,"051054",113.1
147.83,-31.7,1931,6,"051054",108.9
147.83,-31.7,1931,7,"051054",76.1
147.83,-31.7,1931,8,"051054",6.1
147.83,-31.7,1931,9,"051054",13
147.83,-31.7,1931,10,"051054",4.9
147.83,-31.7,1931,11,"051054",50.8
147.83,-31.7,1931,12,"051054",115.2
147.83,-31.7,1932,1,"051054",13
147.83,-31.7,1932,2,"051054",22.1
147.83,-31.7,1932,3,"051054",92.1
147.83,-31.7,1932,4,"051054",45.5
147.83,-31.7,1932,5,"051054",9.4
147.83,-31.7,1932,6,"051054",35.1
147.83,-31.7,1932,7,"051054",31.6
147.83,-31.7,1932,8,"051054",22.6
147.83,-31.7,1932,9,"051054",67.7
147.83,-31.7,1932,10,"051054",17.2
147.83,-31.7,1932,11,"051054",57.9
147.83,-31.7,1932,12,"051054",30.7
147.83,-31.7,1933,1,"051054",34.8
147.83,-31.7,1933,2,"051054",0.5
147.83,-31.7,1933,3,"051054",15.2
147.83,-31.7,1933,4,"051054",56.9
147.83,-31.7,1933,5,"051054",32.3
147.83,-31.7,1933,6,"051054",27.4
147.83,-31.7,1933,7,"051054",28.3
147.83,-31.7,1933,8,"051054",6.7
147.83,-31.7,1933,9,"051054",74.8
147.83,-31.7,1933,10,"051054",95.2
147.83,-31.7,1933,11,"051054",88.4
147.83,-31.7,1933,12,"051054",45
147.83,-31.7,1934,1,"051054",16.8
147.83,-31.7,1934,2,"051054",203
147.83,-31.7,1934,3,"051054",0
147.83,-31.7,1934,4,"051054",64.2
147.83,-31.7,1934,5,"051054",0
147.83,-31.7,1934,6,"051054",32.5
147.83,-31.7,1934,7,"051054",78.2
147.83,-31.7,1934,8,"051054",67
147.83,-31.7,1934,9,"051054",43.7
147.83,-31.7,1934,10,"051054",160.4
147.83,-31.7,1934,11,"051054",70.4
147.83,-31.7,1934,12,"051054",43.7
147.83,-31.7,1935,1,"051054",32.3
147.83,-31.7,1935,2,"051054",1.3
147.83,-31.7,1935,3,"051054",0
147.83,-31.7,1935,4,"051054",20.7
147.83,-31.7,1935,5,"051054",13.2
147.83,-31.7,1935,6,"051054",4.5
147.83,-31.7,1935,7,"051054",39.3
147.83,-31.7,1935,8,"051054",7.6
147.83,-31.7,1935,9,"051054",57.7
147.83,-31.7,1935,10,"051054",73.5
147.83,-31.7,1935,11,"051054",18.3
147.83,-31.7,1935,12,"051054",17.3
147.83,-31.7,1936,1,"051054",77.5
147.83,-31.7,1936,2,"051054",79.8
147.83,-31.7,1936,3,"051054",115.8
147.83,-31.7,1936,4,"051054",9.9
147.83,-31.7,1936,5,"051054",18.6
147.83,-31.7,1936,6,"051054",17.6
147.83,-31.7,1936,7,"051054",84.2
147.83,-31.7,1936,8,"051054",31.2
147.83,-31.7,1936,9,"051054",24.1
147.83,-31.7,1936,10,"051054",14.8
147.83,-31.7,1936,11,"051054",1.8
147.83,-31.7,1936,12,"051054",154.1
147.83,-31.7,1937,1,"051054",36.3
147.83,-31.7,1937,2,"051054",42.1
147.83,-31.7,1937,3,"051054",31
147.83,-31.7,1937,4,"051054",3.6
147.83,-31.7,1937,5,"051054",13.7
147.83,-31.7,1937,6,"051054",30.4
147.83,-31.7,1937,7,"051054",13.5
147.83,-31.7,1937,8,"051054",37.6
147.83,-31.7,1937,9,"051054",9.9
147.83,-31.7,1937,10,"051054",9.4
147.83,-31.7,1937,11,"051054",32.3
147.83,-31.7,1937,12,"051054",5.8
147.83,-31.7,1938,1,"051054",5.3
147.83,-31.7,1938,2,"051054",3
147.83,-31.7,1938,3,"051054",0.5
147.83,-31.7,1938,4,"051054",8.2
147.83,-31.7,1938,5,"051054",63.6
147.83,-31.7,1938,6,"051054",45.6
147.83,-31.7,1938,7,"051054",48.3
147.83,-31.7,1938,8,"051054",60.2
147.83,-31.7,1938,9,"051054",10.1
147.83,-31.7,1938,10,"051054",38.6
147.83,-31.7,1938,11,"051054",18.9
147.83,-31.7,1938,12,"051054",5.2
147.83,-31.7,1939,1,"051054",38.1
147.83,-31.7,1939,2,"051054",70.9
147.83,-31.7,1939,3,"051054",88.2
147.83,-31.7,1939,4,"051054",46.8
147.83,-31.7,1939,5,"051054",11
147.83,-31.7,1939,6,"051054",33.1
147.83,-31.7,1939,7,"051054",16.1
147.83,-31.7,1939,8,"051054",95.1
147.83,-31.7,1939,9,"051054",5.8
147.83,-31.7,1939,10,"051054",27.7
147.83,-31.7,1939,11,"051054",36.6
147.83,-31.7,1939,12,"051054",7.6
147.83,-31.7,1940,1,"051054",28.4
147.83,-31.7,1940,2,"051054",0
147.83,-31.7,1940,3,"051054",0
147.83,-31.7,1940,4,"051054",104.7
147.83,-31.7,1940,5,"051054",4.9
147.83,-31.7,1940,6,"051054",6.1
147.83,-31.7,1940,7,"051054",0
147.83,-31.7,1940,8,"051054",34.8
147.83,-31.7,1940,9,"051054",51.1
147.83,-31.7,1940,10,"051054",0
147.83,-31.7,1940,11,"051054",5.3
147.83,-31.7,1940,12,"051054",17
147.83,-31.7,1941,1,"051054",168.2
147.83,-31.7,1941,2,"051054",2.5
147.83,-31.7,1941,3,"051054",54.5
147.83,-31.7,1941,4,"051054",3.8
147.83,-31.7,1941,5,"051054",17
147.83,-31.7,1941,6,"051054",54.9
147.83,-31.7,1941,7,"051054",11.7
147.83,-31.7,1941,8,"051054",4.6
147.83,-31.7,1941,9,"051054",12.4
147.83,-31.7,1941,10,"051054",8
147.83,-31.7,1941,11,"051054",33
147.83,-31.7,1941,12,"051054",8.1
147.83,-31.7,1942,1,"051054",60
147.83,-31.7,1942,2,"051054",29.3
147.83,-31.7,1942,3,"051054",6.9
147.83,-31.7,1942,4,"051054",2.6
147.83,-31.7,1942,5,"051054",119
147.83,-31.7,1942,6,"051054",70.6
147.83,-31.7,1942,7,"051054",58.4
147.83,-31.7,1942,8,"051054",11.9
147.83,-31.7,1942,9,"051054",27.4
147.83,-31.7,1942,10,"051054",11.9
147.83,-31.7,1942,11,"051054",66.9
147.83,-31.7,1942,12,"051054",112.1
147.83,-31.7,1943,1,"051054",42.2
147.83,-31.7,1943,2,"051054",24.9
147.83,-31.7,1943,3,"051054",4.6
147.83,-31.7,1943,4,"051054",27.4
147.83,-31.7,1943,5,"051054",44.5
147.83,-31.7,1943,6,"051054",8.3
147.83,-31.7,1943,7,"051054",13.9
147.83,-31.7,1943,8,"051054",18.4
147.83,-31.7,1943,9,"051054",22.7
147.83,-31.7,1943,10,"051054",37.3
147.83,-31.7,1943,11,"051054",50.4
147.83,-31.7,1943,12,"051054",5
147.83,-31.7,1944,1,"051054",2
147.83,-31.7,1944,2,"051054",65.3
147.83,-31.7,1944,3,"051054",36.4
147.83,-31.7,1944,4,"051054",4.3
147.83,-31.7,1944,5,"051054",50
147.83,-31.7,1944,6,"051054",7.9
147.83,-31.7,1944,7,"051054",25.9
147.83,-31.7,1944,8,"051054",85.5
147.83,-31.7,1944,9,"051054",6.6
147.83,-31.7,1944,10,"051054",8.4
147.83,-31.7,1944,11,"051054",61.5
147.83,-31.7,1944,12,"051054",0
147.83,-31.7,1945,1,"051054",56.8
147.83,-31.7,1945,2,"051054",50.8
147.83,-31.7,1945,3,"051054",12.5
147.83,-31.7,1945,4,"051054",39.1
147.83,-31.7,1945,5,"051054",57
147.83,-31.7,1945,6,"051054",123.8
147.83,-31.7,1945,7,"051054",32.4
147.83,-31.7,1945,8,"051054",80
147.83,-31.7,1945,9,"051054",0.5
147.83,-31.7,1945,10,"051054",15
147.83,-31.7,1945,11,"051054",18.1
147.83,-31.7,1945,12,"051054",5.1
147.83,-31.7,1946,1,"051054",61
147.83,-31.7,1946,2,"051054",37.9
147.83,-31.7,1946,3,"051054",64
147.83,-31.7,1946,4,"051054",28.7
147.83,-31.7,1946,5,"051054",24.6
147.83,-31.7,1946,6,"051054",10.2
147.83,-31.7,1946,7,"051054",8.1
147.83,-31.7,1946,8,"051054",4.6
147.83,-31.7,1946,9,"051054",41.1
147.83,-31.7,1946,10,"051054",20.8
147.83,-31.7,1946,11,"051054",10.2
147.83,-31.7,1946,12,"051054",32.8
147.83,-31.7,1947,1,"051054",4.1
147.83,-31.7,1947,2,"051054",117.1
147.83,-31.7,1947,3,"051054",24.7
147.83,-31.7,1947,4,"051054",7.1
147.83,-31.7,1947,5,"051054",38.9
147.83,-31.7,1947,6,"051054",12.2
147.83,-31.7,1947,7,"051054",31.3
147.83,-31.7,1947,8,"051054",42.6
147.83,-31.7,1947,9,"051054",69.3
147.83,-31.7,1947,10,"051054",67.8
147.83,-31.7,1947,11,"051054",48.7
147.83,-31.7,1947,12,"051054",64.2
147.83,-31.7,1948,1,"051054",41.7
147.83,-31.7,1948,2,"051054",109.2
147.83,-31.7,1948,3,"051054",22.9
147.83,-31.7,1948,4,"051054",33.5
147.83,-31.7,1948,5,"051054",71.1
147.83,-31.7,1948,6,"051054",142.6
147.83,-31.7,1948,7,"051054",15.5
147.83,-31.7,1948,8,"051054",22.4
147.83,-31.7,1948,9,"051054",39.7
147.83,-31.7,1948,10,"051054",3.3
147.83,-31.7,1948,11,"051054",31.5
147.83,-31.7,1948,12,"051054",39.1
147.83,-31.7,1949,1,"051054",54.5
147.83,-31.7,1949,2,"051054",45.2
147.83,-31.7,1949,3,"051054",171.2
147.83,-31.7,1949,4,"051054",33.5
147.83,-31.7,1949,5,"051054",22
147.83,-31.7,1949,6,"051054",36.4
147.83,-31.7,1949,7,"051054",6.7
147.83,-31.7,1949,8,"051054",12.4
147.83,-31.7,1949,9,"051054",83
147.83,-31.7,1949,10,"051054",80.9
147.83,-31.7,1949,11,"051054",55.7
147.83,-31.7,1949,12,"051054",12.2
147.83,-31.7,1950,1,"051054",155.7
147.83,-31.7,1950,2,"051054",177
147.83,-31.7,1950,3,"051054",141.4
147.83,-31.7,1950,4,"051054",57.4
147.83,-31.7,1950,5,"051054",20.6
147.83,-31.7,1950,6,"051054",88
147.83,-31.7,1950,7,"051054",97
147.83,-31.7,1950,8,"051054",39.9
147.83,-31.7,1950,9,"051054",44.1
147.83,-31.7,1950,10,"051054",173.8
147.83,-31.7,1950,11,"051054",205.1
147.83,-31.7,1950,12,"051054",12.7
147.83,-31.7,1951,1,"051054",55.2
147.83,-31.7,1951,2,"051054",50.4
147.83,-31.7,1951,3,"051054",8.9
147.83,-31.7,1951,4,"051054",14
147.83,-31.7,1951,5,"051054",59.3
147.83,-31.7,1951,6,"051054",48.9
147.83,-31.7,1951,7,"051054",14.7
147.83,-31.7,1951,8,"051054",42.2
147.83,-31.7,1951,9,"051054",18.6
147.83,-31.7,1951,10,"051054",9.1
147.83,-31.7,1951,11,"051054",21.3
147.83,-31.7,1951,12,"051054",8.7
147.83,-31.7,1952,1,"051054",5.6
147.83,-31.7,1952,2,"051054",36.9
147.83,-31.7,1952,3,"051054",59.5
147.83,-31.7,1952,4,"051054",48.2
147.83,-31.7,1952,5,"051054",51.3
147.83,-31.7,1952,6,"051054",31.9
147.83,-31.7,1952,7,"051054",67.5
147.83,-31.7,1952,8,"051054",110.3
147.83,-31.7,1952,9,"051054",18.8
147.83,-31.7,1952,10,"051054",28.3
147.83,-31.7,1952,11,"051054",27.2
147.83,-31.7,1952,12,"051054",54.1
147.83,-31.7,1953,1,"051054",33.1
147.83,-31.7,1953,2,"051054",38.7
147.83,-31.7,1953,3,"051054",24
147.83,-31.7,1953,4,"051054",15.7
147.83,-31.7,1953,5,"051054",51.6
147.83,-31.7,1953,6,"051054",5.4
147.83,-31.7,1953,7,"051054",5.3
147.83,-31.7,1953,8,"051054",39.3
147.83,-31.7,1953,9,"051054",15.2
147.83,-31.7,1953,10,"051054",94.9
147.83,-31.7,1953,11,"051054",20.9
147.83,-31.7,1953,12,"051054",30
147.83,-31.7,1954,1,"051054",51.2
147.83,-31.7,1954,2,"051054",85.1
147.83,-31.7,1954,3,"051054",0
147.83,-31.7,1954,4,"051054",12.8
147.83,-31.7,1954,5,"051054",2
147.83,-31.7,1954,6,"051054",16
147.83,-31.7,1954,7,"051054",13.7
147.83,-31.7,1954,8,"051054",21.1
147.83,-31.7,1954,9,"051054",34.1
147.83,-31.7,1954,10,"051054",125.1
147.83,-31.7,1954,11,"051054",44
147.83,-31.7,1954,12,"051054",38.1
147.83,-31.7,1955,1,"051054",96.5
147.83,-31.7,1955,2,"051054",363
147.83,-31.7,1955,3,"051054",1.3
147.83,-31.7,1955,4,"051054",47
147.83,-31.7,1955,5,"051054",36.2
147.83,-31.7,1955,6,"051054",38.5
147.83,-31.7,1955,7,"051054",24.6
147.83,-31.7,1955,8,"051054",70.2
147.83,-31.7,1955,9,"051054",29.3
147.83,-31.7,1955,10,"051054",96.4
147.83,-31.7,1955,11,"051054",31.6
147.83,-31.7,1955,12,"051054",3.3
147.83,-31.7,1956,1,"051054",116.5
147.83,-31.7,1956,2,"051054",231.4
147.83,-31.7,1956,3,"051054",223.2
147.83,-31.7,1956,4,"051054",45.2
147.83,-31.7,1956,5,"051054",67.1
147.83,-31.7,1956,6,"051054",89.6
147.83,-31.7,1956,7,"051054",85.8
147.83,-31.7,1956,8,"051054",8.4
147.83,-31.7,1956,9,"051054",11.7
147.83,-31.7,1956,10,"051054",63.5
147.83,-31.7,1956,11,"051054",9.9
147.83,-31.7,1956,12,"051054",12.8
147.83,-31.7,1957,1,"051054",13.2
147.83,-31.7,1957,2,"051054",73.9
147.83,-31.7,1957,3,"051054",3.8
147.83,-31.7,1957,4,"051054",6.5
147.83,-31.7,1957,5,"051054",1.5
147.83,-31.7,1957,6,"051054",26.9
147.83,-31.7,1957,7,"051054",21.6
147.83,-31.7,1957,8,"051054",13.7
147.83,-31.7,1957,9,"051054",0
147.83,-31.7,1957,10,"051054",12.8
147.83,-31.7,1957,11,"051054",5.1
147.83,-31.7,1957,12,"051054",23.9
147.83,-31.7,1958,1,"051054",85.1
147.83,-31.7,1958,2,"051054",7.2
147.83,-31.7,1958,3,"051054",22.2
147.83,-31.7,1958,4,"051054",37.8
147.83,-31.7,1958,5,"051054",42.6
147.83,-31.7,1958,6,"051054",35.4
147.83,-31.7,1958,7,"051054",33.3
147.83,-31.7,1958,8,"051054",41.2
147.83,-31.7,1958,9,"051054",62.7
147.83,-31.7,1958,10,"051054",59.3
147.83,-31.7,1958,11,"051054",16.5
147.83,-31.7,1958,12,"051054",35.8
147.83,-31.7,1959,1,"051054",143.8
147.83,-31.7,1959,2,"051054",132.3
147.83,-31.7,1959,3,"051054",93.8
147.83,-31.7,1959,4,"051054",121.9
147.83,-31.7,1959,5,"051054",10.7
147.83,-31.7,1959,6,"051054",25.4
147.83,-31.7,1959,7,"051054",77.8
147.83,-31.7,1959,8,"051054",0
147.83,-31.7,1959,9,"051054",6.4
147.83,-31.7,1959,10,"051054",27.6
147.83,-31.7,1959,11,"051054",6.9
147.83,-31.7,1959,12,"051054",27.5
147.83,-31.7,1960,1,"051054",43.2
147.83,-31.7,1960,2,"051054",11.1
147.83,-31.7,1960,3,"051054",8.2
147.83,-31.7,1960,4,"051054",15
147.83,-31.7,1960,5,"051054",30.4
147.83,-31.7,1960,6,"051054",1.8
147.83,-31.7,1960,7,"051054",54.2
147.83,-31.7,1960,8,"051054",83.5
147.83,-31.7,1960,9,"051054",31.8
147.83,-31.7,1960,10,"051054",14.7
147.83,-31.7,1960,11,"051054",103.4
147.83,-31.7,1960,12,"051054",18.4
147.83,-31.7,1961,1,"051054",32.2
147.83,-31.7,1961,2,"051054",20.9
147.83,-31.7,1961,3,"051054",43.2
147.83,-31.7,1961,4,"051054",54.1
147.83,-31.7,1961,5,"051054",0
147.83,-31.7,1961,6,"051054",7.5
147.83,-31.7,1961,7,"051054",32.8
147.83,-31.7,1961,8,"051054",25.2
147.83,-31.7,1961,9,"051054",1.3
147.83,-31.7,1961,10,"051054",36.4
147.83,-31.7,1961,11,"051054",101.5
147.83,-31.7,1961,12,"051054",38.6
147.83,-31.7,1962,1,"051054",111.9
147.83,-31.7,1962,2,"051054",23.9
147.83,-31.7,1962,3,"051054",9.1
147.83,-31.7,1962,4,"051054",0.5
147.83,-31.7,1962,5,"051054",24.7
147.83,-31.7,1962,6,"051054",12.2
147.83,-31.7,1962,7,"051054",47.6
147.83,-31.7,1962,8,"051054",47.5
147.83,-31.7,1962,9,"051054",27
147.83,-31.7,1962,10,"051054",33.2
147.83,-31.7,1962,11,"051054",9.7
147.83,-31.7,1962,12,"051054",64
147.83,-31.7,1963,1,"051054",118.3
147.83,-31.7,1963,2,"051054",27.9
147.83,-31.7,1963,3,"051054",78
147.83,-31.7,1963,4,"051054",4.3
147.83,-31.7,1963,5,"051054",39.6
147.83,-31.7,1963,6,"051054",45.5
147.83,-31.7,1963,7,"051054",17.5
147.83,-31.7,1963,8,"051054",53.2
147.83,-31.7,1963,9,"051054",55.6
147.83,-31.7,1963,10,"051054",47.6
147.83,-31.7,1963,11,"051054",30.2
147.83,-31.7,1963,12,"051054",37.9
147.83,-31.7,1964,1,"051054",31.2
147.83,-31.7,1964,2,"051054",20.8
147.83,-31.7,1964,3,"051054",60.9
147.83,-31.7,1964,4,"051054",48.6
147.83,-31.7,1964,5,"051054",26.5
147.83,-31.7,1964,6,"051054",17.1
147.83,-31.7,1964,7,"051054",29.5
147.83,-31.7,1964,8,"051054",29.7
147.83,-31.7,1964,9,"051054",54.4
147.83,-31.7,1964,10,"051054",74.6
147.83,-31.7,1964,11,"051054",2
147.83,-31.7,1964,12,"051054",8.4
147.83,-31.7,1965,1,"051054",0
147.83,-31.7,1965,2,"051054",0
147.83,-31.7,1965,3,"051054",3.8
147.83,-31.7,1965,4,"051054",0
147.83,-31.7,1965,5,"051054",11.7
147.83,-31.7,1965,6,"051054",10.3
147.83,-31.7,1965,7,"051054",10.9
147.83,-31.7,1965,8,"051054",26.5
147.83,-31.7,1965,9,"051054",24.3
147.83,-31.7,1965,10,"051054",33.9
147.83,-31.7,1965,11,"051054",16.1
147.83,-31.7,1965,12,"051054",92.8
147.83,-31.7,1966,1,"051054",6.1
147.83,-31.7,1966,2,"051054",20.4
147.83,-31.7,1966,3,"051054",53.8
147.83,-31.7,1966,4,"051054",0.8
147.83,-31.7,1966,5,"051054",41.4
147.83,-31.7,1966,6,"051054",41.1
147.83,-31.7,1966,7,"051054",6.4
147.83,-31.7,1966,8,"051054",73.2
147.83,-31.7,1966,9,"051054",43.7
147.83,-31.7,1966,10,"051054",51.8
147.83,-31.7,1966,11,"051054",88.9
147.83,-31.7,1966,12,"051054",33.2
147.83,-31.7,1967,1,"051054",1
147.83,-31.7,1967,2,"051054",4.6
147.83,-31.7,1967,3,"051054",55.5
147.83,-31.7,1967,4,"051054",0
147.83,-31.7,1967,5,"051054",39.9
147.83,-31.7,1967,6,"051054",42.8
147.83,-31.7,1967,7,"051054",2
147.83,-31.7,1967,8,"051054",30
147.83,-31.7,1967,9,"051054",5.4
147.83,-31.7,1967,10,"051054",9.2
147.83,-31.7,1967,11,"051054",0.8
147.83,-31.7,1967,12,"051054",2.3
147.83,-31.7,1968,1,"051054",221.1
147.83,-31.7,1968,2,"051054",9.1
147.83,-31.7,1968,3,"051054",35.9
147.83,-31.7,1968,4,"051054",21.4
147.83,-31.7,1968,5,"051054",78.2
147.83,-31.7,1968,6,"051054",11.8
147.83,-31.7,1968,7,"051054",31.3
147.83,-31.7,1968,8,"051054",33.3
147.83,-31.7,1968,9,"051054",30.3
147.83,-31.7,1968,10,"051054",5.6
147.83,-31.7,1968,11,"051054",15.7
147.83,-31.7,1968,12,"051054",87.4
147.83,-31.7,1969,1,"051054",28
147.83,-31.7,1969,2,"051054",88.4
147.83,-31.7,1969,3,"051054",127.7
147.83,-31.7,1969,4,"051054",101.4
147.83,-31.7,1969,5,"051054",42.2
147.83,-31.7,1969,6,"051054",26.8
147.83,-31.7,1969,7,"051054",68.9
147.83,-31.7,1969,8,"051054",9.4
147.83,-31.7,1969,9,"051054",74.2
147.83,-31.7,1969,10,"051054",166
147.83,-31.7,1969,11,"051054",38.3
147.83,-31.7,1969,12,"051054",11.2
147.83,-31.7,1970,1,"051054",69.7
147.83,-31.7,1970,2,"051054",48.3
147.83,-31.7,1970,3,"051054",45.3
147.83,-31.7,1970,4,"051054",61.3
147.83,-31.7,1970,5,"051054",13.7
147.83,-31.7,1970,6,"051054",24.6
147.83,-31.7,1970,7,"051054",0
147.83,-31.7,1970,8,"051054",27.7
147.83,-31.7,1970,9,"051054",91.7
147.83,-31.7,1970,10,"051054",93.7
147.83,-31.7,1970,11,"051054",12.1
147.83,-31.7,1970,12,"051054",54.2
147.83,-31.7,1971,1,"051054",173.6
147.83,-31.7,1971,2,"051054",95.5
147.83,-31.7,1971,3,"051054",32.6
147.83,-31.7,1971,4,"051054",6.9
147.83,-31.7,1971,5,"051054",4.4
147.83,-31.7,1971,6,"051054",5.1
147.83,-31.7,1971,7,"051054",48.6
147.83,-31.7,1971,8,"051054",57.6
147.83,-31.7,1971,9,"051054",20.7
147.83,-31.7,1971,10,"051054",11.5
147.83,-31.7,1971,11,"051054",54.2
147.83,-31.7,1971,12,"051054",22.5
147.83,-31.7,1972,1,"051054",135.7
147.83,-31.7,1972,2,"051054",24.6
147.83,-31.7,1972,3,"051054",1.5
147.83,-31.7,1972,4,"051054",12.4
147.83,-31.7,1972,5,"051054",21.1
147.83,-31.7,1972,6,"051054",7.6
147.83,-31.7,1972,7,"051054",4.4
147.83,-31.7,1972,8,"051054",27.2
147.83,-31.7,1972,9,"051054",9.1
147.83,-31.7,1972,10,"051054",22.6
147.83,-31.7,1972,11,"051054",20.4
147.83,-31.7,1972,12,"051054",12.7
147.83,-31.7,1973,1,"051054",89.4
147.83,-31.7,1973,2,"051054",170.6
147.83,-31.7,1973,3,"051054",27.9
147.83,-31.7,1973,4,"051054",34.4
147.83,-31.7,1973,5,"051054",16
147.83,-31.7,1973,6,"051054",54.3
147.83,-31.7,1973,7,"051054",43.7
147.83,-31.7,1973,8,"051054",59.7
147.83,-31.7,1973,9,"051054",57.4
147.83,-31.7,1973,10,"051054",154.7
147.83,-31.7,1973,11,"051054",46.8
147.83,-31.7,1973,12,"051054",52.4
147.83,-31.7,1974,1,"051054",157.8
147.83,-31.7,1974,2,"051054",41.4
147.83,-31.7,1974,3,"051054",11.6
147.83,-31.7,1974,4,"051054",108.9
147.83,-31.7,1974,5,"051054",19.4
147.83,-31.7,1974,6,"051054",1.1
147.83,-31.7,1974,7,"051054",26.3
147.83,-31.7,1974,8,"051054",23.1
147.83,-31.7,1974,9,"051054",46.3
147.83,-31.7,1974,10,"051054",68.4
147.83,-31.7,1974,11,"051054",31.7
147.83,-31.7,1974,12,"051054",0.6
147.83,-31.7,1975,1,"051054",54.1
147.83,-31.7,1975,2,"051054",96.9
147.83,-31.7,1975,3,"051054",7.3
147.83,-31.7,1975,4,"051054",26.9
147.83,-31.7,1975,5,"051054",1
147.83,-31.7,1975,6,"051054",58.5
147.83,-31.7,1975,7,"051054",26.6
147.83,-31.7,1975,8,"051054",34.4
147.83,-31.7,1975,9,"051054",59.5
147.83,-31.7,1975,10,"051054",44.2
147.83,-31.7,1975,11,"051054",0
147.83,-31.7,1975,12,"051054",17.8
147.83,-31.7,1976,1,"051054",186
147.83,-31.7,1976,2,"051054",112.2
147.83,-31.7,1976,3,"051054",9.8
147.83,-31.7,1976,4,"051054",4
147.83,-31.7,1976,5,"051054",13.2
147.83,-31.7,1976,6,"051054",75.3
147.83,-31.7,1976,7,"051054",45.6
147.83,-31.7,1976,8,"051054",8.8
147.83,-31.7,1976,9,"051054",15.5
147.83,-31.7,1976,10,"051054",70.7
147.83,-31.7,1976,11,"051054",69
147.83,-31.7,1976,12,"051054",32.2
147.83,-31.7,1977,1,"051054",64
147.83,-31.7,1977,2,"051054",84.6
147.83,-31.7,1977,3,"051054",69.4
147.83,-31.7,1977,4,"051054",7.3
147.83,-31.7,1977,5,"051054",161.6
147.83,-31.7,1977,6,"051054",4.8
147.83,-31.7,1977,7,"051054",4.4
147.83,-31.7,1977,8,"051054",8.6
147.83,-31.7,1977,9,"051054",25.4
147.83,-31.7,1977,10,"051054",29.8
147.83,-31.7,1977,11,"051054",6.5
147.83,-31.7,1977,12,"051054",19.3
147.83,-31.7,1978,1,"051054",155.8
147.83,-31.7,1978,2,"051054",31.5
147.83,-31.7,1978,3,"051054",84.6
147.83,-31.7,1978,4,"051054",0.6
147.83,-31.7,1978,5,"051054",88.9
147.83,-31.7,1978,6,"051054",45.9
147.83,-31.7,1978,7,"051054",42.3
147.83,-31.7,1978,8,"051054",6.7
147.83,-31.7,1978,9,"051054",89.6
147.83,-31.7,1978,10,"051054",2.8
147.83,-31.7,1978,11,"051054",68.4
147.83,-31.7,1978,12,"051054",57.5
147.83,-31.7,1979,1,"051054",0.2
147.83,-31.7,1979,2,"051054",1.8
147.83,-31.7,1979,3,"051054",44.7
147.83,-31.7,1979,4,"051054",35.9
147.83,-31.7,1979,5,"051054",52.2
147.83,-31.7,1979,6,"051054",22.2
147.83,-31.7,1979,7,"051054",26.2
147.83,-31.7,1979,8,"051054",14.4
147.83,-31.7,1979,9,"051054",50.8
147.83,-31.7,1979,10,"051054",62.2
147.83,-31.7,1979,11,"051054",7.2
147.83,-31.7,1979,12,"051054",3.6
147.83,-31.7,1980,1,"051054",95.4
147.83,-31.7,1980,2,"051054",42
147.83,-31.7,1980,3,"051054",9.4
147.83,-31.7,1980,4,"051054",10.8
147.83,-31.7,1980,5,"051054",112.2
147.83,-31.7,1980,6,"051054",22.7
147.83,-31.7,1980,7,"051054",15.8
147.83,-31.7,1980,8,"051054",18.4
147.83,-31.7,1980,9,"051054",0
147.83,-31.7,1980,10,"051054",25.6
147.83,-31.7,1980,11,"051054",2
147.83,-31.7,1980,12,"051054",23.6
147.83,-31.7,1981,1,"051054",31.4
147.83,-31.7,1981,2,"051054",97.4
147.83,-31.7,1981,3,"051054",4.4
147.83,-31.7,1981,4,"051054",12.8
147.83,-31.7,1981,5,"051054",65.6
147.83,-31.7,1981,6,"051054",52.8
147.83,-31.7,1981,7,"051054",75.2
147.83,-31.7,1981,8,"051054",10.2
147.83,-31.7,1981,9,"051054",8.6
147.83,-31.7,1981,10,"051054",60.2
147.83,-31.7,1981,11,"051054",88.2
147.83,-31.7,1981,12,"051054",0.4
147.83,-31.7,1982,1,"051054",99
147.83,-31.7,1982,2,"051054",19.6
147.83,-31.7,1982,3,"051054",128.4
147.83,-31.7,1982,4,"051054",15.6
147.83,-31.7,1982,5,"051054",15.4
147.83,-31.7,1982,6,"051054",2.6
147.83,-31.7,1982,7,"051054",6.6
147.83,-31.7,1982,8,"051054",2
147.83,-31.7,1982,9,"051054",4.8
147.83,-31.7,1982,10,"051054",12.6
147.83,-31.7,1982,11,"051054",6.8
147.83,-31.7,1982,12,"051054",13.2
147.83,-31.7,1983,1,"051054",45.6
147.83,-31.7,1983,2,"051054",35
147.83,-31.7,1983,3,"051054",54.2
147.83,-31.7,1983,4,"051054",27.8
147.83,-31.7,1983,5,"051054",174
147.83,-31.7,1983,6,"051054",18.2
147.83,-31.7,1983,7,"051054",37.8
147.83,-31.7,1983,8,"051054",62.2
147.83,-31.7,1983,9,"051054",24.8
147.83,-31.7,1983,10,"051054",23.6
147.83,-31.7,1983,11,"051054",144.2
147.83,-31.7,1983,12,"051054",49
147.83,-31.7,1984,1,"051054",219
147.83,-31.7,1984,2,"051054",35.4
147.83,-31.7,1984,3,"051054",21.8
147.83,-31.7,1984,4,"051054",61.4
147.83,-31.7,1984,5,"051054",12
147.83,-31.7,1984,6,"051054",4.2
147.83,-31.7,1984,7,"051054",104.2
147.83,-31.7,1984,8,"051054",47.6
147.83,-31.7,1984,9,"051054",27.8
147.83,-31.7,1984,10,"051054",63
147.83,-31.7,1984,11,"051054",33.4
147.83,-31.7,1984,12,"051054",6.6
147.83,-31.7,1985,1,"051054",4.4
147.83,-31.7,1985,2,"051054",40.4
147.83,-31.7,1985,3,"051054",9
147.83,-31.7,1985,4,"051054",12.6
147.83,-31.7,1985,5,"051054",20.4
147.83,-31.7,1985,6,"051054",36.8
147.83,-31.7,1985,7,"051054",4.4
147.83,-31.7,1985,8,"051054",83.2
147.83,-31.7,1985,9,"051054",14.4
147.83,-31.7,1985,10,"051054",56.4
147.83,-31.7,1985,11,"051054",74.1
147.83,-31.7,1985,12,"051054",29
147.83,-31.7,1986,1,"051054",26.6
147.83,-31.7,1986,2,"051054",12.6
147.83,-31.7,1986,3,"051054",0.8
147.83,-31.7,1986,4,"051054",21
147.83,-31.7,1986,5,"051054",25.8
147.83,-31.7,1986,6,"051054",2.4
147.83,-31.7,1986,7,"051054",63.2
147.83,-31.7,1986,8,"051054",71
147.83,-31.7,1986,9,"051054",23.6
147.83,-31.7,1986,10,"051054",26.1
147.83,-31.7,1986,11,"051054",60.2
147.83,-31.7,1986,12,"051054",16.8
147.83,-31.7,1987,1,"051054",38
147.83,-31.7,1987,2,"051054",3.5
147.83,-31.7,1987,3,"051054",126.2
147.83,-31.7,1987,4,"051054",0
147.83,-31.7,1987,5,"051054",34.8
147.83,-31.7,1987,6,"051054",38.4
147.83,-31.7,1987,7,"051054",1.6
147.83,-31.7,1987,8,"051054",77.8
147.83,-31.7,1987,9,"051054",17.4
147.83,-31.7,1987,10,"051054",27.6
147.83,-31.7,1987,11,"051054",5.2
147.83,-31.7,1987,12,"051054",47.6
147.83,-31.7,1988,1,"051054",10.2
147.83,-31.7,1988,2,"051054",38.4
147.83,-31.7,1988,3,"051054",24.6
147.83,-31.7,1988,4,"051054",105.8
147.83,-31.7,1988,5,"051054",24
147.83,-31.7,1988,6,"051054",49.4
147.83,-31.7,1988,7,"051054",71.8
147.83,-31.7,1988,8,"051054",22
147.83,-31.7,1988,9,"051054",55.2
147.83,-31.7,1988,10,"051054",7.9
147.83,-31.7,1988,11,"051054",43.4
147.83,-31.7,1988,12,"051054",57.2
147.83,-31.7,1989,1,"051054",10.4
147.83,-31.7,1989,2,"051054",3.4
147.83,-31.7,1989,3,"051054",73.2
147.83,-31.7,1989,4,"051054",191.8
147.83,-31.7,1989,5,"051054",119
147.83,-31.7,1989,6,"051054",53.8
147.83,-31.7,1989,7,"051054",52.2
147.83,-31.7,1989,8,"051054",11.8
147.83,-31.7,1989,9,"051054",0.9
147.83,-31.7,1989,10,"051054",29
147.83,-31.7,1989,11,"051054",3
147.83,-31.7,1989,12,"051054",15.2
147.83,-31.7,1990,1,"051054",55.6
147.83,-31.7,1990,2,"051054",47.4
147.83,-31.7,1990,3,"051054",30
147.83,-31.7,1990,4,"051054",227.8
147.83,-31.7,1990,5,"051054",34.8
147.83,-31.7,1990,6,"051054",11.6
147.83,-31.7,1990,7,"051054",52.2
147.83,-31.7,1990,8,"051054",26.4
147.83,-31.7,1990,9,"051054",16.8
147.83,-31.7,1990,10,"051054",25.2
147.83,-31.7,1990,11,"051054",7.4
147.83,-31.7,1990,12,"051054",7.4
147.83,-31.7,1991,1,"051054",94
147.83,-31.7,1991,2,"051054",24.6
147.83,-31.7,1991,3,"051054",0
147.83,-31.7,1991,4,"051054",2
147.83,-31.7,1991,5,"051054",60.8
147.83,-31.7,1991,6,"051054",34
147.83,-31.7,1991,7,"051054",30.8
147.83,-31.7,1991,8,"051054",7.6
147.83,-31.7,1991,9,"051054",15.8
147.83,-31.7,1991,10,"051054",27.6
147.83,-31.7,1991,11,"051054",14.4
147.83,-31.7,1991,12,"051054",130.2
147.83,-31.7,1992,1,"051054",26.8
147.83,-31.7,1992,2,"051054",212.6
147.83,-31.7,1992,3,"051054",5
147.83,-31.7,1992,4,"051054",30
147.83,-31.7,1992,5,"051054",8.4
147.83,-31.7,1992,6,"051054",11.2
147.83,-31.7,1992,7,"051054",23.2
147.83,-31.7,1992,8,"051054",50.4
147.83,-31.7,1992,9,"051054",29.4
147.83,-31.7,1992,10,"051054",70.9
147.83,-31.7,1992,11,"051054",74.2
147.83,-31.7,1992,12,"051054",156.4
147.83,-31.7,1993,1,"051054",90.9
147.83,-31.7,1993,2,"051054",16.8
147.83,-31.7,1993,3,"051054",28.2
147.83,-31.7,1993,4,"051054",3
147.83,-31.7,1993,5,"051054",38.2
147.83,-31.7,1993,6,"051054",39
147.83,-31.7,1993,7,"051054",68
147.83,-31.7,1993,8,"051054",14.2
147.83,-31.7,1993,9,"051054",63.4
147.83,-31.7,1993,10,"051054",90.2
147.83,-31.7,1993,11,"051054",36.8
147.83,-31.7,1993,12,"051054",31.4
147.83,-31.7,1994,1,"051054",0
147.83,-31.7,1994,2,"051054",29.8
147.83,-31.7,1994,3,"051054",55.2
147.83,-31.7,1994,4,"051054",20
147.83,-31.7,1994,5,"051054",4
147.83,-31.7,1994,6,"051054",10
147.83,-31.7,1994,7,"051054",22.2
147.83,-31.7,1994,8,"051054",12
147.83,-31.7,1994,9,"051054",5.4
147.83,-31.7,1994,10,"051054",10.8
147.83,-31.7,1994,11,"051054",10.8
147.83,-31.7,1994,12,"051054",2.5
147.83,-31.7,1995,1,"051054",241.9
147.83,-31.7,1995,2,"051054",2
147.83,-31.7,1995,3,"051054",0
147.83,-31.7,1995,4,"051054",7
147.83,-31.7,1995,5,"051054",78.7
147.83,-31.7,1995,6,"051054",12
147.83,-31.7,1995,7,"051054",15.7
147.83,-31.7,1995,8,"051054",0
147.83,-31.7,1995,9,"051054",32
147.83,-31.7,1995,10,"051054",9.8
147.83,-31.7,1995,11,"051054",57.8
147.83,-31.7,1995,12,"051054",2
147.83,-31.7,1996,1,"051054",52.8
147.83,-31.7,1996,2,"051054",10.2
147.83,-31.7,1996,3,"051054",3.6
147.83,-31.7,1996,4,"051054",0.2
147.83,-31.7,1996,5,"051054",142.4
147.83,-31.7,1996,6,"051054",25.4
147.83,-31.7,1996,7,"051054",73
147.83,-31.7,1996,8,"051054",51.3
147.83,-31.7,1996,9,"051054",51.2
147.83,-31.7,1996,10,"051054",20
147.83,-31.7,1996,11,"051054",20.6
147.83,-31.7,1996,12,"051054",62.4
147.83,-31.7,1997,1,"051054",88.3
147.83,-31.7,1997,2,"051054",88.2
147.83,-31.7,1997,3,"051054",0
147.83,-31.7,1997,4,"051054",0
147.83,-31.7,1997,5,"051054",46.6
147.83,-31.7,1997,6,"051054",8.9
147.83,-31.7,1997,7,"051054",16.4
147.83,-31.7,1997,8,"051054",6.2
147.83,-31.7,1997,9,"051054",70.5
147.83,-31.7,1997,10,"051054",27.2
147.83,-31.7,1997,11,"051054",0
147.83,-31.7,1997,12,"051054",40.5
147.83,-31.7,1998,1,"051054",77.4
147.83,-31.7,1998,2,"051054",29.3
147.83,-31.7,1998,3,"051054",5
147.83,-31.7,1998,4,"051054",98.6
147.83,-31.7,1998,5,"051054",56.4
147.83,-31.7,1998,6,"051054",41.7
147.83,-31.7,1998,7,"051054",111.9
147.83,-31.7,1998,8,"051054",144.5
147.83,-31.7,1998,9,"051054",78.6
147.83,-31.7,1998,10,"051054",31.4
147.83,-31.7,1998,11,"051054",35.4
147.83,-31.7,1998,12,"051054",9.8
147.83,-31.7,1999,1,"051054",123.9
147.83,-31.7,1999,2,"051054",83.6
147.83,-31.7,1999,3,"051054",NA
147.83,-31.7,1999,4,"051054",67
147.83,-31.7,1999,5,"051054",4.4
147.83,-31.7,1999,6,"051054",23.6
147.83,-31.7,1999,7,"051054",42.1
147.83,-31.7,1999,8,"051054",68.2
147.83,-31.7,1999,9,"051054",18.8
147.83,-31.7,1999,10,"051054",71.4
147.83,-31.7,1999,11,"051054",37.8
147.83,-31.7,1999,12,"051054",167.1
147.83,-31.7,2000,1,"051054",29.2
147.83,-31.7,2000,2,"051054",29.4
147.83,-31.7,2000,3,"051054",133
147.83,-31.7,2000,4,"051054",133
147.83,-31.7,2000,5,"051054",70.1
147.83,-31.7,2000,6,"051054",15
147.83,-31.7,2000,7,"051054",20.2
147.83,-31.7,2000,8,"051054",23
147.83,-31.7,2000,9,"051054",0
147.83,-31.7,2000,10,"051054",83.2
147.83,-31.7,2000,11,"051054",134.1
147.83,-31.7,2000,12,"051054",25.6
147.83,-31.7,2001,1,"051054",79.2
147.83,-31.7,2001,2,"051054",17.6
147.83,-31.7,2001,3,"051054",61.9
147.83,-31.7,2001,4,"051054",46.8
147.83,-31.7,2001,5,"051054",24.2
147.83,-31.7,2001,6,"051054",43
147.83,-31.7,2001,7,"051054",51.3
147.83,-31.7,2001,8,"051054",6.2
147.83,-31.7,2001,9,"051054",15
147.83,-31.7,2001,10,"051054",41.6
147.83,-31.7,2001,11,"051054",20.8
147.83,-31.7,2001,12,"051054",NA
147.83,-31.7,2002,1,"051054",2.8
147.83,-31.7,2002,2,"051054",NA
147.83,-31.7,2002,3,"051054",57.4
147.83,-31.7,2002,4,"051054",NA
147.83,-31.7,2002,5,"051054",6.6
147.83,-31.7,2002,6,"051054",4
147.83,-31.7,2002,7,"051054",0
147.83,-31.7,2002,8,"051054",0
147.83,-31.7,2002,9,"051054",34.6
147.83,-31.7,2002,10,"051054",7
147.83,-31.7,2002,11,"051054",8.5
147.83,-31.7,2002,12,"051054",0
147.83,-31.7,2003,1,"051054",46
147.83,-31.7,2003,2,"051054",60.5
147.83,-31.7,2003,3,"051054",16.2
147.83,-31.7,2003,4,"051054",77.5
147.83,-31.7,2003,5,"051054",12.4
147.83,-31.7,2003,6,"051054",NA
147.83,-31.7,2003,7,"051054",25.6
147.83,-31.7,2003,8,"051054",84.5
147.83,-31.7,2003,9,"051054",NA
147.83,-31.7,2003,10,"051054",52.1
147.83,-31.7,2003,11,"051054",13.2
147.83,-31.7,2003,12,"051054",26.2
147.83,-31.7,2004,1,"051054",NA
147.83,-31.7,2004,2,"051054",29.1
147.83,-31.7,2004,3,"051054",30
147.83,-31.7,2004,4,"051054",30.2
147.83,-31.7,2004,5,"051054",55.6
147.83,-31.7,2004,6,"051054",29.5
147.83,-31.7,2004,7,"051054",23.5
147.83,-31.7,2004,8,"051054",19.8
147.83,-31.7,2004,9,"051054",12.9
147.83,-31.7,2004,10,"051054",9.1
147.83,-31.7,2004,11,"051054",NA
147.83,-31.7,2004,12,"051054",86.1
147.83,-31.7,2005,1,"051054",31.4
147.83,-31.7,2005,2,"051054",4
147.83,-31.7,2005,3,"051054",13
147.83,-31.7,2005,4,"051054",0.5
147.83,-31.7,2005,5,"051054",1.2
147.83,-31.7,2005,6,"051054",126.3
147.83,-31.7,2005,7,"051054",17.8
147.83,-31.7,2005,8,"051054",NA
147.83,-31.7,2005,9,"051054",53.3
147.83,-31.7,2005,10,"051054",96.6
147.83,-31.7,2005,11,"051054",44.6
147.83,-31.7,2005,12,"051054",4.8
147.83,-31.7,2006,1,"051054",12.4
147.83,-31.7,2006,2,"051054",NA
147.83,-31.7,2006,3,"051054",NA
147.83,-31.7,2006,4,"051054",NA
147.83,-31.7,2006,5,"051054",NA
147.83,-31.7,2006,6,"051054",NA
147.83,-31.7,2006,7,"051054",NA
147.83,-31.7,2006,8,"051054",NA
147.83,-31.7,2006,9,"051054",NA
147.83,-31.7,2006,10,"051054",NA
147.83,-31.7,2006,11,"051054",NA
147.83,-31.7,2006,12,"051054",20.4
147.83,-31.7,2007,1,"051054",109.8
147.83,-31.7,2007,2,"051054",31.5
147.83,-31.7,2007,3,"051054",65
147.83,-31.7,2007,4,"051054",19
147.83,-31.7,2007,5,"051054",49
147.83,-31.7,2007,6,"051054",49
147.83,-31.7,2007,7,"051054",3.5
147.83,-31.7,2007,8,"051054",8
147.83,-31.7,2007,9,"051054",0
147.83,-31.7,2007,10,"051054",8.5
147.83,-31.7,2007,11,"051054",56
147.83,-31.7,2007,12,"051054",180.1
147.83,-31.7,2008,1,"051054",84
147.83,-31.7,2008,2,"051054",127.5
147.83,-31.7,2008,3,"051054",36
147.83,-31.7,2008,4,"051054",0
147.83,-31.7,2008,5,"051054",11
147.83,-31.7,2008,6,"051054",51
147.83,-31.7,2008,7,"051054",12
147.83,-31.7,2008,8,"051054",NA
147.83,-31.7,2008,9,"051054",33.5
147.83,-31.7,2008,10,"051054",86.8
147.83,-31.7,2008,11,"051054",102.7
147.83,-31.7,2008,12,"051054",45.6
147.83,-31.7,2009,1,"051054",5.8
147.83,-31.7,2009,2,"051054",90.2
147.83,-31.7,2009,3,"051054",10
147.83,-31.7,2009,4,"051054",65
147.83,-31.7,2009,5,"051054",41.2
147.83,-31.7,2009,6,"051054",68.3
147.83,-31.7,2009,7,"051054",7.7
147.83,-31.7,2009,8,"051054",1.3
147.83,-31.7,2009,9,"051054",27.2
147.83,-31.7,2009,10,"051054",61
147.83,-31.7,2009,11,"051054",4
147.83,-31.7,2009,12,"051054",71
147.83,-31.7,2010,1,"051054",80.5
147.83,-31.7,2010,2,"051054",136.1
147.83,-31.7,2010,3,"051054",117
147.83,-31.7,2010,4,"051054",37.5
147.83,-31.7,2010,5,"051054",46.6
147.83,-31.7,2010,6,"051054",29.2
147.83,-31.7,2010,7,"051054",58.2
147.83,-31.7,2010,8,"051054",46
147.83,-31.7,2010,9,"051054",57.1
147.83,-31.7,2010,10,"051054",80.8
147.83,-31.7,2010,11,"051054",167.7
147.83,-31.7,2010,12,"051054",237
147.83,-31.7,2011,1,"051054",19.4
147.83,-31.7,2011,2,"051054",28
147.83,-31.7,2011,3,"051054",45.3
147.83,-31.7,2011,4,"051054",20.5
147.83,-31.7,2011,5,"051054",75
147.83,-31.7,2011,6,"051054",2
147.83,-31.7,2011,7,"051054",4.5
147.83,-31.7,2011,8,"051054",29.6
147.83,-31.7,2011,9,"051054",104
147.83,-31.7,2011,10,"051054",56.7
147.83,-31.7,2011,11,"051054",87.5
147.83,-31.7,2011,12,"051054",68.5
147.83,-31.7,2012,1,"051054",72.4
147.83,-31.7,2012,2,"051054",86
147.83,-31.7,2012,3,"051054",122.2
147.83,-31.7,2012,4,"051054",0
147.83,-31.7,2012,5,"051054",34.7
147.83,-31.7,2012,6,"051054",25.8
147.83,-31.7,2012,7,"051054",37.2
147.83,-31.7,2012,8,"051054",2
147.83,-31.7,2012,9,"051054",19.8
147.83,-31.7,2012,10,"051054",7
147.83,-31.7,2012,11,"051054",32
147.83,-31.7,2012,12,"051054",9.2
147.83,-31.7,2013,1,"051054",1.5
147.83,-31.7,2013,2,"051054",9.6
147.83,-31.7,2013,3,"051054",NA
147.83,-31.7,2013,4,"051054",0
147.83,-31.7,2013,5,"051054",21.6
147.83,-31.7,2013,6,"051054",116.2
147.83,-31.7,2013,7,"051054",25.2
147.83,-31.7,2013,8,"051054",6.8
147.83,-31.7,2013,9,"051054",84.2
147.83,-31.7,2013,10,"051054",1.5
147.83,-31.7,2013,11,"051054",0
147.83,-31.7,2013,12,"051054",NA
147.83,-31.7,2014,1,"051054",12.2
147.83,-31.7,2014,2,"051054",56.4
147.83,-31.7,2014,3,"051054",88
147.83,-31.7,2014,4,"051054",34.7
147.83,-31.7,2014,5,"051054",13.4
147.83,-31.7,2014,6,"051054",NA
147.83,-31.7,2014,7,"051054",27.5
147.83,-31.7,2014,8,"051054",42.5
147.83,-31.7,2014,9,"051054",12.3
147.83,-31.7,2014,10,"051054",0
147.83,-31.7,2014,11,"051054",7
147.83,-31.7,2014,12,"051054",NA
147.83,-31.7,2015,1,"051054",50.5
147.83,-31.7,2015,2,"051054",0
147.83,-31.7,2015,3,"051054",NA
147.83,-31.7,2015,4,"051054",92.2
147.83,-31.7,2015,5,"051054",83.3
147.83,-31.7,2015,6,"051054",70.1
147.83,-31.7,2015,7,"051054",44
147.83,-31.7,2015,8,"051054",25
147.83,-31.7,2015,9,"051054",4
147.83,-31.7,2015,10,"051054",17.4
147.83,-31.7,2015,11,"051054",67
147.83,-31.7,2015,12,"051054",37.3
147.83,-31.7,2016,1,"051054",92.8
147.83,-31.7,2016,2,"051054",0
147.83,-31.7,2016,3,"051054",11
147.83,-31.7,2016,4,"051054",45.3
147.83,-31.7,2016,5,"051054",49
147.83,-31.7,2016,6,"051054",155.3
147.83,-31.7,2016,7,"051054",34.4
147.83,-31.7,2016,8,"051054",NA
147.83,-31.7,2016,9,"051054",145
147.83,-31.7,2016,10,"051054",NA
147.83,-31.7,2016,11,"051054",NA
147.83,-31.7,2016,12,"051054",NA
