"Lon","Lat","Year","Month","Station","Rain"
145.78,-38.49,1885,1,"086194",39.4
145.78,-38.49,1885,2,"086194",158
145.78,-38.49,1885,3,"086194",119.1
145.78,-38.49,1885,4,"086194",165.3
145.78,-38.49,1885,5,"086194",80
145.78,-38.49,1885,6,"086194",173
145.78,-38.49,1885,7,"086194",61.5
145.78,-38.49,1885,8,"086194",110.1
145.78,-38.49,1885,9,"086194",234.1
145.78,-38.49,1885,10,"086194",77.4
145.78,-38.49,1885,11,"086194",87.8
145.78,-38.49,1885,12,"086194",60.8
145.78,-38.49,1886,1,"086194",132.1
145.78,-38.49,1886,2,"086194",175.5
145.78,-38.49,1886,3,"086194",64.2
145.78,-38.49,1886,4,"086194",73.2
145.78,-38.49,1886,5,"086194",134.2
145.78,-38.49,1886,6,"086194",51.6
145.78,-38.49,1886,7,"086194",46.6
145.78,-38.49,1886,8,"086194",138.4
145.78,-38.49,1886,9,"086194",100
145.78,-38.49,1886,10,"086194",220.6
145.78,-38.49,1886,11,"086194",71.6
145.78,-38.49,1886,12,"086194",112.5
145.78,-38.49,1887,1,"086194",43.5
145.78,-38.49,1887,2,"086194",56.3
145.78,-38.49,1887,3,"086194",76.5
145.78,-38.49,1887,4,"086194",102.4
145.78,-38.49,1887,5,"086194",157.3
145.78,-38.49,1887,6,"086194",138.9
145.78,-38.49,1887,7,"086194",230.6
145.78,-38.49,1887,8,"086194",54
145.78,-38.49,1887,9,"086194",224.5
145.78,-38.49,1887,10,"086194",115.8
145.78,-38.49,1887,11,"086194",144.2
145.78,-38.49,1887,12,"086194",131.9
145.78,-38.49,1888,1,"086194",76.1
145.78,-38.49,1888,2,"086194",48.6
145.78,-38.49,1888,3,"086194",172.5
145.78,-38.49,1888,4,"086194",64
145.78,-38.49,1888,5,"086194",117
145.78,-38.49,1888,6,"086194",172.6
145.78,-38.49,1888,7,"086194",151.6
145.78,-38.49,1888,8,"086194",91.9
145.78,-38.49,1888,9,"086194",97.4
145.78,-38.49,1888,10,"086194",94.4
145.78,-38.49,1888,11,"086194",69.5
145.78,-38.49,1888,12,"086194",104.1
145.78,-38.49,1889,1,"086194",151.3
145.78,-38.49,1889,2,"086194",45.3
145.78,-38.49,1889,3,"086194",45.1
145.78,-38.49,1889,4,"086194",162
145.78,-38.49,1889,5,"086194",117.3
145.78,-38.49,1889,6,"086194",227
145.78,-38.49,1889,7,"086194",107.7
145.78,-38.49,1889,8,"086194",195.5
145.78,-38.49,1889,9,"086194",127
145.78,-38.49,1889,10,"086194",150.1
145.78,-38.49,1889,11,"086194",117.6
145.78,-38.49,1889,12,"086194",60.1
145.78,-38.49,1890,1,"086194",24.2
145.78,-38.49,1890,2,"086194",90.9
145.78,-38.49,1890,3,"086194",70.3
145.78,-38.49,1890,4,"086194",64.8
145.78,-38.49,1890,5,"086194",71.8
145.78,-38.49,1890,6,"086194",121.1
145.78,-38.49,1890,7,"086194",43.6
145.78,-38.49,1890,8,"086194",141.2
145.78,-38.49,1890,9,"086194",99.8
145.78,-38.49,1890,10,"086194",197.6
145.78,-38.49,1890,11,"086194",178.9
145.78,-38.49,1890,12,"086194",112.5
145.78,-38.49,1891,1,"086194",55
145.78,-38.49,1891,2,"086194",28.4
145.78,-38.49,1891,3,"086194",48.8
145.78,-38.49,1891,4,"086194",108.1
145.78,-38.49,1891,5,"086194",92.3
145.78,-38.49,1891,6,"086194",175.1
145.78,-38.49,1891,7,"086194",142.4
145.78,-38.49,1891,8,"086194",97.4
145.78,-38.49,1891,9,"086194",113.6
145.78,-38.49,1891,10,"086194",95.6
145.78,-38.49,1891,11,"086194",109.9
145.78,-38.49,1891,12,"086194",152.6
145.78,-38.49,1892,1,"086194",40.5
145.78,-38.49,1892,2,"086194",9
145.78,-38.49,1892,3,"086194",99.3
145.78,-38.49,1892,4,"086194",139.1
145.78,-38.49,1892,5,"086194",75.4
145.78,-38.49,1892,6,"086194",121.8
145.78,-38.49,1892,7,"086194",130.4
145.78,-38.49,1892,8,"086194",123.6
145.78,-38.49,1892,9,"086194",93.5
145.78,-38.49,1892,10,"086194",91.6
145.78,-38.49,1892,11,"086194",98.8
145.78,-38.49,1892,12,"086194",148.9
145.78,-38.49,1893,1,"086194",34.6
145.78,-38.49,1893,2,"086194",20.3
145.78,-38.49,1893,3,"086194",29.7
145.78,-38.49,1893,4,"086194",85.9
145.78,-38.49,1893,5,"086194",152.4
145.78,-38.49,1893,6,"086194",169.4
145.78,-38.49,1893,7,"086194",86.9
145.78,-38.49,1893,8,"086194",98.8
145.78,-38.49,1893,9,"086194",206.1
145.78,-38.49,1893,10,"086194",155.5
145.78,-38.49,1893,11,"086194",115.8
145.78,-38.49,1893,12,"086194",110.5
145.78,-38.49,1894,1,"086194",40.3
145.78,-38.49,1894,2,"086194",20.9
145.78,-38.49,1894,3,"086194",29.8
145.78,-38.49,1894,4,"086194",76.3
145.78,-38.49,1894,5,"086194",116
145.78,-38.49,1894,6,"086194",140.6
145.78,-38.49,1894,7,"086194",193.9
145.78,-38.49,1894,8,"086194",142.1
145.78,-38.49,1894,9,"086194",120.2
145.78,-38.49,1894,10,"086194",138.7
145.78,-38.49,1894,11,"086194",47.8
145.78,-38.49,1894,12,"086194",104.1
145.78,-38.49,1895,1,"086194",49
145.78,-38.49,1895,2,"086194",36.4
145.78,-38.49,1895,3,"086194",51
145.78,-38.49,1895,4,"086194",118.1
145.78,-38.49,1895,5,"086194",51
145.78,-38.49,1895,6,"086194",138.6
145.78,-38.49,1895,7,"086194",113.8
145.78,-38.49,1895,8,"086194",176.9
145.78,-38.49,1895,9,"086194",146
145.78,-38.49,1895,10,"086194",64
145.78,-38.49,1895,11,"086194",38.1
145.78,-38.49,1895,12,"086194",99.8
145.78,-38.49,1896,1,"086194",114
145.78,-38.49,1896,2,"086194",90.2
145.78,-38.49,1896,3,"086194",98.9
145.78,-38.49,1896,4,"086194",164.1
145.78,-38.49,1896,5,"086194",76
145.78,-38.49,1896,6,"086194",79
145.78,-38.49,1896,7,"086194",153.7
145.78,-38.49,1896,8,"086194",106.1
145.78,-38.49,1896,9,"086194",101.4
145.78,-38.49,1896,10,"086194",28.7
145.78,-38.49,1896,11,"086194",25.9
145.78,-38.49,1896,12,"086194",42.7
145.78,-38.49,1897,1,"086194",213.2
145.78,-38.49,1897,2,"086194",113.4
145.78,-38.49,1897,3,"086194",127.9
145.78,-38.49,1897,4,"086194",68.3
145.78,-38.49,1897,5,"086194",133.6
145.78,-38.49,1897,6,"086194",82
145.78,-38.49,1897,7,"086194",115.9
145.78,-38.49,1897,8,"086194",173.9
145.78,-38.49,1897,9,"086194",54.6
145.78,-38.49,1897,10,"086194",68.1
145.78,-38.49,1897,11,"086194",23.8
145.78,-38.49,1897,12,"086194",23.9
145.78,-38.49,1898,1,"086194",21.5
145.78,-38.49,1898,2,"086194",2
145.78,-38.49,1898,3,"086194",34.1
145.78,-38.49,1898,4,"086194",74.4
145.78,-38.49,1898,5,"086194",119.2
145.78,-38.49,1898,6,"086194",114.7
145.78,-38.49,1898,7,"086194",77.7
145.78,-38.49,1898,8,"086194",30.2
145.78,-38.49,1898,9,"086194",108.4
145.78,-38.49,1898,10,"086194",89.5
145.78,-38.49,1898,11,"086194",124.7
145.78,-38.49,1898,12,"086194",25.6
145.78,-38.49,1899,1,"086194",186.8
145.78,-38.49,1899,2,"086194",13.7
145.78,-38.49,1899,3,"086194",116
145.78,-38.49,1899,4,"086194",84.8
145.78,-38.49,1899,5,"086194",114.5
145.78,-38.49,1899,6,"086194",113.6
145.78,-38.49,1899,7,"086194",51.6
145.78,-38.49,1899,8,"086194",55.8
145.78,-38.49,1899,9,"086194",44.9
145.78,-38.49,1899,10,"086194",105.5
145.78,-38.49,1899,11,"086194",64.2
145.78,-38.49,1899,12,"086194",41.7
145.78,-38.49,1900,1,"086194",184.7
145.78,-38.49,1900,2,"086194",13.8
145.78,-38.49,1900,3,"086194",149.1
145.78,-38.49,1900,4,"086194",204.2
145.78,-38.49,1900,5,"086194",113.6
145.78,-38.49,1900,6,"086194",95.2
145.78,-38.49,1900,7,"086194",52.5
145.78,-38.49,1900,8,"086194",152.3
145.78,-38.49,1900,9,"086194",65.9
145.78,-38.49,1900,10,"086194",115.1
145.78,-38.49,1900,11,"086194",40.4
145.78,-38.49,1900,12,"086194",75.3
145.78,-38.49,1901,1,"086194",111.7
145.78,-38.49,1901,2,"086194",13.2
145.78,-38.49,1901,3,"086194",168.6
145.78,-38.49,1901,4,"086194",210.5
145.78,-38.49,1901,5,"086194",77.7
145.78,-38.49,1901,6,"086194",178.8
145.78,-38.49,1901,7,"086194",59.3
145.78,-38.49,1901,8,"086194",70.8
145.78,-38.49,1901,9,"086194",108.2
145.78,-38.49,1901,10,"086194",86.8
145.78,-38.49,1901,11,"086194",34.3
145.78,-38.49,1901,12,"086194",27.3
145.78,-38.49,1902,1,"086194",81.8
145.78,-38.49,1902,2,"086194",51
145.78,-38.49,1902,3,"086194",121.9
145.78,-38.49,1902,4,"086194",39.9
145.78,-38.49,1902,5,"086194",46
145.78,-38.49,1902,6,"086194",75.9
145.78,-38.49,1902,7,"086194",47.5
145.78,-38.49,1902,8,"086194",46.8
145.78,-38.49,1902,9,"086194",110.3
145.78,-38.49,1902,10,"086194",59.5
145.78,-38.49,1902,11,"086194",29.1
145.78,-38.49,1902,12,"086194",118.2
145.78,-38.49,1903,1,"086194",48.5
145.78,-38.49,1903,2,"086194",48.7
145.78,-38.49,1903,3,"086194",122.1
145.78,-38.49,1903,4,"086194",128
145.78,-38.49,1903,5,"086194",70.1
145.78,-38.49,1903,6,"086194",144.2
145.78,-38.49,1903,7,"086194",60.7
145.78,-38.49,1903,8,"086194",79.3
145.78,-38.49,1903,9,"086194",87.4
145.78,-38.49,1903,10,"086194",83.3
145.78,-38.49,1903,11,"086194",92
145.78,-38.49,1903,12,"086194",91.3
145.78,-38.49,1904,1,"086194",111.5
145.78,-38.49,1904,2,"086194",141.8
145.78,-38.49,1904,3,"086194",25.7
145.78,-38.49,1904,4,"086194",39.9
145.78,-38.49,1904,5,"086194",98.7
145.78,-38.49,1904,6,"086194",144.7
145.78,-38.49,1904,7,"086194",81
145.78,-38.49,1904,8,"086194",76.1
145.78,-38.49,1904,9,"086194",106.1
145.78,-38.49,1904,10,"086194",79.8
145.78,-38.49,1904,11,"086194",106.4
145.78,-38.49,1904,12,"086194",28.2
145.78,-38.49,1905,1,"086194",40.7
145.78,-38.49,1905,2,"086194",49.9
145.78,-38.49,1905,3,"086194",33
145.78,-38.49,1905,4,"086194",60.2
145.78,-38.49,1905,5,"086194",98
145.78,-38.49,1905,6,"086194",133.4
145.78,-38.49,1905,7,"086194",171.8
145.78,-38.49,1905,8,"086194",54.5
145.78,-38.49,1905,9,"086194",112.3
145.78,-38.49,1905,10,"086194",88.7
145.78,-38.49,1905,11,"086194",63.5
145.78,-38.49,1905,12,"086194",68
145.78,-38.49,1906,1,"086194",6.1
145.78,-38.49,1906,2,"086194",9.2
145.78,-38.49,1906,3,"086194",134
145.78,-38.49,1906,4,"086194",70.2
145.78,-38.49,1906,5,"086194",98
145.78,-38.49,1906,6,"086194",71.1
145.78,-38.49,1906,7,"086194",129.7
145.78,-38.49,1906,8,"086194",85.7
145.78,-38.49,1906,9,"086194",62.5
145.78,-38.49,1906,10,"086194",162.3
145.78,-38.49,1906,11,"086194",110.7
145.78,-38.49,1906,12,"086194",49.3
145.78,-38.49,1907,1,"086194",8.9
145.78,-38.49,1907,2,"086194",27.2
145.78,-38.49,1907,3,"086194",58.2
145.78,-38.49,1907,4,"086194",120.1
145.78,-38.49,1907,5,"086194",34.7
145.78,-38.49,1907,6,"086194",20.2
145.78,-38.49,1907,7,"086194",67.8
145.78,-38.49,1907,8,"086194",106.4
145.78,-38.49,1907,9,"086194",91.6
145.78,-38.49,1907,10,"086194",58.2
145.78,-38.49,1907,11,"086194",66.6
145.78,-38.49,1907,12,"086194",123.1
145.78,-38.49,1908,1,"086194",21.1
145.78,-38.49,1908,2,"086194",28.5
145.78,-38.49,1908,3,"086194",50
145.78,-38.49,1908,4,"086194",26.2
145.78,-38.49,1908,5,"086194",92.1
145.78,-38.49,1908,6,"086194",95.5
145.78,-38.49,1908,7,"086194",54.8
145.78,-38.49,1908,8,"086194",48.2
145.78,-38.49,1908,9,"086194",80.6
145.78,-38.49,1908,10,"086194",41.9
145.78,-38.49,1908,11,"086194",46.5
145.78,-38.49,1908,12,"086194",16
145.78,-38.49,1909,1,"086194",72.9
145.78,-38.49,1909,2,"086194",29.9
145.78,-38.49,1909,3,"086194",56.7
145.78,-38.49,1909,4,"086194",94.4
145.78,-38.49,1909,5,"086194",69
145.78,-38.49,1909,6,"086194",105.9
145.78,-38.49,1909,7,"086194",60.9
145.78,-38.49,1909,8,"086194",96.2
145.78,-38.49,1909,9,"086194",60.2
145.78,-38.49,1909,10,"086194",59.3
145.78,-38.49,1909,11,"086194",19.5
145.78,-38.49,1909,12,"086194",29.4
145.78,-38.49,1910,1,"086194",46.2
145.78,-38.49,1910,2,"086194",16.7
145.78,-38.49,1910,3,"086194",43.8
145.78,-38.49,1910,4,"086194",24
145.78,-38.49,1910,5,"086194",60
145.78,-38.49,1910,6,"086194",58.5
145.78,-38.49,1910,7,"086194",44.8
145.78,-38.49,1910,8,"086194",33.4
145.78,-38.49,1910,9,"086194",113.9
145.78,-38.49,1910,10,"086194",88
145.78,-38.49,1910,11,"086194",58.5
145.78,-38.49,1910,12,"086194",63.6
145.78,-38.49,1911,1,"086194",29.9
145.78,-38.49,1911,2,"086194",137.8
145.78,-38.49,1911,3,"086194",161.4
145.78,-38.49,1911,4,"086194",73.6
145.78,-38.49,1911,5,"086194",122.9
145.78,-38.49,1911,6,"086194",160.9
145.78,-38.49,1911,7,"086194",68.7
145.78,-38.49,1911,8,"086194",52.9
145.78,-38.49,1911,9,"086194",67.6
145.78,-38.49,1911,10,"086194",30.7
145.78,-38.49,1911,11,"086194",21.3
145.78,-38.49,1911,12,"086194",107.7
145.78,-38.49,1912,1,"086194",45.2
145.78,-38.49,1912,2,"086194",18.7
145.78,-38.49,1912,3,"086194",28.4
145.78,-38.49,1912,4,"086194",99.6
145.78,-38.49,1912,5,"086194",73.4
145.78,-38.49,1912,6,"086194",78.3
145.78,-38.49,1912,7,"086194",76.9
145.78,-38.49,1912,8,"086194",86.5
145.78,-38.49,1912,9,"086194",148.3
145.78,-38.49,1912,10,"086194",67.2
145.78,-38.49,1912,11,"086194",102.7
145.78,-38.49,1912,12,"086194",76.6
145.78,-38.49,1914,1,"086194",NA
145.78,-38.49,1914,2,"086194",NA
145.78,-38.49,1914,3,"086194",NA
145.78,-38.49,1914,4,"086194",NA
145.78,-38.49,1914,5,"086194",NA
145.78,-38.49,1914,6,"086194",NA
145.78,-38.49,1914,7,"086194",NA
145.78,-38.49,1914,8,"086194",30.7
145.78,-38.49,1914,9,"086194",29.3
145.78,-38.49,1914,10,"086194",16
145.78,-38.49,1914,11,"086194",36.9
145.78,-38.49,1914,12,"086194",93.9
145.78,-38.49,1915,1,"086194",51.3
145.78,-38.49,1915,2,"086194",24
145.78,-38.49,1915,3,"086194",35.7
145.78,-38.49,1915,4,"086194",114.9
145.78,-38.49,1915,5,"086194",113.3
145.78,-38.49,1915,6,"086194",89.7
145.78,-38.49,1915,7,"086194",63.7
145.78,-38.49,1915,8,"086194",72
145.78,-38.49,1915,9,"086194",79.2
145.78,-38.49,1915,10,"086194",63.2
145.78,-38.49,1915,11,"086194",45.2
145.78,-38.49,1915,12,"086194",10.4
145.78,-38.49,1916,1,"086194",112.6
145.78,-38.49,1916,2,"086194",77.3
145.78,-38.49,1916,3,"086194",31.8
145.78,-38.49,1916,4,"086194",53.3
145.78,-38.49,1916,5,"086194",53.6
145.78,-38.49,1916,6,"086194",56.4
145.78,-38.49,1916,7,"086194",26.3
145.78,-38.49,1916,8,"086194",64.1
145.78,-38.49,1916,9,"086194",162.4
145.78,-38.49,1916,10,"086194",83.1
145.78,-38.49,1916,11,"086194",82.3
145.78,-38.49,1916,12,"086194",98.3
145.78,-38.49,1917,1,"086194",21.1
145.78,-38.49,1917,2,"086194",78.8
145.78,-38.49,1917,3,"086194",102.9
145.78,-38.49,1917,4,"086194",70.6
145.78,-38.49,1917,5,"086194",167.6
145.78,-38.49,1917,6,"086194",86.6
145.78,-38.49,1917,7,"086194",53.6
145.78,-38.49,1917,8,"086194",159.2
145.78,-38.49,1917,9,"086194",111.4
145.78,-38.49,1917,10,"086194",182.7
145.78,-38.49,1917,11,"086194",16.7
145.78,-38.49,1917,12,"086194",0
145.78,-38.49,1918,1,"086194",0.5
145.78,-38.49,1918,2,"086194",57.5
145.78,-38.49,1918,3,"086194",119.2
145.78,-38.49,1918,4,"086194",37.1
145.78,-38.49,1918,5,"086194",78.4
145.78,-38.49,1918,6,"086194",93.1
145.78,-38.49,1918,7,"086194",108.8
145.78,-38.49,1918,8,"086194",48.8
145.78,-38.49,1918,9,"086194",NA
145.78,-38.49,1918,10,"086194",22.9
145.78,-38.49,1918,11,"086194",39.6
145.78,-38.49,1918,12,"086194",29.8
145.78,-38.49,1919,1,"086194",21.6
145.78,-38.49,1919,2,"086194",NA
145.78,-38.49,1919,3,"086194",NA
145.78,-38.49,1919,4,"086194",NA
145.78,-38.49,1919,5,"086194",NA
145.78,-38.49,1919,6,"086194",NA
145.78,-38.49,1919,7,"086194",50
145.78,-38.49,1919,8,"086194",80
145.78,-38.49,1919,9,"086194",118.9
145.78,-38.49,1919,10,"086194",37.6
145.78,-38.49,1919,11,"086194",31.5
145.78,-38.49,1919,12,"086194",31
145.78,-38.49,1921,1,"086194",NA
145.78,-38.49,1921,2,"086194",NA
145.78,-38.49,1921,3,"086194",59.9
145.78,-38.49,1921,4,"086194",37.3
145.78,-38.49,1921,5,"086194",103.1
145.78,-38.49,1921,6,"086194",50.7
145.78,-38.49,1921,7,"086194",82.1
145.78,-38.49,1921,8,"086194",140.3
145.78,-38.49,1921,9,"086194",102.7
145.78,-38.49,1921,10,"086194",130.5
145.78,-38.49,1921,11,"086194",80.4
145.78,-38.49,1921,12,"086194",33.8
145.78,-38.49,1922,1,"086194",28
145.78,-38.49,1922,2,"086194",47
145.78,-38.49,1922,3,"086194",56.3
145.78,-38.49,1922,4,"086194",53.6
145.78,-38.49,1922,5,"086194",91.7
145.78,-38.49,1922,6,"086194",95.2
145.78,-38.49,1922,7,"086194",83.4
145.78,-38.49,1922,8,"086194",112.2
145.78,-38.49,1922,9,"086194",55.4
145.78,-38.49,1922,10,"086194",139.5
145.78,-38.49,1922,11,"086194",59.8
145.78,-38.49,1922,12,"086194",117
145.78,-38.49,1923,1,"086194",74.9
145.78,-38.49,1923,2,"086194",27.1
145.78,-38.49,1923,3,"086194",1
145.78,-38.49,1923,4,"086194",0
145.78,-38.49,1923,5,"086194",196
145.78,-38.49,1923,6,"086194",116.2
145.78,-38.49,1923,7,"086194",130.3
145.78,-38.49,1923,8,"086194",140.9
145.78,-38.49,1923,9,"086194",118.9
145.78,-38.49,1923,10,"086194",108.1
145.78,-38.49,1923,11,"086194",71.8
145.78,-38.49,1923,12,"086194",83.5
145.78,-38.49,1924,1,"086194",NA
145.78,-38.49,1924,2,"086194",NA
145.78,-38.49,1924,3,"086194",NA
145.78,-38.49,1924,4,"086194",NA
145.78,-38.49,1924,5,"086194",58.4
145.78,-38.49,1924,6,"086194",64.7
145.78,-38.49,1924,7,"086194",53.3
145.78,-38.49,1924,8,"086194",158.6
145.78,-38.49,1924,9,"086194",109.3
145.78,-38.49,1924,10,"086194",123.7
145.78,-38.49,1924,11,"086194",86.3
145.78,-38.49,1924,12,"086194",48.7
145.78,-38.49,1925,1,"086194",70.4
145.78,-38.49,1925,2,"086194",37.6
145.78,-38.49,1925,3,"086194",NA
145.78,-38.49,1925,4,"086194",NA
145.78,-38.49,1925,5,"086194",NA
145.78,-38.49,1925,6,"086194",NA
145.78,-38.49,1925,7,"086194",NA
145.78,-38.49,1925,8,"086194",NA
145.78,-38.49,1925,9,"086194",NA
145.78,-38.49,1925,10,"086194",NA
145.78,-38.49,1925,11,"086194",NA
145.78,-38.49,1925,12,"086194",NA
145.78,-38.49,1962,1,"086194",NA
145.78,-38.49,1962,2,"086194",NA
145.78,-38.49,1962,3,"086194",NA
145.78,-38.49,1962,4,"086194",41.1
145.78,-38.49,1962,5,"086194",133.7
145.78,-38.49,1962,6,"086194",96.1
145.78,-38.49,1962,7,"086194",124.8
145.78,-38.49,1962,8,"086194",80.5
145.78,-38.49,1962,9,"086194",118.9
145.78,-38.49,1962,10,"086194",98.7
145.78,-38.49,1962,11,"086194",38.3
145.78,-38.49,1962,12,"086194",72.2
145.78,-38.49,1963,1,"086194",128.2
145.78,-38.49,1963,2,"086194",35.8
145.78,-38.49,1963,3,"086194",66.3
145.78,-38.49,1963,4,"086194",19.5
145.78,-38.49,1963,5,"086194",110.8
145.78,-38.49,1963,6,"086194",77.2
145.78,-38.49,1963,7,"086194",79.2
145.78,-38.49,1963,8,"086194",67.5
145.78,-38.49,1963,9,"086194",106
145.78,-38.49,1963,10,"086194",54.4
145.78,-38.49,1963,11,"086194",46.8
145.78,-38.49,1963,12,"086194",35.1
145.78,-38.49,1964,1,"086194",38.1
145.78,-38.49,1964,2,"086194",74
145.78,-38.49,1964,3,"086194",45.2
145.78,-38.49,1964,4,"086194",86.6
145.78,-38.49,1964,5,"086194",105.9
145.78,-38.49,1964,6,"086194",79.3
145.78,-38.49,1964,7,"086194",192.9
145.78,-38.49,1964,8,"086194",124.4
145.78,-38.49,1964,9,"086194",130.7
145.78,-38.49,1964,10,"086194",100.3
145.78,-38.49,1964,11,"086194",72.4
145.78,-38.49,1964,12,"086194",119.2
145.78,-38.49,1965,1,"086194",23.8
145.78,-38.49,1965,2,"086194",4.8
145.78,-38.49,1965,3,"086194",68.5
145.78,-38.49,1965,4,"086194",156.8
145.78,-38.49,1965,5,"086194",100.1
145.78,-38.49,1965,6,"086194",39.9
145.78,-38.49,1965,7,"086194",99
145.78,-38.49,1965,8,"086194",119.5
145.78,-38.49,1965,9,"086194",93.2
145.78,-38.49,1965,10,"086194",27.8
145.78,-38.49,1965,11,"086194",130.9
145.78,-38.49,1965,12,"086194",40.9
145.78,-38.49,1966,1,"086194",38.6
145.78,-38.49,1966,2,"086194",39.1
145.78,-38.49,1966,3,"086194",89.8
145.78,-38.49,1966,4,"086194",109.5
145.78,-38.49,1966,5,"086194",88.4
145.78,-38.49,1966,6,"086194",62.3
145.78,-38.49,1966,7,"086194",118.1
145.78,-38.49,1966,8,"086194",102.9
145.78,-38.49,1966,9,"086194",73.8
145.78,-38.49,1966,10,"086194",73.2
145.78,-38.49,1966,11,"086194",51.8
145.78,-38.49,1966,12,"086194",104.8
145.78,-38.49,1967,1,"086194",46.7
145.78,-38.49,1967,2,"086194",15.5
145.78,-38.49,1967,3,"086194",62.9
145.78,-38.49,1967,4,"086194",29.8
145.78,-38.49,1967,5,"086194",34.5
145.78,-38.49,1967,6,"086194",54.7
145.78,-38.49,1967,7,"086194",45.2
145.78,-38.49,1967,8,"086194",117.8
145.78,-38.49,1967,9,"086194",64.4
145.78,-38.49,1967,10,"086194",26.1
145.78,-38.49,1967,11,"086194",80.9
145.78,-38.49,1967,12,"086194",65.3
145.78,-38.49,1968,1,"086194",18.8
145.78,-38.49,1968,2,"086194",19.3
145.78,-38.49,1968,3,"086194",66.8
145.78,-38.49,1968,4,"086194",102.2
145.78,-38.49,1968,5,"086194",264.9
145.78,-38.49,1968,6,"086194",135.7
145.78,-38.49,1968,7,"086194",48.5
145.78,-38.49,1968,8,"086194",130.2
145.78,-38.49,1968,9,"086194",62.4
145.78,-38.49,1968,10,"086194",111.2
145.78,-38.49,1968,11,"086194",145.5
145.78,-38.49,1968,12,"086194",39.3
145.78,-38.49,1969,1,"086194",41.5
145.78,-38.49,1969,2,"086194",70.6
145.78,-38.49,1969,3,"086194",59.5
145.78,-38.49,1969,4,"086194",51.3
145.78,-38.49,1969,5,"086194",125.8
145.78,-38.49,1969,6,"086194",55.6
145.78,-38.49,1969,7,"086194",94.2
145.78,-38.49,1969,8,"086194",84.5
145.78,-38.49,1969,9,"086194",131.8
145.78,-38.49,1969,10,"086194",41.6
145.78,-38.49,1969,11,"086194",88.8
145.78,-38.49,1969,12,"086194",42.2
145.78,-38.49,1970,1,"086194",135.9
145.78,-38.49,1970,2,"086194",19.9
145.78,-38.49,1970,3,"086194",169.1
145.78,-38.49,1970,4,"086194",85.9
145.78,-38.49,1970,5,"086194",122.2
145.78,-38.49,1970,6,"086194",47.3
145.78,-38.49,1970,7,"086194",123.8
145.78,-38.49,1970,8,"086194",135.4
145.78,-38.49,1970,9,"086194",75.1
145.78,-38.49,1970,10,"086194",88.1
145.78,-38.49,1970,11,"086194",76.2
145.78,-38.49,1970,12,"086194",128.9
145.78,-38.49,1971,1,"086194",61.1
145.78,-38.49,1971,2,"086194",38.3
145.78,-38.49,1971,3,"086194",23.1
145.78,-38.49,1971,4,"086194",63
145.78,-38.49,1971,5,"086194",102.2
145.78,-38.49,1971,6,"086194",159.5
145.78,-38.49,1971,7,"086194",35.8
145.78,-38.49,1971,8,"086194",50.3
145.78,-38.49,1971,9,"086194",112.3
145.78,-38.49,1971,10,"086194",166.4
145.78,-38.49,1971,11,"086194",114.6
145.78,-38.49,1971,12,"086194",53.1
145.78,-38.49,1972,1,"086194",73.9
145.78,-38.49,1972,2,"086194",57
145.78,-38.49,1972,3,"086194",2.5
145.78,-38.49,1972,4,"086194",89.1
145.78,-38.49,1972,5,"086194",68.7
145.78,-38.49,1972,6,"086194",31
145.78,-38.49,1972,7,"086194",169
145.78,-38.49,1972,8,"086194",83.7
145.78,-38.49,1972,9,"086194",76.5
145.78,-38.49,1972,10,"086194",77.2
145.78,-38.49,1972,11,"086194",50.1
145.78,-38.49,1972,12,"086194",22.2
145.78,-38.49,1973,1,"086194",45.8
145.78,-38.49,1973,2,"086194",157.1
145.78,-38.49,1973,3,"086194",118.8
145.78,-38.49,1973,4,"086194",53.3
145.78,-38.49,1973,5,"086194",107.7
145.78,-38.49,1973,6,"086194",136.3
145.78,-38.49,1973,7,"086194",32.5
145.78,-38.49,1973,8,"086194",110.1
145.78,-38.49,1973,9,"086194",87.7
145.78,-38.49,1973,10,"086194",101.2
145.78,-38.49,1973,11,"086194",82.1
145.78,-38.49,1973,12,"086194",69.4
145.78,-38.49,1974,1,"086194",43.4
145.78,-38.49,1974,2,"086194",32
145.78,-38.49,1974,3,"086194",24.2
145.78,-38.49,1974,4,"086194",142.9
145.78,-38.49,1974,5,"086194",119.5
145.78,-38.49,1974,6,"086194",39.2
145.78,-38.49,1974,7,"086194",181.3
145.78,-38.49,1974,8,"086194",114.2
145.78,-38.49,1974,9,"086194",169.7
145.78,-38.49,1974,10,"086194",83.5
145.78,-38.49,1974,11,"086194",62.9
145.78,-38.49,1974,12,"086194",90.3
145.78,-38.49,1975,1,"086194",76.9
145.78,-38.49,1975,2,"086194",9.2
145.78,-38.49,1975,3,"086194",77.4
145.78,-38.49,1975,4,"086194",81.2
145.78,-38.49,1975,5,"086194",128.4
145.78,-38.49,1975,6,"086194",80.5
145.78,-38.49,1975,7,"086194",136.3
145.78,-38.49,1975,8,"086194",148.3
145.78,-38.49,1975,9,"086194",136.5
145.78,-38.49,1975,10,"086194",191
145.78,-38.49,1975,11,"086194",94.4
145.78,-38.49,1975,12,"086194",49.5
145.78,-38.49,1976,1,"086194",26.3
145.78,-38.49,1976,2,"086194",6
145.78,-38.49,1976,3,"086194",63.5
145.78,-38.49,1976,4,"086194",52.3
145.78,-38.49,1976,5,"086194",46.7
145.78,-38.49,1976,6,"086194",113.7
145.78,-38.49,1976,7,"086194",42.5
145.78,-38.49,1976,8,"086194",103.5
145.78,-38.49,1976,9,"086194",135
145.78,-38.49,1976,10,"086194",108
145.78,-38.49,1976,11,"086194",72.2
145.78,-38.49,1976,12,"086194",67.1
145.78,-38.49,1977,1,"086194",69
145.78,-38.49,1977,2,"086194",22.6
145.78,-38.49,1977,3,"086194",83
145.78,-38.49,1977,4,"086194",74.2
145.78,-38.49,1977,5,"086194",94.5
145.78,-38.49,1977,6,"086194",235
145.78,-38.49,1977,7,"086194",133
145.78,-38.49,1977,8,"086194",77.5
145.78,-38.49,1977,9,"086194",35
145.78,-38.49,1977,10,"086194",71
145.78,-38.49,1977,11,"086194",90
145.78,-38.49,1977,12,"086194",43
145.78,-38.49,1978,1,"086194",99.5
145.78,-38.49,1978,2,"086194",78
145.78,-38.49,1978,3,"086194",57.1
145.78,-38.49,1978,4,"086194",56.3
145.78,-38.49,1978,5,"086194",122.5
145.78,-38.49,1978,6,"086194",66
145.78,-38.49,1978,7,"086194",204.5
145.78,-38.49,1978,8,"086194",122
145.78,-38.49,1978,9,"086194",102.5
145.78,-38.49,1978,10,"086194",108.2
145.78,-38.49,1978,11,"086194",146
145.78,-38.49,1978,12,"086194",128
145.78,-38.49,1979,1,"086194",29
145.78,-38.49,1979,2,"086194",19
145.78,-38.49,1979,3,"086194",53
145.78,-38.49,1979,4,"086194",114
145.78,-38.49,1979,5,"086194",107.5
145.78,-38.49,1979,6,"086194",77.5
145.78,-38.49,1979,7,"086194",46.8
145.78,-38.49,1979,8,"086194",127.2
145.78,-38.49,1979,9,"086194",136
145.78,-38.49,1979,10,"086194",112.7
145.78,-38.49,1979,11,"086194",58.5
145.78,-38.49,1979,12,"086194",52.2
145.78,-38.49,1980,1,"086194",87.4
145.78,-38.49,1980,2,"086194",17.6
145.78,-38.49,1980,3,"086194",41.6
145.78,-38.49,1980,4,"086194",45.2
145.78,-38.49,1980,5,"086194",87
145.78,-38.49,1980,6,"086194",139.3
145.78,-38.49,1980,7,"086194",129.1
145.78,-38.49,1980,8,"086194",104.9
145.78,-38.49,1980,9,"086194",124.6
145.78,-38.49,1980,10,"086194",111.4
145.78,-38.49,1980,11,"086194",77.1
145.78,-38.49,1980,12,"086194",39
145.78,-38.49,1981,1,"086194",74.8
145.78,-38.49,1981,2,"086194",21
145.78,-38.49,1981,3,"086194",132.9
145.78,-38.49,1981,4,"086194",61.9
145.78,-38.49,1981,5,"086194",114.3
145.78,-38.49,1981,6,"086194",95.5
145.78,-38.49,1981,7,"086194",127.6
145.78,-38.49,1981,8,"086194",123.1
145.78,-38.49,1981,9,"086194",52.5
145.78,-38.49,1981,10,"086194",95
145.78,-38.49,1981,11,"086194",92.5
145.78,-38.49,1981,12,"086194",66.5
145.78,-38.49,1982,1,"086194",97.5
145.78,-38.49,1982,2,"086194",11.2
145.78,-38.49,1982,3,"086194",113.9
145.78,-38.49,1982,4,"086194",76.9
145.78,-38.49,1982,5,"086194",110
145.78,-38.49,1982,6,"086194",56.7
145.78,-38.49,1982,7,"086194",46
145.78,-38.49,1982,8,"086194",21.2
145.78,-38.49,1982,9,"086194",109.5
145.78,-38.49,1982,10,"086194",74.5
145.78,-38.49,1982,11,"086194",23
145.78,-38.49,1982,12,"086194",32.2
145.78,-38.49,1983,1,"086194",48.5
145.78,-38.49,1983,2,"086194",0
145.78,-38.49,1983,3,"086194",121.2
145.78,-38.49,1983,4,"086194",93.7
145.78,-38.49,1983,5,"086194",157
145.78,-38.49,1983,6,"086194",127.5
145.78,-38.49,1983,7,"086194",71
145.78,-38.49,1983,8,"086194",80
145.78,-38.49,1983,9,"086194",147.5
145.78,-38.49,1983,10,"086194",95
145.78,-38.49,1983,11,"086194",85.5
145.78,-38.49,1983,12,"086194",32
145.78,-38.49,1984,1,"086194",78
145.78,-38.49,1984,2,"086194",31
145.78,-38.49,1984,3,"086194",107
145.78,-38.49,1984,4,"086194",101
145.78,-38.49,1984,5,"086194",36
145.78,-38.49,1984,6,"086194",63
145.78,-38.49,1984,7,"086194",115.5
145.78,-38.49,1984,8,"086194",117
145.78,-38.49,1984,9,"086194",116
145.78,-38.49,1984,10,"086194",49.5
145.78,-38.49,1984,11,"086194",69
145.78,-38.49,1984,12,"086194",92.5
145.78,-38.49,1985,1,"086194",23.5
145.78,-38.49,1985,2,"086194",15
145.78,-38.49,1985,3,"086194",61.5
145.78,-38.49,1985,4,"086194",165
145.78,-38.49,1985,5,"086194",97.5
145.78,-38.49,1985,6,"086194",66.5
145.78,-38.49,1985,7,"086194",117.5
145.78,-38.49,1985,8,"086194",97.5
145.78,-38.49,1985,9,"086194",33.5
145.78,-38.49,1985,10,"086194",74
145.78,-38.49,1985,11,"086194",76
145.78,-38.49,1985,12,"086194",106.5
145.78,-38.49,1986,1,"086194",50.5
145.78,-38.49,1986,2,"086194",14.5
145.78,-38.49,1986,3,"086194",17
145.78,-38.49,1986,4,"086194",116
145.78,-38.49,1986,5,"086194",86
145.78,-38.49,1986,6,"086194",132
145.78,-38.49,1986,7,"086194",137
145.78,-38.49,1986,8,"086194",89
145.78,-38.49,1986,9,"086194",70
145.78,-38.49,1986,10,"086194",157
145.78,-38.49,1986,11,"086194",33
145.78,-38.49,1986,12,"086194",116
145.78,-38.49,1987,1,"086194",55
145.78,-38.49,1987,2,"086194",47
145.78,-38.49,1987,3,"086194",92
145.78,-38.49,1987,4,"086194",39
145.78,-38.49,1987,5,"086194",152
145.78,-38.49,1987,6,"086194",135
145.78,-38.49,1987,7,"086194",90
145.78,-38.49,1987,8,"086194",58
145.78,-38.49,1987,9,"086194",82
145.78,-38.49,1987,10,"086194",66
145.78,-38.49,1987,11,"086194",68
145.78,-38.49,1987,12,"086194",84
145.78,-38.49,1988,1,"086194",64
145.78,-38.49,1988,2,"086194",23
145.78,-38.49,1988,3,"086194",52
145.78,-38.49,1988,4,"086194",39.5
145.78,-38.49,1988,5,"086194",92
145.78,-38.49,1988,6,"086194",105
145.78,-38.49,1988,7,"086194",108
145.78,-38.49,1988,8,"086194",94
145.78,-38.49,1988,9,"086194",98
145.78,-38.49,1988,10,"086194",99
145.78,-38.49,1988,11,"086194",131
145.78,-38.49,1988,12,"086194",88
145.78,-38.49,1989,1,"086194",92
145.78,-38.49,1989,2,"086194",19
145.78,-38.49,1989,3,"086194",121
145.78,-38.49,1989,4,"086194",75
145.78,-38.49,1989,5,"086194",81
145.78,-38.49,1989,6,"086194",108
145.78,-38.49,1989,7,"086194",126
145.78,-38.49,1989,8,"086194",101
145.78,-38.49,1989,9,"086194",64.5
145.78,-38.49,1989,10,"086194",166
145.78,-38.49,1989,11,"086194",44.5
145.78,-38.49,1989,12,"086194",52.5
145.78,-38.49,1990,1,"086194",8
145.78,-38.49,1990,2,"086194",24.5
145.78,-38.49,1990,3,"086194",48
145.78,-38.49,1990,4,"086194",86
145.78,-38.49,1990,5,"086194",34
145.78,-38.49,1990,6,"086194",117
145.78,-38.49,1990,7,"086194",111
145.78,-38.49,1990,8,"086194",148
145.78,-38.49,1990,9,"086194",99
145.78,-38.49,1990,10,"086194",124
145.78,-38.49,1990,11,"086194",68
145.78,-38.49,1990,12,"086194",40
145.78,-38.49,1991,1,"086194",115
145.78,-38.49,1991,2,"086194",12
145.78,-38.49,1991,3,"086194",32
145.78,-38.49,1991,4,"086194",58
145.78,-38.49,1991,5,"086194",49
145.78,-38.49,1991,6,"086194",151
145.78,-38.49,1991,7,"086194",158
145.78,-38.49,1991,8,"086194",153
145.78,-38.49,1991,9,"086194",156
145.78,-38.49,1991,10,"086194",52
145.78,-38.49,1991,11,"086194",64
145.78,-38.49,1991,12,"086194",148
145.78,-38.49,1992,1,"086194",28
145.78,-38.49,1992,2,"086194",48
145.78,-38.49,1992,3,"086194",57
145.78,-38.49,1992,4,"086194",81.5
145.78,-38.49,1992,5,"086194",67.5
145.78,-38.49,1992,6,"086194",132
145.78,-38.49,1992,7,"086194",58
145.78,-38.49,1992,8,"086194",117
145.78,-38.49,1992,9,"086194",142
145.78,-38.49,1992,10,"086194",113
145.78,-38.49,1992,11,"086194",104
145.78,-38.49,1992,12,"086194",78
145.78,-38.49,1993,1,"086194",149
145.78,-38.49,1993,2,"086194",109
145.78,-38.49,1993,3,"086194",50
145.78,-38.49,1993,4,"086194",21
145.78,-38.49,1993,5,"086194",50
145.78,-38.49,1993,6,"086194",125
145.78,-38.49,1993,7,"086194",66
145.78,-38.49,1993,8,"086194",99
145.78,-38.49,1993,9,"086194",205
145.78,-38.49,1993,10,"086194",123
145.78,-38.49,1993,11,"086194",75
145.78,-38.49,1993,12,"086194",110
145.78,-38.49,1994,1,"086194",42
145.78,-38.49,1994,2,"086194",86
145.78,-38.49,1994,3,"086194",16
145.78,-38.49,1994,4,"086194",62
145.78,-38.49,1994,5,"086194",76
145.78,-38.49,1994,6,"086194",66
145.78,-38.49,1994,7,"086194",44
145.78,-38.49,1994,8,"086194",124
145.78,-38.49,1994,9,"086194",130
145.78,-38.49,1994,10,"086194",77
145.78,-38.49,1994,11,"086194",112
145.78,-38.49,1994,12,"086194",27
145.78,-38.49,1995,1,"086194",96
145.78,-38.49,1995,2,"086194",46
145.78,-38.49,1995,3,"086194",71
145.78,-38.49,1995,4,"086194",143
145.78,-38.49,1995,5,"086194",123
145.78,-38.49,1995,6,"086194",115
145.78,-38.49,1995,7,"086194",117
145.78,-38.49,1995,8,"086194",67
145.78,-38.49,1995,9,"086194",80
145.78,-38.49,1995,10,"086194",103
145.78,-38.49,1995,11,"086194",86
145.78,-38.49,1995,12,"086194",82
145.78,-38.49,1996,1,"086194",58
145.78,-38.49,1996,2,"086194",114
145.78,-38.49,1996,3,"086194",72
145.78,-38.49,1996,4,"086194",131
145.78,-38.49,1996,5,"086194",29
145.78,-38.49,1996,6,"086194",93
145.78,-38.49,1996,7,"086194",159
145.78,-38.49,1996,8,"086194",130
145.78,-38.49,1996,9,"086194",174
145.78,-38.49,1996,10,"086194",100
145.78,-38.49,1996,11,"086194",67.5
145.78,-38.49,1996,12,"086194",33
145.78,-38.49,1997,1,"086194",46
145.78,-38.49,1997,2,"086194",16.5
145.78,-38.49,1997,3,"086194",35
145.78,-38.49,1997,4,"086194",43
145.78,-38.49,1997,5,"086194",128
145.78,-38.49,1997,6,"086194",62
145.78,-38.49,1997,7,"086194",56
145.78,-38.49,1997,8,"086194",106
145.78,-38.49,1997,9,"086194",73
145.78,-38.49,1997,10,"086194",69
145.78,-38.49,1997,11,"086194",82.5
145.78,-38.49,1997,12,"086194",17.5
145.78,-38.49,1998,1,"086194",76
145.78,-38.49,1998,2,"086194",63.5
145.78,-38.49,1998,3,"086194",30.5
145.78,-38.49,1998,4,"086194",68
145.78,-38.49,1998,5,"086194",102
145.78,-38.49,1998,6,"086194",86.5
145.78,-38.49,1998,7,"086194",76
145.78,-38.49,1998,8,"086194",42
145.78,-38.49,1998,9,"086194",98
145.78,-38.49,1998,10,"086194",131
145.78,-38.49,1998,11,"086194",94
145.78,-38.49,1998,12,"086194",94.9
145.78,-38.49,1999,1,"086194",46.8
145.78,-38.49,1999,2,"086194",79.8
145.78,-38.49,1999,3,"086194",62.2
145.78,-38.49,1999,4,"086194",54.5
145.78,-38.49,1999,5,"086194",85.2
145.78,-38.49,1999,6,"086194",101.7
145.78,-38.49,1999,7,"086194",53.8
145.78,-38.49,1999,8,"086194",NA
145.78,-38.49,1999,9,"086194",NA
145.78,-38.49,1999,10,"086194",NA
145.78,-38.49,1999,11,"086194",NA
145.78,-38.49,1999,12,"086194",101.1
145.78,-38.49,2000,1,"086194",109.2
145.78,-38.49,2000,2,"086194",48
145.78,-38.49,2000,3,"086194",10
145.78,-38.49,2000,4,"086194",71
145.78,-38.49,2000,5,"086194",143.2
145.78,-38.49,2000,6,"086194",66.7
145.78,-38.49,2000,7,"086194",94.1
145.78,-38.49,2000,8,"086194",NA
145.78,-38.49,2000,9,"086194",132
145.78,-38.49,2000,10,"086194",NA
145.78,-38.49,2000,11,"086194",31.5
145.78,-38.49,2000,12,"086194",66.5
145.78,-38.49,2001,1,"086194",18.8
145.78,-38.49,2001,2,"086194",22.5
145.78,-38.49,2001,3,"086194",105.3
145.78,-38.49,2001,4,"086194",153.5
145.78,-38.49,2001,5,"086194",46.5
145.78,-38.49,2001,6,"086194",88.2
145.78,-38.49,2001,7,"086194",NA
145.78,-38.49,2001,8,"086194",201
145.78,-38.49,2001,9,"086194",43.2
145.78,-38.49,2001,10,"086194",133.5
145.78,-38.49,2001,11,"086194",119.5
145.78,-38.49,2001,12,"086194",72
145.78,-38.49,2002,1,"086194",NA
145.78,-38.49,2002,2,"086194",NA
145.78,-38.49,2002,3,"086194",NA
145.78,-38.49,2002,4,"086194",78.5
145.78,-38.49,2002,5,"086194",95.5
145.78,-38.49,2002,6,"086194",125.2
145.78,-38.49,2002,7,"086194",105
145.78,-38.49,2002,8,"086194",58
145.78,-38.49,2002,9,"086194",NA
145.78,-38.49,2002,10,"086194",114
145.78,-38.49,2002,11,"086194",NA
145.78,-38.49,2002,12,"086194",NA
145.78,-38.49,2003,1,"086194",40.5
145.78,-38.49,2003,2,"086194",16.5
145.78,-38.49,2003,3,"086194",82.5
145.78,-38.49,2003,4,"086194",64.5
145.78,-38.49,2003,5,"086194",79
145.78,-38.49,2003,6,"086194",NA
145.78,-38.49,2003,7,"086194",NA
145.78,-38.49,2003,8,"086194",NA
145.78,-38.49,2003,9,"086194",120
145.78,-38.49,2003,10,"086194",96.5
145.78,-38.49,2003,11,"086194",NA
145.78,-38.49,2003,12,"086194",43.5
145.78,-38.49,2004,1,"086194",77.5
145.78,-38.49,2004,2,"086194",36.5
145.78,-38.49,2004,3,"086194",37.7
145.78,-38.49,2004,4,"086194",80.5
145.78,-38.49,2004,5,"086194",92.5
145.78,-38.49,2004,6,"086194",NA
145.78,-38.49,2004,7,"086194",NA
145.78,-38.49,2004,8,"086194",NA
145.78,-38.49,2004,9,"086194",NA
145.78,-38.49,2004,10,"086194",NA
145.78,-38.49,2004,11,"086194",NA
145.78,-38.49,2004,12,"086194",NA
145.78,-38.49,2005,1,"086194",38.7
145.78,-38.49,2005,2,"086194",144.6
145.78,-38.49,2005,3,"086194",32.5
145.78,-38.49,2005,4,"086194",30.5
145.78,-38.49,2005,5,"086194",41
145.78,-38.49,2005,6,"086194",NA
145.78,-38.49,2005,7,"086194",NA
145.78,-38.49,2005,8,"086194",NA
145.78,-38.49,2005,9,"086194",79.5
145.78,-38.49,2005,10,"086194",67.5
145.78,-38.49,2005,11,"086194",75.5
145.78,-38.49,2005,12,"086194",83
145.78,-38.49,2006,1,"086194",50.5
145.78,-38.49,2006,2,"086194",23.5
145.78,-38.49,2006,3,"086194",30.5
145.78,-38.49,2006,4,"086194",142
145.78,-38.49,2006,5,"086194",106.5
145.78,-38.49,2006,6,"086194",20.5
145.78,-38.49,2006,7,"086194",50
145.78,-38.49,2006,8,"086194",35
145.78,-38.49,2006,9,"086194",65
145.78,-38.49,2006,10,"086194",24
145.78,-38.49,2006,11,"086194",55
145.78,-38.49,2006,12,"086194",39
145.78,-38.49,2007,1,"086194",49
145.78,-38.49,2007,2,"086194",27.5
145.78,-38.49,2007,3,"086194",NA
145.78,-38.49,2007,4,"086194",25
145.78,-38.49,2007,5,"086194",82
145.78,-38.49,2007,6,"086194",121
145.78,-38.49,2007,7,"086194",116.5
145.78,-38.49,2007,8,"086194",NA
145.78,-38.49,2007,9,"086194",NA
145.78,-38.49,2007,10,"086194",63
145.78,-38.49,2007,11,"086194",80.5
145.78,-38.49,2007,12,"086194",100
145.78,-38.49,2009,1,"086194",18
145.78,-38.49,2009,2,"086194",4
145.78,-38.49,2009,3,"086194",72
145.78,-38.49,2009,4,"086194",100.5
145.78,-38.49,2009,5,"086194",42
145.78,-38.49,2009,6,"086194",61.5
145.78,-38.49,2009,7,"086194",NA
145.78,-38.49,2009,8,"086194",NA
145.78,-38.49,2009,9,"086194",114.5
145.78,-38.49,2009,10,"086194",107.5
145.78,-38.49,2009,11,"086194",NA
145.78,-38.49,2009,12,"086194",57.5
145.78,-38.49,2010,1,"086194",NA
145.78,-38.49,2010,2,"086194",40.5
145.78,-38.49,2010,3,"086194",88
145.78,-38.49,2010,4,"086194",NA
145.78,-38.49,2010,5,"086194",97
145.78,-38.49,2010,6,"086194",140
145.78,-38.49,2010,7,"086194",62
145.78,-38.49,2010,8,"086194",156
145.78,-38.49,2010,9,"086194",93
145.78,-38.49,2010,10,"086194",101
145.78,-38.49,2010,11,"086194",95.5
145.78,-38.49,2010,12,"086194",88
145.78,-38.49,2011,1,"086194",58.5
145.78,-38.49,2011,2,"086194",150.5
145.78,-38.49,2011,3,"086194",79.5
145.78,-38.49,2011,4,"086194",144
145.78,-38.49,2011,5,"086194",104
145.78,-38.49,2011,6,"086194",NA
145.78,-38.49,2011,7,"086194",164.5
145.78,-38.49,2011,8,"086194",56
145.78,-38.49,2011,9,"086194",82
145.78,-38.49,2011,10,"086194",97
145.78,-38.49,2011,11,"086194",152
145.78,-38.49,2011,12,"086194",46.5
145.78,-38.49,2012,1,"086194",72
145.78,-38.49,2012,2,"086194",90.5
145.78,-38.49,2012,3,"086194",83
145.78,-38.49,2012,4,"086194",NA
145.78,-38.49,2012,5,"086194",179.5
145.78,-38.49,2012,6,"086194",158
145.78,-38.49,2012,7,"086194",67
145.78,-38.49,2012,8,"086194",111
145.78,-38.49,2012,9,"086194",NA
145.78,-38.49,2012,10,"086194",NA
145.78,-38.49,2012,11,"086194",46.5
145.78,-38.49,2012,12,"086194",62.5
145.78,-38.49,2013,1,"086194",14
145.78,-38.49,2013,2,"086194",35
145.78,-38.49,2013,3,"086194",77
145.78,-38.49,2013,4,"086194",38
145.78,-38.49,2013,5,"086194",112.5
145.78,-38.49,2013,6,"086194",148.5
145.78,-38.49,2013,7,"086194",106
145.78,-38.49,2013,8,"086194",182
145.78,-38.49,2013,9,"086194",125
145.78,-38.49,2013,10,"086194",135
145.78,-38.49,2013,11,"086194",111
145.78,-38.49,2013,12,"086194",73
145.78,-38.49,2014,1,"086194",38
145.78,-38.49,2014,2,"086194",17.5
145.78,-38.49,2014,3,"086194",34.5
145.78,-38.49,2014,4,"086194",72.5
145.78,-38.49,2014,5,"086194",66
145.78,-38.49,2014,6,"086194",181
145.78,-38.49,2014,7,"086194",134.5
145.78,-38.49,2014,8,"086194",53
145.78,-38.49,2014,9,"086194",66
145.78,-38.49,2014,10,"086194",85.5
145.78,-38.49,2014,11,"086194",71
145.78,-38.49,2014,12,"086194",NA
145.78,-38.49,2015,1,"086194",78
145.78,-38.49,2015,2,"086194",43
145.78,-38.49,2015,3,"086194",89
145.78,-38.49,2015,4,"086194",35
145.78,-38.49,2015,5,"086194",146.5
145.78,-38.49,2015,6,"086194",38
145.78,-38.49,2015,7,"086194",101
145.78,-38.49,2015,8,"086194",90.5
145.78,-38.49,2015,9,"086194",53
145.78,-38.49,2015,10,"086194",4.5
145.78,-38.49,2015,11,"086194",53
145.78,-38.49,2015,12,"086194",33
145.78,-38.49,2016,1,"086194",64
145.78,-38.49,2016,2,"086194",29
145.78,-38.49,2016,3,"086194",44
145.78,-38.49,2016,4,"086194",45.5
145.78,-38.49,2016,5,"086194",171
145.78,-38.49,2016,6,"086194",NA
145.78,-38.49,2016,7,"086194",160
145.78,-38.49,2016,8,"086194",67.5
145.78,-38.49,2016,9,"086194",74
145.78,-38.49,2016,10,"086194",176
145.78,-38.49,2016,11,"086194",56.5
145.78,-38.49,2016,12,"086194",53.5
145.78,-38.49,2017,1,"086194",41.5
145.78,-38.49,2017,2,"086194",85.5
145.78,-38.49,2017,3,"086194",47
145.78,-38.49,2017,4,"086194",105
145.78,-38.49,2017,5,"086194",84
145.78,-38.49,2017,6,"086194",52.8
145.78,-38.49,2017,7,"086194",89.7
145.78,-38.49,2017,8,"086194",118.5
145.78,-38.49,2017,9,"086194",171.5
145.78,-38.49,2017,10,"086194",44.5
145.78,-38.49,2017,11,"086194",31.5
145.78,-38.49,2017,12,"086194",133.5
145.78,-38.49,2018,1,"086194",48.5
145.78,-38.49,2018,2,"086194",8
145.78,-38.49,2018,3,"086194",41
145.78,-38.49,2018,4,"086194",34.5
145.78,-38.49,2018,5,"086194",110
145.78,-38.49,2018,6,"086194",51.5
145.78,-38.49,2018,7,"086194",118
145.78,-38.49,2018,8,"086194",111.5
145.78,-38.49,2018,9,"086194",92.5
145.78,-38.49,2018,10,"086194",37.5
145.78,-38.49,2018,11,"086194",130.5
145.78,-38.49,2018,12,"086194",87.5
145.78,-38.49,2019,1,"086194",37
145.78,-38.49,2019,2,"086194",36.5
145.78,-38.49,2019,3,"086194",58.5
145.78,-38.49,2019,4,"086194",32
145.78,-38.49,2019,5,"086194",112
145.78,-38.49,2019,6,"086194",89
145.78,-38.49,2019,7,"086194",108.5
145.78,-38.49,2019,8,"086194",219
145.78,-38.49,2019,9,"086194",115.5
145.78,-38.49,2019,10,"086194",43
145.78,-38.49,2019,11,"086194",118
145.78,-38.49,2019,12,"086194",36.5
145.78,-38.49,2020,1,"086194",92
145.78,-38.49,2020,2,"086194",65
145.78,-38.49,2020,3,"086194",53.5
145.78,-38.49,2020,4,"086194",185.5
145.78,-38.49,2020,5,"086194",121.5
145.78,-38.49,2020,6,"086194",78
145.78,-38.49,2020,7,"086194",59.5
145.78,-38.49,2020,8,"086194",128
145.78,-38.49,2020,9,"086194",77
145.78,-38.49,2020,10,"086194",123.5
145.78,-38.49,2020,11,"086194",31
145.78,-38.49,2020,12,"086194",95.5
145.78,-38.49,2021,1,"086194",79
145.78,-38.49,2021,2,"086194",40.5
145.78,-38.49,2021,3,"086194",70.5
145.78,-38.49,2021,4,"086194",71
145.78,-38.49,2021,5,"086194",98
145.78,-38.49,2021,6,"086194",76.5
145.78,-38.49,2021,7,"086194",77.5
145.78,-38.49,2021,8,"086194",83.5
145.78,-38.49,2021,9,"086194",123.5
145.78,-38.49,2021,10,"086194",119.5
145.78,-38.49,2021,11,"086194",83
145.78,-38.49,2021,12,"086194",38
