"Lon","Lat","Year","Month","Station","Rain"
147.74,-35.28,1872,1,"072042",87.4
147.74,-35.28,1872,2,"072042",60.9
147.74,-35.28,1872,3,"072042",58.4
147.74,-35.28,1872,4,"072042",12.7
147.74,-35.28,1872,5,"072042",120.9
147.74,-35.28,1872,6,"072042",180.7
147.74,-35.28,1872,7,"072042",79.4
147.74,-35.28,1872,8,"072042",47.5
147.74,-35.28,1872,9,"072042",62.9
147.74,-35.28,1872,10,"072042",113
147.74,-35.28,1872,11,"072042",101.4
147.74,-35.28,1872,12,"072042",67.7
147.74,-35.28,1873,1,"072042",97.6
147.74,-35.28,1873,2,"072042",39.9
147.74,-35.28,1873,3,"072042",1
147.74,-35.28,1873,4,"072042",88.9
147.74,-35.28,1873,5,"072042",28.6
147.74,-35.28,1873,6,"072042",90.1
147.74,-35.28,1873,7,"072042",36.3
147.74,-35.28,1873,8,"072042",97.6
147.74,-35.28,1873,9,"072042",54.1
147.74,-35.28,1873,10,"072042",30.5
147.74,-35.28,1873,11,"072042",98.1
147.74,-35.28,1873,12,"072042",24.1
147.74,-35.28,1874,1,"072042",115.9
147.74,-35.28,1874,2,"072042",7.1
147.74,-35.28,1874,3,"072042",122.5
147.74,-35.28,1874,4,"072042",52
147.74,-35.28,1874,5,"072042",88.3
147.74,-35.28,1874,6,"072042",87.1
147.74,-35.28,1874,7,"072042",87.5
147.74,-35.28,1874,8,"072042",73.9
147.74,-35.28,1874,9,"072042",96.4
147.74,-35.28,1874,10,"072042",39.7
147.74,-35.28,1874,11,"072042",11
147.74,-35.28,1874,12,"072042",2.1
147.74,-35.28,1875,1,"072042",41.1
147.74,-35.28,1875,2,"072042",94.2
147.74,-35.28,1875,3,"072042",16.9
147.74,-35.28,1875,4,"072042",57.4
147.74,-35.28,1875,5,"072042",143.5
147.74,-35.28,1875,6,"072042",140.2
147.74,-35.28,1875,7,"072042",46.1
147.74,-35.28,1875,8,"072042",46
147.74,-35.28,1875,9,"072042",43.3
147.74,-35.28,1875,10,"072042",63.5
147.74,-35.28,1875,11,"072042",51.3
147.74,-35.28,1875,12,"072042",67.3
147.74,-35.28,1876,1,"072042",4.9
147.74,-35.28,1876,2,"072042",15.5
147.74,-35.28,1876,3,"072042",32.8
147.74,-35.28,1876,4,"072042",3.4
147.74,-35.28,1876,5,"072042",82.5
147.74,-35.28,1876,6,"072042",21.4
147.74,-35.28,1876,7,"072042",36.9
147.74,-35.28,1876,8,"072042",83.7
147.74,-35.28,1876,9,"072042",44.6
147.74,-35.28,1876,10,"072042",44.3
147.74,-35.28,1876,11,"072042",66.9
147.74,-35.28,1876,12,"072042",29.7
147.74,-35.28,1877,1,"072042",32
147.74,-35.28,1877,2,"072042",9.4
147.74,-35.28,1877,3,"072042",60.5
147.74,-35.28,1877,4,"072042",27.6
147.74,-35.28,1877,5,"072042",100.6
147.74,-35.28,1877,6,"072042",83.3
147.74,-35.28,1877,7,"072042",25.7
147.74,-35.28,1877,8,"072042",17.7
147.74,-35.28,1877,9,"072042",82.4
147.74,-35.28,1877,10,"072042",30.6
147.74,-35.28,1877,11,"072042",23.2
147.74,-35.28,1877,12,"072042",37.6
147.74,-35.28,1878,1,"072042",0.8
147.74,-35.28,1878,2,"072042",92.8
147.74,-35.28,1878,3,"072042",82.9
147.74,-35.28,1878,4,"072042",56
147.74,-35.28,1878,5,"072042",15
147.74,-35.28,1878,6,"072042",89.5
147.74,-35.28,1878,7,"072042",87.8
147.74,-35.28,1878,8,"072042",42.6
147.74,-35.28,1878,9,"072042",70.1
147.74,-35.28,1878,10,"072042",117.3
147.74,-35.28,1878,11,"072042",99.5
147.74,-35.28,1878,12,"072042",23.9
147.74,-35.28,1879,1,"072042",60
147.74,-35.28,1879,2,"072042",60.9
147.74,-35.28,1879,3,"072042",67.6
147.74,-35.28,1879,4,"072042",50.4
147.74,-35.28,1879,5,"072042",86.9
147.74,-35.28,1879,6,"072042",30.7
147.74,-35.28,1879,7,"072042",102
147.74,-35.28,1879,8,"072042",63.7
147.74,-35.28,1879,9,"072042",64.8
147.74,-35.28,1879,10,"072042",109.1
147.74,-35.28,1879,11,"072042",86.2
147.74,-35.28,1879,12,"072042",31.1
147.74,-35.28,1880,1,"072042",19.1
147.74,-35.28,1880,2,"072042",57.3
147.74,-35.28,1880,3,"072042",37.4
147.74,-35.28,1880,4,"072042",104.4
147.74,-35.28,1880,5,"072042",50.6
147.74,-35.28,1880,6,"072042",61.4
147.74,-35.28,1880,7,"072042",20.7
147.74,-35.28,1880,8,"072042",43
147.74,-35.28,1880,9,"072042",31.2
147.74,-35.28,1880,10,"072042",62.9
147.74,-35.28,1880,11,"072042",21.1
147.74,-35.28,1880,12,"072042",26.5
147.74,-35.28,1881,1,"072042",27.2
147.74,-35.28,1881,2,"072042",26.7
147.74,-35.28,1881,3,"072042",77.6
147.74,-35.28,1881,4,"072042",20.3
147.74,-35.28,1881,5,"072042",75.2
147.74,-35.28,1881,6,"072042",77.7
147.74,-35.28,1881,7,"072042",22.8
147.74,-35.28,1881,8,"072042",39.5
147.74,-35.28,1881,9,"072042",27
147.74,-35.28,1881,10,"072042",59.8
147.74,-35.28,1881,11,"072042",76.9
147.74,-35.28,1881,12,"072042",38.3
147.74,-35.28,1882,1,"072042",23.4
147.74,-35.28,1882,2,"072042",16.8
147.74,-35.28,1882,3,"072042",17.3
147.74,-35.28,1882,4,"072042",70.2
147.74,-35.28,1882,5,"072042",71.7
147.74,-35.28,1882,6,"072042",46.7
147.74,-35.28,1882,7,"072042",47.9
147.74,-35.28,1882,8,"072042",121
147.74,-35.28,1882,9,"072042",22.4
147.74,-35.28,1882,10,"072042",83.6
147.74,-35.28,1882,11,"072042",87.1
147.74,-35.28,1882,12,"072042",35.4
147.74,-35.28,1883,1,"072042",8.9
147.74,-35.28,1883,2,"072042",48.8
147.74,-35.28,1883,3,"072042",35.3
147.74,-35.28,1883,4,"072042",40.4
147.74,-35.28,1883,5,"072042",40.2
147.74,-35.28,1883,6,"072042",46.3
147.74,-35.28,1883,7,"072042",43.2
147.74,-35.28,1883,8,"072042",36.7
147.74,-35.28,1883,9,"072042",70
147.74,-35.28,1883,10,"072042",104.9
147.74,-35.28,1883,11,"072042",48
147.74,-35.28,1883,12,"072042",6.9
147.74,-35.28,1884,1,"072042",11.9
147.74,-35.28,1884,2,"072042",13.2
147.74,-35.28,1884,3,"072042",29.4
147.74,-35.28,1884,4,"072042",31
147.74,-35.28,1884,5,"072042",35.1
147.74,-35.28,1884,6,"072042",116.3
147.74,-35.28,1884,7,"072042",20.9
147.74,-35.28,1884,8,"072042",37.1
147.74,-35.28,1884,9,"072042",54.2
147.74,-35.28,1884,10,"072042",75.3
147.74,-35.28,1884,11,"072042",57.9
147.74,-35.28,1884,12,"072042",29.3
147.74,-35.28,1885,1,"072042",110.5
147.74,-35.28,1885,2,"072042",40.7
147.74,-35.28,1885,3,"072042",9.4
147.74,-35.28,1885,4,"072042",47.5
147.74,-35.28,1885,5,"072042",19.6
147.74,-35.28,1885,6,"072042",72.9
147.74,-35.28,1885,7,"072042",13
147.74,-35.28,1885,8,"072042",39
147.74,-35.28,1885,9,"072042",66.6
147.74,-35.28,1885,10,"072042",15.5
147.74,-35.28,1885,11,"072042",72
147.74,-35.28,1885,12,"072042",52.3
147.74,-35.28,1886,1,"072042",90.1
147.74,-35.28,1886,2,"072042",9.4
147.74,-35.28,1886,3,"072042",15.5
147.74,-35.28,1886,4,"072042",39.2
147.74,-35.28,1886,5,"072042",50.3
147.74,-35.28,1886,6,"072042",16.8
147.74,-35.28,1886,7,"072042",75.3
147.74,-35.28,1886,8,"072042",176.8
147.74,-35.28,1886,9,"072042",70
147.74,-35.28,1886,10,"072042",92.3
147.74,-35.28,1886,11,"072042",52.3
147.74,-35.28,1886,12,"072042",75.5
147.74,-35.28,1887,1,"072042",125.8
147.74,-35.28,1887,2,"072042",100.2
147.74,-35.28,1887,3,"072042",145.9
147.74,-35.28,1887,4,"072042",19.8
147.74,-35.28,1887,5,"072042",31.3
147.74,-35.28,1887,6,"072042",109
147.74,-35.28,1887,7,"072042",97.6
147.74,-35.28,1887,8,"072042",69
147.74,-35.28,1887,9,"072042",41.6
147.74,-35.28,1887,10,"072042",114.4
147.74,-35.28,1887,11,"072042",59.1
147.74,-35.28,1887,12,"072042",69.1
147.74,-35.28,1888,1,"072042",52.8
147.74,-35.28,1888,2,"072042",56.4
147.74,-35.28,1888,3,"072042",17.9
147.74,-35.28,1888,4,"072042",2.8
147.74,-35.28,1888,5,"072042",60.8
147.74,-35.28,1888,6,"072042",55
147.74,-35.28,1888,7,"072042",38.6
147.74,-35.28,1888,8,"072042",20.3
147.74,-35.28,1888,9,"072042",54.6
147.74,-35.28,1888,10,"072042",10.9
147.74,-35.28,1888,11,"072042",11
147.74,-35.28,1888,12,"072042",82.5
147.74,-35.28,1889,1,"072042",75
147.74,-35.28,1889,2,"072042",64
147.74,-35.28,1889,3,"072042",3.3
147.74,-35.28,1889,4,"072042",95.3
147.74,-35.28,1889,5,"072042",151
147.74,-35.28,1889,6,"072042",127.1
147.74,-35.28,1889,7,"072042",19.1
147.74,-35.28,1889,8,"072042",57.7
147.74,-35.28,1889,9,"072042",96.9
147.74,-35.28,1889,10,"072042",53.6
147.74,-35.28,1889,11,"072042",88.1
147.74,-35.28,1889,12,"072042",19.2
147.74,-35.28,1890,1,"072042",28.2
147.74,-35.28,1890,2,"072042",57.9
147.74,-35.28,1890,3,"072042",57.2
147.74,-35.28,1890,4,"072042",27.3
147.74,-35.28,1890,5,"072042",69.6
147.74,-35.28,1890,6,"072042",128.5
147.74,-35.28,1890,7,"072042",70.1
147.74,-35.28,1890,8,"072042",66.4
147.74,-35.28,1890,9,"072042",65.9
147.74,-35.28,1890,10,"072042",93.3
147.74,-35.28,1890,11,"072042",80.3
147.74,-35.28,1890,12,"072042",68.4
147.74,-35.28,1891,1,"072042",147.6
147.74,-35.28,1891,2,"072042",4.8
147.74,-35.28,1891,3,"072042",68.3
147.74,-35.28,1891,4,"072042",71.1
147.74,-35.28,1891,5,"072042",19.1
147.74,-35.28,1891,6,"072042",66.2
147.74,-35.28,1891,7,"072042",121.8
147.74,-35.28,1891,8,"072042",54.6
147.74,-35.28,1891,9,"072042",32.4
147.74,-35.28,1891,10,"072042",43.2
147.74,-35.28,1891,11,"072042",107.9
147.74,-35.28,1891,12,"072042",22.8
147.74,-35.28,1892,1,"072042",56.7
147.74,-35.28,1892,2,"072042",48.3
147.74,-35.28,1892,3,"072042",18.9
147.74,-35.28,1892,4,"072042",58.9
147.74,-35.28,1892,5,"072042",61
147.74,-35.28,1892,6,"072042",39
147.74,-35.28,1892,7,"072042",64.8
147.74,-35.28,1892,8,"072042",97
147.74,-35.28,1892,9,"072042",83.1
147.74,-35.28,1892,10,"072042",47.1
147.74,-35.28,1892,11,"072042",42.3
147.74,-35.28,1892,12,"072042",22.8
147.74,-35.28,1893,1,"072042",17.9
147.74,-35.28,1893,2,"072042",0
147.74,-35.28,1893,3,"072042",31.7
147.74,-35.28,1893,4,"072042",79.3
147.74,-35.28,1893,5,"072042",120.1
147.74,-35.28,1893,6,"072042",97.7
147.74,-35.28,1893,7,"072042",56.1
147.74,-35.28,1893,8,"072042",50.1
147.74,-35.28,1893,9,"072042",44.4
147.74,-35.28,1893,10,"072042",53.3
147.74,-35.28,1893,11,"072042",71.7
147.74,-35.28,1893,12,"072042",116.9
147.74,-35.28,1894,1,"072042",89.8
147.74,-35.28,1894,2,"072042",32.3
147.74,-35.28,1894,3,"072042",192.8
147.74,-35.28,1894,4,"072042",128.5
147.74,-35.28,1894,5,"072042",26.2
147.74,-35.28,1894,6,"072042",91.4
147.74,-35.28,1894,7,"072042",111.7
147.74,-35.28,1894,8,"072042",66.8
147.74,-35.28,1894,9,"072042",34.1
147.74,-35.28,1894,10,"072042",72.6
147.74,-35.28,1894,11,"072042",17.8
147.74,-35.28,1894,12,"072042",84.8
147.74,-35.28,1895,1,"072042",30.7
147.74,-35.28,1895,2,"072042",34.3
147.74,-35.28,1895,3,"072042",18.4
147.74,-35.28,1895,4,"072042",36.8
147.74,-35.28,1895,5,"072042",30.2
147.74,-35.28,1895,6,"072042",126.3
147.74,-35.28,1895,7,"072042",19.6
147.74,-35.28,1895,8,"072042",69.3
147.74,-35.28,1895,9,"072042",26.7
147.74,-35.28,1895,10,"072042",62.5
147.74,-35.28,1895,11,"072042",1.3
147.74,-35.28,1895,12,"072042",71.9
147.74,-35.28,1896,1,"072042",11.4
147.74,-35.28,1896,2,"072042",73.1
147.74,-35.28,1896,3,"072042",39.4
147.74,-35.28,1896,4,"072042",33.7
147.74,-35.28,1896,5,"072042",69.3
147.74,-35.28,1896,6,"072042",61.1
147.74,-35.28,1896,7,"072042",18
147.74,-35.28,1896,8,"072042",34.9
147.74,-35.28,1896,9,"072042",34.3
147.74,-35.28,1896,10,"072042",12.2
147.74,-35.28,1896,11,"072042",43.2
147.74,-35.28,1896,12,"072042",18
147.74,-35.28,1897,1,"072042",143.5
147.74,-35.28,1897,2,"072042",15.7
147.74,-35.28,1897,3,"072042",11.9
147.74,-35.28,1897,4,"072042",0
147.74,-35.28,1897,5,"072042",0
147.74,-35.28,1897,6,"072042",61.7
147.74,-35.28,1897,7,"072042",57.4
147.74,-35.28,1897,8,"072042",82
147.74,-35.28,1897,9,"072042",61.7
147.74,-35.28,1897,10,"072042",41
147.74,-35.28,1897,11,"072042",8.1
147.74,-35.28,1897,12,"072042",17.7
147.74,-35.28,1898,1,"072042",5.6
147.74,-35.28,1898,2,"072042",29.2
147.74,-35.28,1898,3,"072042",26.7
147.74,-35.28,1898,4,"072042",13.2
147.74,-35.28,1898,5,"072042",42.6
147.74,-35.28,1898,6,"072042",79.2
147.74,-35.28,1898,7,"072042",57.9
147.74,-35.28,1898,8,"072042",80.6
147.74,-35.28,1898,9,"072042",33.7
147.74,-35.28,1898,10,"072042",80
147.74,-35.28,1898,11,"072042",21.1
147.74,-35.28,1898,12,"072042",30.9
147.74,-35.28,1899,1,"072042",29.2
147.74,-35.28,1899,2,"072042",36.8
147.74,-35.28,1899,3,"072042",17.5
147.74,-35.28,1899,4,"072042",38.6
147.74,-35.28,1899,5,"072042",18
147.74,-35.28,1899,6,"072042",126.2
147.74,-35.28,1899,7,"072042",20.6
147.74,-35.28,1899,8,"072042",79.1
147.74,-35.28,1899,9,"072042",2.5
147.74,-35.28,1899,10,"072042",61.7
147.74,-35.28,1899,11,"072042",74.4
147.74,-35.28,1899,12,"072042",2.5
147.74,-35.28,1900,1,"072042",35.6
147.74,-35.28,1900,2,"072042",0
147.74,-35.28,1900,3,"072042",153.9
147.74,-35.28,1900,4,"072042",85.2
147.74,-35.28,1900,5,"072042",87.3
147.74,-35.28,1900,6,"072042",96.3
147.74,-35.28,1900,7,"072042",83.1
147.74,-35.28,1900,8,"072042",58.6
147.74,-35.28,1900,9,"072042",56.4
147.74,-35.28,1900,10,"072042",2.5
147.74,-35.28,1900,11,"072042",39.4
147.74,-35.28,1900,12,"072042",16.6
147.74,-35.28,1901,1,"072042",10.4
147.74,-35.28,1901,2,"072042",3
147.74,-35.28,1901,3,"072042",46.7
147.74,-35.28,1901,4,"072042",56.1
147.74,-35.28,1901,5,"072042",16.3
147.74,-35.28,1901,6,"072042",55.4
147.74,-35.28,1901,7,"072042",37.6
147.74,-35.28,1901,8,"072042",81.9
147.74,-35.28,1901,9,"072042",62
147.74,-35.28,1901,10,"072042",98.5
147.74,-35.28,1901,11,"072042",15.8
147.74,-35.28,1901,12,"072042",2.5
147.74,-35.28,1902,1,"072042",19.1
147.74,-35.28,1902,2,"072042",0.5
147.74,-35.28,1902,3,"072042",57.7
147.74,-35.28,1902,4,"072042",0
147.74,-35.28,1902,5,"072042",3
147.74,-35.28,1902,6,"072042",65.8
147.74,-35.28,1902,7,"072042",28.7
147.74,-35.28,1902,8,"072042",16.5
147.74,-35.28,1902,9,"072042",38.2
147.74,-35.28,1902,10,"072042",30.5
147.74,-35.28,1902,11,"072042",9.6
147.74,-35.28,1902,12,"072042",61.8
147.74,-35.28,1903,1,"072042",6.9
147.74,-35.28,1903,2,"072042",14.2
147.74,-35.28,1903,3,"072042",71
147.74,-35.28,1903,4,"072042",134.1
147.74,-35.28,1903,5,"072042",38.5
147.74,-35.28,1903,6,"072042",60
147.74,-35.28,1903,7,"072042",78.9
147.74,-35.28,1903,8,"072042",17.5
147.74,-35.28,1903,9,"072042",97.2
147.74,-35.28,1903,10,"072042",59.4
147.74,-35.28,1903,11,"072042",38.9
147.74,-35.28,1903,12,"072042",29.7
147.74,-35.28,1904,1,"072042",68.1
147.74,-35.28,1904,2,"072042",13.9
147.74,-35.28,1904,3,"072042",12.2
147.74,-35.28,1904,4,"072042",17.2
147.74,-35.28,1904,5,"072042",48.8
147.74,-35.28,1904,6,"072042",52.2
147.74,-35.28,1904,7,"072042",110.2
147.74,-35.28,1904,8,"072042",51.3
147.74,-35.28,1904,9,"072042",17.1
147.74,-35.28,1904,10,"072042",88
147.74,-35.28,1904,11,"072042",26.7
147.74,-35.28,1904,12,"072042",24.2
147.74,-35.28,1905,1,"072042",32.9
147.74,-35.28,1905,2,"072042",27.5
147.74,-35.28,1905,3,"072042",32.2
147.74,-35.28,1905,4,"072042",52.9
147.74,-35.28,1905,5,"072042",44.6
147.74,-35.28,1905,6,"072042",116.3
147.74,-35.28,1905,7,"072042",112.6
147.74,-35.28,1905,8,"072042",43.1
147.74,-35.28,1905,9,"072042",43
147.74,-35.28,1905,10,"072042",91.2
147.74,-35.28,1905,11,"072042",6.9
147.74,-35.28,1905,12,"072042",14.2
147.74,-35.28,1906,1,"072042",4.3
147.74,-35.28,1906,2,"072042",4.9
147.74,-35.28,1906,3,"072042",132.8
147.74,-35.28,1906,4,"072042",76.2
147.74,-35.28,1906,5,"072042",104.7
147.74,-35.28,1906,6,"072042",70.2
147.74,-35.28,1906,7,"072042",40.4
147.74,-35.28,1906,8,"072042",69.6
147.74,-35.28,1906,9,"072042",124.6
147.74,-35.28,1906,10,"072042",101.4
147.74,-35.28,1906,11,"072042",109.1
147.74,-35.28,1906,12,"072042",28.8
147.74,-35.28,1907,1,"072042",87.4
147.74,-35.28,1907,2,"072042",6.4
147.74,-35.28,1907,3,"072042",20.1
147.74,-35.28,1907,4,"072042",18.8
147.74,-35.28,1907,5,"072042",21.3
147.74,-35.28,1907,6,"072042",42.4
147.74,-35.28,1907,7,"072042",41.2
147.74,-35.28,1907,8,"072042",49.1
147.74,-35.28,1907,9,"072042",37.3
147.74,-35.28,1907,10,"072042",24.1
147.74,-35.28,1907,11,"072042",70.9
147.74,-35.28,1907,12,"072042",91.9
147.74,-35.28,1908,1,"072042",6.7
147.74,-35.28,1908,2,"072042",43.1
147.74,-35.28,1908,3,"072042",10.2
147.74,-35.28,1908,4,"072042",30
147.74,-35.28,1908,5,"072042",35
147.74,-35.28,1908,6,"072042",111.7
147.74,-35.28,1908,7,"072042",58.5
147.74,-35.28,1908,8,"072042",37.9
147.74,-35.28,1908,9,"072042",71.1
147.74,-35.28,1908,10,"072042",44.2
147.74,-35.28,1908,11,"072042",29.7
147.74,-35.28,1908,12,"072042",11.6
147.74,-35.28,1909,1,"072042",22.7
147.74,-35.28,1909,2,"072042",45.8
147.74,-35.28,1909,3,"072042",57.7
147.74,-35.28,1909,4,"072042",67.3
147.74,-35.28,1909,5,"072042",62.7
147.74,-35.28,1909,6,"072042",111.5
147.74,-35.28,1909,7,"072042",54.1
147.74,-35.28,1909,8,"072042",78
147.74,-35.28,1909,9,"072042",49
147.74,-35.28,1909,10,"072042",59.4
147.74,-35.28,1909,11,"072042",11.9
147.74,-35.28,1909,12,"072042",13.2
147.74,-35.28,1910,1,"072042",76.2
147.74,-35.28,1910,2,"072042",9.1
147.74,-35.28,1910,3,"072042",43.2
147.74,-35.28,1910,4,"072042",2.5
147.74,-35.28,1910,5,"072042",44.5
147.74,-35.28,1910,6,"072042",86.6
147.74,-35.28,1910,7,"072042",86.1
147.74,-35.28,1910,8,"072042",17.9
147.74,-35.28,1910,9,"072042",69.5
147.74,-35.28,1910,10,"072042",68.2
147.74,-35.28,1910,11,"072042",94.3
147.74,-35.28,1910,12,"072042",47.3
147.74,-35.28,1911,1,"072042",115.7
147.74,-35.28,1911,2,"072042",102
147.74,-35.28,1911,3,"072042",48.8
147.74,-35.28,1911,4,"072042",0.8
147.74,-35.28,1911,5,"072042",60.5
147.74,-35.28,1911,6,"072042",72.3
147.74,-35.28,1911,7,"072042",70.4
147.74,-35.28,1911,8,"072042",12.3
147.74,-35.28,1911,9,"072042",60.7
147.74,-35.28,1911,10,"072042",6.7
147.74,-35.28,1911,11,"072042",63.2
147.74,-35.28,1911,12,"072042",49
147.74,-35.28,1912,1,"072042",3
147.74,-35.28,1912,2,"072042",30.4
147.74,-35.28,1912,3,"072042",12
147.74,-35.28,1912,4,"072042",7.4
147.74,-35.28,1912,5,"072042",4.6
147.74,-35.28,1912,6,"072042",51.9
147.74,-35.28,1912,7,"072042",96.4
147.74,-35.28,1912,8,"072042",70.7
147.74,-35.28,1912,9,"072042",47.1
147.74,-35.28,1912,10,"072042",39.6
147.74,-35.28,1912,11,"072042",52.9
147.74,-35.28,1912,12,"072042",51
147.74,-35.28,1913,1,"072042",34.9
147.74,-35.28,1913,2,"072042",44
147.74,-35.28,1913,3,"072042",110.5
147.74,-35.28,1913,4,"072042",4.6
147.74,-35.28,1913,5,"072042",78.2
147.74,-35.28,1913,6,"072042",31
147.74,-35.28,1913,7,"072042",21.4
147.74,-35.28,1913,8,"072042",41.3
147.74,-35.28,1913,9,"072042",53.8
147.74,-35.28,1913,10,"072042",53.4
147.74,-35.28,1913,11,"072042",24
147.74,-35.28,1913,12,"072042",26.9
147.74,-35.28,1914,1,"072042",24.5
147.74,-35.28,1914,2,"072042",1.3
147.74,-35.28,1914,3,"072042",123.9
147.74,-35.28,1914,4,"072042",33.4
147.74,-35.28,1914,5,"072042",31.5
147.74,-35.28,1914,6,"072042",39.9
147.74,-35.28,1914,7,"072042",14.2
147.74,-35.28,1914,8,"072042",3.5
147.74,-35.28,1914,9,"072042",14
147.74,-35.28,1914,10,"072042",1.3
147.74,-35.28,1914,11,"072042",16
147.74,-35.28,1914,12,"072042",58.4
147.74,-35.28,1915,1,"072042",18.3
147.74,-35.28,1915,2,"072042",7.6
147.74,-35.28,1915,3,"072042",24.4
147.74,-35.28,1915,4,"072042",11.9
147.74,-35.28,1915,5,"072042",114.4
147.74,-35.28,1915,6,"072042",110.4
147.74,-35.28,1915,7,"072042",79.8
147.74,-35.28,1915,8,"072042",82.4
147.74,-35.28,1915,9,"072042",78.6
147.74,-35.28,1915,10,"072042",83.5
147.74,-35.28,1915,11,"072042",0
147.74,-35.28,1915,12,"072042",94
147.74,-35.28,1916,1,"072042",28.7
147.74,-35.28,1916,2,"072042",40.3
147.74,-35.28,1916,3,"072042",16.5
147.74,-35.28,1916,4,"072042",69.7
147.74,-35.28,1916,5,"072042",39.9
147.74,-35.28,1916,6,"072042",192.5
147.74,-35.28,1916,7,"072042",127
147.74,-35.28,1916,8,"072042",156.5
147.74,-35.28,1916,9,"072042",107.9
147.74,-35.28,1916,10,"072042",109.3
147.74,-35.28,1916,11,"072042",116.1
147.74,-35.28,1916,12,"072042",56.9
147.74,-35.28,1917,1,"072042",54.9
147.74,-35.28,1917,2,"072042",73.1
147.74,-35.28,1917,3,"072042",27.9
147.74,-35.28,1917,4,"072042",9.6
147.74,-35.28,1917,5,"072042",69.9
147.74,-35.28,1917,6,"072042",88.6
147.74,-35.28,1917,7,"072042",140.6
147.74,-35.28,1917,8,"072042",118.1
147.74,-35.28,1917,9,"072042",78.4
147.74,-35.28,1917,10,"072042",162.8
147.74,-35.28,1917,11,"072042",103.3
147.74,-35.28,1917,12,"072042",59
147.74,-35.28,1918,1,"072042",48.1
147.74,-35.28,1918,2,"072042",61.3
147.74,-35.28,1918,3,"072042",66.8
147.74,-35.28,1918,4,"072042",63.7
147.74,-35.28,1918,5,"072042",53.8
147.74,-35.28,1918,6,"072042",48.3
147.74,-35.28,1918,7,"072042",28.4
147.74,-35.28,1918,8,"072042",127.1
147.74,-35.28,1918,9,"072042",18.6
147.74,-35.28,1918,10,"072042",17
147.74,-35.28,1918,11,"072042",19.2
147.74,-35.28,1918,12,"072042",32.8
147.74,-35.28,1919,1,"072042",0.8
147.74,-35.28,1919,2,"072042",55.5
147.74,-35.28,1919,3,"072042",30.7
147.74,-35.28,1919,4,"072042",61
147.74,-35.28,1919,5,"072042",69.6
147.74,-35.28,1919,6,"072042",33.4
147.74,-35.28,1919,7,"072042",22.3
147.74,-35.28,1919,8,"072042",46.7
147.74,-35.28,1919,9,"072042",33.3
147.74,-35.28,1919,10,"072042",62.6
147.74,-35.28,1919,11,"072042",9.4
147.74,-35.28,1919,12,"072042",126
147.74,-35.28,1920,1,"072042",14
147.74,-35.28,1920,2,"072042",1
147.74,-35.28,1920,3,"072042",30
147.74,-35.28,1920,4,"072042",25.5
147.74,-35.28,1920,5,"072042",11.2
147.74,-35.28,1920,6,"072042",113.1
147.74,-35.28,1920,7,"072042",104.6
147.74,-35.28,1920,8,"072042",102.8
147.74,-35.28,1920,9,"072042",89.1
147.74,-35.28,1920,10,"072042",56.6
147.74,-35.28,1920,11,"072042",48.3
147.74,-35.28,1920,12,"072042",92
147.74,-35.28,1921,1,"072042",34.5
147.74,-35.28,1921,2,"072042",17.3
147.74,-35.28,1921,3,"072042",85.1
147.74,-35.28,1921,4,"072042",76.4
147.74,-35.28,1921,5,"072042",70.4
147.74,-35.28,1921,6,"072042",67.2
147.74,-35.28,1921,7,"072042",37.3
147.74,-35.28,1921,8,"072042",85.7
147.74,-35.28,1921,9,"072042",111.6
147.74,-35.28,1921,10,"072042",55.2
147.74,-35.28,1921,11,"072042",16.2
147.74,-35.28,1921,12,"072042",63
147.74,-35.28,1922,1,"072042",46.3
147.74,-35.28,1922,2,"072042",32
147.74,-35.28,1922,3,"072042",0.8
147.74,-35.28,1922,4,"072042",79.6
147.74,-35.28,1922,5,"072042",43.9
147.74,-35.28,1922,6,"072042",54.9
147.74,-35.28,1922,7,"072042",126.1
147.74,-35.28,1922,8,"072042",58.9
147.74,-35.28,1922,9,"072042",46.7
147.74,-35.28,1922,10,"072042",38.8
147.74,-35.28,1922,11,"072042",0
147.74,-35.28,1922,12,"072042",32.4
147.74,-35.28,1923,1,"072042",13.5
147.74,-35.28,1923,2,"072042",0
147.74,-35.28,1923,3,"072042",6.1
147.74,-35.28,1923,4,"072042",4.3
147.74,-35.28,1923,5,"072042",64.9
147.74,-35.28,1923,6,"072042",230
147.74,-35.28,1923,7,"072042",106.7
147.74,-35.28,1923,8,"072042",55.6
147.74,-35.28,1923,9,"072042",60.2
147.74,-35.28,1923,10,"072042",79.2
147.74,-35.28,1923,11,"072042",40.4
147.74,-35.28,1923,12,"072042",57.2
147.74,-35.28,1924,1,"072042",25.9
147.74,-35.28,1924,2,"072042",138.5
147.74,-35.28,1924,3,"072042",15.9
147.74,-35.28,1924,4,"072042",58.4
147.74,-35.28,1924,5,"072042",49.5
147.74,-35.28,1924,6,"072042",89
147.74,-35.28,1924,7,"072042",34.1
147.74,-35.28,1924,8,"072042",105.6
147.74,-35.28,1924,9,"072042",55
147.74,-35.28,1924,10,"072042",42.8
147.74,-35.28,1924,11,"072042",149.6
147.74,-35.28,1924,12,"072042",53.6
147.74,-35.28,1925,1,"072042",202.6
147.74,-35.28,1925,2,"072042",66.6
147.74,-35.28,1925,3,"072042",33.8
147.74,-35.28,1925,4,"072042",4.1
147.74,-35.28,1925,5,"072042",151.5
147.74,-35.28,1925,6,"072042",71
147.74,-35.28,1925,7,"072042",52.3
147.74,-35.28,1925,8,"072042",47.9
147.74,-35.28,1925,9,"072042",33.6
147.74,-35.28,1925,10,"072042",25
147.74,-35.28,1925,11,"072042",72.4
147.74,-35.28,1925,12,"072042",35.8
147.74,-35.28,1926,1,"072042",21.8
147.74,-35.28,1926,2,"072042",2
147.74,-35.28,1926,3,"072042",75.7
147.74,-35.28,1926,4,"072042",155.6
147.74,-35.28,1926,5,"072042",87.7
147.74,-35.28,1926,6,"072042",77.2
147.74,-35.28,1926,7,"072042",83
147.74,-35.28,1926,8,"072042",70.1
147.74,-35.28,1926,9,"072042",46
147.74,-35.28,1926,10,"072042",52.9
147.74,-35.28,1926,11,"072042",15.2
147.74,-35.28,1926,12,"072042",36.1
147.74,-35.28,1927,1,"072042",42.6
147.74,-35.28,1927,2,"072042",7.4
147.74,-35.28,1927,3,"072042",5.8
147.74,-35.28,1927,4,"072042",21.1
147.74,-35.28,1927,5,"072042",62.7
147.74,-35.28,1927,6,"072042",22.3
147.74,-35.28,1927,7,"072042",47.8
147.74,-35.28,1927,8,"072042",77.4
147.74,-35.28,1927,9,"072042",22
147.74,-35.28,1927,10,"072042",133.6
147.74,-35.28,1927,11,"072042",30.4
147.74,-35.28,1927,12,"072042",12.2
147.74,-35.28,1928,1,"072042",94.4
147.74,-35.28,1928,2,"072042",136.6
147.74,-35.28,1928,3,"072042",130.2
147.74,-35.28,1928,4,"072042",64.3
147.74,-35.28,1928,5,"072042",46.5
147.74,-35.28,1928,6,"072042",18.1
147.74,-35.28,1928,7,"072042",62.6
147.74,-35.28,1928,8,"072042",17.1
147.74,-35.28,1928,9,"072042",25.9
147.74,-35.28,1928,10,"072042",81.2
147.74,-35.28,1928,11,"072042",4.3
147.74,-35.28,1928,12,"072042",1.5
147.74,-35.28,1929,1,"072042",2.1
147.74,-35.28,1929,2,"072042",46.8
147.74,-35.28,1929,3,"072042",46.4
147.74,-35.28,1929,4,"072042",26.2
147.74,-35.28,1929,5,"072042",11.1
147.74,-35.28,1929,6,"072042",38.8
147.74,-35.28,1929,7,"072042",17.8
147.74,-35.28,1929,8,"072042",76.6
147.74,-35.28,1929,9,"072042",58.4
147.74,-35.28,1929,10,"072042",16.8
147.74,-35.28,1929,11,"072042",52.5
147.74,-35.28,1929,12,"072042",49.8
147.74,-35.28,1930,1,"072042",54.4
147.74,-35.28,1930,2,"072042",37.1
147.74,-35.28,1930,3,"072042",1.5
147.74,-35.28,1930,4,"072042",30.2
147.74,-35.28,1930,5,"072042",59.2
147.74,-35.28,1930,6,"072042",31.8
147.74,-35.28,1930,7,"072042",42.7
147.74,-35.28,1930,8,"072042",107.7
147.74,-35.28,1930,9,"072042",25.7
147.74,-35.28,1930,10,"072042",115.1
147.74,-35.28,1930,11,"072042",49.2
147.74,-35.28,1930,12,"072042",92.1
147.74,-35.28,1931,1,"072042",27.2
147.74,-35.28,1931,2,"072042",20
147.74,-35.28,1931,3,"072042",145.7
147.74,-35.28,1931,4,"072042",76.6
147.74,-35.28,1931,5,"072042",199.7
147.74,-35.28,1931,6,"072042",267.6
147.74,-35.28,1931,7,"072042",36.9
147.74,-35.28,1931,8,"072042",49.5
147.74,-35.28,1931,9,"072042",37.2
147.74,-35.28,1931,10,"072042",16
147.74,-35.28,1931,11,"072042",57.1
147.74,-35.28,1931,12,"072042",5.8
147.74,-35.28,1932,1,"072042",4.6
147.74,-35.28,1932,2,"072042",29.7
147.74,-35.28,1932,3,"072042",149.9
147.74,-35.28,1932,4,"072042",99.1
147.74,-35.28,1932,5,"072042",14.9
147.74,-35.28,1932,6,"072042",84.6
147.74,-35.28,1932,7,"072042",59.1
147.74,-35.28,1932,8,"072042",124
147.74,-35.28,1932,9,"072042",34
147.74,-35.28,1932,10,"072042",33.8
147.74,-35.28,1932,11,"072042",41.9
147.74,-35.28,1932,12,"072042",21.6
147.74,-35.28,1933,1,"072042",26.5
147.74,-35.28,1933,2,"072042",0
147.74,-35.28,1933,3,"072042",20.2
147.74,-35.28,1933,4,"072042",21.1
147.74,-35.28,1933,5,"072042",50.6
147.74,-35.28,1933,6,"072042",42.4
147.74,-35.28,1933,7,"072042",91.4
147.74,-35.28,1933,8,"072042",30.7
147.74,-35.28,1933,9,"072042",118.1
147.74,-35.28,1933,10,"072042",36.2
147.74,-35.28,1933,11,"072042",85.1
147.74,-35.28,1933,12,"072042",74.3
147.74,-35.28,1934,1,"072042",130.6
147.74,-35.28,1934,2,"072042",95.6
147.74,-35.28,1934,3,"072042",10.4
147.74,-35.28,1934,4,"072042",68.1
147.74,-35.28,1934,5,"072042",0
147.74,-35.28,1934,6,"072042",61.7
147.74,-35.28,1934,7,"072042",78.5
147.74,-35.28,1934,8,"072042",110.4
147.74,-35.28,1934,9,"072042",25.9
147.74,-35.28,1934,10,"072042",144.4
147.74,-35.28,1934,11,"072042",133.4
147.74,-35.28,1934,12,"072042",22.6
147.74,-35.28,1935,1,"072042",59.8
147.74,-35.28,1935,2,"072042",66.1
147.74,-35.28,1935,3,"072042",13
147.74,-35.28,1935,4,"072042",100.5
147.74,-35.28,1935,5,"072042",9.9
147.74,-35.28,1935,6,"072042",25.3
147.74,-35.28,1935,7,"072042",87.2
147.74,-35.28,1935,8,"072042",53
147.74,-35.28,1935,9,"072042",74.5
147.74,-35.28,1935,10,"072042",99.3
147.74,-35.28,1935,11,"072042",12.2
147.74,-35.28,1935,12,"072042",24.7
147.74,-35.28,1936,1,"072042",109.4
147.74,-35.28,1936,2,"072042",105.7
147.74,-35.28,1936,3,"072042",23.9
147.74,-35.28,1936,4,"072042",46.9
147.74,-35.28,1936,5,"072042",6.7
147.74,-35.28,1936,6,"072042",155
147.74,-35.28,1936,7,"072042",134.5
147.74,-35.28,1936,8,"072042",61.3
147.74,-35.28,1936,9,"072042",21.8
147.74,-35.28,1936,10,"072042",51.1
147.74,-35.28,1936,11,"072042",8.5
147.74,-35.28,1936,12,"072042",141.2
147.74,-35.28,1937,1,"072042",159.9
147.74,-35.28,1937,2,"072042",0
147.74,-35.28,1937,3,"072042",29.3
147.74,-35.28,1937,4,"072042",8.9
147.74,-35.28,1937,5,"072042",24.6
147.74,-35.28,1937,6,"072042",31.9
147.74,-35.28,1937,7,"072042",25.4
147.74,-35.28,1937,8,"072042",71.9
147.74,-35.28,1937,9,"072042",81.4
147.74,-35.28,1937,10,"072042",64.5
147.74,-35.28,1937,11,"072042",24.1
147.74,-35.28,1937,12,"072042",47.5
147.74,-35.28,1938,1,"072042",60
147.74,-35.28,1938,2,"072042",33.3
147.74,-35.28,1938,3,"072042",15.7
147.74,-35.28,1938,4,"072042",41.5
147.74,-35.28,1938,5,"072042",11.1
147.74,-35.28,1938,6,"072042",64
147.74,-35.28,1938,7,"072042",49.4
147.74,-35.28,1938,8,"072042",74.6
147.74,-35.28,1938,9,"072042",13
147.74,-35.28,1938,10,"072042",62
147.74,-35.28,1938,11,"072042",49.3
147.74,-35.28,1938,12,"072042",0
147.74,-35.28,1939,1,"072042",4.3
147.74,-35.28,1939,2,"072042",128.4
147.74,-35.28,1939,3,"072042",207.9
147.74,-35.28,1939,4,"072042",120.8
147.74,-35.28,1939,5,"072042",23.4
147.74,-35.28,1939,6,"072042",139
147.74,-35.28,1939,7,"072042",30.4
147.74,-35.28,1939,8,"072042",188.3
147.74,-35.28,1939,9,"072042",25.5
147.74,-35.28,1939,10,"072042",72.6
147.74,-35.28,1939,11,"072042",99.8
147.74,-35.28,1939,12,"072042",4.8
147.74,-35.28,1940,1,"072042",19.9
147.74,-35.28,1940,2,"072042",8.1
147.74,-35.28,1940,3,"072042",3.6
147.74,-35.28,1940,4,"072042",137.5
147.74,-35.28,1940,5,"072042",27
147.74,-35.28,1940,6,"072042",31
147.74,-35.28,1940,7,"072042",28.3
147.74,-35.28,1940,8,"072042",41.4
147.74,-35.28,1940,9,"072042",65.9
147.74,-35.28,1940,10,"072042",0.8
147.74,-35.28,1940,11,"072042",27.2
147.74,-35.28,1940,12,"072042",65.4
147.74,-35.28,1941,1,"072042",151.1
147.74,-35.28,1941,2,"072042",30
147.74,-35.28,1941,3,"072042",31
147.74,-35.28,1941,4,"072042",2.3
147.74,-35.28,1941,5,"072042",47
147.74,-35.28,1941,6,"072042",55.9
147.74,-35.28,1941,7,"072042",55.2
147.74,-35.28,1941,8,"072042",41.4
147.74,-35.28,1941,9,"072042",66.4
147.74,-35.28,1941,10,"072042",47
147.74,-35.28,1941,11,"072042",31.5
147.74,-35.28,1941,12,"072042",37.3
147.74,-35.28,1942,1,"072042",9.4
147.74,-35.28,1942,2,"072042",76.3
147.74,-35.28,1942,3,"072042",19.9
147.74,-35.28,1942,4,"072042",10.1
147.74,-35.28,1942,5,"072042",232.1
147.74,-35.28,1942,6,"072042",118.9
147.74,-35.28,1942,7,"072042",44.2
147.74,-35.28,1942,8,"072042",93.1
147.74,-35.28,1942,9,"072042",46.7
147.74,-35.28,1942,10,"072042",86.7
147.74,-35.28,1942,11,"072042",62.2
147.74,-35.28,1942,12,"072042",6.8
147.74,-35.28,1943,1,"072042",89.1
147.74,-35.28,1943,2,"072042",12.4
147.74,-35.28,1943,3,"072042",14.7
147.74,-35.28,1943,4,"072042",84.8
147.74,-35.28,1943,5,"072042",24.7
147.74,-35.28,1943,6,"072042",44.8
147.74,-35.28,1943,7,"072042",72.6
147.74,-35.28,1943,8,"072042",119.5
147.74,-35.28,1943,9,"072042",59.4
147.74,-35.28,1943,10,"072042",62
147.74,-35.28,1943,11,"072042",87.4
147.74,-35.28,1943,12,"072042",8.6
147.74,-35.28,1944,1,"072042",3.3
147.74,-35.28,1944,2,"072042",0
147.74,-35.28,1944,3,"072042",20.9
147.74,-35.28,1944,4,"072042",37.3
147.74,-35.28,1944,5,"072042",91.2
147.74,-35.28,1944,6,"072042",13.8
147.74,-35.28,1944,7,"072042",32.3
147.74,-35.28,1944,8,"072042",8.3
147.74,-35.28,1944,9,"072042",15.7
147.74,-35.28,1944,10,"072042",57.6
147.74,-35.28,1944,11,"072042",16
147.74,-35.28,1944,12,"072042",12.7
147.74,-35.28,1945,1,"072042",25.6
147.74,-35.28,1945,2,"072042",35.6
147.74,-35.28,1945,3,"072042",6.1
147.74,-35.28,1945,4,"072042",32.8
147.74,-35.28,1945,5,"072042",24.9
147.74,-35.28,1945,6,"072042",123.9
147.74,-35.28,1945,7,"072042",36.8
147.74,-35.28,1945,8,"072042",102
147.74,-35.28,1945,9,"072042",27.6
147.74,-35.28,1945,10,"072042",75.7
147.74,-35.28,1945,11,"072042",30.5
147.74,-35.28,1945,12,"072042",18
147.74,-35.28,1946,1,"072042",51.7
147.74,-35.28,1946,2,"072042",121.9
147.74,-35.28,1946,3,"072042",51.1
147.74,-35.28,1946,4,"072042",24.6
147.74,-35.28,1946,5,"072042",28.7
147.74,-35.28,1946,6,"072042",35.2
147.74,-35.28,1946,7,"072042",91.6
147.74,-35.28,1946,8,"072042",41.7
147.74,-35.28,1946,9,"072042",6.4
147.74,-35.28,1946,10,"072042",19.6
147.74,-35.28,1946,11,"072042",73.8
147.74,-35.28,1946,12,"072042",80.2
147.74,-35.28,1947,1,"072042",1.8
147.74,-35.28,1947,2,"072042",48.8
147.74,-35.28,1947,3,"072042",96.1
147.74,-35.28,1947,4,"072042",13.6
147.74,-35.28,1947,5,"072042",21.6
147.74,-35.28,1947,6,"072042",36
147.74,-35.28,1947,7,"072042",99.7
147.74,-35.28,1947,8,"072042",74.1
147.74,-35.28,1947,9,"072042",61
147.74,-35.28,1947,10,"072042",42.4
147.74,-35.28,1947,11,"072042",63.8
147.74,-35.28,1947,12,"072042",125.1
147.74,-35.28,1948,1,"072042",48.9
147.74,-35.28,1948,2,"072042",53.7
147.74,-35.28,1948,3,"072042",3.6
147.74,-35.28,1948,4,"072042",71.1
147.74,-35.28,1948,5,"072042",62.9
147.74,-35.28,1948,6,"072042",41.3
147.74,-35.28,1948,7,"072042",17.5
147.74,-35.28,1948,8,"072042",27.4
147.74,-35.28,1948,9,"072042",30.1
147.74,-35.28,1948,10,"072042",77.9
147.74,-35.28,1948,11,"072042",76.5
147.74,-35.28,1948,12,"072042",61.3
147.74,-35.28,1949,1,"072042",27.2
147.74,-35.28,1949,2,"072042",22.9
147.74,-35.28,1949,3,"072042",78.2
147.74,-35.28,1949,4,"072042",27.9
147.74,-35.28,1949,5,"072042",46.3
147.74,-35.28,1949,6,"072042",33.2
147.74,-35.28,1949,7,"072042",79.6
147.74,-35.28,1949,8,"072042",14.5
147.74,-35.28,1949,9,"072042",51
147.74,-35.28,1949,10,"072042",190.8
147.74,-35.28,1949,11,"072042",91.6
147.74,-35.28,1949,12,"072042",12.3
147.74,-35.28,1950,1,"072042",60.3
147.74,-35.28,1950,2,"072042",90.8
147.74,-35.28,1950,3,"072042",198.4
147.74,-35.28,1950,4,"072042",54.6
147.74,-35.28,1950,5,"072042",43.7
147.74,-35.28,1950,6,"072042",46
147.74,-35.28,1950,7,"072042",65.1
147.74,-35.28,1950,8,"072042",47.7
147.74,-35.28,1950,9,"072042",61.6
147.74,-35.28,1950,10,"072042",144.1
147.74,-35.28,1950,11,"072042",114.1
147.74,-35.28,1950,12,"072042",57.4
147.74,-35.28,1951,1,"072042",14.5
147.74,-35.28,1951,2,"072042",51.6
147.74,-35.28,1951,3,"072042",0
147.74,-35.28,1951,4,"072042",55.2
147.74,-35.28,1951,5,"072042",67
147.74,-35.28,1951,6,"072042",98
147.74,-35.28,1951,7,"072042",104.9
147.74,-35.28,1951,8,"072042",75.8
147.74,-35.28,1951,9,"072042",83.8
147.74,-35.28,1951,10,"072042",73.4
147.74,-35.28,1951,11,"072042",35.6
147.74,-35.28,1951,12,"072042",14.2
147.74,-35.28,1952,1,"072042",7.9
147.74,-35.28,1952,2,"072042",4.6
147.74,-35.28,1952,3,"072042",54.6
147.74,-35.28,1952,4,"072042",110
147.74,-35.28,1952,5,"072042",133.1
147.74,-35.28,1952,6,"072042",100.3
147.74,-35.28,1952,7,"072042",52.6
147.74,-35.28,1952,8,"072042",58.5
147.74,-35.28,1952,9,"072042",71.7
147.74,-35.28,1952,10,"072042",104.9
147.74,-35.28,1952,11,"072042",61.3
147.74,-35.28,1952,12,"072042",53.7
147.74,-35.28,1953,1,"072042",48.8
147.74,-35.28,1953,2,"072042",32.2
147.74,-35.28,1953,3,"072042",12.1
147.74,-35.28,1953,4,"072042",62.5
147.74,-35.28,1953,5,"072042",59.5
147.74,-35.28,1953,6,"072042",54.9
147.74,-35.28,1953,7,"072042",49.7
147.74,-35.28,1953,8,"072042",80.3
147.74,-35.28,1953,9,"072042",85.8
147.74,-35.28,1953,10,"072042",96.5
147.74,-35.28,1953,11,"072042",91.9
147.74,-35.28,1953,12,"072042",23.9
147.74,-35.28,1954,1,"072042",102.9
147.74,-35.28,1954,2,"072042",38.8
147.74,-35.28,1954,3,"072042",0.3
147.74,-35.28,1954,4,"072042",43.2
147.74,-35.28,1954,5,"072042",11.9
147.74,-35.28,1954,6,"072042",64.3
147.74,-35.28,1954,7,"072042",18.6
147.74,-35.28,1954,8,"072042",52
147.74,-35.28,1954,9,"072042",26.4
147.74,-35.28,1954,10,"072042",55.1
147.74,-35.28,1954,11,"072042",134.4
147.74,-35.28,1954,12,"072042",58.2
147.74,-35.28,1955,1,"072042",28.4
147.74,-35.28,1955,2,"072042",140.2
147.74,-35.28,1955,3,"072042",47.3
147.74,-35.28,1955,4,"072042",14.2
147.74,-35.28,1955,5,"072042",72.9
147.74,-35.28,1955,6,"072042",78.7
147.74,-35.28,1955,7,"072042",84.8
147.74,-35.28,1955,8,"072042",123.4
147.74,-35.28,1955,9,"072042",66.6
147.74,-35.28,1955,10,"072042",163.6
147.74,-35.28,1955,11,"072042",19.6
147.74,-35.28,1955,12,"072042",50.8
147.74,-35.28,1956,1,"072042",82.3
147.74,-35.28,1956,2,"072042",15.5
147.74,-35.28,1956,3,"072042",234.5
147.74,-35.28,1956,4,"072042",102.7
147.74,-35.28,1956,5,"072042",116.2
147.74,-35.28,1956,6,"072042",121.7
147.74,-35.28,1956,7,"072042",126
147.74,-35.28,1956,8,"072042",35.7
147.74,-35.28,1956,9,"072042",68.2
147.74,-35.28,1956,10,"072042",105.6
147.74,-35.28,1956,11,"072042",29
147.74,-35.28,1956,12,"072042",24.1
147.74,-35.28,1957,1,"072042",0
147.74,-35.28,1957,2,"072042",71.8
147.74,-35.28,1957,3,"072042",39.9
147.74,-35.28,1957,4,"072042",26.2
147.74,-35.28,1957,5,"072042",11.2
147.74,-35.28,1957,6,"072042",43.4
147.74,-35.28,1957,7,"072042",80.5
147.74,-35.28,1957,8,"072042",38.1
147.74,-35.28,1957,9,"072042",28.2
147.74,-35.28,1957,10,"072042",25.4
147.74,-35.28,1957,11,"072042",44
147.74,-35.28,1957,12,"072042",72.3
147.74,-35.28,1958,1,"072042",33.1
147.74,-35.28,1958,2,"072042",11.8
147.74,-35.28,1958,3,"072042",65.1
147.74,-35.28,1958,4,"072042",7.1
147.74,-35.28,1958,5,"072042",62.4
147.74,-35.28,1958,6,"072042",32.2
147.74,-35.28,1958,7,"072042",122.2
147.74,-35.28,1958,8,"072042",90.5
147.74,-35.28,1958,9,"072042",72.7
147.74,-35.28,1958,10,"072042",83.2
147.74,-35.28,1958,11,"072042",18.6
147.74,-35.28,1958,12,"072042",51.1
147.74,-35.28,1959,1,"072042",4.3
147.74,-35.28,1959,2,"072042",65.6
147.74,-35.28,1959,3,"072042",87.9
147.74,-35.28,1959,4,"072042",75
147.74,-35.28,1959,5,"072042",15
147.74,-35.28,1959,6,"072042",45.7
147.74,-35.28,1959,7,"072042",38.4
147.74,-35.28,1959,8,"072042",38.3
147.74,-35.28,1959,9,"072042",49.7
147.74,-35.28,1959,10,"072042",77.9
147.74,-35.28,1959,11,"072042",81.4
147.74,-35.28,1959,12,"072042",0
147.74,-35.28,1960,1,"072042",44.8
147.74,-35.28,1960,2,"072042",10
147.74,-35.28,1960,3,"072042",16.8
147.74,-35.28,1960,4,"072042",32.1
147.74,-35.28,1960,5,"072042",122.7
147.74,-35.28,1960,6,"072042",12.5
147.74,-35.28,1960,7,"072042",136.6
147.74,-35.28,1960,8,"072042",82.1
147.74,-35.28,1960,9,"072042",157.9
147.74,-35.28,1960,10,"072042",44.2
147.74,-35.28,1960,11,"072042",55.9
147.74,-35.28,1960,12,"072042",50.5
147.74,-35.28,1961,1,"072042",33.8
147.74,-35.28,1961,2,"072042",6.1
147.74,-35.28,1961,3,"072042",43.2
147.74,-35.28,1961,4,"072042",92
147.74,-35.28,1961,5,"072042",4.8
147.74,-35.28,1961,6,"072042",71.5
147.74,-35.28,1961,7,"072042",80.6
147.74,-35.28,1961,8,"072042",76.2
147.74,-35.28,1961,9,"072042",39.1
147.74,-35.28,1961,10,"072042",21.8
147.74,-35.28,1961,11,"072042",62.1
147.74,-35.28,1961,12,"072042",91.8
147.74,-35.28,1962,1,"072042",118.8
147.74,-35.28,1962,2,"072042",16.7
147.74,-35.28,1962,3,"072042",47.2
147.74,-35.28,1962,4,"072042",35.5
147.74,-35.28,1962,5,"072042",86.1
147.74,-35.28,1962,6,"072042",35.6
147.74,-35.28,1962,7,"072042",62.9
147.74,-35.28,1962,8,"072042",63.4
147.74,-35.28,1962,9,"072042",43.6
147.74,-35.28,1962,10,"072042",46
147.74,-35.28,1962,11,"072042",23.9
147.74,-35.28,1962,12,"072042",81.3
147.74,-35.28,1963,1,"072042",63
147.74,-35.28,1963,2,"072042",46.3
147.74,-35.28,1963,3,"072042",14
147.74,-35.28,1963,4,"072042",8.1
147.74,-35.28,1963,5,"072042",90.5
147.74,-35.28,1963,6,"072042",95.3
147.74,-35.28,1963,7,"072042",92
147.74,-35.28,1963,8,"072042",69.7
147.74,-35.28,1963,9,"072042",56.7
147.74,-35.28,1963,10,"072042",45.2
147.74,-35.28,1963,11,"072042",51.8
147.74,-35.28,1963,12,"072042",56.6
147.74,-35.28,1964,1,"072042",28.5
147.74,-35.28,1964,2,"072042",13.2
147.74,-35.28,1964,3,"072042",45.5
147.74,-35.28,1964,4,"072042",104.8
147.74,-35.28,1964,5,"072042",41.2
147.74,-35.28,1964,6,"072042",61.5
147.74,-35.28,1964,7,"072042",100.4
147.74,-35.28,1964,8,"072042",35.6
147.74,-35.28,1964,9,"072042",98.7
147.74,-35.28,1964,10,"072042",94.5
147.74,-35.28,1964,11,"072042",16.1
147.74,-35.28,1964,12,"072042",38.1
147.74,-35.28,1965,1,"072042",0
147.74,-35.28,1965,2,"072042",0
147.74,-35.28,1965,3,"072042",0
147.74,-35.28,1965,4,"072042",17
147.74,-35.28,1965,5,"072042",41.2
147.74,-35.28,1965,6,"072042",27.2
147.74,-35.28,1965,7,"072042",27
147.74,-35.28,1965,8,"072042",112.3
147.74,-35.28,1965,9,"072042",37.5
147.74,-35.28,1965,10,"072042",68.9
147.74,-35.28,1965,11,"072042",55.7
147.74,-35.28,1965,12,"072042",79.1
147.74,-35.28,1966,1,"072042",24.7
147.74,-35.28,1966,2,"072042",43.2
147.74,-35.28,1966,3,"072042",95.5
147.74,-35.28,1966,4,"072042",12.5
147.74,-35.28,1966,5,"072042",77.3
147.74,-35.28,1966,6,"072042",54.6
147.74,-35.28,1966,7,"072042",88.6
147.74,-35.28,1966,8,"072042",81
147.74,-35.28,1966,9,"072042",91
147.74,-35.28,1966,10,"072042",54.1
147.74,-35.28,1966,11,"072042",77.2
147.74,-35.28,1966,12,"072042",104.7
147.74,-35.28,1967,1,"072042",34.3
147.74,-35.28,1967,2,"072042",16.5
147.74,-35.28,1967,3,"072042",20.3
147.74,-35.28,1967,4,"072042",0.8
147.74,-35.28,1967,5,"072042",19.8
147.74,-35.28,1967,6,"072042",24.2
147.74,-35.28,1967,7,"072042",19
147.74,-35.28,1967,8,"072042",71.6
147.74,-35.28,1967,9,"072042",25.4
147.74,-35.28,1967,10,"072042",31.9
147.74,-35.28,1967,11,"072042",8.4
147.74,-35.28,1967,12,"072042",1.8
147.74,-35.28,1968,1,"072042",68
147.74,-35.28,1968,2,"072042",0
147.74,-35.28,1968,3,"072042",32.8
147.74,-35.28,1968,4,"072042",58
147.74,-35.28,1968,5,"072042",150.6
147.74,-35.28,1968,6,"072042",37.4
147.74,-35.28,1968,7,"072042",46.9
147.74,-35.28,1968,8,"072042",80.2
147.74,-35.28,1968,9,"072042",16.8
147.74,-35.28,1968,10,"072042",64.5
147.74,-35.28,1968,11,"072042",44
147.74,-35.28,1968,12,"072042",82.8
147.74,-35.28,1969,1,"072042",24.5
147.74,-35.28,1969,2,"072042",49.5
147.74,-35.28,1969,3,"072042",105.6
147.74,-35.28,1969,4,"072042",112.4
147.74,-35.28,1969,5,"072042",75.1
147.74,-35.28,1969,6,"072042",88.9
147.74,-35.28,1969,7,"072042",76.9
147.74,-35.28,1969,8,"072042",40.4
147.74,-35.28,1969,9,"072042",74.3
147.74,-35.28,1969,10,"072042",80.2
147.74,-35.28,1969,11,"072042",47.5
147.74,-35.28,1969,12,"072042",18.5
147.74,-35.28,1970,1,"072042",119.2
147.74,-35.28,1970,2,"072042",29.8
147.74,-35.28,1970,3,"072042",43.8
147.74,-35.28,1970,4,"072042",140.9
147.74,-35.28,1970,5,"072042",47.9
147.74,-35.28,1970,6,"072042",43.5
147.74,-35.28,1970,7,"072042",31.6
147.74,-35.28,1970,8,"072042",127.7
147.74,-35.28,1970,9,"072042",119.9
147.74,-35.28,1970,10,"072042",38
147.74,-35.28,1970,11,"072042",155.8
147.74,-35.28,1970,12,"072042",40
147.74,-35.28,1971,1,"072042",45.5
147.74,-35.28,1971,2,"072042",52.3
147.74,-35.28,1971,3,"072042",18.7
147.74,-35.28,1971,4,"072042",60.4
147.74,-35.28,1971,5,"072042",54.1
147.74,-35.28,1971,6,"072042",30.8
147.74,-35.28,1971,7,"072042",39.9
147.74,-35.28,1971,8,"072042",69.9
147.74,-35.28,1971,9,"072042",53.7
147.74,-35.28,1971,10,"072042",58.5
147.74,-35.28,1971,11,"072042",125.5
147.74,-35.28,1971,12,"072042",113.3
147.74,-35.28,1972,1,"072042",116
147.74,-35.28,1972,2,"072042",69.8
147.74,-35.28,1972,3,"072042",22.4
147.74,-35.28,1972,4,"072042",24.9
147.74,-35.28,1972,5,"072042",32.4
147.74,-35.28,1972,6,"072042",11.7
147.74,-35.28,1972,7,"072042",40.2
147.74,-35.28,1972,8,"072042",115
147.74,-35.28,1972,9,"072042",18.6
147.74,-35.28,1972,10,"072042",28.7
147.74,-35.28,1972,11,"072042",44.1
147.74,-35.28,1972,12,"072042",4.6
147.74,-35.28,1973,1,"072042",33.3
147.74,-35.28,1973,2,"072042",79.1
147.74,-35.28,1973,3,"072042",45.7
147.74,-35.28,1973,4,"072042",54
147.74,-35.28,1973,5,"072042",33.3
147.74,-35.28,1973,6,"072042",91.3
147.74,-35.28,1973,7,"072042",122.7
147.74,-35.28,1973,8,"072042",97.2
147.74,-35.28,1973,9,"072042",64.6
147.74,-35.28,1973,10,"072042",104
147.74,-35.28,1973,11,"072042",69.1
147.74,-35.28,1973,12,"072042",30.2
147.74,-35.28,1974,1,"072042",169
147.74,-35.28,1974,2,"072042",37.8
147.74,-35.28,1974,3,"072042",4.2
147.74,-35.28,1974,4,"072042",245.9
147.74,-35.28,1974,5,"072042",38.8
147.74,-35.28,1974,6,"072042",7.4
147.74,-35.28,1974,7,"072042",123.3
147.74,-35.28,1974,8,"072042",97.2
147.74,-35.28,1974,9,"072042",88
147.74,-35.28,1974,10,"072042",177.2
147.74,-35.28,1974,11,"072042",22.8
147.74,-35.28,1974,12,"072042",6.6
147.74,-35.28,1975,1,"072042",29.4
147.74,-35.28,1975,2,"072042",98.5
147.74,-35.28,1975,3,"072042",64.6
147.74,-35.28,1975,4,"072042",32.2
147.74,-35.28,1975,5,"072042",43.8
147.74,-35.28,1975,6,"072042",12.6
147.74,-35.28,1975,7,"072042",82
147.74,-35.28,1975,8,"072042",99.9
147.74,-35.28,1975,9,"072042",75.8
147.74,-35.28,1975,10,"072042",185.8
147.74,-35.28,1975,11,"072042",17.1
147.74,-35.28,1975,12,"072042",91
147.74,-35.28,1976,1,"072042",42.2
147.74,-35.28,1976,2,"072042",66.2
147.74,-35.28,1976,3,"072042",14.7
147.74,-35.28,1976,4,"072042",26.6
147.74,-35.28,1976,5,"072042",11.7
147.74,-35.28,1976,6,"072042",12.2
147.74,-35.28,1976,7,"072042",23.6
147.74,-35.28,1976,8,"072042",24
147.74,-35.28,1976,9,"072042",75.5
147.74,-35.28,1976,10,"072042",162.4
147.74,-35.28,1976,11,"072042",61
147.74,-35.28,1976,12,"072042",13.2
147.74,-35.28,1977,1,"072042",22.2
147.74,-35.28,1977,2,"072042",52.6
147.74,-35.28,1977,3,"072042",114.8
147.74,-35.28,1977,4,"072042",44
147.74,-35.28,1977,5,"072042",90.5
147.74,-35.28,1977,6,"072042",72.8
147.74,-35.28,1977,7,"072042",23.4
147.74,-35.28,1977,8,"072042",11.6
147.74,-35.28,1977,9,"072042",42.5
147.74,-35.28,1977,10,"072042",3.4
147.74,-35.28,1977,11,"072042",8.8
147.74,-35.28,1977,12,"072042",4.8
147.74,-35.28,1978,1,"072042",108
147.74,-35.28,1978,2,"072042",0
147.74,-35.28,1978,3,"072042",79.2
147.74,-35.28,1978,4,"072042",31
147.74,-35.28,1978,5,"072042",141.8
147.74,-35.28,1978,6,"072042",68.6
147.74,-35.28,1978,7,"072042",71.5
147.74,-35.28,1978,8,"072042",44
147.74,-35.28,1978,9,"072042",123.6
147.74,-35.28,1978,10,"072042",59
147.74,-35.28,1978,11,"072042",84.4
147.74,-35.28,1978,12,"072042",67.6
147.74,-35.28,1979,1,"072042",12.2
147.74,-35.28,1979,2,"072042",10.2
147.74,-35.28,1979,3,"072042",70.8
147.74,-35.28,1979,4,"072042",63.2
147.74,-35.28,1979,5,"072042",62.6
147.74,-35.28,1979,6,"072042",17
147.74,-35.28,1979,7,"072042",8
147.74,-35.28,1979,8,"072042",61.4
147.74,-35.28,1979,9,"072042",81.8
147.74,-35.28,1979,10,"072042",95.6
147.74,-35.28,1979,11,"072042",27.6
147.74,-35.28,1979,12,"072042",1
147.74,-35.28,1980,1,"072042",35.6
147.74,-35.28,1980,2,"072042",9.8
147.74,-35.28,1980,3,"072042",29.6
147.74,-35.28,1980,4,"072042",39.2
147.74,-35.28,1980,5,"072042",63.8
147.74,-35.28,1980,6,"072042",71.1
147.74,-35.28,1980,7,"072042",69.6
147.74,-35.28,1980,8,"072042",66
147.74,-35.28,1980,9,"072042",37.2
147.74,-35.28,1980,10,"072042",59.9
147.74,-35.28,1980,11,"072042",22.6
147.74,-35.28,1980,12,"072042",103.6
147.74,-35.28,1981,1,"072042",26.3
147.74,-35.28,1981,2,"072042",107.6
147.74,-35.28,1981,3,"072042",14.2
147.74,-35.28,1981,4,"072042",7
147.74,-35.28,1981,5,"072042",64.4
147.74,-35.28,1981,6,"072042",117.8
147.74,-35.28,1981,7,"072042",129.6
147.74,-35.28,1981,8,"072042",93.2
147.74,-35.28,1981,9,"072042",53.2
147.74,-35.28,1981,10,"072042",23.5
147.74,-35.28,1981,11,"072042",35.5
147.74,-35.28,1981,12,"072042",16.4
147.74,-35.28,1982,1,"072042",17.6
147.74,-35.28,1982,2,"072042",47.6
147.74,-35.28,1982,3,"072042",108
147.74,-35.28,1982,4,"072042",34.6
147.74,-35.28,1982,5,"072042",33
147.74,-35.28,1982,6,"072042",26.8
147.74,-35.28,1982,7,"072042",6.5
147.74,-35.28,1982,8,"072042",14.2
147.74,-35.28,1982,9,"072042",46.4
147.74,-35.28,1982,10,"072042",18
147.74,-35.28,1982,11,"072042",1
147.74,-35.28,1982,12,"072042",16.6
147.74,-35.28,1983,1,"072042",5
147.74,-35.28,1983,2,"072042",47.6
147.74,-35.28,1983,3,"072042",34.8
147.74,-35.28,1983,4,"072042",100
147.74,-35.28,1983,5,"072042",160
147.74,-35.28,1983,6,"072042",48.7
147.74,-35.28,1983,7,"072042",98.2
147.74,-35.28,1983,8,"072042",126.2
147.74,-35.28,1983,9,"072042",63.2
147.74,-35.28,1983,10,"072042",71.6
147.74,-35.28,1983,11,"072042",60.1
147.74,-35.28,1983,12,"072042",62.2
147.74,-35.28,1984,1,"072042",237.8
147.74,-35.28,1984,2,"072042",25.8
147.74,-35.28,1984,3,"072042",19.4
147.74,-35.28,1984,4,"072042",80.1
147.74,-35.28,1984,5,"072042",11.2
147.74,-35.28,1984,6,"072042",3.6
147.74,-35.28,1984,7,"072042",110
147.74,-35.28,1984,8,"072042",102.6
147.74,-35.28,1984,9,"072042",68.2
147.74,-35.28,1984,10,"072042",54.8
147.74,-35.28,1984,11,"072042",11.8
147.74,-35.28,1984,12,"072042",26.2
147.74,-35.28,1985,1,"072042",10.2
147.74,-35.28,1985,2,"072042",1.9
147.74,-35.28,1985,3,"072042",71.8
147.74,-35.28,1985,4,"072042",29
147.74,-35.28,1985,5,"072042",59.9
147.74,-35.28,1985,6,"072042",44
147.74,-35.28,1985,7,"072042",51.8
147.74,-35.28,1985,8,"072042",129.6
147.74,-35.28,1985,9,"072042",33.4
147.74,-35.28,1985,10,"072042",84
147.74,-35.28,1985,11,"072042",103.8
147.74,-35.28,1985,12,"072042",77.2
147.74,-35.28,1986,1,"072042",54.2
147.74,-35.28,1986,2,"072042",6
147.74,-35.28,1986,3,"072042",3.2
147.74,-35.28,1986,4,"072042",70
147.74,-35.28,1986,5,"072042",70.8
147.74,-35.28,1986,6,"072042",28
147.74,-35.28,1986,7,"072042",156.4
147.74,-35.28,1986,8,"072042",60.4
147.74,-35.28,1986,9,"072042",76.2
147.74,-35.28,1986,10,"072042",98.2
147.74,-35.28,1986,11,"072042",97.4
147.74,-35.28,1986,12,"072042",31
147.74,-35.28,1987,1,"072042",0
147.74,-35.28,1987,2,"072042",69
147.74,-35.28,1987,3,"072042",20.8
147.74,-35.28,1987,4,"072042",21.4
147.74,-35.28,1987,5,"072042",50.6
147.74,-35.28,1987,6,"072042",110.6
147.74,-35.28,1987,7,"072042",74
147.74,-35.28,1987,8,"072042",35.4
147.74,-35.28,1987,9,"072042",36.6
147.74,-35.28,1987,10,"072042",36.2
147.74,-35.28,1987,11,"072042",30.4
147.74,-35.28,1987,12,"072042",53
147.74,-35.28,1988,1,"072042",13.4
147.74,-35.28,1988,2,"072042",9.4
147.74,-35.28,1988,3,"072042",22.4
147.74,-35.28,1988,4,"072042",16.8
147.74,-35.28,1988,5,"072042",163.6
147.74,-35.28,1988,6,"072042",52.4
147.74,-35.28,1988,7,"072042",106.4
147.74,-35.28,1988,8,"072042",34.4
147.74,-35.28,1988,9,"072042",77.6
147.74,-35.28,1988,10,"072042",24.6
147.74,-35.28,1988,11,"072042",49.4
147.74,-35.28,1988,12,"072042",229
147.74,-35.28,1989,1,"072042",22.8
147.74,-35.28,1989,2,"072042",24.6
147.74,-35.28,1989,3,"072042",155.2
147.74,-35.28,1989,4,"072042",112.2
147.74,-35.28,1989,5,"072042",95.8
147.74,-35.28,1989,6,"072042",55.4
147.74,-35.28,1989,7,"072042",46.6
147.74,-35.28,1989,8,"072042",91.2
147.74,-35.28,1989,9,"072042",15.6
147.74,-35.28,1989,10,"072042",55.2
147.74,-35.28,1989,11,"072042",112.2
147.74,-35.28,1989,12,"072042",34
147.74,-35.28,1990,1,"072042",41.2
147.74,-35.28,1990,2,"072042",48.2
147.74,-35.28,1990,3,"072042",8.6
147.74,-35.28,1990,4,"072042",126.4
147.74,-35.28,1990,5,"072042",99.8
147.74,-35.28,1990,6,"072042",34.8
147.74,-35.28,1990,7,"072042",107.6
147.74,-35.28,1990,8,"072042",90.8
147.74,-35.28,1990,9,"072042",50.8
147.74,-35.28,1990,10,"072042",49.4
147.74,-35.28,1990,11,"072042",8.6
147.74,-35.28,1990,12,"072042",4.6
147.74,-35.28,1991,1,"072042",73
147.74,-35.28,1991,2,"072042",10.8
147.74,-35.28,1991,3,"072042",10.8
147.74,-35.28,1991,4,"072042",5.6
147.74,-35.28,1991,5,"072042",13.4
147.74,-35.28,1991,6,"072042",101.4
147.74,-35.28,1991,7,"072042",72.7
147.74,-35.28,1991,8,"072042",72.5
147.74,-35.28,1991,9,"072042",65
147.74,-35.28,1991,10,"072042",19.4
147.74,-35.28,1991,11,"072042",7.6
147.74,-35.28,1991,12,"072042",34
147.74,-35.28,1992,1,"072042",91.7
147.74,-35.28,1992,2,"072042",45.7
147.74,-35.28,1992,3,"072042",28.6
147.74,-35.28,1992,4,"072042",61.4
147.74,-35.28,1992,5,"072042",35.8
147.74,-35.28,1992,6,"072042",53.4
147.74,-35.28,1992,7,"072042",45.1
147.74,-35.28,1992,8,"072042",118.7
147.74,-35.28,1992,9,"072042",90.4
147.74,-35.28,1992,10,"072042",164.4
147.74,-35.28,1992,11,"072042",63.9
147.74,-35.28,1992,12,"072042",121.3
147.74,-35.28,1993,1,"072042",23.1
147.74,-35.28,1993,2,"072042",27.4
147.74,-35.28,1993,3,"072042",80.5
147.74,-35.28,1993,4,"072042",12.8
147.74,-35.28,1993,5,"072042",33.8
147.74,-35.28,1993,6,"072042",32.2
147.74,-35.28,1993,7,"072042",141.1
147.74,-35.28,1993,8,"072042",28.8
147.74,-35.28,1993,9,"072042",103
147.74,-35.28,1993,10,"072042",124.4
147.74,-35.28,1993,11,"072042",110.1
147.74,-35.28,1993,12,"072042",52.3
147.74,-35.28,1994,1,"072042",20.1
147.74,-35.28,1994,2,"072042",106.2
147.74,-35.28,1994,3,"072042",36.8
147.74,-35.28,1994,4,"072042",24.4
147.74,-35.28,1994,5,"072042",11.4
147.74,-35.28,1994,6,"072042",49.6
147.74,-35.28,1994,7,"072042",39
147.74,-35.28,1994,8,"072042",10.4
147.74,-35.28,1994,9,"072042",19.2
147.74,-35.28,1994,10,"072042",40.8
147.74,-35.28,1994,11,"072042",36
147.74,-35.28,1994,12,"072042",42.2
147.74,-35.28,1995,1,"072042",105.6
147.74,-35.28,1995,2,"072042",5.3
147.74,-35.28,1995,3,"072042",0.4
147.74,-35.28,1995,4,"072042",35.5
147.74,-35.28,1995,5,"072042",178.5
147.74,-35.28,1995,6,"072042",76
147.74,-35.28,1995,7,"072042",119.3
147.74,-35.28,1995,8,"072042",16.5
147.74,-35.28,1995,9,"072042",31.4
147.74,-35.28,1995,10,"072042",64.2
147.74,-35.28,1995,11,"072042",112.2
147.74,-35.28,1995,12,"072042",44.4
147.74,-35.28,1996,1,"072042",104
147.74,-35.28,1996,2,"072042",47.4
147.74,-35.28,1996,3,"072042",8
147.74,-35.28,1996,4,"072042",15.6
147.74,-35.28,1996,5,"072042",54.6
147.74,-35.28,1996,6,"072042",80.6
147.74,-35.28,1996,7,"072042",89.4
147.74,-35.28,1996,8,"072042",69.1
147.74,-35.28,1996,9,"072042",58.8
147.74,-35.28,1996,10,"072042",60.6
147.74,-35.28,1996,11,"072042",64
147.74,-35.28,1996,12,"072042",70.2
147.74,-35.28,1997,1,"072042",44.4
147.74,-35.28,1997,2,"072042",4.6
147.74,-35.28,1997,3,"072042",33.2
147.74,-35.28,1997,4,"072042",3.2
147.74,-35.28,1997,5,"072042",60.4
147.74,-35.28,1997,6,"072042",56.8
147.74,-35.28,1997,7,"072042",30.7
147.74,-35.28,1997,8,"072042",58.4
147.74,-35.28,1997,9,"072042",95
147.74,-35.28,1997,10,"072042",4.4
147.74,-35.28,1997,11,"072042",42.6
147.74,-35.28,1997,12,"072042",52.1
147.74,-35.28,1998,1,"072042",25.6
147.74,-35.28,1998,2,"072042",19.2
147.74,-35.28,1998,3,"072042",2.4
147.74,-35.28,1998,4,"072042",87
147.74,-35.28,1998,5,"072042",18.4
147.74,-35.28,1998,6,"072042",130.6
147.74,-35.28,1998,7,"072042",63.8
147.74,-35.28,1998,8,"072042",50
147.74,-35.28,1998,9,"072042",80.6
147.74,-35.28,1998,10,"072042",48
147.74,-35.28,1998,11,"072042",71.1
147.74,-35.28,1998,12,"072042",31.2
147.74,-35.28,1999,1,"072042",63.4
147.74,-35.28,1999,2,"072042",10.6
147.74,-35.28,1999,3,"072042",86.8
147.74,-35.28,1999,4,"072042",56.2
147.74,-35.28,1999,5,"072042",48.1
147.74,-35.28,1999,6,"072042",41.8
147.74,-35.28,1999,7,"072042",40.2
147.74,-35.28,1999,8,"072042",70.4
147.74,-35.28,1999,9,"072042",75.6
147.74,-35.28,1999,10,"072042",108.4
147.74,-35.28,1999,11,"072042",50.8
147.74,-35.28,1999,12,"072042",122.4
147.74,-35.28,2000,1,"072042",58
147.74,-35.28,2000,2,"072042",28.4
147.74,-35.28,2000,3,"072042",39.6
147.74,-35.28,2000,4,"072042",35.6
147.74,-35.28,2000,5,"072042",93.6
147.74,-35.28,2000,6,"072042",51.4
147.74,-35.28,2000,7,"072042",NA
147.74,-35.28,2000,8,"072042",104.4
147.74,-35.28,2000,9,"072042",73.4
147.74,-35.28,2000,10,"072042",88.8
147.74,-35.28,2000,11,"072042",40.4
147.74,-35.28,2000,12,"072042",14.6
147.74,-35.28,2001,1,"072042",NA
147.74,-35.28,2001,2,"072042",96
147.74,-35.28,2001,3,"072042",43.6
147.74,-35.28,2001,4,"072042",36.8
147.74,-35.28,2001,5,"072042",8.2
147.74,-35.28,2001,6,"072042",NA
147.74,-35.28,2001,7,"072042",35.8
147.74,-35.28,2001,8,"072042",42
147.74,-35.28,2001,9,"072042",33.8
147.74,-35.28,2001,10,"072042",43.4
147.74,-35.28,2001,11,"072042",NA
147.74,-35.28,2001,12,"072042",NA
147.74,-35.28,2002,1,"072042",8
147.74,-35.28,2002,2,"072042",223.8
147.74,-35.28,2002,3,"072042",29.4
147.74,-35.28,2002,4,"072042",14
147.74,-35.28,2002,5,"072042",35.4
147.74,-35.28,2002,6,"072042",62.6
147.74,-35.28,2002,7,"072042",23.4
147.74,-35.28,2002,8,"072042",31.8
147.74,-35.28,2002,9,"072042",NA
147.74,-35.28,2002,10,"072042",NA
147.74,-35.28,2002,11,"072042",11
147.74,-35.28,2002,12,"072042",NA
147.74,-35.28,2003,1,"072042",14.2
147.74,-35.28,2003,2,"072042",39.8
147.74,-35.28,2003,3,"072042",NA
147.74,-35.28,2003,4,"072042",NA
147.74,-35.28,2003,5,"072042",NA
147.74,-35.28,2003,6,"072042",58.4
147.74,-35.28,2003,7,"072042",54.5
147.74,-35.28,2003,8,"072042",84.9
147.74,-35.28,2003,9,"072042",NA
147.74,-35.28,2003,10,"072042",64.4
147.74,-35.28,2003,11,"072042",94.4
147.74,-35.28,2003,12,"072042",38.6
147.74,-35.28,2004,1,"072042",21.8
147.74,-35.28,2004,2,"072042",0.4
147.74,-35.28,2004,3,"072042",1
147.74,-35.28,2004,4,"072042",7.8
147.74,-35.28,2004,5,"072042",57.8
147.74,-35.28,2004,6,"072042",70.4
147.74,-35.28,2004,7,"072042",41.6
147.74,-35.28,2004,8,"072042",39.4
147.74,-35.28,2004,9,"072042",10
147.74,-35.28,2004,10,"072042",2.4
147.74,-35.28,2004,11,"072042",110.7
147.74,-35.28,2004,12,"072042",56.2
147.74,-35.28,2005,1,"072042",12.4
147.74,-35.28,2005,2,"072042",67.8
147.74,-35.28,2005,3,"072042",14.6
147.74,-35.28,2005,4,"072042",7.4
147.74,-35.28,2005,5,"072042",4.4
147.74,-35.28,2005,6,"072042",89
147.74,-35.28,2005,7,"072042",69.2
147.74,-35.28,2005,8,"072042",73.2
147.74,-35.28,2005,9,"072042",117.8
147.74,-35.28,2005,10,"072042",94.4
147.74,-35.28,2005,11,"072042",35.6
147.74,-35.28,2005,12,"072042",23.2
147.74,-35.28,2006,1,"072042",39.4
147.74,-35.28,2006,2,"072042",0
147.74,-35.28,2006,3,"072042",18.8
147.74,-35.28,2006,4,"072042",24
147.74,-35.28,2006,5,"072042",3.2
147.74,-35.28,2006,6,"072042",42.4
147.74,-35.28,2006,7,"072042",45.4
147.74,-35.28,2006,8,"072042",3.8
147.74,-35.28,2006,9,"072042",15.4
147.74,-35.28,2006,10,"072042",5
147.74,-35.28,2006,11,"072042",24.6
147.74,-35.28,2006,12,"072042",4.8
147.74,-35.28,2007,1,"072042",23.4
147.74,-35.28,2007,2,"072042",17.8
147.74,-35.28,2007,3,"072042",51.4
147.74,-35.28,2007,4,"072042",63
147.74,-35.28,2007,5,"072042",61.4
147.74,-35.28,2007,6,"072042",18
147.74,-35.28,2007,7,"072042",52.8
147.74,-35.28,2007,8,"072042",26.9
147.74,-35.28,2007,9,"072042",19.4
147.74,-35.28,2007,10,"072042",13.2
147.74,-35.28,2007,11,"072042",88.8
147.74,-35.28,2007,12,"072042",87.2
147.74,-35.28,2008,1,"072042",51
147.74,-35.28,2008,2,"072042",92.4
147.74,-35.28,2008,3,"072042",19.8
147.74,-35.28,2008,4,"072042",19
147.74,-35.28,2008,5,"072042",24.2
147.74,-35.28,2008,6,"072042",39
147.74,-35.28,2008,7,"072042",76.2
147.74,-35.28,2008,8,"072042",30.8
147.74,-35.28,2008,9,"072042",30.4
147.74,-35.28,2008,10,"072042",22.4
147.74,-35.28,2008,11,"072042",98.6
147.74,-35.28,2008,12,"072042",53
147.74,-35.28,2009,1,"072042",12.8
147.74,-35.28,2009,2,"072042",9.8
147.74,-35.28,2009,3,"072042",18.4
147.74,-35.28,2009,4,"072042",62.8
147.74,-35.28,2009,5,"072042",15.2
147.74,-35.28,2009,6,"072042",68.4
147.74,-35.28,2009,7,"072042",54.2
147.74,-35.28,2009,8,"072042",46.8
147.74,-35.28,2009,9,"072042",49.8
147.74,-35.28,2009,10,"072042",73.2
147.74,-35.28,2009,11,"072042",27
147.74,-35.28,2009,12,"072042",45
147.74,-35.28,2010,1,"072042",18.8
147.74,-35.28,2010,2,"072042",86.4
147.74,-35.28,2010,3,"072042",130.4
147.74,-35.28,2010,4,"072042",44
147.74,-35.28,2010,5,"072042",53.6
147.74,-35.28,2010,6,"072042",45.6
147.74,-35.28,2010,7,"072042",72.4
147.74,-35.28,2010,8,"072042",118.8
147.74,-35.28,2010,9,"072042",85.8
147.74,-35.28,2010,10,"072042",161.2
147.74,-35.28,2010,11,"072042",NA
147.74,-35.28,2010,12,"072042",149.4
147.74,-35.28,2011,1,"072042",32.4
147.74,-35.28,2011,2,"072042",163.2
147.74,-35.28,2011,3,"072042",59
147.74,-35.28,2011,4,"072042",24.8
147.74,-35.28,2011,5,"072042",37.6
147.74,-35.28,2011,6,"072042",25.4
147.74,-35.28,2011,7,"072042",47.4
147.74,-35.28,2011,8,"072042",69.2
147.74,-35.28,2011,9,"072042",40
147.74,-35.28,2011,10,"072042",28.8
147.74,-35.28,2011,11,"072042",123.2
147.74,-35.28,2011,12,"072042",53
147.74,-35.28,2012,1,"072042",63
147.74,-35.28,2012,2,"072042",81.1
147.74,-35.28,2012,3,"072042",174.8
147.74,-35.28,2012,4,"072042",14
147.74,-35.28,2012,5,"072042",44
147.74,-35.28,2012,6,"072042",31.8
147.74,-35.28,2012,7,"072042",59
147.74,-35.28,2012,8,"072042",54.2
147.74,-35.28,2012,9,"072042",15.6
147.74,-35.28,2012,10,"072042",24.7
147.74,-35.28,2012,11,"072042",67.4
147.74,-35.28,2012,12,"072042",35.2
147.74,-35.28,2013,1,"072042",25.6
147.74,-35.28,2013,2,"072042",63
147.74,-35.28,2013,3,"072042",24.4
147.74,-35.28,2013,4,"072042",8
147.74,-35.28,2013,5,"072042",66.8
147.74,-35.28,2013,6,"072042",110.2
147.74,-35.28,2013,7,"072042",55.4
147.74,-35.28,2013,8,"072042",46.4
147.74,-35.28,2013,9,"072042",40.4
147.74,-35.28,2013,10,"072042",18.4
147.74,-35.28,2013,11,"072042",11.6
147.74,-35.28,2013,12,"072042",28.8
147.74,-35.28,2014,1,"072042",22
147.74,-35.28,2014,2,"072042",43
147.74,-35.28,2014,3,"072042",60.4
147.74,-35.28,2014,4,"072042",72.6
147.74,-35.28,2014,5,"072042",41.8
147.74,-35.28,2014,6,"072042",88.6
147.74,-35.28,2014,7,"072042",35
147.74,-35.28,2014,8,"072042",15.2
147.74,-35.28,2014,9,"072042",38.2
147.74,-35.28,2014,10,"072042",36.6
147.74,-35.28,2014,11,"072042",40.2
147.74,-35.28,2014,12,"072042",49.6
147.74,-35.28,2015,1,"072042",NA
147.74,-35.28,2015,2,"072042",24
147.74,-35.28,2015,3,"072042",4.4
147.74,-35.28,2015,4,"072042",72.2
147.74,-35.28,2015,5,"072042",34.6
147.74,-35.28,2015,6,"072042",61
147.74,-35.28,2015,7,"072042",76.8
147.74,-35.28,2015,8,"072042",101.6
147.74,-35.28,2015,9,"072042",13
147.74,-35.28,2015,10,"072042",25
147.74,-35.28,2015,11,"072042",96.4
147.74,-35.28,2015,12,"072042",47
147.74,-35.28,2016,1,"072042",69.6
147.74,-35.28,2016,2,"072042",25
147.74,-35.28,2016,3,"072042",40.2
147.74,-35.28,2016,4,"072042",10.2
147.74,-35.28,2016,5,"072042",103.6
147.74,-35.28,2016,6,"072042",95.8
147.74,-35.28,2016,7,"072042",104.2
147.74,-35.28,2016,8,"072042",63
147.74,-35.28,2016,9,"072042",176.2
147.74,-35.28,2016,10,"072042",76.4
147.74,-35.28,2016,11,"072042",34
147.74,-35.28,2016,12,"072042",45.2
147.74,-35.28,2017,1,"072042",23.4
147.74,-35.28,2017,2,"072042",23.8
147.74,-35.28,2017,3,"072042",27
147.74,-35.28,2017,4,"072042",47.2
147.74,-35.28,2017,5,"072042",23
147.74,-35.28,2017,6,"072042",4
147.74,-35.28,2017,7,"072042",51.2
147.74,-35.28,2017,8,"072042",68.6
147.74,-35.28,2017,9,"072042",11
147.74,-35.28,2017,10,"072042",45.6
147.74,-35.28,2017,11,"072042",60.8
147.74,-35.28,2017,12,"072042",113
147.74,-35.28,2018,1,"072042",67.4
147.74,-35.28,2018,2,"072042",29
147.74,-35.28,2018,3,"072042",7.6
147.74,-35.28,2018,4,"072042",6.6
147.74,-35.28,2018,5,"072042",30.8
147.74,-35.28,2018,6,"072042",46.2
147.74,-35.28,2018,7,"072042",12.8
147.74,-35.28,2018,8,"072042",25.4
147.74,-35.28,2018,9,"072042",33.2
147.74,-35.28,2018,10,"072042",22.6
147.74,-35.28,2018,11,"072042",85.8
147.74,-35.28,2018,12,"072042",47.6
147.74,-35.28,2019,1,"072042",17.6
147.74,-35.28,2019,2,"072042",10.8
147.74,-35.28,2019,3,"072042",46.4
147.74,-35.28,2019,4,"072042",25.4
147.74,-35.28,2019,5,"072042",62.4
147.74,-35.28,2019,6,"072042",39.6
147.74,-35.28,2019,7,"072042",26
147.74,-35.28,2019,8,"072042",20
147.74,-35.28,2019,9,"072042",19.2
147.74,-35.28,2019,10,"072042",12.8
147.74,-35.28,2019,11,"072042",65.4
147.74,-35.28,2019,12,"072042",8.4
147.74,-35.28,2020,1,"072042",21.8
147.74,-35.28,2020,2,"072042",45
147.74,-35.28,2020,3,"072042",70
147.74,-35.28,2020,4,"072042",88.8
147.74,-35.28,2020,5,"072042",19.6
147.74,-35.28,2020,6,"072042",59.6
147.74,-35.28,2020,7,"072042",34.2
147.74,-35.28,2020,8,"072042",72.6
147.74,-35.28,2020,9,"072042",61.2
147.74,-35.28,2020,10,"072042",124.4
147.74,-35.28,2020,11,"072042",45.4
147.74,-35.28,2020,12,"072042",69.4
147.74,-35.28,2021,1,"072042",45.6
147.74,-35.28,2021,2,"072042",101.2
147.74,-35.28,2021,3,"072042",73.6
147.74,-35.28,2021,4,"072042",2.2
147.74,-35.28,2021,5,"072042",48.2
147.74,-35.28,2021,6,"072042",89.6
147.74,-35.28,2021,7,"072042",91
147.74,-35.28,2021,8,"072042",30
147.74,-35.28,2021,9,"072042",67.6
147.74,-35.28,2021,10,"072042",34.2
147.74,-35.28,2021,11,"072042",180.8
147.74,-35.28,2021,12,"072042",21.2
147.74,-35.28,2022,1,"072042",156.2
147.74,-35.28,2022,2,"072042",12.6
147.74,-35.28,2022,3,"072042",NA
147.74,-35.28,2022,4,"072042",NA
147.74,-35.28,2022,5,"072042",NA
147.74,-35.28,2022,6,"072042",NA
147.74,-35.28,2022,7,"072042",NA
147.74,-35.28,2022,8,"072042",NA
147.74,-35.28,2022,9,"072042",NA
147.74,-35.28,2022,10,"072042",NA
147.74,-35.28,2022,11,"072042",NA
147.74,-35.28,2022,12,"072042",NA
