"Lon","Lat","Year","Month","Station","Rain"
150.81,-28.27,1931,1,"041009",77.4
150.81,-28.27,1931,2,"041009",31.1
150.81,-28.27,1931,3,"041009",33.2
150.81,-28.27,1931,4,"041009",84.8
150.81,-28.27,1931,5,"041009",61.8
150.81,-28.27,1931,6,"041009",38.4
150.81,-28.27,1931,7,"041009",52.3
150.81,-28.27,1931,8,"041009",11.7
150.81,-28.27,1931,9,"041009",12.2
150.81,-28.27,1931,10,"041009",50.1
150.81,-28.27,1931,11,"041009",153.1
150.81,-28.27,1931,12,"041009",137.7
150.81,-28.27,1932,1,"041009",6.4
150.81,-28.27,1932,2,"041009",24.1
150.81,-28.27,1932,3,"041009",3.3
150.81,-28.27,1932,4,"041009",68.7
150.81,-28.27,1932,5,"041009",13.7
150.81,-28.27,1932,6,"041009",12.3
150.81,-28.27,1932,7,"041009",27.7
150.81,-28.27,1932,8,"041009",0
150.81,-28.27,1932,9,"041009",72.2
150.81,-28.27,1932,10,"041009",73.5
150.81,-28.27,1932,11,"041009",80.8
150.81,-28.27,1932,12,"041009",52.8
150.81,-28.27,1933,1,"041009",178.5
150.81,-28.27,1933,2,"041009",38.1
150.81,-28.27,1933,3,"041009",2.8
150.81,-28.27,1933,4,"041009",12.7
150.81,-28.27,1933,5,"041009",17.6
150.81,-28.27,1933,6,"041009",55.1
150.81,-28.27,1933,7,"041009",74.1
150.81,-28.27,1933,8,"041009",41.3
150.81,-28.27,1933,9,"041009",35.3
150.81,-28.27,1933,10,"041009",134.1
150.81,-28.27,1933,11,"041009",164.1
150.81,-28.27,1933,12,"041009",129.2
150.81,-28.27,1934,1,"041009",34.6
150.81,-28.27,1934,2,"041009",122.2
150.81,-28.27,1934,3,"041009",8.4
150.81,-28.27,1934,4,"041009",27.1
150.81,-28.27,1934,5,"041009",15.9
150.81,-28.27,1934,6,"041009",22.2
150.81,-28.27,1934,7,"041009",59.2
150.81,-28.27,1934,8,"041009",39.8
150.81,-28.27,1934,9,"041009",20.7
150.81,-28.27,1934,10,"041009",76.9
150.81,-28.27,1934,11,"041009",65.6
150.81,-28.27,1934,12,"041009",289.3
150.81,-28.27,1935,1,"041009",108.3
150.81,-28.27,1935,2,"041009",28
150.81,-28.27,1935,3,"041009",0
150.81,-28.27,1935,4,"041009",0
150.81,-28.27,1935,5,"041009",17.4
150.81,-28.27,1935,6,"041009",4.1
150.81,-28.27,1935,7,"041009",17.6
150.81,-28.27,1935,8,"041009",17.5
150.81,-28.27,1935,9,"041009",84.3
150.81,-28.27,1935,10,"041009",32.2
150.81,-28.27,1935,11,"041009",10.9
150.81,-28.27,1935,12,"041009",49.3
150.81,-28.27,1936,1,"041009",58.3
150.81,-28.27,1936,2,"041009",15.6
150.81,-28.27,1936,3,"041009",93.2
150.81,-28.27,1936,4,"041009",1.8
150.81,-28.27,1936,5,"041009",47.5
150.81,-28.27,1936,6,"041009",24.4
150.81,-28.27,1936,7,"041009",53.1
150.81,-28.27,1936,8,"041009",16
150.81,-28.27,1936,9,"041009",30.5
150.81,-28.27,1936,10,"041009",14.7
150.81,-28.27,1936,11,"041009",11.2
150.81,-28.27,1936,12,"041009",211.6
150.81,-28.27,1937,1,"041009",84.8
150.81,-28.27,1937,2,"041009",29
150.81,-28.27,1937,3,"041009",108.7
150.81,-28.27,1937,4,"041009",6.4
150.81,-28.27,1937,5,"041009",2.8
150.81,-28.27,1937,6,"041009",20.6
150.81,-28.27,1937,7,"041009",32.5
150.81,-28.27,1937,8,"041009",19.8
150.81,-28.27,1937,9,"041009",8.6
150.81,-28.27,1937,10,"041009",45.4
150.81,-28.27,1937,11,"041009",207.8
150.81,-28.27,1937,12,"041009",33.2
150.81,-28.27,1938,1,"041009",58.8
150.81,-28.27,1938,2,"041009",51.3
150.81,-28.27,1938,3,"041009",26.9
150.81,-28.27,1938,4,"041009",21.9
150.81,-28.27,1938,5,"041009",74
150.81,-28.27,1938,6,"041009",16.5
150.81,-28.27,1938,7,"041009",34.3
150.81,-28.27,1938,8,"041009",32.3
150.81,-28.27,1938,9,"041009",26.9
150.81,-28.27,1938,10,"041009",113.3
150.81,-28.27,1938,11,"041009",180.1
150.81,-28.27,1938,12,"041009",0
150.81,-28.27,1939,1,"041009",142.2
150.81,-28.27,1939,2,"041009",3
150.81,-28.27,1939,3,"041009",89.4
150.81,-28.27,1939,4,"041009",56.4
150.81,-28.27,1939,5,"041009",0.3
150.81,-28.27,1939,6,"041009",42.9
150.81,-28.27,1939,7,"041009",48.5
150.81,-28.27,1939,8,"041009",29.7
150.81,-28.27,1939,9,"041009",5.1
150.81,-28.27,1939,10,"041009",11.9
150.81,-28.27,1939,11,"041009",54.1
150.81,-28.27,1939,12,"041009",85.4
150.81,-28.27,1940,1,"041009",40.9
150.81,-28.27,1940,2,"041009",93.6
150.81,-28.27,1940,3,"041009",64.8
150.81,-28.27,1940,4,"041009",10.7
150.81,-28.27,1940,5,"041009",20.8
150.81,-28.27,1940,6,"041009",8.2
150.81,-28.27,1940,7,"041009",3.5
150.81,-28.27,1940,8,"041009",0.3
150.81,-28.27,1940,9,"041009",16.7
150.81,-28.27,1940,10,"041009",29.7
150.81,-28.27,1940,11,"041009",34
150.81,-28.27,1940,12,"041009",128
150.81,-28.27,1941,1,"041009",131.8
150.81,-28.27,1941,2,"041009",37
150.81,-28.27,1941,3,"041009",75
150.81,-28.27,1941,4,"041009",19.3
150.81,-28.27,1941,5,"041009",7.9
150.81,-28.27,1941,6,"041009",51.5
150.81,-28.27,1941,7,"041009",10
150.81,-28.27,1941,8,"041009",0.8
150.81,-28.27,1941,9,"041009",2
150.81,-28.27,1941,10,"041009",34
150.81,-28.27,1941,11,"041009",35.3
150.81,-28.27,1941,12,"041009",3.8
150.81,-28.27,1942,1,"041009",69.8
150.81,-28.27,1942,2,"041009",109.5
150.81,-28.27,1942,3,"041009",15.6
150.81,-28.27,1942,4,"041009",0
150.81,-28.27,1942,5,"041009",36.8
150.81,-28.27,1942,6,"041009",37.9
150.81,-28.27,1942,7,"041009",64.3
150.81,-28.27,1942,8,"041009",5.1
150.81,-28.27,1942,9,"041009",17.6
150.81,-28.27,1942,10,"041009",72.1
150.81,-28.27,1942,11,"041009",89.7
150.81,-28.27,1942,12,"041009",157.6
150.81,-28.27,1943,1,"041009",75.7
150.81,-28.27,1943,2,"041009",5.6
150.81,-28.27,1943,3,"041009",1.3
150.81,-28.27,1943,4,"041009",51.6
150.81,-28.27,1943,5,"041009",5.5
150.81,-28.27,1943,6,"041009",32.8
150.81,-28.27,1943,7,"041009",18.8
150.81,-28.27,1943,8,"041009",50.8
150.81,-28.27,1943,9,"041009",38.9
150.81,-28.27,1943,10,"041009",44.9
150.81,-28.27,1943,11,"041009",50.9
150.81,-28.27,1943,12,"041009",116.8
150.81,-28.27,1944,1,"041009",59.2
150.81,-28.27,1944,2,"041009",80.6
150.81,-28.27,1944,3,"041009",0.8
150.81,-28.27,1944,4,"041009",24.6
150.81,-28.27,1944,5,"041009",8.7
150.81,-28.27,1944,6,"041009",12.2
150.81,-28.27,1944,7,"041009",43.9
150.81,-28.27,1944,8,"041009",74.5
150.81,-28.27,1944,9,"041009",34.9
150.81,-28.27,1944,10,"041009",16.7
150.81,-28.27,1944,11,"041009",32.2
150.81,-28.27,1944,12,"041009",81.1
150.81,-28.27,1945,1,"041009",72.6
150.81,-28.27,1945,2,"041009",124.4
150.81,-28.27,1945,3,"041009",28.7
150.81,-28.27,1945,4,"041009",35.6
150.81,-28.27,1945,5,"041009",37.8
150.81,-28.27,1945,6,"041009",101.9
150.81,-28.27,1945,7,"041009",48.6
150.81,-28.27,1945,8,"041009",62.6
150.81,-28.27,1945,9,"041009",2
150.81,-28.27,1945,10,"041009",4.8
150.81,-28.27,1945,11,"041009",28.1
150.81,-28.27,1945,12,"041009",117.2
150.81,-28.27,1946,1,"041009",143.6
150.81,-28.27,1946,2,"041009",24.6
150.81,-28.27,1946,3,"041009",17.5
150.81,-28.27,1946,4,"041009",49.6
150.81,-28.27,1946,5,"041009",6.4
150.81,-28.27,1946,6,"041009",2.8
150.81,-28.27,1946,7,"041009",1.6
150.81,-28.27,1946,8,"041009",0
150.81,-28.27,1946,9,"041009",127.5
150.81,-28.27,1946,10,"041009",46.4
150.81,-28.27,1946,11,"041009",44.5
150.81,-28.27,1946,12,"041009",128.6
150.81,-28.27,1947,1,"041009",101.5
150.81,-28.27,1947,2,"041009",123
150.81,-28.27,1947,3,"041009",101.5
150.81,-28.27,1947,4,"041009",23.2
150.81,-28.27,1947,5,"041009",51.4
150.81,-28.27,1947,6,"041009",16
150.81,-28.27,1947,7,"041009",12.8
150.81,-28.27,1947,8,"041009",32.8
150.81,-28.27,1947,9,"041009",55
150.81,-28.27,1947,10,"041009",54.4
150.81,-28.27,1947,11,"041009",83.3
150.81,-28.27,1947,12,"041009",178.2
150.81,-28.27,1948,1,"041009",29.7
150.81,-28.27,1948,2,"041009",27.5
150.81,-28.27,1948,3,"041009",31.8
150.81,-28.27,1948,4,"041009",22.6
150.81,-28.27,1948,5,"041009",58.5
150.81,-28.27,1948,6,"041009",95.6
150.81,-28.27,1948,7,"041009",28.5
150.81,-28.27,1948,8,"041009",24.1
150.81,-28.27,1948,9,"041009",37.6
150.81,-28.27,1948,10,"041009",5.1
150.81,-28.27,1948,11,"041009",55.4
150.81,-28.27,1948,12,"041009",66.9
150.81,-28.27,1949,1,"041009",48.8
150.81,-28.27,1949,2,"041009",118
150.81,-28.27,1949,3,"041009",41.2
150.81,-28.27,1949,4,"041009",5.6
150.81,-28.27,1949,5,"041009",5.1
150.81,-28.27,1949,6,"041009",43.7
150.81,-28.27,1949,7,"041009",21.4
150.81,-28.27,1949,8,"041009",20.3
150.81,-28.27,1949,9,"041009",34.8
150.81,-28.27,1949,10,"041009",138.1
150.81,-28.27,1949,11,"041009",45.2
150.81,-28.27,1949,12,"041009",28.2
150.81,-28.27,1950,1,"041009",26.9
150.81,-28.27,1950,2,"041009",125.2
150.81,-28.27,1950,3,"041009",42.2
150.81,-28.27,1950,4,"041009",34.3
150.81,-28.27,1950,5,"041009",23.4
150.81,-28.27,1950,6,"041009",161.2
150.81,-28.27,1950,7,"041009",125.6
150.81,-28.27,1950,8,"041009",25.9
150.81,-28.27,1950,9,"041009",80.2
150.81,-28.27,1950,10,"041009",124
150.81,-28.27,1950,11,"041009",133.5
150.81,-28.27,1950,12,"041009",66.9
150.81,-28.27,1951,1,"041009",222.3
150.81,-28.27,1951,2,"041009",19.9
150.81,-28.27,1951,3,"041009",70.4
150.81,-28.27,1951,4,"041009",15
150.81,-28.27,1951,5,"041009",31.5
150.81,-28.27,1951,6,"041009",53.3
150.81,-28.27,1951,7,"041009",0
150.81,-28.27,1951,8,"041009",18.5
150.81,-28.27,1951,9,"041009",23.7
150.81,-28.27,1951,10,"041009",30.2
150.81,-28.27,1951,11,"041009",32
150.81,-28.27,1951,12,"041009",42.7
150.81,-28.27,1952,1,"041009",17.5
150.81,-28.27,1952,2,"041009",79.5
150.81,-28.27,1952,3,"041009",77.7
150.81,-28.27,1952,4,"041009",38
150.81,-28.27,1952,5,"041009",106.5
150.81,-28.27,1952,6,"041009",22.1
150.81,-28.27,1952,7,"041009",17.8
150.81,-28.27,1952,8,"041009",62.7
150.81,-28.27,1952,9,"041009",34
150.81,-28.27,1952,10,"041009",146.8
150.81,-28.27,1952,11,"041009",14.7
150.81,-28.27,1952,12,"041009",30.2
150.81,-28.27,1953,1,"041009",20.8
150.81,-28.27,1953,2,"041009",215.9
150.81,-28.27,1953,3,"041009",73.7
150.81,-28.27,1953,4,"041009",18.3
150.81,-28.27,1953,5,"041009",28.4
150.81,-28.27,1953,6,"041009",0
150.81,-28.27,1953,7,"041009",5.8
150.81,-28.27,1953,8,"041009",68.3
150.81,-28.27,1953,9,"041009",0
150.81,-28.27,1953,10,"041009",10.4
150.81,-28.27,1953,11,"041009",108.4
150.81,-28.27,1953,12,"041009",5.1
150.81,-28.27,1954,1,"041009",77
150.81,-28.27,1954,2,"041009",166.8
150.81,-28.27,1954,3,"041009",16.6
150.81,-28.27,1954,4,"041009",0
150.81,-28.27,1954,5,"041009",13.7
150.81,-28.27,1954,6,"041009",22.1
150.81,-28.27,1954,7,"041009",34.4
150.81,-28.27,1954,8,"041009",44.6
150.81,-28.27,1954,9,"041009",38.2
150.81,-28.27,1954,10,"041009",171.8
150.81,-28.27,1954,11,"041009",81.7
150.81,-28.27,1954,12,"041009",52.1
150.81,-28.27,1955,1,"041009",50.5
150.81,-28.27,1955,2,"041009",86.4
150.81,-28.27,1955,3,"041009",3.8
150.81,-28.27,1955,4,"041009",47
150.81,-28.27,1955,5,"041009",52.4
150.81,-28.27,1955,6,"041009",10.7
150.81,-28.27,1955,7,"041009",35.7
150.81,-28.27,1955,8,"041009",22
150.81,-28.27,1955,9,"041009",32.6
150.81,-28.27,1955,10,"041009",83.4
150.81,-28.27,1955,11,"041009",36.8
150.81,-28.27,1955,12,"041009",105
150.81,-28.27,1956,1,"041009",285
150.81,-28.27,1956,2,"041009",166.1
150.81,-28.27,1956,3,"041009",87.6
150.81,-28.27,1956,4,"041009",77.2
150.81,-28.27,1956,5,"041009",72.9
150.81,-28.27,1956,6,"041009",86.3
150.81,-28.27,1956,7,"041009",53.8
150.81,-28.27,1956,8,"041009",5.1
150.81,-28.27,1956,9,"041009",35.3
150.81,-28.27,1956,10,"041009",43.8
150.81,-28.27,1956,11,"041009",39.4
150.81,-28.27,1956,12,"041009",175.4
150.81,-28.27,1957,1,"041009",135.5
150.81,-28.27,1957,2,"041009",48.6
150.81,-28.27,1957,3,"041009",50.1
150.81,-28.27,1957,4,"041009",15.5
150.81,-28.27,1957,5,"041009",5.1
150.81,-28.27,1957,6,"041009",44.2
150.81,-28.27,1957,7,"041009",17
150.81,-28.27,1957,8,"041009",30.7
150.81,-28.27,1957,9,"041009",9.1
150.81,-28.27,1957,10,"041009",42.7
150.81,-28.27,1957,11,"041009",17.3
150.81,-28.27,1957,12,"041009",28.9
150.81,-28.27,1958,1,"041009",67.1
150.81,-28.27,1958,2,"041009",49.4
150.81,-28.27,1958,3,"041009",147.8
150.81,-28.27,1958,4,"041009",52.5
150.81,-28.27,1958,5,"041009",14.5
150.81,-28.27,1958,6,"041009",125.8
150.81,-28.27,1958,7,"041009",10.2
150.81,-28.27,1958,8,"041009",60.5
150.81,-28.27,1958,9,"041009",61.7
150.81,-28.27,1958,10,"041009",56.9
150.81,-28.27,1958,11,"041009",45.5
150.81,-28.27,1958,12,"041009",144.8
150.81,-28.27,1959,1,"041009",100.5
150.81,-28.27,1959,2,"041009",118.2
150.81,-28.27,1959,3,"041009",12.9
150.81,-28.27,1959,4,"041009",12.7
150.81,-28.27,1959,5,"041009",53.8
150.81,-28.27,1959,6,"041009",4.3
150.81,-28.27,1959,7,"041009",52
150.81,-28.27,1959,8,"041009",0
150.81,-28.27,1959,9,"041009",13.4
150.81,-28.27,1959,10,"041009",58.5
150.81,-28.27,1959,11,"041009",77.1
150.81,-28.27,1959,12,"041009",105.1
150.81,-28.27,1960,1,"041009",20.6
150.81,-28.27,1960,2,"041009",32.7
150.81,-28.27,1960,3,"041009",59.1
150.81,-28.27,1960,4,"041009",24.9
150.81,-28.27,1960,5,"041009",31.3
150.81,-28.27,1960,6,"041009",38.1
150.81,-28.27,1960,7,"041009",29.1
150.81,-28.27,1960,8,"041009",29.2
150.81,-28.27,1960,9,"041009",12.7
150.81,-28.27,1960,10,"041009",63.9
150.81,-28.27,1960,11,"041009",45
150.81,-28.27,1960,12,"041009",40.6
150.81,-28.27,1961,1,"041009",35
150.81,-28.27,1961,2,"041009",134.6
150.81,-28.27,1961,3,"041009",25.4
150.81,-28.27,1961,4,"041009",11.4
150.81,-28.27,1961,5,"041009",68.8
150.81,-28.27,1961,6,"041009",23.4
150.81,-28.27,1961,7,"041009",84.1
150.81,-28.27,1961,8,"041009",49.8
150.81,-28.27,1961,9,"041009",9.9
150.81,-28.27,1961,10,"041009",89.7
150.81,-28.27,1961,11,"041009",115.8
150.81,-28.27,1961,12,"041009",47.4
150.81,-28.27,1962,1,"041009",229.1
150.81,-28.27,1962,2,"041009",44.4
150.81,-28.27,1962,3,"041009",199.6
150.81,-28.27,1962,4,"041009",43.9
150.81,-28.27,1962,5,"041009",8.8
150.81,-28.27,1962,6,"041009",8.6
150.81,-28.27,1962,7,"041009",57.4
150.81,-28.27,1962,8,"041009",37.1
150.81,-28.27,1962,9,"041009",58.7
150.81,-28.27,1962,10,"041009",38.2
150.81,-28.27,1962,11,"041009",3.8
150.81,-28.27,1962,12,"041009",100.7
150.81,-28.27,1963,1,"041009",54.8
150.81,-28.27,1963,2,"041009",25.3
150.81,-28.27,1963,3,"041009",175
150.81,-28.27,1963,4,"041009",7.4
150.81,-28.27,1963,5,"041009",43
150.81,-28.27,1963,6,"041009",10.8
150.81,-28.27,1963,7,"041009",0.5
150.81,-28.27,1963,8,"041009",42.4
150.81,-28.27,1963,9,"041009",9.7
150.81,-28.27,1963,10,"041009",15.6
150.81,-28.27,1963,11,"041009",70.3
150.81,-28.27,1963,12,"041009",146.9
150.81,-28.27,1964,1,"041009",92.3
150.81,-28.27,1964,2,"041009",60.7
150.81,-28.27,1964,3,"041009",36.7
150.81,-28.27,1964,4,"041009",56.9
150.81,-28.27,1964,5,"041009",65
150.81,-28.27,1964,6,"041009",14.2
150.81,-28.27,1964,7,"041009",44.5
150.81,-28.27,1964,8,"041009",24.9
150.81,-28.27,1964,9,"041009",55.9
150.81,-28.27,1964,10,"041009",85.7
150.81,-28.27,1964,11,"041009",30
150.81,-28.27,1964,12,"041009",38.8
150.81,-28.27,1965,1,"041009",52.3
150.81,-28.27,1965,2,"041009",0
150.81,-28.27,1965,3,"041009",2
150.81,-28.27,1965,4,"041009",27.5
150.81,-28.27,1965,5,"041009",0.8
150.81,-28.27,1965,6,"041009",17.9
150.81,-28.27,1965,7,"041009",50.3
150.81,-28.27,1965,8,"041009",19.8
150.81,-28.27,1965,9,"041009",59.4
150.81,-28.27,1965,10,"041009",29.3
150.81,-28.27,1965,11,"041009",26.9
150.81,-28.27,1965,12,"041009",175.8
150.81,-28.27,1966,1,"041009",11.2
150.81,-28.27,1966,2,"041009",23.9
150.81,-28.27,1966,3,"041009",36.5
150.81,-28.27,1966,4,"041009",14.5
150.81,-28.27,1966,5,"041009",6.4
150.81,-28.27,1966,6,"041009",47
150.81,-28.27,1966,7,"041009",7.6
150.81,-28.27,1966,8,"041009",127.7
150.81,-28.27,1966,9,"041009",27.2
150.81,-28.27,1966,10,"041009",49
150.81,-28.27,1966,11,"041009",36.1
150.81,-28.27,1966,12,"041009",74.5
150.81,-28.27,1967,1,"041009",29.9
150.81,-28.27,1967,2,"041009",18
150.81,-28.27,1967,3,"041009",99.1
150.81,-28.27,1967,4,"041009",2.3
150.81,-28.27,1967,5,"041009",60
150.81,-28.27,1967,6,"041009",94.6
150.81,-28.27,1967,7,"041009",25.7
150.81,-28.27,1967,8,"041009",24.5
150.81,-28.27,1967,9,"041009",2.5
150.81,-28.27,1967,10,"041009",22.3
150.81,-28.27,1967,11,"041009",7.9
150.81,-28.27,1967,12,"041009",27.2
150.81,-28.27,1968,1,"041009",85.2
150.81,-28.27,1968,2,"041009",58.2
150.81,-28.27,1968,3,"041009",37.1
150.81,-28.27,1968,4,"041009",99.6
150.81,-28.27,1968,5,"041009",32.5
150.81,-28.27,1968,6,"041009",10.4
150.81,-28.27,1968,7,"041009",87.4
150.81,-28.27,1968,8,"041009",56.5
150.81,-28.27,1968,9,"041009",22.4
150.81,-28.27,1968,10,"041009",1.3
150.81,-28.27,1968,11,"041009",38.1
150.81,-28.27,1968,12,"041009",40.6
150.81,-28.27,1969,1,"041009",54.5
150.81,-28.27,1969,2,"041009",35
150.81,-28.27,1969,3,"041009",17.8
150.81,-28.27,1969,4,"041009",5.8
150.81,-28.27,1969,5,"041009",73.6
150.81,-28.27,1969,6,"041009",36.1
150.81,-28.27,1969,7,"041009",18.3
150.81,-28.27,1969,8,"041009",40.4
150.81,-28.27,1969,9,"041009",44.5
150.81,-28.27,1969,10,"041009",91.1
150.81,-28.27,1969,11,"041009",85.3
150.81,-28.27,1969,12,"041009",63.9
150.81,-28.27,1970,1,"041009",156.6
150.81,-28.27,1970,2,"041009",81.9
150.81,-28.27,1970,3,"041009",69.4
150.81,-28.27,1970,4,"041009",33
150.81,-28.27,1970,5,"041009",10.9
150.81,-28.27,1970,6,"041009",21.4
150.81,-28.27,1970,7,"041009",0
150.81,-28.27,1970,8,"041009",17.3
150.81,-28.27,1970,9,"041009",118.3
150.81,-28.27,1970,10,"041009",28.9
150.81,-28.27,1970,11,"041009",9.9
150.81,-28.27,1970,12,"041009",342.4
150.81,-28.27,1971,1,"041009",133.5
150.81,-28.27,1971,2,"041009",132.8
150.81,-28.27,1971,3,"041009",5.3
150.81,-28.27,1971,4,"041009",11.2
150.81,-28.27,1971,5,"041009",3.8
150.81,-28.27,1971,6,"041009",55.9
150.81,-28.27,1971,7,"041009",53.1
150.81,-28.27,1971,8,"041009",68.7
150.81,-28.27,1971,9,"041009",40.4
150.81,-28.27,1971,10,"041009",62.5
150.81,-28.27,1971,11,"041009",101.1
150.81,-28.27,1971,12,"041009",175.8
150.81,-28.27,1972,1,"041009",110.5
150.81,-28.27,1972,2,"041009",24.4
150.81,-28.27,1972,3,"041009",16
150.81,-28.27,1972,4,"041009",44
150.81,-28.27,1972,5,"041009",50.3
150.81,-28.27,1972,6,"041009",0
150.81,-28.27,1972,7,"041009",0
150.81,-28.27,1972,8,"041009",27.4
150.81,-28.27,1972,9,"041009",12.9
150.81,-28.27,1972,10,"041009",160.1
150.81,-28.27,1972,11,"041009",63.6
150.81,-28.27,1972,12,"041009",46.8
150.81,-28.27,1973,1,"041009",59
150.81,-28.27,1973,2,"041009",116.6
150.81,-28.27,1973,3,"041009",14.7
150.81,-28.27,1973,4,"041009",6.4
150.81,-28.27,1973,5,"041009",4.8
150.81,-28.27,1973,6,"041009",13.5
150.81,-28.27,1973,7,"041009",129.7
150.81,-28.27,1973,8,"041009",40.1
150.81,-28.27,1973,9,"041009",45.2
150.81,-28.27,1973,10,"041009",19.9
150.81,-28.27,1973,11,"041009",121.5
150.81,-28.27,1973,12,"041009",82.1
150.81,-28.27,1974,1,"041009",132
150.81,-28.27,1974,2,"041009",15.8
150.81,-28.27,1974,3,"041009",4
150.81,-28.27,1974,4,"041009",20.2
150.81,-28.27,1974,5,"041009",13.6
150.81,-28.27,1974,6,"041009",29.2
150.81,-28.27,1974,7,"041009",9.2
150.81,-28.27,1974,8,"041009",45
150.81,-28.27,1974,9,"041009",21.4
150.81,-28.27,1974,10,"041009",42.6
150.81,-28.27,1974,11,"041009",129.6
150.81,-28.27,1974,12,"041009",81.4
150.81,-28.27,1975,1,"041009",65.7
150.81,-28.27,1975,2,"041009",118.8
150.81,-28.27,1975,3,"041009",148.2
150.81,-28.27,1975,4,"041009",15.6
150.81,-28.27,1975,5,"041009",0
150.81,-28.27,1975,6,"041009",31.8
150.81,-28.27,1975,7,"041009",52.4
150.81,-28.27,1975,8,"041009",24.6
150.81,-28.27,1975,9,"041009",35.6
150.81,-28.27,1975,10,"041009",46.6
150.81,-28.27,1975,11,"041009",68.8
150.81,-28.27,1975,12,"041009",154.2
150.81,-28.27,1976,1,"041009",52.8
150.81,-28.27,1976,2,"041009",364.6
150.81,-28.27,1976,3,"041009",31
150.81,-28.27,1976,4,"041009",3.4
150.81,-28.27,1976,5,"041009",66.2
150.81,-28.27,1976,6,"041009",31.4
150.81,-28.27,1976,7,"041009",38.2
150.81,-28.27,1976,8,"041009",27.6
150.81,-28.27,1976,9,"041009",49.8
150.81,-28.27,1976,10,"041009",85.4
150.81,-28.27,1976,11,"041009",38.2
150.81,-28.27,1976,12,"041009",11.8
150.81,-28.27,1977,1,"041009",54.2
150.81,-28.27,1977,2,"041009",58
150.81,-28.27,1977,3,"041009",131.8
150.81,-28.27,1977,4,"041009",38.4
150.81,-28.27,1977,5,"041009",52.2
150.81,-28.27,1977,6,"041009",1
150.81,-28.27,1977,7,"041009",0
150.81,-28.27,1977,8,"041009",5.6
150.81,-28.27,1977,9,"041009",24
150.81,-28.27,1977,10,"041009",53.8
150.81,-28.27,1977,11,"041009",48.4
150.81,-28.27,1977,12,"041009",30
150.81,-28.27,1978,1,"041009",182.3
150.81,-28.27,1978,2,"041009",32.4
150.81,-28.27,1978,3,"041009",56.7
150.81,-28.27,1978,4,"041009",23
150.81,-28.27,1978,5,"041009",84.4
150.81,-28.27,1978,6,"041009",34.4
150.81,-28.27,1978,7,"041009",43.2
150.81,-28.27,1978,8,"041009",62.2
150.81,-28.27,1978,9,"041009",92
150.81,-28.27,1978,10,"041009",50
150.81,-28.27,1978,11,"041009",58.2
150.81,-28.27,1978,12,"041009",100.4
150.81,-28.27,1979,1,"041009",72.6
150.81,-28.27,1979,2,"041009",17.8
150.81,-28.27,1979,3,"041009",68.6
150.81,-28.27,1979,4,"041009",7.4
150.81,-28.27,1979,5,"041009",49.9
150.81,-28.27,1979,6,"041009",29.2
150.81,-28.27,1979,7,"041009",6.8
150.81,-28.27,1979,8,"041009",9
150.81,-28.27,1979,9,"041009",28
150.81,-28.27,1979,10,"041009",55.2
150.81,-28.27,1979,11,"041009",64.6
150.81,-28.27,1979,12,"041009",0
150.81,-28.27,1980,1,"041009",29.2
150.81,-28.27,1980,2,"041009",20
150.81,-28.27,1980,3,"041009",2
150.81,-28.27,1980,4,"041009",2
150.81,-28.27,1980,5,"041009",79
150.81,-28.27,1980,6,"041009",7
150.81,-28.27,1980,7,"041009",17
150.81,-28.27,1980,8,"041009",18
150.81,-28.27,1980,9,"041009",0
150.81,-28.27,1980,10,"041009",111
150.81,-28.27,1980,11,"041009",36
150.81,-28.27,1980,12,"041009",73.6
150.81,-28.27,1981,1,"041009",6.2
150.81,-28.27,1981,2,"041009",26.2
150.81,-28.27,1981,3,"041009",32.2
150.81,-28.27,1981,4,"041009",58.2
150.81,-28.27,1981,5,"041009",63
150.81,-28.27,1981,6,"041009",69.6
150.81,-28.27,1981,7,"041009",70
150.81,-28.27,1981,8,"041009",20
150.81,-28.27,1981,9,"041009",13.4
150.81,-28.27,1981,10,"041009",33.4
150.81,-28.27,1981,11,"041009",81.6
150.81,-28.27,1981,12,"041009",69
150.81,-28.27,1982,1,"041009",145.2
150.81,-28.27,1982,2,"041009",110.2
150.81,-28.27,1982,3,"041009",154
150.81,-28.27,1982,4,"041009",14
150.81,-28.27,1982,5,"041009",30
150.81,-28.27,1982,6,"041009",2.5
150.81,-28.27,1982,7,"041009",13.7
150.81,-28.27,1982,8,"041009",1
150.81,-28.27,1982,9,"041009",52.8
150.81,-28.27,1982,10,"041009",55.4
150.81,-28.27,1982,11,"041009",1.4
150.81,-28.27,1982,12,"041009",156.4
150.81,-28.27,1983,1,"041009",38.4
150.81,-28.27,1983,2,"041009",0
150.81,-28.27,1983,3,"041009",64.2
150.81,-28.27,1983,4,"041009",86.4
150.81,-28.27,1983,5,"041009",171.5
150.81,-28.27,1983,6,"041009",69.2
150.81,-28.27,1983,7,"041009",44.1
150.81,-28.27,1983,8,"041009",30.4
150.81,-28.27,1983,9,"041009",72.8
150.81,-28.27,1983,10,"041009",69.8
150.81,-28.27,1983,11,"041009",104.7
150.81,-28.27,1983,12,"041009",44.8
150.81,-28.27,1984,1,"041009",175.9
150.81,-28.27,1984,2,"041009",75.3
150.81,-28.27,1984,3,"041009",14.6
150.81,-28.27,1984,4,"041009",122
150.81,-28.27,1984,5,"041009",6.6
150.81,-28.27,1984,6,"041009",23.8
150.81,-28.27,1984,7,"041009",134.1
150.81,-28.27,1984,8,"041009",24.2
150.81,-28.27,1984,9,"041009",63
150.81,-28.27,1984,10,"041009",81
150.81,-28.27,1984,11,"041009",34.6
150.81,-28.27,1984,12,"041009",49
150.81,-28.27,1985,1,"041009",29.9
150.81,-28.27,1985,2,"041009",79.9
150.81,-28.27,1985,3,"041009",10
150.81,-28.27,1985,4,"041009",34
150.81,-28.27,1985,5,"041009",25
150.81,-28.27,1985,6,"041009",40
150.81,-28.27,1985,7,"041009",60
150.81,-28.27,1985,8,"041009",64.7
150.81,-28.27,1985,9,"041009",NA
150.81,-28.27,1985,10,"041009",NA
150.81,-28.27,1985,11,"041009",NA
150.81,-28.27,1985,12,"041009",NA
150.81,-28.27,1988,1,"041009",81.9
150.81,-28.27,1988,2,"041009",177
150.81,-28.27,1988,3,"041009",81.5
150.81,-28.27,1988,4,"041009",217.5
150.81,-28.27,1988,5,"041009",34.2
150.81,-28.27,1988,6,"041009",7.5
150.81,-28.27,1988,7,"041009",80.5
150.81,-28.27,1988,8,"041009",43
150.81,-28.27,1988,9,"041009",59
150.81,-28.27,1988,10,"041009",8
150.81,-28.27,1988,11,"041009",NA
150.81,-28.27,1988,12,"041009",NA
150.81,-28.27,1990,1,"041009",0
150.81,-28.27,1990,2,"041009",NA
150.81,-28.27,1990,3,"041009",NA
150.81,-28.27,1990,4,"041009",NA
150.81,-28.27,1990,5,"041009",NA
150.81,-28.27,1990,6,"041009",NA
150.81,-28.27,1990,7,"041009",NA
150.81,-28.27,1990,8,"041009",3.2
150.81,-28.27,1990,9,"041009",31.4
150.81,-28.27,1990,10,"041009",31.8
150.81,-28.27,1990,11,"041009",3.1
150.81,-28.27,1990,12,"041009",18.5
150.81,-28.27,1991,1,"041009",155.4
150.81,-28.27,1991,2,"041009",78.4
150.81,-28.27,1991,3,"041009",15.3
150.81,-28.27,1991,4,"041009",0.8
150.81,-28.27,1991,5,"041009",136.3
150.81,-28.27,1991,6,"041009",8.8
150.81,-28.27,1991,7,"041009",23.1
150.81,-28.27,1991,8,"041009",0
150.81,-28.27,1991,9,"041009",1.6
150.81,-28.27,1991,10,"041009",5.4
150.81,-28.27,1991,11,"041009",61.7
150.81,-28.27,1991,12,"041009",63.8
150.81,-28.27,1992,1,"041009",83.2
150.81,-28.27,1992,2,"041009",167.8
150.81,-28.27,1992,3,"041009",9
150.81,-28.27,1992,4,"041009",15.6
150.81,-28.27,1992,5,"041009",78.6
150.81,-28.27,1992,6,"041009",21.3
150.81,-28.27,1992,7,"041009",2.8
150.81,-28.27,1992,8,"041009",41.6
150.81,-28.27,1992,9,"041009",33.9
150.81,-28.27,1992,10,"041009",15.4
150.81,-28.27,1992,11,"041009",36.6
150.81,-28.27,1992,12,"041009",29.8
150.81,-28.27,1993,1,"041009",27.8
150.81,-28.27,1993,2,"041009",77.2
150.81,-28.27,1993,3,"041009",9.2
150.81,-28.27,1993,4,"041009",4.2
150.81,-28.27,1993,5,"041009",24.4
150.81,-28.27,1993,6,"041009",17.2
150.81,-28.27,1993,7,"041009",34.6
150.81,-28.27,1993,8,"041009",13.8
150.81,-28.27,1993,9,"041009",37.6
150.81,-28.27,1993,10,"041009",68.8
150.81,-28.27,1993,11,"041009",2
150.81,-28.27,1993,12,"041009",50
150.81,-28.27,1994,1,"041009",37
150.81,-28.27,1994,2,"041009",77.6
150.81,-28.27,1994,3,"041009",93.8
150.81,-28.27,1994,4,"041009",1
150.81,-28.27,1994,5,"041009",10.6
150.81,-28.27,1994,6,"041009",17.8
150.81,-28.27,1994,7,"041009",4.6
150.81,-28.27,1994,8,"041009",20
150.81,-28.27,1994,9,"041009",15.4
150.81,-28.27,1994,10,"041009",38.4
150.81,-28.27,1994,11,"041009",63.8
150.81,-28.27,1994,12,"041009",83.6
150.81,-28.27,1995,1,"041009",156
150.81,-28.27,1995,2,"041009",69.6
150.81,-28.27,1995,3,"041009",43.6
150.81,-28.27,1995,4,"041009",0.2
150.81,-28.27,1995,5,"041009",41.8
150.81,-28.27,1995,6,"041009",48.4
150.81,-28.27,1995,7,"041009",6
150.81,-28.27,1995,8,"041009",0.4
150.81,-28.27,1995,9,"041009",43
150.81,-28.27,1995,10,"041009",65
150.81,-28.27,1995,11,"041009",95.8
150.81,-28.27,1995,12,"041009",110
150.81,-28.27,1996,1,"041009",295.6
150.81,-28.27,1996,2,"041009",55.8
150.81,-28.27,1996,3,"041009",20
150.81,-28.27,1996,4,"041009",25
150.81,-28.27,1996,5,"041009",179.4
150.81,-28.27,1996,6,"041009",8
150.81,-28.27,1996,7,"041009",32.8
150.81,-28.27,1996,8,"041009",26.6
150.81,-28.27,1996,9,"041009",49.1
150.81,-28.27,1996,10,"041009",60.6
150.81,-28.27,1996,11,"041009",32
150.81,-28.27,1996,12,"041009",139.2
150.81,-28.27,1997,1,"041009",81
150.81,-28.27,1997,2,"041009",106
150.81,-28.27,1997,3,"041009",37.6
150.81,-28.27,1997,4,"041009",1
150.81,-28.27,1997,5,"041009",81.6
150.81,-28.27,1997,6,"041009",9.6
150.81,-28.27,1997,7,"041009",2.6
150.81,-28.27,1997,8,"041009",5.4
150.81,-28.27,1997,9,"041009",65.4
150.81,-28.27,1997,10,"041009",64.4
150.81,-28.27,1997,11,"041009",35.2
150.81,-28.27,1997,12,"041009",80.2
150.81,-28.27,1998,1,"041009",35
150.81,-28.27,1998,2,"041009",58.2
150.81,-28.27,1998,3,"041009",24.8
150.81,-28.27,1998,4,"041009",32.8
150.81,-28.27,1998,5,"041009",109.2
150.81,-28.27,1998,6,"041009",73.4
150.81,-28.27,1998,7,"041009",128.2
150.81,-28.27,1998,8,"041009",152.8
150.81,-28.27,1998,9,"041009",56
150.81,-28.27,1998,10,"041009",61.4
150.81,-28.27,1998,11,"041009",50.8
150.81,-28.27,1998,12,"041009",18.6
150.81,-28.27,1999,1,"041009",63.6
150.81,-28.27,1999,2,"041009",99.2
150.81,-28.27,1999,3,"041009",140
150.81,-28.27,1999,4,"041009",31.2
150.81,-28.27,1999,5,"041009",20.4
150.81,-28.27,1999,6,"041009",21.4
150.81,-28.27,1999,7,"041009",39.4
150.81,-28.27,1999,8,"041009",31.4
150.81,-28.27,1999,9,"041009",NA
150.81,-28.27,1999,10,"041009",NA
150.81,-28.27,1999,11,"041009",80
150.81,-28.27,1999,12,"041009",89.4
150.81,-28.27,2000,1,"041009",90
150.81,-28.27,2000,2,"041009",69
150.81,-28.27,2000,3,"041009",95.1
150.81,-28.27,2000,4,"041009",14
150.81,-28.27,2000,5,"041009",30.2
150.81,-28.27,2000,6,"041009",9.2
150.81,-28.27,2000,7,"041009",NA
150.81,-28.27,2000,8,"041009",7.4
150.81,-28.27,2000,9,"041009",3.6
150.81,-28.27,2000,10,"041009",98.6
150.81,-28.27,2000,11,"041009",84.4
150.81,-28.27,2000,12,"041009",91
150.81,-28.27,2002,1,"041009",NA
150.81,-28.27,2002,2,"041009",NA
150.81,-28.27,2002,3,"041009",NA
150.81,-28.27,2002,4,"041009",NA
150.81,-28.27,2002,5,"041009",NA
150.81,-28.27,2002,6,"041009",NA
150.81,-28.27,2002,7,"041009",NA
150.81,-28.27,2002,8,"041009",NA
150.81,-28.27,2002,9,"041009",NA
150.81,-28.27,2002,10,"041009",NA
150.81,-28.27,2002,11,"041009",52.2
150.81,-28.27,2002,12,"041009",100.7
150.81,-28.27,2003,1,"041009",6.4
150.81,-28.27,2003,2,"041009",137.4
150.81,-28.27,2003,3,"041009",NA
150.81,-28.27,2003,4,"041009",NA
150.81,-28.27,2003,5,"041009",NA
150.81,-28.27,2003,6,"041009",16.9
150.81,-28.27,2003,7,"041009",NA
150.81,-28.27,2003,8,"041009",15
150.81,-28.27,2003,9,"041009",0
150.81,-28.27,2003,10,"041009",NA
150.81,-28.27,2003,11,"041009",51
150.81,-28.27,2003,12,"041009",111.6
150.81,-28.27,2004,1,"041009",116.4
150.81,-28.27,2004,2,"041009",42
150.81,-28.27,2004,3,"041009",NA
150.81,-28.27,2004,4,"041009",38.4
150.81,-28.27,2004,5,"041009",8
150.81,-28.27,2004,6,"041009",9.8
150.81,-28.27,2004,7,"041009",12.6
150.81,-28.27,2004,8,"041009",15
150.81,-28.27,2004,9,"041009",64
150.81,-28.27,2004,10,"041009",42.2
150.81,-28.27,2004,11,"041009",134.4
150.81,-28.27,2004,12,"041009",NA
150.81,-28.27,2005,1,"041009",50.8
150.81,-28.27,2005,2,"041009",9.8
150.81,-28.27,2005,3,"041009",10.6
150.81,-28.27,2005,4,"041009",2.6
150.81,-28.27,2005,5,"041009",24.4
150.81,-28.27,2005,6,"041009",107.2
150.81,-28.27,2005,7,"041009",8.8
150.81,-28.27,2005,8,"041009",9.2
150.81,-28.27,2005,9,"041009",13.8
150.81,-28.27,2005,10,"041009",70
150.81,-28.27,2005,11,"041009",NA
150.81,-28.27,2005,12,"041009",79.8
150.81,-28.27,2006,1,"041009",82.2
150.81,-28.27,2006,2,"041009",69
150.81,-28.27,2006,3,"041009",17.2
150.81,-28.27,2006,4,"041009",13
150.81,-28.27,2006,5,"041009",22.4
150.81,-28.27,2006,6,"041009",9.4
150.81,-28.27,2006,7,"041009",33.6
150.81,-28.27,2006,8,"041009",14.4
150.81,-28.27,2006,9,"041009",25.8
150.81,-28.27,2006,10,"041009",0
150.81,-28.27,2006,11,"041009",67.4
150.81,-28.27,2006,12,"041009",5
150.81,-28.27,2007,1,"041009",10.4
150.81,-28.27,2007,2,"041009",25.2
150.81,-28.27,2007,3,"041009",NA
150.81,-28.27,2007,4,"041009",NA
150.81,-28.27,2007,5,"041009",NA
150.81,-28.27,2007,6,"041009",NA
150.81,-28.27,2007,7,"041009",NA
150.81,-28.27,2007,8,"041009",NA
150.81,-28.27,2007,9,"041009",NA
150.81,-28.27,2007,10,"041009",NA
150.81,-28.27,2007,11,"041009",NA
150.81,-28.27,2007,12,"041009",NA
150.81,-28.27,2020,1,"041009",58
150.81,-28.27,2020,2,"041009",114
150.81,-28.27,2020,3,"041009",27.8
150.81,-28.27,2020,4,"041009",10.6
150.81,-28.27,2020,5,"041009",23
150.81,-28.27,2020,6,"041009",7
150.81,-28.27,2020,7,"041009",18.8
150.81,-28.27,2020,8,"041009",45.5
150.81,-28.27,2020,9,"041009",1.8
150.81,-28.27,2020,10,"041009",28.3
150.81,-28.27,2020,11,"041009",9.4
150.81,-28.27,2020,12,"041009",133.2
150.81,-28.27,2021,1,"041009",40.5
150.81,-28.27,2021,2,"041009",83
150.81,-28.27,2021,3,"041009",191.4
150.81,-28.27,2021,4,"041009",NA
150.81,-28.27,2021,5,"041009",NA
150.81,-28.27,2021,6,"041009",58.6
150.81,-28.27,2021,7,"041009",72.4
150.81,-28.27,2021,8,"041009",3.1
150.81,-28.27,2021,9,"041009",9.6
150.81,-28.27,2021,10,"041009",63.8
150.81,-28.27,2021,11,"041009",221.3
150.81,-28.27,2021,12,"041009",198.4
150.81,-28.27,2022,1,"041009",43
150.81,-28.27,2022,2,"041009",93.2
150.81,-28.27,2022,3,"041009",NA
150.81,-28.27,2022,4,"041009",NA
150.81,-28.27,2022,5,"041009",NA
150.81,-28.27,2022,6,"041009",NA
150.81,-28.27,2022,7,"041009",NA
150.81,-28.27,2022,8,"041009",NA
150.81,-28.27,2022,9,"041009",NA
150.81,-28.27,2022,10,"041009",NA
150.81,-28.27,2022,11,"041009",NA
150.81,-28.27,2022,12,"041009",NA
