"Lon","Lat","Year","Month","Station","Rain"
146.87,-21.52,1912,1,"034022",NA
146.87,-21.52,1912,2,"034022",NA
146.87,-21.52,1912,3,"034022",NA
146.87,-21.52,1912,4,"034022",NA
146.87,-21.52,1912,5,"034022",NA
146.87,-21.52,1912,6,"034022",NA
146.87,-21.52,1912,7,"034022",NA
146.87,-21.52,1912,8,"034022",NA
146.87,-21.52,1912,9,"034022",NA
146.87,-21.52,1912,10,"034022",12.7
146.87,-21.52,1912,11,"034022",49.8
146.87,-21.52,1912,12,"034022",10.9
146.87,-21.52,1913,1,"034022",119.9
146.87,-21.52,1913,2,"034022",144.7
146.87,-21.52,1913,3,"034022",35.7
146.87,-21.52,1913,4,"034022",41.7
146.87,-21.52,1913,5,"034022",38.8
146.87,-21.52,1913,6,"034022",80.1
146.87,-21.52,1913,7,"034022",0
146.87,-21.52,1913,8,"034022",0
146.87,-21.52,1913,9,"034022",0
146.87,-21.52,1913,10,"034022",0
146.87,-21.52,1913,11,"034022",0
146.87,-21.52,1913,12,"034022",118.4
146.87,-21.52,1914,1,"034022",207.7
146.87,-21.52,1914,2,"034022",0
146.87,-21.52,1914,3,"034022",139.3
146.87,-21.52,1914,4,"034022",11.4
146.87,-21.52,1914,5,"034022",7.9
146.87,-21.52,1914,6,"034022",81.5
146.87,-21.52,1914,7,"034022",2
146.87,-21.52,1914,8,"034022",0
146.87,-21.52,1914,9,"034022",0
146.87,-21.52,1914,10,"034022",0
146.87,-21.52,1914,11,"034022",0
146.87,-21.52,1914,12,"034022",15.2
146.87,-21.52,1915,1,"034022",76.3
146.87,-21.52,1915,2,"034022",8.1
146.87,-21.52,1915,3,"034022",0
146.87,-21.52,1915,4,"034022",1.3
146.87,-21.52,1915,5,"034022",0
146.87,-21.52,1915,6,"034022",0
146.87,-21.52,1915,7,"034022",4.1
146.87,-21.52,1915,8,"034022",5.4
146.87,-21.52,1915,9,"034022",0
146.87,-21.52,1915,10,"034022",11.5
146.87,-21.52,1915,11,"034022",23.6
146.87,-21.52,1915,12,"034022",87.1
146.87,-21.52,1916,1,"034022",10.4
146.87,-21.52,1916,2,"034022",36.6
146.87,-21.52,1916,3,"034022",58.5
146.87,-21.52,1916,4,"034022",0.8
146.87,-21.52,1916,5,"034022",0
146.87,-21.52,1916,6,"034022",12
146.87,-21.52,1916,7,"034022",57.3
146.87,-21.52,1916,8,"034022",30
146.87,-21.52,1916,9,"034022",0
146.87,-21.52,1916,10,"034022",69.4
146.87,-21.52,1916,11,"034022",58.5
146.87,-21.52,1916,12,"034022",146.2
146.87,-21.52,1917,1,"034022",295.4
146.87,-21.52,1917,2,"034022",79.2
146.87,-21.52,1917,3,"034022",78
146.87,-21.52,1917,4,"034022",9.1
146.87,-21.52,1917,5,"034022",44.2
146.87,-21.52,1917,6,"034022",0
146.87,-21.52,1917,7,"034022",0
146.87,-21.52,1917,8,"034022",54.1
146.87,-21.52,1917,9,"034022",94.3
146.87,-21.52,1917,10,"034022",50.1
146.87,-21.52,1917,11,"034022",299.8
146.87,-21.52,1917,12,"034022",62
146.87,-21.52,1918,1,"034022",546.5
146.87,-21.52,1918,2,"034022",150.2
146.87,-21.52,1918,3,"034022",76
146.87,-21.52,1918,4,"034022",0
146.87,-21.52,1918,5,"034022",0
146.87,-21.52,1918,6,"034022",0
146.87,-21.52,1918,7,"034022",0
146.87,-21.52,1918,8,"034022",15
146.87,-21.52,1918,9,"034022",9.4
146.87,-21.52,1918,10,"034022",0
146.87,-21.52,1918,11,"034022",60.1
146.87,-21.52,1918,12,"034022",29.9
146.87,-21.52,1919,1,"034022",58.8
146.87,-21.52,1919,2,"034022",136.1
146.87,-21.52,1919,3,"034022",6.9
146.87,-21.52,1919,4,"034022",12.7
146.87,-21.52,1919,5,"034022",33.7
146.87,-21.52,1919,6,"034022",0
146.87,-21.52,1919,7,"034022",0
146.87,-21.52,1919,8,"034022",6.4
146.87,-21.52,1919,9,"034022",3.8
146.87,-21.52,1919,10,"034022",5.1
146.87,-21.52,1919,11,"034022",15.7
146.87,-21.52,1919,12,"034022",20.6
146.87,-21.52,1920,1,"034022",160
146.87,-21.52,1920,2,"034022",31.5
146.87,-21.52,1920,3,"034022",0
146.87,-21.52,1920,4,"034022",114.1
146.87,-21.52,1920,5,"034022",72.2
146.87,-21.52,1920,6,"034022",30.5
146.87,-21.52,1920,7,"034022",11.3
146.87,-21.52,1920,8,"034022",44.2
146.87,-21.52,1920,9,"034022",2.3
146.87,-21.52,1920,10,"034022",95
146.87,-21.52,1920,11,"034022",22.9
146.87,-21.52,1920,12,"034022",25.4
146.87,-21.52,1921,1,"034022",140.6
146.87,-21.52,1921,2,"034022",13.2
146.87,-21.52,1921,3,"034022",38.6
146.87,-21.52,1921,4,"034022",0
146.87,-21.52,1921,5,"034022",20.9
146.87,-21.52,1921,6,"034022",54.9
146.87,-21.52,1921,7,"034022",67.2
146.87,-21.52,1921,8,"034022",17.3
146.87,-21.52,1921,9,"034022",70.8
146.87,-21.52,1921,10,"034022",153.5
146.87,-21.52,1921,11,"034022",7.1
146.87,-21.52,1921,12,"034022",160.6
146.87,-21.52,1922,1,"034022",59.5
146.87,-21.52,1922,2,"034022",187.7
146.87,-21.52,1922,3,"034022",23.1
146.87,-21.52,1922,4,"034022",0
146.87,-21.52,1922,5,"034022",0
146.87,-21.52,1922,6,"034022",38.4
146.87,-21.52,1922,7,"034022",54.6
146.87,-21.52,1922,8,"034022",0
146.87,-21.52,1922,9,"034022",11.2
146.87,-21.52,1922,10,"034022",8.9
146.87,-21.52,1922,11,"034022",49
146.87,-21.52,1922,12,"034022",81.7
146.87,-21.52,1923,1,"034022",49.8
146.87,-21.52,1923,2,"034022",0
146.87,-21.52,1923,3,"034022",28.7
146.87,-21.52,1923,4,"034022",32.2
146.87,-21.52,1923,5,"034022",0
146.87,-21.52,1923,6,"034022",85.9
146.87,-21.52,1923,7,"034022",5
146.87,-21.52,1923,8,"034022",13.5
146.87,-21.52,1923,9,"034022",3.3
146.87,-21.52,1923,10,"034022",0
146.87,-21.52,1923,11,"034022",0
146.87,-21.52,1923,12,"034022",26.2
146.87,-21.52,1924,1,"034022",10.1
146.87,-21.52,1924,2,"034022",511.9
146.87,-21.52,1924,3,"034022",75.4
146.87,-21.52,1924,4,"034022",77.8
146.87,-21.52,1924,5,"034022",2.5
146.87,-21.52,1924,6,"034022",11.7
146.87,-21.52,1924,7,"034022",0
146.87,-21.52,1924,8,"034022",22.9
146.87,-21.52,1924,9,"034022",5.1
146.87,-21.52,1924,10,"034022",17.2
146.87,-21.52,1924,11,"034022",124.4
146.87,-21.52,1924,12,"034022",145.5
146.87,-21.52,1929,1,"034022",8.2
146.87,-21.52,1929,2,"034022",65.6
146.87,-21.52,1929,3,"034022",150.9
146.87,-21.52,1929,4,"034022",67.8
146.87,-21.52,1929,5,"034022",0
146.87,-21.52,1929,6,"034022",55.5
146.87,-21.52,1929,7,"034022",0
146.87,-21.52,1929,8,"034022",0
146.87,-21.52,1929,9,"034022",0
146.87,-21.52,1929,10,"034022",3.6
146.87,-21.52,1929,11,"034022",38.9
146.87,-21.52,1929,12,"034022",150.4
146.87,-21.52,1930,1,"034022",140.8
146.87,-21.52,1930,2,"034022",32.2
146.87,-21.52,1930,3,"034022",20.1
146.87,-21.52,1930,4,"034022",0
146.87,-21.52,1930,5,"034022",130.6
146.87,-21.52,1930,6,"034022",59.9
146.87,-21.52,1930,7,"034022",0
146.87,-21.52,1930,8,"034022",0
146.87,-21.52,1930,9,"034022",10.2
146.87,-21.52,1930,10,"034022",33.7
146.87,-21.52,1930,11,"034022",2.5
146.87,-21.52,1930,12,"034022",3.3
146.87,-21.52,1931,1,"034022",57.6
146.87,-21.52,1931,2,"034022",0
146.87,-21.52,1931,3,"034022",10.9
146.87,-21.52,1931,4,"034022",1.5
146.87,-21.52,1931,5,"034022",0.5
146.87,-21.52,1931,6,"034022",2
146.87,-21.52,1931,7,"034022",2.5
146.87,-21.52,1931,8,"034022",8.4
146.87,-21.52,1931,9,"034022",63
146.87,-21.52,1931,10,"034022",28.6
146.87,-21.52,1931,11,"034022",54
146.87,-21.52,1931,12,"034022",87.1
146.87,-21.52,1932,1,"034022",102
146.87,-21.52,1932,2,"034022",25.2
146.87,-21.52,1932,3,"034022",26.2
146.87,-21.52,1932,4,"034022",13.7
146.87,-21.52,1932,5,"034022",40.1
146.87,-21.52,1932,6,"034022",0
146.87,-21.52,1932,7,"034022",0
146.87,-21.52,1932,8,"034022",0
146.87,-21.52,1932,9,"034022",2.6
146.87,-21.52,1932,10,"034022",6.4
146.87,-21.52,1932,11,"034022",51.1
146.87,-21.52,1932,12,"034022",47.5
146.87,-21.52,1933,1,"034022",148.3
146.87,-21.52,1933,2,"034022",128
146.87,-21.52,1933,3,"034022",10.6
146.87,-21.52,1933,4,"034022",41.4
146.87,-21.52,1933,5,"034022",6.4
146.87,-21.52,1933,6,"034022",71.9
146.87,-21.52,1933,7,"034022",102.6
146.87,-21.52,1933,8,"034022",8.1
146.87,-21.52,1933,9,"034022",58.9
146.87,-21.52,1933,10,"034022",57.8
146.87,-21.52,1933,11,"034022",104.5
146.87,-21.52,1933,12,"034022",55.1
146.87,-21.52,1934,1,"034022",33.8
146.87,-21.52,1934,2,"034022",150.1
146.87,-21.52,1934,3,"034022",0
146.87,-21.52,1934,4,"034022",26.1
146.87,-21.52,1934,5,"034022",40.7
146.87,-21.52,1934,6,"034022",20.8
146.87,-21.52,1934,7,"034022",13.4
146.87,-21.52,1934,8,"034022",0
146.87,-21.52,1934,9,"034022",0
146.87,-21.52,1934,10,"034022",59.7
146.87,-21.52,1934,11,"034022",39.6
146.87,-21.52,1934,12,"034022",22.1
146.87,-21.52,1935,1,"034022",8.4
146.87,-21.52,1935,2,"034022",15.7
146.87,-21.52,1935,3,"034022",30.5
146.87,-21.52,1935,4,"034022",8.1
146.87,-21.52,1935,5,"034022",9.5
146.87,-21.52,1935,6,"034022",28.7
146.87,-21.52,1935,7,"034022",71.1
146.87,-21.52,1935,8,"034022",0
146.87,-21.52,1935,9,"034022",9.7
146.87,-21.52,1935,10,"034022",30
146.87,-21.52,1935,11,"034022",11.2
146.87,-21.52,1935,12,"034022",9.1
146.87,-21.52,1936,1,"034022",106.6
146.87,-21.52,1936,2,"034022",110.3
146.87,-21.52,1936,3,"034022",133.9
146.87,-21.52,1936,4,"034022",0
146.87,-21.52,1936,5,"034022",43
146.87,-21.52,1936,6,"034022",50.6
146.87,-21.52,1936,7,"034022",0
146.87,-21.52,1936,8,"034022",0
146.87,-21.52,1936,9,"034022",0
146.87,-21.52,1936,10,"034022",2.8
146.87,-21.52,1936,11,"034022",1.8
146.87,-21.52,1936,12,"034022",84.6
146.87,-21.52,1937,1,"034022",119.4
146.87,-21.52,1937,2,"034022",117.2
146.87,-21.52,1937,3,"034022",69.4
146.87,-21.52,1937,4,"034022",0
146.87,-21.52,1937,5,"034022",0
146.87,-21.52,1937,6,"034022",60.5
146.87,-21.52,1937,7,"034022",21.1
146.87,-21.52,1937,8,"034022",0
146.87,-21.52,1937,9,"034022",3
146.87,-21.52,1937,10,"034022",12.2
146.87,-21.52,1937,11,"034022",14.7
146.87,-21.52,1937,12,"034022",15.5
146.87,-21.52,1938,1,"034022",156.7
146.87,-21.52,1938,2,"034022",105.3
146.87,-21.52,1938,3,"034022",27.4
146.87,-21.52,1938,4,"034022",10.4
146.87,-21.52,1938,5,"034022",40.4
146.87,-21.52,1938,6,"034022",19.8
146.87,-21.52,1938,7,"034022",35.3
146.87,-21.52,1938,8,"034022",3.8
146.87,-21.52,1938,9,"034022",0.5
146.87,-21.52,1938,10,"034022",58
146.87,-21.52,1938,11,"034022",46
146.87,-21.52,1938,12,"034022",2.8
146.87,-21.52,1939,1,"034022",25.7
146.87,-21.52,1939,2,"034022",55.5
146.87,-21.52,1939,3,"034022",162
146.87,-21.52,1939,4,"034022",38.3
146.87,-21.52,1939,5,"034022",0.8
146.87,-21.52,1939,6,"034022",56.7
146.87,-21.52,1939,7,"034022",17
146.87,-21.52,1939,8,"034022",19.3
146.87,-21.52,1939,9,"034022",0
146.87,-21.52,1939,10,"034022",21.4
146.87,-21.52,1939,11,"034022",30.5
146.87,-21.52,1939,12,"034022",56.9
146.87,-21.52,1940,1,"034022",64.5
146.87,-21.52,1940,2,"034022",313.5
146.87,-21.52,1940,3,"034022",122.2
146.87,-21.52,1940,4,"034022",129
146.87,-21.52,1940,5,"034022",3
146.87,-21.52,1940,6,"034022",0
146.87,-21.52,1940,7,"034022",0
146.87,-21.52,1940,8,"034022",110.2
146.87,-21.52,1940,9,"034022",8.9
146.87,-21.52,1940,10,"034022",4.1
146.87,-21.52,1940,11,"034022",16.8
146.87,-21.52,1940,12,"034022",36.1
146.87,-21.52,1941,1,"034022",247.2
146.87,-21.52,1941,2,"034022",67.2
146.87,-21.52,1941,3,"034022",140.8
146.87,-21.52,1941,4,"034022",56.1
146.87,-21.52,1941,5,"034022",39.3
146.87,-21.52,1941,6,"034022",65.8
146.87,-21.52,1941,7,"034022",1.3
146.87,-21.52,1941,8,"034022",0
146.87,-21.52,1941,9,"034022",0
146.87,-21.52,1941,10,"034022",5.8
146.87,-21.52,1941,11,"034022",46.1
146.87,-21.52,1941,12,"034022",10.2
146.87,-21.52,1942,1,"034022",52.6
146.87,-21.52,1942,2,"034022",96.3
146.87,-21.52,1942,3,"034022",74.7
146.87,-21.52,1942,4,"034022",60.2
146.87,-21.52,1942,5,"034022",12.2
146.87,-21.52,1942,6,"034022",104.4
146.87,-21.52,1942,7,"034022",46.8
146.87,-21.52,1942,8,"034022",9.1
146.87,-21.52,1942,9,"034022",3.6
146.87,-21.52,1942,10,"034022",31.7
146.87,-21.52,1942,11,"034022",46.9
146.87,-21.52,1942,12,"034022",312.3
146.87,-21.52,1943,1,"034022",90.2
146.87,-21.52,1943,2,"034022",131.1
146.87,-21.52,1943,3,"034022",0
146.87,-21.52,1943,4,"034022",10.2
146.87,-21.52,1943,5,"034022",13.2
146.87,-21.52,1943,6,"034022",22.8
146.87,-21.52,1943,7,"034022",0
146.87,-21.52,1943,8,"034022",1.5
146.87,-21.52,1943,9,"034022",58.6
146.87,-21.52,1943,10,"034022",41.9
146.87,-21.52,1943,11,"034022",8.6
146.87,-21.52,1943,12,"034022",57.6
146.87,-21.52,1944,1,"034022",15
146.87,-21.52,1944,2,"034022",308.4
146.87,-21.52,1944,3,"034022",17.9
146.87,-21.52,1944,4,"034022",25.9
146.87,-21.52,1944,5,"034022",25.9
146.87,-21.52,1944,6,"034022",21.7
146.87,-21.52,1944,7,"034022",28.7
146.87,-21.52,1944,8,"034022",13
146.87,-21.52,1944,9,"034022",0
146.87,-21.52,1944,10,"034022",15.7
146.87,-21.52,1944,11,"034022",19.3
146.87,-21.52,1944,12,"034022",66.3
146.87,-21.52,1945,1,"034022",18.3
146.87,-21.52,1945,2,"034022",39.2
146.87,-21.52,1945,3,"034022",50.1
146.87,-21.52,1945,4,"034022",7.1
146.87,-21.52,1945,5,"034022",10.9
146.87,-21.52,1945,6,"034022",80.3
146.87,-21.52,1945,7,"034022",39.7
146.87,-21.52,1945,8,"034022",0
146.87,-21.52,1945,9,"034022",4.3
146.87,-21.52,1945,10,"034022",115.8
146.87,-21.52,1945,11,"034022",3
146.87,-21.52,1945,12,"034022",24.6
146.87,-21.52,1946,1,"034022",152.5
146.87,-21.52,1946,2,"034022",42.7
146.87,-21.52,1946,3,"034022",162.3
146.87,-21.52,1946,4,"034022",0
146.87,-21.52,1946,5,"034022",0
146.87,-21.52,1946,6,"034022",0
146.87,-21.52,1946,7,"034022",0
146.87,-21.52,1946,8,"034022",0
146.87,-21.52,1946,9,"034022",0
146.87,-21.52,1946,10,"034022",0
146.87,-21.52,1946,11,"034022",44.6
146.87,-21.52,1946,12,"034022",43.7
146.87,-21.52,1947,1,"034022",90.2
146.87,-21.52,1947,2,"034022",196.1
146.87,-21.52,1947,3,"034022",81.5
146.87,-21.52,1947,4,"034022",0
146.87,-21.52,1947,5,"034022",13.5
146.87,-21.52,1947,6,"034022",0
146.87,-21.52,1947,7,"034022",0
146.87,-21.52,1947,8,"034022",22.1
146.87,-21.52,1947,9,"034022",48.3
146.87,-21.52,1947,10,"034022",14.2
146.87,-21.52,1947,11,"034022",50.6
146.87,-21.52,1947,12,"034022",51.6
146.87,-21.52,1948,1,"034022",18.4
146.87,-21.52,1948,2,"034022",50.3
146.87,-21.52,1948,3,"034022",41.1
146.87,-21.52,1948,4,"034022",13
146.87,-21.52,1948,5,"034022",1.3
146.87,-21.52,1948,6,"034022",2.5
146.87,-21.52,1948,7,"034022",50.3
146.87,-21.52,1948,8,"034022",0
146.87,-21.52,1948,9,"034022",0
146.87,-21.52,1948,10,"034022",10
146.87,-21.52,1948,11,"034022",63
146.87,-21.52,1948,12,"034022",88.9
146.87,-21.52,1949,1,"034022",45.3
146.87,-21.52,1949,2,"034022",325.3
146.87,-21.52,1949,3,"034022",255.5
146.87,-21.52,1949,4,"034022",22.3
146.87,-21.52,1949,5,"034022",0
146.87,-21.52,1949,6,"034022",17.8
146.87,-21.52,1949,7,"034022",0
146.87,-21.52,1949,8,"034022",0
146.87,-21.52,1949,9,"034022",3.8
146.87,-21.52,1949,10,"034022",101.6
146.87,-21.52,1949,11,"034022",63.5
146.87,-21.52,1949,12,"034022",31.7
146.87,-21.52,1950,1,"034022",148.9
146.87,-21.52,1950,2,"034022",205.7
146.87,-21.52,1950,3,"034022",119.9
146.87,-21.52,1950,4,"034022",119.8
146.87,-21.52,1950,5,"034022",19.5
146.87,-21.52,1950,6,"034022",54.9
146.87,-21.52,1950,7,"034022",131
146.87,-21.52,1950,8,"034022",33.5
146.87,-21.52,1950,9,"034022",0.5
146.87,-21.52,1950,10,"034022",84.6
146.87,-21.52,1950,11,"034022",182.1
146.87,-21.52,1950,12,"034022",19.8
146.87,-21.52,1951,1,"034022",266.6
146.87,-21.52,1951,2,"034022",19.3
146.87,-21.52,1951,3,"034022",0
146.87,-21.52,1951,4,"034022",2.8
146.87,-21.52,1951,5,"034022",0
146.87,-21.52,1951,6,"034022",12.2
146.87,-21.52,1951,7,"034022",0
146.87,-21.52,1951,8,"034022",0
146.87,-21.52,1951,9,"034022",5.1
146.87,-21.52,1951,10,"034022",25.9
146.87,-21.52,1951,11,"034022",6.6
146.87,-21.52,1951,12,"034022",55.9
146.87,-21.52,1952,1,"034022",49.3
146.87,-21.52,1952,2,"034022",44.7
146.87,-21.52,1952,3,"034022",11.4
146.87,-21.52,1952,4,"034022",63.5
146.87,-21.52,1952,5,"034022",46
146.87,-21.52,1952,6,"034022",30.9
146.87,-21.52,1952,7,"034022",1.3
146.87,-21.52,1952,8,"034022",15.6
146.87,-21.52,1952,9,"034022",3.6
146.87,-21.52,1952,10,"034022",32.2
146.87,-21.52,1952,11,"034022",27.9
146.87,-21.52,1952,12,"034022",0
146.87,-21.52,1953,1,"034022",339
146.87,-21.52,1953,2,"034022",177.8
146.87,-21.52,1953,3,"034022",21
146.87,-21.52,1953,4,"034022",0.8
146.87,-21.52,1953,5,"034022",0
146.87,-21.52,1953,6,"034022",0
146.87,-21.52,1953,7,"034022",0
146.87,-21.52,1953,8,"034022",33.8
146.87,-21.52,1953,9,"034022",0
146.87,-21.52,1953,10,"034022",0
146.87,-21.52,1953,11,"034022",50.3
146.87,-21.52,1953,12,"034022",37.9
146.87,-21.52,1954,1,"034022",173
146.87,-21.52,1954,2,"034022",275
146.87,-21.52,1954,3,"034022",140.8
146.87,-21.52,1954,4,"034022",200.2
146.87,-21.52,1954,5,"034022",0
146.87,-21.52,1954,6,"034022",8.4
146.87,-21.52,1954,7,"034022",33.3
146.87,-21.52,1954,8,"034022",10.4
146.87,-21.52,1954,9,"034022",13.7
146.87,-21.52,1954,10,"034022",76.4
146.87,-21.52,1954,11,"034022",21.6
146.87,-21.52,1954,12,"034022",144.8
146.87,-21.52,1955,1,"034022",128.8
146.87,-21.52,1955,2,"034022",192.8
146.87,-21.52,1955,3,"034022",265.9
146.87,-21.52,1955,4,"034022",37.8
146.87,-21.52,1955,5,"034022",123.5
146.87,-21.52,1955,6,"034022",5.6
146.87,-21.52,1955,7,"034022",0
146.87,-21.52,1955,8,"034022",8.4
146.87,-21.52,1955,9,"034022",0
146.87,-21.52,1955,10,"034022",8.4
146.87,-21.52,1955,11,"034022",10.4
146.87,-21.52,1955,12,"034022",22.6
146.87,-21.52,1956,1,"034022",87.2
146.87,-21.52,1956,2,"034022",132.1
146.87,-21.52,1956,3,"034022",125.3
146.87,-21.52,1956,4,"034022",24.9
146.87,-21.52,1956,5,"034022",77.2
146.87,-21.52,1956,6,"034022",38.8
146.87,-21.52,1956,7,"034022",91.8
146.87,-21.52,1956,8,"034022",21.1
146.87,-21.52,1956,9,"034022",30.7
146.87,-21.52,1956,10,"034022",20.8
146.87,-21.52,1956,11,"034022",54.7
146.87,-21.52,1956,12,"034022",136.8
146.87,-21.52,1957,1,"034022",129.8
146.87,-21.52,1957,2,"034022",109.1
146.87,-21.52,1957,3,"034022",120.2
146.87,-21.52,1957,4,"034022",0
146.87,-21.52,1957,5,"034022",0.8
146.87,-21.52,1957,6,"034022",30.5
146.87,-21.52,1957,7,"034022",82.3
146.87,-21.52,1957,8,"034022",15.5
146.87,-21.52,1957,9,"034022",0
146.87,-21.52,1957,10,"034022",41.9
146.87,-21.52,1957,11,"034022",45.4
146.87,-21.52,1957,12,"034022",26.7
146.87,-21.52,1958,1,"034022",139.2
146.87,-21.52,1958,2,"034022",347
146.87,-21.52,1958,3,"034022",25.1
146.87,-21.52,1958,4,"034022",342
146.87,-21.52,1958,5,"034022",1
146.87,-21.52,1958,6,"034022",56.6
146.87,-21.52,1958,7,"034022",0
146.87,-21.52,1958,8,"034022",0
146.87,-21.52,1958,9,"034022",0
146.87,-21.52,1958,10,"034022",2.8
146.87,-21.52,1958,11,"034022",80.5
146.87,-21.52,1958,12,"034022",46
146.87,-21.52,1959,1,"034022",163.3
146.87,-21.52,1959,2,"034022",113
146.87,-21.52,1959,3,"034022",66.6
146.87,-21.52,1959,4,"034022",9.7
146.87,-21.52,1959,5,"034022",48.5
146.87,-21.52,1959,6,"034022",5.9
146.87,-21.52,1959,7,"034022",7.9
146.87,-21.52,1959,8,"034022",0
146.87,-21.52,1959,9,"034022",0
146.87,-21.52,1959,10,"034022",31
146.87,-21.52,1959,11,"034022",45.7
146.87,-21.52,1959,12,"034022",178.3
146.87,-21.52,1960,1,"034022",31.5
146.87,-21.52,1960,2,"034022",118
146.87,-21.52,1960,3,"034022",72.7
146.87,-21.52,1960,4,"034022",0
146.87,-21.52,1960,5,"034022",59.1
146.87,-21.52,1960,6,"034022",1.8
146.87,-21.52,1960,7,"034022",7.1
146.87,-21.52,1960,8,"034022",0
146.87,-21.52,1960,9,"034022",26.9
146.87,-21.52,1960,10,"034022",2.6
146.87,-21.52,1960,11,"034022",96
146.87,-21.52,1960,12,"034022",157.9
146.87,-21.52,1961,1,"034022",24.7
146.87,-21.52,1961,2,"034022",181.6
146.87,-21.52,1961,3,"034022",5.6
146.87,-21.52,1961,4,"034022",0
146.87,-21.52,1961,5,"034022",3.8
146.87,-21.52,1961,6,"034022",16
146.87,-21.52,1961,7,"034022",8.4
146.87,-21.52,1961,8,"034022",2
146.87,-21.52,1961,9,"034022",0
146.87,-21.52,1961,10,"034022",1.5
146.87,-21.52,1961,11,"034022",89.5
146.87,-21.52,1961,12,"034022",43.1
146.87,-21.52,1962,1,"034022",174.5
146.87,-21.52,1962,2,"034022",40.2
146.87,-21.52,1962,3,"034022",128.7
146.87,-21.52,1962,4,"034022",68.9
146.87,-21.52,1962,5,"034022",54.1
146.87,-21.52,1962,6,"034022",10.4
146.87,-21.52,1962,7,"034022",3
146.87,-21.52,1962,8,"034022",0
146.87,-21.52,1962,9,"034022",24.7
146.87,-21.52,1962,10,"034022",4.3
146.87,-21.52,1962,11,"034022",22.8
146.87,-21.52,1962,12,"034022",86.5
146.87,-21.52,1963,1,"034022",238.9
146.87,-21.52,1963,2,"034022",36.3
146.87,-21.52,1963,3,"034022",138.2
146.87,-21.52,1963,4,"034022",44
146.87,-21.52,1963,5,"034022",0
146.87,-21.52,1963,6,"034022",1.5
146.87,-21.52,1963,7,"034022",0
146.87,-21.52,1963,8,"034022",72.1
146.87,-21.52,1963,9,"034022",0
146.87,-21.52,1963,10,"034022",0.8
146.87,-21.52,1963,11,"034022",41.1
146.87,-21.52,1963,12,"034022",22.4
146.87,-21.52,1964,1,"034022",26.1
146.87,-21.52,1964,2,"034022",62.7
146.87,-21.52,1964,3,"034022",52.1
146.87,-21.52,1964,4,"034022",1.8
146.87,-21.52,1964,5,"034022",30
146.87,-21.52,1964,6,"034022",34.8
146.87,-21.52,1964,7,"034022",49.3
146.87,-21.52,1964,8,"034022",7.1
146.87,-21.52,1964,9,"034022",47.2
146.87,-21.52,1964,10,"034022",34.6
146.87,-21.52,1964,11,"034022",50.5
146.87,-21.52,1964,12,"034022",65.7
146.87,-21.52,1965,1,"034022",54.8
146.87,-21.52,1965,2,"034022",5.6
146.87,-21.52,1965,3,"034022",112.1
146.87,-21.52,1965,4,"034022",72.2
146.87,-21.52,1965,5,"034022",31.2
146.87,-21.52,1965,6,"034022",0
146.87,-21.52,1965,7,"034022",0
146.87,-21.52,1965,8,"034022",0
146.87,-21.52,1965,9,"034022",0
146.87,-21.52,1965,10,"034022",15.7
146.87,-21.52,1965,11,"034022",12.1
146.87,-21.52,1965,12,"034022",186
146.87,-21.52,1966,1,"034022",127.5
146.87,-21.52,1966,2,"034022",28.5
146.87,-21.52,1966,3,"034022",24.6
146.87,-21.52,1966,4,"034022",0
146.87,-21.52,1966,5,"034022",11.4
146.87,-21.52,1966,6,"034022",25.4
146.87,-21.52,1966,7,"034022",0
146.87,-21.52,1966,8,"034022",29.2
146.87,-21.52,1966,9,"034022",11.2
146.87,-21.52,1966,10,"034022",17.7
146.87,-21.52,1966,11,"034022",70.6
146.87,-21.52,1966,12,"034022",16.8
146.87,-21.52,1967,1,"034022",97.7
146.87,-21.52,1967,2,"034022",28.5
146.87,-21.52,1967,3,"034022",110.4
146.87,-21.52,1967,4,"034022",0
146.87,-21.52,1967,5,"034022",0
146.87,-21.52,1967,6,"034022",75.7
146.87,-21.52,1967,7,"034022",34.5
146.87,-21.52,1967,8,"034022",4.8
146.87,-21.52,1967,9,"034022",0
146.87,-21.52,1967,10,"034022",58.4
146.87,-21.52,1967,11,"034022",33.7
146.87,-21.52,1967,12,"034022",122.8
146.87,-21.52,1968,1,"034022",186.8
146.87,-21.52,1968,2,"034022",334.3
146.87,-21.52,1968,3,"034022",92.9
146.87,-21.52,1968,4,"034022",48.3
146.87,-21.52,1968,5,"034022",53.4
146.87,-21.52,1968,6,"034022",0
146.87,-21.52,1968,7,"034022",40.8
146.87,-21.52,1968,8,"034022",0
146.87,-21.52,1968,9,"034022",16.3
146.87,-21.52,1968,10,"034022",17.1
146.87,-21.52,1968,11,"034022",0
146.87,-21.52,1968,12,"034022",110.7
146.87,-21.52,1969,1,"034022",8.7
146.87,-21.52,1969,2,"034022",75.7
146.87,-21.52,1969,3,"034022",125.6
146.87,-21.52,1969,4,"034022",0
146.87,-21.52,1969,5,"034022",5.4
146.87,-21.52,1969,6,"034022",0.8
146.87,-21.52,1969,7,"034022",0
146.87,-21.52,1969,8,"034022",0
146.87,-21.52,1969,9,"034022",0
146.87,-21.52,1969,10,"034022",59.5
146.87,-21.52,1969,11,"034022",10.2
146.87,-21.52,1969,12,"034022",129.2
146.87,-21.52,1970,1,"034022",72.9
146.87,-21.52,1970,2,"034022",113.6
146.87,-21.52,1970,3,"034022",124.6
146.87,-21.52,1970,4,"034022",0
146.87,-21.52,1970,5,"034022",0
146.87,-21.52,1970,6,"034022",0
146.87,-21.52,1970,7,"034022",0
146.87,-21.52,1970,8,"034022",1
146.87,-21.52,1970,9,"034022",9.4
146.87,-21.52,1970,10,"034022",4.1
146.87,-21.52,1970,11,"034022",84.3
146.87,-21.52,1970,12,"034022",150
146.87,-21.52,1971,1,"034022",137.9
146.87,-21.52,1971,2,"034022",254.1
146.87,-21.52,1971,3,"034022",40.4
146.87,-21.52,1971,4,"034022",52.5
146.87,-21.52,1971,5,"034022",46.1
146.87,-21.52,1971,6,"034022",27.9
146.87,-21.52,1971,7,"034022",24.1
146.87,-21.52,1971,8,"034022",17.3
146.87,-21.52,1971,9,"034022",0
146.87,-21.52,1971,10,"034022",41.8
146.87,-21.52,1971,11,"034022",30
146.87,-21.52,1971,12,"034022",155.2
146.87,-21.52,1972,1,"034022",67.3
146.87,-21.52,1972,2,"034022",100.1
146.87,-21.52,1972,3,"034022",117.3
146.87,-21.52,1972,4,"034022",0
146.87,-21.52,1972,5,"034022",18.5
146.87,-21.52,1972,6,"034022",5.3
146.87,-21.52,1972,7,"034022",0
146.87,-21.52,1972,8,"034022",0
146.87,-21.52,1972,9,"034022",0
146.87,-21.52,1972,10,"034022",5.6
146.87,-21.52,1972,11,"034022",56.7
146.87,-21.52,1972,12,"034022",2.8
146.87,-21.52,1973,1,"034022",140.6
146.87,-21.52,1973,2,"034022",195.9
146.87,-21.52,1973,3,"034022",43.7
146.87,-21.52,1973,4,"034022",12.7
146.87,-21.52,1973,5,"034022",6.6
146.87,-21.52,1973,6,"034022",13.5
146.87,-21.52,1973,7,"034022",0
146.87,-21.52,1973,8,"034022",8.3
146.87,-21.52,1973,9,"034022",82
146.87,-21.52,1973,10,"034022",26.4
146.87,-21.52,1973,11,"034022",46.7
146.87,-21.52,1973,12,"034022",135.5
146.87,-21.52,1974,1,"034022",531
146.87,-21.52,1974,2,"034022",89.4
146.87,-21.52,1974,3,"034022",62.6
146.87,-21.52,1974,4,"034022",112
146.87,-21.52,1974,5,"034022",54.2
146.87,-21.52,1974,6,"034022",0
146.87,-21.52,1974,7,"034022",0.4
146.87,-21.52,1974,8,"034022",50
146.87,-21.52,1974,9,"034022",11.2
146.87,-21.52,1974,10,"034022",32.4
146.87,-21.52,1974,11,"034022",50.2
146.87,-21.52,1974,12,"034022",153.2
146.87,-21.52,1975,1,"034022",193.4
146.87,-21.52,1975,2,"034022",33
146.87,-21.52,1975,3,"034022",119
146.87,-21.52,1975,4,"034022",6
146.87,-21.52,1975,5,"034022",0
146.87,-21.52,1975,6,"034022",11.2
146.87,-21.52,1975,7,"034022",0
146.87,-21.52,1975,8,"034022",50.6
146.87,-21.52,1975,9,"034022",0.8
146.87,-21.52,1975,10,"034022",163.6
146.87,-21.52,1975,11,"034022",26.2
146.87,-21.52,1975,12,"034022",216.2
146.87,-21.52,1976,1,"034022",136.4
146.87,-21.52,1976,2,"034022",59.6
146.87,-21.52,1976,3,"034022",67
146.87,-21.52,1976,4,"034022",8.4
146.87,-21.52,1976,5,"034022",2.2
146.87,-21.52,1976,6,"034022",0
146.87,-21.52,1976,7,"034022",0
146.87,-21.52,1976,8,"034022",0
146.87,-21.52,1976,9,"034022",10.2
146.87,-21.52,1976,10,"034022",15.6
146.87,-21.52,1976,11,"034022",110.6
146.87,-21.52,1976,12,"034022",154.2
146.87,-21.52,1977,1,"034022",57
146.87,-21.52,1977,2,"034022",47.2
146.87,-21.52,1977,3,"034022",78.8
146.87,-21.52,1977,4,"034022",11
146.87,-21.52,1977,5,"034022",111.2
146.87,-21.52,1977,6,"034022",1
146.87,-21.52,1977,7,"034022",23.2
146.87,-21.52,1977,8,"034022",0
146.87,-21.52,1977,9,"034022",0
146.87,-21.52,1977,10,"034022",0
146.87,-21.52,1977,11,"034022",50.4
146.87,-21.52,1977,12,"034022",86.4
146.87,-21.52,1978,1,"034022",111
146.87,-21.52,1978,2,"034022",163
146.87,-21.52,1978,3,"034022",1.4
146.87,-21.52,1978,4,"034022",14.2
146.87,-21.52,1978,5,"034022",52.8
146.87,-21.52,1978,6,"034022",39.6
146.87,-21.52,1978,7,"034022",93.4
146.87,-21.52,1978,8,"034022",24.6
146.87,-21.52,1978,9,"034022",70.8
146.87,-21.52,1978,10,"034022",1.4
146.87,-21.52,1978,11,"034022",79.2
146.87,-21.52,1978,12,"034022",117
146.87,-21.52,1979,1,"034022",23.4
146.87,-21.52,1979,2,"034022",123.4
146.87,-21.52,1979,3,"034022",365.2
146.87,-21.52,1979,4,"034022",1.6
146.87,-21.52,1979,5,"034022",1.4
146.87,-21.52,1979,6,"034022",9.2
146.87,-21.52,1979,7,"034022",0
146.87,-21.52,1979,8,"034022",5
146.87,-21.52,1979,9,"034022",2.2
146.87,-21.52,1979,10,"034022",0.6
146.87,-21.52,1979,11,"034022",14
146.87,-21.52,1979,12,"034022",32
146.87,-21.52,1980,1,"034022",134.4
146.87,-21.52,1980,2,"034022",66.8
146.87,-21.52,1980,3,"034022",59.4
146.87,-21.52,1980,4,"034022",11
146.87,-21.52,1980,5,"034022",36
146.87,-21.52,1980,6,"034022",1.8
146.87,-21.52,1980,7,"034022",15.8
146.87,-21.52,1980,8,"034022",9.4
146.87,-21.52,1980,9,"034022",0
146.87,-21.52,1980,10,"034022",7
146.87,-21.52,1980,11,"034022",9.2
146.87,-21.52,1980,12,"034022",91
146.87,-21.52,1981,1,"034022",186.6
146.87,-21.52,1981,2,"034022",127
146.87,-21.52,1981,3,"034022",22.4
146.87,-21.52,1981,4,"034022",40.2
146.87,-21.52,1981,5,"034022",75.6
146.87,-21.52,1981,6,"034022",18.2
146.87,-21.52,1981,7,"034022",56.2
146.87,-21.52,1981,8,"034022",36.4
146.87,-21.52,1981,9,"034022",0
146.87,-21.52,1981,10,"034022",7
146.87,-21.52,1981,11,"034022",130
146.87,-21.52,1981,12,"034022",58
146.87,-21.52,1982,1,"034022",104.6
146.87,-21.52,1982,2,"034022",72.2
146.87,-21.52,1982,3,"034022",93
146.87,-21.52,1982,4,"034022",1.8
146.87,-21.52,1982,5,"034022",3.6
146.87,-21.52,1982,6,"034022",0
146.87,-21.52,1982,7,"034022",0
146.87,-21.52,1982,8,"034022",0.8
146.87,-21.52,1982,9,"034022",1
146.87,-21.52,1982,10,"034022",1
146.87,-21.52,1982,11,"034022",25.6
146.87,-21.52,1982,12,"034022",41
146.87,-21.52,1983,1,"034022",64.2
146.87,-21.52,1983,2,"034022",10.6
146.87,-21.52,1983,3,"034022",40
146.87,-21.52,1983,4,"034022",214
146.87,-21.52,1983,5,"034022",193
146.87,-21.52,1983,6,"034022",23
146.87,-21.52,1983,7,"034022",0
146.87,-21.52,1983,8,"034022",3
146.87,-21.52,1983,9,"034022",3.4
146.87,-21.52,1983,10,"034022",10
146.87,-21.52,1983,11,"034022",137.2
146.87,-21.52,1983,12,"034022",3.6
146.87,-21.52,1984,1,"034022",234.6
146.87,-21.52,1984,2,"034022",30.8
146.87,-21.52,1984,3,"034022",31.6
146.87,-21.52,1984,4,"034022",6.6
146.87,-21.52,1984,5,"034022",0
146.87,-21.52,1984,6,"034022",2
146.87,-21.52,1984,7,"034022",115.2
146.87,-21.52,1984,8,"034022",8.2
146.87,-21.52,1984,9,"034022",15.6
146.87,-21.52,1984,10,"034022",32.2
146.87,-21.52,1984,11,"034022",47.8
146.87,-21.52,1984,12,"034022",167
146.87,-21.52,1985,1,"034022",36.6
146.87,-21.52,1985,2,"034022",39
146.87,-21.52,1985,3,"034022",49.4
146.87,-21.52,1985,4,"034022",17.2
146.87,-21.52,1985,5,"034022",36.6
146.87,-21.52,1985,6,"034022",34.8
146.87,-21.52,1985,7,"034022",36
146.87,-21.52,1985,8,"034022",0
146.87,-21.52,1985,9,"034022",1.6
146.87,-21.52,1985,10,"034022",89
146.87,-21.52,1985,11,"034022",104.4
146.87,-21.52,1985,12,"034022",53.2
146.87,-21.52,1986,1,"034022",3
146.87,-21.52,1986,2,"034022",106.4
146.87,-21.52,1986,3,"034022",1
146.87,-21.52,1986,4,"034022",24.8
146.87,-21.52,1986,5,"034022",45.4
146.87,-21.52,1986,6,"034022",51.8
146.87,-21.52,1986,7,"034022",7.6
146.87,-21.52,1986,8,"034022",36.6
146.87,-21.52,1986,9,"034022",33
146.87,-21.52,1986,10,"034022",86.6
146.87,-21.52,1986,11,"034022",21.4
146.87,-21.52,1986,12,"034022",76.6
146.87,-21.52,1987,1,"034022",222
146.87,-21.52,1987,2,"034022",7.6
146.87,-21.52,1987,3,"034022",103.4
146.87,-21.52,1987,4,"034022",6.4
146.87,-21.52,1987,5,"034022",0
146.87,-21.52,1987,6,"034022",49.6
146.87,-21.52,1987,7,"034022",19.2
146.87,-21.52,1987,8,"034022",5
146.87,-21.52,1987,9,"034022",11.4
146.87,-21.52,1987,10,"034022",78.2
146.87,-21.52,1987,11,"034022",68
146.87,-21.52,1987,12,"034022",97.8
146.87,-21.52,1988,1,"034022",3.4
146.87,-21.52,1988,2,"034022",182.8
146.87,-21.52,1988,3,"034022",83
146.87,-21.52,1988,4,"034022",125.8
146.87,-21.52,1988,5,"034022",23.6
146.87,-21.52,1988,6,"034022",21
146.87,-21.52,1988,7,"034022",58.2
146.87,-21.52,1988,8,"034022",96.2
146.87,-21.52,1988,9,"034022",1
146.87,-21.52,1988,10,"034022",0.8
146.87,-21.52,1988,11,"034022",51.6
146.87,-21.52,1988,12,"034022",210.6
146.87,-21.52,1989,1,"034022",19.8
146.87,-21.52,1989,2,"034022",55
146.87,-21.52,1989,3,"034022",56.2
146.87,-21.52,1989,4,"034022",208.8
146.87,-21.52,1989,5,"034022",167
146.87,-21.52,1989,6,"034022",19.6
146.87,-21.52,1989,7,"034022",91
146.87,-21.52,1989,8,"034022",0
146.87,-21.52,1989,9,"034022",0
146.87,-21.52,1989,10,"034022",20
146.87,-21.52,1989,11,"034022",62.6
146.87,-21.52,1989,12,"034022",48.4
146.87,-21.52,1990,1,"034022",28.8
146.87,-21.52,1990,2,"034022",3.4
146.87,-21.52,1990,3,"034022",NA
146.87,-21.52,1990,4,"034022",125
146.87,-21.52,1990,5,"034022",39.6
146.87,-21.52,1990,6,"034022",75.4
146.87,-21.52,1990,7,"034022",0
146.87,-21.52,1990,8,"034022",0
146.87,-21.52,1990,9,"034022",0
146.87,-21.52,1990,10,"034022",8.2
146.87,-21.52,1990,11,"034022",20.4
146.87,-21.52,1990,12,"034022",154.8
146.87,-21.52,1991,1,"034022",253.6
146.87,-21.52,1991,2,"034022",177.2
146.87,-21.52,1991,3,"034022",0
146.87,-21.52,1991,4,"034022",0
146.87,-21.52,1991,5,"034022",10.2
146.87,-21.52,1991,6,"034022",0
146.87,-21.52,1991,7,"034022",22.4
146.87,-21.52,1991,8,"034022",0
146.87,-21.52,1991,9,"034022",0
146.87,-21.52,1991,10,"034022",4
146.87,-21.52,1991,11,"034022",31.6
146.87,-21.52,1991,12,"034022",171.4
146.87,-21.52,1992,1,"034022",23.8
146.87,-21.52,1992,2,"034022",45.6
146.87,-21.52,1992,3,"034022",3
146.87,-21.52,1992,4,"034022",10.8
146.87,-21.52,1992,5,"034022",77.4
146.87,-21.52,1992,6,"034022",0
146.87,-21.52,1992,7,"034022",0
146.87,-21.52,1992,8,"034022",7
146.87,-21.52,1992,9,"034022",3.2
146.87,-21.52,1992,10,"034022",11
146.87,-21.52,1992,11,"034022",19.4
146.87,-21.52,1992,12,"034022",64
146.87,-21.52,1993,1,"034022",28.2
146.87,-21.52,1993,2,"034022",25.8
146.87,-21.52,1993,3,"034022",0
146.87,-21.52,1993,4,"034022",0
146.87,-21.52,1993,5,"034022",0
146.87,-21.52,1993,6,"034022",0
146.87,-21.52,1993,7,"034022",11.2
146.87,-21.52,1993,8,"034022",20.4
146.87,-21.52,1993,9,"034022",3
146.87,-21.52,1993,10,"034022",80.3
146.87,-21.52,1993,11,"034022",144.7
146.87,-21.52,1993,12,"034022",65
146.87,-21.52,1994,1,"034022",19
146.87,-21.52,1994,2,"034022",77.4
146.87,-21.52,1994,3,"034022",220.4
146.87,-21.52,1994,4,"034022",0
146.87,-21.52,1994,5,"034022",0
146.87,-21.52,1994,6,"034022",0
146.87,-21.52,1994,7,"034022",0
146.87,-21.52,1994,8,"034022",0
146.87,-21.52,1994,9,"034022",0
146.87,-21.52,1994,10,"034022",3.2
146.87,-21.52,1994,11,"034022",19
146.87,-21.52,1994,12,"034022",20.2
146.87,-21.52,1995,1,"034022",25.6
146.87,-21.52,1995,2,"034022",216.8
146.87,-21.52,1995,3,"034022",4.2
146.87,-21.52,1995,4,"034022",10.2
146.87,-21.52,1995,5,"034022",29.8
146.87,-21.52,1995,6,"034022",0
146.87,-21.52,1995,7,"034022",0.4
146.87,-21.52,1995,8,"034022",72.8
146.87,-21.52,1995,9,"034022",3.2
146.87,-21.52,1995,10,"034022",141
146.87,-21.52,1995,11,"034022",11.6
146.87,-21.52,1995,12,"034022",19.6
146.87,-21.52,1996,1,"034022",186.9
146.87,-21.52,1996,2,"034022",51.2
146.87,-21.52,1996,3,"034022",0
146.87,-21.52,1996,4,"034022",7
146.87,-21.52,1996,5,"034022",0
146.87,-21.52,1996,6,"034022",31
146.87,-21.52,1996,7,"034022",1.2
146.87,-21.52,1996,8,"034022",11.2
146.87,-21.52,1996,9,"034022",0
146.87,-21.52,1996,10,"034022",70.4
146.87,-21.52,1996,11,"034022",10
146.87,-21.52,1996,12,"034022",61.8
146.87,-21.52,1997,1,"034022",41.8
146.87,-21.52,1997,2,"034022",188
146.87,-21.52,1997,3,"034022",59.8
146.87,-21.52,1997,4,"034022",0
146.87,-21.52,1997,5,"034022",36.4
146.87,-21.52,1997,6,"034022",16
146.87,-21.52,1997,7,"034022",0
146.87,-21.52,1997,8,"034022",18.8
146.87,-21.52,1997,9,"034022",0
146.87,-21.52,1997,10,"034022",10.4
146.87,-21.52,1997,11,"034022",63.6
146.87,-21.52,1997,12,"034022",112.8
146.87,-21.52,1998,1,"034022",105.4
146.87,-21.52,1998,2,"034022",103.6
146.87,-21.52,1998,3,"034022",9.2
146.87,-21.52,1998,4,"034022",103.8
146.87,-21.52,1998,5,"034022",76.4
146.87,-21.52,1998,6,"034022",34.6
146.87,-21.52,1998,7,"034022",0
146.87,-21.52,1998,8,"034022",125.8
146.87,-21.52,1998,9,"034022",0
146.87,-21.52,1998,10,"034022",81.2
146.87,-21.52,1998,11,"034022",125.1
146.87,-21.52,1998,12,"034022",81.6
146.87,-21.52,1999,1,"034022",76.6
146.87,-21.52,1999,2,"034022",168.2
146.87,-21.52,1999,3,"034022",11.2
146.87,-21.52,1999,4,"034022",17.8
146.87,-21.52,1999,5,"034022",2.2
146.87,-21.52,1999,6,"034022",4.4
146.87,-21.52,1999,7,"034022",5.8
146.87,-21.52,1999,8,"034022",0
146.87,-21.52,1999,9,"034022",4
146.87,-21.52,1999,10,"034022",3.6
146.87,-21.52,1999,11,"034022",162
146.87,-21.52,1999,12,"034022",88.4
146.87,-21.52,2000,1,"034022",50.9
146.87,-21.52,2000,2,"034022",319.6
146.87,-21.52,2000,3,"034022",5.4
146.87,-21.52,2000,4,"034022",152.8
146.87,-21.52,2000,5,"034022",33.2
146.87,-21.52,2000,6,"034022",35
146.87,-21.52,2000,7,"034022",0
146.87,-21.52,2000,8,"034022",0
146.87,-21.52,2000,9,"034022",0
146.87,-21.52,2000,10,"034022",17.8
146.87,-21.52,2000,11,"034022",262.2
146.87,-21.52,2000,12,"034022",177.8
146.87,-21.52,2001,1,"034022",9
146.87,-21.52,2001,2,"034022",38.4
146.87,-21.52,2001,3,"034022",78.6
146.87,-21.52,2001,4,"034022",23.4
146.87,-21.52,2001,5,"034022",6.2
146.87,-21.52,2001,6,"034022",9.8
146.87,-21.52,2001,7,"034022",11.8
146.87,-21.52,2001,8,"034022",0
146.87,-21.52,2001,9,"034022",1.6
146.87,-21.52,2001,10,"034022",26.2
146.87,-21.52,2001,11,"034022",153.2
146.87,-21.52,2001,12,"034022",NA
146.87,-21.52,2002,1,"034022",134.2
146.87,-21.52,2002,2,"034022",95.4
146.87,-21.52,2002,3,"034022",0
146.87,-21.52,2002,4,"034022",NA
146.87,-21.52,2002,5,"034022",10.4
146.87,-21.52,2002,6,"034022",10
146.87,-21.52,2002,7,"034022",0
146.87,-21.52,2002,8,"034022",13
146.87,-21.52,2002,9,"034022",NA
146.87,-21.52,2002,10,"034022",0
146.87,-21.52,2002,11,"034022",8.2
146.87,-21.52,2002,12,"034022",9.4
146.87,-21.52,2003,1,"034022",2
146.87,-21.52,2003,2,"034022",125.6
146.87,-21.52,2003,3,"034022",33
146.87,-21.52,2003,4,"034022",0
146.87,-21.52,2003,5,"034022",13.4
146.87,-21.52,2003,6,"034022",53.4
146.87,-21.52,2003,7,"034022",0
146.87,-21.52,2003,8,"034022",41.6
146.87,-21.52,2003,9,"034022",0
146.87,-21.52,2003,10,"034022",27.8
146.87,-21.52,2003,11,"034022",0
146.87,-21.52,2003,12,"034022",157.6
146.87,-21.52,2004,1,"034022",107.4
146.87,-21.52,2004,2,"034022",51.6
146.87,-21.52,2004,3,"034022",0
146.87,-21.52,2004,4,"034022",6.2
146.87,-21.52,2004,5,"034022",0
146.87,-21.52,2004,6,"034022",0
146.87,-21.52,2004,7,"034022",9.2
146.87,-21.52,2004,8,"034022",0
146.87,-21.52,2004,9,"034022",0.4
146.87,-21.52,2004,10,"034022",33.2
146.87,-21.52,2004,11,"034022",36.6
146.87,-21.52,2004,12,"034022",115
146.87,-21.52,2005,1,"034022",135.8
146.87,-21.52,2005,2,"034022",NA
146.87,-21.52,2005,3,"034022",0
146.87,-21.52,2005,4,"034022",0
146.87,-21.52,2005,5,"034022",21
146.87,-21.52,2005,6,"034022",22.5
146.87,-21.52,2005,7,"034022",26.4
146.87,-21.52,2005,8,"034022",52
146.87,-21.52,2005,9,"034022",0
146.87,-21.52,2005,10,"034022",50.2
146.87,-21.52,2005,11,"034022",19
146.87,-21.52,2005,12,"034022",0
146.87,-21.52,2006,1,"034022",94
146.87,-21.52,2006,2,"034022",48.4
146.87,-21.52,2006,3,"034022",90.4
146.87,-21.52,2006,4,"034022",148.8
146.87,-21.52,2006,5,"034022",27
146.87,-21.52,2006,6,"034022",51.4
146.87,-21.52,2006,7,"034022",25
146.87,-21.52,2006,8,"034022",0
146.87,-21.52,2006,9,"034022",7
146.87,-21.52,2006,10,"034022",0
146.87,-21.52,2006,11,"034022",0
146.87,-21.52,2006,12,"034022",22.8
146.87,-21.52,2007,1,"034022",88.8
146.87,-21.52,2007,2,"034022",197
146.87,-21.52,2007,3,"034022",0
146.87,-21.52,2007,4,"034022",0
146.87,-21.52,2007,5,"034022",NA
146.87,-21.52,2007,6,"034022",NA
146.87,-21.52,2007,7,"034022",0
146.87,-21.52,2007,8,"034022",0
146.87,-21.52,2007,9,"034022",15.2
146.87,-21.52,2007,10,"034022",NA
146.87,-21.52,2007,11,"034022",122
146.87,-21.52,2007,12,"034022",157.8
146.87,-21.52,2008,1,"034022",219.4
146.87,-21.52,2008,2,"034022",NA
146.87,-21.52,2008,3,"034022",5
146.87,-21.52,2008,4,"034022",0
146.87,-21.52,2008,5,"034022",NA
146.87,-21.52,2008,6,"034022",NA
146.87,-21.52,2008,7,"034022",151.4
146.87,-21.52,2008,8,"034022",0
146.87,-21.52,2008,9,"034022",NA
146.87,-21.52,2008,10,"034022",0
146.87,-21.52,2008,11,"034022",64.2
146.87,-21.52,2008,12,"034022",51.2
146.87,-21.52,2009,1,"034022",119
146.87,-21.52,2009,2,"034022",197
146.87,-21.52,2009,3,"034022",6.6
146.87,-21.52,2009,4,"034022",58
146.87,-21.52,2009,5,"034022",0
146.87,-21.52,2009,6,"034022",0
146.87,-21.52,2009,7,"034022",0
146.87,-21.52,2009,8,"034022",NA
146.87,-21.52,2009,9,"034022",NA
146.87,-21.52,2009,10,"034022",16
146.87,-21.52,2009,11,"034022",26.6
146.87,-21.52,2009,12,"034022",38.8
146.87,-21.52,2010,1,"034022",234.6
146.87,-21.52,2010,2,"034022",140
146.87,-21.52,2010,3,"034022",150
146.87,-21.52,2010,4,"034022",15.2
146.87,-21.52,2010,5,"034022",0
146.87,-21.52,2010,6,"034022",0
146.87,-21.52,2010,7,"034022",NA
146.87,-21.52,2010,8,"034022",90.8
146.87,-21.52,2010,9,"034022",82.4
146.87,-21.52,2010,10,"034022",NA
146.87,-21.52,2010,11,"034022",151.6
146.87,-21.52,2010,12,"034022",242.2
146.87,-21.52,2011,1,"034022",93
146.87,-21.52,2011,2,"034022",26
146.87,-21.52,2011,3,"034022",28.6
146.87,-21.52,2011,4,"034022",NA
146.87,-21.52,2011,5,"034022",4
146.87,-21.52,2011,6,"034022",35.6
146.87,-21.52,2011,7,"034022",8.4
146.87,-21.52,2011,8,"034022",NA
146.87,-21.52,2011,9,"034022",0
146.87,-21.52,2011,10,"034022",18
146.87,-21.52,2011,11,"034022",39.6
146.87,-21.52,2011,12,"034022",164.2
146.87,-21.52,2012,1,"034022",122
146.87,-21.52,2012,2,"034022",170.8
146.87,-21.52,2012,3,"034022",285
146.87,-21.52,2012,4,"034022",36.2
146.87,-21.52,2012,5,"034022",52.4
146.87,-21.52,2012,6,"034022",NA
146.87,-21.52,2012,7,"034022",NA
146.87,-21.52,2012,8,"034022",0
146.87,-21.52,2012,9,"034022",19
146.87,-21.52,2012,10,"034022",0
146.87,-21.52,2012,11,"034022",0
146.87,-21.52,2012,12,"034022",47.8
146.87,-21.52,2013,1,"034022",83.2
146.87,-21.52,2013,2,"034022",76
146.87,-21.52,2013,3,"034022",2.2
146.87,-21.52,2013,4,"034022",83.4
146.87,-21.52,2013,5,"034022",32.6
146.87,-21.52,2013,6,"034022",0
146.87,-21.52,2013,7,"034022",0
146.87,-21.52,2013,8,"034022",0
146.87,-21.52,2013,9,"034022",0
146.87,-21.52,2013,10,"034022",0
146.87,-21.52,2013,11,"034022",120.4
146.87,-21.52,2013,12,"034022",18.2
146.87,-21.52,2014,1,"034022",43.2
146.87,-21.52,2014,2,"034022",60.2
146.87,-21.52,2014,3,"034022",1.2
146.87,-21.52,2014,4,"034022",10.6
146.87,-21.52,2014,5,"034022",NA
146.87,-21.52,2014,6,"034022",NA
146.87,-21.52,2014,7,"034022",NA
146.87,-21.52,2014,8,"034022",41.2
146.87,-21.52,2014,9,"034022",30
146.87,-21.52,2014,10,"034022",NA
146.87,-21.52,2014,11,"034022",NA
146.87,-21.52,2014,12,"034022",113.4
146.87,-21.52,2015,1,"034022",128.8
146.87,-21.52,2015,2,"034022",11
146.87,-21.52,2015,3,"034022",4.2
146.87,-21.52,2015,4,"034022",0
146.87,-21.52,2015,5,"034022",0
146.87,-21.52,2015,6,"034022",0
146.87,-21.52,2015,7,"034022",0
146.87,-21.52,2015,8,"034022",0
146.87,-21.52,2015,9,"034022",0
146.87,-21.52,2015,10,"034022",0
146.87,-21.52,2015,11,"034022",6.2
146.87,-21.52,2015,12,"034022",82.4
146.87,-21.52,2016,1,"034022",72
146.87,-21.52,2016,2,"034022",133.2
146.87,-21.52,2016,3,"034022",117
146.87,-21.52,2016,4,"034022",0
146.87,-21.52,2016,5,"034022",28.4
146.87,-21.52,2016,6,"034022",67
146.87,-21.52,2016,7,"034022",133
146.87,-21.52,2016,8,"034022",16.2
146.87,-21.52,2016,9,"034022",0
146.87,-21.52,2016,10,"034022",41
146.87,-21.52,2016,11,"034022",NA
146.87,-21.52,2016,12,"034022",56
146.87,-21.52,2017,1,"034022",101.2
146.87,-21.52,2017,2,"034022",NA
146.87,-21.52,2017,3,"034022",NA
146.87,-21.52,2017,4,"034022",NA
146.87,-21.52,2017,5,"034022",NA
146.87,-21.52,2017,6,"034022",NA
146.87,-21.52,2017,7,"034022",NA
146.87,-21.52,2017,8,"034022",NA
146.87,-21.52,2017,9,"034022",NA
146.87,-21.52,2017,10,"034022",NA
146.87,-21.52,2017,11,"034022",NA
146.87,-21.52,2017,12,"034022",NA
146.87,-21.52,2018,1,"034022",NA
146.87,-21.52,2018,2,"034022",NA
146.87,-21.52,2018,3,"034022",NA
146.87,-21.52,2018,4,"034022",NA
146.87,-21.52,2018,5,"034022",NA
146.87,-21.52,2018,6,"034022",NA
146.87,-21.52,2018,7,"034022",NA
146.87,-21.52,2018,8,"034022",NA
146.87,-21.52,2018,9,"034022",0
146.87,-21.52,2018,10,"034022",62.8
146.87,-21.52,2018,11,"034022",5.4
146.87,-21.52,2018,12,"034022",137.4
146.87,-21.52,2019,1,"034022",114.8
146.87,-21.52,2019,2,"034022",57.2
146.87,-21.52,2019,3,"034022",54.4
146.87,-21.52,2019,4,"034022",100.8
146.87,-21.52,2019,5,"034022",0
146.87,-21.52,2019,6,"034022",0
146.87,-21.52,2019,7,"034022",0
146.87,-21.52,2019,8,"034022",0
146.87,-21.52,2019,9,"034022",0
146.87,-21.52,2019,10,"034022",0
146.87,-21.52,2019,11,"034022",0
146.87,-21.52,2019,12,"034022",0
146.87,-21.52,2020,1,"034022",161.8
146.87,-21.52,2020,2,"034022",115
146.87,-21.52,2020,3,"034022",10.4
146.87,-21.52,2020,4,"034022",NA
146.87,-21.52,2020,5,"034022",NA
146.87,-21.52,2020,6,"034022",NA
146.87,-21.52,2020,7,"034022",NA
146.87,-21.52,2020,8,"034022",NA
146.87,-21.52,2020,9,"034022",NA
146.87,-21.52,2020,10,"034022",NA
146.87,-21.52,2020,11,"034022",NA
146.87,-21.52,2020,12,"034022",NA
