"Lon","Lat","Year","Month","Station","Rain"
143.93,-26.87,1941,1,"045037",204.5
143.93,-26.87,1941,2,"045037",0
143.93,-26.87,1941,3,"045037",122.9
143.93,-26.87,1941,4,"045037",0
143.93,-26.87,1941,5,"045037",7.6
143.93,-26.87,1941,6,"045037",15.2
143.93,-26.87,1941,7,"045037",0
143.93,-26.87,1941,8,"045037",3
143.93,-26.87,1941,9,"045037",0
143.93,-26.87,1941,10,"045037",12.4
143.93,-26.87,1941,11,"045037",24.1
143.93,-26.87,1941,12,"045037",13
143.93,-26.87,1942,1,"045037",0
143.93,-26.87,1942,2,"045037",71.6
143.93,-26.87,1942,3,"045037",3.8
143.93,-26.87,1942,4,"045037",22.4
143.93,-26.87,1942,5,"045037",49.8
143.93,-26.87,1942,6,"045037",17
143.93,-26.87,1942,7,"045037",0
143.93,-26.87,1942,8,"045037",0
143.93,-26.87,1942,9,"045037",11.2
143.93,-26.87,1942,10,"045037",40.4
143.93,-26.87,1942,11,"045037",0
143.93,-26.87,1942,12,"045037",255.8
143.93,-26.87,1943,1,"045037",37.6
143.93,-26.87,1943,2,"045037",68.1
143.93,-26.87,1943,3,"045037",0
143.93,-26.87,1943,4,"045037",23.1
143.93,-26.87,1943,5,"045037",0
143.93,-26.87,1943,6,"045037",0
143.93,-26.87,1943,7,"045037",0
143.93,-26.87,1943,8,"045037",48
143.93,-26.87,1943,9,"045037",58.4
143.93,-26.87,1943,10,"045037",19.6
143.93,-26.87,1943,11,"045037",24.1
143.93,-26.87,1943,12,"045037",6.9
143.93,-26.87,1944,1,"045037",17.8
143.93,-26.87,1944,2,"045037",70.9
143.93,-26.87,1944,3,"045037",0
143.93,-26.87,1944,4,"045037",0
143.93,-26.87,1944,5,"045037",15.7
143.93,-26.87,1944,6,"045037",0
143.93,-26.87,1944,7,"045037",17.8
143.93,-26.87,1944,8,"045037",23.1
143.93,-26.87,1944,9,"045037",0
143.93,-26.87,1944,10,"045037",0
143.93,-26.87,1944,11,"045037",11.9
143.93,-26.87,1944,12,"045037",37.3
143.93,-26.87,1945,1,"045037",5.3
143.93,-26.87,1945,2,"045037",38.9
143.93,-26.87,1945,3,"045037",3
143.93,-26.87,1945,4,"045037",12.7
143.93,-26.87,1945,5,"045037",24.9
143.93,-26.87,1945,6,"045037",0
143.93,-26.87,1945,7,"045037",50
143.93,-26.87,1945,8,"045037",4.6
143.93,-26.87,1945,9,"045037",9.7
143.93,-26.87,1945,10,"045037",55.6
143.93,-26.87,1945,11,"045037",0
143.93,-26.87,1945,12,"045037",14.2
143.93,-26.87,1946,1,"045037",89.7
143.93,-26.87,1946,2,"045037",16
143.93,-26.87,1946,3,"045037",2.3
143.93,-26.87,1946,4,"045037",0
143.93,-26.87,1946,5,"045037",0
143.93,-26.87,1946,6,"045037",9.9
143.93,-26.87,1946,7,"045037",0
143.93,-26.87,1946,8,"045037",0
143.93,-26.87,1946,9,"045037",14.2
143.93,-26.87,1946,10,"045037",0
143.93,-26.87,1946,11,"045037",14.5
143.93,-26.87,1946,12,"045037",8.9
143.93,-26.87,1947,1,"045037",2.5
143.93,-26.87,1947,2,"045037",175.5
143.93,-26.87,1947,3,"045037",41.1
143.93,-26.87,1947,4,"045037",0
143.93,-26.87,1947,5,"045037",26.2
143.93,-26.87,1947,6,"045037",47.2
143.93,-26.87,1947,7,"045037",5.1
143.93,-26.87,1947,8,"045037",65.5
143.93,-26.87,1947,9,"045037",36.1
143.93,-26.87,1947,10,"045037",25.4
143.93,-26.87,1947,11,"045037",7.4
143.93,-26.87,1947,12,"045037",10.7
143.93,-26.87,1948,1,"045037",34.3
143.93,-26.87,1948,2,"045037",71.6
143.93,-26.87,1948,3,"045037",47.2
143.93,-26.87,1948,4,"045037",0
143.93,-26.87,1948,5,"045037",0
143.93,-26.87,1948,6,"045037",29.2
143.93,-26.87,1948,7,"045037",2.8
143.93,-26.87,1948,8,"045037",0
143.93,-26.87,1948,9,"045037",9.9
143.93,-26.87,1948,10,"045037",7.4
143.93,-26.87,1948,11,"045037",0
143.93,-26.87,1948,12,"045037",68.6
143.93,-26.87,1949,1,"045037",56.1
143.93,-26.87,1949,2,"045037",148.8
143.93,-26.87,1949,3,"045037",240.8
143.93,-26.87,1949,4,"045037",0
143.93,-26.87,1949,5,"045037",18.8
143.93,-26.87,1949,6,"045037",0
143.93,-26.87,1949,7,"045037",0
143.93,-26.87,1949,8,"045037",0
143.93,-26.87,1949,9,"045037",36.3
143.93,-26.87,1949,10,"045037",142.7
143.93,-26.87,1949,11,"045037",48.8
143.93,-26.87,1949,12,"045037",0
143.93,-26.87,1950,1,"045037",54.6
143.93,-26.87,1950,2,"045037",5.1
143.93,-26.87,1950,3,"045037",260.9
143.93,-26.87,1950,4,"045037",36.1
143.93,-26.87,1950,5,"045037",47.8
143.93,-26.87,1950,6,"045037",61
143.93,-26.87,1950,7,"045037",24.1
143.93,-26.87,1950,8,"045037",0
143.93,-26.87,1950,9,"045037",28.7
143.93,-26.87,1950,10,"045037",91.9
143.93,-26.87,1950,11,"045037",75.9
143.93,-26.87,1950,12,"045037",78.2
143.93,-26.87,1951,1,"045037",40.4
143.93,-26.87,1951,2,"045037",5.8
143.93,-26.87,1951,3,"045037",8.1
143.93,-26.87,1951,4,"045037",7.4
143.93,-26.87,1951,5,"045037",0
143.93,-26.87,1951,6,"045037",38.6
143.93,-26.87,1951,7,"045037",0
143.93,-26.87,1951,8,"045037",0
143.93,-26.87,1951,9,"045037",10.2
143.93,-26.87,1951,10,"045037",17.8
143.93,-26.87,1951,11,"045037",0
143.93,-26.87,1951,12,"045037",6.1
143.93,-26.87,1952,1,"045037",16.3
143.93,-26.87,1952,2,"045037",70.9
143.93,-26.87,1952,3,"045037",14.2
143.93,-26.87,1952,4,"045037",40.4
143.93,-26.87,1952,5,"045037",45.5
143.93,-26.87,1952,6,"045037",0
143.93,-26.87,1952,7,"045037",34.5
143.93,-26.87,1952,8,"045037",28.4
143.93,-26.87,1952,9,"045037",0
143.93,-26.87,1952,10,"045037",40.6
143.93,-26.87,1952,11,"045037",74.9
143.93,-26.87,1952,12,"045037",18.3
143.93,-26.87,1953,1,"045037",130.6
143.93,-26.87,1953,2,"045037",95.3
143.93,-26.87,1953,3,"045037",5.8
143.93,-26.87,1953,4,"045037",56.9
143.93,-26.87,1953,5,"045037",0
143.93,-26.87,1953,6,"045037",0
143.93,-26.87,1953,7,"045037",4.3
143.93,-26.87,1953,8,"045037",14
143.93,-26.87,1953,9,"045037",1.8
143.93,-26.87,1953,10,"045037",5.8
143.93,-26.87,1953,11,"045037",43.7
143.93,-26.87,1953,12,"045037",5.3
143.93,-26.87,1954,1,"045037",83.3
143.93,-26.87,1954,2,"045037",122.9
143.93,-26.87,1954,3,"045037",0
143.93,-26.87,1954,4,"045037",15.7
143.93,-26.87,1954,5,"045037",0
143.93,-26.87,1954,6,"045037",88.4
143.93,-26.87,1954,7,"045037",0
143.93,-26.87,1954,8,"045037",16.8
143.93,-26.87,1954,9,"045037",10.2
143.93,-26.87,1954,10,"045037",90.2
143.93,-26.87,1954,11,"045037",38.4
143.93,-26.87,1954,12,"045037",20.8
143.93,-26.87,1955,1,"045037",159
143.93,-26.87,1955,2,"045037",121.9
143.93,-26.87,1955,3,"045037",74.2
143.93,-26.87,1955,4,"045037",5.6
143.93,-26.87,1955,5,"045037",49.3
143.93,-26.87,1955,6,"045037",9.1
143.93,-26.87,1955,7,"045037",55.9
143.93,-26.87,1955,8,"045037",43.7
143.93,-26.87,1955,9,"045037",0
143.93,-26.87,1955,10,"045037",47.5
143.93,-26.87,1955,11,"045037",38.4
143.93,-26.87,1955,12,"045037",0
143.93,-26.87,1956,1,"045037",18
143.93,-26.87,1956,2,"045037",249.2
143.93,-26.87,1956,3,"045037",229.4
143.93,-26.87,1956,4,"045037",15.2
143.93,-26.87,1956,5,"045037",23.4
143.93,-26.87,1956,6,"045037",36.8
143.93,-26.87,1956,7,"045037",90.7
143.93,-26.87,1956,8,"045037",0
143.93,-26.87,1956,9,"045037",1.3
143.93,-26.87,1956,10,"045037",24.9
143.93,-26.87,1956,11,"045037",4.3
143.93,-26.87,1956,12,"045037",84.6
143.93,-26.87,1957,1,"045037",9.4
143.93,-26.87,1957,2,"045037",70.4
143.93,-26.87,1957,3,"045037",47
143.93,-26.87,1957,4,"045037",10.9
143.93,-26.87,1957,5,"045037",0
143.93,-26.87,1957,6,"045037",46.2
143.93,-26.87,1957,7,"045037",3
143.93,-26.87,1957,8,"045037",0
143.93,-26.87,1957,9,"045037",0
143.93,-26.87,1957,10,"045037",4.8
143.93,-26.87,1957,11,"045037",0
143.93,-26.87,1957,12,"045037",25.1
143.93,-26.87,1958,1,"045037",23.6
143.93,-26.87,1958,2,"045037",0
143.93,-26.87,1958,3,"045037",0
143.93,-26.87,1958,4,"045037",29
143.93,-26.87,1958,5,"045037",12.2
143.93,-26.87,1958,6,"045037",20.8
143.93,-26.87,1958,7,"045037",0
143.93,-26.87,1958,8,"045037",0
143.93,-26.87,1958,9,"045037",2.3
143.93,-26.87,1958,10,"045037",15.5
143.93,-26.87,1958,11,"045037",82.8
143.93,-26.87,1958,12,"045037",88.9
143.93,-26.87,1959,1,"045037",104.7
143.93,-26.87,1959,2,"045037",7.3
143.93,-26.87,1959,3,"045037",22.4
143.93,-26.87,1959,4,"045037",31.2
143.93,-26.87,1959,5,"045037",10.3
143.93,-26.87,1959,6,"045037",0
143.93,-26.87,1959,7,"045037",1.3
143.93,-26.87,1959,8,"045037",29.9
143.93,-26.87,1959,9,"045037",13.7
143.93,-26.87,1959,10,"045037",25.4
143.93,-26.87,1959,11,"045037",0
143.93,-26.87,1959,12,"045037",0
143.93,-26.87,1960,1,"045037",32.3
143.93,-26.87,1960,2,"045037",123.2
143.93,-26.87,1960,3,"045037",1.5
143.93,-26.87,1960,4,"045037",3.6
143.93,-26.87,1960,5,"045037",43.7
143.93,-26.87,1960,6,"045037",15.2
143.93,-26.87,1960,7,"045037",33
143.93,-26.87,1960,8,"045037",12.7
143.93,-26.87,1960,9,"045037",7.9
143.93,-26.87,1960,10,"045037",1
143.93,-26.87,1960,11,"045037",22.9
143.93,-26.87,1960,12,"045037",8.1
143.93,-26.87,1961,1,"045037",53.4
143.93,-26.87,1961,2,"045037",55.3
143.93,-26.87,1961,3,"045037",35.1
143.93,-26.87,1961,4,"045037",27
143.93,-26.87,1961,5,"045037",0
143.93,-26.87,1961,6,"045037",5.1
143.93,-26.87,1961,7,"045037",18.5
143.93,-26.87,1961,8,"045037",0
143.93,-26.87,1961,9,"045037",0
143.93,-26.87,1961,10,"045037",3.8
143.93,-26.87,1961,11,"045037",29
143.93,-26.87,1961,12,"045037",21.6
143.93,-26.87,1962,1,"045037",84.6
143.93,-26.87,1962,2,"045037",0
143.93,-26.87,1962,3,"045037",69.5
143.93,-26.87,1962,4,"045037",0
143.93,-26.87,1962,5,"045037",7.4
143.93,-26.87,1962,6,"045037",42.7
143.93,-26.87,1962,7,"045037",7.6
143.93,-26.87,1962,8,"045037",14
143.93,-26.87,1962,9,"045037",3
143.93,-26.87,1962,10,"045037",17.8
143.93,-26.87,1962,11,"045037",8.9
143.93,-26.87,1962,12,"045037",18.6
143.93,-26.87,1963,1,"045037",105.4
143.93,-26.87,1963,2,"045037",26.4
143.93,-26.87,1963,3,"045037",107.7
143.93,-26.87,1963,4,"045037",0
143.93,-26.87,1963,5,"045037",0
143.93,-26.87,1963,6,"045037",22.1
143.93,-26.87,1963,7,"045037",0
143.93,-26.87,1963,8,"045037",1.5
143.93,-26.87,1963,9,"045037",0
143.93,-26.87,1963,10,"045037",19.8
143.93,-26.87,1963,11,"045037",33.6
143.93,-26.87,1963,12,"045037",0
143.93,-26.87,1964,1,"045037",127.8
143.93,-26.87,1964,2,"045037",21.3
143.93,-26.87,1964,3,"045037",0
143.93,-26.87,1964,4,"045037",21
143.93,-26.87,1964,5,"045037",17
143.93,-26.87,1964,6,"045037",8.9
143.93,-26.87,1964,7,"045037",9.9
143.93,-26.87,1964,8,"045037",11.2
143.93,-26.87,1964,9,"045037",81.5
143.93,-26.87,1964,10,"045037",10.6
143.93,-26.87,1964,11,"045037",6.9
143.93,-26.87,1964,12,"045037",6.4
143.93,-26.87,1965,1,"045037",0
143.93,-26.87,1965,2,"045037",0
143.93,-26.87,1965,3,"045037",0
143.93,-26.87,1965,4,"045037",0
143.93,-26.87,1965,5,"045037",0
143.93,-26.87,1965,6,"045037",2.6
143.93,-26.87,1965,7,"045037",4.3
143.93,-26.87,1965,8,"045037",28
143.93,-26.87,1965,9,"045037",0
143.93,-26.87,1965,10,"045037",3.8
143.93,-26.87,1965,11,"045037",0
143.93,-26.87,1965,12,"045037",68.3
143.93,-26.87,1966,1,"045037",85.1
143.93,-26.87,1966,2,"045037",76.8
143.93,-26.87,1966,3,"045037",7.4
143.93,-26.87,1966,4,"045037",0
143.93,-26.87,1966,5,"045037",48
143.93,-26.87,1966,6,"045037",0
143.93,-26.87,1966,7,"045037",12.7
143.93,-26.87,1966,8,"045037",44.4
143.93,-26.87,1966,9,"045037",22.6
143.93,-26.87,1966,10,"045037",5.1
143.93,-26.87,1966,11,"045037",5.9
143.93,-26.87,1966,12,"045037",30
143.93,-26.87,1967,1,"045037",2.6
143.93,-26.87,1967,2,"045037",0
143.93,-26.87,1967,3,"045037",212.5
143.93,-26.87,1967,4,"045037",0.5
143.93,-26.87,1967,5,"045037",14.7
143.93,-26.87,1967,6,"045037",85.9
143.93,-26.87,1967,7,"045037",0
143.93,-26.87,1967,8,"045037",4.3
143.93,-26.87,1967,9,"045037",0
143.93,-26.87,1967,10,"045037",0
143.93,-26.87,1967,11,"045037",0
143.93,-26.87,1967,12,"045037",10.7
143.93,-26.87,1968,1,"045037",43.4
143.93,-26.87,1968,2,"045037",29.4
143.93,-26.87,1968,3,"045037",80.2
143.93,-26.87,1968,4,"045037",62.7
143.93,-26.87,1968,5,"045037",86.8
143.93,-26.87,1968,6,"045037",21.4
143.93,-26.87,1968,7,"045037",3.1
143.93,-26.87,1968,8,"045037",5.8
143.93,-26.87,1968,9,"045037",0
143.93,-26.87,1968,10,"045037",0
143.93,-26.87,1968,11,"045037",0
143.93,-26.87,1968,12,"045037",6.9
143.93,-26.87,1969,1,"045037",3
143.93,-26.87,1969,2,"045037",4.8
143.93,-26.87,1969,3,"045037",204
143.93,-26.87,1969,4,"045037",0
143.93,-26.87,1969,5,"045037",0
143.93,-26.87,1969,6,"045037",4.1
143.93,-26.87,1969,7,"045037",8.9
143.93,-26.87,1969,8,"045037",5.8
143.93,-26.87,1969,9,"045037",27.5
143.93,-26.87,1969,10,"045037",0
143.93,-26.87,1969,11,"045037",0
143.93,-26.87,1969,12,"045037",5.3
143.93,-26.87,1970,1,"045037",6.4
143.93,-26.87,1970,2,"045037",0
143.93,-26.87,1970,3,"045037",35.1
143.93,-26.87,1970,4,"045037",66
143.93,-26.87,1970,5,"045037",15.2
143.93,-26.87,1970,6,"045037",0
143.93,-26.87,1970,7,"045037",0
143.93,-26.87,1970,8,"045037",0
143.93,-26.87,1970,9,"045037",27.5
143.93,-26.87,1970,10,"045037",0
143.93,-26.87,1970,11,"045037",45.9
143.93,-26.87,1970,12,"045037",5
143.93,-26.87,1971,1,"045037",99.9
143.93,-26.87,1971,2,"045037",9.2
143.93,-26.87,1971,3,"045037",110.3
143.93,-26.87,1971,4,"045037",38.9
143.93,-26.87,1971,5,"045037",13.5
143.93,-26.87,1971,6,"045037",0
143.93,-26.87,1971,7,"045037",25.4
143.93,-26.87,1971,8,"045037",25.1
143.93,-26.87,1971,9,"045037",19.6
143.93,-26.87,1971,10,"045037",5.8
143.93,-26.87,1971,11,"045037",6.6
143.93,-26.87,1971,12,"045037",3.8
143.93,-26.87,1972,1,"045037",54.6
143.93,-26.87,1972,2,"045037",0
143.93,-26.87,1972,3,"045037",0
143.93,-26.87,1972,4,"045037",1.5
143.93,-26.87,1972,5,"045037",48
143.93,-26.87,1972,6,"045037",0
143.93,-26.87,1972,7,"045037",0
143.93,-26.87,1972,8,"045037",5.3
143.93,-26.87,1972,9,"045037",0
143.93,-26.87,1972,10,"045037",0
143.93,-26.87,1972,11,"045037",49.7
143.93,-26.87,1972,12,"045037",8.6
143.93,-26.87,1973,1,"045037",27.9
143.93,-26.87,1973,2,"045037",356
143.93,-26.87,1973,3,"045037",8.6
143.93,-26.87,1973,4,"045037",14.2
143.93,-26.87,1973,5,"045037",0.8
143.93,-26.87,1973,6,"045037",12.2
143.93,-26.87,1973,7,"045037",50.1
143.93,-26.87,1973,8,"045037",19.1
143.93,-26.87,1973,9,"045037",12.7
143.93,-26.87,1973,10,"045037",51.6
143.93,-26.87,1973,11,"045037",92.8
143.93,-26.87,1973,12,"045037",62.1
143.93,-26.87,1974,1,"045037",484.8
143.93,-26.87,1974,2,"045037",38
143.93,-26.87,1974,3,"045037",0
143.93,-26.87,1974,4,"045037",48.6
143.93,-26.87,1974,5,"045037",23.4
143.93,-26.87,1974,6,"045037",0
143.93,-26.87,1974,7,"045037",0
143.93,-26.87,1974,8,"045037",21.5
143.93,-26.87,1974,9,"045037",19.9
143.93,-26.87,1974,10,"045037",40.7
143.93,-26.87,1974,11,"045037",7.6
143.93,-26.87,1974,12,"045037",2.9
143.93,-26.87,1975,1,"045037",41
143.93,-26.87,1975,2,"045037",58.8
143.93,-26.87,1975,3,"045037",45.9
143.93,-26.87,1975,4,"045037",0
143.93,-26.87,1975,5,"045037",0
143.93,-26.87,1975,6,"045037",45
143.93,-26.87,1975,7,"045037",30.2
143.93,-26.87,1975,8,"045037",15
143.93,-26.87,1975,9,"045037",29.1
143.93,-26.87,1975,10,"045037",21.7
143.93,-26.87,1975,11,"045037",5.4
143.93,-26.87,1975,12,"045037",285.9
143.93,-26.87,1976,1,"045037",171
143.93,-26.87,1976,2,"045037",139.9
143.93,-26.87,1976,3,"045037",59.6
143.93,-26.87,1976,4,"045037",0
143.93,-26.87,1976,5,"045037",8
143.93,-26.87,1976,6,"045037",0
143.93,-26.87,1976,7,"045037",16.8
143.93,-26.87,1976,8,"045037",0
143.93,-26.87,1976,9,"045037",4.6
143.93,-26.87,1976,10,"045037",10
143.93,-26.87,1976,11,"045037",16.3
143.93,-26.87,1976,12,"045037",57.6
143.93,-26.87,1977,1,"045037",53.6
143.93,-26.87,1977,2,"045037",69.2
143.93,-26.87,1977,3,"045037",28.1
143.93,-26.87,1977,4,"045037",64
143.93,-26.87,1977,5,"045037",40.2
143.93,-26.87,1977,6,"045037",7.2
143.93,-26.87,1977,7,"045037",0
143.93,-26.87,1977,8,"045037",6
143.93,-26.87,1977,9,"045037",1.6
143.93,-26.87,1977,10,"045037",8
143.93,-26.87,1977,11,"045037",0
143.93,-26.87,1977,12,"045037",9
143.93,-26.87,1978,1,"045037",111
143.93,-26.87,1978,2,"045037",3
143.93,-26.87,1978,3,"045037",8.8
143.93,-26.87,1978,4,"045037",2.2
143.93,-26.87,1978,5,"045037",70.8
143.93,-26.87,1978,6,"045037",14
143.93,-26.87,1978,7,"045037",47.4
143.93,-26.87,1978,8,"045037",42.6
143.93,-26.87,1978,9,"045037",33
143.93,-26.87,1978,10,"045037",49
143.93,-26.87,1978,11,"045037",5
143.93,-26.87,1978,12,"045037",7.5
143.93,-26.87,1979,1,"045037",4.8
143.93,-26.87,1979,2,"045037",46.2
143.93,-26.87,1979,3,"045037",21
143.93,-26.87,1979,4,"045037",24
143.93,-26.87,1979,5,"045037",36
143.93,-26.87,1979,6,"045037",18.6
143.93,-26.87,1979,7,"045037",0
143.93,-26.87,1979,8,"045037",12
143.93,-26.87,1979,9,"045037",19.7
143.93,-26.87,1979,10,"045037",8.4
143.93,-26.87,1979,11,"045037",3.2
143.93,-26.87,1979,12,"045037",3.5
143.93,-26.87,1980,1,"045037",5
143.93,-26.87,1980,2,"045037",2
143.93,-26.87,1980,3,"045037",21.4
143.93,-26.87,1980,4,"045037",3.8
143.93,-26.87,1980,5,"045037",22.2
143.93,-26.87,1980,6,"045037",4
143.93,-26.87,1980,7,"045037",8.8
143.93,-26.87,1980,8,"045037",7.2
143.93,-26.87,1980,9,"045037",0
143.93,-26.87,1980,10,"045037",20.6
143.93,-26.87,1980,11,"045037",1.2
143.93,-26.87,1980,12,"045037",6.6
143.93,-26.87,1981,1,"045037",29
143.93,-26.87,1981,2,"045037",18.6
143.93,-26.87,1981,3,"045037",0
143.93,-26.87,1981,4,"045037",12
143.93,-26.87,1981,5,"045037",82.6
143.93,-26.87,1981,6,"045037",22.2
143.93,-26.87,1981,7,"045037",84.4
143.93,-26.87,1981,8,"045037",0
143.93,-26.87,1981,9,"045037",4.2
143.93,-26.87,1981,10,"045037",13.4
143.93,-26.87,1981,11,"045037",41.6
143.93,-26.87,1981,12,"045037",21.2
143.93,-26.87,1982,1,"045037",38
143.93,-26.87,1982,2,"045037",0
143.93,-26.87,1982,3,"045037",33.8
143.93,-26.87,1982,4,"045037",0
143.93,-26.87,1982,5,"045037",16.2
143.93,-26.87,1982,6,"045037",0
143.93,-26.87,1982,7,"045037",0
143.93,-26.87,1982,8,"045037",2.2
143.93,-26.87,1982,9,"045037",15.2
143.93,-26.87,1982,10,"045037",0
143.93,-26.87,1982,11,"045037",1.8
143.93,-26.87,1982,12,"045037",0
143.93,-26.87,1983,1,"045037",7.6
143.93,-26.87,1983,2,"045037",7.8
143.93,-26.87,1983,3,"045037",84
143.93,-26.87,1983,4,"045037",42.2
143.93,-26.87,1983,5,"045037",165.4
143.93,-26.87,1983,6,"045037",14.6
143.93,-26.87,1983,7,"045037",1.2
143.93,-26.87,1983,8,"045037",29
143.93,-26.87,1983,9,"045037",0.2
143.93,-26.87,1983,10,"045037",0
143.93,-26.87,1983,11,"045037",81.8
143.93,-26.87,1983,12,"045037",22.8
143.93,-26.87,1984,1,"045037",121.1
143.93,-26.87,1984,2,"045037",0
143.93,-26.87,1984,3,"045037",10.4
143.93,-26.87,1984,4,"045037",0
143.93,-26.87,1984,5,"045037",0
143.93,-26.87,1984,6,"045037",23.4
143.93,-26.87,1984,7,"045037",86
143.93,-26.87,1984,8,"045037",0.2
143.93,-26.87,1984,9,"045037",6.4
143.93,-26.87,1984,10,"045037",15.4
143.93,-26.87,1984,11,"045037",5.4
143.93,-26.87,1984,12,"045037",17.9
143.93,-26.87,1985,1,"045037",2
143.93,-26.87,1985,2,"045037",73.2
143.93,-26.87,1985,3,"045037",0
143.93,-26.87,1985,4,"045037",0
143.93,-26.87,1985,5,"045037",0.8
143.93,-26.87,1985,6,"045037",4.4
143.93,-26.87,1985,7,"045037",7.2
143.93,-26.87,1985,8,"045037",39
143.93,-26.87,1985,9,"045037",0
143.93,-26.87,1985,10,"045037",12.6
143.93,-26.87,1985,11,"045037",147.4
143.93,-26.87,1985,12,"045037",19
143.93,-26.87,1986,1,"045037",0
143.93,-26.87,1986,2,"045037",0
143.93,-26.87,1986,3,"045037",0
143.93,-26.87,1986,4,"045037",0
143.93,-26.87,1986,5,"045037",20.5
143.93,-26.87,1986,6,"045037",7
143.93,-26.87,1986,7,"045037",25.5
143.93,-26.87,1986,8,"045037",10.8
143.93,-26.87,1986,9,"045037",2.6
143.93,-26.87,1986,10,"045037",6.6
143.93,-26.87,1986,11,"045037",2.6
143.93,-26.87,1986,12,"045037",1
143.93,-26.87,1987,1,"045037",55.1
143.93,-26.87,1987,2,"045037",80.8
143.93,-26.87,1987,3,"045037",8.4
143.93,-26.87,1987,4,"045037",1.6
143.93,-26.87,1987,5,"045037",13.4
143.93,-26.87,1987,6,"045037",71.6
143.93,-26.87,1987,7,"045037",2
143.93,-26.87,1987,8,"045037",31
143.93,-26.87,1987,9,"045037",6.6
143.93,-26.87,1987,10,"045037",14.4
143.93,-26.87,1987,11,"045037",17.2
143.93,-26.87,1987,12,"045037",18.6
143.93,-26.87,1988,1,"045037",12.2
143.93,-26.87,1988,2,"045037",10.2
143.93,-26.87,1988,3,"045037",49
143.93,-26.87,1988,4,"045037",15
143.93,-26.87,1988,5,"045037",5.1
143.93,-26.87,1988,6,"045037",5.6
143.93,-26.87,1988,7,"045037",17.2
143.93,-26.87,1988,8,"045037",28.8
143.93,-26.87,1988,9,"045037",38.4
143.93,-26.87,1988,10,"045037",1
143.93,-26.87,1988,11,"045037",4.8
143.93,-26.87,1988,12,"045037",28.8
143.93,-26.87,1989,1,"045037",0
143.93,-26.87,1989,2,"045037",3.2
143.93,-26.87,1989,3,"045037",37.4
143.93,-26.87,1989,4,"045037",189.6
143.93,-26.87,1989,5,"045037",223.3
143.93,-26.87,1989,6,"045037",5.2
143.93,-26.87,1989,7,"045037",6
143.93,-26.87,1989,8,"045037",0
143.93,-26.87,1989,9,"045037",0
143.93,-26.87,1989,10,"045037",17.6
143.93,-26.87,1989,11,"045037",0
143.93,-26.87,1989,12,"045037",16.8
143.93,-26.87,1990,1,"045037",36.4
143.93,-26.87,1990,2,"045037",43
143.93,-26.87,1990,3,"045037",83.2
143.93,-26.87,1990,4,"045037",163.8
143.93,-26.87,1990,5,"045037",51.4
143.93,-26.87,1990,6,"045037",22.6
143.93,-26.87,1990,7,"045037",22.2
143.93,-26.87,1990,8,"045037",2.6
143.93,-26.87,1990,9,"045037",0
143.93,-26.87,1990,10,"045037",10
143.93,-26.87,1990,11,"045037",0
143.93,-26.87,1990,12,"045037",0
143.93,-26.87,1991,1,"045037",33.6
143.93,-26.87,1991,2,"045037",88.4
143.93,-26.87,1991,3,"045037",0
143.93,-26.87,1991,4,"045037",0
143.93,-26.87,1991,5,"045037",4.2
143.93,-26.87,1991,6,"045037",5.6
143.93,-26.87,1991,7,"045037",5.8
143.93,-26.87,1991,8,"045037",0
143.93,-26.87,1991,9,"045037",0.4
143.93,-26.87,1991,10,"045037",7.4
143.93,-26.87,1991,11,"045037",60.8
143.93,-26.87,1991,12,"045037",51
143.93,-26.87,1992,1,"045037",23.6
143.93,-26.87,1992,2,"045037",99.2
143.93,-26.87,1992,3,"045037",0
143.93,-26.87,1992,4,"045037",1.6
143.93,-26.87,1992,5,"045037",8.4
143.93,-26.87,1992,6,"045037",0.4
143.93,-26.87,1992,7,"045037",13.4
143.93,-26.87,1992,8,"045037",16.2
143.93,-26.87,1992,9,"045037",7
143.93,-26.87,1992,10,"045037",64.8
143.93,-26.87,1992,11,"045037",16.8
143.93,-26.87,1992,12,"045037",69.4
143.93,-26.87,1993,1,"045037",29.8
143.93,-26.87,1993,2,"045037",16.4
143.93,-26.87,1993,3,"045037",7.2
143.93,-26.87,1993,4,"045037",0.2
143.93,-26.87,1993,5,"045037",4.4
143.93,-26.87,1993,6,"045037",44.8
143.93,-26.87,1993,7,"045037",25.4
143.93,-26.87,1993,8,"045037",34.8
143.93,-26.87,1993,9,"045037",19.2
143.93,-26.87,1993,10,"045037",54.2
143.93,-26.87,1993,11,"045037",5
143.93,-26.87,1993,12,"045037",22.4
143.93,-26.87,1994,1,"045037",47.4
143.93,-26.87,1994,2,"045037",102.6
143.93,-26.87,1994,3,"045037",2
143.93,-26.87,1994,4,"045037",0
143.93,-26.87,1994,5,"045037",0
143.93,-26.87,1994,6,"045037",16.8
143.93,-26.87,1994,7,"045037",3
143.93,-26.87,1994,8,"045037",0
143.93,-26.87,1994,9,"045037",0
143.93,-26.87,1994,10,"045037",18.6
143.93,-26.87,1994,11,"045037",50.8
143.93,-26.87,1994,12,"045037",9.4
143.93,-26.87,1995,1,"045037",62.8
143.93,-26.87,1995,2,"045037",21.6
143.93,-26.87,1995,3,"045037",16.2
143.93,-26.87,1995,4,"045037",0
143.93,-26.87,1995,5,"045037",68.4
143.93,-26.87,1995,6,"045037",21.8
143.93,-26.87,1995,7,"045037",1.8
143.93,-26.87,1995,8,"045037",0.8
143.93,-26.87,1995,9,"045037",46.7
143.93,-26.87,1995,10,"045037",28.6
143.93,-26.87,1995,11,"045037",50.2
143.93,-26.87,1995,12,"045037",7.2
143.93,-26.87,1996,1,"045037",91.4
143.93,-26.87,1996,2,"045037",13.2
143.93,-26.87,1996,3,"045037",23
143.93,-26.87,1996,4,"045037",0
143.93,-26.87,1996,5,"045037",1.2
143.93,-26.87,1996,6,"045037",11.6
143.93,-26.87,1996,7,"045037",63.6
143.93,-26.87,1996,8,"045037",44
143.93,-26.87,1996,9,"045037",17.6
143.93,-26.87,1996,10,"045037",62.8
143.93,-26.87,1996,11,"045037",15.6
143.93,-26.87,1996,12,"045037",50.6
143.93,-26.87,1997,1,"045037",33
143.93,-26.87,1997,2,"045037",46.4
143.93,-26.87,1997,3,"045037",100.6
143.93,-26.87,1997,4,"045037",0
143.93,-26.87,1997,5,"045037",32.2
143.93,-26.87,1997,6,"045037",15
143.93,-26.87,1997,7,"045037",5
143.93,-26.87,1997,8,"045037",0
143.93,-26.87,1997,9,"045037",19.4
143.93,-26.87,1997,10,"045037",1.6
143.93,-26.87,1997,11,"045037",20.4
143.93,-26.87,1997,12,"045037",26.4
143.93,-26.87,1998,1,"045037",180
143.93,-26.87,1998,2,"045037",43.4
143.93,-26.87,1998,3,"045037",2.8
143.93,-26.87,1998,4,"045037",115.8
143.93,-26.87,1998,5,"045037",6.2
143.93,-26.87,1998,6,"045037",53.1
143.93,-26.87,1998,7,"045037",54.6
143.93,-26.87,1998,8,"045037",22
143.93,-26.87,1998,9,"045037",23.8
143.93,-26.87,1998,10,"045037",4.2
143.93,-26.87,1998,11,"045037",65.4
143.93,-26.87,1998,12,"045037",0.4
143.93,-26.87,1999,1,"045037",29
143.93,-26.87,1999,2,"045037",51.2
143.93,-26.87,1999,3,"045037",17.4
143.93,-26.87,1999,4,"045037",32.2
143.93,-26.87,1999,5,"045037",42.8
143.93,-26.87,1999,6,"045037",17.4
143.93,-26.87,1999,7,"045037",3.2
143.93,-26.87,1999,8,"045037",2.4
143.93,-26.87,1999,9,"045037",2
143.93,-26.87,1999,10,"045037",20
143.93,-26.87,1999,11,"045037",75.2
143.93,-26.87,1999,12,"045037",NA
143.93,-26.87,2000,1,"045037",4.2
143.93,-26.87,2000,2,"045037",92
143.93,-26.87,2000,3,"045037",84
143.93,-26.87,2000,4,"045037",105
143.93,-26.87,2000,5,"045037",20.4
143.93,-26.87,2000,6,"045037",0
143.93,-26.87,2000,7,"045037",0
143.93,-26.87,2000,8,"045037",32.6
143.93,-26.87,2000,9,"045037",0
143.93,-26.87,2000,10,"045037",69.2
143.93,-26.87,2000,11,"045037",NA
143.93,-26.87,2000,12,"045037",27.4
143.93,-26.87,2001,1,"045037",24
143.93,-26.87,2001,2,"045037",38
143.93,-26.87,2001,3,"045037",NA
143.93,-26.87,2001,4,"045037",1
143.93,-26.87,2001,5,"045037",0
143.93,-26.87,2001,6,"045037",25
143.93,-26.87,2001,7,"045037",0
143.93,-26.87,2001,8,"045037",0
143.93,-26.87,2001,9,"045037",0
143.93,-26.87,2001,10,"045037",30
143.93,-26.87,2001,11,"045037",85.2
143.93,-26.87,2001,12,"045037",2
143.93,-26.87,2002,1,"045037",37.8
143.93,-26.87,2002,2,"045037",55.6
143.93,-26.87,2002,3,"045037",9
143.93,-26.87,2002,4,"045037",7
143.93,-26.87,2002,5,"045037",0
143.93,-26.87,2002,6,"045037",0
143.93,-26.87,2002,7,"045037",0
143.93,-26.87,2002,8,"045037",0
143.93,-26.87,2002,9,"045037",6.4
143.93,-26.87,2002,10,"045037",0
143.93,-26.87,2002,11,"045037",0
143.93,-26.87,2002,12,"045037",4
143.93,-26.87,2003,1,"045037",4.2
143.93,-26.87,2003,2,"045037",56.8
143.93,-26.87,2003,3,"045037",10.2
143.93,-26.87,2003,4,"045037",10.8
143.93,-26.87,2003,5,"045037",10.4
143.93,-26.87,2003,6,"045037",17.4
143.93,-26.87,2003,7,"045037",24
143.93,-26.87,2003,8,"045037",26.2
143.93,-26.87,2003,9,"045037",11
143.93,-26.87,2003,10,"045037",0
143.93,-26.87,2003,11,"045037",15.4
143.93,-26.87,2003,12,"045037",24
143.93,-26.87,2004,1,"045037",NA
143.93,-26.87,2004,2,"045037",14.8
143.93,-26.87,2004,3,"045037",27
143.93,-26.87,2004,4,"045037",0
143.93,-26.87,2004,5,"045037",50.1
143.93,-26.87,2004,6,"045037",1
143.93,-26.87,2004,7,"045037",0
143.93,-26.87,2004,8,"045037",13.4
143.93,-26.87,2004,9,"045037",9
143.93,-26.87,2004,10,"045037",0
143.93,-26.87,2004,11,"045037",54
143.93,-26.87,2004,12,"045037",13
143.93,-26.87,2005,1,"045037",0
143.93,-26.87,2005,2,"045037",16.6
143.93,-26.87,2005,3,"045037",0
143.93,-26.87,2005,4,"045037",0.4
143.93,-26.87,2005,5,"045037",17.8
143.93,-26.87,2005,6,"045037",84.9
143.93,-26.87,2005,7,"045037",0
143.93,-26.87,2005,8,"045037",26
143.93,-26.87,2005,9,"045037",4.6
143.93,-26.87,2005,10,"045037",15
143.93,-26.87,2005,11,"045037",4.4
143.93,-26.87,2005,12,"045037",8.6
143.93,-26.87,2006,1,"045037",1.6
143.93,-26.87,2006,2,"045037",16.2
143.93,-26.87,2006,3,"045037",5.6
143.93,-26.87,2006,4,"045037",0
143.93,-26.87,2006,5,"045037",0
143.93,-26.87,2006,6,"045037",17.6
143.93,-26.87,2006,7,"045037",62.4
143.93,-26.87,2006,8,"045037",0
143.93,-26.87,2006,9,"045037",0
143.93,-26.87,2006,10,"045037",0
143.93,-26.87,2006,11,"045037",4.4
143.93,-26.87,2006,12,"045037",61
143.93,-26.87,2007,1,"045037",114.6
143.93,-26.87,2007,2,"045037",3.6
143.93,-26.87,2007,3,"045037",25.4
143.93,-26.87,2007,4,"045037",3.6
143.93,-26.87,2007,5,"045037",20
143.93,-26.87,2007,6,"045037",4.2
143.93,-26.87,2007,7,"045037",0
143.93,-26.87,2007,8,"045037",0
143.93,-26.87,2007,9,"045037",0
143.93,-26.87,2007,10,"045037",25
143.93,-26.87,2007,11,"045037",64.8
143.93,-26.87,2007,12,"045037",29.6
143.93,-26.87,2008,1,"045037",17
143.93,-26.87,2008,2,"045037",26.4
143.93,-26.87,2008,3,"045037",0
143.93,-26.87,2008,4,"045037",0
143.93,-26.87,2008,5,"045037",1.6
143.93,-26.87,2008,6,"045037",13.4
143.93,-26.87,2008,7,"045037",0
143.93,-26.87,2008,8,"045037",27
143.93,-26.87,2008,9,"045037",13.6
143.93,-26.87,2008,10,"045037",2.2
143.93,-26.87,2008,11,"045037",52
143.93,-26.87,2008,12,"045037",32
143.93,-26.87,2009,1,"045037",NA
143.93,-26.87,2009,2,"045037",7.2
143.93,-26.87,2009,3,"045037",0
143.93,-26.87,2009,4,"045037",62.2
143.93,-26.87,2009,5,"045037",10
143.93,-26.87,2009,6,"045037",15.8
143.93,-26.87,2009,7,"045037",0.4
143.93,-26.87,2009,8,"045037",0.4
143.93,-26.87,2009,9,"045037",0
143.93,-26.87,2009,10,"045037",32.4
143.93,-26.87,2009,11,"045037",12.4
143.93,-26.87,2009,12,"045037",62.6
143.93,-26.87,2010,1,"045037",15.6
143.93,-26.87,2010,2,"045037",215
143.93,-26.87,2010,3,"045037",180
143.93,-26.87,2010,4,"045037",10
143.93,-26.87,2010,5,"045037",16.8
143.93,-26.87,2010,6,"045037",NA
143.93,-26.87,2010,7,"045037",61.8
143.93,-26.87,2010,8,"045037",35
143.93,-26.87,2010,9,"045037",23.6
143.93,-26.87,2010,10,"045037",80.6
143.93,-26.87,2010,11,"045037",106.4
143.93,-26.87,2010,12,"045037",80.8
143.93,-26.87,2011,1,"045037",73
143.93,-26.87,2011,2,"045037",48.2
143.93,-26.87,2011,3,"045037",124
143.93,-26.87,2011,4,"045037",3.8
143.93,-26.87,2011,5,"045037",0.4
143.93,-26.87,2011,6,"045037",0.8
143.93,-26.87,2011,7,"045037",43
143.93,-26.87,2011,8,"045037",0
143.93,-26.87,2011,9,"045037",15.2
143.93,-26.87,2011,10,"045037",3.2
143.93,-26.87,2011,11,"045037",82.6
143.93,-26.87,2011,12,"045037",140.4
143.93,-26.87,2012,1,"045037",54.8
143.93,-26.87,2012,2,"045037",34.6
143.93,-26.87,2012,3,"045037",102.2
143.93,-26.87,2012,4,"045037",5.4
143.93,-26.87,2012,5,"045037",34.8
143.93,-26.87,2012,6,"045037",16.6
143.93,-26.87,2012,7,"045037",23.4
143.93,-26.87,2012,8,"045037",0.2
143.93,-26.87,2012,9,"045037",0
143.93,-26.87,2012,10,"045037",1.4
143.93,-26.87,2012,11,"045037",17
143.93,-26.87,2012,12,"045037",0
143.93,-26.87,2013,1,"045037",2.8
143.93,-26.87,2013,2,"045037",29.8
143.93,-26.87,2013,3,"045037",55.8
143.93,-26.87,2013,4,"045037",9
143.93,-26.87,2013,5,"045037",29
143.93,-26.87,2013,6,"045037",0
143.93,-26.87,2013,7,"045037",26.5
143.93,-26.87,2013,8,"045037",0
143.93,-26.87,2013,9,"045037",0.4
143.93,-26.87,2013,10,"045037",0
143.93,-26.87,2013,11,"045037",1.4
143.93,-26.87,2013,12,"045037",18.3
143.93,-26.87,2014,1,"045037",0.2
143.93,-26.87,2014,2,"045037",99.9
143.93,-26.87,2014,3,"045037",9.6
143.93,-26.87,2014,4,"045037",20
143.93,-26.87,2014,5,"045037",0
143.93,-26.87,2014,6,"045037",22
143.93,-26.87,2014,7,"045037",0
143.93,-26.87,2014,8,"045037",51.6
143.93,-26.87,2014,9,"045037",7
143.93,-26.87,2014,10,"045037",7.8
143.93,-26.87,2014,11,"045037",6.6
143.93,-26.87,2014,12,"045037",40.3
143.93,-26.87,2015,1,"045037",39.2
143.93,-26.87,2015,2,"045037",11
143.93,-26.87,2015,3,"045037",2
143.93,-26.87,2015,4,"045037",0.4
143.93,-26.87,2015,5,"045037",8
143.93,-26.87,2015,6,"045037",19.8
143.93,-26.87,2015,7,"045037",19.4
143.93,-26.87,2015,8,"045037",5
143.93,-26.87,2015,9,"045037",0
143.93,-26.87,2015,10,"045037",1
143.93,-26.87,2015,11,"045037",35.6
143.93,-26.87,2015,12,"045037",19.3
143.93,-26.87,2016,1,"045037",81.4
143.93,-26.87,2016,2,"045037",15.1
143.93,-26.87,2016,3,"045037",29
143.93,-26.87,2016,4,"045037",0.4
143.93,-26.87,2016,5,"045037",22
143.93,-26.87,2016,6,"045037",65.5
143.93,-26.87,2016,7,"045037",32.6
143.93,-26.87,2016,8,"045037",32.1
143.93,-26.87,2016,9,"045037",94.7
143.93,-26.87,2016,10,"045037",6.5
143.93,-26.87,2016,11,"045037",15
143.93,-26.87,2016,12,"045037",53.8
143.93,-26.87,2017,1,"045037",48
143.93,-26.87,2017,2,"045037",0
143.93,-26.87,2017,3,"045037",0
143.93,-26.87,2017,4,"045037",5
143.93,-26.87,2017,5,"045037",33.5
143.93,-26.87,2017,6,"045037",1.5
143.93,-26.87,2017,7,"045037",0
143.93,-26.87,2017,8,"045037",1.2
143.93,-26.87,2017,9,"045037",0
143.93,-26.87,2017,10,"045037",53.2
143.93,-26.87,2017,11,"045037",4
143.93,-26.87,2017,12,"045037",15
143.93,-26.87,2018,1,"045037",1.2
143.93,-26.87,2018,2,"045037",31
143.93,-26.87,2018,3,"045037",85
143.93,-26.87,2018,4,"045037",3
143.93,-26.87,2018,5,"045037",0
143.93,-26.87,2018,6,"045037",5
143.93,-26.87,2018,7,"045037",10
143.93,-26.87,2018,8,"045037",0
143.93,-26.87,2018,9,"045037",0
143.93,-26.87,2018,10,"045037",20.8
143.93,-26.87,2018,11,"045037",36.9
143.93,-26.87,2018,12,"045037",12
