"Lon","Lat","Year","Month","Station","Rain"
146.99,-37.36,1960,1,"085255",NA
146.99,-37.36,1960,2,"085255",NA
146.99,-37.36,1960,3,"085255",29.2
146.99,-37.36,1960,4,"085255",73.5
146.99,-37.36,1960,5,"085255",129.9
146.99,-37.36,1960,6,"085255",45.8
146.99,-37.36,1960,7,"085255",110.4
146.99,-37.36,1960,8,"085255",56.1
146.99,-37.36,1960,9,"085255",54
146.99,-37.36,1960,10,"085255",39.1
146.99,-37.36,1960,11,"085255",66.1
146.99,-37.36,1960,12,"085255",81.2
146.99,-37.36,1961,1,"085255",40.6
146.99,-37.36,1961,2,"085255",29.2
146.99,-37.36,1961,3,"085255",60.9
146.99,-37.36,1961,4,"085255",57.5
146.99,-37.36,1961,5,"085255",22.9
146.99,-37.36,1961,6,"085255",50
146.99,-37.36,1961,7,"085255",42.8
146.99,-37.36,1961,8,"085255",81.4
146.99,-37.36,1961,9,"085255",84.1
146.99,-37.36,1961,10,"085255",83.8
146.99,-37.36,1961,11,"085255",33.2
146.99,-37.36,1961,12,"085255",84.1
146.99,-37.36,1962,1,"085255",121.6
146.99,-37.36,1962,2,"085255",28
146.99,-37.36,1962,3,"085255",42.2
146.99,-37.36,1962,4,"085255",19.5
146.99,-37.36,1962,5,"085255",88
146.99,-37.36,1962,6,"085255",48.3
146.99,-37.36,1962,7,"085255",27.8
146.99,-37.36,1962,8,"085255",78.1
146.99,-37.36,1962,9,"085255",64.3
146.99,-37.36,1962,10,"085255",78.1
146.99,-37.36,1962,11,"085255",40.9
146.99,-37.36,1962,12,"085255",73.1
146.99,-37.36,1963,1,"085255",105.2
146.99,-37.36,1963,2,"085255",9.3
146.99,-37.36,1963,3,"085255",35.8
146.99,-37.36,1963,4,"085255",27.4
146.99,-37.36,1963,5,"085255",115.5
146.99,-37.36,1963,6,"085255",27
146.99,-37.36,1963,7,"085255",50.2
146.99,-37.36,1963,8,"085255",61.9
146.99,-37.36,1963,9,"085255",81.8
146.99,-37.36,1963,10,"085255",48.8
146.99,-37.36,1963,11,"085255",52.1
146.99,-37.36,1963,12,"085255",32
146.99,-37.36,1964,1,"085255",8.9
146.99,-37.36,1964,2,"085255",54.4
146.99,-37.36,1964,3,"085255",28.8
146.99,-37.36,1964,4,"085255",82
146.99,-37.36,1964,5,"085255",30.5
146.99,-37.36,1964,6,"085255",59.7
146.99,-37.36,1964,7,"085255",151.7
146.99,-37.36,1964,8,"085255",49.1
146.99,-37.36,1964,9,"085255",75.8
146.99,-37.36,1964,10,"085255",114.5
146.99,-37.36,1964,11,"085255",26.7
146.99,-37.36,1964,12,"085255",59.3
146.99,-37.36,1965,1,"085255",6.4
146.99,-37.36,1965,2,"085255",5.6
146.99,-37.36,1965,3,"085255",15.2
146.99,-37.36,1965,4,"085255",52.5
146.99,-37.36,1965,5,"085255",21
146.99,-37.36,1965,6,"085255",15.7
146.99,-37.36,1965,7,"085255",53.4
146.99,-37.36,1965,8,"085255",82.3
146.99,-37.36,1965,9,"085255",61.9
146.99,-37.36,1965,10,"085255",62.4
146.99,-37.36,1965,11,"085255",85.8
146.99,-37.36,1965,12,"085255",29.7
146.99,-37.36,1966,1,"085255",22.5
146.99,-37.36,1966,2,"085255",23.4
146.99,-37.36,1966,3,"085255",81.9
146.99,-37.36,1966,4,"085255",33.3
146.99,-37.36,1966,5,"085255",40.2
146.99,-37.36,1966,6,"085255",43.9
146.99,-37.36,1966,7,"085255",78.8
146.99,-37.36,1966,8,"085255",69.4
146.99,-37.36,1966,9,"085255",79.2
146.99,-37.36,1966,10,"085255",103.6
146.99,-37.36,1966,11,"085255",72
146.99,-37.36,1966,12,"085255",179.3
146.99,-37.36,1967,1,"085255",37.4
146.99,-37.36,1967,2,"085255",5.1
146.99,-37.36,1967,3,"085255",62.5
146.99,-37.36,1967,4,"085255",7.1
146.99,-37.36,1967,5,"085255",25.2
146.99,-37.36,1967,6,"085255",16.9
146.99,-37.36,1967,7,"085255",45
146.99,-37.36,1967,8,"085255",73.9
146.99,-37.36,1967,9,"085255",47.4
146.99,-37.36,1967,10,"085255",49.8
146.99,-37.36,1967,11,"085255",27.2
146.99,-37.36,1967,12,"085255",40.5
146.99,-37.36,1968,1,"085255",31.7
146.99,-37.36,1968,2,"085255",5.1
146.99,-37.36,1968,3,"085255",23.7
146.99,-37.36,1968,4,"085255",52.3
146.99,-37.36,1968,5,"085255",90.1
146.99,-37.36,1968,6,"085255",42.2
146.99,-37.36,1968,7,"085255",40.8
146.99,-37.36,1968,8,"085255",103.7
146.99,-37.36,1968,9,"085255",41.1
146.99,-37.36,1968,10,"085255",89.4
146.99,-37.36,1968,11,"085255",44.9
146.99,-37.36,1968,12,"085255",168.6
146.99,-37.36,1969,1,"085255",26.2
146.99,-37.36,1969,2,"085255",95.7
146.99,-37.36,1969,3,"085255",51
146.99,-37.36,1969,4,"085255",54.1
146.99,-37.36,1969,5,"085255",54.2
146.99,-37.36,1969,6,"085255",70.2
146.99,-37.36,1969,7,"085255",34.5
146.99,-37.36,1969,8,"085255",55.9
146.99,-37.36,1969,9,"085255",57.1
146.99,-37.36,1969,10,"085255",52.4
146.99,-37.36,1969,11,"085255",96.5
146.99,-37.36,1969,12,"085255",56.3
146.99,-37.36,1970,1,"085255",72.3
146.99,-37.36,1970,2,"085255",16.5
146.99,-37.36,1970,3,"085255",114.8
146.99,-37.36,1970,4,"085255",79.3
146.99,-37.36,1970,5,"085255",87.1
146.99,-37.36,1970,6,"085255",46.2
146.99,-37.36,1970,7,"085255",41.6
146.99,-37.36,1970,8,"085255",179.5
146.99,-37.36,1970,9,"085255",44.7
146.99,-37.36,1970,10,"085255",18.4
146.99,-37.36,1970,11,"085255",63.6
146.99,-37.36,1970,12,"085255",64
146.99,-37.36,1971,1,"085255",86.7
146.99,-37.36,1971,2,"085255",42.5
146.99,-37.36,1971,3,"085255",16.8
146.99,-37.36,1971,4,"085255",39.4
146.99,-37.36,1971,5,"085255",61.4
146.99,-37.36,1971,6,"085255",42.7
146.99,-37.36,1971,7,"085255",19
146.99,-37.36,1971,8,"085255",47.4
146.99,-37.36,1971,9,"085255",54.3
146.99,-37.36,1971,10,"085255",92.6
146.99,-37.36,1971,11,"085255",87.3
146.99,-37.36,1971,12,"085255",92.1
146.99,-37.36,1972,1,"085255",115.8
146.99,-37.36,1972,2,"085255",66.7
146.99,-37.36,1972,3,"085255",1.3
146.99,-37.36,1972,4,"085255",40.8
146.99,-37.36,1972,5,"085255",22.3
146.99,-37.36,1972,6,"085255",35.6
146.99,-37.36,1972,7,"085255",30.5
146.99,-37.36,1972,8,"085255",39.2
146.99,-37.36,1972,9,"085255",18.5
146.99,-37.36,1972,10,"085255",21.9
146.99,-37.36,1972,11,"085255",79.4
146.99,-37.36,1972,12,"085255",0
146.99,-37.36,1973,1,"085255",48
146.99,-37.36,1973,2,"085255",179.7
146.99,-37.36,1973,3,"085255",61.5
146.99,-37.36,1973,4,"085255",39.5
146.99,-37.36,1973,5,"085255",12.7
146.99,-37.36,1973,6,"085255",46.3
146.99,-37.36,1973,7,"085255",51
146.99,-37.36,1973,8,"085255",100.5
146.99,-37.36,1973,9,"085255",95.7
146.99,-37.36,1973,10,"085255",104.1
146.99,-37.36,1973,11,"085255",62.6
146.99,-37.36,1973,12,"085255",57.2
146.99,-37.36,1974,1,"085255",64
146.99,-37.36,1974,2,"085255",34.8
146.99,-37.36,1974,3,"085255",65
146.99,-37.36,1974,4,"085255",69.3
146.99,-37.36,1974,5,"085255",163.7
146.99,-37.36,1974,6,"085255",49.6
146.99,-37.36,1974,7,"085255",104.4
146.99,-37.36,1974,8,"085255",113.6
146.99,-37.36,1974,9,"085255",63.2
146.99,-37.36,1974,10,"085255",95.6
146.99,-37.36,1974,11,"085255",85.4
146.99,-37.36,1974,12,"085255",38.8
146.99,-37.36,1975,1,"085255",41.8
146.99,-37.36,1975,2,"085255",24.6
146.99,-37.36,1975,3,"085255",61.8
146.99,-37.36,1975,4,"085255",21.8
146.99,-37.36,1975,5,"085255",28
146.99,-37.36,1975,6,"085255",59.2
146.99,-37.36,1975,7,"085255",59.8
146.99,-37.36,1975,8,"085255",72.4
146.99,-37.36,1975,9,"085255",95.4
146.99,-37.36,1975,10,"085255",73.8
146.99,-37.36,1975,11,"085255",43.6
146.99,-37.36,1975,12,"085255",97.9
146.99,-37.36,1976,1,"085255",43.4
146.99,-37.36,1976,2,"085255",19.2
146.99,-37.36,1976,3,"085255",28.2
146.99,-37.36,1976,4,"085255",0
146.99,-37.36,1976,5,"085255",8.5
146.99,-37.36,1976,6,"085255",35
146.99,-37.36,1976,7,"085255",42.5
146.99,-37.36,1976,8,"085255",75.3
146.99,-37.36,1976,9,"085255",57.2
146.99,-37.36,1976,10,"085255",110.2
146.99,-37.36,1976,11,"085255",76
146.99,-37.36,1976,12,"085255",59.2
146.99,-37.36,1977,1,"085255",9.6
146.99,-37.36,1977,2,"085255",72.7
146.99,-37.36,1977,3,"085255",29.9
146.99,-37.36,1977,4,"085255",64.2
146.99,-37.36,1977,5,"085255",25
146.99,-37.36,1977,6,"085255",53.4
146.99,-37.36,1977,7,"085255",71.7
146.99,-37.36,1977,8,"085255",53.1
146.99,-37.36,1977,9,"085255",43.2
146.99,-37.36,1977,10,"085255",12
146.99,-37.36,1977,11,"085255",30.4
146.99,-37.36,1977,12,"085255",28.4
146.99,-37.36,1978,1,"085255",26
146.99,-37.36,1978,2,"085255",30
146.99,-37.36,1978,3,"085255",74.8
146.99,-37.36,1978,4,"085255",93.1
146.99,-37.36,1978,5,"085255",65
146.99,-37.36,1978,6,"085255",169.2
146.99,-37.36,1978,7,"085255",30
146.99,-37.36,1978,8,"085255",55.6
146.99,-37.36,1978,9,"085255",79.6
146.99,-37.36,1978,10,"085255",51.6
146.99,-37.36,1978,11,"085255",118.5
146.99,-37.36,1978,12,"085255",109.8
146.99,-37.36,1979,1,"085255",16.6
146.99,-37.36,1979,2,"085255",7
146.99,-37.36,1979,3,"085255",46.8
146.99,-37.36,1979,4,"085255",70.2
146.99,-37.36,1979,5,"085255",28.8
146.99,-37.36,1979,6,"085255",9.6
146.99,-37.36,1979,7,"085255",23.8
146.99,-37.36,1979,8,"085255",54.6
146.99,-37.36,1979,9,"085255",65.6
146.99,-37.36,1979,10,"085255",55.6
146.99,-37.36,1979,11,"085255",61.8
146.99,-37.36,1979,12,"085255",2.8
146.99,-37.36,1980,1,"085255",76.4
146.99,-37.36,1980,2,"085255",0
146.99,-37.36,1980,3,"085255",42
146.99,-37.36,1980,4,"085255",28.2
146.99,-37.36,1980,5,"085255",26.6
146.99,-37.36,1980,6,"085255",40
146.99,-37.36,1980,7,"085255",54
146.99,-37.36,1980,8,"085255",72.2
146.99,-37.36,1980,9,"085255",78.6
146.99,-37.36,1980,10,"085255",86
146.99,-37.36,1980,11,"085255",45.4
146.99,-37.36,1980,12,"085255",53
146.99,-37.36,1981,1,"085255",51.2
146.99,-37.36,1981,2,"085255",57.2
146.99,-37.36,1981,3,"085255",66.2
146.99,-37.36,1981,4,"085255",11.4
146.99,-37.36,1981,5,"085255",67.4
146.99,-37.36,1981,6,"085255",101.6
146.99,-37.36,1981,7,"085255",105
146.99,-37.36,1981,8,"085255",100.4
146.99,-37.36,1981,9,"085255",28.4
146.99,-37.36,1981,10,"085255",88.4
146.99,-37.36,1981,11,"085255",35.6
146.99,-37.36,1981,12,"085255",62.2
146.99,-37.36,1982,1,"085255",138.4
146.99,-37.36,1982,2,"085255",0
146.99,-37.36,1982,3,"085255",76
146.99,-37.36,1982,4,"085255",30
146.99,-37.36,1982,5,"085255",49.2
146.99,-37.36,1982,6,"085255",21.4
146.99,-37.36,1982,7,"085255",2.6
146.99,-37.36,1982,8,"085255",39.6
146.99,-37.36,1982,9,"085255",22.8
146.99,-37.36,1982,10,"085255",28.2
146.99,-37.36,1982,11,"085255",19.4
146.99,-37.36,1982,12,"085255",24.8
146.99,-37.36,1983,1,"085255",27
146.99,-37.36,1983,2,"085255",21
146.99,-37.36,1983,3,"085255",33.8
146.99,-37.36,1983,4,"085255",50.3
146.99,-37.36,1983,5,"085255",84
146.99,-37.36,1983,6,"085255",14.2
146.99,-37.36,1983,7,"085255",81
146.99,-37.36,1983,8,"085255",57.6
146.99,-37.36,1983,9,"085255",68.6
146.99,-37.36,1983,10,"085255",100.2
146.99,-37.36,1983,11,"085255",90
146.99,-37.36,1983,12,"085255",23.8
146.99,-37.36,1984,1,"085255",62.6
146.99,-37.36,1984,2,"085255",51.2
146.99,-37.36,1984,3,"085255",7
146.99,-37.36,1984,4,"085255",45
146.99,-37.36,1984,5,"085255",16
146.99,-37.36,1984,6,"085255",12.8
146.99,-37.36,1984,7,"085255",68.9
146.99,-37.36,1984,8,"085255",119.2
146.99,-37.36,1984,9,"085255",57.4
146.99,-37.36,1984,10,"085255",31.6
146.99,-37.36,1984,11,"085255",7.6
146.99,-37.36,1984,12,"085255",4.4
146.99,-37.36,1985,1,"085255",31.4
146.99,-37.36,1985,2,"085255",23.2
146.99,-37.36,1985,3,"085255",66
146.99,-37.36,1985,4,"085255",57.2
146.99,-37.36,1985,5,"085255",67.4
146.99,-37.36,1985,6,"085255",53.4
146.99,-37.36,1985,7,"085255",32.8
146.99,-37.36,1985,8,"085255",109.8
146.99,-37.36,1985,9,"085255",40
146.99,-37.36,1985,10,"085255",105.8
146.99,-37.36,1985,11,"085255",79
146.99,-37.36,1985,12,"085255",57.8
146.99,-37.36,1986,1,"085255",27.2
146.99,-37.36,1986,2,"085255",32
146.99,-37.36,1986,3,"085255",4
146.99,-37.36,1986,4,"085255",39.6
146.99,-37.36,1986,5,"085255",38.2
146.99,-37.36,1986,6,"085255",8
146.99,-37.36,1986,7,"085255",121.4
146.99,-37.36,1986,8,"085255",40.4
146.99,-37.36,1986,9,"085255",55.4
146.99,-37.36,1986,10,"085255",146.4
146.99,-37.36,1986,11,"085255",35.8
146.99,-37.36,1986,12,"085255",35
146.99,-37.36,1987,1,"085255",27.4
146.99,-37.36,1987,2,"085255",89
146.99,-37.36,1987,3,"085255",45
146.99,-37.36,1987,4,"085255",22
146.99,-37.36,1987,5,"085255",110.8
146.99,-37.36,1987,6,"085255",33.2
146.99,-37.36,1987,7,"085255",135.5
146.99,-37.36,1987,8,"085255",38
146.99,-37.36,1987,9,"085255",34.4
146.99,-37.36,1987,10,"085255",53.1
146.99,-37.36,1987,11,"085255",55.4
146.99,-37.36,1987,12,"085255",38.4
146.99,-37.36,1988,1,"085255",0
146.99,-37.36,1988,2,"085255",0
146.99,-37.36,1988,3,"085255",65.8
146.99,-37.36,1988,4,"085255",36.4
146.99,-37.36,1988,5,"085255",51
146.99,-37.36,1988,6,"085255",48.8
146.99,-37.36,1988,7,"085255",26.4
146.99,-37.36,1988,8,"085255",66
146.99,-37.36,1988,9,"085255",77.6
146.99,-37.36,1988,10,"085255",67.4
146.99,-37.36,1988,11,"085255",161
146.99,-37.36,1988,12,"085255",93.4
146.99,-37.36,1989,1,"085255",12.6
146.99,-37.36,1989,2,"085255",17
146.99,-37.36,1989,3,"085255",96.6
146.99,-37.36,1989,4,"085255",89.8
146.99,-37.36,1989,5,"085255",76
146.99,-37.36,1989,6,"085255",66.6
146.99,-37.36,1989,7,"085255",78.8
146.99,-37.36,1989,8,"085255",50.6
146.99,-37.36,1989,9,"085255",53
146.99,-37.36,1989,10,"085255",73.8
146.99,-37.36,1989,11,"085255",67.5
146.99,-37.36,1989,12,"085255",49.4
146.99,-37.36,1990,1,"085255",3.2
146.99,-37.36,1990,2,"085255",62.2
146.99,-37.36,1990,3,"085255",22.4
146.99,-37.36,1990,4,"085255",151.4
146.99,-37.36,1990,5,"085255",13.6
146.99,-37.36,1990,6,"085255",12
146.99,-37.36,1990,7,"085255",68.8
146.99,-37.36,1990,8,"085255",98.7
146.99,-37.36,1990,9,"085255",90.3
146.99,-37.36,1990,10,"085255",72.1
146.99,-37.36,1990,11,"085255",28
146.99,-37.36,1990,12,"085255",32.8
146.99,-37.36,1991,1,"085255",102
146.99,-37.36,1991,2,"085255",7
146.99,-37.36,1991,3,"085255",21.8
146.99,-37.36,1991,4,"085255",23.8
146.99,-37.36,1991,5,"085255",12.2
146.99,-37.36,1991,6,"085255",107.4
146.99,-37.36,1991,7,"085255",82
146.99,-37.36,1991,8,"085255",122.2
146.99,-37.36,1991,9,"085255",37.6
146.99,-37.36,1991,10,"085255",16
146.99,-37.36,1991,11,"085255",21.6
146.99,-37.36,1991,12,"085255",58
146.99,-37.36,1992,1,"085255",49
146.99,-37.36,1992,2,"085255",31.2
146.99,-37.36,1992,3,"085255",35.8
146.99,-37.36,1992,4,"085255",45.5
146.99,-37.36,1992,5,"085255",23
146.99,-37.36,1992,6,"085255",57.4
146.99,-37.36,1992,7,"085255",21.8
146.99,-37.36,1992,8,"085255",68.6
146.99,-37.36,1992,9,"085255",103.4
146.99,-37.36,1992,10,"085255",89.6
146.99,-37.36,1992,11,"085255",78
146.99,-37.36,1992,12,"085255",90
146.99,-37.36,1993,1,"085255",36.8
146.99,-37.36,1993,2,"085255",61
146.99,-37.36,1993,3,"085255",73.2
146.99,-37.36,1993,4,"085255",5.2
146.99,-37.36,1993,5,"085255",10.3
146.99,-37.36,1993,6,"085255",37.2
146.99,-37.36,1993,7,"085255",92.8
146.99,-37.36,1993,8,"085255",32.2
146.99,-37.36,1993,9,"085255",112.4
146.99,-37.36,1993,10,"085255",84.2
146.99,-37.36,1993,11,"085255",60.8
146.99,-37.36,1993,12,"085255",50.4
146.99,-37.36,1994,1,"085255",22
146.99,-37.36,1994,2,"085255",109
146.99,-37.36,1994,3,"085255",28.6
146.99,-37.36,1994,4,"085255",28.2
146.99,-37.36,1994,5,"085255",30.2
146.99,-37.36,1994,6,"085255",52
146.99,-37.36,1994,7,"085255",6.6
146.99,-37.36,1994,8,"085255",21.2
146.99,-37.36,1994,9,"085255",28
146.99,-37.36,1994,10,"085255",46.8
146.99,-37.36,1994,11,"085255",96.8
146.99,-37.36,1994,12,"085255",27
146.99,-37.36,1995,1,"085255",100.8
146.99,-37.36,1995,2,"085255",12
146.99,-37.36,1995,3,"085255",27.2
146.99,-37.36,1995,4,"085255",34.8
146.99,-37.36,1995,5,"085255",91.6
146.99,-37.36,1995,6,"085255",62.8
146.99,-37.36,1995,7,"085255",55.4
146.99,-37.36,1995,8,"085255",16.4
146.99,-37.36,1995,9,"085255",44.4
146.99,-37.36,1995,10,"085255",116.8
146.99,-37.36,1995,11,"085255",60
146.99,-37.36,1995,12,"085255",80
146.99,-37.36,1996,1,"085255",121
146.99,-37.36,1996,2,"085255",88.2
146.99,-37.36,1996,3,"085255",25.6
146.99,-37.36,1996,4,"085255",52.8
146.99,-37.36,1996,5,"085255",21
146.99,-37.36,1996,6,"085255",27.1
146.99,-37.36,1996,7,"085255",52.6
146.99,-37.36,1996,8,"085255",75.2
146.99,-37.36,1996,9,"085255",115.4
146.99,-37.36,1996,10,"085255",39.9
146.99,-37.36,1996,11,"085255",49.5
146.99,-37.36,1996,12,"085255",56.2
146.99,-37.36,1997,1,"085255",20
146.99,-37.36,1997,2,"085255",14.2
146.99,-37.36,1997,3,"085255",63.2
146.99,-37.36,1997,4,"085255",1
146.99,-37.36,1997,5,"085255",46.1
146.99,-37.36,1997,6,"085255",39.6
146.99,-37.36,1997,7,"085255",26.7
146.99,-37.36,1997,8,"085255",32.2
146.99,-37.36,1997,9,"085255",48.8
146.99,-37.36,1997,10,"085255",39.8
146.99,-37.36,1997,11,"085255",31
146.99,-37.36,1997,12,"085255",15.6
146.99,-37.36,1999,1,"085255",34.7
146.99,-37.36,1999,2,"085255",33
146.99,-37.36,1999,3,"085255",22.6
146.99,-37.36,1999,4,"085255",NA
146.99,-37.36,1999,5,"085255",33.8
146.99,-37.36,1999,6,"085255",37.6
146.99,-37.36,1999,7,"085255",NA
146.99,-37.36,1999,8,"085255",NA
146.99,-37.36,1999,9,"085255",75.3
146.99,-37.36,1999,10,"085255",48.8
146.99,-37.36,1999,11,"085255",32
146.99,-37.36,1999,12,"085255",54.5
146.99,-37.36,2000,1,"085255",34.6
146.99,-37.36,2000,2,"085255",23
146.99,-37.36,2000,3,"085255",NA
146.99,-37.36,2000,4,"085255",33.8
146.99,-37.36,2000,5,"085255",98.6
146.99,-37.36,2000,6,"085255",NA
146.99,-37.36,2000,7,"085255",NA
146.99,-37.36,2000,8,"085255",NA
146.99,-37.36,2000,9,"085255",82.8
146.99,-37.36,2000,10,"085255",NA
146.99,-37.36,2000,11,"085255",NA
146.99,-37.36,2000,12,"085255",16
146.99,-37.36,2001,1,"085255",67.4
146.99,-37.36,2001,2,"085255",NA
146.99,-37.36,2001,3,"085255",34.9
146.99,-37.36,2001,4,"085255",NA
146.99,-37.36,2001,5,"085255",NA
146.99,-37.36,2001,6,"085255",53.7
146.99,-37.36,2001,7,"085255",58.2
146.99,-37.36,2001,8,"085255",NA
146.99,-37.36,2001,9,"085255",60.5
146.99,-37.36,2001,10,"085255",91.9
146.99,-37.36,2001,11,"085255",NA
146.99,-37.36,2001,12,"085255",NA
146.99,-37.36,2002,1,"085255",46.6
146.99,-37.36,2002,2,"085255",66.6
146.99,-37.36,2002,3,"085255",49.3
146.99,-37.36,2002,4,"085255",47.9
146.99,-37.36,2002,5,"085255",13.4
146.99,-37.36,2002,6,"085255",NA
146.99,-37.36,2002,7,"085255",20.4
146.99,-37.36,2002,8,"085255",28.9
146.99,-37.36,2002,9,"085255",71.4
146.99,-37.36,2002,10,"085255",38.1
146.99,-37.36,2002,11,"085255",NA
146.99,-37.36,2002,12,"085255",27.3
146.99,-37.36,2003,1,"085255",NA
146.99,-37.36,2003,2,"085255",21.8
146.99,-37.36,2003,3,"085255",NA
146.99,-37.36,2003,4,"085255",NA
146.99,-37.36,2003,5,"085255",47.3
146.99,-37.36,2003,6,"085255",64.8
146.99,-37.36,2003,7,"085255",109
146.99,-37.36,2003,8,"085255",88.5
146.99,-37.36,2003,9,"085255",49.3
146.99,-37.36,2003,10,"085255",NA
146.99,-37.36,2003,11,"085255",38.2
146.99,-37.36,2003,12,"085255",59.5
146.99,-37.36,2004,1,"085255",32.1
146.99,-37.36,2004,2,"085255",NA
146.99,-37.36,2004,3,"085255",NA
146.99,-37.36,2004,4,"085255",74.9
146.99,-37.36,2004,5,"085255",20
146.99,-37.36,2004,6,"085255",50.4
146.99,-37.36,2004,7,"085255",41.9
146.99,-37.36,2004,8,"085255",41.7
146.99,-37.36,2004,9,"085255",61.2
146.99,-37.36,2004,10,"085255",27.4
146.99,-37.36,2004,11,"085255",72.4
146.99,-37.36,2004,12,"085255",NA
146.99,-37.36,2005,1,"085255",37.8
146.99,-37.36,2005,2,"085255",NA
146.99,-37.36,2005,3,"085255",NA
146.99,-37.36,2005,4,"085255",42.6
146.99,-37.36,2005,5,"085255",2
146.99,-37.36,2005,6,"085255",NA
146.99,-37.36,2005,7,"085255",73.6
146.99,-37.36,2005,8,"085255",125.8
146.99,-37.36,2005,9,"085255",NA
146.99,-37.36,2005,10,"085255",36.8
146.99,-37.36,2005,11,"085255",NA
146.99,-37.36,2005,12,"085255",NA
146.99,-37.36,2006,1,"085255",NA
146.99,-37.36,2006,2,"085255",NA
146.99,-37.36,2006,3,"085255",NA
146.99,-37.36,2006,4,"085255",NA
146.99,-37.36,2006,5,"085255",NA
146.99,-37.36,2006,6,"085255",NA
146.99,-37.36,2006,7,"085255",NA
146.99,-37.36,2006,8,"085255",NA
146.99,-37.36,2006,9,"085255",45.2
146.99,-37.36,2006,10,"085255",NA
146.99,-37.36,2006,11,"085255",NA
146.99,-37.36,2006,12,"085255",24.8
146.99,-37.36,2007,1,"085255",25.9
146.99,-37.36,2007,2,"085255",68.2
146.99,-37.36,2007,3,"085255",45.5
146.99,-37.36,2007,4,"085255",21.8
146.99,-37.36,2007,5,"085255",40.4
146.99,-37.36,2007,6,"085255",212.5
146.99,-37.36,2007,7,"085255",48.4
146.99,-37.36,2007,8,"085255",22
146.99,-37.36,2007,9,"085255",22.8
146.99,-37.36,2007,10,"085255",NA
146.99,-37.36,2007,11,"085255",123.2
146.99,-37.36,2007,12,"085255",69
146.99,-37.36,2008,1,"085255",NA
146.99,-37.36,2008,2,"085255",NA
146.99,-37.36,2008,3,"085255",NA
146.99,-37.36,2008,4,"085255",NA
146.99,-37.36,2008,5,"085255",NA
146.99,-37.36,2008,6,"085255",NA
146.99,-37.36,2008,7,"085255",86.6
146.99,-37.36,2008,8,"085255",21
146.99,-37.36,2008,9,"085255",28.9
146.99,-37.36,2008,10,"085255",7.4
146.99,-37.36,2008,11,"085255",123
146.99,-37.36,2008,12,"085255",NA
146.99,-37.36,2009,1,"085255",21.1
146.99,-37.36,2009,2,"085255",2
146.99,-37.36,2009,3,"085255",46.4
146.99,-37.36,2009,4,"085255",47.6
146.99,-37.36,2009,5,"085255",1.8
146.99,-37.36,2009,6,"085255",22.4
146.99,-37.36,2009,7,"085255",49.6
146.99,-37.36,2009,8,"085255",84.8
146.99,-37.36,2009,9,"085255",96.4
146.99,-37.36,2009,10,"085255",NA
146.99,-37.36,2009,11,"085255",NA
146.99,-37.36,2009,12,"085255",47
146.99,-37.36,2010,1,"085255",23.6
146.99,-37.36,2010,2,"085255",119.8
146.99,-37.36,2010,3,"085255",51.6
146.99,-37.36,2010,4,"085255",25.4
146.99,-37.36,2010,5,"085255",NA
146.99,-37.36,2010,6,"085255",49.2
146.99,-37.36,2010,7,"085255",28.4
146.99,-37.36,2010,8,"085255",92.4
146.99,-37.36,2010,9,"085255",46.5
146.99,-37.36,2010,10,"085255",109.2
146.99,-37.36,2010,11,"085255",106.8
146.99,-37.36,2010,12,"085255",69
146.99,-37.36,2011,1,"085255",65
146.99,-37.36,2011,2,"085255",141.4
146.99,-37.36,2011,3,"085255",61
146.99,-37.36,2011,4,"085255",24.8
146.99,-37.36,2011,5,"085255",19
146.99,-37.36,2011,6,"085255",38.8
146.99,-37.36,2011,7,"085255",41.5
146.99,-37.36,2011,8,"085255",100.5
146.99,-37.36,2011,9,"085255",55.5
146.99,-37.36,2011,10,"085255",NA
146.99,-37.36,2011,11,"085255",NA
146.99,-37.36,2011,12,"085255",NA
146.99,-37.36,2012,1,"085255",NA
146.99,-37.36,2012,2,"085255",NA
146.99,-37.36,2012,3,"085255",NA
146.99,-37.36,2012,4,"085255",NA
146.99,-37.36,2012,5,"085255",NA
146.99,-37.36,2012,6,"085255",182
146.99,-37.36,2012,7,"085255",NA
146.99,-37.36,2012,8,"085255",NA
146.99,-37.36,2012,9,"085255",NA
146.99,-37.36,2012,10,"085255",NA
146.99,-37.36,2012,11,"085255",NA
146.99,-37.36,2012,12,"085255",31
146.99,-37.36,2013,1,"085255",NA
146.99,-37.36,2013,2,"085255",100
146.99,-37.36,2013,3,"085255",55.4
146.99,-37.36,2013,4,"085255",71
146.99,-37.36,2013,5,"085255",20
146.99,-37.36,2013,6,"085255",NA
146.99,-37.36,2013,7,"085255",0
146.99,-37.36,2013,8,"085255",0
146.99,-37.36,2013,9,"085255",NA
146.99,-37.36,2013,10,"085255",NA
146.99,-37.36,2013,11,"085255",23.7
146.99,-37.36,2013,12,"085255",52.3
146.99,-37.36,2015,1,"085255",NA
146.99,-37.36,2015,2,"085255",NA
146.99,-37.36,2015,3,"085255",17.5
146.99,-37.36,2015,4,"085255",NA
146.99,-37.36,2015,5,"085255",NA
146.99,-37.36,2015,6,"085255",NA
146.99,-37.36,2015,7,"085255",NA
146.99,-37.36,2015,8,"085255",65
146.99,-37.36,2015,9,"085255",25.4
146.99,-37.36,2015,10,"085255",75
146.99,-37.36,2015,11,"085255",43.8
146.99,-37.36,2015,12,"085255",48
146.99,-37.36,2016,1,"085255",0
146.99,-37.36,2016,2,"085255",0
146.99,-37.36,2016,3,"085255",117
146.99,-37.36,2016,4,"085255",NA
146.99,-37.36,2016,5,"085255",NA
146.99,-37.36,2016,6,"085255",NA
146.99,-37.36,2016,7,"085255",107
146.99,-37.36,2016,8,"085255",23.4
146.99,-37.36,2016,9,"085255",57.3
146.99,-37.36,2016,10,"085255",68.6
146.99,-37.36,2016,11,"085255",41
146.99,-37.36,2016,12,"085255",28.4
146.99,-37.36,2017,1,"085255",NA
146.99,-37.36,2017,2,"085255",NA
146.99,-37.36,2017,3,"085255",NA
146.99,-37.36,2017,4,"085255",NA
146.99,-37.36,2017,5,"085255",NA
146.99,-37.36,2017,6,"085255",NA
146.99,-37.36,2017,7,"085255",NA
146.99,-37.36,2017,8,"085255",NA
146.99,-37.36,2017,9,"085255",NA
146.99,-37.36,2017,10,"085255",49
146.99,-37.36,2017,11,"085255",15.1
146.99,-37.36,2017,12,"085255",NA
146.99,-37.36,2018,1,"085255",NA
146.99,-37.36,2018,2,"085255",NA
146.99,-37.36,2018,3,"085255",18
146.99,-37.36,2018,4,"085255",0
146.99,-37.36,2018,5,"085255",57.6
146.99,-37.36,2018,6,"085255",50.2
146.99,-37.36,2018,7,"085255",55
146.99,-37.36,2018,8,"085255",42.2
146.99,-37.36,2018,9,"085255",45.6
146.99,-37.36,2018,10,"085255",10
146.99,-37.36,2018,11,"085255",46.6
146.99,-37.36,2018,12,"085255",48
146.99,-37.36,2019,1,"085255",0
146.99,-37.36,2019,2,"085255",31
146.99,-37.36,2019,3,"085255",3.2
146.99,-37.36,2019,4,"085255",41
146.99,-37.36,2019,5,"085255",50.6
146.99,-37.36,2019,6,"085255",63.3
146.99,-37.36,2019,7,"085255",0
146.99,-37.36,2019,8,"085255",85.4
146.99,-37.36,2019,9,"085255",54
146.99,-37.36,2019,10,"085255",15.4
146.99,-37.36,2019,11,"085255",32
146.99,-37.36,2019,12,"085255",33.4
146.99,-37.36,2020,1,"085255",20
146.99,-37.36,2020,2,"085255",88.8
146.99,-37.36,2020,3,"085255",36.6
146.99,-37.36,2020,4,"085255",47.8
146.99,-37.36,2020,5,"085255",79
146.99,-37.36,2020,6,"085255",37
146.99,-37.36,2020,7,"085255",49.6
146.99,-37.36,2020,8,"085255",35
146.99,-37.36,2020,9,"085255",39.8
146.99,-37.36,2020,10,"085255",74
146.99,-37.36,2020,11,"085255",37.2
146.99,-37.36,2020,12,"085255",37.2
146.99,-37.36,2021,1,"085255",66
146.99,-37.36,2021,2,"085255",61
146.99,-37.36,2021,3,"085255",19.6
146.99,-37.36,2021,4,"085255",34
146.99,-37.36,2021,5,"085255",49.8
146.99,-37.36,2021,6,"085255",145.6
146.99,-37.36,2021,7,"085255",35.4
146.99,-37.36,2021,8,"085255",69
146.99,-37.36,2021,9,"085255",74
146.99,-37.36,2021,10,"085255",64.2
146.99,-37.36,2021,11,"085255",90.6
146.99,-37.36,2021,12,"085255",NA
