"Lon","Lat","Year","Month","Station","Rain"
149.38,-29.62,1967,1,"053070",22.4
149.38,-29.62,1967,2,"053070",20
149.38,-29.62,1967,3,"053070",102.9
149.38,-29.62,1967,4,"053070",0
149.38,-29.62,1967,5,"053070",30.5
149.38,-29.62,1967,6,"053070",40.4
149.38,-29.62,1967,7,"053070",25.9
149.38,-29.62,1967,8,"053070",33.6
149.38,-29.62,1967,9,"053070",0
149.38,-29.62,1967,10,"053070",15
149.38,-29.62,1967,11,"053070",2.3
149.38,-29.62,1967,12,"053070",22.8
149.38,-29.62,1968,1,"053070",191.2
149.38,-29.62,1968,2,"053070",26.6
149.38,-29.62,1968,3,"053070",75
149.38,-29.62,1968,4,"053070",21
149.38,-29.62,1968,5,"053070",78.1
149.38,-29.62,1968,6,"053070",3.3
149.38,-29.62,1968,7,"053070",51.8
149.38,-29.62,1968,8,"053070",31.8
149.38,-29.62,1968,9,"053070",34.8
149.38,-29.62,1968,10,"053070",9.4
149.38,-29.62,1968,11,"053070",19.5
149.38,-29.62,1968,12,"053070",44.6
149.38,-29.62,1969,1,"053070",5.6
149.38,-29.62,1969,2,"053070",0
149.38,-29.62,1969,3,"053070",77.6
149.38,-29.62,1969,4,"053070",56.9
149.38,-29.62,1969,5,"053070",82
149.38,-29.62,1969,6,"053070",33
149.38,-29.62,1969,7,"053070",41.9
149.38,-29.62,1969,8,"053070",44.4
149.38,-29.62,1969,9,"053070",44.3
149.38,-29.62,1969,10,"053070",117.4
149.38,-29.62,1969,11,"053070",84.9
149.38,-29.62,1969,12,"053070",20.1
149.38,-29.62,1970,1,"053070",107.9
149.38,-29.62,1970,2,"053070",20.9
149.38,-29.62,1970,3,"053070",6.4
149.38,-29.62,1970,4,"053070",38.6
149.38,-29.62,1970,5,"053070",26.2
149.38,-29.62,1970,6,"053070",10.4
149.38,-29.62,1970,7,"053070",0
149.38,-29.62,1970,8,"053070",11.7
149.38,-29.62,1970,9,"053070",106.9
149.38,-29.62,1970,10,"053070",24.9
149.38,-29.62,1970,11,"053070",54.1
149.38,-29.62,1970,12,"053070",145.3
149.38,-29.62,1971,1,"053070",112.5
149.38,-29.62,1971,2,"053070",173
149.38,-29.62,1971,3,"053070",5.1
149.38,-29.62,1971,4,"053070",0
149.38,-29.62,1971,5,"053070",3.5
149.38,-29.62,1971,6,"053070",0
149.38,-29.62,1971,7,"053070",79.7
149.38,-29.62,1971,8,"053070",67.8
149.38,-29.62,1971,9,"053070",29.1
149.38,-29.62,1971,10,"053070",23.9
149.38,-29.62,1971,11,"053070",41.1
149.38,-29.62,1971,12,"053070",14.5
149.38,-29.62,1972,1,"053070",67.6
149.38,-29.62,1972,2,"053070",0
149.38,-29.62,1972,3,"053070",16.3
149.38,-29.62,1972,4,"053070",20.8
149.38,-29.62,1972,5,"053070",0
149.38,-29.62,1972,6,"053070",20.3
149.38,-29.62,1972,7,"053070",0
149.38,-29.62,1972,8,"053070",8.4
149.38,-29.62,1972,9,"053070",7.1
149.38,-29.62,1972,10,"053070",26.9
149.38,-29.62,1972,11,"053070",63.7
149.38,-29.62,1972,12,"053070",13
149.38,-29.62,1973,1,"053070",79.5
149.38,-29.62,1973,2,"053070",80.6
149.38,-29.62,1973,3,"053070",8.9
149.38,-29.62,1973,4,"053070",3.3
149.38,-29.62,1973,5,"053070",19.6
149.38,-29.62,1973,6,"053070",4.8
149.38,-29.62,1973,7,"053070",51.1
149.38,-29.62,1973,8,"053070",20.8
149.38,-29.62,1973,9,"053070",46
149.38,-29.62,1973,10,"053070",78.7
149.38,-29.62,1973,11,"053070",90.8
149.38,-29.62,1973,12,"053070",101.3
149.38,-29.62,1974,1,"053070",300
149.38,-29.62,1974,2,"053070",10
149.38,-29.62,1974,3,"053070",20.6
149.38,-29.62,1974,4,"053070",83.2
149.38,-29.62,1974,5,"053070",38
149.38,-29.62,1974,6,"053070",29
149.38,-29.62,1974,7,"053070",51.2
149.38,-29.62,1974,8,"053070",10.6
149.38,-29.62,1974,9,"053070",3.8
149.38,-29.62,1974,10,"053070",49.6
149.38,-29.62,1974,11,"053070",15.7
149.38,-29.62,1974,12,"053070",1.5
149.38,-29.62,1975,1,"053070",13.2
149.38,-29.62,1975,2,"053070",149
149.38,-29.62,1975,3,"053070",152
149.38,-29.62,1975,4,"053070",44.9
149.38,-29.62,1975,5,"053070",0
149.38,-29.62,1975,6,"053070",34.7
149.38,-29.62,1975,7,"053070",29
149.38,-29.62,1975,8,"053070",15.2
149.38,-29.62,1975,9,"053070",15.5
149.38,-29.62,1975,10,"053070",95.6
149.38,-29.62,1975,11,"053070",16
149.38,-29.62,1975,12,"053070",56.7
149.38,-29.62,1976,1,"053070",126
149.38,-29.62,1976,2,"053070",279.3
149.38,-29.62,1976,3,"053070",24
149.38,-29.62,1976,4,"053070",0
149.38,-29.62,1976,5,"053070",24.5
149.38,-29.62,1976,6,"053070",61.8
149.38,-29.62,1976,7,"053070",54.7
149.38,-29.62,1976,8,"053070",12.4
149.38,-29.62,1976,9,"053070",15.5
149.38,-29.62,1976,10,"053070",30.5
149.38,-29.62,1976,11,"053070",36.3
149.38,-29.62,1976,12,"053070",10.5
149.38,-29.62,1977,1,"053070",38.8
149.38,-29.62,1977,2,"053070",131.2
149.38,-29.62,1977,3,"053070",54.8
149.38,-29.62,1977,4,"053070",45
149.38,-29.62,1977,5,"053070",108.6
149.38,-29.62,1977,6,"053070",16.4
149.38,-29.62,1977,7,"053070",3
149.38,-29.62,1977,8,"053070",15
149.38,-29.62,1977,9,"053070",15.2
149.38,-29.62,1977,10,"053070",21.9
149.38,-29.62,1977,11,"053070",0
149.38,-29.62,1977,12,"053070",34.6
149.38,-29.62,1978,1,"053070",190
149.38,-29.62,1978,2,"053070",50.2
149.38,-29.62,1978,3,"053070",49
149.38,-29.62,1978,4,"053070",0
149.38,-29.62,1978,5,"053070",93.8
149.38,-29.62,1978,6,"053070",46.5
149.38,-29.62,1978,7,"053070",36.5
149.38,-29.62,1978,8,"053070",25.7
149.38,-29.62,1978,9,"053070",69.5
149.38,-29.62,1978,10,"053070",0
149.38,-29.62,1978,11,"053070",120
149.38,-29.62,1978,12,"053070",63
149.38,-29.62,1979,1,"053070",46.6
149.38,-29.62,1979,2,"053070",12
149.38,-29.62,1979,3,"053070",23.6
149.38,-29.62,1979,4,"053070",3.5
149.38,-29.62,1979,5,"053070",50.6
149.38,-29.62,1979,6,"053070",50.4
149.38,-29.62,1979,7,"053070",9.2
149.38,-29.62,1979,8,"053070",11.3
149.38,-29.62,1979,9,"053070",89.6
149.38,-29.62,1979,10,"053070",99
149.38,-29.62,1979,11,"053070",56.8
149.38,-29.62,1979,12,"053070",0
149.38,-29.62,1980,1,"053070",30.4
149.38,-29.62,1980,2,"053070",30
149.38,-29.62,1980,3,"053070",13.1
149.38,-29.62,1980,4,"053070",2
149.38,-29.62,1980,5,"053070",33.4
149.38,-29.62,1980,6,"053070",4.7
149.38,-29.62,1980,7,"053070",6.4
149.38,-29.62,1980,8,"053070",11.8
149.38,-29.62,1980,9,"053070",0
149.38,-29.62,1980,10,"053070",54.5
149.38,-29.62,1980,11,"053070",15.8
149.38,-29.62,1980,12,"053070",35.2
149.38,-29.62,1981,1,"053070",5.3
149.38,-29.62,1981,2,"053070",74.5
149.38,-29.62,1981,3,"053070",0
149.38,-29.62,1981,4,"053070",18.1
149.38,-29.62,1981,5,"053070",26.6
149.38,-29.62,1981,6,"053070",46.2
149.38,-29.62,1981,7,"053070",48
149.38,-29.62,1981,8,"053070",0
149.38,-29.62,1981,9,"053070",4.2
149.38,-29.62,1981,10,"053070",18.2
149.38,-29.62,1981,11,"053070",68.6
149.38,-29.62,1981,12,"053070",57
149.38,-29.62,1982,1,"053070",130.8
149.38,-29.62,1982,2,"053070",48
149.38,-29.62,1982,3,"053070",120.8
149.38,-29.62,1982,4,"053070",11
149.38,-29.62,1982,5,"053070",11.1
149.38,-29.62,1982,6,"053070",0
149.38,-29.62,1982,7,"053070",7
149.38,-29.62,1982,8,"053070",0
149.38,-29.62,1982,9,"053070",17
149.38,-29.62,1982,10,"053070",46.9
149.38,-29.62,1982,11,"053070",0
149.38,-29.62,1982,12,"053070",31.5
149.38,-29.62,1983,1,"053070",45
149.38,-29.62,1983,2,"053070",1.4
149.38,-29.62,1983,3,"053070",36.2
149.38,-29.62,1983,4,"053070",144.4
149.38,-29.62,1983,5,"053070",152
149.38,-29.62,1983,6,"053070",26.1
149.38,-29.62,1983,7,"053070",11.4
149.38,-29.62,1983,8,"053070",33.4
149.38,-29.62,1983,9,"053070",29.4
149.38,-29.62,1983,10,"053070",103.6
149.38,-29.62,1983,11,"053070",108.6
149.38,-29.62,1983,12,"053070",18.7
149.38,-29.62,1984,1,"053070",193.7
149.38,-29.62,1984,2,"053070",61.4
149.38,-29.62,1984,3,"053070",21
149.38,-29.62,1984,4,"053070",78.7
149.38,-29.62,1984,5,"053070",0
149.38,-29.62,1984,6,"053070",17.5
149.38,-29.62,1984,7,"053070",143.2
149.38,-29.62,1984,8,"053070",17
149.38,-29.62,1984,9,"053070",38.3
149.38,-29.62,1984,10,"053070",20.9
149.38,-29.62,1984,11,"053070",63.6
149.38,-29.62,1984,12,"053070",13.1
149.38,-29.62,1985,1,"053070",10
149.38,-29.62,1985,2,"053070",21.7
149.38,-29.62,1985,3,"053070",62
149.38,-29.62,1985,4,"053070",24.4
149.38,-29.62,1985,5,"053070",5.1
149.38,-29.62,1985,6,"053070",5
149.38,-29.62,1985,7,"053070",105.1
149.38,-29.62,1985,8,"053070",66.5
149.38,-29.62,1985,9,"053070",0
149.38,-29.62,1985,10,"053070",49
149.38,-29.62,1985,11,"053070",60.6
149.38,-29.62,1985,12,"053070",110.6
149.38,-29.62,1986,1,"053070",29.4
149.38,-29.62,1986,2,"053070",17.1
149.38,-29.62,1986,3,"053070",0
149.38,-29.62,1986,4,"053070",12.1
149.38,-29.62,1986,5,"053070",42.4
149.38,-29.62,1986,6,"053070",0
149.38,-29.62,1986,7,"053070",53.5
149.38,-29.62,1986,8,"053070",34.6
149.38,-29.62,1986,9,"053070",98.7
149.38,-29.62,1986,10,"053070",21.8
149.38,-29.62,1986,11,"053070",11.1
149.38,-29.62,1986,12,"053070",21.6
149.38,-29.62,1987,1,"053070",107.9
149.38,-29.62,1987,2,"053070",43
149.38,-29.62,1987,3,"053070",0
149.38,-29.62,1987,4,"053070",0
149.38,-29.62,1987,5,"053070",76.6
149.38,-29.62,1987,6,"053070",22.7
149.38,-29.62,1987,7,"053070",27.6
149.38,-29.62,1987,8,"053070",181.8
149.38,-29.62,1987,9,"053070",6
149.38,-29.62,1987,10,"053070",46.4
149.38,-29.62,1987,11,"053070",22.3
149.38,-29.62,1987,12,"053070",51.4
149.38,-29.62,1988,1,"053070",75.4
149.38,-29.62,1988,2,"053070",57.3
149.38,-29.62,1988,3,"053070",4
149.38,-29.62,1988,4,"053070",290.7
149.38,-29.62,1988,5,"053070",6.2
149.38,-29.62,1988,6,"053070",20.1
149.38,-29.62,1988,7,"053070",70.8
149.38,-29.62,1988,8,"053070",45.9
149.38,-29.62,1988,9,"053070",39.2
149.38,-29.62,1988,10,"053070",2.9
149.38,-29.62,1988,11,"053070",43
149.38,-29.62,1988,12,"053070",21
149.38,-29.62,1989,1,"053070",39.2
149.38,-29.62,1989,2,"053070",12
149.38,-29.62,1989,3,"053070",74
149.38,-29.62,1989,4,"053070",119
149.38,-29.62,1989,5,"053070",23.4
149.38,-29.62,1989,6,"053070",13.8
149.38,-29.62,1989,7,"053070",42.2
149.38,-29.62,1989,8,"053070",5.2
149.38,-29.62,1989,9,"053070",0
149.38,-29.62,1989,10,"053070",16.4
149.38,-29.62,1989,11,"053070",51.8
149.38,-29.62,1989,12,"053070",20.4
149.38,-29.62,1990,1,"053070",9.2
149.38,-29.62,1990,2,"053070",24.2
149.38,-29.62,1990,3,"053070",18.2
149.38,-29.62,1990,4,"053070",239.3
149.38,-29.62,1990,5,"053070",39.6
149.38,-29.62,1990,6,"053070",15.2
149.38,-29.62,1990,7,"053070",68.9
149.38,-29.62,1990,8,"053070",5.2
149.38,-29.62,1990,9,"053070",0
149.38,-29.62,1990,10,"053070",43
149.38,-29.62,1990,11,"053070",0
149.38,-29.62,1990,12,"053070",3.7
149.38,-29.62,1991,1,"053070",85.5
149.38,-29.62,1991,2,"053070",40
149.38,-29.62,1991,3,"053070",56.3
149.38,-29.62,1991,4,"053070",0
149.38,-29.62,1991,5,"053070",117
149.38,-29.62,1991,6,"053070",37.6
149.38,-29.62,1991,7,"053070",57.4
149.38,-29.62,1991,8,"053070",0
149.38,-29.62,1991,9,"053070",0
149.38,-29.62,1991,10,"053070",0
149.38,-29.62,1991,11,"053070",39
149.38,-29.62,1991,12,"053070",198.3
149.38,-29.62,1992,1,"053070",30
149.38,-29.62,1992,2,"053070",53
149.38,-29.62,1992,3,"053070",0
149.38,-29.62,1992,4,"053070",53.2
149.38,-29.62,1992,5,"053070",16
149.38,-29.62,1992,6,"053070",13.3
149.38,-29.62,1992,7,"053070",6.6
149.38,-29.62,1992,8,"053070",52.3
149.38,-29.62,1992,9,"053070",5.2
149.38,-29.62,1992,10,"053070",47.2
149.38,-29.62,1992,11,"053070",89
149.38,-29.62,1992,12,"053070",65.4
149.38,-29.62,1993,1,"053070",36
149.38,-29.62,1993,2,"053070",50.6
149.38,-29.62,1993,3,"053070",32
149.38,-29.62,1993,4,"053070",0
149.38,-29.62,1993,5,"053070",25
149.38,-29.62,1993,6,"053070",62
149.38,-29.62,1993,7,"053070",91
149.38,-29.62,1993,8,"053070",37.6
149.38,-29.62,1993,9,"053070",71.5
149.38,-29.62,1993,10,"053070",55.2
149.38,-29.62,1993,11,"053070",19.8
149.38,-29.62,1993,12,"053070",46
149.38,-29.62,1994,1,"053070",8.2
149.38,-29.62,1994,2,"053070",93.4
149.38,-29.62,1994,3,"053070",37.9
149.38,-29.62,1994,4,"053070",2
149.38,-29.62,1994,5,"053070",0
149.38,-29.62,1994,6,"053070",5
149.38,-29.62,1994,7,"053070",0
149.38,-29.62,1994,8,"053070",12.5
149.38,-29.62,1994,9,"053070",2.9
149.38,-29.62,1994,10,"053070",12.6
149.38,-29.62,1994,11,"053070",58.4
149.38,-29.62,1994,12,"053070",50.5
149.38,-29.62,1995,1,"053070",190.7
149.38,-29.62,1995,2,"053070",24
149.38,-29.62,1995,3,"053070",0
149.38,-29.62,1995,4,"053070",0
149.38,-29.62,1995,5,"053070",70.4
149.38,-29.62,1995,6,"053070",41
149.38,-29.62,1995,7,"053070",3.6
149.38,-29.62,1995,8,"053070",0.4
149.38,-29.62,1995,9,"053070",37
149.38,-29.62,1995,10,"053070",48.5
149.38,-29.62,1995,11,"053070",133
149.38,-29.62,1995,12,"053070",43.5
149.38,-29.62,1996,1,"053070",210.9
149.38,-29.62,1996,2,"053070",41.6
149.38,-29.62,1996,3,"053070",0
149.38,-29.62,1996,4,"053070",13.5
149.38,-29.62,1996,5,"053070",96.6
149.38,-29.62,1996,6,"053070",52
149.38,-29.62,1996,7,"053070",34
149.38,-29.62,1996,8,"053070",74.5
149.38,-29.62,1996,9,"053070",18.5
149.38,-29.62,1996,10,"053070",9
149.38,-29.62,1996,11,"053070",30
149.38,-29.62,1996,12,"053070",137
149.38,-29.62,1997,1,"053070",214.5
149.38,-29.62,1997,2,"053070",48.4
149.38,-29.62,1997,3,"053070",40
149.38,-29.62,1997,4,"053070",0
149.38,-29.62,1997,5,"053070",39.2
149.38,-29.62,1997,6,"053070",16
149.38,-29.62,1997,7,"053070",30
149.38,-29.62,1997,8,"053070",4.2
149.38,-29.62,1997,9,"053070",15.5
149.38,-29.62,1997,10,"053070",57.2
149.38,-29.62,1997,11,"053070",85
149.38,-29.62,1997,12,"053070",107.5
149.38,-29.62,1998,1,"053070",27
149.38,-29.62,1998,2,"053070",46.7
149.38,-29.62,1998,3,"053070",12
149.38,-29.62,1998,4,"053070",26.9
149.38,-29.62,1998,5,"053070",90.8
149.38,-29.62,1998,6,"053070",49
149.38,-29.62,1998,7,"053070",105.7
149.38,-29.62,1998,8,"053070",59.5
149.38,-29.62,1998,9,"053070",111.5
149.38,-29.62,1998,10,"053070",88.5
149.38,-29.62,1998,11,"053070",21.1
149.38,-29.62,1998,12,"053070",37
149.38,-29.62,1999,1,"053070",134.6
149.38,-29.62,1999,2,"053070",23.5
149.38,-29.62,1999,3,"053070",130.4
149.38,-29.62,1999,4,"053070",NA
149.38,-29.62,1999,5,"053070",12
149.38,-29.62,1999,6,"053070",50.4
149.38,-29.62,1999,7,"053070",56
149.38,-29.62,1999,8,"053070",29.5
149.38,-29.62,1999,9,"053070",61
149.38,-29.62,1999,10,"053070",126
149.38,-29.62,1999,11,"053070",82.4
149.38,-29.62,1999,12,"053070",42.8
149.38,-29.62,2000,1,"053070",42
149.38,-29.62,2000,2,"053070",43.8
149.38,-29.62,2000,3,"053070",85.6
149.38,-29.62,2000,4,"053070",8
149.38,-29.62,2000,5,"053070",37.4
149.38,-29.62,2000,6,"053070",25
149.38,-29.62,2000,7,"053070",11
149.38,-29.62,2000,8,"053070",2
149.38,-29.62,2000,9,"053070",5
149.38,-29.62,2000,10,"053070",124.5
149.38,-29.62,2000,11,"053070",194
149.38,-29.62,2000,12,"053070",20
149.38,-29.62,2001,1,"053070",159.5
149.38,-29.62,2001,2,"053070",80
149.38,-29.62,2001,3,"053070",30
149.38,-29.62,2001,4,"053070",9.3
149.38,-29.62,2001,5,"053070",NA
149.38,-29.62,2001,6,"053070",19
149.38,-29.62,2001,7,"053070",98
149.38,-29.62,2001,8,"053070",3
149.38,-29.62,2001,9,"053070",NA
149.38,-29.62,2001,10,"053070",NA
149.38,-29.62,2001,11,"053070",NA
149.38,-29.62,2001,12,"053070",39
149.38,-29.62,2002,1,"053070",4
149.38,-29.62,2002,2,"053070",59
149.38,-29.62,2002,3,"053070",32
149.38,-29.62,2002,4,"053070",2
149.38,-29.62,2002,5,"053070",0
149.38,-29.62,2002,6,"053070",12
149.38,-29.62,2002,7,"053070",0
149.38,-29.62,2002,8,"053070",0
149.38,-29.62,2002,9,"053070",NA
149.38,-29.62,2002,10,"053070",18
149.38,-29.62,2002,11,"053070",6.5
149.38,-29.62,2002,12,"053070",55
149.38,-29.62,2003,1,"053070",3
149.38,-29.62,2003,2,"053070",86
149.38,-29.62,2003,3,"053070",36.4
149.38,-29.62,2003,4,"053070",40.8
149.38,-29.62,2003,5,"053070",0
149.38,-29.62,2003,6,"053070",11.6
149.38,-29.62,2003,7,"053070",22.2
149.38,-29.62,2003,8,"053070",49.2
149.38,-29.62,2003,9,"053070",0
149.38,-29.62,2003,10,"053070",32.6
149.38,-29.62,2003,11,"053070",21.2
149.38,-29.62,2003,12,"053070",29
149.38,-29.62,2004,1,"053070",239.4
149.38,-29.62,2004,2,"053070",NA
149.38,-29.62,2004,3,"053070",88.4
149.38,-29.62,2004,4,"053070",26
149.38,-29.62,2004,5,"053070",22.2
149.38,-29.62,2004,6,"053070",7.1
149.38,-29.62,2004,7,"053070",23.2
149.38,-29.62,2004,8,"053070",34.4
149.38,-29.62,2004,9,"053070",57.2
149.38,-29.62,2004,10,"053070",34
149.38,-29.62,2004,11,"053070",100.8
149.38,-29.62,2004,12,"053070",175
149.38,-29.62,2005,1,"053070",42.8
149.38,-29.62,2005,2,"053070",NA
149.38,-29.62,2005,3,"053070",2
149.38,-29.62,2005,4,"053070",0
149.38,-29.62,2005,5,"053070",28.2
149.38,-29.62,2005,6,"053070",175
149.38,-29.62,2005,7,"053070",14.2
149.38,-29.62,2005,8,"053070",15.2
149.38,-29.62,2005,9,"053070",25.6
149.38,-29.62,2005,10,"053070",60.4
149.38,-29.62,2005,11,"053070",100.4
149.38,-29.62,2005,12,"053070",25
149.38,-29.62,2006,1,"053070",19.8
149.38,-29.62,2006,2,"053070",92.2
149.38,-29.62,2006,3,"053070",46
149.38,-29.62,2006,4,"053070",32
149.38,-29.62,2006,5,"053070",0
149.38,-29.62,2006,6,"053070",30.6
149.38,-29.62,2006,7,"053070",60.8
149.38,-29.62,2006,8,"053070",NA
149.38,-29.62,2006,9,"053070",33.2
149.38,-29.62,2006,10,"053070",4.6
149.38,-29.62,2006,11,"053070",29
149.38,-29.62,2006,12,"053070",6.4
149.38,-29.62,2007,1,"053070",37.2
149.38,-29.62,2007,2,"053070",99.8
149.38,-29.62,2007,3,"053070",40
149.38,-29.62,2007,4,"053070",10.4
149.38,-29.62,2007,5,"053070",49.6
149.38,-29.62,2007,6,"053070",65.6
149.38,-29.62,2007,7,"053070",0
149.38,-29.62,2007,8,"053070",27.4
149.38,-29.62,2007,9,"053070",0
149.38,-29.62,2007,10,"053070",22.6
149.38,-29.62,2007,11,"053070",22.8
149.38,-29.62,2007,12,"053070",178.8
149.38,-29.62,2008,1,"053070",86
149.38,-29.62,2008,2,"053070",65.4
149.38,-29.62,2008,3,"053070",0
149.38,-29.62,2008,4,"053070",7
149.38,-29.62,2008,5,"053070",19.8
149.38,-29.62,2008,6,"053070",32.1
149.38,-29.62,2008,7,"053070",NA
149.38,-29.62,2008,8,"053070",15.6
149.38,-29.62,2008,9,"053070",59.7
149.38,-29.62,2008,10,"053070",25.3
149.38,-29.62,2008,11,"053070",NA
149.38,-29.62,2008,12,"053070",62
149.38,-29.62,2009,1,"053070",79.8
149.38,-29.62,2009,2,"053070",92.6
149.38,-29.62,2009,3,"053070",0
149.38,-29.62,2009,4,"053070",NA
149.38,-29.62,2009,5,"053070",53.4
149.38,-29.62,2009,6,"053070",16.6
149.38,-29.62,2009,7,"053070",10
149.38,-29.62,2009,8,"053070",2.2
149.38,-29.62,2009,9,"053070",15.8
149.38,-29.62,2009,10,"053070",NA
149.38,-29.62,2009,11,"053070",1
149.38,-29.62,2009,12,"053070",57.4
149.38,-29.62,2010,1,"053070",51.8
149.38,-29.62,2010,2,"053070",82.8
149.38,-29.62,2010,3,"053070",NA
149.38,-29.62,2010,4,"053070",40.2
149.38,-29.62,2010,5,"053070",21.6
149.38,-29.62,2010,6,"053070",14.7
149.38,-29.62,2010,7,"053070",65.8
149.38,-29.62,2010,8,"053070",NA
149.38,-29.62,2010,9,"053070",50.2
149.38,-29.62,2010,10,"053070",71.4
149.38,-29.62,2010,11,"053070",NA
149.38,-29.62,2010,12,"053070",91.6
149.38,-29.62,2011,1,"053070",NA
149.38,-29.62,2011,2,"053070",51.2
149.38,-29.62,2011,3,"053070",NA
149.38,-29.62,2011,4,"053070",38.8
149.38,-29.62,2011,5,"053070",20.4
149.38,-29.62,2011,6,"053070",61
149.38,-29.62,2011,7,"053070",6.4
149.38,-29.62,2011,8,"053070",19.2
149.38,-29.62,2011,9,"053070",93.2
149.38,-29.62,2011,10,"053070",97.2
149.38,-29.62,2011,11,"053070",193.6
149.38,-29.62,2011,12,"053070",NA
149.38,-29.62,2012,1,"053070",174.8
149.38,-29.62,2012,2,"053070",NA
149.38,-29.62,2012,3,"053070",7
149.38,-29.62,2012,4,"053070",38
149.38,-29.62,2012,5,"053070",27
149.38,-29.62,2012,6,"053070",29
149.38,-29.62,2012,7,"053070",92
149.38,-29.62,2012,8,"053070",11
149.38,-29.62,2012,9,"053070",3
149.38,-29.62,2012,10,"053070",12.5
149.38,-29.62,2012,11,"053070",0
149.38,-29.62,2012,12,"053070",45
149.38,-29.62,2013,1,"053070",98
149.38,-29.62,2013,2,"053070",11.5
149.38,-29.62,2013,3,"053070",81.5
149.38,-29.62,2013,4,"053070",0
149.38,-29.62,2013,5,"053070",27.5
149.38,-29.62,2013,6,"053070",21.5
149.38,-29.62,2013,7,"053070",19.5
149.38,-29.62,2013,8,"053070",4
149.38,-29.62,2013,9,"053070",30
149.38,-29.62,2013,10,"053070",1
149.38,-29.62,2013,11,"053070",26.5
149.38,-29.62,2013,12,"053070",0
149.38,-29.62,2014,1,"053070",2
149.38,-29.62,2014,2,"053070",9
149.38,-29.62,2014,3,"053070",220.5
149.38,-29.62,2014,4,"053070",8
149.38,-29.62,2014,5,"053070",1.5
149.38,-29.62,2014,6,"053070",26.5
149.38,-29.62,2014,7,"053070",12
149.38,-29.62,2014,8,"053070",33.5
149.38,-29.62,2014,9,"053070",13.5
149.38,-29.62,2014,10,"053070",2
149.38,-29.62,2014,11,"053070",0
149.38,-29.62,2014,12,"053070",45
149.38,-29.62,2015,1,"053070",95
149.38,-29.62,2015,2,"053070",18
149.38,-29.62,2015,3,"053070",9.4
149.38,-29.62,2015,4,"053070",72.6
149.38,-29.62,2015,5,"053070",18.4
149.38,-29.62,2015,6,"053070",41.4
149.38,-29.62,2015,7,"053070",44.5
149.38,-29.62,2015,8,"053070",9
149.38,-29.62,2015,9,"053070",3
149.38,-29.62,2015,10,"053070",20
149.38,-29.62,2015,11,"053070",40.5
149.38,-29.62,2015,12,"053070",44
149.38,-29.62,2016,1,"053070",NA
149.38,-29.62,2016,2,"053070",NA
149.38,-29.62,2016,3,"053070",NA
149.38,-29.62,2016,4,"053070",NA
149.38,-29.62,2016,5,"053070",NA
149.38,-29.62,2016,6,"053070",103
149.38,-29.62,2016,7,"053070",25
149.38,-29.62,2016,8,"053070",91
149.38,-29.62,2016,9,"053070",106.4
149.38,-29.62,2016,10,"053070",42
149.38,-29.62,2016,11,"053070",0
149.38,-29.62,2016,12,"053070",33
149.38,-29.62,2017,1,"053070",35
149.38,-29.62,2017,2,"053070",29
149.38,-29.62,2017,3,"053070",86
149.38,-29.62,2017,4,"053070",33.5
149.38,-29.62,2017,5,"053070",13.5
149.38,-29.62,2017,6,"053070",5.5
149.38,-29.62,2017,7,"053070",6
149.38,-29.62,2017,8,"053070",0
149.38,-29.62,2017,9,"053070",2
149.38,-29.62,2017,10,"053070",45
149.38,-29.62,2017,11,"053070",35
149.38,-29.62,2017,12,"053070",11
149.38,-29.62,2018,1,"053070",30
149.38,-29.62,2018,2,"053070",49
149.38,-29.62,2018,3,"053070",16.5
149.38,-29.62,2018,4,"053070",0.5
149.38,-29.62,2018,5,"053070",0
149.38,-29.62,2018,6,"053070",1
149.38,-29.62,2018,7,"053070",11
149.38,-29.62,2018,8,"053070",31
149.38,-29.62,2018,9,"053070",12.5
149.38,-29.62,2018,10,"053070",63.5
149.38,-29.62,2018,11,"053070",80.5
149.38,-29.62,2018,12,"053070",14
149.38,-29.62,2019,1,"053070",12
149.38,-29.62,2019,2,"053070",0
149.38,-29.62,2019,3,"053070",40
149.38,-29.62,2019,4,"053070",0
149.38,-29.62,2019,5,"053070",22.5
149.38,-29.62,2019,6,"053070",7.5
149.38,-29.62,2019,7,"053070",3.5
149.38,-29.62,2019,8,"053070",0
149.38,-29.62,2019,9,"053070",0
149.38,-29.62,2019,10,"053070",1.5
149.38,-29.62,2019,11,"053070",8
149.38,-29.62,2019,12,"053070",0
149.38,-29.62,2020,1,"053070",68.5
149.38,-29.62,2020,2,"053070",288.9
149.38,-29.62,2020,3,"053070",112
149.38,-29.62,2020,4,"053070",46
149.38,-29.62,2020,5,"053070",11.5
149.38,-29.62,2020,6,"053070",15
149.38,-29.62,2020,7,"053070",31
149.38,-29.62,2020,8,"053070",3.5
149.38,-29.62,2020,9,"053070",20
149.38,-29.62,2020,10,"053070",66.5
149.38,-29.62,2020,11,"053070",2
149.38,-29.62,2020,12,"053070",114
149.38,-29.62,2021,1,"053070",84
149.38,-29.62,2021,2,"053070",88.5
149.38,-29.62,2021,3,"053070",256.5
149.38,-29.62,2021,4,"053070",0
149.38,-29.62,2021,5,"053070",4
149.38,-29.62,2021,6,"053070",40
149.38,-29.62,2021,7,"053070",54
149.38,-29.62,2021,8,"053070",36
149.38,-29.62,2021,9,"053070",75.5
149.38,-29.62,2021,10,"053070",18.5
149.38,-29.62,2021,11,"053070",126.5
149.38,-29.62,2021,12,"053070",23.9
149.38,-29.62,2022,1,"053070",40.8
149.38,-29.62,2022,2,"053070",NA
149.38,-29.62,2022,3,"053070",NA
149.38,-29.62,2022,4,"053070",NA
149.38,-29.62,2022,5,"053070",NA
149.38,-29.62,2022,6,"053070",NA
149.38,-29.62,2022,7,"053070",NA
149.38,-29.62,2022,8,"053070",NA
149.38,-29.62,2022,9,"053070",NA
149.38,-29.62,2022,10,"053070",NA
149.38,-29.62,2022,11,"053070",NA
149.38,-29.62,2022,12,"053070",NA
