"Lon","Lat","Year","Month","Station","Rain"
138.48,-21.71,1990,1,"037119",NA
138.48,-21.71,1990,2,"037119",NA
138.48,-21.71,1990,3,"037119",NA
138.48,-21.71,1990,4,"037119",NA
138.48,-21.71,1990,5,"037119",NA
138.48,-21.71,1990,6,"037119",0
138.48,-21.71,1990,7,"037119",NA
138.48,-21.71,1990,8,"037119",7.8
138.48,-21.71,1990,9,"037119",10.2
138.48,-21.71,1990,10,"037119",7.2
138.48,-21.71,1990,11,"037119",0
138.48,-21.71,1990,12,"037119",109
138.48,-21.71,1991,1,"037119",172.5
138.48,-21.71,1991,2,"037119",150
138.48,-21.71,1991,3,"037119",0
138.48,-21.71,1991,4,"037119",0
138.48,-21.71,1991,5,"037119",0
138.48,-21.71,1991,6,"037119",19
138.48,-21.71,1991,7,"037119",6.1
138.48,-21.71,1991,8,"037119",0
138.48,-21.71,1991,9,"037119",0.6
138.48,-21.71,1991,10,"037119",0
138.48,-21.71,1991,11,"037119",54.2
138.48,-21.71,1991,12,"037119",49
138.48,-21.71,1992,1,"037119",0.4
138.48,-21.71,1992,2,"037119",158
138.48,-21.71,1992,3,"037119",1.5
138.48,-21.71,1992,4,"037119",0
138.48,-21.71,1992,5,"037119",46
138.48,-21.71,1992,6,"037119",0
138.48,-21.71,1992,7,"037119",0
138.48,-21.71,1992,8,"037119",5.6
138.48,-21.71,1992,9,"037119",16.2
138.48,-21.71,1992,10,"037119",15.8
138.48,-21.71,1992,11,"037119",13.2
138.48,-21.71,1992,12,"037119",33.6
138.48,-21.71,1993,1,"037119",18.3
138.48,-21.71,1993,2,"037119",122
138.48,-21.71,1993,3,"037119",14.8
138.48,-21.71,1993,4,"037119",0
138.48,-21.71,1993,5,"037119",7
138.48,-21.71,1993,6,"037119",3.4
138.48,-21.71,1993,7,"037119",14.2
138.48,-21.71,1993,8,"037119",0
138.48,-21.71,1993,9,"037119",1.4
138.48,-21.71,1993,10,"037119",9.4
138.48,-21.71,1993,11,"037119",21.8
138.48,-21.71,1993,12,"037119",128.8
138.48,-21.71,1994,1,"037119",21.9
138.48,-21.71,1994,2,"037119",36.2
138.48,-21.71,1994,3,"037119",0
138.48,-21.71,1994,4,"037119",0
138.48,-21.71,1994,5,"037119",0
138.48,-21.71,1994,6,"037119",0
138.48,-21.71,1994,7,"037119",0
138.48,-21.71,1994,8,"037119",0
138.48,-21.71,1994,9,"037119",0
138.48,-21.71,1994,10,"037119",4.2
138.48,-21.71,1994,11,"037119",13
138.48,-21.71,1994,12,"037119",18
138.48,-21.71,1995,1,"037119",99.8
138.48,-21.71,1995,2,"037119",68.6
138.48,-21.71,1995,3,"037119",12.2
138.48,-21.71,1995,4,"037119",0.4
138.48,-21.71,1995,5,"037119",74.6
138.48,-21.71,1995,6,"037119",0
138.48,-21.71,1995,7,"037119",2
138.48,-21.71,1995,8,"037119",0
138.48,-21.71,1995,9,"037119",2.4
138.48,-21.71,1995,10,"037119",13.3
138.48,-21.71,1995,11,"037119",42.3
138.48,-21.71,1995,12,"037119",0
138.48,-21.71,1996,1,"037119",43.5
138.48,-21.71,1996,2,"037119",15
138.48,-21.71,1996,3,"037119",68
138.48,-21.71,1996,4,"037119",7.5
138.48,-21.71,1996,5,"037119",0
138.48,-21.71,1996,6,"037119",0
138.48,-21.71,1996,7,"037119",18
138.48,-21.71,1996,8,"037119",18.5
138.48,-21.71,1996,9,"037119",0
138.48,-21.71,1996,10,"037119",13.4
138.48,-21.71,1996,11,"037119",1.4
138.48,-21.71,1996,12,"037119",34
138.48,-21.71,1997,1,"037119",97.8
138.48,-21.71,1997,2,"037119",170.5
138.48,-21.71,1997,3,"037119",171.2
138.48,-21.71,1997,4,"037119",0
138.48,-21.71,1997,5,"037119",5
138.48,-21.71,1997,6,"037119",14.4
138.48,-21.71,1997,7,"037119",0
138.48,-21.71,1997,8,"037119",0
138.48,-21.71,1997,9,"037119",1.4
138.48,-21.71,1997,10,"037119",0.8
138.48,-21.71,1997,11,"037119",31
138.48,-21.71,1997,12,"037119",42
138.48,-21.71,1998,1,"037119",16.5
138.48,-21.71,1998,2,"037119",40.5
138.48,-21.71,1998,3,"037119",2.2
138.48,-21.71,1998,4,"037119",30
138.48,-21.71,1998,5,"037119",0
138.48,-21.71,1998,6,"037119",22
138.48,-21.71,1998,7,"037119",9.3
138.48,-21.71,1998,8,"037119",14.6
138.48,-21.71,1998,9,"037119",18.6
138.48,-21.71,1998,10,"037119",2.4
138.48,-21.71,1998,11,"037119",17.5
138.48,-21.71,1998,12,"037119",29
138.48,-21.71,1999,1,"037119",54.9
138.48,-21.71,1999,2,"037119",15
138.48,-21.71,1999,3,"037119",77
138.48,-21.71,1999,4,"037119",0
138.48,-21.71,1999,5,"037119",0
138.48,-21.71,1999,6,"037119",0
138.48,-21.71,1999,7,"037119",0
138.48,-21.71,1999,8,"037119",0
138.48,-21.71,1999,9,"037119",0
138.48,-21.71,1999,10,"037119",14.6
138.48,-21.71,1999,11,"037119",NA
138.48,-21.71,1999,12,"037119",31.1
138.48,-21.71,2000,1,"037119",23.6
138.48,-21.71,2000,2,"037119",136.8
138.48,-21.71,2000,3,"037119",24.6
138.48,-21.71,2000,4,"037119",52.2
138.48,-21.71,2000,5,"037119",2.2
138.48,-21.71,2000,6,"037119",0
138.48,-21.71,2000,7,"037119",0
138.48,-21.71,2000,8,"037119",0
138.48,-21.71,2000,9,"037119",0
138.48,-21.71,2000,10,"037119",149
138.48,-21.71,2000,11,"037119",16.7
138.48,-21.71,2000,12,"037119",348.4
138.48,-21.71,2001,1,"037119",NA
138.48,-21.71,2001,2,"037119",NA
138.48,-21.71,2001,3,"037119",32.4
138.48,-21.71,2001,4,"037119",0
138.48,-21.71,2001,5,"037119",0
138.48,-21.71,2001,6,"037119",0
138.48,-21.71,2001,7,"037119",0
138.48,-21.71,2001,8,"037119",0
138.48,-21.71,2001,9,"037119",1.4
138.48,-21.71,2001,10,"037119",NA
138.48,-21.71,2001,11,"037119",20.6
138.48,-21.71,2001,12,"037119",41.6
138.48,-21.71,2002,1,"037119",38.2
138.48,-21.71,2002,2,"037119",71
138.48,-21.71,2002,3,"037119",0
138.48,-21.71,2002,4,"037119",0
138.48,-21.71,2002,5,"037119",0
138.48,-21.71,2002,6,"037119",0
138.48,-21.71,2002,7,"037119",0
138.48,-21.71,2002,8,"037119",0
138.48,-21.71,2002,9,"037119",0
138.48,-21.71,2002,10,"037119",0
138.48,-21.71,2002,11,"037119",18
138.48,-21.71,2002,12,"037119",1.6
138.48,-21.71,2003,1,"037119",75.8
138.48,-21.71,2003,2,"037119",123
138.48,-21.71,2003,3,"037119",0
138.48,-21.71,2003,4,"037119",5.2
138.48,-21.71,2003,5,"037119",5
138.48,-21.71,2003,6,"037119",0
138.48,-21.71,2003,7,"037119",0
138.48,-21.71,2003,8,"037119",20.4
138.48,-21.71,2003,9,"037119",0
138.48,-21.71,2003,10,"037119",0
138.48,-21.71,2003,11,"037119",16
138.48,-21.71,2003,12,"037119",27
138.48,-21.71,2004,1,"037119",13.2
138.48,-21.71,2004,2,"037119",122.2
138.48,-21.71,2004,3,"037119",0
138.48,-21.71,2004,4,"037119",0
138.48,-21.71,2004,5,"037119",0
138.48,-21.71,2004,6,"037119",0
138.48,-21.71,2004,7,"037119",0
138.48,-21.71,2004,8,"037119",2.2
138.48,-21.71,2004,9,"037119",0
138.48,-21.71,2004,10,"037119",0
138.48,-21.71,2004,11,"037119",0
138.48,-21.71,2004,12,"037119",33
138.48,-21.71,2005,1,"037119",191
138.48,-21.71,2005,2,"037119",3.1
138.48,-21.71,2005,3,"037119",0
138.48,-21.71,2005,4,"037119",0
138.48,-21.71,2005,5,"037119",7.2
138.48,-21.71,2005,6,"037119",85.2
138.48,-21.71,2005,7,"037119",0
138.48,-21.71,2005,8,"037119",0
138.48,-21.71,2005,9,"037119",10.4
138.48,-21.71,2005,10,"037119",11
138.48,-21.71,2005,11,"037119",16.4
138.48,-21.71,2005,12,"037119",8.5
138.48,-21.71,2006,1,"037119",78.2
138.48,-21.71,2006,2,"037119",24.5
138.48,-21.71,2006,3,"037119",16
138.48,-21.71,2006,4,"037119",66
138.48,-21.71,2006,5,"037119",0
138.48,-21.71,2006,6,"037119",0
138.48,-21.71,2006,7,"037119",15
138.48,-21.71,2006,8,"037119",0
138.48,-21.71,2006,9,"037119",0
138.48,-21.71,2006,10,"037119",0.4
138.48,-21.71,2006,11,"037119",1.3
138.48,-21.71,2006,12,"037119",43.3
138.48,-21.71,2007,1,"037119",300.2
138.48,-21.71,2007,2,"037119",0
138.48,-21.71,2007,3,"037119",72
138.48,-21.71,2007,4,"037119",0
138.48,-21.71,2007,5,"037119",0
138.48,-21.71,2007,6,"037119",28.2
138.48,-21.71,2007,7,"037119",0
138.48,-21.71,2007,8,"037119",0
138.48,-21.71,2007,9,"037119",0
138.48,-21.71,2007,10,"037119",6.8
138.48,-21.71,2007,11,"037119",0
138.48,-21.71,2007,12,"037119",27
138.48,-21.71,2008,1,"037119",0
138.48,-21.71,2008,2,"037119",8.5
138.48,-21.71,2008,3,"037119",0
138.48,-21.71,2008,4,"037119",0
138.48,-21.71,2008,5,"037119",0
138.48,-21.71,2008,6,"037119",0
138.48,-21.71,2008,7,"037119",0
138.48,-21.71,2008,8,"037119",0
138.48,-21.71,2008,9,"037119",0
138.48,-21.71,2008,10,"037119",NA
138.48,-21.71,2008,11,"037119",NA
138.48,-21.71,2008,12,"037119",14.4
138.48,-21.71,2009,1,"037119",145.5
138.48,-21.71,2009,2,"037119",50.3
138.48,-21.71,2009,3,"037119",0
138.48,-21.71,2009,4,"037119",35
138.48,-21.71,2009,5,"037119",0
138.48,-21.71,2009,6,"037119",0
138.48,-21.71,2009,7,"037119",0
138.48,-21.71,2009,8,"037119",0
138.48,-21.71,2009,9,"037119",0
138.48,-21.71,2009,10,"037119",0
138.48,-21.71,2009,11,"037119",41.8
138.48,-21.71,2009,12,"037119",78.2
138.48,-21.71,2010,1,"037119",115.8
138.48,-21.71,2010,2,"037119",103.8
138.48,-21.71,2010,3,"037119",11
138.48,-21.71,2010,4,"037119",0
138.48,-21.71,2010,5,"037119",12.2
138.48,-21.71,2010,6,"037119",0
138.48,-21.71,2010,7,"037119",27
138.48,-21.71,2010,8,"037119",1.8
138.48,-21.71,2010,9,"037119",40.2
138.48,-21.71,2010,10,"037119",NA
138.48,-21.71,2010,11,"037119",44
138.48,-21.71,2010,12,"037119",NA
138.48,-21.71,2011,1,"037119",124.6
138.48,-21.71,2011,2,"037119",130.8
138.48,-21.71,2011,3,"037119",140.9
138.48,-21.71,2011,4,"037119",0
138.48,-21.71,2011,5,"037119",0
138.48,-21.71,2011,6,"037119",5
138.48,-21.71,2011,7,"037119",5.8
138.48,-21.71,2011,8,"037119",0
138.48,-21.71,2011,9,"037119",0
138.48,-21.71,2011,10,"037119",7
138.48,-21.71,2011,11,"037119",45.2
138.48,-21.71,2011,12,"037119",23.2
138.48,-21.71,2012,1,"037119",9.8
138.48,-21.71,2012,2,"037119",32.2
138.48,-21.71,2012,3,"037119",113.4
138.48,-21.71,2012,4,"037119",0
138.48,-21.71,2012,5,"037119",0
138.48,-21.71,2012,6,"037119",0
138.48,-21.71,2012,7,"037119",17.4
138.48,-21.71,2012,8,"037119",0
138.48,-21.71,2012,9,"037119",0
138.48,-21.71,2012,10,"037119",4
138.48,-21.71,2012,11,"037119",25
138.48,-21.71,2012,12,"037119",31.6
138.48,-21.71,2013,1,"037119",13.8
138.48,-21.71,2013,2,"037119",11
138.48,-21.71,2013,3,"037119",9
138.48,-21.71,2013,4,"037119",0
138.48,-21.71,2013,5,"037119",21.9
138.48,-21.71,2013,6,"037119",0
138.48,-21.71,2013,7,"037119",0
138.48,-21.71,2013,8,"037119",0
138.48,-21.71,2013,9,"037119",0
138.48,-21.71,2013,10,"037119",0
138.48,-21.71,2013,11,"037119",4.7
138.48,-21.71,2013,12,"037119",4.7
138.48,-21.71,2014,1,"037119",6.2
138.48,-21.71,2014,2,"037119",157
138.48,-21.71,2014,3,"037119",11.6
138.48,-21.71,2014,4,"037119",0
138.48,-21.71,2014,5,"037119",0
138.48,-21.71,2014,6,"037119",5.4
138.48,-21.71,2014,7,"037119",0
138.48,-21.71,2014,8,"037119",0
138.48,-21.71,2014,9,"037119",0
138.48,-21.71,2014,10,"037119",0
138.48,-21.71,2014,11,"037119",7.2
138.48,-21.71,2014,12,"037119",73
138.48,-21.71,2015,1,"037119",125
138.48,-21.71,2015,2,"037119",4.4
138.48,-21.71,2015,3,"037119",0
138.48,-21.71,2015,4,"037119",0
138.48,-21.71,2015,5,"037119",0
138.48,-21.71,2015,6,"037119",1.5
138.48,-21.71,2015,7,"037119",0
138.48,-21.71,2015,8,"037119",0
138.48,-21.71,2015,9,"037119",0
138.48,-21.71,2015,10,"037119",NA
138.48,-21.71,2015,11,"037119",NA
138.48,-21.71,2015,12,"037119",NA
138.48,-21.71,2016,1,"037119",48.6
138.48,-21.71,2016,2,"037119",151
138.48,-21.71,2016,3,"037119",96.2
138.48,-21.71,2016,4,"037119",0
138.48,-21.71,2016,5,"037119",3
138.48,-21.71,2016,6,"037119",74
138.48,-21.71,2016,7,"037119",12
138.48,-21.71,2016,8,"037119",50
138.48,-21.71,2016,9,"037119",81
138.48,-21.71,2016,10,"037119",6.2
138.48,-21.71,2016,11,"037119",27
138.48,-21.71,2016,12,"037119",35
138.48,-21.71,2017,1,"037119",140
138.48,-21.71,2017,2,"037119",91
138.48,-21.71,2017,3,"037119",0
138.48,-21.71,2017,4,"037119",0
138.48,-21.71,2017,5,"037119",0
138.48,-21.71,2017,6,"037119",0
138.48,-21.71,2017,7,"037119",16
138.48,-21.71,2017,8,"037119",0
138.48,-21.71,2017,9,"037119",0
138.48,-21.71,2017,10,"037119",2.4
138.48,-21.71,2017,11,"037119",0
138.48,-21.71,2017,12,"037119",13
138.48,-21.71,2018,1,"037119",7
138.48,-21.71,2018,2,"037119",4.5
138.48,-21.71,2018,3,"037119",47.1
138.48,-21.71,2018,4,"037119",0
138.48,-21.71,2018,5,"037119",0
138.48,-21.71,2018,6,"037119",11
138.48,-21.71,2018,7,"037119",NA
138.48,-21.71,2018,8,"037119",0
138.48,-21.71,2018,9,"037119",0
138.48,-21.71,2018,10,"037119",NA
138.48,-21.71,2018,11,"037119",NA
138.48,-21.71,2018,12,"037119",NA
