"Lon","Lat","Year","Month","Station","Rain"
151.04,-33.75,1943,1,"067098",68.3
151.04,-33.75,1943,2,"067098",21.4
151.04,-33.75,1943,3,"067098",14.7
151.04,-33.75,1943,4,"067098",67.6
151.04,-33.75,1943,5,"067098",395.1
151.04,-33.75,1943,6,"067098",16.3
151.04,-33.75,1943,7,"067098",3.8
151.04,-33.75,1943,8,"067098",185.1
151.04,-33.75,1943,9,"067098",144.9
151.04,-33.75,1943,10,"067098",43.9
151.04,-33.75,1943,11,"067098",176.2
151.04,-33.75,1943,12,"067098",72.5
151.04,-33.75,1944,1,"067098",66.6
151.04,-33.75,1944,2,"067098",27.7
151.04,-33.75,1944,3,"067098",19.3
151.04,-33.75,1944,4,"067098",52.4
151.04,-33.75,1944,5,"067098",72.6
151.04,-33.75,1944,6,"067098",28.5
151.04,-33.75,1944,7,"067098",93.7
151.04,-33.75,1944,8,"067098",93
151.04,-33.75,1944,9,"067098",77.8
151.04,-33.75,1944,10,"067098",21.4
151.04,-33.75,1944,11,"067098",18.6
151.04,-33.75,1944,12,"067098",10.4
151.04,-33.75,1945,1,"067098",113.1
151.04,-33.75,1945,2,"067098",76.3
151.04,-33.75,1945,3,"067098",40
151.04,-33.75,1945,4,"067098",139.7
151.04,-33.75,1945,5,"067098",115.1
151.04,-33.75,1945,6,"067098",262
151.04,-33.75,1945,7,"067098",65.8
151.04,-33.75,1945,8,"067098",34.7
151.04,-33.75,1945,9,"067098",1.6
151.04,-33.75,1945,10,"067098",30.3
151.04,-33.75,1945,11,"067098",66
151.04,-33.75,1945,12,"067098",58.9
151.04,-33.75,1946,1,"067098",26.5
151.04,-33.75,1946,2,"067098",99.5
151.04,-33.75,1946,3,"067098",129.4
151.04,-33.75,1946,4,"067098",365.4
151.04,-33.75,1946,5,"067098",41.7
151.04,-33.75,1946,6,"067098",147.1
151.04,-33.75,1946,7,"067098",0.8
151.04,-33.75,1946,8,"067098",0.5
151.04,-33.75,1946,9,"067098",24.6
151.04,-33.75,1946,10,"067098",53.9
151.04,-33.75,1946,11,"067098",78.5
151.04,-33.75,1946,12,"067098",30.6
151.04,-33.75,1947,1,"067098",60.5
151.04,-33.75,1947,2,"067098",212.4
151.04,-33.75,1947,3,"067098",70.9
151.04,-33.75,1947,4,"067098",124.1
151.04,-33.75,1947,5,"067098",69.5
151.04,-33.75,1947,6,"067098",34.2
151.04,-33.75,1947,7,"067098",12.2
151.04,-33.75,1947,8,"067098",27.5
151.04,-33.75,1947,9,"067098",26.9
151.04,-33.75,1947,10,"067098",55.8
151.04,-33.75,1947,11,"067098",104.8
151.04,-33.75,1947,12,"067098",220.3
151.04,-33.75,1948,1,"067098",159.8
151.04,-33.75,1948,2,"067098",47
151.04,-33.75,1948,3,"067098",55.9
151.04,-33.75,1948,4,"067098",24.7
151.04,-33.75,1948,5,"067098",141.3
151.04,-33.75,1948,6,"067098",97.1
151.04,-33.75,1948,7,"067098",12
151.04,-33.75,1948,8,"067098",7.6
151.04,-33.75,1948,9,"067098",48.5
151.04,-33.75,1948,10,"067098",16.8
151.04,-33.75,1948,11,"067098",21.2
151.04,-33.75,1948,12,"067098",64.8
151.04,-33.75,1949,1,"067098",309.4
151.04,-33.75,1949,2,"067098",139.7
151.04,-33.75,1949,3,"067098",151.1
151.04,-33.75,1949,4,"067098",30.1
151.04,-33.75,1949,5,"067098",95.9
151.04,-33.75,1949,6,"067098",355.8
151.04,-33.75,1949,7,"067098",52.1
151.04,-33.75,1949,8,"067098",90
151.04,-33.75,1949,9,"067098",150.1
151.04,-33.75,1949,10,"067098",47.1
151.04,-33.75,1949,11,"067098",104.2
151.04,-33.75,1949,12,"067098",35.5
151.04,-33.75,1950,1,"067098",130
151.04,-33.75,1950,2,"067098",211.4
151.04,-33.75,1950,3,"067098",364.7
151.04,-33.75,1950,4,"067098",126.5
151.04,-33.75,1950,5,"067098",128.9
151.04,-33.75,1950,6,"067098",684.1
151.04,-33.75,1950,7,"067098",205.2
151.04,-33.75,1950,8,"067098",46.7
151.04,-33.75,1950,9,"067098",80.4
151.04,-33.75,1950,10,"067098",105
151.04,-33.75,1950,11,"067098",154
151.04,-33.75,1950,12,"067098",25.4
151.04,-33.75,1951,1,"067098",390.7
151.04,-33.75,1951,2,"067098",48
151.04,-33.75,1951,3,"067098",127.2
151.04,-33.75,1951,4,"067098",5.1
151.04,-33.75,1951,5,"067098",57.3
151.04,-33.75,1951,6,"067098",268
151.04,-33.75,1951,7,"067098",13.2
151.04,-33.75,1951,8,"067098",73.3
151.04,-33.75,1951,9,"067098",65.7
151.04,-33.75,1951,10,"067098",52.3
151.04,-33.75,1951,11,"067098",0
151.04,-33.75,1951,12,"067098",20.1
151.04,-33.75,1952,1,"067098",43.4
151.04,-33.75,1952,2,"067098",50.8
151.04,-33.75,1952,3,"067098",100.1
151.04,-33.75,1952,4,"067098",257.5
151.04,-33.75,1952,5,"067098",33.1
151.04,-33.75,1952,6,"067098",80.3
151.04,-33.75,1952,7,"067098",232.4
151.04,-33.75,1952,8,"067098",279.5
151.04,-33.75,1952,9,"067098",74.4
151.04,-33.75,1952,10,"067098",52.1
151.04,-33.75,1952,11,"067098",36.9
151.04,-33.75,1952,12,"067098",15.3
151.04,-33.75,1953,1,"067098",67
151.04,-33.75,1953,2,"067098",164.2
151.04,-33.75,1953,3,"067098",82.1
151.04,-33.75,1953,4,"067098",31.8
151.04,-33.75,1953,5,"067098",399.9
151.04,-33.75,1953,6,"067098",0
151.04,-33.75,1953,7,"067098",22.8
151.04,-33.75,1953,8,"067098",33
151.04,-33.75,1953,9,"067098",42.8
151.04,-33.75,1953,10,"067098",47.2
151.04,-33.75,1953,11,"067098",43.7
151.04,-33.75,1953,12,"067098",0
151.04,-33.75,1954,1,"067098",153.9
151.04,-33.75,1954,2,"067098",243.6
151.04,-33.75,1954,3,"067098",23.3
151.04,-33.75,1954,4,"067098",21.2
151.04,-33.75,1954,5,"067098",25.2
151.04,-33.75,1954,6,"067098",10.7
151.04,-33.75,1954,7,"067098",115.3
151.04,-33.75,1954,8,"067098",23.8
151.04,-33.75,1954,9,"067098",75.6
151.04,-33.75,1954,10,"067098",206.5
151.04,-33.75,1954,11,"067098",116.1
151.04,-33.75,1954,12,"067098",38.8
151.04,-33.75,1957,1,"067098",NA
151.04,-33.75,1957,2,"067098",NA
151.04,-33.75,1957,3,"067098",NA
151.04,-33.75,1957,4,"067098",NA
151.04,-33.75,1957,5,"067098",NA
151.04,-33.75,1957,6,"067098",NA
151.04,-33.75,1957,7,"067098",NA
151.04,-33.75,1957,8,"067098",NA
151.04,-33.75,1957,9,"067098",NA
151.04,-33.75,1957,10,"067098",9.1
151.04,-33.75,1957,11,"067098",23.9
151.04,-33.75,1957,12,"067098",51.2
151.04,-33.75,1958,1,"067098",164.6
151.04,-33.75,1958,2,"067098",163
151.04,-33.75,1958,3,"067098",329.3
151.04,-33.75,1958,4,"067098",42.5
151.04,-33.75,1958,5,"067098",7.9
151.04,-33.75,1958,6,"067098",151.5
151.04,-33.75,1958,7,"067098",26.7
151.04,-33.75,1958,8,"067098",37.9
151.04,-33.75,1958,9,"067098",38.2
151.04,-33.75,1958,10,"067098",51.5
151.04,-33.75,1958,11,"067098",11
151.04,-33.75,1958,12,"067098",84.6
151.04,-33.75,1959,1,"067098",151.6
151.04,-33.75,1959,2,"067098",146.8
151.04,-33.75,1959,3,"067098",111.6
151.04,-33.75,1959,4,"067098",43
151.04,-33.75,1959,5,"067098",28.3
151.04,-33.75,1959,6,"067098",102.5
151.04,-33.75,1959,7,"067098",75
151.04,-33.75,1959,8,"067098",33.9
151.04,-33.75,1959,9,"067098",68.9
151.04,-33.75,1959,10,"067098",165.5
151.04,-33.75,1959,11,"067098",90.5
151.04,-33.75,1959,12,"067098",86.7
151.04,-33.75,1960,1,"067098",85
151.04,-33.75,1960,2,"067098",102.5
151.04,-33.75,1960,3,"067098",41
151.04,-33.75,1960,4,"067098",28.3
151.04,-33.75,1960,5,"067098",104.1
151.04,-33.75,1960,6,"067098",56.6
151.04,-33.75,1960,7,"067098",73.6
151.04,-33.75,1960,8,"067098",49.8
151.04,-33.75,1960,9,"067098",61.3
151.04,-33.75,1960,10,"067098",157.6
151.04,-33.75,1960,11,"067098",43
151.04,-33.75,1960,12,"067098",223.6
151.04,-33.75,1961,1,"067098",49.2
151.04,-33.75,1961,2,"067098",46.3
151.04,-33.75,1961,3,"067098",67.4
151.04,-33.75,1961,4,"067098",81.7
151.04,-33.75,1961,5,"067098",15.8
151.04,-33.75,1961,6,"067098",46.9
151.04,-33.75,1961,7,"067098",35.9
151.04,-33.75,1961,8,"067098",187.9
151.04,-33.75,1961,9,"067098",22
151.04,-33.75,1961,10,"067098",109.4
151.04,-33.75,1961,11,"067098",500.6
151.04,-33.75,1961,12,"067098",157
151.04,-33.75,1962,1,"067098",222.7
151.04,-33.75,1962,2,"067098",162.1
151.04,-33.75,1962,3,"067098",48.5
151.04,-33.75,1962,4,"067098",45.7
151.04,-33.75,1962,5,"067098",297.6
151.04,-33.75,1962,6,"067098",1.8
151.04,-33.75,1962,7,"067098",76.2
151.04,-33.75,1962,8,"067098",87.9
151.04,-33.75,1962,9,"067098",90.4
151.04,-33.75,1962,10,"067098",33.2
151.04,-33.75,1962,11,"067098",11.2
151.04,-33.75,1962,12,"067098",170.7
151.04,-33.75,1963,1,"067098",131.7
151.04,-33.75,1963,2,"067098",94.5
151.04,-33.75,1963,3,"067098",292.2
151.04,-33.75,1963,4,"067098",271.1
151.04,-33.75,1963,5,"067098",190.7
151.04,-33.75,1963,6,"067098",154.2
151.04,-33.75,1963,7,"067098",48.6
151.04,-33.75,1963,8,"067098",205.9
151.04,-33.75,1963,9,"067098",39
151.04,-33.75,1963,10,"067098",55.9
151.04,-33.75,1963,11,"067098",63.5
151.04,-33.75,1963,12,"067098",223.9
151.04,-33.75,1964,1,"067098",20.4
151.04,-33.75,1964,2,"067098",29.7
151.04,-33.75,1964,3,"067098",175.7
151.04,-33.75,1964,4,"067098",135.8
151.04,-33.75,1964,5,"067098",20.4
151.04,-33.75,1964,6,"067098",361.9
151.04,-33.75,1964,7,"067098",12
151.04,-33.75,1964,8,"067098",29.3
151.04,-33.75,1964,9,"067098",14.2
151.04,-33.75,1964,10,"067098",94.1
151.04,-33.75,1964,11,"067098",76.8
151.04,-33.75,1964,12,"067098",47.7
151.04,-33.75,1965,1,"067098",19.9
151.04,-33.75,1965,2,"067098",7.7
151.04,-33.75,1965,3,"067098",8.7
151.04,-33.75,1965,4,"067098",39.9
151.04,-33.75,1965,5,"067098",23.6
151.04,-33.75,1965,6,"067098",109.2
151.04,-33.75,1965,7,"067098",161.2
151.04,-33.75,1965,8,"067098",17.5
151.04,-33.75,1965,9,"067098",79.6
151.04,-33.75,1965,10,"067098",229.2
151.04,-33.75,1965,11,"067098",22.6
151.04,-33.75,1965,12,"067098",57.8
151.04,-33.75,1966,1,"067098",27.8
151.04,-33.75,1966,2,"067098",144.6
151.04,-33.75,1966,3,"067098",86.7
151.04,-33.75,1966,4,"067098",104
151.04,-33.75,1966,5,"067098",48.1
151.04,-33.75,1966,6,"067098",120
151.04,-33.75,1966,7,"067098",8.7
151.04,-33.75,1966,8,"067098",50.7
151.04,-33.75,1966,9,"067098",48.9
151.04,-33.75,1966,10,"067098",58.6
151.04,-33.75,1966,11,"067098",114.7
151.04,-33.75,1966,12,"067098",104.8
151.04,-33.75,1967,1,"067098",193.9
151.04,-33.75,1967,2,"067098",172.3
151.04,-33.75,1967,3,"067098",191.6
151.04,-33.75,1967,4,"067098",25.4
151.04,-33.75,1967,5,"067098",25.7
151.04,-33.75,1967,6,"067098",231.4
151.04,-33.75,1967,7,"067098",9.9
151.04,-33.75,1967,8,"067098",227.1
151.04,-33.75,1967,9,"067098",59
151.04,-33.75,1967,10,"067098",76.1
151.04,-33.75,1967,11,"067098",50.9
151.04,-33.75,1967,12,"067098",14.2
151.04,-33.75,1968,1,"067098",181.4
151.04,-33.75,1968,2,"067098",14.3
151.04,-33.75,1968,3,"067098",124.2
151.04,-33.75,1968,4,"067098",17.9
151.04,-33.75,1968,5,"067098",127.8
151.04,-33.75,1968,6,"067098",10.5
151.04,-33.75,1968,7,"067098",28.5
151.04,-33.75,1968,8,"067098",30.3
151.04,-33.75,1968,9,"067098",2.6
151.04,-33.75,1968,10,"067098",1.4
151.04,-33.75,1968,11,"067098",24.7
151.04,-33.75,1968,12,"067098",127
151.04,-33.75,1969,1,"067098",48.6
151.04,-33.75,1969,2,"067098",192.8
151.04,-33.75,1969,3,"067098",101.8
151.04,-33.75,1969,4,"067098",174.6
151.04,-33.75,1969,5,"067098",38.4
151.04,-33.75,1969,6,"067098",126.6
151.04,-33.75,1969,7,"067098",26.3
151.04,-33.75,1969,8,"067098",133.7
151.04,-33.75,1969,9,"067098",44.8
151.04,-33.75,1969,10,"067098",79
151.04,-33.75,1969,11,"067098",206.4
151.04,-33.75,1969,12,"067098",31.2
151.04,-33.75,1970,1,"067098",166.3
151.04,-33.75,1970,2,"067098",25.7
151.04,-33.75,1970,3,"067098",81
151.04,-33.75,1970,4,"067098",32.1
151.04,-33.75,1970,5,"067098",14.8
151.04,-33.75,1970,6,"067098",30.6
151.04,-33.75,1970,7,"067098",1.6
151.04,-33.75,1970,8,"067098",26.1
151.04,-33.75,1970,9,"067098",195.3
151.04,-33.75,1970,10,"067098",23.7
151.04,-33.75,1970,11,"067098",117.1
151.04,-33.75,1970,12,"067098",280.9
151.04,-33.75,1971,1,"067098",120.1
151.04,-33.75,1971,2,"067098",189.9
151.04,-33.75,1971,3,"067098",96.4
151.04,-33.75,1971,4,"067098",64.4
151.04,-33.75,1971,5,"067098",58.4
151.04,-33.75,1971,6,"067098",26.1
151.04,-33.75,1971,7,"067098",14.2
151.04,-33.75,1971,8,"067098",42.3
151.04,-33.75,1971,9,"067098",58
151.04,-33.75,1971,10,"067098",1.5
151.04,-33.75,1971,11,"067098",60.2
151.04,-33.75,1971,12,"067098",151.3
151.04,-33.75,1972,1,"067098",385.4
151.04,-33.75,1972,2,"067098",72.9
151.04,-33.75,1972,3,"067098",154.7
151.04,-33.75,1972,4,"067098",84.2
151.04,-33.75,1972,5,"067098",55.8
151.04,-33.75,1972,6,"067098",64.9
151.04,-33.75,1972,7,"067098",2.6
151.04,-33.75,1972,8,"067098",52.4
151.04,-33.75,1972,9,"067098",17.1
151.04,-33.75,1972,10,"067098",186.3
151.04,-33.75,1972,11,"067098",53.3
151.04,-33.75,1972,12,"067098",60.8
151.04,-33.75,1973,1,"067098",76.4
151.04,-33.75,1973,2,"067098",331.6
151.04,-33.75,1973,3,"067098",34.3
151.04,-33.75,1973,4,"067098",26.1
151.04,-33.75,1973,5,"067098",31
151.04,-33.75,1973,6,"067098",46.6
151.04,-33.75,1973,7,"067098",82.6
151.04,-33.75,1973,8,"067098",60.8
151.04,-33.75,1973,9,"067098",44.8
151.04,-33.75,1973,10,"067098",149.8
151.04,-33.75,1973,11,"067098",133.1
151.04,-33.75,1973,12,"067098",57.2
151.04,-33.75,1974,1,"067098",172.3
151.04,-33.75,1974,2,"067098",100.5
151.04,-33.75,1974,3,"067098",217.5
151.04,-33.75,1974,4,"067098",192.6
151.04,-33.75,1974,5,"067098",163.2
151.04,-33.75,1974,6,"067098",220
151.04,-33.75,1974,7,"067098",5.6
151.04,-33.75,1974,8,"067098",47.7
151.04,-33.75,1974,9,"067098",29.9
151.04,-33.75,1974,10,"067098",84
151.04,-33.75,1974,11,"067098",88.6
151.04,-33.75,1974,12,"067098",16
151.04,-33.75,1975,1,"067098",31
151.04,-33.75,1975,2,"067098",168.8
151.04,-33.75,1975,3,"067098",229.2
151.04,-33.75,1975,4,"067098",75.6
151.04,-33.75,1975,5,"067098",11
151.04,-33.75,1975,6,"067098",236.2
151.04,-33.75,1975,7,"067098",178.4
151.04,-33.75,1975,8,"067098",21.6
151.04,-33.75,1975,9,"067098",35.9
151.04,-33.75,1975,10,"067098",109.5
151.04,-33.75,1975,11,"067098",59.5
151.04,-33.75,1975,12,"067098",26.2
151.04,-33.75,1976,1,"067098",251.4
151.04,-33.75,1976,2,"067098",328.2
151.04,-33.75,1976,3,"067098",329.6
151.04,-33.75,1976,4,"067098",21.8
151.04,-33.75,1976,5,"067098",21.5
151.04,-33.75,1976,6,"067098",100.2
151.04,-33.75,1976,7,"067098",121.8
151.04,-33.75,1976,8,"067098",8.2
151.04,-33.75,1976,9,"067098",42.6
151.04,-33.75,1976,10,"067098",225.4
151.04,-33.75,1976,11,"067098",80.5
151.04,-33.75,1976,12,"067098",27.4
151.04,-33.75,1977,1,"067098",78.9
151.04,-33.75,1977,2,"067098",143.2
151.04,-33.75,1977,3,"067098",186.7
151.04,-33.75,1977,4,"067098",8.2
151.04,-33.75,1977,5,"067098",168.1
151.04,-33.75,1977,6,"067098",102.5
151.04,-33.75,1977,7,"067098",2
151.04,-33.75,1977,8,"067098",31.7
151.04,-33.75,1977,9,"067098",24.2
151.04,-33.75,1977,10,"067098",13.6
151.04,-33.75,1977,11,"067098",34
151.04,-33.75,1977,12,"067098",34.9
151.04,-33.75,1978,1,"067098",397.4
151.04,-33.75,1978,2,"067098",23.6
151.04,-33.75,1978,3,"067098",382
151.04,-33.75,1978,4,"067098",91
151.04,-33.75,1978,5,"067098",96.8
151.04,-33.75,1978,6,"067098",326.9
151.04,-33.75,1978,7,"067098",7.7
151.04,-33.75,1978,8,"067098",26.9
151.04,-33.75,1978,9,"067098",92.9
151.04,-33.75,1978,10,"067098",65.7
151.04,-33.75,1978,11,"067098",132.7
151.04,-33.75,1978,12,"067098",83.2
151.04,-33.75,1979,1,"067098",72.9
151.04,-33.75,1979,2,"067098",24.6
151.04,-33.75,1979,3,"067098",95.5
151.04,-33.75,1979,4,"067098",48.8
151.04,-33.75,1979,5,"067098",118.8
151.04,-33.75,1979,6,"067098",136.8
151.04,-33.75,1979,7,"067098",9.5
151.04,-33.75,1979,8,"067098",10.4
151.04,-33.75,1979,9,"067098",26.8
151.04,-33.75,1979,10,"067098",21.7
151.04,-33.75,1979,11,"067098",47.9
151.04,-33.75,1979,12,"067098",6.2
151.04,-33.75,1980,1,"067098",117.7
151.04,-33.75,1980,2,"067098",74.8
151.04,-33.75,1980,3,"067098",39.4
151.04,-33.75,1980,4,"067098",6.5
151.04,-33.75,1980,5,"067098",159.8
151.04,-33.75,1980,6,"067098",49.1
151.04,-33.75,1980,7,"067098",32.8
151.04,-33.75,1980,8,"067098",7.4
151.04,-33.75,1980,9,"067098",5
151.04,-33.75,1980,10,"067098",41.5
151.04,-33.75,1980,11,"067098",45.2
151.04,-33.75,1980,12,"067098",57.8
151.04,-33.75,1981,1,"067098",109.7
151.04,-33.75,1981,2,"067098",191.3
151.04,-33.75,1981,3,"067098",30.6
151.04,-33.75,1981,4,"067098",111.7
151.04,-33.75,1981,5,"067098",104.6
151.04,-33.75,1981,6,"067098",27.6
151.04,-33.75,1981,7,"067098",36.3
151.04,-33.75,1981,8,"067098",7.8
151.04,-33.75,1981,9,"067098",4.1
151.04,-33.75,1981,10,"067098",163.9
151.04,-33.75,1981,11,"067098",138.2
151.04,-33.75,1981,12,"067098",74.2
151.04,-33.75,1982,1,"067098",91.1
151.04,-33.75,1982,2,"067098",25
151.04,-33.75,1982,3,"067098",197.5
151.04,-33.75,1982,4,"067098",8.5
151.04,-33.75,1982,5,"067098",2.2
151.04,-33.75,1982,6,"067098",51.1
151.04,-33.75,1982,7,"067098",41.4
151.04,-33.75,1982,8,"067098",14.9
151.04,-33.75,1982,9,"067098",166.2
151.04,-33.75,1982,10,"067098",55.4
151.04,-33.75,1982,11,"067098",9.2
151.04,-33.75,1982,12,"067098",22.7
151.04,-33.75,1983,1,"067098",41.2
151.04,-33.75,1983,2,"067098",33.9
151.04,-33.75,1983,3,"067098",282
151.04,-33.75,1983,4,"067098",73.8
151.04,-33.75,1983,5,"067098",136.6
151.04,-33.75,1983,6,"067098",68.8
151.04,-33.75,1983,7,"067098",30.4
151.04,-33.75,1983,8,"067098",22.1
151.04,-33.75,1983,9,"067098",87
151.04,-33.75,1983,10,"067098",113.4
151.04,-33.75,1983,11,"067098",26.9
151.04,-33.75,1983,12,"067098",121.7
151.04,-33.75,1984,1,"067098",173.7
151.04,-33.75,1984,2,"067098",113.3
151.04,-33.75,1984,3,"067098",133
151.04,-33.75,1984,4,"067098",119
151.04,-33.75,1984,5,"067098",82.5
151.04,-33.75,1984,6,"067098",74.7
151.04,-33.75,1984,7,"067098",128.5
151.04,-33.75,1984,8,"067098",12.5
151.04,-33.75,1984,9,"067098",41.2
151.04,-33.75,1984,10,"067098",19.8
151.04,-33.75,1984,11,"067098",239.7
151.04,-33.75,1984,12,"067098",85.7
151.04,-33.75,1985,1,"067098",6.4
151.04,-33.75,1985,2,"067098",45.1
151.04,-33.75,1985,3,"067098",61
151.04,-33.75,1985,4,"067098",167.1
151.04,-33.75,1985,5,"067098",126.8
151.04,-33.75,1985,6,"067098",76.5
151.04,-33.75,1985,7,"067098",49.2
151.04,-33.75,1985,8,"067098",21
151.04,-33.75,1985,9,"067098",56.6
151.04,-33.75,1985,10,"067098",156.3
151.04,-33.75,1985,11,"067098",83.9
151.04,-33.75,1985,12,"067098",53.5
151.04,-33.75,1986,1,"067098",185.8
151.04,-33.75,1986,2,"067098",43.8
151.04,-33.75,1986,3,"067098",9.9
151.04,-33.75,1986,4,"067098",30.5
151.04,-33.75,1986,5,"067098",25.1
151.04,-33.75,1986,6,"067098",3.3
151.04,-33.75,1986,7,"067098",25.7
151.04,-33.75,1986,8,"067098",426.2
151.04,-33.75,1986,9,"067098",56.4
151.04,-33.75,1986,10,"067098",37.1
151.04,-33.75,1986,11,"067098",216
151.04,-33.75,1986,12,"067098",15
151.04,-33.75,1987,1,"067098",56.6
151.04,-33.75,1987,2,"067098",18.3
151.04,-33.75,1987,3,"067098",175.8
151.04,-33.75,1987,4,"067098",49.9
151.04,-33.75,1987,5,"067098",59.1
151.04,-33.75,1987,6,"067098",59.9
151.04,-33.75,1987,7,"067098",51.5
151.04,-33.75,1987,8,"067098",245.5
151.04,-33.75,1987,9,"067098",5
151.04,-33.75,1987,10,"067098",274.9
151.04,-33.75,1987,11,"067098",114.5
151.04,-33.75,1987,12,"067098",85.8
151.04,-33.75,1988,1,"067098",209.5
151.04,-33.75,1988,2,"067098",180.4
151.04,-33.75,1988,3,"067098",111
151.04,-33.75,1988,4,"067098",665.6
151.04,-33.75,1988,5,"067098",213.7
151.04,-33.75,1988,6,"067098",64.7
151.04,-33.75,1988,7,"067098",197.6
151.04,-33.75,1988,8,"067098",39.3
151.04,-33.75,1988,9,"067098",120.2
151.04,-33.75,1988,10,"067098",0
151.04,-33.75,1988,11,"067098",121.5
151.04,-33.75,1988,12,"067098",158.8
151.04,-33.75,1989,1,"067098",103.2
151.04,-33.75,1989,2,"067098",67.4
151.04,-33.75,1989,3,"067098",160.8
151.04,-33.75,1989,4,"067098",279
151.04,-33.75,1989,5,"067098",132.6
151.04,-33.75,1989,6,"067098",214.2
151.04,-33.75,1989,7,"067098",13.8
151.04,-33.75,1989,8,"067098",78
151.04,-33.75,1989,9,"067098",0
151.04,-33.75,1989,10,"067098",13
151.04,-33.75,1989,11,"067098",49.4
151.04,-33.75,1989,12,"067098",103.4
151.04,-33.75,1990,1,"067098",88.1
151.04,-33.75,1990,2,"067098",741.3
151.04,-33.75,1990,3,"067098",127.2
151.04,-33.75,1990,4,"067098",275.2
151.04,-33.75,1990,5,"067098",109.8
151.04,-33.75,1990,6,"067098",23.2
151.04,-33.75,1990,7,"067098",52.8
151.04,-33.75,1990,8,"067098",186.4
151.04,-33.75,1990,9,"067098",102.3
151.04,-33.75,1990,10,"067098",62
151.04,-33.75,1990,11,"067098",25.8
151.04,-33.75,1990,12,"067098",20.5
151.04,-33.75,1991,1,"067098",93.8
151.04,-33.75,1991,2,"067098",41.2
151.04,-33.75,1991,3,"067098",11.9
151.04,-33.75,1991,4,"067098",13.8
151.04,-33.75,1991,5,"067098",45.8
151.04,-33.75,1991,6,"067098",394.8
151.04,-33.75,1991,7,"067098",82.9
151.04,-33.75,1991,8,"067098",9.4
151.04,-33.75,1991,9,"067098",11.4
151.04,-33.75,1991,10,"067098",9.2
151.04,-33.75,1991,11,"067098",61.2
151.04,-33.75,1991,12,"067098",203.4
151.04,-33.75,1992,1,"067098",59.6
151.04,-33.75,1992,2,"067098",413
151.04,-33.75,1992,3,"067098",99.5
151.04,-33.75,1992,4,"067098",84.8
151.04,-33.75,1992,5,"067098",47.6
151.04,-33.75,1992,6,"067098",61.7
151.04,-33.75,1992,7,"067098",8.5
151.04,-33.75,1992,8,"067098",14.8
151.04,-33.75,1992,9,"067098",26.6
151.04,-33.75,1992,10,"067098",40.6
151.04,-33.75,1992,11,"067098",152.8
151.04,-33.75,1992,12,"067098",158
151.04,-33.75,1993,1,"067098",85.8
151.04,-33.75,1993,2,"067098",53.8
151.04,-33.75,1993,3,"067098",76.8
151.04,-33.75,1993,4,"067098",51.6
151.04,-33.75,1993,5,"067098",10
151.04,-33.75,1993,6,"067098",31.8
151.04,-33.75,1993,7,"067098",62.4
151.04,-33.75,1993,8,"067098",41.8
151.04,-33.75,1993,9,"067098",69.2
151.04,-33.75,1993,10,"067098",46.6
151.04,-33.75,1993,11,"067098",93
151.04,-33.75,1993,12,"067098",37
151.04,-33.75,1994,1,"067098",24.8
151.04,-33.75,1994,2,"067098",94.6
151.04,-33.75,1994,3,"067098",136.8
151.04,-33.75,1994,4,"067098",99.6
151.04,-33.75,1994,5,"067098",24.8
151.04,-33.75,1994,6,"067098",63.4
151.04,-33.75,1994,7,"067098",21.6
151.04,-33.75,1994,8,"067098",2.8
151.04,-33.75,1994,9,"067098",28
151.04,-33.75,1994,10,"067098",25.6
151.04,-33.75,1994,11,"067098",43
151.04,-33.75,1994,12,"067098",85.6
151.04,-33.75,1995,1,"067098",125
151.04,-33.75,1995,2,"067098",45
151.04,-33.75,1995,3,"067098",226
151.04,-33.75,1995,4,"067098",36
151.04,-33.75,1995,5,"067098",166.8
151.04,-33.75,1995,6,"067098",62.8
151.04,-33.75,1995,7,"067098",3.8
151.04,-33.75,1995,8,"067098",0
151.04,-33.75,1995,9,"067098",160.4
151.04,-33.75,1995,10,"067098",27
151.04,-33.75,1995,11,"067098",103
151.04,-33.75,1995,12,"067098",109
151.04,-33.75,1996,1,"067098",181.2
151.04,-33.75,1996,2,"067098",41
151.04,-33.75,1996,3,"067098",47.6
151.04,-33.75,1996,4,"067098",27.6
151.04,-33.75,1996,5,"067098",151
151.04,-33.75,1996,6,"067098",55.7
151.04,-33.75,1996,7,"067098",11.9
151.04,-33.75,1996,8,"067098",144.6
151.04,-33.75,1996,9,"067098",77
151.04,-33.75,1996,10,"067098",26
151.04,-33.75,1996,11,"067098",91
151.04,-33.75,1996,12,"067098",28.4
151.04,-33.75,1997,1,"067098",180.2
151.04,-33.75,1997,2,"067098",144.4
151.04,-33.75,1997,3,"067098",26.8
151.04,-33.75,1997,4,"067098",2.2
151.04,-33.75,1997,5,"067098",40.4
151.04,-33.75,1997,6,"067098",55.6
151.04,-33.75,1997,7,"067098",71
151.04,-33.75,1997,8,"067098",6.2
151.04,-33.75,1997,9,"067098",97
151.04,-33.75,1997,10,"067098",52.4
151.04,-33.75,1997,11,"067098",22.2
151.04,-33.75,1997,12,"067098",23.4
151.04,-33.75,1998,1,"067098",105.8
151.04,-33.75,1998,2,"067098",60.4
151.04,-33.75,1998,3,"067098",17.2
151.04,-33.75,1998,4,"067098",235.2
151.04,-33.75,1998,5,"067098",293.8
151.04,-33.75,1998,6,"067098",63.6
151.04,-33.75,1998,7,"067098",76.3
151.04,-33.75,1998,8,"067098",268
151.04,-33.75,1998,9,"067098",38.5
151.04,-33.75,1998,10,"067098",38.2
151.04,-33.75,1998,11,"067098",71.4
151.04,-33.75,1998,12,"067098",54
151.04,-33.75,1999,1,"067098",196.7
151.04,-33.75,1999,2,"067098",196.2
151.04,-33.75,1999,3,"067098",38.6
151.04,-33.75,1999,4,"067098",163.9
151.04,-33.75,1999,5,"067098",42.8
151.04,-33.75,1999,6,"067098",47.4
151.04,-33.75,1999,7,"067098",NA
151.04,-33.75,1999,8,"067098",63
151.04,-33.75,1999,9,"067098",31.2
151.04,-33.75,1999,10,"067098",153.5
151.04,-33.75,1999,11,"067098",53
151.04,-33.75,1999,12,"067098",124
151.04,-33.75,2000,1,"067098",43.2
151.04,-33.75,2000,2,"067098",15
151.04,-33.75,2000,3,"067098",265.5
151.04,-33.75,2000,4,"067098",51.8
151.04,-33.75,2000,5,"067098",37.6
151.04,-33.75,2000,6,"067098",NA
151.04,-33.75,2000,7,"067098",21.2
151.04,-33.75,2000,8,"067098",8.6
151.04,-33.75,2000,9,"067098",35.5
151.04,-33.75,2000,10,"067098",64
151.04,-33.75,2000,11,"067098",168.6
151.04,-33.75,2000,12,"067098",97.8
151.04,-33.75,2001,1,"067098",194.4
151.04,-33.75,2001,2,"067098",NA
151.04,-33.75,2001,3,"067098",NA
151.04,-33.75,2001,4,"067098",67.6
151.04,-33.75,2001,5,"067098",145.2
151.04,-33.75,2001,6,"067098",9.6
151.04,-33.75,2001,7,"067098",73.8
151.04,-33.75,2001,8,"067098",43
151.04,-33.75,2001,9,"067098",NA
151.04,-33.75,2001,10,"067098",NA
151.04,-33.75,2001,11,"067098",NA
151.04,-33.75,2001,12,"067098",44.8
151.04,-33.75,2002,1,"067098",59.4
151.04,-33.75,2002,2,"067098",334.5
151.04,-33.75,2002,3,"067098",147.9
151.04,-33.75,2002,4,"067098",29.6
151.04,-33.75,2002,5,"067098",52.8
151.04,-33.75,2002,6,"067098",19.2
151.04,-33.75,2002,7,"067098",10.8
151.04,-33.75,2002,8,"067098",14.5
151.04,-33.75,2002,9,"067098",15.9
151.04,-33.75,2002,10,"067098",5.1
151.04,-33.75,2002,11,"067098",38
151.04,-33.75,2002,12,"067098",93.2
151.04,-33.75,2003,1,"067098",10
151.04,-33.75,2003,2,"067098",109
151.04,-33.75,2003,3,"067098",168.7
151.04,-33.75,2003,4,"067098",NA
151.04,-33.75,2003,5,"067098",182.5
151.04,-33.75,2003,6,"067098",42.6
151.04,-33.75,2003,7,"067098",NA
151.04,-33.75,2003,8,"067098",NA
151.04,-33.75,2003,9,"067098",2.8
151.04,-33.75,2003,10,"067098",NA
151.04,-33.75,2003,11,"067098",NA
151.04,-33.75,2003,12,"067098",NA
151.04,-33.75,2004,1,"067098",NA
151.04,-33.75,2004,2,"067098",100.6
151.04,-33.75,2004,3,"067098",69.2
151.04,-33.75,2004,4,"067098",NA
151.04,-33.75,2004,5,"067098",7.4
151.04,-33.75,2004,6,"067098",NA
151.04,-33.75,2004,7,"067098",33.2
151.04,-33.75,2004,8,"067098",31.2
151.04,-33.75,2004,9,"067098",35.2
151.04,-33.75,2004,10,"067098",NA
151.04,-33.75,2004,11,"067098",NA
151.04,-33.75,2004,12,"067098",NA
151.04,-33.75,2005,1,"067098",NA
151.04,-33.75,2005,2,"067098",NA
151.04,-33.75,2005,3,"067098",38.1
151.04,-33.75,2005,4,"067098",NA
151.04,-33.75,2005,5,"067098",51.8
151.04,-33.75,2005,6,"067098",NA
151.04,-33.75,2005,7,"067098",NA
151.04,-33.75,2005,8,"067098",2.8
151.04,-33.75,2005,9,"067098",NA
151.04,-33.75,2005,10,"067098",40.1
151.04,-33.75,2005,11,"067098",NA
151.04,-33.75,2005,12,"067098",32
151.04,-33.75,2006,1,"067098",NA
151.04,-33.75,2006,2,"067098",NA
151.04,-33.75,2006,3,"067098",29.8
151.04,-33.75,2006,4,"067098",10.4
151.04,-33.75,2006,5,"067098",NA
151.04,-33.75,2006,6,"067098",NA
151.04,-33.75,2006,7,"067098",NA
151.04,-33.75,2006,8,"067098",NA
151.04,-33.75,2006,9,"067098",NA
151.04,-33.75,2006,10,"067098",NA
151.04,-33.75,2006,11,"067098",NA
151.04,-33.75,2006,12,"067098",NA
