"Lon","Lat","Year","Month","Station","Rain"
141.63,-38.14,1949,1,"090048",NA
141.63,-38.14,1949,2,"090048",NA
141.63,-38.14,1949,3,"090048",NA
141.63,-38.14,1949,4,"090048",NA
141.63,-38.14,1949,5,"090048",NA
141.63,-38.14,1949,6,"090048",NA
141.63,-38.14,1949,7,"090048",NA
141.63,-38.14,1949,8,"090048",NA
141.63,-38.14,1949,9,"090048",NA
141.63,-38.14,1949,10,"090048",NA
141.63,-38.14,1949,11,"090048",NA
141.63,-38.14,1949,12,"090048",14
141.63,-38.14,1950,1,"090048",26.7
141.63,-38.14,1950,2,"090048",32
141.63,-38.14,1950,3,"090048",25.9
141.63,-38.14,1950,4,"090048",67.6
141.63,-38.14,1950,5,"090048",45.6
141.63,-38.14,1950,6,"090048",35.2
141.63,-38.14,1950,7,"090048",76
141.63,-38.14,1950,8,"090048",90
141.63,-38.14,1950,9,"090048",75.7
141.63,-38.14,1950,10,"090048",63.5
141.63,-38.14,1950,11,"090048",55.6
141.63,-38.14,1950,12,"090048",22.1
141.63,-38.14,1951,1,"090048",20.6
141.63,-38.14,1951,2,"090048",24.7
141.63,-38.14,1951,3,"090048",6.4
141.63,-38.14,1951,4,"090048",132.2
141.63,-38.14,1951,5,"090048",147.2
141.63,-38.14,1951,6,"090048",39.2
141.63,-38.14,1951,7,"090048",150.8
141.63,-38.14,1951,8,"090048",186.5
141.63,-38.14,1951,9,"090048",49.4
141.63,-38.14,1951,10,"090048",103.2
141.63,-38.14,1951,11,"090048",47.4
141.63,-38.14,1951,12,"090048",49.9
141.63,-38.14,1952,1,"090048",106.3
141.63,-38.14,1952,2,"090048",36.6
141.63,-38.14,1952,3,"090048",19.1
141.63,-38.14,1952,4,"090048",102.2
141.63,-38.14,1952,5,"090048",125.7
141.63,-38.14,1952,6,"090048",187.6
141.63,-38.14,1952,7,"090048",82.3
141.63,-38.14,1952,8,"090048",145.8
141.63,-38.14,1952,9,"090048",108.4
141.63,-38.14,1952,10,"090048",56.1
141.63,-38.14,1952,11,"090048",145.5
141.63,-38.14,1952,12,"090048",67.9
141.63,-38.14,1953,1,"090048",5.1
141.63,-38.14,1953,2,"090048",NA
141.63,-38.14,1953,3,"090048",NA
141.63,-38.14,1953,4,"090048",13.7
141.63,-38.14,1953,5,"090048",54.6
141.63,-38.14,1953,6,"090048",140.2
141.63,-38.14,1953,7,"090048",103.3
141.63,-38.14,1953,8,"090048",90.8
141.63,-38.14,1953,9,"090048",96.6
141.63,-38.14,1953,10,"090048",77.2
141.63,-38.14,1953,11,"090048",90.5
141.63,-38.14,1953,12,"090048",50
141.63,-38.14,1954,1,"090048",23.9
141.63,-38.14,1954,2,"090048",15.7
141.63,-38.14,1954,3,"090048",38.7
141.63,-38.14,1954,4,"090048",NA
141.63,-38.14,1954,5,"090048",NA
141.63,-38.14,1954,6,"090048",108.5
141.63,-38.14,1954,7,"090048",59.5
141.63,-38.14,1954,8,"090048",82.7
141.63,-38.14,1954,9,"090048",71.8
141.63,-38.14,1954,10,"090048",54.8
141.63,-38.14,1954,11,"090048",78
141.63,-38.14,1954,12,"090048",50.1
141.63,-38.14,1955,1,"090048",29.3
141.63,-38.14,1955,2,"090048",61
141.63,-38.14,1955,3,"090048",13
141.63,-38.14,1955,4,"090048",70.5
141.63,-38.14,1955,5,"090048",159
141.63,-38.14,1955,6,"090048",136
141.63,-38.14,1955,7,"090048",80.8
141.63,-38.14,1955,8,"090048",196
141.63,-38.14,1955,9,"090048",59.5
141.63,-38.14,1955,10,"090048",63.9
141.63,-38.14,1955,11,"090048",65.7
141.63,-38.14,1955,12,"090048",49
141.63,-38.14,1956,1,"090048",38.3
141.63,-38.14,1956,2,"090048",3
141.63,-38.14,1956,3,"090048",84.5
141.63,-38.14,1956,4,"090048",159.2
141.63,-38.14,1956,5,"090048",62.4
141.63,-38.14,1956,6,"090048",172
141.63,-38.14,1956,7,"090048",91.1
141.63,-38.14,1956,8,"090048",132.1
141.63,-38.14,1956,9,"090048",67.6
141.63,-38.14,1956,10,"090048",96.6
141.63,-38.14,1956,11,"090048",55.9
141.63,-38.14,1956,12,"090048",49.9
141.63,-38.14,1957,1,"090048",8.5
141.63,-38.14,1957,2,"090048",63.1
141.63,-38.14,1957,3,"090048",47.2
141.63,-38.14,1957,4,"090048",82.2
141.63,-38.14,1957,5,"090048",94.6
141.63,-38.14,1957,6,"090048",41.8
141.63,-38.14,1957,7,"090048",39.6
141.63,-38.14,1957,8,"090048",82.2
141.63,-38.14,1957,9,"090048",124.2
141.63,-38.14,1957,10,"090048",79.8
141.63,-38.14,1957,11,"090048",102.4
141.63,-38.14,1957,12,"090048",66
141.63,-38.14,1958,1,"090048",21.3
141.63,-38.14,1958,2,"090048",25.4
141.63,-38.14,1958,3,"090048",39
141.63,-38.14,1958,4,"090048",30.3
141.63,-38.14,1958,5,"090048",157.6
141.63,-38.14,1958,6,"090048",45.9
141.63,-38.14,1958,7,"090048",155.5
141.63,-38.14,1958,8,"090048",151.8
141.63,-38.14,1958,9,"090048",78.7
141.63,-38.14,1958,10,"090048",91.5
141.63,-38.14,1958,11,"090048",46.3
141.63,-38.14,1958,12,"090048",33.4
141.63,-38.14,1959,1,"090048",8.6
141.63,-38.14,1959,2,"090048",38.1
141.63,-38.14,1959,3,"090048",38.9
141.63,-38.14,1959,4,"090048",28.1
141.63,-38.14,1959,5,"090048",16.7
141.63,-38.14,1959,6,"090048",55.8
141.63,-38.14,1959,7,"090048",60
141.63,-38.14,1959,8,"090048",109.1
141.63,-38.14,1959,9,"090048",55.8
141.63,-38.14,1959,10,"090048",27.5
141.63,-38.14,1959,11,"090048",18.1
141.63,-38.14,1959,12,"090048",118.4
141.63,-38.14,1960,1,"090048",73
141.63,-38.14,1960,2,"090048",52.1
141.63,-38.14,1960,3,"090048",60.1
141.63,-38.14,1960,4,"090048",89.9
141.63,-38.14,1960,5,"090048",145.7
141.63,-38.14,1960,6,"090048",76.4
141.63,-38.14,1960,7,"090048",110.2
141.63,-38.14,1960,8,"090048",86.6
141.63,-38.14,1960,9,"090048",130.2
141.63,-38.14,1960,10,"090048",70.5
141.63,-38.14,1960,11,"090048",66.6
141.63,-38.14,1960,12,"090048",24.3
141.63,-38.14,1961,1,"090048",17.8
141.63,-38.14,1961,2,"090048",9
141.63,-38.14,1961,3,"090048",9.3
141.63,-38.14,1961,4,"090048",72
141.63,-38.14,1961,5,"090048",40.9
141.63,-38.14,1961,6,"090048",83.9
141.63,-38.14,1961,7,"090048",92.8
141.63,-38.14,1961,8,"090048",73.5
141.63,-38.14,1961,9,"090048",41.2
141.63,-38.14,1961,10,"090048",50.8
141.63,-38.14,1961,11,"090048",23
141.63,-38.14,1961,12,"090048",54.8
141.63,-38.14,1962,1,"090048",9.9
141.63,-38.14,1962,2,"090048",36.6
141.63,-38.14,1962,3,"090048",42.3
141.63,-38.14,1962,4,"090048",20.5
141.63,-38.14,1962,5,"090048",98.9
141.63,-38.14,1962,6,"090048",149.8
141.63,-38.14,1962,7,"090048",53.6
141.63,-38.14,1962,8,"090048",86.4
141.63,-38.14,1962,9,"090048",58.6
141.63,-38.14,1962,10,"090048",102
141.63,-38.14,1962,11,"090048",27.4
141.63,-38.14,1962,12,"090048",39.1
141.63,-38.14,1963,1,"090048",94.1
141.63,-38.14,1963,2,"090048",11.8
141.63,-38.14,1963,3,"090048",24.4
141.63,-38.14,1963,4,"090048",5.6
141.63,-38.14,1963,5,"090048",100.5
141.63,-38.14,1963,6,"090048",83.8
141.63,-38.14,1963,7,"090048",115.3
141.63,-38.14,1963,8,"090048",74
141.63,-38.14,1963,9,"090048",90.2
141.63,-38.14,1963,10,"090048",28.3
141.63,-38.14,1963,11,"090048",27.4
141.63,-38.14,1963,12,"090048",9.8
141.63,-38.14,1964,1,"090048",35.9
141.63,-38.14,1964,2,"090048",46.6
141.63,-38.14,1964,3,"090048",30.2
141.63,-38.14,1964,4,"090048",44.9
141.63,-38.14,1964,5,"090048",75.1
141.63,-38.14,1964,6,"090048",145.2
141.63,-38.14,1964,7,"090048",200.1
141.63,-38.14,1964,8,"090048",126.8
141.63,-38.14,1964,9,"090048",97
141.63,-38.14,1964,10,"090048",78.2
141.63,-38.14,1964,11,"090048",61.5
141.63,-38.14,1964,12,"090048",75.4
141.63,-38.14,1965,1,"090048",9.2
141.63,-38.14,1965,2,"090048",4.4
141.63,-38.14,1965,3,"090048",46.6
141.63,-38.14,1965,4,"090048",87.1
141.63,-38.14,1965,5,"090048",119.5
141.63,-38.14,1965,6,"090048",47.8
141.63,-38.14,1965,7,"090048",108.5
141.63,-38.14,1965,8,"090048",86.7
141.63,-38.14,1965,9,"090048",84.8
141.63,-38.14,1965,10,"090048",27.8
141.63,-38.14,1965,11,"090048",99.5
141.63,-38.14,1965,12,"090048",47.3
141.63,-38.14,1966,1,"090048",31.2
141.63,-38.14,1966,2,"090048",19.1
141.63,-38.14,1966,3,"090048",44.7
141.63,-38.14,1966,4,"090048",73.9
141.63,-38.14,1966,5,"090048",36.8
141.63,-38.14,1966,6,"090048",58.6
141.63,-38.14,1966,7,"090048",146.7
141.63,-38.14,1966,8,"090048",110.7
141.63,-38.14,1966,9,"090048",71.6
141.63,-38.14,1966,10,"090048",54.9
141.63,-38.14,1966,11,"090048",46
141.63,-38.14,1966,12,"090048",106.3
141.63,-38.14,1967,1,"090048",25.6
141.63,-38.14,1967,2,"090048",32.3
141.63,-38.14,1967,3,"090048",26.9
141.63,-38.14,1967,4,"090048",16.1
141.63,-38.14,1967,5,"090048",31.5
141.63,-38.14,1967,6,"090048",20.4
141.63,-38.14,1967,7,"090048",121.8
141.63,-38.14,1967,8,"090048",111.3
141.63,-38.14,1967,9,"090048",39.3
141.63,-38.14,1967,10,"090048",18.2
141.63,-38.14,1967,11,"090048",22.9
141.63,-38.14,1967,12,"090048",74.8
141.63,-38.14,1968,1,"090048",12.2
141.63,-38.14,1968,2,"090048",19.3
141.63,-38.14,1968,3,"090048",61.4
141.63,-38.14,1968,4,"090048",111.9
141.63,-38.14,1968,5,"090048",224.6
141.63,-38.14,1968,6,"090048",123.9
141.63,-38.14,1968,7,"090048",108.2
141.63,-38.14,1968,8,"090048",153.5
141.63,-38.14,1968,9,"090048",75.1
141.63,-38.14,1968,10,"090048",176
141.63,-38.14,1968,11,"090048",118.5
141.63,-38.14,1968,12,"090048",28.4
141.63,-38.14,1969,1,"090048",30.8
141.63,-38.14,1969,2,"090048",113.8
141.63,-38.14,1969,3,"090048",37.2
141.63,-38.14,1969,4,"090048",64.4
141.63,-38.14,1969,5,"090048",77.7
141.63,-38.14,1969,6,"090048",27.5
141.63,-38.14,1969,7,"090048",105.5
141.63,-38.14,1969,8,"090048",90.5
141.63,-38.14,1969,9,"090048",114.7
141.63,-38.14,1969,10,"090048",50.1
141.63,-38.14,1969,11,"090048",49.6
141.63,-38.14,1969,12,"090048",63.5
141.63,-38.14,1970,1,"090048",85.9
141.63,-38.14,1970,2,"090048",7.9
141.63,-38.14,1970,3,"090048",62.2
141.63,-38.14,1970,4,"090048",77.5
141.63,-38.14,1970,5,"090048",86.7
141.63,-38.14,1970,6,"090048",89.1
141.63,-38.14,1970,7,"090048",134.5
141.63,-38.14,1970,8,"090048",191
141.63,-38.14,1970,9,"090048",110.2
141.63,-38.14,1970,10,"090048",41
141.63,-38.14,1970,11,"090048",61.8
141.63,-38.14,1970,12,"090048",98.4
141.63,-38.14,1971,1,"090048",33
141.63,-38.14,1971,2,"090048",26.2
141.63,-38.14,1971,3,"090048",51.6
141.63,-38.14,1971,4,"090048",187
141.63,-38.14,1971,5,"090048",165
141.63,-38.14,1971,6,"090048",121.8
141.63,-38.14,1971,7,"090048",49.5
141.63,-38.14,1971,8,"090048",131.4
141.63,-38.14,1971,9,"090048",91.2
141.63,-38.14,1971,10,"090048",130.2
141.63,-38.14,1971,11,"090048",96.8
141.63,-38.14,1971,12,"090048",81.4
141.63,-38.14,1972,1,"090048",117.3
141.63,-38.14,1972,2,"090048",61.2
141.63,-38.14,1972,3,"090048",25.6
141.63,-38.14,1972,4,"090048",85.8
141.63,-38.14,1972,5,"090048",31.9
141.63,-38.14,1972,6,"090048",56.2
141.63,-38.14,1972,7,"090048",121.9
141.63,-38.14,1972,8,"090048",80.4
141.63,-38.14,1972,9,"090048",56.4
141.63,-38.14,1972,10,"090048",40.5
141.63,-38.14,1972,11,"090048",51.4
141.63,-38.14,1972,12,"090048",6.4
141.63,-38.14,1973,1,"090048",25
141.63,-38.14,1973,2,"090048",51.6
141.63,-38.14,1973,3,"090048",57.2
141.63,-38.14,1973,4,"090048",72.7
141.63,-38.14,1973,5,"090048",111
141.63,-38.14,1973,6,"090048",115.3
141.63,-38.14,1973,7,"090048",59.5
141.63,-38.14,1973,8,"090048",93.8
141.63,-38.14,1973,9,"090048",141.2
141.63,-38.14,1973,10,"090048",110
141.63,-38.14,1973,11,"090048",50.8
141.63,-38.14,1973,12,"090048",45.6
141.63,-38.14,1974,1,"090048",11.4
141.63,-38.14,1974,2,"090048",31.6
141.63,-38.14,1974,3,"090048",48.6
141.63,-38.14,1974,4,"090048",92.9
141.63,-38.14,1974,5,"090048",41
141.63,-38.14,1974,6,"090048",56.2
141.63,-38.14,1974,7,"090048",186
141.63,-38.14,1974,8,"090048",109.7
141.63,-38.14,1974,9,"090048",112.8
141.63,-38.14,1974,10,"090048",59.3
141.63,-38.14,1974,11,"090048",66.8
141.63,-38.14,1974,12,"090048",42.6
141.63,-38.14,1975,1,"090048",26.6
141.63,-38.14,1975,2,"090048",8
141.63,-38.14,1975,3,"090048",75.6
141.63,-38.14,1975,4,"090048",37.2
141.63,-38.14,1975,5,"090048",101.4
141.63,-38.14,1975,6,"090048",78.3
141.63,-38.14,1975,7,"090048",158.3
141.63,-38.14,1975,8,"090048",147.1
141.63,-38.14,1975,9,"090048",70.5
141.63,-38.14,1975,10,"090048",132.9
141.63,-38.14,1975,11,"090048",71.6
141.63,-38.14,1975,12,"090048",22.6
141.63,-38.14,1976,1,"090048",16.4
141.63,-38.14,1976,2,"090048",26.8
141.63,-38.14,1976,3,"090048",14.1
141.63,-38.14,1976,4,"090048",51.9
141.63,-38.14,1976,5,"090048",50.3
141.63,-38.14,1976,6,"090048",116.4
141.63,-38.14,1976,7,"090048",61.7
141.63,-38.14,1976,8,"090048",99.1
141.63,-38.14,1976,9,"090048",140.4
141.63,-38.14,1976,10,"090048",165.8
141.63,-38.14,1976,11,"090048",73.4
141.63,-38.14,1976,12,"090048",61.7
141.63,-38.14,1977,1,"090048",29.7
141.63,-38.14,1977,2,"090048",35.8
141.63,-38.14,1977,3,"090048",57.3
141.63,-38.14,1977,4,"090048",38.8
141.63,-38.14,1977,5,"090048",100.6
141.63,-38.14,1977,6,"090048",132.9
141.63,-38.14,1977,7,"090048",91.9
141.63,-38.14,1977,8,"090048",60.7
141.63,-38.14,1977,9,"090048",38.7
141.63,-38.14,1977,10,"090048",40.9
141.63,-38.14,1977,11,"090048",130.2
141.63,-38.14,1977,12,"090048",21.6
141.63,-38.14,1978,1,"090048",23.6
141.63,-38.14,1978,2,"090048",21.9
141.63,-38.14,1978,3,"090048",44.5
141.63,-38.14,1978,4,"090048",81.1
141.63,-38.14,1978,5,"090048",82.9
141.63,-38.14,1978,6,"090048",61.8
141.63,-38.14,1978,7,"090048",122.2
141.63,-38.14,1978,8,"090048",106
141.63,-38.14,1978,9,"090048",88.6
141.63,-38.14,1978,10,"090048",57
141.63,-38.14,1978,11,"090048",106.2
141.63,-38.14,1978,12,"090048",62
141.63,-38.14,1979,1,"090048",44
141.63,-38.14,1979,2,"090048",21.6
141.63,-38.14,1979,3,"090048",17.2
141.63,-38.14,1979,4,"090048",50
141.63,-38.14,1979,5,"090048",65.4
141.63,-38.14,1979,6,"090048",58.2
141.63,-38.14,1979,7,"090048",74.4
141.63,-38.14,1979,8,"090048",123.8
141.63,-38.14,1979,9,"090048",133.8
141.63,-38.14,1979,10,"090048",112.1
141.63,-38.14,1979,11,"090048",50.4
141.63,-38.14,1979,12,"090048",48.2
141.63,-38.14,1980,1,"090048",40
141.63,-38.14,1980,2,"090048",5.6
141.63,-38.14,1980,3,"090048",6.7
141.63,-38.14,1980,4,"090048",52.9
141.63,-38.14,1980,5,"090048",56.5
141.63,-38.14,1980,6,"090048",74.3
141.63,-38.14,1980,7,"090048",90.7
141.63,-38.14,1980,8,"090048",87.9
141.63,-38.14,1980,9,"090048",91.8
141.63,-38.14,1980,10,"090048",91.1
141.63,-38.14,1980,11,"090048",49.6
141.63,-38.14,1980,12,"090048",31.4
141.63,-38.14,1981,1,"090048",52.2
141.63,-38.14,1981,2,"090048",11.5
141.63,-38.14,1981,3,"090048",46.1
141.63,-38.14,1981,4,"090048",20.7
141.63,-38.14,1981,5,"090048",89.8
141.63,-38.14,1981,6,"090048",97.7
141.63,-38.14,1981,7,"090048",141.2
141.63,-38.14,1981,8,"090048",191.3
141.63,-38.14,1981,9,"090048",53.1
141.63,-38.14,1981,10,"090048",62.7
141.63,-38.14,1981,11,"090048",34.7
141.63,-38.14,1981,12,"090048",19.3
141.63,-38.14,1982,1,"090048",32.4
141.63,-38.14,1982,2,"090048",12.2
141.63,-38.14,1982,3,"090048",53.4
141.63,-38.14,1982,4,"090048",60.7
141.63,-38.14,1982,5,"090048",75.6
141.63,-38.14,1982,6,"090048",83.7
141.63,-38.14,1982,7,"090048",52.4
141.63,-38.14,1982,8,"090048",22.9
141.63,-38.14,1982,9,"090048",62.7
141.63,-38.14,1982,10,"090048",59.3
141.63,-38.14,1982,11,"090048",22
141.63,-38.14,1982,12,"090048",24.3
141.63,-38.14,1983,1,"090048",34.9
141.63,-38.14,1983,2,"090048",0.9
141.63,-38.14,1983,3,"090048",225.4
141.63,-38.14,1983,4,"090048",115.7
141.63,-38.14,1983,5,"090048",110
141.63,-38.14,1983,6,"090048",90.2
141.63,-38.14,1983,7,"090048",89.3
141.63,-38.14,1983,8,"090048",117.9
141.63,-38.14,1983,9,"090048",168.2
141.63,-38.14,1983,10,"090048",32.7
141.63,-38.14,1983,11,"090048",98.2
141.63,-38.14,1983,12,"090048",18.9
141.63,-38.14,1984,1,"090048",24.1
141.63,-38.14,1984,2,"090048",9.3
141.63,-38.14,1984,3,"090048",130.4
141.63,-38.14,1984,4,"090048",76
141.63,-38.14,1984,5,"090048",46.7
141.63,-38.14,1984,6,"090048",57.2
141.63,-38.14,1984,7,"090048",162.6
141.63,-38.14,1984,8,"090048",118.4
141.63,-38.14,1984,9,"090048",137.4
141.63,-38.14,1984,10,"090048",47.8
141.63,-38.14,1984,11,"090048",66.7
141.63,-38.14,1984,12,"090048",49
141.63,-38.14,1985,1,"090048",9.4
141.63,-38.14,1985,2,"090048",10.8
141.63,-38.14,1985,3,"090048",52.8
141.63,-38.14,1985,4,"090048",73
141.63,-38.14,1985,5,"090048",63.2
141.63,-38.14,1985,6,"090048",100.8
141.63,-38.14,1985,7,"090048",97.6
141.63,-38.14,1985,8,"090048",79
141.63,-38.14,1985,9,"090048",48.3
141.63,-38.14,1985,10,"090048",105.2
141.63,-38.14,1985,11,"090048",82.8
141.63,-38.14,1985,12,"090048",126.4
141.63,-38.14,1986,1,"090048",13.8
141.63,-38.14,1986,2,"090048",13.7
141.63,-38.14,1986,3,"090048",6
141.63,-38.14,1986,4,"090048",87
141.63,-38.14,1986,5,"090048",102.4
141.63,-38.14,1986,6,"090048",85.4
141.63,-38.14,1986,7,"090048",120.9
141.63,-38.14,1986,8,"090048",86.6
141.63,-38.14,1986,9,"090048",80.6
141.63,-38.14,1986,10,"090048",119.4
141.63,-38.14,1986,11,"090048",24.6
141.63,-38.14,1986,12,"090048",144.4
141.63,-38.14,1987,1,"090048",25.2
141.63,-38.14,1987,2,"090048",36.2
141.63,-38.14,1987,3,"090048",35.4
141.63,-38.14,1987,4,"090048",42
141.63,-38.14,1987,5,"090048",129
141.63,-38.14,1987,6,"090048",80.2
141.63,-38.14,1987,7,"090048",75.4
141.63,-38.14,1987,8,"090048",59.4
141.63,-38.14,1987,9,"090048",35
141.63,-38.14,1987,10,"090048",44.5
141.63,-38.14,1987,11,"090048",27.4
141.63,-38.14,1987,12,"090048",78.8
141.63,-38.14,1988,1,"090048",47.2
141.63,-38.14,1988,2,"090048",28.4
141.63,-38.14,1988,3,"090048",40
141.63,-38.14,1988,4,"090048",19.2
141.63,-38.14,1988,5,"090048",50.4
141.63,-38.14,1988,6,"090048",92.6
141.63,-38.14,1988,7,"090048",83.8
141.63,-38.14,1988,8,"090048",82.6
141.63,-38.14,1988,9,"090048",95.2
141.63,-38.14,1988,10,"090048",74.4
141.63,-38.14,1988,11,"090048",48.6
141.63,-38.14,1988,12,"090048",33.2
141.63,-38.14,1989,1,"090048",34.4
141.63,-38.14,1989,2,"090048",15.4
141.63,-38.14,1989,3,"090048",40
141.63,-38.14,1989,4,"090048",61
141.63,-38.14,1989,5,"090048",68.2
141.63,-38.14,1989,6,"090048",104.6
141.63,-38.14,1989,7,"090048",91.8
141.63,-38.14,1989,8,"090048",114.8
141.63,-38.14,1989,9,"090048",76.8
141.63,-38.14,1989,10,"090048",112.4
141.63,-38.14,1989,11,"090048",29.4
141.63,-38.14,1989,12,"090048",27
141.63,-38.14,1990,1,"090048",10.6
141.63,-38.14,1990,2,"090048",60.2
141.63,-38.14,1990,3,"090048",24
141.63,-38.14,1990,4,"090048",35.4
141.63,-38.14,1990,5,"090048",21.1
141.63,-38.14,1990,6,"090048",121.8
141.63,-38.14,1990,7,"090048",119.4
141.63,-38.14,1990,8,"090048",181.2
141.63,-38.14,1990,9,"090048",104.6
141.63,-38.14,1990,10,"090048",68.2
141.63,-38.14,1990,11,"090048",41
141.63,-38.14,1990,12,"090048",28.2
141.63,-38.14,1991,1,"090048",191.4
141.63,-38.14,1991,2,"090048",0.2
141.63,-38.14,1991,3,"090048",40.8
141.63,-38.14,1991,4,"090048",20.8
141.63,-38.14,1991,5,"090048",20.2
141.63,-38.14,1991,6,"090048",127.6
141.63,-38.14,1991,7,"090048",95.8
141.63,-38.14,1991,8,"090048",155.6
141.63,-38.14,1991,9,"090048",95
141.63,-38.14,1991,10,"090048",22
141.63,-38.14,1991,11,"090048",49.5
141.63,-38.14,1991,12,"090048",33.2
141.63,-38.14,1992,1,"090048",17.4
141.63,-38.14,1992,2,"090048",15.2
141.63,-38.14,1992,3,"090048",26.6
141.63,-38.14,1992,4,"090048",113
141.63,-38.14,1992,5,"090048",60
141.63,-38.14,1992,6,"090048",105.4
141.63,-38.14,1992,7,"090048",105.8
141.63,-38.14,1992,8,"090048",131.8
141.63,-38.14,1992,9,"090048",113.6
141.63,-38.14,1992,10,"090048",88.8
141.63,-38.14,1992,11,"090048",93
141.63,-38.14,1992,12,"090048",50.4
141.63,-38.14,1993,1,"090048",28.4
141.63,-38.14,1993,2,"090048",39.4
141.63,-38.14,1993,3,"090048",14.5
141.63,-38.14,1993,4,"090048",9.2
141.63,-38.14,1993,5,"090048",34.8
141.63,-38.14,1993,6,"090048",69
141.63,-38.14,1993,7,"090048",82.8
141.63,-38.14,1993,8,"090048",93.6
141.63,-38.14,1993,9,"090048",109.4
141.63,-38.14,1993,10,"090048",78.8
141.63,-38.14,1993,11,"090048",25.8
141.63,-38.14,1993,12,"090048",89.2
141.63,-38.14,1994,1,"090048",37
141.63,-38.14,1994,2,"090048",15.8
141.63,-38.14,1994,3,"090048",3.6
141.63,-38.14,1994,4,"090048",47.6
141.63,-38.14,1994,5,"090048",107.2
141.63,-38.14,1994,6,"090048",75.8
141.63,-38.14,1994,7,"090048",67.8
141.63,-38.14,1994,8,"090048",73
141.63,-38.14,1994,9,"090048",83.6
141.63,-38.14,1994,10,"090048",75.6
141.63,-38.14,1994,11,"090048",50.6
141.63,-38.14,1994,12,"090048",51.8
141.63,-38.14,1995,1,"090048",36.2
141.63,-38.14,1995,2,"090048",23.4
141.63,-38.14,1995,3,"090048",48.6
141.63,-38.14,1995,4,"090048",115
141.63,-38.14,1995,5,"090048",48.4
141.63,-38.14,1995,6,"090048",75.2
141.63,-38.14,1995,7,"090048",125.4
141.63,-38.14,1995,8,"090048",67
141.63,-38.14,1995,9,"090048",62.2
141.63,-38.14,1995,10,"090048",34.5
141.63,-38.14,1995,11,"090048",30
141.63,-38.14,1995,12,"090048",49.4
141.63,-38.14,1996,1,"090048",47
141.63,-38.14,1996,2,"090048",15.4
141.63,-38.14,1996,3,"090048",24.6
141.63,-38.14,1996,4,"090048",47.2
141.63,-38.14,1996,5,"090048",14.6
141.63,-38.14,1996,6,"090048",126.4
141.63,-38.14,1996,7,"090048",139.6
141.63,-38.14,1996,8,"090048",141.4
141.63,-38.14,1996,9,"090048",124.2
141.63,-38.14,1996,10,"090048",58.8
141.63,-38.14,1996,11,"090048",28.4
141.63,-38.14,1996,12,"090048",23
141.63,-38.14,1997,1,"090048",33.2
141.63,-38.14,1997,2,"090048",11
141.63,-38.14,1997,3,"090048",25.2
141.63,-38.14,1997,4,"090048",10.6
141.63,-38.14,1997,5,"090048",110
141.63,-38.14,1997,6,"090048",50
141.63,-38.14,1997,7,"090048",51.8
141.63,-38.14,1997,8,"090048",82.8
141.63,-38.14,1997,9,"090048",74
141.63,-38.14,1997,10,"090048",30.8
141.63,-38.14,1997,11,"090048",94
141.63,-38.14,1997,12,"090048",17.4
141.63,-38.14,1998,1,"090048",17.4
141.63,-38.14,1998,2,"090048",29.2
141.63,-38.14,1998,3,"090048",13.4
141.63,-38.14,1998,4,"090048",102.4
141.63,-38.14,1998,5,"090048",36
141.63,-38.14,1998,6,"090048",115
141.63,-38.14,1998,7,"090048",95.2
141.63,-38.14,1998,8,"090048",42.4
141.63,-38.14,1998,9,"090048",98.8
141.63,-38.14,1998,10,"090048",63.2
141.63,-38.14,1998,11,"090048",28.4
141.63,-38.14,1998,12,"090048",27.6
141.63,-38.14,1999,1,"090048",13.6
141.63,-38.14,1999,2,"090048",47.2
141.63,-38.14,1999,3,"090048",31.2
141.63,-38.14,1999,4,"090048",19.2
141.63,-38.14,1999,5,"090048",63.6
141.63,-38.14,1999,6,"090048",92.8
141.63,-38.14,1999,7,"090048",51.4
141.63,-38.14,1999,8,"090048",76.2
141.63,-38.14,1999,9,"090048",54.8
141.63,-38.14,1999,10,"090048",39.1
141.63,-38.14,1999,11,"090048",68.6
141.63,-38.14,1999,12,"090048",47.2
141.63,-38.14,2000,1,"090048",17.2
141.63,-38.14,2000,2,"090048",31.6
141.63,-38.14,2000,3,"090048",21
141.63,-38.14,2000,4,"090048",55.8
141.63,-38.14,2000,5,"090048",120.2
141.63,-38.14,2000,6,"090048",63.4
141.63,-38.14,2000,7,"090048",127.6
141.63,-38.14,2000,8,"090048",101.8
141.63,-38.14,2000,9,"090048",119
141.63,-38.14,2000,10,"090048",79
141.63,-38.14,2000,11,"090048",29.8
141.63,-38.14,2000,12,"090048",23.2
141.63,-38.14,2001,1,"090048",8.4
141.63,-38.14,2001,2,"090048",12.2
141.63,-38.14,2001,3,"090048",49.2
141.63,-38.14,2001,4,"090048",47.8
141.63,-38.14,2001,5,"090048",34.8
141.63,-38.14,2001,6,"090048",69
141.63,-38.14,2001,7,"090048",40.8
141.63,-38.14,2001,8,"090048",182.4
141.63,-38.14,2001,9,"090048",64.4
141.63,-38.14,2001,10,"090048",133.8
141.63,-38.14,2001,11,"090048",78.2
141.63,-38.14,2001,12,"090048",75.6
141.63,-38.14,2002,1,"090048",21.6
141.63,-38.14,2002,2,"090048",11
141.63,-38.14,2002,3,"090048",22.2
141.63,-38.14,2002,4,"090048",26.8
141.63,-38.14,2002,5,"090048",46.4
141.63,-38.14,2002,6,"090048",111.2
141.63,-38.14,2002,7,"090048",93.6
141.63,-38.14,2002,8,"090048",50.4
141.63,-38.14,2002,9,"090048",85.2
141.63,-38.14,2002,10,"090048",60.2
141.63,-38.14,2002,11,"090048",44.4
141.63,-38.14,2002,12,"090048",38.4
141.63,-38.14,2003,1,"090048",35.6
141.63,-38.14,2003,2,"090048",65.4
141.63,-38.14,2003,3,"090048",46.6
141.63,-38.14,2003,4,"090048",20.4
141.63,-38.14,2003,5,"090048",24.6
141.63,-38.14,2003,6,"090048",115
141.63,-38.14,2003,7,"090048",81.2
141.63,-38.14,2003,8,"090048",95.2
141.63,-38.14,2003,9,"090048",79
141.63,-38.14,2003,10,"090048",77
141.63,-38.14,2003,11,"090048",42.8
141.63,-38.14,2003,12,"090048",28.6
141.63,-38.14,2004,1,"090048",34.8
141.63,-38.14,2004,2,"090048",38
141.63,-38.14,2004,3,"090048",50.4
141.63,-38.14,2004,4,"090048",37.5
141.63,-38.14,2004,5,"090048",59.8
141.63,-38.14,2004,6,"090048",152.8
141.63,-38.14,2004,7,"090048",120.1
141.63,-38.14,2004,8,"090048",101.2
141.63,-38.14,2004,9,"090048",69.8
141.63,-38.14,2004,10,"090048",33.4
141.63,-38.14,2004,11,"090048",50.2
141.63,-38.14,2004,12,"090048",50.9
141.63,-38.14,2005,1,"090048",17.6
141.63,-38.14,2005,2,"090048",75
141.63,-38.14,2005,3,"090048",19.4
141.63,-38.14,2005,4,"090048",26
141.63,-38.14,2005,5,"090048",23.2
141.63,-38.14,2005,6,"090048",69.2
141.63,-38.14,2005,7,"090048",63.2
141.63,-38.14,2005,8,"090048",99.8
141.63,-38.14,2005,9,"090048",65.8
141.63,-38.14,2005,10,"090048",75.3
141.63,-38.14,2005,11,"090048",39.5
141.63,-38.14,2005,12,"090048",40.4
141.63,-38.14,2006,1,"090048",31.5
141.63,-38.14,2006,2,"090048",64
141.63,-38.14,2006,3,"090048",14.5
141.63,-38.14,2006,4,"090048",69.2
141.63,-38.14,2006,5,"090048",65.4
141.63,-38.14,2006,6,"090048",18
141.63,-38.14,2006,7,"090048",94.2
141.63,-38.14,2006,8,"090048",NA
141.63,-38.14,2006,9,"090048",73.8
141.63,-38.14,2006,10,"090048",30.3
141.63,-38.14,2006,11,"090048",20.4
141.63,-38.14,2006,12,"090048",14.4
141.63,-38.14,2007,1,"090048",8
141.63,-38.14,2007,2,"090048",6.9
141.63,-38.14,2007,3,"090048",21.6
141.63,-38.14,2007,4,"090048",55.2
141.63,-38.14,2007,5,"090048",94.7
141.63,-38.14,2007,6,"090048",97.4
141.63,-38.14,2007,7,"090048",101.6
141.63,-38.14,2007,8,"090048",31.8
141.63,-38.14,2007,9,"090048",66.3
141.63,-38.14,2007,10,"090048",52.6
141.63,-38.14,2007,11,"090048",136.6
141.63,-38.14,2007,12,"090048",31.4
141.63,-38.14,2008,1,"090048",4.2
141.63,-38.14,2008,2,"090048",37
141.63,-38.14,2008,3,"090048",44.7
141.63,-38.14,2008,4,"090048",48.5
141.63,-38.14,2008,5,"090048",44.8
141.63,-38.14,2008,6,"090048",48.8
141.63,-38.14,2008,7,"090048",73.8
141.63,-38.14,2008,8,"090048",100.4
141.63,-38.14,2008,9,"090048",72.8
141.63,-38.14,2008,10,"090048",16.6
141.63,-38.14,2008,11,"090048",45.2
141.63,-38.14,2008,12,"090048",116.3
141.63,-38.14,2009,1,"090048",5.4
141.63,-38.14,2009,2,"090048",3.6
141.63,-38.14,2009,3,"090048",43
141.63,-38.14,2009,4,"090048",61.4
141.63,-38.14,2009,5,"090048",57
141.63,-38.14,2009,6,"090048",86.2
141.63,-38.14,2009,7,"090048",136.5
141.63,-38.14,2009,8,"090048",133
141.63,-38.14,2009,9,"090048",85.3
141.63,-38.14,2009,10,"090048",38.5
141.63,-38.14,2009,11,"090048",66
141.63,-38.14,2009,12,"090048",2.2
