"Lon","Lat","Year","Month","Station","Rain"
146.58,-42.68,1987,1,"095053",NA
146.58,-42.68,1987,2,"095053",NA
146.58,-42.68,1987,3,"095053",NA
146.58,-42.68,1987,4,"095053",NA
146.58,-42.68,1987,5,"095053",NA
146.58,-42.68,1987,6,"095053",NA
146.58,-42.68,1987,7,"095053",NA
146.58,-42.68,1987,8,"095053",63.2
146.58,-42.68,1987,9,"095053",243
146.58,-42.68,1987,10,"095053",193.2
146.58,-42.68,1987,11,"095053",284
146.58,-42.68,1987,12,"095053",105.8
146.58,-42.68,1988,1,"095053",108.8
146.58,-42.68,1988,2,"095053",87
146.58,-42.68,1988,3,"095053",85.4
146.58,-42.68,1988,4,"095053",103
146.58,-42.68,1988,5,"095053",221
146.58,-42.68,1988,6,"095053",165
146.58,-42.68,1988,7,"095053",413
146.58,-42.68,1988,8,"095053",207
146.58,-42.68,1988,9,"095053",301
146.58,-42.68,1988,10,"095053",984
146.58,-42.68,1988,11,"095053",232
146.58,-42.68,1988,12,"095053",97.8
146.58,-42.68,1989,1,"095053",127.3
146.58,-42.68,1989,2,"095053",83.6
146.58,-42.68,1989,3,"095053",189.4
146.58,-42.68,1989,4,"095053",122.6
146.58,-42.68,1989,5,"095053",206
146.58,-42.68,1989,6,"095053",100
146.58,-42.68,1989,7,"095053",173
146.58,-42.68,1989,8,"095053",241
146.58,-42.68,1989,9,"095053",140
146.58,-42.68,1989,10,"095053",401
146.58,-42.68,1989,11,"095053",55
146.58,-42.68,1989,12,"095053",196.9
146.58,-42.68,1990,1,"095053",203.6
146.58,-42.68,1990,2,"095053",57.1
146.58,-42.68,1990,3,"095053",136.8
146.58,-42.68,1990,4,"095053",64.4
146.58,-42.68,1990,5,"095053",253
146.58,-42.68,1990,6,"095053",287
146.58,-42.68,1990,7,"095053",531
146.58,-42.68,1990,8,"095053",169
146.58,-42.68,1990,9,"095053",242
146.58,-42.68,1990,10,"095053",146
146.58,-42.68,1990,11,"095053",281
146.58,-42.68,1990,12,"095053",291.4
146.58,-42.68,1991,1,"095053",201.8
146.58,-42.68,1991,2,"095053",61.6
146.58,-42.68,1991,3,"095053",239.2
146.58,-42.68,1991,4,"095053",289.6
146.58,-42.68,1991,5,"095053",142
146.58,-42.68,1991,6,"095053",282
146.58,-42.68,1991,7,"095053",378
146.58,-42.68,1991,8,"095053",666
146.58,-42.68,1991,9,"095053",347
146.58,-42.68,1991,10,"095053",252
146.58,-42.68,1991,11,"095053",285
146.58,-42.68,1991,12,"095053",183.4
146.58,-42.68,1992,1,"095053",228.4
146.58,-42.68,1992,2,"095053",85.4
146.58,-42.68,1992,3,"095053",84.6
146.58,-42.68,1992,4,"095053",158.8
146.58,-42.68,1992,5,"095053",190
146.58,-42.68,1992,6,"095053",117
146.58,-42.68,1992,7,"095053",518
146.58,-42.68,1992,8,"095053",407
146.58,-42.68,1992,9,"095053",109
146.58,-42.68,1992,10,"095053",259
146.58,-42.68,1992,11,"095053",20.5
146.58,-42.68,1992,12,"095053",NA
146.58,-42.68,1993,1,"095053",NA
146.58,-42.68,1993,2,"095053",138.8
146.58,-42.68,1993,3,"095053",133
146.58,-42.68,1993,4,"095053",154
146.58,-42.68,1993,5,"095053",316
146.58,-42.68,1993,6,"095053",326
146.58,-42.68,1993,7,"095053",129
146.58,-42.68,1993,8,"095053",NA
146.58,-42.68,1993,9,"095053",246
146.58,-42.68,1993,10,"095053",273
146.58,-42.68,1993,11,"095053",287
146.58,-42.68,1993,12,"095053",149.4
146.58,-42.68,1994,1,"095053",229.6
146.58,-42.68,1994,2,"095053",99.4
146.58,-42.68,1994,3,"095053",NA
146.58,-42.68,1994,4,"095053",113
146.58,-42.68,1994,5,"095053",653.6
146.58,-42.68,1994,6,"095053",283
146.58,-42.68,1994,7,"095053",NA
146.58,-42.68,1994,8,"095053",NA
146.58,-42.68,1994,9,"095053",NA
146.58,-42.68,1994,10,"095053",NA
146.58,-42.68,1994,11,"095053",NA
146.58,-42.68,1994,12,"095053",60.4
146.58,-42.68,1995,1,"095053",137.4
146.58,-42.68,1995,2,"095053",106.4
146.58,-42.68,1995,3,"095053",336.8
146.58,-42.68,1995,4,"095053",NA
146.58,-42.68,1995,5,"095053",177
146.58,-42.68,1995,6,"095053",198
146.58,-42.68,1995,7,"095053",245
146.58,-42.68,1995,8,"095053",204
146.58,-42.68,1995,9,"095053",355
146.58,-42.68,1995,10,"095053",173
146.58,-42.68,1995,11,"095053",84
146.58,-42.68,1995,12,"095053",NA
146.58,-42.68,1996,1,"095053",NA
146.58,-42.68,1996,2,"095053",NA
146.58,-42.68,1996,3,"095053",NA
146.58,-42.68,1996,4,"095053",NA
146.58,-42.68,1996,5,"095053",NA
146.58,-42.68,1996,6,"095053",NA
146.58,-42.68,1996,7,"095053",209
146.58,-42.68,1996,8,"095053",NA
146.58,-42.68,1996,9,"095053",NA
146.58,-42.68,1996,10,"095053",375
146.58,-42.68,1996,11,"095053",321
146.58,-42.68,1996,12,"095053",164.6
146.58,-42.68,1997,1,"095053",147.6
146.58,-42.68,1997,2,"095053",NA
146.58,-42.68,1997,3,"095053",228.6
146.58,-42.68,1997,4,"095053",329.4
146.58,-42.68,1997,5,"095053",127
146.58,-42.68,1997,6,"095053",119
146.58,-42.68,1997,7,"095053",NA
146.58,-42.68,1997,8,"095053",NA
146.58,-42.68,1997,9,"095053",NA
146.58,-42.68,1997,10,"095053",NA
146.58,-42.68,1997,11,"095053",NA
146.58,-42.68,1997,12,"095053",295
146.58,-42.68,1998,1,"095053",63.6
146.58,-42.68,1998,2,"095053",241.8
146.58,-42.68,1998,3,"095053",NA
146.58,-42.68,1998,4,"095053",NA
146.58,-42.68,1998,5,"095053",NA
146.58,-42.68,1998,6,"095053",NA
146.58,-42.68,1998,7,"095053",NA
146.58,-42.68,1998,8,"095053",120
146.58,-42.68,1998,9,"095053",208
146.58,-42.68,1998,10,"095053",419
146.58,-42.68,1998,11,"095053",NA
146.58,-42.68,1998,12,"095053",220.6
146.58,-42.68,1999,1,"095053",NA
146.58,-42.68,1999,2,"095053",NA
146.58,-42.68,1999,3,"095053",NA
146.58,-42.68,1999,4,"095053",NA
146.58,-42.68,1999,5,"095053",NA
146.58,-42.68,1999,6,"095053",NA
146.58,-42.68,1999,7,"095053",NA
146.58,-42.68,1999,8,"095053",125
146.58,-42.68,1999,9,"095053",NA
146.58,-42.68,1999,10,"095053",NA
146.58,-42.68,1999,11,"095053",160
146.58,-42.68,1999,12,"095053",251.4
146.58,-42.68,2000,1,"095053",127.4
146.58,-42.68,2000,2,"095053",NA
146.58,-42.68,2000,3,"095053",NA
146.58,-42.68,2000,4,"095053",NA
146.58,-42.68,2000,5,"095053",245
146.58,-42.68,2000,6,"095053",NA
146.58,-42.68,2000,7,"095053",NA
146.58,-42.68,2000,8,"095053",NA
146.58,-42.68,2000,9,"095053",NA
146.58,-42.68,2000,10,"095053",NA
146.58,-42.68,2000,11,"095053",NA
146.58,-42.68,2000,12,"095053",280
146.58,-42.68,2001,1,"095053",66
146.58,-42.68,2001,2,"095053",72.4
146.58,-42.68,2001,3,"095053",NA
146.58,-42.68,2001,4,"095053",NA
146.58,-42.68,2001,5,"095053",NA
146.58,-42.68,2001,6,"095053",NA
146.58,-42.68,2001,7,"095053",NA
146.58,-42.68,2001,8,"095053",NA
146.58,-42.68,2001,9,"095053",NA
146.58,-42.68,2001,10,"095053",NA
146.58,-42.68,2001,11,"095053",238
146.58,-42.68,2001,12,"095053",NA
146.58,-42.68,2002,1,"095053",169.6
146.58,-42.68,2002,2,"095053",NA
146.58,-42.68,2002,3,"095053",NA
146.58,-42.68,2002,4,"095053",67.8
146.58,-42.68,2002,5,"095053",NA
146.58,-42.68,2002,6,"095053",NA
146.58,-42.68,2002,7,"095053",445
146.58,-42.68,2002,8,"095053",308
146.58,-42.68,2002,9,"095053",NA
146.58,-42.68,2002,10,"095053",NA
146.58,-42.68,2002,11,"095053",197
146.58,-42.68,2002,12,"095053",NA
146.58,-42.68,2003,1,"095053",94
146.58,-42.68,2003,2,"095053",68.8
146.58,-42.68,2003,3,"095053",NA
146.58,-42.68,2003,4,"095053",191.4
146.58,-42.68,2003,5,"095053",172
146.58,-42.68,2003,6,"095053",340
146.58,-42.68,2003,7,"095053",303
146.58,-42.68,2003,8,"095053",447
146.58,-42.68,2003,9,"095053",NA
146.58,-42.68,2003,10,"095053",215
146.58,-42.68,2003,11,"095053",NA
146.58,-42.68,2003,12,"095053",NA
146.58,-42.68,2004,1,"095053",286.4
146.58,-42.68,2004,2,"095053",NA
146.58,-42.68,2004,3,"095053",NA
146.58,-42.68,2004,4,"095053",NA
146.58,-42.68,2004,5,"095053",NA
146.58,-42.68,2004,6,"095053",NA
146.58,-42.68,2004,7,"095053",NA
146.58,-42.68,2004,8,"095053",NA
146.58,-42.68,2004,9,"095053",NA
146.58,-42.68,2004,10,"095053",NA
146.58,-42.68,2004,11,"095053",NA
146.58,-42.68,2004,12,"095053",NA
