"Lon","Lat","Year","Month","Station","Rain"
139.13,-35.59,1920,1,"024539",NA
139.13,-35.59,1920,2,"024539",NA
139.13,-35.59,1920,3,"024539",NA
139.13,-35.59,1920,4,"024539",NA
139.13,-35.59,1920,5,"024539",NA
139.13,-35.59,1920,6,"024539",80
139.13,-35.59,1920,7,"024539",36.4
139.13,-35.59,1920,8,"024539",68.9
139.13,-35.59,1920,9,"024539",35
139.13,-35.59,1920,10,"024539",27.9
139.13,-35.59,1920,11,"024539",46.6
139.13,-35.59,1920,12,"024539",15.3
139.13,-35.59,1921,1,"024539",31
139.13,-35.59,1921,2,"024539",52.6
139.13,-35.59,1921,3,"024539",29
139.13,-35.59,1921,4,"024539",15
139.13,-35.59,1921,5,"024539",60.5
139.13,-35.59,1921,6,"024539",32.6
139.13,-35.59,1921,7,"024539",64.9
139.13,-35.59,1921,8,"024539",63.5
139.13,-35.59,1921,9,"024539",62.3
139.13,-35.59,1921,10,"024539",45.5
139.13,-35.59,1921,11,"024539",65.5
139.13,-35.59,1921,12,"024539",2
139.13,-35.59,1922,1,"024539",27.9
139.13,-35.59,1922,2,"024539",1.8
139.13,-35.59,1922,3,"024539",3.8
139.13,-35.59,1922,4,"024539",46.1
139.13,-35.59,1922,5,"024539",92
139.13,-35.59,1922,6,"024539",79.3
139.13,-35.59,1922,7,"024539",89.1
139.13,-35.59,1922,8,"024539",66.2
139.13,-35.59,1922,9,"024539",41.9
139.13,-35.59,1922,10,"024539",53
139.13,-35.59,1922,11,"024539",3.6
139.13,-35.59,1922,12,"024539",32.5
139.13,-35.59,1923,1,"024539",2.6
139.13,-35.59,1923,2,"024539",1.8
139.13,-35.59,1923,3,"024539",0
139.13,-35.59,1923,4,"024539",0
139.13,-35.59,1923,5,"024539",63.6
139.13,-35.59,1923,6,"024539",130.2
139.13,-35.59,1923,7,"024539",106
139.13,-35.59,1923,8,"024539",46.3
139.13,-35.59,1923,9,"024539",88.1
139.13,-35.59,1923,10,"024539",55.7
139.13,-35.59,1923,11,"024539",8.4
139.13,-35.59,1923,12,"024539",51
139.13,-35.59,1924,1,"024539",15
139.13,-35.59,1924,2,"024539",34.1
139.13,-35.59,1924,3,"024539",48
139.13,-35.59,1924,4,"024539",24.5
139.13,-35.59,1924,5,"024539",59
139.13,-35.59,1924,6,"024539",59.4
139.13,-35.59,1924,7,"024539",16
139.13,-35.59,1924,8,"024539",42.2
139.13,-35.59,1924,9,"024539",61
139.13,-35.59,1924,10,"024539",64.3
139.13,-35.59,1924,11,"024539",39.6
139.13,-35.59,1924,12,"024539",3.3
139.13,-35.59,1925,1,"024539",11.6
139.13,-35.59,1925,2,"024539",20.8
139.13,-35.59,1925,3,"024539",42.2
139.13,-35.59,1925,4,"024539",23.4
139.13,-35.59,1925,5,"024539",79.5
139.13,-35.59,1925,6,"024539",38.9
139.13,-35.59,1925,7,"024539",48.5
139.13,-35.59,1925,8,"024539",35.6
139.13,-35.59,1925,9,"024539",88
139.13,-35.59,1925,10,"024539",14.7
139.13,-35.59,1925,11,"024539",20.6
139.13,-35.59,1925,12,"024539",0.5
139.13,-35.59,1926,1,"024539",0
139.13,-35.59,1926,2,"024539",3.3
139.13,-35.59,1926,3,"024539",0
139.13,-35.59,1926,4,"024539",29.4
139.13,-35.59,1926,5,"024539",90.9
139.13,-35.59,1926,6,"024539",32.3
139.13,-35.59,1926,7,"024539",55.9
139.13,-35.59,1926,8,"024539",70.8
139.13,-35.59,1926,9,"024539",32.6
139.13,-35.59,1926,10,"024539",51.8
139.13,-35.59,1926,11,"024539",4.8
139.13,-35.59,1926,12,"024539",35.6
139.13,-35.59,1927,1,"024539",7.1
139.13,-35.59,1927,2,"024539",27
139.13,-35.59,1927,3,"024539",11.2
139.13,-35.59,1927,4,"024539",9.8
139.13,-35.59,1927,5,"024539",32.5
139.13,-35.59,1927,6,"024539",24
139.13,-35.59,1927,7,"024539",66
139.13,-35.59,1927,8,"024539",50.5
139.13,-35.59,1927,9,"024539",14.5
139.13,-35.59,1927,10,"024539",4.3
139.13,-35.59,1927,11,"024539",48
139.13,-35.59,1927,12,"024539",14.1
139.13,-35.59,1928,1,"024539",14
139.13,-35.59,1928,2,"024539",35
139.13,-35.59,1928,3,"024539",41.4
139.13,-35.59,1928,4,"024539",13.2
139.13,-35.59,1928,5,"024539",63.8
139.13,-35.59,1928,6,"024539",61
139.13,-35.59,1928,7,"024539",33.6
139.13,-35.59,1928,8,"024539",14.5
139.13,-35.59,1928,9,"024539",30.7
139.13,-35.59,1928,10,"024539",46.2
139.13,-35.59,1928,11,"024539",3.8
139.13,-35.59,1928,12,"024539",2
139.13,-35.59,1929,1,"024539",9.4
139.13,-35.59,1929,2,"024539",2.5
139.13,-35.59,1929,3,"024539",9.6
139.13,-35.59,1929,4,"024539",13.6
139.13,-35.59,1929,5,"024539",30
139.13,-35.59,1929,6,"024539",62.4
139.13,-35.59,1929,7,"024539",55.3
139.13,-35.59,1929,8,"024539",24.1
139.13,-35.59,1929,9,"024539",40.2
139.13,-35.59,1929,10,"024539",33
139.13,-35.59,1929,11,"024539",15.7
139.13,-35.59,1929,12,"024539",47.5
139.13,-35.59,1930,1,"024539",0
139.13,-35.59,1930,2,"024539",16.3
139.13,-35.59,1930,3,"024539",2.3
139.13,-35.59,1930,4,"024539",18.5
139.13,-35.59,1930,5,"024539",15
139.13,-35.59,1930,6,"024539",43.4
139.13,-35.59,1930,7,"024539",66.3
139.13,-35.59,1930,8,"024539",57.4
139.13,-35.59,1930,9,"024539",49.4
139.13,-35.59,1930,10,"024539",45.9
139.13,-35.59,1930,11,"024539",14.7
139.13,-35.59,1930,12,"024539",7.7
139.13,-35.59,1931,1,"024539",12.3
139.13,-35.59,1931,2,"024539",4.3
139.13,-35.59,1931,3,"024539",20.4
139.13,-35.59,1931,4,"024539",21.5
139.13,-35.59,1931,5,"024539",62
139.13,-35.59,1931,6,"024539",71.9
139.13,-35.59,1931,7,"024539",99
139.13,-35.59,1931,8,"024539",62.1
139.13,-35.59,1931,9,"024539",49.4
139.13,-35.59,1931,10,"024539",12
139.13,-35.59,1931,11,"024539",17
139.13,-35.59,1931,12,"024539",3
139.13,-35.59,1932,1,"024539",0
139.13,-35.59,1932,2,"024539",34.1
139.13,-35.59,1932,3,"024539",31.8
139.13,-35.59,1932,4,"024539",36.2
139.13,-35.59,1932,5,"024539",36.5
139.13,-35.59,1932,6,"024539",153
139.13,-35.59,1932,7,"024539",81.7
139.13,-35.59,1932,8,"024539",43.7
139.13,-35.59,1932,9,"024539",43.5
139.13,-35.59,1932,10,"024539",56.7
139.13,-35.59,1932,11,"024539",8.4
139.13,-35.59,1932,12,"024539",7.7
139.13,-35.59,1933,1,"024539",27.5
139.13,-35.59,1933,2,"024539",1.5
139.13,-35.59,1933,3,"024539",27.4
139.13,-35.59,1933,4,"024539",24.7
139.13,-35.59,1933,5,"024539",87.1
139.13,-35.59,1933,6,"024539",36.4
139.13,-35.59,1933,7,"024539",33.3
139.13,-35.59,1933,8,"024539",62.5
139.13,-35.59,1933,9,"024539",57.2
139.13,-35.59,1933,10,"024539",14.5
139.13,-35.59,1933,11,"024539",11.9
139.13,-35.59,1933,12,"024539",14.8
139.13,-35.59,1934,1,"024539",13.4
139.13,-35.59,1934,2,"024539",15.5
139.13,-35.59,1934,3,"024539",4.7
139.13,-35.59,1934,4,"024539",41.7
139.13,-35.59,1934,5,"024539",4.6
139.13,-35.59,1934,6,"024539",26.3
139.13,-35.59,1934,7,"024539",16
139.13,-35.59,1934,8,"024539",54.2
139.13,-35.59,1934,9,"024539",55.4
139.13,-35.59,1934,10,"024539",74.8
139.13,-35.59,1934,11,"024539",42.4
139.13,-35.59,1934,12,"024539",15.1
139.13,-35.59,1935,1,"024539",14.3
139.13,-35.59,1935,2,"024539",2.1
139.13,-35.59,1935,3,"024539",33.6
139.13,-35.59,1935,4,"024539",42.7
139.13,-35.59,1935,5,"024539",47
139.13,-35.59,1935,6,"024539",72.2
139.13,-35.59,1935,7,"024539",55.5
139.13,-35.59,1935,8,"024539",58.6
139.13,-35.59,1935,9,"024539",39.8
139.13,-35.59,1935,10,"024539",57.8
139.13,-35.59,1935,11,"024539",23.1
139.13,-35.59,1935,12,"024539",17.8
139.13,-35.59,1936,1,"024539",37.9
139.13,-35.59,1936,2,"024539",16
139.13,-35.59,1936,3,"024539",5.1
139.13,-35.59,1936,4,"024539",50.3
139.13,-35.59,1936,5,"024539",54.3
139.13,-35.59,1936,6,"024539",41.1
139.13,-35.59,1936,7,"024539",62.4
139.13,-35.59,1936,8,"024539",40.1
139.13,-35.59,1936,9,"024539",25.4
139.13,-35.59,1936,10,"024539",69.4
139.13,-35.59,1936,11,"024539",12.3
139.13,-35.59,1936,12,"024539",42.5
139.13,-35.59,1937,1,"024539",56.8
139.13,-35.59,1937,2,"024539",6.9
139.13,-35.59,1937,3,"024539",14.6
139.13,-35.59,1937,4,"024539",22.3
139.13,-35.59,1937,5,"024539",59.6
139.13,-35.59,1937,6,"024539",63.1
139.13,-35.59,1937,7,"024539",38.2
139.13,-35.59,1937,8,"024539",65.4
139.13,-35.59,1937,9,"024539",53.8
139.13,-35.59,1937,10,"024539",16.5
139.13,-35.59,1937,11,"024539",21.1
139.13,-35.59,1937,12,"024539",64.4
139.13,-35.59,1938,1,"024539",41.2
139.13,-35.59,1938,2,"024539",55.5
139.13,-35.59,1938,3,"024539",8.9
139.13,-35.59,1938,4,"024539",89.1
139.13,-35.59,1938,5,"024539",23.2
139.13,-35.59,1938,6,"024539",68.1
139.13,-35.59,1938,7,"024539",75.5
139.13,-35.59,1938,8,"024539",36.9
139.13,-35.59,1938,9,"024539",16.7
139.13,-35.59,1938,10,"024539",5.6
139.13,-35.59,1938,11,"024539",11.4
139.13,-35.59,1938,12,"024539",10.9
139.13,-35.59,1939,1,"024539",68.3
139.13,-35.59,1939,2,"024539",33.4
139.13,-35.59,1939,3,"024539",8.5
139.13,-35.59,1939,4,"024539",37.6
139.13,-35.59,1939,5,"024539",46.2
139.13,-35.59,1939,6,"024539",78.6
139.13,-35.59,1939,7,"024539",60.5
139.13,-35.59,1939,8,"024539",126.4
139.13,-35.59,1939,9,"024539",26.4
139.13,-35.59,1939,10,"024539",18.1
139.13,-35.59,1939,11,"024539",65.3
139.13,-35.59,1939,12,"024539",7.2
139.13,-35.59,1940,1,"024539",25.9
139.13,-35.59,1940,2,"024539",19.8
139.13,-35.59,1940,3,"024539",15.5
139.13,-35.59,1940,4,"024539",39.7
139.13,-35.59,1940,5,"024539",29
139.13,-35.59,1940,6,"024539",14.1
139.13,-35.59,1940,7,"024539",54.2
139.13,-35.59,1940,8,"024539",21.4
139.13,-35.59,1940,9,"024539",22.6
139.13,-35.59,1940,10,"024539",20.8
139.13,-35.59,1940,11,"024539",26.6
139.13,-35.59,1940,12,"024539",29.2
139.13,-35.59,1941,1,"024539",76
139.13,-35.59,1941,2,"024539",5.4
139.13,-35.59,1941,3,"024539",13.2
139.13,-35.59,1941,4,"024539",43
139.13,-35.59,1941,5,"024539",39.4
139.13,-35.59,1941,6,"024539",18.5
139.13,-35.59,1941,7,"024539",78.1
139.13,-35.59,1941,8,"024539",35.9
139.13,-35.59,1941,9,"024539",79.6
139.13,-35.59,1941,10,"024539",38.4
139.13,-35.59,1941,11,"024539",7.4
139.13,-35.59,1941,12,"024539",2.8
139.13,-35.59,1942,1,"024539",30
139.13,-35.59,1942,2,"024539",1.3
139.13,-35.59,1942,3,"024539",5.5
139.13,-35.59,1942,4,"024539",49.7
139.13,-35.59,1942,5,"024539",91.1
139.13,-35.59,1942,6,"024539",87.6
139.13,-35.59,1942,7,"024539",45.6
139.13,-35.59,1942,8,"024539",60.4
139.13,-35.59,1942,9,"024539",71.5
139.13,-35.59,1942,10,"024539",45.3
139.13,-35.59,1942,11,"024539",43.1
139.13,-35.59,1942,12,"024539",7.1
139.13,-35.59,1943,1,"024539",13.5
139.13,-35.59,1943,2,"024539",45
139.13,-35.59,1943,3,"024539",5.3
139.13,-35.59,1943,4,"024539",45.9
139.13,-35.59,1943,5,"024539",24.9
139.13,-35.59,1943,6,"024539",61.2
139.13,-35.59,1943,7,"024539",57.7
139.13,-35.59,1943,8,"024539",57.5
139.13,-35.59,1943,9,"024539",60.4
139.13,-35.59,1943,10,"024539",25.1
139.13,-35.59,1943,11,"024539",13.5
139.13,-35.59,1943,12,"024539",10.6
139.13,-35.59,1944,1,"024539",10.3
139.13,-35.59,1944,2,"024539",8.1
139.13,-35.59,1944,3,"024539",3.6
139.13,-35.59,1944,4,"024539",32.3
139.13,-35.59,1944,5,"024539",83.8
139.13,-35.59,1944,6,"024539",12.7
139.13,-35.59,1944,7,"024539",47
139.13,-35.59,1944,8,"024539",5.1
139.13,-35.59,1944,9,"024539",16.1
139.13,-35.59,1944,10,"024539",41
139.13,-35.59,1944,11,"024539",44.4
139.13,-35.59,1944,12,"024539",18.4
139.13,-35.59,1945,1,"024539",32
139.13,-35.59,1945,2,"024539",38.5
139.13,-35.59,1945,3,"024539",7.6
139.13,-35.59,1945,4,"024539",5.6
139.13,-35.59,1945,5,"024539",49.1
139.13,-35.59,1945,6,"024539",39.6
139.13,-35.59,1945,7,"024539",41.1
139.13,-35.59,1945,8,"024539",48.7
139.13,-35.59,1945,9,"024539",39.1
139.13,-35.59,1945,10,"024539",74
139.13,-35.59,1945,11,"024539",44.2
139.13,-35.59,1945,12,"024539",56.1
139.13,-35.59,1946,1,"024539",67.9
139.13,-35.59,1946,2,"024539",103.2
139.13,-35.59,1946,3,"024539",56.2
139.13,-35.59,1946,4,"024539",18.8
139.13,-35.59,1946,5,"024539",36.5
139.13,-35.59,1946,6,"024539",38.5
139.13,-35.59,1946,7,"024539",90.3
139.13,-35.59,1946,8,"024539",44.3
139.13,-35.59,1946,9,"024539",22
139.13,-35.59,1946,10,"024539",14.1
139.13,-35.59,1946,11,"024539",18.3
139.13,-35.59,1946,12,"024539",55.2
139.13,-35.59,1947,1,"024539",3.6
139.13,-35.59,1947,2,"024539",3
139.13,-35.59,1947,3,"024539",78.7
139.13,-35.59,1947,4,"024539",34.1
139.13,-35.59,1947,5,"024539",54.1
139.13,-35.59,1947,6,"024539",41.9
139.13,-35.59,1947,7,"024539",101.1
139.13,-35.59,1947,8,"024539",47.4
139.13,-35.59,1947,9,"024539",57
139.13,-35.59,1947,10,"024539",39.3
139.13,-35.59,1947,11,"024539",41.4
139.13,-35.59,1947,12,"024539",29.9
139.13,-35.59,1948,1,"024539",3.3
139.13,-35.59,1948,2,"024539",14.5
139.13,-35.59,1948,3,"024539",8.4
139.13,-35.59,1948,4,"024539",60.3
139.13,-35.59,1948,5,"024539",57.3
139.13,-35.59,1948,6,"024539",39.1
139.13,-35.59,1948,7,"024539",47.5
139.13,-35.59,1948,8,"024539",74.5
139.13,-35.59,1948,9,"024539",10.9
139.13,-35.59,1948,10,"024539",48.1
139.13,-35.59,1948,11,"024539",41.9
139.13,-35.59,1948,12,"024539",10.4
139.13,-35.59,1949,1,"024539",6.6
139.13,-35.59,1949,2,"024539",51.9
139.13,-35.59,1949,3,"024539",2.8
139.13,-35.59,1949,4,"024539",5.8
139.13,-35.59,1949,5,"024539",46.7
139.13,-35.59,1949,6,"024539",36.2
139.13,-35.59,1949,7,"024539",50.8
139.13,-35.59,1949,8,"024539",36.9
139.13,-35.59,1949,9,"024539",34.2
139.13,-35.59,1949,10,"024539",64.4
139.13,-35.59,1949,11,"024539",64.1
139.13,-35.59,1949,12,"024539",0.8
139.13,-35.59,1950,1,"024539",1.3
139.13,-35.59,1950,2,"024539",21.4
139.13,-35.59,1950,3,"024539",35.1
139.13,-35.59,1950,4,"024539",7.1
139.13,-35.59,1950,5,"024539",52.4
139.13,-35.59,1950,6,"024539",43.3
139.13,-35.59,1950,7,"024539",30.9
139.13,-35.59,1950,8,"024539",58.5
139.13,-35.59,1950,9,"024539",26
139.13,-35.59,1950,10,"024539",46.9
139.13,-35.59,1950,11,"024539",14.7
139.13,-35.59,1950,12,"024539",13
139.13,-35.59,1951,1,"024539",12.2
139.13,-35.59,1951,2,"024539",18
139.13,-35.59,1951,3,"024539",2.5
139.13,-35.59,1951,4,"024539",61.8
139.13,-35.59,1951,5,"024539",83.2
139.13,-35.59,1951,6,"024539",56.3
139.13,-35.59,1951,7,"024539",94.8
139.13,-35.59,1951,8,"024539",80.3
139.13,-35.59,1951,9,"024539",5.3
139.13,-35.59,1951,10,"024539",91
139.13,-35.59,1951,11,"024539",19.6
139.13,-35.59,1951,12,"024539",30.2
139.13,-35.59,1952,1,"024539",31
139.13,-35.59,1952,2,"024539",17.8
139.13,-35.59,1952,3,"024539",2.6
139.13,-35.59,1952,4,"024539",66.3
139.13,-35.59,1952,5,"024539",83
139.13,-35.59,1952,6,"024539",69.1
139.13,-35.59,1952,7,"024539",47.2
139.13,-35.59,1952,8,"024539",22.5
139.13,-35.59,1952,9,"024539",40.6
139.13,-35.59,1952,10,"024539",42.2
139.13,-35.59,1952,11,"024539",51.9
139.13,-35.59,1952,12,"024539",29
139.13,-35.59,1953,1,"024539",13
139.13,-35.59,1953,2,"024539",36.2
139.13,-35.59,1953,3,"024539",4.5
139.13,-35.59,1953,4,"024539",25.7
139.13,-35.59,1953,5,"024539",19.6
139.13,-35.59,1953,6,"024539",93.5
139.13,-35.59,1953,7,"024539",57.9
139.13,-35.59,1953,8,"024539",62.6
139.13,-35.59,1953,9,"024539",35.5
139.13,-35.59,1953,10,"024539",22.3
139.13,-35.59,1953,11,"024539",28.2
139.13,-35.59,1953,12,"024539",43
139.13,-35.59,1954,1,"024539",16.5
139.13,-35.59,1954,2,"024539",0
139.13,-35.59,1954,3,"024539",6.1
139.13,-35.59,1954,4,"024539",71.9
139.13,-35.59,1954,5,"024539",20.2
139.13,-35.59,1954,6,"024539",65
139.13,-35.59,1954,7,"024539",35.9
139.13,-35.59,1954,8,"024539",17.5
139.13,-35.59,1954,9,"024539",35.7
139.13,-35.59,1954,10,"024539",53.5
139.13,-35.59,1954,11,"024539",22.4
139.13,-35.59,1954,12,"024539",31.2
139.13,-35.59,1955,1,"024539",4.6
139.13,-35.59,1955,2,"024539",40.6
139.13,-35.59,1955,3,"024539",1.5
139.13,-35.59,1955,4,"024539",37.4
139.13,-35.59,1955,5,"024539",118.9
139.13,-35.59,1955,6,"024539",134.1
139.13,-35.59,1955,7,"024539",47.7
139.13,-35.59,1955,8,"024539",50.7
139.13,-35.59,1955,9,"024539",40.6
139.13,-35.59,1955,10,"024539",54.7
139.13,-35.59,1955,11,"024539",18.5
139.13,-35.59,1955,12,"024539",18.2
139.13,-35.59,1956,1,"024539",14.4
139.13,-35.59,1956,2,"024539",0
139.13,-35.59,1956,3,"024539",17
139.13,-35.59,1956,4,"024539",45.4
139.13,-35.59,1956,5,"024539",71.8
139.13,-35.59,1956,6,"024539",112
139.13,-35.59,1956,7,"024539",43.7
139.13,-35.59,1956,8,"024539",72.8
139.13,-35.59,1956,9,"024539",60.4
139.13,-35.59,1956,10,"024539",69
139.13,-35.59,1956,11,"024539",5.1
139.13,-35.59,1956,12,"024539",12.4
139.13,-35.59,1957,1,"024539",0
139.13,-35.59,1957,2,"024539",0
139.13,-35.59,1957,3,"024539",17
139.13,-35.59,1957,4,"024539",16
139.13,-35.59,1957,5,"024539",34
139.13,-35.59,1957,6,"024539",45.9
139.13,-35.59,1957,7,"024539",82.3
139.13,-35.59,1957,8,"024539",34
139.13,-35.59,1957,9,"024539",42.8
139.13,-35.59,1957,10,"024539",35.6
139.13,-35.59,1957,11,"024539",29.7
139.13,-35.59,1957,12,"024539",9.9
139.13,-35.59,1958,1,"024539",0.8
139.13,-35.59,1958,2,"024539",4.1
139.13,-35.59,1958,3,"024539",16.6
139.13,-35.59,1958,4,"024539",14.9
139.13,-35.59,1958,5,"024539",90.5
139.13,-35.59,1958,6,"024539",26
139.13,-35.59,1958,7,"024539",40.2
139.13,-35.59,1958,8,"024539",52.2
139.13,-35.59,1958,9,"024539",66.7
139.13,-35.59,1958,10,"024539",63.3
139.13,-35.59,1958,11,"024539",19.3
139.13,-35.59,1958,12,"024539",10.4
139.13,-35.59,1959,1,"024539",6.1
139.13,-35.59,1959,2,"024539",17
139.13,-35.59,1959,3,"024539",35.9
139.13,-35.59,1959,4,"024539",6.9
139.13,-35.59,1959,5,"024539",15.5
139.13,-35.59,1959,6,"024539",13.2
139.13,-35.59,1959,7,"024539",28.1
139.13,-35.59,1959,8,"024539",33.1
139.13,-35.59,1959,9,"024539",60.6
139.13,-35.59,1959,10,"024539",29.3
139.13,-35.59,1959,11,"024539",16.8
139.13,-35.59,1959,12,"024539",47
139.13,-35.59,1960,1,"024539",8.7
139.13,-35.59,1960,2,"024539",40.9
139.13,-35.59,1960,3,"024539",9.4
139.13,-35.59,1960,4,"024539",80.5
139.13,-35.59,1960,5,"024539",83
139.13,-35.59,1960,6,"024539",33.4
139.13,-35.59,1960,7,"024539",41.7
139.13,-35.59,1960,8,"024539",47.6
139.13,-35.59,1960,9,"024539",62.7
139.13,-35.59,1960,10,"024539",10.1
139.13,-35.59,1960,11,"024539",18.1
139.13,-35.59,1960,12,"024539",4.8
139.13,-35.59,1961,1,"024539",6.8
139.13,-35.59,1961,2,"024539",10.9
139.13,-35.59,1961,3,"024539",13.8
139.13,-35.59,1961,4,"024539",61
139.13,-35.59,1961,5,"024539",22.7
139.13,-35.59,1961,6,"024539",31.9
139.13,-35.59,1961,7,"024539",69.3
139.13,-35.59,1961,8,"024539",31.8
139.13,-35.59,1961,9,"024539",9.2
139.13,-35.59,1961,10,"024539",12.4
139.13,-35.59,1961,11,"024539",21.3
139.13,-35.59,1961,12,"024539",13.5
139.13,-35.59,1962,1,"024539",5.1
139.13,-35.59,1962,2,"024539",15.5
139.13,-35.59,1962,3,"024539",17.1
139.13,-35.59,1962,4,"024539",8.7
139.13,-35.59,1962,5,"024539",63.7
139.13,-35.59,1962,6,"024539",40.3
139.13,-35.59,1962,7,"024539",41.9
139.13,-35.59,1962,8,"024539",51.8
139.13,-35.59,1962,9,"024539",30.2
139.13,-35.59,1962,10,"024539",62.5
139.13,-35.59,1962,11,"024539",13.1
139.13,-35.59,1962,12,"024539",32.3
139.13,-35.59,1963,1,"024539",80.5
139.13,-35.59,1963,2,"024539",10.1
139.13,-35.59,1963,3,"024539",1.8
139.13,-35.59,1963,4,"024539",21.6
139.13,-35.59,1963,5,"024539",44.3
139.13,-35.59,1963,6,"024539",83.4
139.13,-35.59,1963,7,"024539",84.2
139.13,-35.59,1963,8,"024539",59.6
139.13,-35.59,1963,9,"024539",18
139.13,-35.59,1963,10,"024539",21.6
139.13,-35.59,1963,11,"024539",12.8
139.13,-35.59,1963,12,"024539",3.9
139.13,-35.59,1964,1,"024539",7.4
139.13,-35.59,1964,2,"024539",10.6
139.13,-35.59,1964,3,"024539",3.5
139.13,-35.59,1964,4,"024539",45.3
139.13,-35.59,1964,5,"024539",39.1
139.13,-35.59,1964,6,"024539",40.1
139.13,-35.59,1964,7,"024539",104.6
139.13,-35.59,1964,8,"024539",51
139.13,-35.59,1964,9,"024539",56.7
139.13,-35.59,1964,10,"024539",45.8
139.13,-35.59,1964,11,"024539",79.2
139.13,-35.59,1964,12,"024539",33.7
139.13,-35.59,1965,1,"024539",2.4
139.13,-35.59,1965,2,"024539",1.3
139.13,-35.59,1965,3,"024539",5.9
139.13,-35.59,1965,4,"024539",20.1
139.13,-35.59,1965,5,"024539",57.3
139.13,-35.59,1965,6,"024539",25
139.13,-35.59,1965,7,"024539",32.9
139.13,-35.59,1965,8,"024539",47.2
139.13,-35.59,1965,9,"024539",28.2
139.13,-35.59,1965,10,"024539",5.1
139.13,-35.59,1965,11,"024539",48.9
139.13,-35.59,1965,12,"024539",7.1
139.13,-35.59,1966,1,"024539",3.1
139.13,-35.59,1966,2,"024539",31.2
139.13,-35.59,1966,3,"024539",20.6
139.13,-35.59,1966,4,"024539",8.9
139.13,-35.59,1966,5,"024539",39.3
139.13,-35.59,1966,6,"024539",57.5
139.13,-35.59,1966,7,"024539",76.2
139.13,-35.59,1966,8,"024539",59.1
139.13,-35.59,1966,9,"024539",38.7
139.13,-35.59,1966,10,"024539",35.4
139.13,-35.59,1966,11,"024539",15.9
139.13,-35.59,1966,12,"024539",42.5
139.13,-35.59,1967,1,"024539",6.6
139.13,-35.59,1967,2,"024539",19.1
139.13,-35.59,1967,3,"024539",3.1
139.13,-35.59,1967,4,"024539",12.4
139.13,-35.59,1967,5,"024539",33.1
139.13,-35.59,1967,6,"024539",14.8
139.13,-35.59,1967,7,"024539",41.2
139.13,-35.59,1967,8,"024539",45
139.13,-35.59,1967,9,"024539",22.1
139.13,-35.59,1967,10,"024539",7.7
139.13,-35.59,1967,11,"024539",0.5
139.13,-35.59,1967,12,"024539",12.6
139.13,-35.59,1968,1,"024539",35.6
139.13,-35.59,1968,2,"024539",10.7
139.13,-35.59,1968,3,"024539",29.7
139.13,-35.59,1968,4,"024539",46.5
139.13,-35.59,1968,5,"024539",78.7
139.13,-35.59,1968,6,"024539",27.1
139.13,-35.59,1968,7,"024539",38.2
139.13,-35.59,1968,8,"024539",52.1
139.13,-35.59,1968,9,"024539",15.9
139.13,-35.59,1968,10,"024539",47.3
139.13,-35.59,1968,11,"024539",25.8
139.13,-35.59,1968,12,"024539",20.5
139.13,-35.59,1969,1,"024539",3.8
139.13,-35.59,1969,2,"024539",59.5
139.13,-35.59,1969,3,"024539",8.4
139.13,-35.59,1969,4,"024539",13.8
139.13,-35.59,1969,5,"024539",59.1
139.13,-35.59,1969,6,"024539",8.8
139.13,-35.59,1969,7,"024539",52.5
139.13,-35.59,1969,8,"024539",32.2
139.13,-35.59,1969,9,"024539",40.1
139.13,-35.59,1969,10,"024539",1.5
139.13,-35.59,1969,11,"024539",17
139.13,-35.59,1969,12,"024539",25.9
139.13,-35.59,1970,1,"024539",25.9
139.13,-35.59,1970,2,"024539",0
139.13,-35.59,1970,3,"024539",12.9
139.13,-35.59,1970,4,"024539",38.7
139.13,-35.59,1970,5,"024539",41.3
139.13,-35.59,1970,6,"024539",43.5
139.13,-35.59,1970,7,"024539",38.7
139.13,-35.59,1970,8,"024539",55.8
139.13,-35.59,1970,9,"024539",33.4
139.13,-35.59,1970,10,"024539",8.7
139.13,-35.59,1970,11,"024539",32.1
139.13,-35.59,1970,12,"024539",48.1
139.13,-35.59,1971,1,"024539",1
139.13,-35.59,1971,2,"024539",1.5
139.13,-35.59,1971,3,"024539",35.6
139.13,-35.59,1971,4,"024539",76.8
139.13,-35.59,1971,5,"024539",57.7
139.13,-35.59,1971,6,"024539",37.9
139.13,-35.59,1971,7,"024539",45.6
139.13,-35.59,1971,8,"024539",79.7
139.13,-35.59,1971,9,"024539",33.1
139.13,-35.59,1971,10,"024539",27.5
139.13,-35.59,1971,11,"024539",46.6
139.13,-35.59,1971,12,"024539",29.4
139.13,-35.59,1972,1,"024539",50.1
139.13,-35.59,1972,2,"024539",31
139.13,-35.59,1972,3,"024539",0
139.13,-35.59,1972,4,"024539",26.7
139.13,-35.59,1972,5,"024539",18.8
139.13,-35.59,1972,6,"024539",19.5
139.13,-35.59,1972,7,"024539",70
139.13,-35.59,1972,8,"024539",63.1
139.13,-35.59,1972,9,"024539",24.1
139.13,-35.59,1972,10,"024539",22.8
139.13,-35.59,1972,11,"024539",19.9
139.13,-35.59,1972,12,"024539",2.8
139.13,-35.59,1973,1,"024539",31.8
139.13,-35.59,1973,2,"024539",60.7
139.13,-35.59,1973,3,"024539",25.8
139.13,-35.59,1973,4,"024539",27.1
139.13,-35.59,1973,5,"024539",37.6
139.13,-35.59,1973,6,"024539",57.9
139.13,-35.59,1973,7,"024539",39
139.13,-35.59,1973,8,"024539",49.4
139.13,-35.59,1973,9,"024539",35.6
139.13,-35.59,1973,10,"024539",44.8
139.13,-35.59,1973,11,"024539",10.6
139.13,-35.59,1973,12,"024539",15.1
139.13,-35.59,1974,1,"024539",66.1
139.13,-35.59,1974,2,"024539",66.1
139.13,-35.59,1974,3,"024539",3.7
139.13,-35.59,1974,4,"024539",49
139.13,-35.59,1974,5,"024539",52.3
139.13,-35.59,1974,6,"024539",35.6
139.13,-35.59,1974,7,"024539",89.8
139.13,-35.59,1974,8,"024539",26.5
139.13,-35.59,1974,9,"024539",62.9
139.13,-35.59,1974,10,"024539",94.4
139.13,-35.59,1974,11,"024539",12.8
139.13,-35.59,1974,12,"024539",8.2
139.13,-35.59,1975,1,"024539",15.9
139.13,-35.59,1975,2,"024539",2.6
139.13,-35.59,1975,3,"024539",45.9
139.13,-35.59,1975,4,"024539",17.2
139.13,-35.59,1975,5,"024539",31.9
139.13,-35.59,1975,6,"024539",24.2
139.13,-35.59,1975,7,"024539",74.3
139.13,-35.59,1975,8,"024539",39.6
139.13,-35.59,1975,9,"024539",39.8
139.13,-35.59,1975,10,"024539",55.9
139.13,-35.59,1975,11,"024539",16
139.13,-35.59,1975,12,"024539",4.1
139.13,-35.59,1976,1,"024539",10.4
139.13,-35.59,1976,2,"024539",23.6
139.13,-35.59,1976,3,"024539",1.2
139.13,-35.59,1976,4,"024539",25.8
139.13,-35.59,1976,5,"024539",26.6
139.13,-35.59,1976,6,"024539",41.4
139.13,-35.59,1976,7,"024539",19
139.13,-35.59,1976,8,"024539",50.7
139.13,-35.59,1976,9,"024539",57.2
139.13,-35.59,1976,10,"024539",53.5
139.13,-35.59,1976,11,"024539",6.3
139.13,-35.59,1976,12,"024539",34.4
139.13,-35.59,1977,1,"024539",30.1
139.13,-35.59,1977,2,"024539",7.8
139.13,-35.59,1977,3,"024539",18.8
139.13,-35.59,1977,4,"024539",18.5
139.13,-35.59,1977,5,"024539",57
139.13,-35.59,1977,6,"024539",59.6
139.13,-35.59,1977,7,"024539",23.9
139.13,-35.59,1977,8,"024539",36.9
139.13,-35.59,1977,9,"024539",34.7
139.13,-35.59,1977,10,"024539",27.6
139.13,-35.59,1977,11,"024539",44.6
139.13,-35.59,1977,12,"024539",5.1
139.13,-35.59,1978,1,"024539",5.5
139.13,-35.59,1978,2,"024539",1.3
139.13,-35.59,1978,3,"024539",8.5
139.13,-35.59,1978,4,"024539",34.4
139.13,-35.59,1978,5,"024539",61.9
139.13,-35.59,1978,6,"024539",66.6
139.13,-35.59,1978,7,"024539",81.9
139.13,-35.59,1978,8,"024539",61.6
139.13,-35.59,1978,9,"024539",56.8
139.13,-35.59,1978,10,"024539",25.8
139.13,-35.59,1978,11,"024539",37.2
139.13,-35.59,1978,12,"024539",6
139.13,-35.59,1979,1,"024539",37.8
139.13,-35.59,1979,2,"024539",31.2
139.13,-35.59,1979,3,"024539",7.9
139.13,-35.59,1979,4,"024539",27.2
139.13,-35.59,1979,5,"024539",40.3
139.13,-35.59,1979,6,"024539",12.2
139.13,-35.59,1979,7,"024539",48.8
139.13,-35.59,1979,8,"024539",66.7
139.13,-35.59,1979,9,"024539",62
139.13,-35.59,1979,10,"024539",54.9
139.13,-35.59,1979,11,"024539",40.2
139.13,-35.59,1979,12,"024539",10
139.13,-35.59,1980,1,"024539",1.9
139.13,-35.59,1980,2,"024539",0
139.13,-35.59,1980,3,"024539",2.4
139.13,-35.59,1980,4,"024539",51.7
139.13,-35.59,1980,5,"024539",36.1
139.13,-35.59,1980,6,"024539",81.4
139.13,-35.59,1980,7,"024539",46
139.13,-35.59,1980,8,"024539",28.3
139.13,-35.59,1980,9,"024539",15.5
139.13,-35.59,1980,10,"024539",83.4
139.13,-35.59,1980,11,"024539",17.8
139.13,-35.59,1980,12,"024539",22.4
139.13,-35.59,1981,1,"024539",33.4
139.13,-35.59,1981,2,"024539",18.1
139.13,-35.59,1981,3,"024539",32.3
139.13,-35.59,1981,4,"024539",1.8
139.13,-35.59,1981,5,"024539",40.8
139.13,-35.59,1981,6,"024539",87.7
139.13,-35.59,1981,7,"024539",61.5
139.13,-35.59,1981,8,"024539",79
139.13,-35.59,1981,9,"024539",7.6
139.13,-35.59,1981,10,"024539",19
139.13,-35.59,1981,11,"024539",25.4
139.13,-35.59,1981,12,"024539",6.4
139.13,-35.59,1982,1,"024539",24.4
139.13,-35.59,1982,2,"024539",5
139.13,-35.59,1982,3,"024539",27.2
139.13,-35.59,1982,4,"024539",36.3
139.13,-35.59,1982,5,"024539",56.7
139.13,-35.59,1982,6,"024539",55.1
139.13,-35.59,1982,7,"024539",12.3
139.13,-35.59,1982,8,"024539",29.3
139.13,-35.59,1982,9,"024539",27.1
139.13,-35.59,1982,10,"024539",15.4
139.13,-35.59,1982,11,"024539",7.8
139.13,-35.59,1982,12,"024539",10.6
139.13,-35.59,1983,1,"024539",12.4
139.13,-35.59,1983,2,"024539",0.8
139.13,-35.59,1983,3,"024539",88.6
139.13,-35.59,1983,4,"024539",55.8
139.13,-35.59,1983,5,"024539",36.8
139.13,-35.59,1983,6,"024539",45.8
139.13,-35.59,1983,7,"024539",73
139.13,-35.59,1983,8,"024539",97.7
139.13,-35.59,1983,9,"024539",34.7
139.13,-35.59,1983,10,"024539",45.4
139.13,-35.59,1983,11,"024539",16.7
139.13,-35.59,1983,12,"024539",34
139.13,-35.59,1984,1,"024539",14.5
139.13,-35.59,1984,2,"024539",3.8
139.13,-35.59,1984,3,"024539",28.9
139.13,-35.59,1984,4,"024539",26
139.13,-35.59,1984,5,"024539",31
139.13,-35.59,1984,6,"024539",12
139.13,-35.59,1984,7,"024539",77.5
139.13,-35.59,1984,8,"024539",74.7
139.13,-35.59,1984,9,"024539",40.8
139.13,-35.59,1984,10,"024539",22.4
139.13,-35.59,1984,11,"024539",58
139.13,-35.59,1984,12,"024539",2.2
139.13,-35.59,1985,1,"024539",3.2
139.13,-35.59,1985,2,"024539",2.8
139.13,-35.59,1985,3,"024539",55.5
139.13,-35.59,1985,4,"024539",114
139.13,-35.59,1985,5,"024539",37
139.13,-35.59,1985,6,"024539",68.6
139.13,-35.59,1985,7,"024539",27.7
139.13,-35.59,1985,8,"024539",67.1
139.13,-35.59,1985,9,"024539",41.8
139.13,-35.59,1985,10,"024539",37.8
139.13,-35.59,1985,11,"024539",9.2
139.13,-35.59,1985,12,"024539",22.5
139.13,-35.59,1986,1,"024539",7.8
139.13,-35.59,1986,2,"024539",0.4
139.13,-35.59,1986,3,"024539",0
139.13,-35.59,1986,4,"024539",53.3
139.13,-35.59,1986,5,"024539",38.3
139.13,-35.59,1986,6,"024539",47.1
139.13,-35.59,1986,7,"024539",79.8
139.13,-35.59,1986,8,"024539",77.3
139.13,-35.59,1986,9,"024539",54.4
139.13,-35.59,1986,10,"024539",41.3
139.13,-35.59,1986,11,"024539",12
139.13,-35.59,1986,12,"024539",39.9
139.13,-35.59,1987,1,"024539",8.6
139.13,-35.59,1987,2,"024539",28.6
139.13,-35.59,1987,3,"024539",16.8
139.13,-35.59,1987,4,"024539",18.1
139.13,-35.59,1987,5,"024539",75.3
139.13,-35.59,1987,6,"024539",57.2
139.13,-35.59,1987,7,"024539",56.7
139.13,-35.59,1987,8,"024539",27.4
139.13,-35.59,1987,9,"024539",17.4
139.13,-35.59,1987,10,"024539",41.4
139.13,-35.59,1987,11,"024539",2.9
139.13,-35.59,1987,12,"024539",66
139.13,-35.59,1988,1,"024539",15.2
139.13,-35.59,1988,2,"024539",18.6
139.13,-35.59,1988,3,"024539",14.6
139.13,-35.59,1988,4,"024539",6.9
139.13,-35.59,1988,5,"024539",63.6
139.13,-35.59,1988,6,"024539",85.6
139.13,-35.59,1988,7,"024539",36.8
139.13,-35.59,1988,8,"024539",33
139.13,-35.59,1988,9,"024539",21.2
139.13,-35.59,1988,10,"024539",5.2
139.13,-35.59,1988,11,"024539",16.9
139.13,-35.59,1988,12,"024539",16.4
139.13,-35.59,1989,1,"024539",2.1
139.13,-35.59,1989,2,"024539",8
139.13,-35.59,1989,3,"024539",8.7
139.13,-35.59,1989,4,"024539",13.3
139.13,-35.59,1989,5,"024539",75.2
139.13,-35.59,1989,6,"024539",89.6
139.13,-35.59,1989,7,"024539",93.7
139.13,-35.59,1989,8,"024539",53
139.13,-35.59,1989,9,"024539",27.7
139.13,-35.59,1989,10,"024539",32.2
139.13,-35.59,1989,11,"024539",26.5
139.13,-35.59,1989,12,"024539",5.4
139.13,-35.59,1990,1,"024539",16
139.13,-35.59,1990,2,"024539",5.8
139.13,-35.59,1990,3,"024539",0
139.13,-35.59,1990,4,"024539",18.4
139.13,-35.59,1990,5,"024539",16.4
139.13,-35.59,1990,6,"024539",74
139.13,-35.59,1990,7,"024539",75
139.13,-35.59,1990,8,"024539",65.5
139.13,-35.59,1990,9,"024539",37.6
139.13,-35.59,1990,10,"024539",13
139.13,-35.59,1990,11,"024539",1.3
139.13,-35.59,1990,12,"024539",30.9
139.13,-35.59,1991,1,"024539",10.4
139.13,-35.59,1991,2,"024539",0
139.13,-35.59,1991,3,"024539",1.6
139.13,-35.59,1991,4,"024539",23
139.13,-35.59,1991,5,"024539",19.4
139.13,-35.59,1991,6,"024539",75.1
139.13,-35.59,1991,7,"024539",78.3
139.13,-35.59,1991,8,"024539",59.7
139.13,-35.59,1991,9,"024539",59.2
139.13,-35.59,1991,10,"024539",0.2
139.13,-35.59,1991,11,"024539",21.2
139.13,-35.59,1991,12,"024539",NA
139.13,-35.59,1992,1,"024539",NA
139.13,-35.59,1992,2,"024539",NA
139.13,-35.59,1992,3,"024539",NA
139.13,-35.59,1992,4,"024539",105
139.13,-35.59,1992,5,"024539",50.1
139.13,-35.59,1992,6,"024539",49.2
139.13,-35.59,1992,7,"024539",29.6
139.13,-35.59,1992,8,"024539",66.9
139.13,-35.59,1992,9,"024539",22.8
139.13,-35.59,1992,10,"024539",NA
139.13,-35.59,1992,11,"024539",NA
139.13,-35.59,1992,12,"024539",NA
139.13,-35.59,1993,1,"024539",14
139.13,-35.59,1993,2,"024539",9
139.13,-35.59,1993,3,"024539",4.2
139.13,-35.59,1993,4,"024539",2.3
139.13,-35.59,1993,5,"024539",33.6
139.13,-35.59,1993,6,"024539",29.2
139.13,-35.59,1993,7,"024539",60.1
139.13,-35.59,1993,8,"024539",36.8
139.13,-35.59,1993,9,"024539",59.2
139.13,-35.59,1993,10,"024539",46.6
139.13,-35.59,1993,11,"024539",28.8
139.13,-35.59,1993,12,"024539",31.6
139.13,-35.59,1994,1,"024539",18.7
139.13,-35.59,1994,2,"024539",8.8
139.13,-35.59,1994,3,"024539",0
139.13,-35.59,1994,4,"024539",14.4
139.13,-35.59,1994,5,"024539",42.8
139.13,-35.59,1994,6,"024539",80
139.13,-35.59,1994,7,"024539",60
139.13,-35.59,1994,8,"024539",34.4
139.13,-35.59,1994,9,"024539",24.8
139.13,-35.59,1994,10,"024539",34.6
139.13,-35.59,1994,11,"024539",32.8
139.13,-35.59,1994,12,"024539",8
139.13,-35.59,1995,1,"024539",23
139.13,-35.59,1995,2,"024539",21.6
139.13,-35.59,1995,3,"024539",9.6
139.13,-35.59,1995,4,"024539",46.8
139.13,-35.59,1995,5,"024539",55.2
139.13,-35.59,1995,6,"024539",43.2
139.13,-35.59,1995,7,"024539",77
139.13,-35.59,1995,8,"024539",9
139.13,-35.59,1995,9,"024539",17
139.13,-35.59,1995,10,"024539",17.6
139.13,-35.59,1995,11,"024539",4.2
139.13,-35.59,1995,12,"024539",16.2
139.13,-35.59,1996,1,"024539",9
139.13,-35.59,1996,2,"024539",15.6
139.13,-35.59,1996,3,"024539",8.6
139.13,-35.59,1996,4,"024539",29.4
139.13,-35.59,1996,5,"024539",33
139.13,-35.59,1996,6,"024539",65.4
139.13,-35.59,1996,7,"024539",73.6
139.13,-35.59,1996,8,"024539",87.4
139.13,-35.59,1996,9,"024539",65.2
139.13,-35.59,1996,10,"024539",19.8
139.13,-35.59,1996,11,"024539",2.2
139.13,-35.59,1996,12,"024539",18.4
139.13,-35.59,1997,1,"024539",31.2
139.13,-35.59,1997,2,"024539",12.4
139.13,-35.59,1997,3,"024539",14.8
139.13,-35.59,1997,4,"024539",3.6
139.13,-35.59,1997,5,"024539",56.2
139.13,-35.59,1997,6,"024539",30.4
139.13,-35.59,1997,7,"024539",27.6
139.13,-35.59,1997,8,"024539",64
139.13,-35.59,1997,9,"024539",69.6
139.13,-35.59,1997,10,"024539",60.2
139.13,-35.59,1997,11,"024539",50.8
139.13,-35.59,1997,12,"024539",11.4
139.13,-35.59,1998,1,"024539",19.2
139.13,-35.59,1998,2,"024539",17
139.13,-35.59,1998,3,"024539",8
139.13,-35.59,1998,4,"024539",71.4
139.13,-35.59,1998,5,"024539",33.4
139.13,-35.59,1998,6,"024539",59.4
139.13,-35.59,1998,7,"024539",45.2
139.13,-35.59,1998,8,"024539",32.2
139.13,-35.59,1998,9,"024539",51.8
139.13,-35.59,1998,10,"024539",27.6
139.13,-35.59,1998,11,"024539",19
139.13,-35.59,1998,12,"024539",11.8
139.13,-35.59,1999,1,"024539",7
139.13,-35.59,1999,2,"024539",5.8
139.13,-35.59,1999,3,"024539",39
139.13,-35.59,1999,4,"024539",5
139.13,-35.59,1999,5,"024539",39.4
139.13,-35.59,1999,6,"024539",47.8
139.13,-35.59,1999,7,"024539",43.2
139.13,-35.59,1999,8,"024539",35.6
139.13,-35.59,1999,9,"024539",34.6
139.13,-35.59,1999,10,"024539",35
139.13,-35.59,1999,11,"024539",21.4
139.13,-35.59,1999,12,"024539",19.8
139.13,-35.59,2000,1,"024539",10.4
139.13,-35.59,2000,2,"024539",60.2
139.13,-35.59,2000,3,"024539",15.4
139.13,-35.59,2000,4,"024539",29.8
139.13,-35.59,2000,5,"024539",69.6
139.13,-35.59,2000,6,"024539",74
139.13,-35.59,2000,7,"024539",72.2
139.13,-35.59,2000,8,"024539",74.2
139.13,-35.59,2000,9,"024539",47.6
139.13,-35.59,2000,10,"024539",74
139.13,-35.59,2000,11,"024539",6.2
139.13,-35.59,2000,12,"024539",1.8
139.13,-35.59,2001,1,"024539",3.4
139.13,-35.59,2001,2,"024539",12.2
139.13,-35.59,2001,3,"024539",39.2
139.13,-35.59,2001,4,"024539",27
139.13,-35.59,2001,5,"024539",40.8
139.13,-35.59,2001,6,"024539",44.4
139.13,-35.59,2001,7,"024539",54.2
139.13,-35.59,2001,8,"024539",89.4
139.13,-35.59,2001,9,"024539",63.2
139.13,-35.59,2001,10,"024539",54.8
139.13,-35.59,2001,11,"024539",36.8
139.13,-35.59,2001,12,"024539",19.4
139.13,-35.59,2002,1,"024539",17.9
139.13,-35.59,2002,2,"024539",1
139.13,-35.59,2002,3,"024539",7.6
139.13,-35.59,2002,4,"024539",10.2
139.13,-35.59,2002,5,"024539",54.8
139.13,-35.59,2002,6,"024539",47
139.13,-35.59,2002,7,"024539",61.9
139.13,-35.59,2002,8,"024539",24
139.13,-35.59,2002,9,"024539",34.2
139.13,-35.59,2002,10,"024539",24
139.13,-35.59,2002,11,"024539",46.2
139.13,-35.59,2002,12,"024539",5.2
139.13,-35.59,2003,1,"024539",22
139.13,-35.59,2003,2,"024539",24
139.13,-35.59,2003,3,"024539",15
139.13,-35.59,2003,4,"024539",18.6
139.13,-35.59,2003,5,"024539",77.2
139.13,-35.59,2003,6,"024539",92.8
139.13,-35.59,2003,7,"024539",47.6
139.13,-35.59,2003,8,"024539",83.4
139.13,-35.59,2003,9,"024539",28.4
139.13,-35.59,2003,10,"024539",79.4
139.13,-35.59,2003,11,"024539",12.4
139.13,-35.59,2003,12,"024539",28.2
139.13,-35.59,2004,1,"024539",12.2
139.13,-35.59,2004,2,"024539",10.8
139.13,-35.59,2004,3,"024539",13.6
139.13,-35.59,2004,4,"024539",10.8
139.13,-35.59,2004,5,"024539",NA
139.13,-35.59,2004,6,"024539",56
139.13,-35.59,2004,7,"024539",76.2
139.13,-35.59,2004,8,"024539",58
139.13,-35.59,2004,9,"024539",51.6
139.13,-35.59,2004,10,"024539",NA
139.13,-35.59,2004,11,"024539",41.4
139.13,-35.59,2004,12,"024539",34.4
139.13,-35.59,2005,1,"024539",15
139.13,-35.59,2005,2,"024539",27.8
139.13,-35.59,2005,3,"024539",8.2
139.13,-35.59,2005,4,"024539",2.8
139.13,-35.59,2005,5,"024539",9.6
139.13,-35.59,2005,6,"024539",149
139.13,-35.59,2005,7,"024539",35
139.13,-35.59,2005,8,"024539",57.6
139.13,-35.59,2005,9,"024539",33.8
139.13,-35.59,2005,10,"024539",71.4
139.13,-35.59,2005,11,"024539",28.8
139.13,-35.59,2005,12,"024539",33.6
139.13,-35.59,2006,1,"024539",29
139.13,-35.59,2006,2,"024539",29.4
139.13,-35.59,2006,3,"024539",26.4
139.13,-35.59,2006,4,"024539",46.4
139.13,-35.59,2006,5,"024539",55.8
139.13,-35.59,2006,6,"024539",26.2
139.13,-35.59,2006,7,"024539",34.6
139.13,-35.59,2006,8,"024539",7.6
139.13,-35.59,2006,9,"024539",31.4
139.13,-35.59,2006,10,"024539",0.6
139.13,-35.59,2006,11,"024539",10.2
139.13,-35.59,2006,12,"024539",10
139.13,-35.59,2007,1,"024539",54
139.13,-35.59,2007,2,"024539",2.2
139.13,-35.59,2007,3,"024539",11.6
139.13,-35.59,2007,4,"024539",41.8
139.13,-35.59,2007,5,"024539",37.2
139.13,-35.59,2007,6,"024539",43.2
139.13,-35.59,2007,7,"024539",69
139.13,-35.59,2007,8,"024539",36.8
139.13,-35.59,2007,9,"024539",53.2
139.13,-35.59,2007,10,"024539",33.8
139.13,-35.59,2007,11,"024539",38
139.13,-35.59,2007,12,"024539",34
139.13,-35.59,2008,1,"024539",4.6
139.13,-35.59,2008,2,"024539",2.4
139.13,-35.59,2008,3,"024539",17.2
139.13,-35.59,2008,4,"024539",30.2
139.13,-35.59,2008,5,"024539",38.4
139.13,-35.59,2008,6,"024539",29.4
139.13,-35.59,2008,7,"024539",94.4
139.13,-35.59,2008,8,"024539",101.6
139.13,-35.59,2008,9,"024539",19.2
139.13,-35.59,2008,10,"024539",9.6
139.13,-35.59,2008,11,"024539",12.4
139.13,-35.59,2008,12,"024539",25.2
139.13,-35.59,2009,1,"024539",0.8
139.13,-35.59,2009,2,"024539",1
139.13,-35.59,2009,3,"024539",11.4
139.13,-35.59,2009,4,"024539",70.2
139.13,-35.59,2009,5,"024539",48.6
139.13,-35.59,2009,6,"024539",49.6
139.13,-35.59,2009,7,"024539",73.2
139.13,-35.59,2009,8,"024539",43.4
139.13,-35.59,2009,9,"024539",90
139.13,-35.59,2009,10,"024539",49.2
139.13,-35.59,2009,11,"024539",40.8
139.13,-35.59,2009,12,"024539",17.8
139.13,-35.59,2010,1,"024539",20.6
139.13,-35.59,2010,2,"024539",10.8
139.13,-35.59,2010,3,"024539",34.2
139.13,-35.59,2010,4,"024539",63.6
139.13,-35.59,2010,5,"024539",55.2
139.13,-35.59,2010,6,"024539",59
139.13,-35.59,2010,7,"024539",38.8
139.13,-35.59,2010,8,"024539",74
139.13,-35.59,2010,9,"024539",81.6
139.13,-35.59,2010,10,"024539",42.4
139.13,-35.59,2010,11,"024539",35.4
139.13,-35.59,2010,12,"024539",92.2
139.13,-35.59,2011,1,"024539",24.8
139.13,-35.59,2011,2,"024539",56.4
139.13,-35.59,2011,3,"024539",21
139.13,-35.59,2011,4,"024539",18.4
139.13,-35.59,2011,5,"024539",43.6
139.13,-35.59,2011,6,"024539",58
139.13,-35.59,2011,7,"024539",55.4
139.13,-35.59,2011,8,"024539",44.4
139.13,-35.59,2011,9,"024539",30.2
139.13,-35.59,2011,10,"024539",27.8
139.13,-35.59,2011,11,"024539",35.4
139.13,-35.59,2011,12,"024539",18.8
139.13,-35.59,2012,1,"024539",5.6
139.13,-35.59,2012,2,"024539",12.6
139.13,-35.59,2012,3,"024539",46.2
139.13,-35.59,2012,4,"024539",33
139.13,-35.59,2012,5,"024539",102.6
139.13,-35.59,2012,6,"024539",95.4
139.13,-35.59,2012,7,"024539",73.4
139.13,-35.59,2012,8,"024539",53.8
139.13,-35.59,2012,9,"024539",32.6
139.13,-35.59,2012,10,"024539",17.4
139.13,-35.59,2012,11,"024539",14.6
139.13,-35.59,2012,12,"024539",12.2
139.13,-35.59,2013,1,"024539",5.9
139.13,-35.59,2013,2,"024539",11.6
139.13,-35.59,2013,3,"024539",6.2
139.13,-35.59,2013,4,"024539",44.7
139.13,-35.59,2013,5,"024539",75.2
139.13,-35.59,2013,6,"024539",103.6
139.13,-35.59,2013,7,"024539",107.1
139.13,-35.59,2013,8,"024539",64
139.13,-35.59,2013,9,"024539",56.8
139.13,-35.59,2013,10,"024539",20.4
139.13,-35.59,2013,11,"024539",10
139.13,-35.59,2013,12,"024539",18
139.13,-35.59,2014,1,"024539",22.4
139.13,-35.59,2014,2,"024539",31.8
139.13,-35.59,2014,3,"024539",9
139.13,-35.59,2014,4,"024539",24.6
139.13,-35.59,2014,5,"024539",NA
139.13,-35.59,2014,6,"024539",94.4
139.13,-35.59,2014,7,"024539",NA
139.13,-35.59,2014,8,"024539",16
139.13,-35.59,2014,9,"024539",23.6
139.13,-35.59,2014,10,"024539",7.8
139.13,-35.59,2014,11,"024539",NA
139.13,-35.59,2014,12,"024539",NA
139.13,-35.59,2015,1,"024539",35.2
139.13,-35.59,2015,2,"024539",0.2
139.13,-35.59,2015,3,"024539",5
139.13,-35.59,2015,4,"024539",63.4
139.13,-35.59,2015,5,"024539",55
139.13,-35.59,2015,6,"024539",19.6
139.13,-35.59,2015,7,"024539",77.4
139.13,-35.59,2015,8,"024539",45
139.13,-35.59,2015,9,"024539",32
139.13,-35.59,2015,10,"024539",2.4
139.13,-35.59,2015,11,"024539",20.8
139.13,-35.59,2015,12,"024539",9.4
139.13,-35.59,2016,1,"024539",33.8
139.13,-35.59,2016,2,"024539",42.8
139.13,-35.59,2016,3,"024539",18.6
139.13,-35.59,2016,4,"024539",7.2
139.13,-35.59,2016,5,"024539",58
139.13,-35.59,2016,6,"024539",60.8
139.13,-35.59,2016,7,"024539",107.8
139.13,-35.59,2016,8,"024539",31.2
139.13,-35.59,2016,9,"024539",151.6
139.13,-35.59,2016,10,"024539",49.6
139.13,-35.59,2016,11,"024539",9.8
139.13,-35.59,2016,12,"024539",55.2
139.13,-35.59,2017,1,"024539",39.4
139.13,-35.59,2017,2,"024539",NA
139.13,-35.59,2017,3,"024539",NA
139.13,-35.59,2017,4,"024539",53.5
139.13,-35.59,2017,5,"024539",45
139.13,-35.59,2017,6,"024539",15.4
139.13,-35.59,2017,7,"024539",76.2
139.13,-35.59,2017,8,"024539",64.8
139.13,-35.59,2017,9,"024539",NA
139.13,-35.59,2017,10,"024539",NA
139.13,-35.59,2017,11,"024539",NA
139.13,-35.59,2017,12,"024539",NA
139.13,-35.59,2019,1,"024539",NA
139.13,-35.59,2019,2,"024539",NA
139.13,-35.59,2019,3,"024539",NA
139.13,-35.59,2019,4,"024539",NA
139.13,-35.59,2019,5,"024539",NA
139.13,-35.59,2019,6,"024539",NA
139.13,-35.59,2019,7,"024539",NA
139.13,-35.59,2019,8,"024539",NA
139.13,-35.59,2019,9,"024539",NA
139.13,-35.59,2019,10,"024539",27.8
139.13,-35.59,2019,11,"024539",26.8
139.13,-35.59,2019,12,"024539",0
139.13,-35.59,2020,1,"024539",17.4
139.13,-35.59,2020,2,"024539",NA
139.13,-35.59,2020,3,"024539",NA
139.13,-35.59,2020,4,"024539",NA
139.13,-35.59,2020,5,"024539",NA
139.13,-35.59,2020,6,"024539",NA
139.13,-35.59,2020,7,"024539",NA
139.13,-35.59,2020,8,"024539",NA
139.13,-35.59,2020,9,"024539",NA
139.13,-35.59,2020,10,"024539",NA
139.13,-35.59,2020,11,"024539",NA
139.13,-35.59,2020,12,"024539",NA
