"Lon","Lat","Year","Month","Station","Rain"
147.77,-34.93,1884,1,"073124",NA
147.77,-34.93,1884,2,"073124",NA
147.77,-34.93,1884,3,"073124",NA
147.77,-34.93,1884,4,"073124",NA
147.77,-34.93,1884,5,"073124",5
147.77,-34.93,1884,6,"073124",108
147.77,-34.93,1884,7,"073124",10.2
147.77,-34.93,1884,8,"073124",19.9
147.77,-34.93,1884,9,"073124",54.6
147.77,-34.93,1884,10,"073124",66.1
147.77,-34.93,1884,11,"073124",64.3
147.77,-34.93,1884,12,"073124",22.9
147.77,-34.93,1885,1,"073124",128.8
147.77,-34.93,1885,2,"073124",63.6
147.77,-34.93,1885,3,"073124",4.6
147.77,-34.93,1885,4,"073124",34.3
147.77,-34.93,1885,5,"073124",13.2
147.77,-34.93,1885,6,"073124",62.2
147.77,-34.93,1885,7,"073124",8.9
147.77,-34.93,1885,8,"073124",37.6
147.77,-34.93,1885,9,"073124",47.8
147.77,-34.93,1885,10,"073124",31.7
147.77,-34.93,1885,11,"073124",78.3
147.77,-34.93,1885,12,"073124",34.3
147.77,-34.93,1886,1,"073124",52.4
147.77,-34.93,1886,2,"073124",9.2
147.77,-34.93,1886,3,"073124",20.3
147.77,-34.93,1886,4,"073124",39.1
147.77,-34.93,1886,5,"073124",35.1
147.77,-34.93,1886,6,"073124",11.9
147.77,-34.93,1886,7,"073124",51.1
147.77,-34.93,1886,8,"073124",140.7
147.77,-34.93,1886,9,"073124",49.9
147.77,-34.93,1886,10,"073124",90.9
147.77,-34.93,1886,11,"073124",19.5
147.77,-34.93,1886,12,"073124",132.8
147.77,-34.93,1887,1,"073124",96.1
147.77,-34.93,1887,2,"073124",130.6
147.77,-34.93,1887,3,"073124",NA
147.77,-34.93,1887,4,"073124",NA
147.77,-34.93,1887,5,"073124",NA
147.77,-34.93,1887,6,"073124",NA
147.77,-34.93,1887,7,"073124",NA
147.77,-34.93,1887,8,"073124",NA
147.77,-34.93,1887,9,"073124",NA
147.77,-34.93,1887,10,"073124",NA
147.77,-34.93,1887,11,"073124",NA
147.77,-34.93,1887,12,"073124",NA
147.77,-34.93,1889,1,"073124",NA
147.77,-34.93,1889,2,"073124",NA
147.77,-34.93,1889,3,"073124",NA
147.77,-34.93,1889,4,"073124",82.7
147.77,-34.93,1889,5,"073124",146.8
147.77,-34.93,1889,6,"073124",60.4
147.77,-34.93,1889,7,"073124",22.9
147.77,-34.93,1889,8,"073124",39.3
147.77,-34.93,1889,9,"073124",102.8
147.77,-34.93,1889,10,"073124",38.1
147.77,-34.93,1889,11,"073124",95.3
147.77,-34.93,1889,12,"073124",33.1
147.77,-34.93,1890,1,"073124",246.6
147.77,-34.93,1890,2,"073124",0
147.77,-34.93,1890,3,"073124",63
147.77,-34.93,1890,4,"073124",NA
147.77,-34.93,1890,5,"073124",NA
147.77,-34.93,1890,6,"073124",NA
147.77,-34.93,1890,7,"073124",NA
147.77,-34.93,1890,8,"073124",NA
147.77,-34.93,1890,9,"073124",NA
147.77,-34.93,1890,10,"073124",NA
147.77,-34.93,1890,11,"073124",NA
147.77,-34.93,1890,12,"073124",NA
147.77,-34.93,1893,1,"073124",28.5
147.77,-34.93,1893,2,"073124",4.6
147.77,-34.93,1893,3,"073124",79.6
147.77,-34.93,1893,4,"073124",63.3
147.77,-34.93,1893,5,"073124",62.2
147.77,-34.93,1893,6,"073124",62.7
147.77,-34.93,1893,7,"073124",52.7
147.77,-34.93,1893,8,"073124",43
147.77,-34.93,1893,9,"073124",53.1
147.77,-34.93,1893,10,"073124",69.1
147.77,-34.93,1893,11,"073124",49.8
147.77,-34.93,1893,12,"073124",80
147.77,-34.93,1894,1,"073124",115
147.77,-34.93,1894,2,"073124",35
147.77,-34.93,1894,3,"073124",140.8
147.77,-34.93,1894,4,"073124",76.9
147.77,-34.93,1894,5,"073124",27.1
147.77,-34.93,1894,6,"073124",47.1
147.77,-34.93,1894,7,"073124",81.3
147.77,-34.93,1894,8,"073124",48.9
147.77,-34.93,1894,9,"073124",83.7
147.77,-34.93,1894,10,"073124",66.3
147.77,-34.93,1894,11,"073124",21.6
147.77,-34.93,1894,12,"073124",58.4
147.77,-34.93,1895,1,"073124",48.2
147.77,-34.93,1895,2,"073124",33
147.77,-34.93,1895,3,"073124",15.5
147.77,-34.93,1895,4,"073124",21.5
147.77,-34.93,1895,5,"073124",26.9
147.77,-34.93,1895,6,"073124",106.7
147.77,-34.93,1895,7,"073124",30.5
147.77,-34.93,1895,8,"073124",79.7
147.77,-34.93,1895,9,"073124",33.1
147.77,-34.93,1895,10,"073124",41.9
147.77,-34.93,1895,11,"073124",0
147.77,-34.93,1895,12,"073124",64.2
147.77,-34.93,1896,1,"073124",22.5
147.77,-34.93,1896,2,"073124",65.4
147.77,-34.93,1896,3,"073124",19.1
147.77,-34.93,1896,4,"073124",45.2
147.77,-34.93,1896,5,"073124",70.4
147.77,-34.93,1896,6,"073124",90.3
147.77,-34.93,1896,7,"073124",15.9
147.77,-34.93,1896,8,"073124",39.6
147.77,-34.93,1896,9,"073124",34
147.77,-34.93,1896,10,"073124",15
147.77,-34.93,1896,11,"073124",70.1
147.77,-34.93,1896,12,"073124",8.9
147.77,-34.93,1897,1,"073124",144.7
147.77,-34.93,1897,2,"073124",16.8
147.77,-34.93,1897,3,"073124",10.2
147.77,-34.93,1897,4,"073124",0
147.77,-34.93,1897,5,"073124",1
147.77,-34.93,1897,6,"073124",45.2
147.77,-34.93,1897,7,"073124",42.5
147.77,-34.93,1897,8,"073124",95.7
147.77,-34.93,1897,9,"073124",33.3
147.77,-34.93,1897,10,"073124",32.8
147.77,-34.93,1897,11,"073124",40.9
147.77,-34.93,1897,12,"073124",25.9
147.77,-34.93,1898,1,"073124",10.7
147.77,-34.93,1898,2,"073124",39.8
147.77,-34.93,1898,3,"073124",24.6
147.77,-34.93,1898,4,"073124",10.7
147.77,-34.93,1898,5,"073124",22.1
147.77,-34.93,1898,6,"073124",39.1
147.77,-34.93,1898,7,"073124",35.2
147.77,-34.93,1898,8,"073124",39.3
147.77,-34.93,1898,9,"073124",28.5
147.77,-34.93,1898,10,"073124",67.4
147.77,-34.93,1898,11,"073124",4.1
147.77,-34.93,1898,12,"073124",19
147.77,-34.93,1899,1,"073124",25.7
147.77,-34.93,1899,2,"073124",24.9
147.77,-34.93,1899,3,"073124",3.6
147.77,-34.93,1899,4,"073124",52.5
147.77,-34.93,1899,5,"073124",11.7
147.77,-34.93,1899,6,"073124",76.3
147.77,-34.93,1899,7,"073124",20.8
147.77,-34.93,1899,8,"073124",61.3
147.77,-34.93,1899,9,"073124",4.8
147.77,-34.93,1899,10,"073124",50.1
147.77,-34.93,1899,11,"073124",57
147.77,-34.93,1899,12,"073124",5.9
147.77,-34.93,1900,1,"073124",32.7
147.77,-34.93,1900,2,"073124",2
147.77,-34.93,1900,3,"073124",122.7
147.77,-34.93,1900,4,"073124",73.3
147.77,-34.93,1900,5,"073124",99.3
147.77,-34.93,1900,6,"073124",75.6
147.77,-34.93,1900,7,"073124",74.5
147.77,-34.93,1900,8,"073124",60.9
147.77,-34.93,1900,9,"073124",70.4
147.77,-34.93,1900,10,"073124",4.3
147.77,-34.93,1900,11,"073124",63
147.77,-34.93,1900,12,"073124",29.8
147.77,-34.93,1901,1,"073124",12.2
147.77,-34.93,1901,2,"073124",0.8
147.77,-34.93,1901,3,"073124",76.2
147.77,-34.93,1901,4,"073124",52.3
147.77,-34.93,1901,5,"073124",29
147.77,-34.93,1901,6,"073124",40.9
147.77,-34.93,1901,7,"073124",34.2
147.77,-34.93,1901,8,"073124",60.6
147.77,-34.93,1901,9,"073124",33.2
147.77,-34.93,1901,10,"073124",82.5
147.77,-34.93,1901,11,"073124",13.9
147.77,-34.93,1901,12,"073124",3
147.77,-34.93,1902,1,"073124",16.7
147.77,-34.93,1902,2,"073124",3
147.77,-34.93,1902,3,"073124",43.4
147.77,-34.93,1902,4,"073124",0
147.77,-34.93,1902,5,"073124",4.8
147.77,-34.93,1902,6,"073124",58.3
147.77,-34.93,1902,7,"073124",15.9
147.77,-34.93,1902,8,"073124",19
147.77,-34.93,1902,9,"073124",35.7
147.77,-34.93,1902,10,"073124",28.7
147.77,-34.93,1902,11,"073124",13.6
147.77,-34.93,1902,12,"073124",110.7
147.77,-34.93,1903,1,"073124",9.7
147.77,-34.93,1903,2,"073124",2.8
147.77,-34.93,1903,3,"073124",87.3
147.77,-34.93,1903,4,"073124",78.6
147.77,-34.93,1903,5,"073124",30.5
147.77,-34.93,1903,6,"073124",41.1
147.77,-34.93,1903,7,"073124",74.2
147.77,-34.93,1903,8,"073124",13.7
147.77,-34.93,1903,9,"073124",85.7
147.77,-34.93,1903,10,"073124",49.9
147.77,-34.93,1903,11,"073124",32.2
147.77,-34.93,1903,12,"073124",60.3
147.77,-34.93,1904,1,"073124",50.1
147.77,-34.93,1904,2,"073124",20.3
147.77,-34.93,1904,3,"073124",0
147.77,-34.93,1904,4,"073124",16
147.77,-34.93,1904,5,"073124",52.9
147.77,-34.93,1904,6,"073124",27.7
147.77,-34.93,1904,7,"073124",90.4
147.77,-34.93,1904,8,"073124",17
147.77,-34.93,1904,9,"073124",4.6
147.77,-34.93,1904,10,"073124",80
147.77,-34.93,1904,11,"073124",15.7
147.77,-34.93,1904,12,"073124",31
147.77,-34.93,1905,1,"073124",28.5
147.77,-34.93,1905,2,"073124",6.3
147.77,-34.93,1905,3,"073124",6.3
147.77,-34.93,1905,4,"073124",66.1
147.77,-34.93,1905,5,"073124",48.4
147.77,-34.93,1905,6,"073124",88.4
147.77,-34.93,1905,7,"073124",56.6
147.77,-34.93,1905,8,"073124",22.6
147.77,-34.93,1905,9,"073124",12.7
147.77,-34.93,1905,10,"073124",65.1
147.77,-34.93,1905,11,"073124",0
147.77,-34.93,1905,12,"073124",18.5
147.77,-34.93,1906,1,"073124",0
147.77,-34.93,1906,2,"073124",7.4
147.77,-34.93,1906,3,"073124",118.8
147.77,-34.93,1906,4,"073124",73.5
147.77,-34.93,1906,5,"073124",81
147.77,-34.93,1906,6,"073124",38.2
147.77,-34.93,1906,7,"073124",17.7
147.77,-34.93,1906,8,"073124",50.3
147.77,-34.93,1906,9,"073124",102.1
147.77,-34.93,1906,10,"073124",67.4
147.77,-34.93,1906,11,"073124",73.7
147.77,-34.93,1906,12,"073124",22.4
147.77,-34.93,1907,1,"073124",52.6
147.77,-34.93,1907,2,"073124",0
147.77,-34.93,1907,3,"073124",29
147.77,-34.93,1907,4,"073124",0
147.77,-34.93,1907,5,"073124",10.7
147.77,-34.93,1907,6,"073124",52.3
147.77,-34.93,1907,7,"073124",19.2
147.77,-34.93,1907,8,"073124",30
147.77,-34.93,1907,9,"073124",20.1
147.77,-34.93,1907,10,"073124",15.7
147.77,-34.93,1907,11,"073124",59.2
147.77,-34.93,1907,12,"073124",84.9
147.77,-34.93,1908,1,"073124",4.3
147.77,-34.93,1908,2,"073124",29.7
147.77,-34.93,1908,3,"073124",3.5
147.77,-34.93,1908,4,"073124",24.9
147.77,-34.93,1908,5,"073124",13.4
147.77,-34.93,1908,6,"073124",96.5
147.77,-34.93,1908,7,"073124",46.5
147.77,-34.93,1908,8,"073124",36.1
147.77,-34.93,1908,9,"073124",84.7
147.77,-34.93,1908,10,"073124",28.6
147.77,-34.93,1908,11,"073124",66.4
147.77,-34.93,1908,12,"073124",5.6
147.77,-34.93,1909,1,"073124",25.9
147.77,-34.93,1909,2,"073124",42.4
147.77,-34.93,1909,3,"073124",36.1
147.77,-34.93,1909,4,"073124",28.5
147.77,-34.93,1909,5,"073124",47.3
147.77,-34.93,1909,6,"073124",97.7
147.77,-34.93,1909,7,"073124",6.1
147.77,-34.93,1909,8,"073124",103.1
147.77,-34.93,1909,9,"073124",4.6
147.77,-34.93,1909,10,"073124",39
147.77,-34.93,1909,11,"073124",6.6
147.77,-34.93,1909,12,"073124",12.4
147.77,-34.93,1910,1,"073124",105.6
147.77,-34.93,1910,2,"073124",0
147.77,-34.93,1910,3,"073124",41.7
147.77,-34.93,1910,4,"073124",0
147.77,-34.93,1910,5,"073124",16.7
147.77,-34.93,1910,6,"073124",91.4
147.77,-34.93,1910,7,"073124",46.3
147.77,-34.93,1910,8,"073124",17.1
147.77,-34.93,1910,9,"073124",55
147.77,-34.93,1910,10,"073124",44.2
147.77,-34.93,1910,11,"073124",18.7
147.77,-34.93,1910,12,"073124",17.2
147.77,-34.93,1911,1,"073124",56.6
147.77,-34.93,1911,2,"073124",57.5
147.77,-34.93,1911,3,"073124",18.3
147.77,-34.93,1911,4,"073124",0
147.77,-34.93,1911,5,"073124",66.6
147.77,-34.93,1911,6,"073124",54.6
147.77,-34.93,1911,7,"073124",49.8
147.77,-34.93,1911,8,"073124",18.1
147.77,-34.93,1911,9,"073124",79.9
147.77,-34.93,1911,10,"073124",0
147.77,-34.93,1911,11,"073124",105.9
147.77,-34.93,1911,12,"073124",51.1
147.77,-34.93,1912,1,"073124",1.8
147.77,-34.93,1912,2,"073124",10.8
147.77,-34.93,1912,3,"073124",11
147.77,-34.93,1912,4,"073124",10.5
147.77,-34.93,1912,5,"073124",0
147.77,-34.93,1912,6,"073124",48.3
147.77,-34.93,1912,7,"073124",82.1
147.77,-34.93,1912,8,"073124",45.4
147.77,-34.93,1912,9,"073124",21.5
147.77,-34.93,1912,10,"073124",30.8
147.77,-34.93,1912,11,"073124",20.8
147.77,-34.93,1912,12,"073124",31.4
147.77,-34.93,1913,1,"073124",33.3
147.77,-34.93,1913,2,"073124",16.8
147.77,-34.93,1913,3,"073124",93.2
147.77,-34.93,1913,4,"073124",7.1
147.77,-34.93,1913,5,"073124",38.1
147.77,-34.93,1913,6,"073124",39.4
147.77,-34.93,1913,7,"073124",19.9
147.77,-34.93,1913,8,"073124",11.1
147.77,-34.93,1913,9,"073124",12
147.77,-34.93,1913,10,"073124",48.2
147.77,-34.93,1913,11,"073124",0
147.77,-34.93,1913,12,"073124",7.6
147.77,-34.93,1914,1,"073124",6.9
147.77,-34.93,1914,2,"073124",0
147.77,-34.93,1914,3,"073124",88.9
147.77,-34.93,1914,4,"073124",15.7
147.77,-34.93,1914,5,"073124",21.1
147.77,-34.93,1914,6,"073124",15.7
147.77,-34.93,1914,7,"073124",5.4
147.77,-34.93,1914,8,"073124",0
147.77,-34.93,1914,9,"073124",9.7
147.77,-34.93,1914,10,"073124",0.8
147.77,-34.93,1914,11,"073124",31.7
147.77,-34.93,1914,12,"073124",50.2
147.77,-34.93,1915,1,"073124",0
147.77,-34.93,1915,2,"073124",5.8
147.77,-34.93,1915,3,"073124",0
147.77,-34.93,1915,4,"073124",17.6
147.77,-34.93,1915,5,"073124",79.2
147.77,-34.93,1915,6,"073124",59.2
147.77,-34.93,1915,7,"073124",42.1
147.77,-34.93,1915,8,"073124",66
147.77,-34.93,1915,9,"073124",50.1
147.77,-34.93,1915,10,"073124",68
147.77,-34.93,1915,11,"073124",0
147.77,-34.93,1915,12,"073124",46.5
147.77,-34.93,1916,1,"073124",9.4
147.77,-34.93,1916,2,"073124",26.2
147.77,-34.93,1916,3,"073124",10.4
147.77,-34.93,1916,4,"073124",48.3
147.77,-34.93,1916,5,"073124",20
147.77,-34.93,1916,6,"073124",96.8
147.77,-34.93,1916,7,"073124",50.3
147.77,-34.93,1916,8,"073124",76.9
147.77,-34.93,1916,9,"073124",86.2
147.77,-34.93,1916,10,"073124",80
147.77,-34.93,1916,11,"073124",69
147.77,-34.93,1916,12,"073124",32.8
147.77,-34.93,1917,1,"073124",50.1
147.77,-34.93,1917,2,"073124",36
147.77,-34.93,1917,3,"073124",20.3
147.77,-34.93,1917,4,"073124",14.8
147.77,-34.93,1917,5,"073124",38.8
147.77,-34.93,1917,6,"073124",87.4
147.77,-34.93,1917,7,"073124",98.5
147.77,-34.93,1917,8,"073124",104.8
147.77,-34.93,1917,9,"073124",48.7
147.77,-34.93,1917,10,"073124",105.1
147.77,-34.93,1917,11,"073124",92
147.77,-34.93,1917,12,"073124",45.1
147.77,-34.93,1918,1,"073124",71.6
147.77,-34.93,1918,2,"073124",80.3
147.77,-34.93,1918,3,"073124",33.4
147.77,-34.93,1918,4,"073124",97.3
147.77,-34.93,1918,5,"073124",24.4
147.77,-34.93,1918,6,"073124",39.3
147.77,-34.93,1918,7,"073124",29
147.77,-34.93,1918,8,"073124",62.9
147.77,-34.93,1918,9,"073124",14
147.77,-34.93,1918,10,"073124",16.5
147.77,-34.93,1918,11,"073124",12.9
147.77,-34.93,1918,12,"073124",13.2
147.77,-34.93,1919,1,"073124",0
147.77,-34.93,1919,2,"073124",29.4
147.77,-34.93,1919,3,"073124",14
147.77,-34.93,1919,4,"073124",35
147.77,-34.93,1919,5,"073124",69
147.77,-34.93,1919,6,"073124",21.1
147.77,-34.93,1919,7,"073124",0
147.77,-34.93,1919,8,"073124",22.7
147.77,-34.93,1919,9,"073124",25
147.77,-34.93,1919,10,"073124",39.1
147.77,-34.93,1919,11,"073124",6.1
147.77,-34.93,1919,12,"073124",72.3
147.77,-34.93,1920,1,"073124",17.1
147.77,-34.93,1920,2,"073124",6.4
147.77,-34.93,1920,3,"073124",23.6
147.77,-34.93,1920,4,"073124",17.8
147.77,-34.93,1920,5,"073124",2
147.77,-34.93,1920,6,"073124",98.5
147.77,-34.93,1920,7,"073124",72.7
147.77,-34.93,1920,8,"073124",72.1
147.77,-34.93,1920,9,"073124",55.7
147.77,-34.93,1920,10,"073124",40.7
147.77,-34.93,1920,11,"073124",65
147.77,-34.93,1920,12,"073124",78.3
147.77,-34.93,1921,1,"073124",21.4
147.77,-34.93,1921,2,"073124",7.3
147.77,-34.93,1921,3,"073124",35.3
147.77,-34.93,1921,4,"073124",94.5
147.77,-34.93,1921,5,"073124",57.4
147.77,-34.93,1921,6,"073124",60
147.77,-34.93,1921,7,"073124",26.4
147.77,-34.93,1921,8,"073124",37.2
147.77,-34.93,1921,9,"073124",91.6
147.77,-34.93,1921,10,"073124",34.5
147.77,-34.93,1921,11,"073124",5.1
147.77,-34.93,1921,12,"073124",24.9
147.77,-34.93,1922,1,"073124",30.2
147.77,-34.93,1922,2,"073124",15.3
147.77,-34.93,1922,3,"073124",4.8
147.77,-34.93,1922,4,"073124",100
147.77,-34.93,1922,5,"073124",30.5
147.77,-34.93,1922,6,"073124",34.2
147.77,-34.93,1922,7,"073124",89.7
147.77,-34.93,1922,8,"073124",43.1
147.77,-34.93,1922,9,"073124",36.8
147.77,-34.93,1922,10,"073124",26.2
147.77,-34.93,1922,11,"073124",0
147.77,-34.93,1922,12,"073124",25.1
147.77,-34.93,1923,1,"073124",13.9
147.77,-34.93,1923,2,"073124",0
147.77,-34.93,1923,3,"073124",10.6
147.77,-34.93,1923,4,"073124",0
147.77,-34.93,1923,5,"073124",33.6
147.77,-34.93,1923,6,"073124",182
147.77,-34.93,1923,7,"073124",59.9
147.77,-34.93,1923,8,"073124",27.2
147.77,-34.93,1923,9,"073124",60.2
147.77,-34.93,1923,10,"073124",45.4
147.77,-34.93,1923,11,"073124",18.3
147.77,-34.93,1923,12,"073124",39.6
147.77,-34.93,1924,1,"073124",15.6
147.77,-34.93,1924,2,"073124",57.5
147.77,-34.93,1924,3,"073124",25.1
147.77,-34.93,1924,4,"073124",33.2
147.77,-34.93,1924,5,"073124",24.2
147.77,-34.93,1924,6,"073124",46.7
147.77,-34.93,1924,7,"073124",30.7
147.77,-34.93,1924,8,"073124",74.2
147.77,-34.93,1924,9,"073124",48.8
147.77,-34.93,1924,10,"073124",48.3
147.77,-34.93,1924,11,"073124",96.3
147.77,-34.93,1924,12,"073124",27.4
147.77,-34.93,1925,1,"073124",73.2
147.77,-34.93,1925,2,"073124",62.8
147.77,-34.93,1925,3,"073124",32.5
147.77,-34.93,1925,4,"073124",3.8
147.77,-34.93,1925,5,"073124",136.5
147.77,-34.93,1925,6,"073124",61.5
147.77,-34.93,1925,7,"073124",30.2
147.77,-34.93,1925,8,"073124",45
147.77,-34.93,1925,9,"073124",29.2
147.77,-34.93,1925,10,"073124",25.4
147.77,-34.93,1925,11,"073124",111.3
147.77,-34.93,1925,12,"073124",0
147.77,-34.93,1927,1,"073124",NA
147.77,-34.93,1927,2,"073124",NA
147.77,-34.93,1927,3,"073124",NA
147.77,-34.93,1927,4,"073124",22.3
147.77,-34.93,1927,5,"073124",63.5
147.77,-34.93,1927,6,"073124",15.1
147.77,-34.93,1927,7,"073124",33.9
147.77,-34.93,1927,8,"073124",42.2
147.77,-34.93,1927,9,"073124",17.6
147.77,-34.93,1927,10,"073124",51.6
147.77,-34.93,1927,11,"073124",30
147.77,-34.93,1927,12,"073124",18.1
147.77,-34.93,1928,1,"073124",111.1
147.77,-34.93,1928,2,"073124",123.8
147.77,-34.93,1928,3,"073124",58.7
147.77,-34.93,1928,4,"073124",75.2
147.77,-34.93,1928,5,"073124",27.5
147.77,-34.93,1928,6,"073124",21.5
147.77,-34.93,1928,7,"073124",63.4
147.77,-34.93,1928,8,"073124",20.3
147.77,-34.93,1928,9,"073124",25.2
147.77,-34.93,1928,10,"073124",58.8
147.77,-34.93,1928,11,"073124",6.1
147.77,-34.93,1928,12,"073124",6.1
147.77,-34.93,1929,1,"073124",3.8
147.77,-34.93,1929,2,"073124",34.3
147.77,-34.93,1929,3,"073124",64.1
147.77,-34.93,1929,4,"073124",17.3
147.77,-34.93,1929,5,"073124",7.9
147.77,-34.93,1929,6,"073124",24.2
147.77,-34.93,1929,7,"073124",12.8
147.77,-34.93,1929,8,"073124",54.3
147.77,-34.93,1929,9,"073124",64.2
147.77,-34.93,1929,10,"073124",15.2
147.77,-34.93,1929,11,"073124",72.7
147.77,-34.93,1929,12,"073124",39.6
147.77,-34.93,1930,1,"073124",1.3
147.77,-34.93,1930,2,"073124",44
147.77,-34.93,1930,3,"073124",4.6
147.77,-34.93,1930,4,"073124",24.9
147.77,-34.93,1930,5,"073124",30.7
147.77,-34.93,1930,6,"073124",38.2
147.77,-34.93,1930,7,"073124",29.1
147.77,-34.93,1930,8,"073124",75.3
147.77,-34.93,1930,9,"073124",22.8
147.77,-34.93,1930,10,"073124",107.1
147.77,-34.93,1930,11,"073124",34
147.77,-34.93,1930,12,"073124",68
147.77,-34.93,1931,1,"073124",33
147.77,-34.93,1931,2,"073124",18.7
147.77,-34.93,1931,3,"073124",47.6
147.77,-34.93,1931,4,"073124",82
147.77,-34.93,1931,5,"073124",144.2
147.77,-34.93,1931,6,"073124",166.7
147.77,-34.93,1931,7,"073124",28.5
147.77,-34.93,1931,8,"073124",22.8
147.77,-34.93,1931,9,"073124",46.9
147.77,-34.93,1931,10,"073124",12.4
147.77,-34.93,1931,11,"073124",51.1
147.77,-34.93,1931,12,"073124",1
147.77,-34.93,1932,1,"073124",0
147.77,-34.93,1932,2,"073124",11
147.77,-34.93,1932,3,"073124",117.2
147.77,-34.93,1932,4,"073124",76.2
147.77,-34.93,1932,5,"073124",18
147.77,-34.93,1932,6,"073124",50.2
147.77,-34.93,1932,7,"073124",39.1
147.77,-34.93,1932,8,"073124",64.1
147.77,-34.93,1932,9,"073124",27.1
147.77,-34.93,1932,10,"073124",26.6
147.77,-34.93,1932,11,"073124",54.7
147.77,-34.93,1932,12,"073124",5.4
147.77,-34.93,1933,1,"073124",71.2
147.77,-34.93,1933,2,"073124",0
147.77,-34.93,1933,3,"073124",12.4
147.77,-34.93,1933,4,"073124",30
147.77,-34.93,1933,5,"073124",27.5
147.77,-34.93,1933,6,"073124",35
147.77,-34.93,1933,7,"073124",77
147.77,-34.93,1933,8,"073124",17.3
147.77,-34.93,1933,9,"073124",90.9
147.77,-34.93,1933,10,"073124",33.7
147.77,-34.93,1933,11,"073124",51.7
147.77,-34.93,1933,12,"073124",84.8
147.77,-34.93,1934,1,"073124",70.8
147.77,-34.93,1934,2,"073124",100.8
147.77,-34.93,1934,3,"073124",20.8
147.77,-34.93,1934,4,"073124",57.9
147.77,-34.93,1934,5,"073124",0
147.77,-34.93,1934,6,"073124",61.6
147.77,-34.93,1934,7,"073124",72.3
147.77,-34.93,1934,8,"073124",61.6
147.77,-34.93,1934,9,"073124",27.3
147.77,-34.93,1934,10,"073124",87.3
147.77,-34.93,1934,11,"073124",132.9
147.77,-34.93,1934,12,"073124",30.3
147.77,-34.93,1935,1,"073124",29.2
147.77,-34.93,1935,2,"073124",72
147.77,-34.93,1935,3,"073124",5.3
147.77,-34.93,1935,4,"073124",94.6
147.77,-34.93,1935,5,"073124",1
147.77,-34.93,1935,6,"073124",14.3
147.77,-34.93,1935,7,"073124",83.4
147.77,-34.93,1935,8,"073124",34.7
147.77,-34.93,1935,9,"073124",51
147.77,-34.93,1935,10,"073124",18.8
147.77,-34.93,1935,11,"073124",8.1
147.77,-34.93,1935,12,"073124",39.9
147.77,-34.93,1936,1,"073124",32.5
147.77,-34.93,1936,2,"073124",110
147.77,-34.93,1936,3,"073124",28.1
147.77,-34.93,1936,4,"073124",36.8
147.77,-34.93,1936,5,"073124",5.8
147.77,-34.93,1936,6,"073124",133.6
147.77,-34.93,1936,7,"073124",119.6
147.77,-34.93,1936,8,"073124",15.7
147.77,-34.93,1936,9,"073124",17.7
147.77,-34.93,1936,10,"073124",35.8
147.77,-34.93,1936,11,"073124",12.4
147.77,-34.93,1936,12,"073124",138.1
147.77,-34.93,1937,1,"073124",76.9
147.77,-34.93,1937,2,"073124",6.3
147.77,-34.93,1937,3,"073124",32.8
147.77,-34.93,1937,4,"073124",22.3
147.77,-34.93,1937,5,"073124",23.1
147.77,-34.93,1937,6,"073124",17.1
147.77,-34.93,1937,7,"073124",12.2
147.77,-34.93,1937,8,"073124",49.9
147.77,-34.93,1937,9,"073124",56.1
147.77,-34.93,1937,10,"073124",36
147.77,-34.93,1937,11,"073124",69.3
147.77,-34.93,1937,12,"073124",37.8
147.77,-34.93,1938,1,"073124",32.3
147.77,-34.93,1938,2,"073124",40.2
147.77,-34.93,1938,3,"073124",4.3
147.77,-34.93,1938,4,"073124",41.2
147.77,-34.93,1938,5,"073124",5.8
147.77,-34.93,1938,6,"073124",44.3
147.77,-34.93,1938,7,"073124",69.7
147.77,-34.93,1938,8,"073124",79.6
147.77,-34.93,1938,9,"073124",4.1
147.77,-34.93,1938,10,"073124",58.2
147.77,-34.93,1938,11,"073124",22.9
147.77,-34.93,1938,12,"073124",0
147.77,-34.93,1939,1,"073124",0.5
147.77,-34.93,1939,2,"073124",116.3
147.77,-34.93,1939,3,"073124",96.3
147.77,-34.93,1939,4,"073124",94.7
147.77,-34.93,1939,5,"073124",16.3
147.77,-34.93,1939,6,"073124",88.8
147.77,-34.93,1939,7,"073124",26.5
147.77,-34.93,1939,8,"073124",119.1
147.77,-34.93,1939,9,"073124",34
147.77,-34.93,1939,10,"073124",49.3
147.77,-34.93,1939,11,"073124",79.2
147.77,-34.93,1939,12,"073124",7.6
147.77,-34.93,1940,1,"073124",11.4
147.77,-34.93,1940,2,"073124",3.3
147.77,-34.93,1940,3,"073124",0.3
147.77,-34.93,1940,4,"073124",116.1
147.77,-34.93,1940,5,"073124",8.9
147.77,-34.93,1940,6,"073124",12.7
147.77,-34.93,1940,7,"073124",14.5
147.77,-34.93,1940,8,"073124",13.2
147.77,-34.93,1940,9,"073124",39.2
147.77,-34.93,1940,10,"073124",0
147.77,-34.93,1940,11,"073124",12.7
147.77,-34.93,1940,12,"073124",38.4
147.77,-34.93,1941,1,"073124",128.7
147.77,-34.93,1941,2,"073124",52.4
147.77,-34.93,1941,3,"073124",29.5
147.77,-34.93,1941,4,"073124",0
147.77,-34.93,1941,5,"073124",32.5
147.77,-34.93,1941,6,"073124",37.1
147.77,-34.93,1941,7,"073124",36.2
147.77,-34.93,1941,8,"073124",15.2
147.77,-34.93,1941,9,"073124",36
147.77,-34.93,1941,10,"073124",37.9
147.77,-34.93,1941,11,"073124",34.3
147.77,-34.93,1941,12,"073124",17.2
147.77,-34.93,1942,1,"073124",10.2
147.77,-34.93,1942,2,"073124",52.3
147.77,-34.93,1942,3,"073124",11.2
147.77,-34.93,1942,4,"073124",8.1
147.77,-34.93,1942,5,"073124",140.7
147.77,-34.93,1942,6,"073124",93.4
147.77,-34.93,1942,7,"073124",28.4
147.77,-34.93,1942,8,"073124",55
147.77,-34.93,1942,9,"073124",39.8
147.77,-34.93,1942,10,"073124",42
147.77,-34.93,1942,11,"073124",70.8
147.77,-34.93,1942,12,"073124",0
147.77,-34.93,1943,1,"073124",60.8
147.77,-34.93,1943,2,"073124",8.9
147.77,-34.93,1943,3,"073124",8.9
147.77,-34.93,1943,4,"073124",107.4
147.77,-34.93,1943,5,"073124",15.2
147.77,-34.93,1943,6,"073124",29.8
147.77,-34.93,1943,7,"073124",43.9
147.77,-34.93,1943,8,"073124",81.3
147.77,-34.93,1943,9,"073124",47.1
147.77,-34.93,1943,10,"073124",7.6
147.77,-34.93,1943,11,"073124",71.8
147.77,-34.93,1943,12,"073124",0
147.77,-34.93,1944,1,"073124",3.3
147.77,-34.93,1944,2,"073124",0
147.77,-34.93,1944,3,"073124",30.4
147.77,-34.93,1944,4,"073124",22.8
147.77,-34.93,1944,5,"073124",44.1
147.77,-34.93,1944,6,"073124",4.3
147.77,-34.93,1944,7,"073124",22.6
147.77,-34.93,1944,8,"073124",3.3
147.77,-34.93,1944,9,"073124",0
147.77,-34.93,1944,10,"073124",46.2
147.77,-34.93,1944,11,"073124",6.4
147.77,-34.93,1944,12,"073124",11.4
147.77,-34.93,1945,1,"073124",9.2
147.77,-34.93,1945,2,"073124",17
147.77,-34.93,1945,3,"073124",3
147.77,-34.93,1945,4,"073124",16.8
147.77,-34.93,1945,5,"073124",22.4
147.77,-34.93,1945,6,"073124",125.2
147.77,-34.93,1945,7,"073124",28.1
147.77,-34.93,1945,8,"073124",60.4
147.77,-34.93,1945,9,"073124",21.6
147.77,-34.93,1945,10,"073124",61.8
147.77,-34.93,1945,11,"073124",36.6
147.77,-34.93,1945,12,"073124",13.2
147.77,-34.93,1946,1,"073124",38.2
147.77,-34.93,1946,2,"073124",97.5
147.77,-34.93,1946,3,"073124",51.5
147.77,-34.93,1946,4,"073124",23.1
147.77,-34.93,1946,5,"073124",17.5
147.77,-34.93,1946,6,"073124",18.3
147.77,-34.93,1946,7,"073124",40.4
147.77,-34.93,1946,8,"073124",32
147.77,-34.93,1946,9,"073124",1.3
147.77,-34.93,1946,10,"073124",10
147.77,-34.93,1946,11,"073124",75.9
147.77,-34.93,1946,12,"073124",93.2
147.77,-34.93,1947,1,"073124",2.8
147.77,-34.93,1947,2,"073124",36.5
147.77,-34.93,1947,3,"073124",48.5
147.77,-34.93,1947,4,"073124",47.6
147.77,-34.93,1947,5,"073124",11.4
147.77,-34.93,1947,6,"073124",42.9
147.77,-34.93,1947,7,"073124",83.1
147.77,-34.93,1947,8,"073124",41.2
147.77,-34.93,1947,9,"073124",52.4
147.77,-34.93,1947,10,"073124",22.3
147.77,-34.93,1947,11,"073124",51.1
147.77,-34.93,1947,12,"073124",80.2
147.77,-34.93,1948,1,"073124",49.9
147.77,-34.93,1948,2,"073124",74.1
147.77,-34.93,1948,3,"073124",18.3
147.77,-34.93,1948,4,"073124",57.4
147.77,-34.93,1948,5,"073124",48.3
147.77,-34.93,1948,6,"073124",53.3
147.77,-34.93,1948,7,"073124",10.4
147.77,-34.93,1948,8,"073124",13.2
147.77,-34.93,1948,9,"073124",19.8
147.77,-34.93,1948,10,"073124",49
147.77,-34.93,1948,11,"073124",26.2
147.77,-34.93,1948,12,"073124",57.4
147.77,-34.93,1949,1,"073124",27.4
147.77,-34.93,1949,2,"073124",14.7
147.77,-34.93,1949,3,"073124",103.9
147.77,-34.93,1949,4,"073124",22.1
147.77,-34.93,1949,5,"073124",51.2
147.77,-34.93,1949,6,"073124",14.1
147.77,-34.93,1949,7,"073124",50.3
147.77,-34.93,1949,8,"073124",7.1
147.77,-34.93,1949,9,"073124",27.8
147.77,-34.93,1949,10,"073124",146.3
147.77,-34.93,1949,11,"073124",50.2
147.77,-34.93,1949,12,"073124",16.5
147.77,-34.93,1950,1,"073124",101.6
147.77,-34.93,1950,2,"073124",47.8
147.77,-34.93,1950,3,"073124",175.8
147.77,-34.93,1950,4,"073124",51.9
147.77,-34.93,1950,5,"073124",29.7
147.77,-34.93,1950,6,"073124",48.3
147.77,-34.93,1950,7,"073124",85.1
147.77,-34.93,1950,8,"073124",43.4
147.77,-34.93,1950,9,"073124",49.9
147.77,-34.93,1950,10,"073124",181.9
147.77,-34.93,1950,11,"073124",111.7
147.77,-34.93,1950,12,"073124",16
147.77,-34.93,1951,1,"073124",11.4
147.77,-34.93,1951,2,"073124",21.3
147.77,-34.93,1951,3,"073124",4.6
147.77,-34.93,1951,4,"073124",38.9
147.77,-34.93,1951,5,"073124",60.8
147.77,-34.93,1951,6,"073124",65.4
147.77,-34.93,1951,7,"073124",67.9
147.77,-34.93,1951,8,"073124",58.8
147.77,-34.93,1951,9,"073124",91.5
147.77,-34.93,1951,10,"073124",16
147.77,-34.93,1951,11,"073124",25.4
147.77,-34.93,1951,12,"073124",9.2
147.77,-34.93,1952,1,"073124",10.2
147.77,-34.93,1952,2,"073124",0
147.77,-34.93,1952,3,"073124",39.2
147.77,-34.93,1952,4,"073124",67.4
147.77,-34.93,1952,5,"073124",115.7
147.77,-34.93,1952,6,"073124",67.5
147.77,-34.93,1952,7,"073124",48.3
147.77,-34.93,1952,8,"073124",20.1
147.77,-34.93,1952,9,"073124",41.7
147.77,-34.93,1952,10,"073124",19.8
147.77,-34.93,1952,11,"073124",42.2
147.77,-34.93,1952,12,"073124",59.7
147.77,-34.93,1953,1,"073124",72
147.77,-34.93,1953,2,"073124",37.8
147.77,-34.93,1953,3,"073124",0
147.77,-34.93,1953,4,"073124",76.4
147.77,-34.93,1953,5,"073124",69.1
147.77,-34.93,1953,6,"073124",43.2
147.77,-34.93,1953,7,"073124",58.6
147.77,-34.93,1953,8,"073124",39.1
147.77,-34.93,1953,9,"073124",53.6
147.77,-34.93,1953,10,"073124",66.5
147.77,-34.93,1953,11,"073124",55.8
147.77,-34.93,1953,12,"073124",0
147.77,-34.93,1954,1,"073124",113.1
147.77,-34.93,1954,2,"073124",17.5
147.77,-34.93,1954,3,"073124",0
147.77,-34.93,1954,4,"073124",53.6
147.77,-34.93,1954,5,"073124",16
147.77,-34.93,1954,6,"073124",32
147.77,-34.93,1954,7,"073124",11.9
147.77,-34.93,1954,8,"073124",40.7
147.77,-34.93,1954,9,"073124",18.3
147.77,-34.93,1954,10,"073124",31.9
147.77,-34.93,1954,11,"073124",97.7
147.77,-34.93,1954,12,"073124",58.5
147.77,-34.93,1955,1,"073124",36.1
147.77,-34.93,1955,2,"073124",93.4
147.77,-34.93,1955,3,"073124",24.4
147.77,-34.93,1955,4,"073124",8.4
147.77,-34.93,1955,5,"073124",63.5
147.77,-34.93,1955,6,"073124",68
147.77,-34.93,1955,7,"073124",55.3
147.77,-34.93,1955,8,"073124",58.3
147.77,-34.93,1955,9,"073124",32.5
147.77,-34.93,1955,10,"073124",107.3
147.77,-34.93,1955,11,"073124",26.7
147.77,-34.93,1955,12,"073124",34
147.77,-34.93,1956,1,"073124",78.5
147.77,-34.93,1956,2,"073124",19.3
147.77,-34.93,1956,3,"073124",235
147.77,-34.93,1956,4,"073124",115.6
147.77,-34.93,1956,5,"073124",89.6
147.77,-34.93,1956,6,"073124",79.9
147.77,-34.93,1956,7,"073124",80.3
147.77,-34.93,1956,8,"073124",33.8
147.77,-34.93,1956,9,"073124",49
147.77,-34.93,1956,10,"073124",119.6
147.77,-34.93,1956,11,"073124",31.4
147.77,-34.93,1956,12,"073124",16.2
147.77,-34.93,1957,1,"073124",17.3
147.77,-34.93,1957,2,"073124",76.9
147.77,-34.93,1957,3,"073124",21.1
147.77,-34.93,1957,4,"073124",29.4
147.77,-34.93,1957,5,"073124",4.4
147.77,-34.93,1957,6,"073124",36.8
147.77,-34.93,1957,7,"073124",69.3
147.77,-34.93,1957,8,"073124",17.5
147.77,-34.93,1957,9,"073124",11.5
147.77,-34.93,1957,10,"073124",17.4
147.77,-34.93,1957,11,"073124",16.5
147.77,-34.93,1957,12,"073124",60.6
147.77,-34.93,1958,1,"073124",38
147.77,-34.93,1958,2,"073124",12.6
147.77,-34.93,1958,3,"073124",87.2
147.77,-34.93,1958,4,"073124",7.7
147.77,-34.93,1958,5,"073124",43.1
147.77,-34.93,1958,6,"073124",31.7
147.77,-34.93,1958,7,"073124",82.2
147.77,-34.93,1958,8,"073124",65.6
147.77,-34.93,1958,9,"073124",44.7
147.77,-34.93,1958,10,"073124",89.5
147.77,-34.93,1958,11,"073124",40.4
147.77,-34.93,1958,12,"073124",43.4
147.77,-34.93,1959,1,"073124",16.2
147.77,-34.93,1959,2,"073124",86.6
147.77,-34.93,1959,3,"073124",70.6
147.77,-34.93,1959,4,"073124",60.2
147.77,-34.93,1959,5,"073124",20.8
147.77,-34.93,1959,6,"073124",37.4
147.77,-34.93,1959,7,"073124",38.8
147.77,-34.93,1959,8,"073124",23.4
147.77,-34.93,1959,9,"073124",40.6
147.77,-34.93,1959,10,"073124",97.8
147.77,-34.93,1959,11,"073124",60
147.77,-34.93,1959,12,"073124",0.5
147.77,-34.93,1960,1,"073124",36.3
147.77,-34.93,1960,2,"073124",18
147.77,-34.93,1960,3,"073124",31.3
147.77,-34.93,1960,4,"073124",16.7
147.77,-34.93,1960,5,"073124",97.7
147.77,-34.93,1960,6,"073124",16.4
147.77,-34.93,1960,7,"073124",104.2
147.77,-34.93,1960,8,"073124",67.6
147.77,-34.93,1960,9,"073124",121.5
147.77,-34.93,1960,10,"073124",27.2
147.77,-34.93,1960,11,"073124",75.2
147.77,-34.93,1960,12,"073124",62.4
147.77,-34.93,1961,1,"073124",44.4
147.77,-34.93,1961,2,"073124",13.5
147.77,-34.93,1961,3,"073124",54.1
147.77,-34.93,1961,4,"073124",133.5
147.77,-34.93,1961,5,"073124",8.4
147.77,-34.93,1961,6,"073124",54.8
147.77,-34.93,1961,7,"073124",65.3
147.77,-34.93,1961,8,"073124",77.2
147.77,-34.93,1961,9,"073124",16.8
147.77,-34.93,1961,10,"073124",9.4
147.77,-34.93,1961,11,"073124",107.2
147.77,-34.93,1961,12,"073124",90
147.77,-34.93,1962,1,"073124",129.3
147.77,-34.93,1962,2,"073124",50.6
147.77,-34.93,1962,3,"073124",38.1
147.77,-34.93,1962,4,"073124",12.2
147.77,-34.93,1962,5,"073124",74.9
147.77,-34.93,1962,6,"073124",27.4
147.77,-34.93,1962,7,"073124",39.1
147.77,-34.93,1962,8,"073124",67.5
147.77,-34.93,1962,9,"073124",41.9
147.77,-34.93,1962,10,"073124",42.7
147.77,-34.93,1962,11,"073124",22.6
147.77,-34.93,1962,12,"073124",70.7
147.77,-34.93,1963,1,"073124",76.5
147.77,-34.93,1963,2,"073124",1.8
147.77,-34.93,1963,3,"073124",20.4
147.77,-34.93,1963,4,"073124",8.3
147.77,-34.93,1963,5,"073124",79.2
147.77,-34.93,1963,6,"073124",63.3
147.77,-34.93,1963,7,"073124",55
147.77,-34.93,1963,8,"073124",48.1
147.77,-34.93,1963,9,"073124",31.4
147.77,-34.93,1963,10,"073124",59.9
147.77,-34.93,1963,11,"073124",46.4
147.77,-34.93,1963,12,"073124",91
147.77,-34.93,1964,1,"073124",43.2
147.77,-34.93,1964,2,"073124",48.8
147.77,-34.93,1964,3,"073124",64.8
147.77,-34.93,1964,4,"073124",127.3
147.77,-34.93,1964,5,"073124",46.2
147.77,-34.93,1964,6,"073124",46.3
147.77,-34.93,1964,7,"073124",56.3
147.77,-34.93,1964,8,"073124",20.9
147.77,-34.93,1964,9,"073124",89.2
147.77,-34.93,1964,10,"073124",81.4
147.77,-34.93,1964,11,"073124",16.7
147.77,-34.93,1964,12,"073124",41.1
147.77,-34.93,1965,1,"073124",0
147.77,-34.93,1965,2,"073124",0.8
147.77,-34.93,1965,3,"073124",0.3
147.77,-34.93,1965,4,"073124",36.4
147.77,-34.93,1965,5,"073124",38.4
147.77,-34.93,1965,6,"073124",30.2
147.77,-34.93,1965,7,"073124",23.7
147.77,-34.93,1965,8,"073124",73.8
147.77,-34.93,1965,9,"073124",24.9
147.77,-34.93,1965,10,"073124",63.7
147.77,-34.93,1965,11,"073124",38.6
147.77,-34.93,1965,12,"073124",46.9
147.77,-34.93,1966,1,"073124",25.7
147.77,-34.93,1966,2,"073124",49.6
147.77,-34.93,1966,3,"073124",99.1
147.77,-34.93,1966,4,"073124",8.4
147.77,-34.93,1966,5,"073124",60.4
147.77,-34.93,1966,6,"073124",49.7
147.77,-34.93,1966,7,"073124",53.1
147.77,-34.93,1966,8,"073124",71.5
147.77,-34.93,1966,9,"073124",58.4
147.77,-34.93,1966,10,"073124",56.8
147.77,-34.93,1966,11,"073124",83.6
147.77,-34.93,1966,12,"073124",105.9
147.77,-34.93,1967,1,"073124",63.7
147.77,-34.93,1967,2,"073124",0
147.77,-34.93,1967,3,"073124",28.4
147.77,-34.93,1967,4,"073124",0
147.77,-34.93,1967,5,"073124",12
147.77,-34.93,1967,6,"073124",28.8
147.77,-34.93,1967,7,"073124",5.7
147.77,-34.93,1967,8,"073124",45.8
147.77,-34.93,1967,9,"073124",29.2
147.77,-34.93,1967,10,"073124",32
147.77,-34.93,1967,11,"073124",3.9
147.77,-34.93,1967,12,"073124",0
147.77,-34.93,1968,1,"073124",47.5
147.77,-34.93,1968,2,"073124",0
147.77,-34.93,1968,3,"073124",34.3
147.77,-34.93,1968,4,"073124",53.4
147.77,-34.93,1968,5,"073124",154.8
147.77,-34.93,1968,6,"073124",22
147.77,-34.93,1968,7,"073124",48
147.77,-34.93,1968,8,"073124",53.7
147.77,-34.93,1968,9,"073124",13.5
147.77,-34.93,1968,10,"073124",54.6
147.77,-34.93,1968,11,"073124",55.9
147.77,-34.93,1968,12,"073124",97
147.77,-34.93,1969,1,"073124",24.5
147.77,-34.93,1969,2,"073124",61.2
147.77,-34.93,1969,3,"073124",107.7
147.77,-34.93,1969,4,"073124",112
147.77,-34.93,1969,5,"073124",55
147.77,-34.93,1969,6,"073124",100.3
147.77,-34.93,1969,7,"073124",68.8
147.77,-34.93,1969,8,"073124",53.5
147.77,-34.93,1969,9,"073124",43.7
147.77,-34.93,1969,10,"073124",53.1
147.77,-34.93,1969,11,"073124",28.8
147.77,-34.93,1969,12,"073124",70.3
147.77,-34.93,1970,1,"073124",61.3
147.77,-34.93,1970,2,"073124",10.9
147.77,-34.93,1970,3,"073124",31.2
147.77,-34.93,1970,4,"073124",85.5
147.77,-34.93,1970,5,"073124",43.1
147.77,-34.93,1970,6,"073124",20.9
147.77,-34.93,1970,7,"073124",14.8
147.77,-34.93,1970,8,"073124",76.3
147.77,-34.93,1970,9,"073124",118.5
147.77,-34.93,1970,10,"073124",34.5
147.77,-34.93,1970,11,"073124",84.1
147.77,-34.93,1970,12,"073124",59.1
147.77,-34.93,1971,1,"073124",30.2
147.77,-34.93,1971,2,"073124",74.4
147.77,-34.93,1971,3,"073124",0
147.77,-34.93,1971,4,"073124",40.6
147.77,-34.93,1971,5,"073124",38.2
147.77,-34.93,1971,6,"073124",15.2
147.77,-34.93,1971,7,"073124",43.1
147.77,-34.93,1971,8,"073124",38.4
147.77,-34.93,1971,9,"073124",28.1
147.77,-34.93,1971,10,"073124",48.2
147.77,-34.93,1971,11,"073124",163.7
147.77,-34.93,1971,12,"073124",130.8
147.77,-34.93,1972,1,"073124",127.5
147.77,-34.93,1972,2,"073124",33.4
147.77,-34.93,1972,3,"073124",8.9
147.77,-34.93,1972,4,"073124",43
147.77,-34.93,1972,5,"073124",48.2
147.77,-34.93,1972,6,"073124",7.9
147.77,-34.93,1972,7,"073124",28.3
147.77,-34.93,1972,8,"073124",99.6
147.77,-34.93,1972,9,"073124",7.6
147.77,-34.93,1972,10,"073124",23.5
147.77,-34.93,1972,11,"073124",29.2
147.77,-34.93,1972,12,"073124",3
147.77,-34.93,1973,1,"073124",50.9
147.77,-34.93,1973,2,"073124",85
147.77,-34.93,1973,3,"073124",43.1
147.77,-34.93,1973,4,"073124",32.5
147.77,-34.93,1973,5,"073124",38.1
147.77,-34.93,1973,6,"073124",55.3
147.77,-34.93,1973,7,"073124",77.4
147.77,-34.93,1973,8,"073124",65.9
147.77,-34.93,1973,9,"073124",38.1
147.77,-34.93,1973,10,"073124",121.2
147.77,-34.93,1973,11,"073124",66.6
147.77,-34.93,1973,12,"073124",73.2
147.77,-34.93,1974,1,"073124",180.2
147.77,-34.93,1974,2,"073124",60.2
147.77,-34.93,1974,3,"073124",18.5
147.77,-34.93,1974,4,"073124",262.2
147.77,-34.93,1974,5,"073124",34
147.77,-34.93,1974,6,"073124",24.4
147.77,-34.93,1974,7,"073124",77.4
147.77,-34.93,1974,8,"073124",55.2
147.77,-34.93,1974,9,"073124",57.2
147.77,-34.93,1974,10,"073124",186.8
147.77,-34.93,1974,11,"073124",34.6
147.77,-34.93,1974,12,"073124",4.8
147.77,-34.93,1975,1,"073124",22.6
147.77,-34.93,1975,2,"073124",40.4
147.77,-34.93,1975,3,"073124",37
147.77,-34.93,1975,4,"073124",15.6
147.77,-34.93,1975,5,"073124",18
147.77,-34.93,1975,6,"073124",8.7
147.77,-34.93,1975,7,"073124",49.5
147.77,-34.93,1975,8,"073124",59.3
147.77,-34.93,1975,9,"073124",73
147.77,-34.93,1975,10,"073124",123
147.77,-34.93,1975,11,"073124",2.8
147.77,-34.93,1975,12,"073124",71.6
147.77,-34.93,1976,1,"073124",59
147.77,-34.93,1976,2,"073124",35
147.77,-34.93,1976,3,"073124",10.6
147.77,-34.93,1976,4,"073124",19.9
147.77,-34.93,1976,5,"073124",6
147.77,-34.93,1976,6,"073124",4
147.77,-34.93,1976,7,"073124",13.5
147.77,-34.93,1976,8,"073124",9.3
147.77,-34.93,1976,9,"073124",86.4
147.77,-34.93,1976,10,"073124",75.3
147.77,-34.93,1976,11,"073124",60.4
147.77,-34.93,1976,12,"073124",14.8
147.77,-34.93,1977,1,"073124",35
147.77,-34.93,1977,2,"073124",91.3
147.77,-34.93,1977,3,"073124",79.6
147.77,-34.93,1977,4,"073124",27.8
147.77,-34.93,1977,5,"073124",65.1
147.77,-34.93,1977,6,"073124",49.4
147.77,-34.93,1977,7,"073124",20.6
147.77,-34.93,1977,8,"073124",11.2
147.77,-34.93,1977,9,"073124",45.8
147.77,-34.93,1977,10,"073124",5
147.77,-34.93,1977,11,"073124",9
147.77,-34.93,1977,12,"073124",2.6
147.77,-34.93,1978,1,"073124",115
147.77,-34.93,1978,2,"073124",0
147.77,-34.93,1978,3,"073124",29.2
147.77,-34.93,1978,4,"073124",26.8
147.77,-34.93,1978,5,"073124",106.5
147.77,-34.93,1978,6,"073124",69.3
147.77,-34.93,1978,7,"073124",58.6
147.77,-34.93,1978,8,"073124",29.8
147.77,-34.93,1978,9,"073124",110.2
147.77,-34.93,1978,10,"073124",48.8
147.77,-34.93,1978,11,"073124",34.2
147.77,-34.93,1978,12,"073124",34.8
147.77,-34.93,1979,1,"073124",10.2
147.77,-34.93,1979,2,"073124",5.6
147.77,-34.93,1979,3,"073124",26
147.77,-34.93,1979,4,"073124",80.4
147.77,-34.93,1979,5,"073124",51
147.77,-34.93,1979,6,"073124",22.4
147.77,-34.93,1979,7,"073124",19.2
147.77,-34.93,1979,8,"073124",37.2
147.77,-34.93,1979,9,"073124",51.4
147.77,-34.93,1979,10,"073124",56.4
147.77,-34.93,1979,11,"073124",6
147.77,-34.93,1979,12,"073124",6.8
147.77,-34.93,1980,1,"073124",37.2
147.77,-34.93,1980,2,"073124",13
147.77,-34.93,1980,3,"073124",30
147.77,-34.93,1980,4,"073124",20.2
147.77,-34.93,1980,5,"073124",83.2
147.77,-34.93,1980,6,"073124",35.8
147.77,-34.93,1980,7,"073124",37.1
147.77,-34.93,1980,8,"073124",37
147.77,-34.93,1980,9,"073124",31
147.77,-34.93,1980,10,"073124",50.4
147.77,-34.93,1980,11,"073124",5.4
147.77,-34.93,1980,12,"073124",88.9
147.77,-34.93,1981,1,"073124",14.3
147.77,-34.93,1981,2,"073124",81.2
147.77,-34.93,1981,3,"073124",4.6
147.77,-34.93,1981,4,"073124",6.1
147.77,-34.93,1981,5,"073124",44.6
147.77,-34.93,1981,6,"073124",88.4
147.77,-34.93,1981,7,"073124",83
147.77,-34.93,1981,8,"073124",45.1
147.77,-34.93,1981,9,"073124",34.4
147.77,-34.93,1981,10,"073124",22.8
147.77,-34.93,1981,11,"073124",33.6
147.77,-34.93,1981,12,"073124",43.4
147.77,-34.93,1982,1,"073124",14.4
147.77,-34.93,1982,2,"073124",0
147.77,-34.93,1982,3,"073124",119.2
147.77,-34.93,1982,4,"073124",21.4
147.77,-34.93,1982,5,"073124",13.4
147.77,-34.93,1982,6,"073124",18
147.77,-34.93,1982,7,"073124",0.2
147.77,-34.93,1982,8,"073124",5.9
147.77,-34.93,1982,9,"073124",61.2
147.77,-34.93,1982,10,"073124",7.8
147.77,-34.93,1982,11,"073124",0
147.77,-34.93,1982,12,"073124",13.1
147.77,-34.93,1983,1,"073124",8
147.77,-34.93,1983,2,"073124",23.2
147.77,-34.93,1983,3,"073124",21.8
147.77,-34.93,1983,4,"073124",105.5
147.77,-34.93,1983,5,"073124",122
147.77,-34.93,1983,6,"073124",38.3
147.77,-34.93,1983,7,"073124",61.7
147.77,-34.93,1983,8,"073124",114.5
147.77,-34.93,1983,9,"073124",52.7
147.77,-34.93,1983,10,"073124",92.2
147.77,-34.93,1983,11,"073124",71.5
147.77,-34.93,1983,12,"073124",56.8
147.77,-34.93,1984,1,"073124",302.3
147.77,-34.93,1984,2,"073124",27.7
147.77,-34.93,1984,3,"073124",22.4
147.77,-34.93,1984,4,"073124",60.6
147.77,-34.93,1984,5,"073124",13.2
147.77,-34.93,1984,6,"073124",0.5
147.77,-34.93,1984,7,"073124",94.1
147.77,-34.93,1984,8,"073124",65.8
147.77,-34.93,1984,9,"073124",44.4
147.77,-34.93,1984,10,"073124",46.2
147.77,-34.93,1984,11,"073124",17.2
147.77,-34.93,1984,12,"073124",15.4
147.77,-34.93,1985,1,"073124",7.6
147.77,-34.93,1985,2,"073124",7.1
147.77,-34.93,1985,3,"073124",66.6
147.77,-34.93,1985,4,"073124",24.8
147.77,-34.93,1985,5,"073124",58.4
147.77,-34.93,1985,6,"073124",25.4
147.77,-34.93,1985,7,"073124",34
147.77,-34.93,1985,8,"073124",106.6
147.77,-34.93,1985,9,"073124",48.6
147.77,-34.93,1985,10,"073124",75
147.77,-34.93,1985,11,"073124",72.8
147.77,-34.93,1985,12,"073124",60.4
147.77,-34.93,1986,1,"073124",33
147.77,-34.93,1986,2,"073124",2
147.77,-34.93,1986,3,"073124",0.6
147.77,-34.93,1986,4,"073124",53.9
147.77,-34.93,1986,5,"073124",51.5
147.77,-34.93,1986,6,"073124",18
147.77,-34.93,1986,7,"073124",101.4
147.77,-34.93,1986,8,"073124",19.4
147.77,-34.93,1986,9,"073124",50.9
147.77,-34.93,1986,10,"073124",104.4
147.77,-34.93,1986,11,"073124",85.8
147.77,-34.93,1986,12,"073124",23.7
147.77,-34.93,1987,1,"073124",6.6
147.77,-34.93,1987,2,"073124",45.8
147.77,-34.93,1987,3,"073124",13.4
147.77,-34.93,1987,4,"073124",15.6
147.77,-34.93,1987,5,"073124",56.8
147.77,-34.93,1987,6,"073124",89.8
147.77,-34.93,1987,7,"073124",56.2
147.77,-34.93,1987,8,"073124",37.4
147.77,-34.93,1987,9,"073124",30.3
147.77,-34.93,1987,10,"073124",17
147.77,-34.93,1987,11,"073124",23.6
147.77,-34.93,1987,12,"073124",20.6
147.77,-34.93,1988,1,"073124",24.4
147.77,-34.93,1988,2,"073124",8.2
147.77,-34.93,1988,3,"073124",28
147.77,-34.93,1988,4,"073124",22.4
147.77,-34.93,1988,5,"073124",128.4
147.77,-34.93,1988,6,"073124",43.6
147.77,-34.93,1988,7,"073124",78.2
147.77,-34.93,1988,8,"073124",28.4
147.77,-34.93,1988,9,"073124",55.2
147.77,-34.93,1988,10,"073124",13
147.77,-34.93,1988,11,"073124",54.8
147.77,-34.93,1988,12,"073124",123.8
147.77,-34.93,1989,1,"073124",29.5
147.77,-34.93,1989,2,"073124",151.7
147.77,-34.93,1989,3,"073124",154.5
147.77,-34.93,1989,4,"073124",186.3
147.77,-34.93,1989,5,"073124",82.3
147.77,-34.93,1989,6,"073124",42.5
147.77,-34.93,1989,7,"073124",25.4
147.77,-34.93,1989,8,"073124",50.1
147.77,-34.93,1989,9,"073124",16.2
147.77,-34.93,1989,10,"073124",55.9
147.77,-34.93,1989,11,"073124",35.3
147.77,-34.93,1989,12,"073124",26.9
147.77,-34.93,1990,1,"073124",13.1
147.77,-34.93,1990,2,"073124",41.8
147.77,-34.93,1990,3,"073124",4.3
147.77,-34.93,1990,4,"073124",117.9
147.77,-34.93,1990,5,"073124",88.8
147.77,-34.93,1990,6,"073124",35.8
147.77,-34.93,1990,7,"073124",77.2
147.77,-34.93,1990,8,"073124",81.4
147.77,-34.93,1990,9,"073124",46.8
147.77,-34.93,1990,10,"073124",44.5
147.77,-34.93,1990,11,"073124",6
147.77,-34.93,1990,12,"073124",0
147.77,-34.93,1991,1,"073124",15.2
147.77,-34.93,1991,2,"073124",NA
147.77,-34.93,1991,3,"073124",NA
147.77,-34.93,1991,4,"073124",NA
147.77,-34.93,1991,5,"073124",22.5
147.77,-34.93,1991,6,"073124",NA
147.77,-34.93,1991,7,"073124",75.7
147.77,-34.93,1991,8,"073124",72.1
147.77,-34.93,1991,9,"073124",54.3
147.77,-34.93,1991,10,"073124",15.6
147.77,-34.93,1991,11,"073124",12
147.77,-34.93,1991,12,"073124",NA
147.77,-34.93,1992,1,"073124",74.4
147.77,-34.93,1992,2,"073124",38.2
147.77,-34.93,1992,3,"073124",36
147.77,-34.93,1992,4,"073124",46.4
147.77,-34.93,1992,5,"073124",30.9
147.77,-34.93,1992,6,"073124",47.8
147.77,-34.93,1992,7,"073124",39.2
147.77,-34.93,1992,8,"073124",82.3
147.77,-34.93,1992,9,"073124",85.4
147.77,-34.93,1992,10,"073124",105.6
147.77,-34.93,1992,11,"073124",34.8
147.77,-34.93,1992,12,"073124",60.8
147.77,-34.93,1993,1,"073124",1
147.77,-34.93,1993,2,"073124",15
147.77,-34.93,1993,3,"073124",51
147.77,-34.93,1993,4,"073124",6.4
147.77,-34.93,1993,5,"073124",39
147.77,-34.93,1993,6,"073124",21
147.77,-34.93,1993,7,"073124",119.8
147.77,-34.93,1993,8,"073124",12.6
147.77,-34.93,1993,9,"073124",82.6
147.77,-34.93,1993,10,"073124",105.8
147.77,-34.93,1993,11,"073124",55.6
147.77,-34.93,1993,12,"073124",41.6
147.77,-34.93,1994,1,"073124",0
147.77,-34.93,1994,2,"073124",134.6
147.77,-34.93,1994,3,"073124",42.8
147.77,-34.93,1994,4,"073124",NA
147.77,-34.93,1994,5,"073124",NA
147.77,-34.93,1994,6,"073124",NA
147.77,-34.93,1994,7,"073124",NA
147.77,-34.93,1994,8,"073124",NA
147.77,-34.93,1994,9,"073124",NA
147.77,-34.93,1994,10,"073124",NA
147.77,-34.93,1994,11,"073124",NA
147.77,-34.93,1994,12,"073124",NA
147.77,-34.93,1995,1,"073124",NA
147.77,-34.93,1995,2,"073124",NA
147.77,-34.93,1995,3,"073124",NA
147.77,-34.93,1995,4,"073124",NA
147.77,-34.93,1995,5,"073124",128.4
147.77,-34.93,1995,6,"073124",70.2
147.77,-34.93,1995,7,"073124",85.8
147.77,-34.93,1995,8,"073124",3.8
147.77,-34.93,1995,9,"073124",40.8
147.77,-34.93,1995,10,"073124",45.5
147.77,-34.93,1995,11,"073124",118.4
147.77,-34.93,1995,12,"073124",38.5
147.77,-34.93,1996,1,"073124",42.6
147.77,-34.93,1996,2,"073124",39.2
147.77,-34.93,1996,3,"073124",34.2
147.77,-34.93,1996,4,"073124",13.7
147.77,-34.93,1996,5,"073124",42.9
147.77,-34.93,1996,6,"073124",68.3
147.77,-34.93,1996,7,"073124",119.4
147.77,-34.93,1996,8,"073124",55.7
147.77,-34.93,1996,9,"073124",56.3
147.77,-34.93,1996,10,"073124",40.2
147.77,-34.93,1996,11,"073124",48
147.77,-34.93,1996,12,"073124",73
147.77,-34.93,1997,1,"073124",14.2
147.77,-34.93,1997,2,"073124",0
147.77,-34.93,1997,3,"073124",67
147.77,-34.93,1997,4,"073124",0
147.77,-34.93,1997,5,"073124",53.1
147.77,-34.93,1997,6,"073124",40.6
147.77,-34.93,1997,7,"073124",26.8
147.77,-34.93,1997,8,"073124",42
147.77,-34.93,1997,9,"073124",85.7
147.77,-34.93,1997,10,"073124",30
147.77,-34.93,1997,11,"073124",5.6
147.77,-34.93,1997,12,"073124",12.8
147.77,-34.93,1998,1,"073124",18.8
147.77,-34.93,1998,2,"073124",14
147.77,-34.93,1998,3,"073124",0
147.77,-34.93,1998,4,"073124",46.4
147.77,-34.93,1998,5,"073124",7.6
147.77,-34.93,1998,6,"073124",93.3
147.77,-34.93,1998,7,"073124",40.6
147.77,-34.93,1998,8,"073124",59
147.77,-34.93,1998,9,"073124",80.6
147.77,-34.93,1998,10,"073124",20.6
147.77,-34.93,1998,11,"073124",33.6
147.77,-34.93,1998,12,"073124",22
147.77,-34.93,1999,1,"073124",59.8
147.77,-34.93,1999,2,"073124",0
147.77,-34.93,1999,3,"073124",NA
147.77,-34.93,1999,4,"073124",43
147.77,-34.93,1999,5,"073124",40.9
147.77,-34.93,1999,6,"073124",NA
147.77,-34.93,1999,7,"073124",37.2
147.77,-34.93,1999,8,"073124",48.2
147.77,-34.93,1999,9,"073124",54.2
147.77,-34.93,1999,10,"073124",NA
147.77,-34.93,1999,11,"073124",NA
147.77,-34.93,1999,12,"073124",93.1
147.77,-34.93,2000,1,"073124",34
147.77,-34.93,2000,2,"073124",NA
147.77,-34.93,2000,3,"073124",32.5
147.77,-34.93,2000,4,"073124",44.3
147.77,-34.93,2000,5,"073124",66
147.77,-34.93,2000,6,"073124",NA
147.77,-34.93,2000,7,"073124",NA
147.77,-34.93,2000,8,"073124",NA
147.77,-34.93,2000,9,"073124",45.8
147.77,-34.93,2000,10,"073124",NA
147.77,-34.93,2000,11,"073124",39
147.77,-34.93,2000,12,"073124",2.4
147.77,-34.93,2001,1,"073124",24.4
147.77,-34.93,2001,2,"073124",NA
147.77,-34.93,2001,3,"073124",NA
147.77,-34.93,2001,4,"073124",33
147.77,-34.93,2001,5,"073124",6.2
147.77,-34.93,2001,6,"073124",45
147.77,-34.93,2001,7,"073124",NA
147.77,-34.93,2001,8,"073124",46.8
147.77,-34.93,2001,9,"073124",NA
147.77,-34.93,2001,10,"073124",59.4
147.77,-34.93,2001,11,"073124",15.2
147.77,-34.93,2001,12,"073124",6
147.77,-34.93,2002,1,"073124",4.2
147.77,-34.93,2002,2,"073124",147.6
147.77,-34.93,2002,3,"073124",22.4
147.77,-34.93,2002,4,"073124",NA
147.77,-34.93,2002,5,"073124",NA
147.77,-34.93,2002,6,"073124",45.2
147.77,-34.93,2002,7,"073124",23.4
147.77,-34.93,2002,8,"073124",20.2
147.77,-34.93,2002,9,"073124",NA
147.77,-34.93,2002,10,"073124",2.2
147.77,-34.93,2002,11,"073124",NA
147.77,-34.93,2002,12,"073124",14.2
147.77,-34.93,2003,1,"073124",7
147.77,-34.93,2003,2,"073124",75
147.77,-34.93,2003,3,"073124",8
147.77,-34.93,2003,4,"073124",4.4
147.77,-34.93,2003,5,"073124",NA
147.77,-34.93,2003,6,"073124",61
147.77,-34.93,2003,7,"073124",42.6
147.77,-34.93,2003,8,"073124",70
147.77,-34.93,2003,9,"073124",NA
147.77,-34.93,2003,10,"073124",54
147.77,-34.93,2003,11,"073124",74.2
147.77,-34.93,2003,12,"073124",78.6
147.77,-34.93,2004,1,"073124",NA
147.77,-34.93,2004,2,"073124",8.2
147.77,-34.93,2004,3,"073124",0
147.77,-34.93,2004,4,"073124",12
147.77,-34.93,2004,5,"073124",41.8
147.77,-34.93,2004,6,"073124",58.2
147.77,-34.93,2004,7,"073124",38.6
147.77,-34.93,2004,8,"073124",46
147.77,-34.93,2004,9,"073124",43.8
147.77,-34.93,2004,10,"073124",51.6
147.77,-34.93,2004,11,"073124",64.2
147.77,-34.93,2004,12,"073124",99.8
147.77,-34.93,2005,1,"073124",29
147.77,-34.93,2005,2,"073124",66
147.77,-34.93,2005,3,"073124",NA
147.77,-34.93,2005,4,"073124",NA
147.77,-34.93,2005,5,"073124",NA
147.77,-34.93,2005,6,"073124",NA
147.77,-34.93,2005,7,"073124",NA
147.77,-34.93,2005,8,"073124",NA
147.77,-34.93,2005,9,"073124",NA
147.77,-34.93,2005,10,"073124",NA
147.77,-34.93,2005,11,"073124",NA
147.77,-34.93,2005,12,"073124",NA
147.77,-34.93,2006,1,"073124",37
147.77,-34.93,2006,2,"073124",26
147.77,-34.93,2006,3,"073124",13.2
147.77,-34.93,2006,4,"073124",17.4
147.77,-34.93,2006,5,"073124",3
147.77,-34.93,2006,6,"073124",36
147.77,-34.93,2006,7,"073124",NA
147.77,-34.93,2006,8,"073124",4
147.77,-34.93,2006,9,"073124",16.4
147.77,-34.93,2006,10,"073124",0
147.77,-34.93,2006,11,"073124",22.8
147.77,-34.93,2006,12,"073124",3
147.77,-34.93,2007,1,"073124",33.8
147.77,-34.93,2007,2,"073124",5.6
147.77,-34.93,2007,3,"073124",35.8
147.77,-34.93,2007,4,"073124",43
147.77,-34.93,2007,5,"073124",52
147.77,-34.93,2007,6,"073124",21.4
147.77,-34.93,2007,7,"073124",42.8
147.77,-34.93,2007,8,"073124",18
147.77,-34.93,2007,9,"073124",5.2
147.77,-34.93,2007,10,"073124",16
147.77,-34.93,2007,11,"073124",82
147.77,-34.93,2007,12,"073124",85.8
147.77,-34.93,2008,1,"073124",49.8
147.77,-34.93,2008,2,"073124",40
147.77,-34.93,2008,3,"073124",40
147.77,-34.93,2008,4,"073124",22
147.77,-34.93,2008,5,"073124",15
147.77,-34.93,2008,6,"073124",33.6
147.77,-34.93,2008,7,"073124",52.4
147.77,-34.93,2008,8,"073124",NA
147.77,-34.93,2008,9,"073124",24.6
147.77,-34.93,2008,10,"073124",24
147.77,-34.93,2008,11,"073124",61.8
147.77,-34.93,2008,12,"073124",53.2
147.77,-34.93,2009,1,"073124",9.6
147.77,-34.93,2009,2,"073124",11
147.77,-34.93,2009,3,"073124",17.4
147.77,-34.93,2009,4,"073124",37
147.77,-34.93,2009,5,"073124",5
147.77,-34.93,2009,6,"073124",55.1
147.77,-34.93,2009,7,"073124",NA
147.77,-34.93,2009,8,"073124",29
147.77,-34.93,2009,9,"073124",NA
147.77,-34.93,2009,10,"073124",31.4
147.77,-34.93,2009,11,"073124",29.5
147.77,-34.93,2009,12,"073124",52.4
147.77,-34.93,2010,1,"073124",13.4
147.77,-34.93,2010,2,"073124",101.6
147.77,-34.93,2010,3,"073124",94
147.77,-34.93,2010,4,"073124",38
147.77,-34.93,2010,5,"073124",53.2
147.77,-34.93,2010,6,"073124",63.6
147.77,-34.93,2010,7,"073124",67.2
147.77,-34.93,2010,8,"073124",63.6
147.77,-34.93,2010,9,"073124",54.8
147.77,-34.93,2010,10,"073124",NA
147.77,-34.93,2010,11,"073124",89.2
147.77,-34.93,2010,12,"073124",72
147.77,-34.93,2011,1,"073124",58.8
147.77,-34.93,2011,2,"073124",177.6
147.77,-34.93,2011,3,"073124",56.6
147.77,-34.93,2011,4,"073124",34
147.77,-34.93,2011,5,"073124",26.8
147.77,-34.93,2011,6,"073124",25.4
147.77,-34.93,2011,7,"073124",34.2
147.77,-34.93,2011,8,"073124",51
147.77,-34.93,2011,9,"073124",31.6
147.77,-34.93,2011,10,"073124",27.6
147.77,-34.93,2011,11,"073124",NA
147.77,-34.93,2011,12,"073124",62.6
147.77,-34.93,2012,1,"073124",38.4
147.77,-34.93,2012,2,"073124",NA
147.77,-34.93,2012,3,"073124",152.8
147.77,-34.93,2012,4,"073124",11
147.77,-34.93,2012,5,"073124",39.6
147.77,-34.93,2012,6,"073124",22.6
147.77,-34.93,2012,7,"073124",45.2
147.77,-34.93,2012,8,"073124",NA
147.77,-34.93,2012,9,"073124",20.8
147.77,-34.93,2012,10,"073124",25.4
147.77,-34.93,2012,11,"073124",74
147.77,-34.93,2012,12,"073124",30.6
147.77,-34.93,2013,1,"073124",19
147.77,-34.93,2013,2,"073124",83.4
147.77,-34.93,2013,3,"073124",25
147.77,-34.93,2013,4,"073124",7.4
147.77,-34.93,2013,5,"073124",39.7
147.77,-34.93,2013,6,"073124",88.4
147.77,-34.93,2013,7,"073124",53.3
147.77,-34.93,2013,8,"073124",42.1
147.77,-34.93,2013,9,"073124",35.6
147.77,-34.93,2013,10,"073124",14.4
147.77,-34.93,2013,11,"073124",7
147.77,-34.93,2013,12,"073124",16.4
147.77,-34.93,2014,1,"073124",16
147.77,-34.93,2014,2,"073124",20
147.77,-34.93,2014,3,"073124",63.6
147.77,-34.93,2014,4,"073124",52
147.77,-34.93,2014,5,"073124",32.4
147.77,-34.93,2014,6,"073124",66.8
147.77,-34.93,2014,7,"073124",20.4
147.77,-34.93,2014,8,"073124",18
147.77,-34.93,2014,9,"073124",33.2
147.77,-34.93,2014,10,"073124",24
147.77,-34.93,2014,11,"073124",30.4
147.77,-34.93,2014,12,"073124",78.8
147.77,-34.93,2015,1,"073124",63
147.77,-34.93,2015,2,"073124",18
147.77,-34.93,2015,3,"073124",0
147.77,-34.93,2015,4,"073124",99.4
147.77,-34.93,2015,5,"073124",22.6
147.77,-34.93,2015,6,"073124",76.4
147.77,-34.93,2015,7,"073124",75.4
147.77,-34.93,2015,8,"073124",84.4
147.77,-34.93,2015,9,"073124",11.4
147.77,-34.93,2015,10,"073124",22.2
147.77,-34.93,2015,11,"073124",141.2
147.77,-34.93,2015,12,"073124",24.2
147.77,-34.93,2016,1,"073124",60.4
147.77,-34.93,2016,2,"073124",23
147.77,-34.93,2016,3,"073124",44
147.77,-34.93,2016,4,"073124",9
147.77,-34.93,2016,5,"073124",88.4
147.77,-34.93,2016,6,"073124",69.6
147.77,-34.93,2016,7,"073124",98
147.77,-34.93,2016,8,"073124",60.2
147.77,-34.93,2016,9,"073124",163.2
147.77,-34.93,2016,10,"073124",69.9
147.77,-34.93,2016,11,"073124",33
147.77,-34.93,2016,12,"073124",84.2
147.77,-34.93,2017,1,"073124",12
147.77,-34.93,2017,2,"073124",28
147.77,-34.93,2017,3,"073124",58
147.77,-34.93,2017,4,"073124",43.6
147.77,-34.93,2017,5,"073124",30
147.77,-34.93,2017,6,"073124",0
147.77,-34.93,2017,7,"073124",40.5
147.77,-34.93,2017,8,"073124",49
147.77,-34.93,2017,9,"073124",2
147.77,-34.93,2017,10,"073124",44.7
147.77,-34.93,2017,11,"073124",41.3
147.77,-34.93,2017,12,"073124",102
147.77,-34.93,2018,1,"073124",61
147.77,-34.93,2018,2,"073124",13.5
147.77,-34.93,2018,3,"073124",0
147.77,-34.93,2018,4,"073124",6
147.77,-34.93,2018,5,"073124",32.6
147.77,-34.93,2018,6,"073124",45.8
147.77,-34.93,2018,7,"073124",13
147.77,-34.93,2018,8,"073124",13.2
147.77,-34.93,2018,9,"073124",25
147.77,-34.93,2018,10,"073124",7
147.77,-34.93,2018,11,"073124",65.2
147.77,-34.93,2018,12,"073124",20.2
147.77,-34.93,2019,1,"073124",32.6
147.77,-34.93,2019,2,"073124",16.4
147.77,-34.93,2019,3,"073124",63.8
147.77,-34.93,2019,4,"073124",3.6
147.77,-34.93,2019,5,"073124",46.8
147.77,-34.93,2019,6,"073124",37.6
147.77,-34.93,2019,7,"073124",19.4
147.77,-34.93,2019,8,"073124",13.5
147.77,-34.93,2019,9,"073124",25
147.77,-34.93,2019,10,"073124",5.6
147.77,-34.93,2019,11,"073124",37.4
147.77,-34.93,2019,12,"073124",5.6
147.77,-34.93,2020,1,"073124",6
147.77,-34.93,2020,2,"073124",27
147.77,-34.93,2020,3,"073124",44.6
147.77,-34.93,2020,4,"073124",61.2
147.77,-34.93,2020,5,"073124",20.4
147.77,-34.93,2020,6,"073124",61
147.77,-34.93,2020,7,"073124",30.8
147.77,-34.93,2020,8,"073124",69.8
147.77,-34.93,2020,9,"073124",36.6
147.77,-34.93,2020,10,"073124",71.2
147.77,-34.93,2020,11,"073124",22.2
147.77,-34.93,2020,12,"073124",71.4
147.77,-34.93,2021,1,"073124",65.8
147.77,-34.93,2021,2,"073124",101.8
147.77,-34.93,2021,3,"073124",103.4
147.77,-34.93,2021,4,"073124",1
147.77,-34.93,2021,5,"073124",28.4
147.77,-34.93,2021,6,"073124",103.4
147.77,-34.93,2021,7,"073124",51.2
147.77,-34.93,2021,8,"073124",26.8
147.77,-34.93,2021,9,"073124",74.2
147.77,-34.93,2021,10,"073124",28
147.77,-34.93,2021,11,"073124",118.8
147.77,-34.93,2021,12,"073124",29.6
147.77,-34.93,2022,1,"073124",128
147.77,-34.93,2022,2,"073124",NA
147.77,-34.93,2022,3,"073124",NA
147.77,-34.93,2022,4,"073124",NA
147.77,-34.93,2022,5,"073124",NA
147.77,-34.93,2022,6,"073124",NA
147.77,-34.93,2022,7,"073124",NA
147.77,-34.93,2022,8,"073124",NA
147.77,-34.93,2022,9,"073124",NA
147.77,-34.93,2022,10,"073124",NA
147.77,-34.93,2022,11,"073124",NA
147.77,-34.93,2022,12,"073124",NA
