"Lon","Lat","Year","Month","Station","Rain"
135.73,-16.68,1986,1,"014722",NA
135.73,-16.68,1986,2,"014722",NA
135.73,-16.68,1986,3,"014722",NA
135.73,-16.68,1986,4,"014722",NA
135.73,-16.68,1986,5,"014722",NA
135.73,-16.68,1986,6,"014722",NA
135.73,-16.68,1986,7,"014722",NA
135.73,-16.68,1986,8,"014722",NA
135.73,-16.68,1986,9,"014722",6.5
135.73,-16.68,1986,10,"014722",35.1
135.73,-16.68,1986,11,"014722",0
135.73,-16.68,1986,12,"014722",15.7
135.73,-16.68,1987,1,"014722",240.9
135.73,-16.68,1987,2,"014722",247.1
135.73,-16.68,1987,3,"014722",45.6
135.73,-16.68,1987,4,"014722",0
135.73,-16.68,1987,5,"014722",0
135.73,-16.68,1987,6,"014722",NA
135.73,-16.68,1987,7,"014722",NA
135.73,-16.68,1987,8,"014722",NA
135.73,-16.68,1987,9,"014722",0
135.73,-16.68,1987,10,"014722",0
135.73,-16.68,1987,11,"014722",61
135.73,-16.68,1987,12,"014722",203.4
135.73,-16.68,1988,1,"014722",84
135.73,-16.68,1988,2,"014722",80.6
135.73,-16.68,1988,3,"014722",53
135.73,-16.68,1988,4,"014722",5
135.73,-16.68,1988,5,"014722",7
135.73,-16.68,1988,6,"014722",0
135.73,-16.68,1988,7,"014722",0
135.73,-16.68,1988,8,"014722",0
135.73,-16.68,1988,9,"014722",0
135.73,-16.68,1988,10,"014722",0
135.73,-16.68,1988,11,"014722",47.6
135.73,-16.68,1988,12,"014722",NA
135.73,-16.68,1989,1,"014722",0
135.73,-16.68,1989,2,"014722",106
135.73,-16.68,1989,3,"014722",237.8
135.73,-16.68,1989,4,"014722",6
135.73,-16.68,1989,5,"014722",0
135.73,-16.68,1989,6,"014722",0
135.73,-16.68,1989,7,"014722",0
135.73,-16.68,1989,8,"014722",0
135.73,-16.68,1989,9,"014722",0
135.73,-16.68,1989,10,"014722",0
135.73,-16.68,1989,11,"014722",35
135.73,-16.68,1989,12,"014722",10
135.73,-16.68,1990,1,"014722",79
135.73,-16.68,1990,2,"014722",78
135.73,-16.68,1990,3,"014722",5.6
135.73,-16.68,1990,4,"014722",8.8
135.73,-16.68,1990,5,"014722",13
135.73,-16.68,1990,6,"014722",0
135.73,-16.68,1990,7,"014722",0
135.73,-16.68,1990,8,"014722",0
135.73,-16.68,1990,9,"014722",0
135.73,-16.68,1990,10,"014722",0
135.73,-16.68,1990,11,"014722",11.9
135.73,-16.68,1990,12,"014722",45.6
135.73,-16.68,1991,1,"014722",381.9
135.73,-16.68,1991,2,"014722",357
135.73,-16.68,1991,3,"014722",41
135.73,-16.68,1991,4,"014722",55
135.73,-16.68,1991,5,"014722",0
135.73,-16.68,1991,6,"014722",0
135.73,-16.68,1991,7,"014722",0
135.73,-16.68,1991,8,"014722",0
135.73,-16.68,1991,9,"014722",0
135.73,-16.68,1991,10,"014722",15
135.73,-16.68,1991,11,"014722",134.6
135.73,-16.68,1991,12,"014722",74.2
135.73,-16.68,1992,1,"014722",56.5
135.73,-16.68,1992,2,"014722",135.3
135.73,-16.68,1992,3,"014722",13.2
135.73,-16.68,1992,4,"014722",4
135.73,-16.68,1992,5,"014722",4.2
135.73,-16.68,1992,6,"014722",0
135.73,-16.68,1992,7,"014722",0
135.73,-16.68,1992,8,"014722",0
135.73,-16.68,1992,9,"014722",0
135.73,-16.68,1992,10,"014722",0
135.73,-16.68,1992,11,"014722",18.8
135.73,-16.68,1992,12,"014722",0
135.73,-16.68,1993,1,"014722",302.1
135.73,-16.68,1993,2,"014722",366.4
135.73,-16.68,1993,3,"014722",0
135.73,-16.68,1993,4,"014722",0
135.73,-16.68,1993,5,"014722",0
135.73,-16.68,1993,6,"014722",0
135.73,-16.68,1993,7,"014722",0
135.73,-16.68,1993,8,"014722",0
135.73,-16.68,1993,9,"014722",0
135.73,-16.68,1993,10,"014722",0
135.73,-16.68,1993,11,"014722",10.4
135.73,-16.68,1993,12,"014722",145.9
135.73,-16.68,1994,1,"014722",80.4
135.73,-16.68,1994,2,"014722",84.2
135.73,-16.68,1994,3,"014722",141.9
135.73,-16.68,1994,4,"014722",0
135.73,-16.68,1994,5,"014722",0
135.73,-16.68,1994,6,"014722",0
135.73,-16.68,1994,7,"014722",0
135.73,-16.68,1994,8,"014722",0
135.73,-16.68,1994,9,"014722",0
135.73,-16.68,1994,10,"014722",10.8
135.73,-16.68,1994,11,"014722",63.1
135.73,-16.68,1994,12,"014722",85
135.73,-16.68,1995,1,"014722",141.5
135.73,-16.68,1995,2,"014722",185.7
135.73,-16.68,1995,3,"014722",151.1
135.73,-16.68,1995,4,"014722",3.4
135.73,-16.68,1995,5,"014722",0
135.73,-16.68,1995,6,"014722",0
135.73,-16.68,1995,7,"014722",0
135.73,-16.68,1995,8,"014722",0
135.73,-16.68,1995,9,"014722",16.6
135.73,-16.68,1995,10,"014722",0
135.73,-16.68,1995,11,"014722",16.4
135.73,-16.68,1995,12,"014722",68.8
135.73,-16.68,1996,1,"014722",285.6
135.73,-16.68,1996,2,"014722",216.2
135.73,-16.68,1996,3,"014722",211.2
135.73,-16.68,1996,4,"014722",24.8
135.73,-16.68,1996,5,"014722",20.4
135.73,-16.68,1996,6,"014722",0
135.73,-16.68,1996,7,"014722",0
135.73,-16.68,1996,8,"014722",0
135.73,-16.68,1996,9,"014722",0
135.73,-16.68,1996,10,"014722",90
135.73,-16.68,1996,11,"014722",20
135.73,-16.68,1996,12,"014722",77
135.73,-16.68,1997,1,"014722",208.2
135.73,-16.68,1997,2,"014722",163.8
135.73,-16.68,1997,3,"014722",93
135.73,-16.68,1997,4,"014722",0
135.73,-16.68,1997,5,"014722",0
135.73,-16.68,1997,6,"014722",0
135.73,-16.68,1997,7,"014722",0
135.73,-16.68,1997,8,"014722",NA
135.73,-16.68,1997,9,"014722",NA
135.73,-16.68,1997,10,"014722",NA
135.73,-16.68,1997,11,"014722",35.4
135.73,-16.68,1997,12,"014722",223
135.73,-16.68,1998,1,"014722",84
135.73,-16.68,1998,2,"014722",105.4
135.73,-16.68,1998,3,"014722",NA
135.73,-16.68,1998,4,"014722",NA
135.73,-16.68,1998,5,"014722",NA
135.73,-16.68,1998,6,"014722",1.6
135.73,-16.68,1998,7,"014722",NA
135.73,-16.68,1998,8,"014722",NA
135.73,-16.68,1998,9,"014722",NA
135.73,-16.68,1998,10,"014722",11
135.73,-16.68,1998,11,"014722",NA
135.73,-16.68,1998,12,"014722",NA
135.73,-16.68,1999,1,"014722",NA
135.73,-16.68,1999,2,"014722",66
135.73,-16.68,1999,3,"014722",172.4
135.73,-16.68,1999,4,"014722",35.4
135.73,-16.68,1999,5,"014722",0
135.73,-16.68,1999,6,"014722",NA
135.73,-16.68,1999,7,"014722",NA
135.73,-16.68,1999,8,"014722",NA
135.73,-16.68,1999,9,"014722",NA
135.73,-16.68,1999,10,"014722",NA
135.73,-16.68,1999,11,"014722",5
135.73,-16.68,1999,12,"014722",NA
135.73,-16.68,2005,1,"014722",NA
135.73,-16.68,2005,2,"014722",NA
135.73,-16.68,2005,3,"014722",NA
135.73,-16.68,2005,4,"014722",NA
135.73,-16.68,2005,5,"014722",NA
135.73,-16.68,2005,6,"014722",NA
135.73,-16.68,2005,7,"014722",NA
135.73,-16.68,2005,8,"014722",NA
135.73,-16.68,2005,9,"014722",NA
135.73,-16.68,2005,10,"014722",14.8
135.73,-16.68,2005,11,"014722",44.6
135.73,-16.68,2005,12,"014722",133.8
135.73,-16.68,2006,1,"014722",333.1
135.73,-16.68,2006,2,"014722",106.5
135.73,-16.68,2006,3,"014722",NA
135.73,-16.68,2006,4,"014722",NA
135.73,-16.68,2006,5,"014722",NA
135.73,-16.68,2006,6,"014722",NA
135.73,-16.68,2006,7,"014722",NA
135.73,-16.68,2006,8,"014722",NA
135.73,-16.68,2006,9,"014722",NA
135.73,-16.68,2006,10,"014722",NA
135.73,-16.68,2006,11,"014722",NA
135.73,-16.68,2006,12,"014722",NA
