"Lon","Lat","Year","Month","Station","Rain"
138.93,-34.95,2007,1,"024583",NA
138.93,-34.95,2007,2,"024583",NA
138.93,-34.95,2007,3,"024583",NA
138.93,-34.95,2007,4,"024583",NA
138.93,-34.95,2007,5,"024583",87
138.93,-34.95,2007,6,"024583",70.2
138.93,-34.95,2007,7,"024583",113
138.93,-34.95,2007,8,"024583",30
138.93,-34.95,2007,9,"024583",53.8
138.93,-34.95,2007,10,"024583",34.8
138.93,-34.95,2007,11,"024583",28
138.93,-34.95,2007,12,"024583",36.8
138.93,-34.95,2008,1,"024583",4.2
138.93,-34.95,2008,2,"024583",10.8
138.93,-34.95,2008,3,"024583",18.6
138.93,-34.95,2008,4,"024583",60.2
138.93,-34.95,2008,5,"024583",51.6
138.93,-34.95,2008,6,"024583",66.4
138.93,-34.95,2008,7,"024583",104.8
138.93,-34.95,2008,8,"024583",103.4
138.93,-34.95,2008,9,"024583",40.2
138.93,-34.95,2008,10,"024583",12
138.93,-34.95,2008,11,"024583",18.2
138.93,-34.95,2008,12,"024583",47.4
138.93,-34.95,2009,1,"024583",1
138.93,-34.95,2009,2,"024583",1.4
138.93,-34.95,2009,3,"024583",19.2
138.93,-34.95,2009,4,"024583",75.6
138.93,-34.95,2009,5,"024583",50
138.93,-34.95,2009,6,"024583",87.4
138.93,-34.95,2009,7,"024583",182.6
138.93,-34.95,2009,8,"024583",118.4
138.93,-34.95,2009,9,"024583",111.4
138.93,-34.95,2009,10,"024583",56.6
138.93,-34.95,2009,11,"024583",61.2
138.93,-34.95,2009,12,"024583",20.2
138.93,-34.95,2010,1,"024583",21.8
138.93,-34.95,2010,2,"024583",9.8
138.93,-34.95,2010,3,"024583",22.2
138.93,-34.95,2010,4,"024583",43
138.93,-34.95,2010,5,"024583",90.4
138.93,-34.95,2010,6,"024583",67.4
138.93,-34.95,2010,7,"024583",68.6
138.93,-34.95,2010,8,"024583",178
138.93,-34.95,2010,9,"024583",121.6
138.93,-34.95,2010,10,"024583",48.4
138.93,-34.95,2010,11,"024583",35.2
138.93,-34.95,2010,12,"024583",99.8
138.93,-34.95,2011,1,"024583",17.2
138.93,-34.95,2011,2,"024583",70.2
138.93,-34.95,2011,3,"024583",89.2
138.93,-34.95,2011,4,"024583",13.2
138.93,-34.95,2011,5,"024583",74.2
138.93,-34.95,2011,6,"024583",71
138.93,-34.95,2011,7,"024583",83
138.93,-34.95,2011,8,"024583",91
138.93,-34.95,2011,9,"024583",69
138.93,-34.95,2011,10,"024583",36.6
138.93,-34.95,2011,11,"024583",24.2
138.93,-34.95,2011,12,"024583",43.8
138.93,-34.95,2012,1,"024583",12.8
138.93,-34.95,2012,2,"024583",20.8
138.93,-34.95,2012,3,"024583",58.8
138.93,-34.95,2012,4,"024583",35.4
138.93,-34.95,2012,5,"024583",86
138.93,-34.95,2012,6,"024583",139
138.93,-34.95,2012,7,"024583",75.8
138.93,-34.95,2012,8,"024583",112.8
138.93,-34.95,2012,9,"024583",51
138.93,-34.95,2012,10,"024583",21.2
138.93,-34.95,2012,11,"024583",13
138.93,-34.95,2012,12,"024583",15.2
138.93,-34.95,2013,1,"024583",13.2
138.93,-34.95,2013,2,"024583",23.8
138.93,-34.95,2013,3,"024583",12.4
138.93,-34.95,2013,4,"024583",46.8
138.93,-34.95,2013,5,"024583",54
138.93,-34.95,2013,6,"024583",158
138.93,-34.95,2013,7,"024583",177.6
138.93,-34.95,2013,8,"024583",118.8
138.93,-34.95,2013,9,"024583",97.4
138.93,-34.95,2013,10,"024583",40.6
138.93,-34.95,2013,11,"024583",14.8
138.93,-34.95,2013,12,"024583",13
138.93,-34.95,2014,1,"024583",17.2
138.93,-34.95,2014,2,"024583",128.8
138.93,-34.95,2014,3,"024583",17
138.93,-34.95,2014,4,"024583",35.8
138.93,-34.95,2014,5,"024583",48.6
138.93,-34.95,2014,6,"024583",108.2
138.93,-34.95,2014,7,"024583",113.8
138.93,-34.95,2014,8,"024583",21.2
138.93,-34.95,2014,9,"024583",25.8
138.93,-34.95,2014,10,"024583",2.8
138.93,-34.95,2014,11,"024583",19
138.93,-34.95,2014,12,"024583",6.8
138.93,-34.95,2015,1,"024583",45.4
138.93,-34.95,2015,2,"024583",0.2
138.93,-34.95,2015,3,"024583",3.6
138.93,-34.95,2015,4,"024583",80.2
138.93,-34.95,2015,5,"024583",81.2
138.93,-34.95,2015,6,"024583",28.6
138.93,-34.95,2015,7,"024583",79.6
138.93,-34.95,2015,8,"024583",59.2
138.93,-34.95,2015,9,"024583",44.2
138.93,-34.95,2015,10,"024583",11.4
138.93,-34.95,2015,11,"024583",7.8
138.93,-34.95,2015,12,"024583",7.8
138.93,-34.95,2016,1,"024583",51.6
138.93,-34.95,2016,2,"024583",20.2
138.93,-34.95,2016,3,"024583",46
138.93,-34.95,2016,4,"024583",9.4
138.93,-34.95,2016,5,"024583",123.2
138.93,-34.95,2016,6,"024583",95.2
138.93,-34.95,2016,7,"024583",192.6
138.93,-34.95,2016,8,"024583",61
138.93,-34.95,2016,9,"024583",189.4
138.93,-34.95,2016,10,"024583",108
138.93,-34.95,2016,11,"024583",27
138.93,-34.95,2016,12,"024583",121.6
138.93,-34.95,2017,1,"024583",33.8
138.93,-34.95,2017,2,"024583",36.4
138.93,-34.95,2017,3,"024583",17.4
138.93,-34.95,2017,4,"024583",47
138.93,-34.95,2017,5,"024583",45.8
138.93,-34.95,2017,6,"024583",11.2
138.93,-34.95,2017,7,"024583",NA
138.93,-34.95,2017,8,"024583",NA
138.93,-34.95,2017,9,"024583",NA
138.93,-34.95,2017,10,"024583",NA
138.93,-34.95,2017,11,"024583",NA
138.93,-34.95,2017,12,"024583",NA
138.93,-34.95,2018,1,"024583",NA
138.93,-34.95,2018,2,"024583",NA
138.93,-34.95,2018,3,"024583",NA
138.93,-34.95,2018,4,"024583",NA
138.93,-34.95,2018,5,"024583",NA
138.93,-34.95,2018,6,"024583",NA
138.93,-34.95,2018,7,"024583",NA
138.93,-34.95,2018,8,"024583",NA
138.93,-34.95,2018,9,"024583",NA
138.93,-34.95,2018,10,"024583",6.4
138.93,-34.95,2018,11,"024583",70.2
138.93,-34.95,2018,12,"024583",47.6
138.93,-34.95,2019,1,"024583",0
138.93,-34.95,2019,2,"024583",13.2
138.93,-34.95,2019,3,"024583",8.6
138.93,-34.95,2019,4,"024583",1.8
138.93,-34.95,2019,5,"024583",112.4
138.93,-34.95,2019,6,"024583",96.2
138.93,-34.95,2019,7,"024583",65.6
138.93,-34.95,2019,8,"024583",85.6
138.93,-34.95,2019,9,"024583",43.2
138.93,-34.95,2019,10,"024583",14
138.93,-34.95,2019,11,"024583",15
138.93,-34.95,2019,12,"024583",5.6
138.93,-34.95,2020,1,"024583",45
138.93,-34.95,2020,2,"024583",62.2
138.93,-34.95,2020,3,"024583",7.6
138.93,-34.95,2020,4,"024583",89.4
138.93,-34.95,2020,5,"024583",73
138.93,-34.95,2020,6,"024583",84.4
138.93,-34.95,2020,7,"024583",42
138.93,-34.95,2020,8,"024583",117.4
138.93,-34.95,2020,9,"024583",71
138.93,-34.95,2020,10,"024583",100
138.93,-34.95,2020,11,"024583",17
138.93,-34.95,2020,12,"024583",16.2
138.93,-34.95,2021,1,"024583",28.8
138.93,-34.95,2021,2,"024583",30.2
138.93,-34.95,2021,3,"024583",21.2
138.93,-34.95,2021,4,"024583",15
138.93,-34.95,2021,5,"024583",45
138.93,-34.95,2021,6,"024583",143.2
138.93,-34.95,2021,7,"024583",162.4
138.93,-34.95,2021,8,"024583",72.6
138.93,-34.95,2021,9,"024583",46.6
138.93,-34.95,2021,10,"024583",48.8
138.93,-34.95,2021,11,"024583",85.2
138.93,-34.95,2021,12,"024583",5
138.93,-34.95,2022,1,"024583",58.2
138.93,-34.95,2022,2,"024583",10.8
138.93,-34.95,2022,3,"024583",NA
138.93,-34.95,2022,4,"024583",NA
138.93,-34.95,2022,5,"024583",NA
138.93,-34.95,2022,6,"024583",NA
138.93,-34.95,2022,7,"024583",NA
138.93,-34.95,2022,8,"024583",NA
138.93,-34.95,2022,9,"024583",NA
138.93,-34.95,2022,10,"024583",NA
138.93,-34.95,2022,11,"024583",NA
138.93,-34.95,2022,12,"024583",NA
