"Lon","Lat","Year","Month","Station","Rain"
149.58,-35.6,2000,1,"070191",NA
149.58,-35.6,2000,2,"070191",NA
149.58,-35.6,2000,3,"070191",NA
149.58,-35.6,2000,4,"070191",55
149.58,-35.6,2000,5,"070191",40.1
149.58,-35.6,2000,6,"070191",28
149.58,-35.6,2000,7,"070191",33
149.58,-35.6,2000,8,"070191",52.6
149.58,-35.6,2000,9,"070191",NA
149.58,-35.6,2000,10,"070191",54.6
149.58,-35.6,2000,11,"070191",NA
149.58,-35.6,2000,12,"070191",35.8
149.58,-35.6,2001,1,"070191",77
149.58,-35.6,2001,2,"070191",103.1
149.58,-35.6,2001,3,"070191",42.2
149.58,-35.6,2001,4,"070191",24.4
149.58,-35.6,2001,5,"070191",3.2
149.58,-35.6,2001,6,"070191",13.6
149.58,-35.6,2001,7,"070191",84
149.58,-35.6,2001,8,"070191",101.6
149.58,-35.6,2001,9,"070191",53.8
149.58,-35.6,2001,10,"070191",37.8
149.58,-35.6,2001,11,"070191",71
149.58,-35.6,2001,12,"070191",38
149.58,-35.6,2002,1,"070191",74.6
149.58,-35.6,2002,2,"070191",190
149.58,-35.6,2002,3,"070191",48.4
149.58,-35.6,2002,4,"070191",42
149.58,-35.6,2002,5,"070191",28.2
149.58,-35.6,2002,6,"070191",37.6
149.58,-35.6,2002,7,"070191",9.2
149.58,-35.6,2002,8,"070191",13
149.58,-35.6,2002,9,"070191",50.9
149.58,-35.6,2002,10,"070191",20.3
149.58,-35.6,2002,11,"070191",15
149.58,-35.6,2002,12,"070191",43.8
149.58,-35.6,2003,1,"070191",9.6
149.58,-35.6,2003,2,"070191",NA
149.58,-35.6,2003,3,"070191",NA
149.58,-35.6,2003,4,"070191",62.3
149.58,-35.6,2003,5,"070191",50.1
149.58,-35.6,2003,6,"070191",32.8
149.58,-35.6,2003,7,"070191",30.7
149.58,-35.6,2003,8,"070191",71.4
149.58,-35.6,2003,9,"070191",35.6
149.58,-35.6,2003,10,"070191",96.4
149.58,-35.6,2003,11,"070191",83.3
149.58,-35.6,2003,12,"070191",NA
149.58,-35.6,2004,1,"070191",60.8
149.58,-35.6,2004,2,"070191",38.2
149.58,-35.6,2004,3,"070191",14.5
149.58,-35.6,2004,4,"070191",27
149.58,-35.6,2004,5,"070191",2.4
149.58,-35.6,2004,6,"070191",15.4
149.58,-35.6,2004,7,"070191",12.1
149.58,-35.6,2004,8,"070191",NA
149.58,-35.6,2004,9,"070191",NA
149.58,-35.6,2004,10,"070191",112.8
149.58,-35.6,2004,11,"070191",84
149.58,-35.6,2004,12,"070191",NA
149.58,-35.6,2005,1,"070191",70.1
149.58,-35.6,2005,2,"070191",51.8
149.58,-35.6,2005,3,"070191",70
149.58,-35.6,2005,4,"070191",17.8
149.58,-35.6,2005,5,"070191",3.6
149.58,-35.6,2005,6,"070191",60.4
149.58,-35.6,2005,7,"070191",103.7
149.58,-35.6,2005,8,"070191",32.4
149.58,-35.6,2005,9,"070191",72.2
149.58,-35.6,2005,10,"070191",98
149.58,-35.6,2005,11,"070191",152.6
149.58,-35.6,2005,12,"070191",NA
149.58,-35.6,2006,1,"070191",135.7
149.58,-35.6,2006,2,"070191",17.3
149.58,-35.6,2006,3,"070191",NA
149.58,-35.6,2006,4,"070191",NA
149.58,-35.6,2006,5,"070191",NA
149.58,-35.6,2006,6,"070191",NA
149.58,-35.6,2006,7,"070191",NA
149.58,-35.6,2006,8,"070191",NA
149.58,-35.6,2006,9,"070191",NA
149.58,-35.6,2006,10,"070191",NA
149.58,-35.6,2006,11,"070191",NA
149.58,-35.6,2006,12,"070191",NA
149.58,-35.6,2007,1,"070191",46.6
149.58,-35.6,2007,2,"070191",145
149.58,-35.6,2007,3,"070191",NA
149.58,-35.6,2007,4,"070191",NA
149.58,-35.6,2007,5,"070191",NA
149.58,-35.6,2007,6,"070191",NA
149.58,-35.6,2007,7,"070191",NA
149.58,-35.6,2007,8,"070191",NA
149.58,-35.6,2007,9,"070191",NA
149.58,-35.6,2007,10,"070191",NA
149.58,-35.6,2007,11,"070191",NA
149.58,-35.6,2007,12,"070191",NA
149.58,-35.6,2008,1,"070191",53
149.58,-35.6,2008,2,"070191",NA
149.58,-35.6,2008,3,"070191",42
149.58,-35.6,2008,4,"070191",45
149.58,-35.6,2008,5,"070191",NA
149.58,-35.6,2008,6,"070191",NA
149.58,-35.6,2008,7,"070191",NA
149.58,-35.6,2008,8,"070191",48
149.58,-35.6,2008,9,"070191",46
149.58,-35.6,2008,10,"070191",50
149.58,-35.6,2008,11,"070191",NA
149.58,-35.6,2008,12,"070191",NA
149.58,-35.6,2009,1,"070191",30.6
149.58,-35.6,2009,2,"070191",62.2
149.58,-35.6,2009,3,"070191",32.4
149.58,-35.6,2009,4,"070191",88.4
149.58,-35.6,2009,5,"070191",28.4
149.58,-35.6,2009,6,"070191",19
149.58,-35.6,2009,7,"070191",25.6
149.58,-35.6,2009,8,"070191",36.6
149.58,-35.6,2009,9,"070191",44.4
149.58,-35.6,2009,10,"070191",107.2
149.58,-35.6,2009,11,"070191",21.1
149.58,-35.6,2009,12,"070191",67.6
149.58,-35.6,2010,1,"070191",46.5
149.58,-35.6,2010,2,"070191",246
149.58,-35.6,2010,3,"070191",61.6
149.58,-35.6,2010,4,"070191",21
149.58,-35.6,2010,5,"070191",NA
149.58,-35.6,2010,6,"070191",36.2
149.58,-35.6,2010,7,"070191",NA
149.58,-35.6,2010,8,"070191",57.8
149.58,-35.6,2010,9,"070191",57.4
149.58,-35.6,2010,10,"070191",NA
149.58,-35.6,2010,11,"070191",145.4
149.58,-35.6,2010,12,"070191",143.6
149.58,-35.6,2011,1,"070191",75.8
149.58,-35.6,2011,2,"070191",NA
149.58,-35.6,2011,3,"070191",109.8
149.58,-35.6,2011,4,"070191",16.4
149.58,-35.6,2011,5,"070191",32.2
149.58,-35.6,2011,6,"070191",NA
149.58,-35.6,2011,7,"070191",NA
149.58,-35.6,2011,8,"070191",NA
149.58,-35.6,2011,9,"070191",16
149.58,-35.6,2011,10,"070191",80.4
149.58,-35.6,2011,11,"070191",198
149.58,-35.6,2011,12,"070191",NA
149.58,-35.6,2012,1,"070191",58.4
149.58,-35.6,2012,2,"070191",NA
149.58,-35.6,2012,3,"070191",NA
149.58,-35.6,2012,4,"070191",NA
149.58,-35.6,2012,5,"070191",NA
149.58,-35.6,2012,6,"070191",NA
149.58,-35.6,2012,7,"070191",NA
149.58,-35.6,2012,8,"070191",NA
149.58,-35.6,2012,9,"070191",NA
149.58,-35.6,2012,10,"070191",NA
149.58,-35.6,2012,11,"070191",NA
149.58,-35.6,2012,12,"070191",NA
