"Lon","Lat","Year","Month","Station","Rain"
146.67,-41.9,1984,1,"096065",NA
146.67,-41.9,1984,2,"096065",NA
146.67,-41.9,1984,3,"096065",NA
146.67,-41.9,1984,4,"096065",NA
146.67,-41.9,1984,5,"096065",NA
146.67,-41.9,1984,6,"096065",NA
146.67,-41.9,1984,7,"096065",NA
146.67,-41.9,1984,8,"096065",NA
146.67,-41.9,1984,9,"096065",NA
146.67,-41.9,1984,10,"096065",NA
146.67,-41.9,1984,11,"096065",68.6
146.67,-41.9,1984,12,"096065",119.4
146.67,-41.9,1985,1,"096065",61.5
146.67,-41.9,1985,2,"096065",17
146.67,-41.9,1985,3,"096065",90.9
146.67,-41.9,1985,4,"096065",57.2
146.67,-41.9,1985,5,"096065",160.9
146.67,-41.9,1985,6,"096065",78.7
146.67,-41.9,1985,7,"096065",92.9
146.67,-41.9,1985,8,"096065",108.6
146.67,-41.9,1985,9,"096065",54.8
146.67,-41.9,1985,10,"096065",88.9
146.67,-41.9,1985,11,"096065",63.6
146.67,-41.9,1985,12,"096065",160.8
146.67,-41.9,1986,1,"096065",87.8
146.67,-41.9,1986,2,"096065",35
146.67,-41.9,1986,3,"096065",20.8
146.67,-41.9,1986,4,"096065",145.4
146.67,-41.9,1986,5,"096065",82.2
146.67,-41.9,1986,6,"096065",68.8
146.67,-41.9,1986,7,"096065",173.6
146.67,-41.9,1986,8,"096065",98.2
146.67,-41.9,1986,9,"096065",99.8
146.67,-41.9,1986,10,"096065",117.6
146.67,-41.9,1986,11,"096065",43
146.67,-41.9,1986,12,"096065",107.8
146.67,-41.9,1987,1,"096065",67
146.67,-41.9,1987,2,"096065",46.2
146.67,-41.9,1987,3,"096065",87.4
146.67,-41.9,1987,4,"096065",31
146.67,-41.9,1987,5,"096065",139.6
146.67,-41.9,1987,6,"096065",53.2
146.67,-41.9,1987,7,"096065",68.2
146.67,-41.9,1987,8,"096065",40.6
146.67,-41.9,1987,9,"096065",71.8
146.67,-41.9,1987,10,"096065",65
146.67,-41.9,1987,11,"096065",137.6
146.67,-41.9,1987,12,"096065",57.8
146.67,-41.9,1988,1,"096065",48.4
146.67,-41.9,1988,2,"096065",28.8
146.67,-41.9,1988,3,"096065",10.6
146.67,-41.9,1988,4,"096065",67.8
146.67,-41.9,1988,5,"096065",81.6
146.67,-41.9,1988,6,"096065",114.6
146.67,-41.9,1988,7,"096065",159
146.67,-41.9,1988,8,"096065",111
146.67,-41.9,1988,9,"096065",104
146.67,-41.9,1988,10,"096065",211
146.67,-41.9,1988,11,"096065",88
146.67,-41.9,1988,12,"096065",58.8
146.67,-41.9,1989,1,"096065",65
146.67,-41.9,1989,2,"096065",12.6
146.67,-41.9,1989,3,"096065",59.8
146.67,-41.9,1989,4,"096065",154
146.67,-41.9,1989,5,"096065",65
146.67,-41.9,1989,6,"096065",82.4
146.67,-41.9,1989,7,"096065",122
146.67,-41.9,1989,8,"096065",56
146.67,-41.9,1989,9,"096065",107
146.67,-41.9,1989,10,"096065",161
146.67,-41.9,1989,11,"096065",23.4
146.67,-41.9,1989,12,"096065",60.2
146.67,-41.9,1990,1,"096065",35.6
146.67,-41.9,1990,2,"096065",83.8
146.67,-41.9,1990,3,"096065",30
146.67,-41.9,1990,4,"096065",63.8
146.67,-41.9,1990,5,"096065",60.6
146.67,-41.9,1990,6,"096065",87.4
146.67,-41.9,1990,7,"096065",189.2
146.67,-41.9,1990,8,"096065",77.8
146.67,-41.9,1990,9,"096065",65
146.67,-41.9,1990,10,"096065",75.8
146.67,-41.9,1990,11,"096065",70.8
146.67,-41.9,1990,12,"096065",66.8
146.67,-41.9,1991,1,"096065",84.6
146.67,-41.9,1991,2,"096065",2.8
146.67,-41.9,1991,3,"096065",56.2
146.67,-41.9,1991,4,"096065",50.8
146.67,-41.9,1991,5,"096065",21.2
146.67,-41.9,1991,6,"096065",106
146.67,-41.9,1991,7,"096065",163
146.67,-41.9,1991,8,"096065",244
146.67,-41.9,1991,9,"096065",67.6
146.67,-41.9,1991,10,"096065",66.2
146.67,-41.9,1991,11,"096065",96.8
146.67,-41.9,1991,12,"096065",87.2
146.67,-41.9,1992,1,"096065",80.4
146.67,-41.9,1992,2,"096065",39.4
146.67,-41.9,1992,3,"096065",19.8
146.67,-41.9,1992,4,"096065",113.6
146.67,-41.9,1992,5,"096065",94.8
146.67,-41.9,1992,6,"096065",94.6
146.67,-41.9,1992,7,"096065",164.2
146.67,-41.9,1992,8,"096065",138.2
146.67,-41.9,1992,9,"096065",89.2
146.67,-41.9,1992,10,"096065",71.6
146.67,-41.9,1992,11,"096065",115.2
146.67,-41.9,1992,12,"096065",64.2
146.67,-41.9,1993,1,"096065",54.4
146.67,-41.9,1993,2,"096065",99.8
146.67,-41.9,1993,3,"096065",33.4
146.67,-41.9,1993,4,"096065",35
146.67,-41.9,1993,5,"096065",65.2
146.67,-41.9,1993,6,"096065",121.6
146.67,-41.9,1993,7,"096065",150.6
146.67,-41.9,1993,8,"096065",141.2
146.67,-41.9,1993,9,"096065",78
146.67,-41.9,1993,10,"096065",81.8
146.67,-41.9,1993,11,"096065",87.4
146.67,-41.9,1993,12,"096065",124
146.67,-41.9,1994,1,"096065",69.8
146.67,-41.9,1994,2,"096065",76.2
146.67,-41.9,1994,3,"096065",16
146.67,-41.9,1994,4,"096065",67.4
146.67,-41.9,1994,5,"096065",203.8
146.67,-41.9,1994,6,"096065",86.8
146.67,-41.9,1994,7,"096065",127
146.67,-41.9,1994,8,"096065",128.2
146.67,-41.9,1994,9,"096065",93
146.67,-41.9,1994,10,"096065",77.8
146.67,-41.9,1994,11,"096065",114.4
146.67,-41.9,1994,12,"096065",18.8
146.67,-41.9,1995,1,"096065",131.6
146.67,-41.9,1995,2,"096065",50
146.67,-41.9,1995,3,"096065",29.2
146.67,-41.9,1995,4,"096065",90.8
146.67,-41.9,1995,5,"096065",73.8
146.67,-41.9,1995,6,"096065",57.4
146.67,-41.9,1995,7,"096065",86.2
146.67,-41.9,1995,8,"096065",162.4
146.67,-41.9,1995,9,"096065",64.6
146.67,-41.9,1995,10,"096065",53.8
146.67,-41.9,1995,11,"096065",61.2
146.67,-41.9,1995,12,"096065",79.6
146.67,-41.9,1996,1,"096065",230.2
146.67,-41.9,1996,2,"096065",103.8
146.67,-41.9,1996,3,"096065",137
146.67,-41.9,1996,4,"096065",119.8
146.67,-41.9,1996,5,"096065",25.6
146.67,-41.9,1996,6,"096065",108.2
146.67,-41.9,1996,7,"096065",104.8
146.67,-41.9,1996,8,"096065",170.7
146.67,-41.9,1996,9,"096065",222
146.67,-41.9,1996,10,"096065",84.2
146.67,-41.9,1996,11,"096065",82
146.67,-41.9,1996,12,"096065",38.6
146.67,-41.9,1997,1,"096065",101
146.67,-41.9,1997,2,"096065",18.6
146.67,-41.9,1997,3,"096065",73.8
146.67,-41.9,1997,4,"096065",34.6
146.67,-41.9,1997,5,"096065",126.4
146.67,-41.9,1997,6,"096065",78
146.67,-41.9,1997,7,"096065",99
146.67,-41.9,1997,8,"096065",167.8
146.67,-41.9,1997,9,"096065",88.8
146.67,-41.9,1997,10,"096065",104.4
146.67,-41.9,1997,11,"096065",35
146.67,-41.9,1997,12,"096065",39
146.67,-41.9,1998,1,"096065",35.8
146.67,-41.9,1998,2,"096065",62
146.67,-41.9,1998,3,"096065",19.6
146.67,-41.9,1998,4,"096065",72
146.67,-41.9,1998,5,"096065",49
146.67,-41.9,1998,6,"096065",141.8
146.67,-41.9,1998,7,"096065",210.4
146.67,-41.9,1998,8,"096065",130.2
146.67,-41.9,1998,9,"096065",165.4
146.67,-41.9,1998,10,"096065",110.6
146.67,-41.9,1998,11,"096065",89.2
146.67,-41.9,1998,12,"096065",94.2
146.67,-41.9,1999,1,"096065",16.4
146.67,-41.9,1999,2,"096065",138.6
146.67,-41.9,1999,3,"096065",130
146.67,-41.9,1999,4,"096065",59.6
146.67,-41.9,1999,5,"096065",72.6
146.67,-41.9,1999,6,"096065",87.6
146.67,-41.9,1999,7,"096065",95.6
146.67,-41.9,1999,8,"096065",127.4
146.67,-41.9,1999,9,"096065",99.8
146.67,-41.9,1999,10,"096065",53.8
146.67,-41.9,1999,11,"096065",53.6
146.67,-41.9,1999,12,"096065",58.4
146.67,-41.9,2000,1,"096065",33.6
146.67,-41.9,2000,2,"096065",46.8
146.67,-41.9,2000,3,"096065",42.4
146.67,-41.9,2000,4,"096065",53.4
146.67,-41.9,2000,5,"096065",170
146.67,-41.9,2000,6,"096065",90.8
146.67,-41.9,2000,7,"096065",207.4
146.67,-41.9,2000,8,"096065",72.8
146.67,-41.9,2000,9,"096065",189.8
146.67,-41.9,2000,10,"096065",151
146.67,-41.9,2000,11,"096065",55.6
146.67,-41.9,2000,12,"096065",51.8
146.67,-41.9,2001,1,"096065",27.4
146.67,-41.9,2001,2,"096065",7.8
146.67,-41.9,2001,3,"096065",111.6
146.67,-41.9,2001,4,"096065",82.8
146.67,-41.9,2001,5,"096065",56.2
146.67,-41.9,2001,6,"096065",128.6
146.67,-41.9,2001,7,"096065",57.6
146.67,-41.9,2001,8,"096065",NA
146.67,-41.9,2001,9,"096065",90.2
146.67,-41.9,2001,10,"096065",117.6
146.67,-41.9,2001,11,"096065",105
146.67,-41.9,2001,12,"096065",59.6
146.67,-41.9,2002,1,"096065",96.6
146.67,-41.9,2002,2,"096065",38
146.67,-41.9,2002,3,"096065",26
146.67,-41.9,2002,4,"096065",17.8
146.67,-41.9,2002,5,"096065",40.8
146.67,-41.9,2002,6,"096065",174.6
146.67,-41.9,2002,7,"096065",133.6
146.67,-41.9,2002,8,"096065",125.6
146.67,-41.9,2002,9,"096065",241.2
146.67,-41.9,2002,10,"096065",121.4
146.67,-41.9,2002,11,"096065",34.2
146.67,-41.9,2002,12,"096065",24.8
146.67,-41.9,2003,1,"096065",62.4
146.67,-41.9,2003,2,"096065",3.6
146.67,-41.9,2003,3,"096065",77.8
146.67,-41.9,2003,4,"096065",172
146.67,-41.9,2003,5,"096065",106.6
146.67,-41.9,2003,6,"096065",165.4
146.67,-41.9,2003,7,"096065",NA
146.67,-41.9,2003,8,"096065",NA
146.67,-41.9,2003,9,"096065",NA
146.67,-41.9,2003,10,"096065",NA
146.67,-41.9,2003,11,"096065",NA
146.67,-41.9,2003,12,"096065",NA
146.67,-41.9,2004,1,"096065",119.8
146.67,-41.9,2004,2,"096065",NA
146.67,-41.9,2004,3,"096065",NA
146.67,-41.9,2004,4,"096065",NA
146.67,-41.9,2004,5,"096065",NA
146.67,-41.9,2004,6,"096065",171.8
146.67,-41.9,2004,7,"096065",166
146.67,-41.9,2004,8,"096065",82.2
146.67,-41.9,2004,9,"096065",50.6
146.67,-41.9,2004,10,"096065",50.8
146.67,-41.9,2004,11,"096065",68.4
146.67,-41.9,2004,12,"096065",30.2
146.67,-41.9,2005,1,"096065",42.8
146.67,-41.9,2005,2,"096065",60
146.67,-41.9,2005,3,"096065",18.8
146.67,-41.9,2005,4,"096065",78
146.67,-41.9,2005,5,"096065",27.8
146.67,-41.9,2005,6,"096065",116.8
146.67,-41.9,2005,7,"096065",90.6
146.67,-41.9,2005,8,"096065",216.6
146.67,-41.9,2005,9,"096065",107.6
146.67,-41.9,2005,10,"096065",150.4
146.67,-41.9,2005,11,"096065",119.2
146.67,-41.9,2005,12,"096065",203.6
146.67,-41.9,2006,1,"096065",31.8
146.67,-41.9,2006,2,"096065",25.2
146.67,-41.9,2006,3,"096065",20.4
146.67,-41.9,2006,4,"096065",125.2
146.67,-41.9,2006,5,"096065",92.8
146.67,-41.9,2006,6,"096065",44.8
146.67,-41.9,2006,7,"096065",83.2
146.67,-41.9,2006,8,"096065",49.6
146.67,-41.9,2006,9,"096065",141
146.67,-41.9,2006,10,"096065",40
146.67,-41.9,2006,11,"096065",35.2
146.67,-41.9,2006,12,"096065",49.2
146.67,-41.9,2007,1,"096065",53.8
146.67,-41.9,2007,2,"096065",19.4
146.67,-41.9,2007,3,"096065",74.2
146.67,-41.9,2007,4,"096065",30.8
146.67,-41.9,2007,5,"096065",221
146.67,-41.9,2007,6,"096065",22.8
146.67,-41.9,2007,7,"096065",67.4
146.67,-41.9,2007,8,"096065",185.8
146.67,-41.9,2007,9,"096065",NA
146.67,-41.9,2007,10,"096065",95.6
146.67,-41.9,2007,11,"096065",16
146.67,-41.9,2007,12,"096065",118.8
146.67,-41.9,2008,1,"096065",9.4
146.67,-41.9,2008,2,"096065",103.8
146.67,-41.9,2008,3,"096065",39.8
146.67,-41.9,2008,4,"096065",102.6
146.67,-41.9,2008,5,"096065",47.4
146.67,-41.9,2008,6,"096065",89.6
146.67,-41.9,2008,7,"096065",82.2
146.67,-41.9,2008,8,"096065",51
146.67,-41.9,2008,9,"096065",169.6
146.67,-41.9,2008,10,"096065",18.2
146.67,-41.9,2008,11,"096065",140.8
146.67,-41.9,2008,12,"096065",46
146.67,-41.9,2009,1,"096065",41.8
146.67,-41.9,2009,2,"096065",48.8
146.67,-41.9,2009,3,"096065",68.2
146.67,-41.9,2009,4,"096065",68.6
146.67,-41.9,2009,5,"096065",68.6
146.67,-41.9,2009,6,"096065",121.2
146.67,-41.9,2009,7,"096065",193.4
146.67,-41.9,2009,8,"096065",NA
146.67,-41.9,2009,9,"096065",NA
146.67,-41.9,2009,10,"096065",34.4
146.67,-41.9,2009,11,"096065",71
146.67,-41.9,2009,12,"096065",NA
