"Lon","Lat","Year","Month","Station","Rain"
145.46,-16.1,1939,1,"031012",NA
145.46,-16.1,1939,2,"031012",NA
145.46,-16.1,1939,3,"031012",NA
145.46,-16.1,1939,4,"031012",NA
145.46,-16.1,1939,5,"031012",NA
145.46,-16.1,1939,6,"031012",NA
145.46,-16.1,1939,7,"031012",96.1
145.46,-16.1,1939,8,"031012",12
145.46,-16.1,1939,9,"031012",46.8
145.46,-16.1,1939,10,"031012",150.4
145.46,-16.1,1939,11,"031012",138.7
145.46,-16.1,1939,12,"031012",55.3
145.46,-16.1,1940,1,"031012",966.1
145.46,-16.1,1940,2,"031012",380.8
145.46,-16.1,1940,3,"031012",1247.6
145.46,-16.1,1940,4,"031012",504.6
145.46,-16.1,1940,5,"031012",159.4
145.46,-16.1,1940,6,"031012",251.4
145.46,-16.1,1940,7,"031012",40.6
145.46,-16.1,1940,8,"031012",86.3
145.46,-16.1,1940,9,"031012",31.1
145.46,-16.1,1940,10,"031012",55.9
145.46,-16.1,1940,11,"031012",24.1
145.46,-16.1,1940,12,"031012",51.3
145.46,-16.1,1941,1,"031012",558.6
145.46,-16.1,1941,2,"031012",1120.4
145.46,-16.1,1941,3,"031012",740
145.46,-16.1,1941,4,"031012",614.1
145.46,-16.1,1941,5,"031012",344.8
145.46,-16.1,1941,6,"031012",76.1
145.46,-16.1,1941,7,"031012",89.5
145.46,-16.1,1941,8,"031012",61.9
145.46,-16.1,1941,9,"031012",3.1
145.46,-16.1,1941,10,"031012",0
145.46,-16.1,1941,11,"031012",149.5
145.46,-16.1,1941,12,"031012",137
145.46,-16.1,1942,1,"031012",67.8
145.46,-16.1,1942,2,"031012",406.1
145.46,-16.1,1942,3,"031012",221.5
145.46,-16.1,1942,4,"031012",438.2
145.46,-16.1,1942,5,"031012",219.8
145.46,-16.1,1942,6,"031012",346.1
145.46,-16.1,1942,7,"031012",154.4
145.46,-16.1,1942,8,"031012",103.2
145.46,-16.1,1942,9,"031012",145.3
145.46,-16.1,1942,10,"031012",13.5
145.46,-16.1,1942,11,"031012",155
145.46,-16.1,1942,12,"031012",780.6
145.46,-16.1,1943,1,"031012",255
145.46,-16.1,1943,2,"031012",842.8
145.46,-16.1,1943,3,"031012",476.6
145.46,-16.1,1943,4,"031012",561.4
145.46,-16.1,1943,5,"031012",190.6
145.46,-16.1,1943,6,"031012",56.2
145.46,-16.1,1943,7,"031012",110.1
145.46,-16.1,1943,8,"031012",15.5
145.46,-16.1,1943,9,"031012",178.2
145.46,-16.1,1943,10,"031012",173.8
145.46,-16.1,1943,11,"031012",35.3
145.46,-16.1,1943,12,"031012",142.2
145.46,-16.1,1944,1,"031012",454.1
145.46,-16.1,1944,2,"031012",966.3
145.46,-16.1,1944,3,"031012",390.1
145.46,-16.1,1944,4,"031012",129.6
145.46,-16.1,1944,5,"031012",21.5
145.46,-16.1,1944,6,"031012",224.7
145.46,-16.1,1944,7,"031012",206.7
145.46,-16.1,1944,8,"031012",76.5
145.46,-16.1,1944,9,"031012",130.9
145.46,-16.1,1944,10,"031012",33.8
145.46,-16.1,1944,11,"031012",1.3
145.46,-16.1,1944,12,"031012",180.4
145.46,-16.1,1945,1,"031012",812
145.46,-16.1,1945,2,"031012",669.8
145.46,-16.1,1945,3,"031012",1108.1
145.46,-16.1,1945,4,"031012",256.1
145.46,-16.1,1945,5,"031012",216.7
145.46,-16.1,1945,6,"031012",88.8
145.46,-16.1,1945,7,"031012",88.1
145.46,-16.1,1945,8,"031012",26
145.46,-16.1,1945,9,"031012",60.9
145.46,-16.1,1945,10,"031012",245
145.46,-16.1,1945,11,"031012",30.7
145.46,-16.1,1945,12,"031012",224.3
145.46,-16.1,1946,1,"031012",475.7
145.46,-16.1,1946,2,"031012",714.6
145.46,-16.1,1946,3,"031012",261.5
145.46,-16.1,1946,4,"031012",83.9
145.46,-16.1,1946,5,"031012",132.5
145.46,-16.1,1946,6,"031012",37.4
145.46,-16.1,1946,7,"031012",76.8
145.46,-16.1,1946,8,"031012",15.5
145.46,-16.1,1946,9,"031012",3.8
145.46,-16.1,1946,10,"031012",15.5
145.46,-16.1,1946,11,"031012",50.4
145.46,-16.1,1946,12,"031012",150
145.46,-16.1,1947,1,"031012",69.8
145.46,-16.1,1947,2,"031012",546.3
145.46,-16.1,1947,3,"031012",843.8
145.46,-16.1,1947,4,"031012",154.6
145.46,-16.1,1947,5,"031012",312.7
145.46,-16.1,1947,6,"031012",263.2
145.46,-16.1,1947,7,"031012",77.2
145.46,-16.1,1947,8,"031012",257.6
145.46,-16.1,1947,9,"031012",273.4
145.46,-16.1,1947,10,"031012",42.3
145.46,-16.1,1947,11,"031012",205.5
145.46,-16.1,1947,12,"031012",108.2
145.46,-16.1,1948,1,"031012",731.4
145.46,-16.1,1948,2,"031012",672.5
145.46,-16.1,1948,3,"031012",302.4
145.46,-16.1,1948,4,"031012",207.3
145.46,-16.1,1948,5,"031012",88.2
145.46,-16.1,1948,6,"031012",206.6
145.46,-16.1,1948,7,"031012",273.3
145.46,-16.1,1948,8,"031012",63.1
145.46,-16.1,1948,9,"031012",3.3
145.46,-16.1,1948,10,"031012",4.5
145.46,-16.1,1948,11,"031012",45.8
145.46,-16.1,1948,12,"031012",235
145.46,-16.1,1949,1,"031012",556.2
145.46,-16.1,1949,2,"031012",724
145.46,-16.1,1949,3,"031012",914.7
145.46,-16.1,1949,4,"031012",625.6
145.46,-16.1,1949,5,"031012",178.6
145.46,-16.1,1949,6,"031012",38.8
145.46,-16.1,1949,7,"031012",69.6
145.46,-16.1,1949,8,"031012",112.6
145.46,-16.1,1949,9,"031012",111.7
145.46,-16.1,1949,10,"031012",112.5
145.46,-16.1,1949,11,"031012",38.5
145.46,-16.1,1949,12,"031012",280.1
145.46,-16.1,1950,1,"031012",566.9
145.46,-16.1,1950,2,"031012",494.7
145.46,-16.1,1950,3,"031012",788.8
145.46,-16.1,1950,4,"031012",867
145.46,-16.1,1950,5,"031012",118.1
145.46,-16.1,1950,6,"031012",177.9
145.46,-16.1,1950,7,"031012",304.9
145.46,-16.1,1950,8,"031012",56.3
145.46,-16.1,1950,9,"031012",54.3
145.46,-16.1,1950,10,"031012",84.9
145.46,-16.1,1950,11,"031012",358.1
145.46,-16.1,1950,12,"031012",1339.1
145.46,-16.1,1951,1,"031012",727.3
145.46,-16.1,1951,2,"031012",361
145.46,-16.1,1951,3,"031012",312.2
145.46,-16.1,1951,4,"031012",53.3
145.46,-16.1,1951,5,"031012",262.5
145.46,-16.1,1951,6,"031012",39.4
145.46,-16.1,1951,7,"031012",NA
145.46,-16.1,1951,8,"031012",NA
145.46,-16.1,1951,9,"031012",NA
145.46,-16.1,1951,10,"031012",NA
145.46,-16.1,1951,11,"031012",NA
145.46,-16.1,1951,12,"031012",NA
145.46,-16.1,1959,1,"031012",529.2
145.46,-16.1,1959,2,"031012",755
145.46,-16.1,1959,3,"031012",1555.9
145.46,-16.1,1959,4,"031012",628.9
145.46,-16.1,1959,5,"031012",401.9
145.46,-16.1,1959,6,"031012",195
145.46,-16.1,1959,7,"031012",139.3
145.46,-16.1,1959,8,"031012",146.6
145.46,-16.1,1959,9,"031012",90.5
145.46,-16.1,1959,10,"031012",2.8
145.46,-16.1,1959,11,"031012",156
145.46,-16.1,1959,12,"031012",232.9
145.46,-16.1,1960,1,"031012",882.8
145.46,-16.1,1960,2,"031012",1002.4
145.46,-16.1,1960,3,"031012",1036
145.46,-16.1,1960,4,"031012",153.9
145.46,-16.1,1960,5,"031012",213.4
145.46,-16.1,1960,6,"031012",162.8
145.46,-16.1,1960,7,"031012",144.6
145.46,-16.1,1960,8,"031012",61.1
145.46,-16.1,1960,9,"031012",13.9
145.46,-16.1,1960,10,"031012",4.3
145.46,-16.1,1960,11,"031012",30.7
145.46,-16.1,1960,12,"031012",344.6
145.46,-16.1,1961,1,"031012",521
145.46,-16.1,1961,2,"031012",110.9
145.46,-16.1,1961,3,"031012",690.1
145.46,-16.1,1961,4,"031012",259.2
145.46,-16.1,1961,5,"031012",308.8
145.46,-16.1,1961,6,"031012",24.9
145.46,-16.1,1961,7,"031012",62.1
145.46,-16.1,1961,8,"031012",56
145.46,-16.1,1961,9,"031012",91.4
145.46,-16.1,1961,10,"031012",21.5
145.46,-16.1,1961,11,"031012",51.1
145.46,-16.1,1961,12,"031012",305.4
145.46,-16.1,1962,1,"031012",796.9
145.46,-16.1,1962,2,"031012",1279.1
145.46,-16.1,1962,3,"031012",716.2
145.46,-16.1,1962,4,"031012",618.4
145.46,-16.1,1962,5,"031012",174.1
145.46,-16.1,1962,6,"031012",265.4
145.46,-16.1,1962,7,"031012",148.4
145.46,-16.1,1962,8,"031012",20
145.46,-16.1,1962,9,"031012",274.6
145.46,-16.1,1962,10,"031012",4.6
145.46,-16.1,1962,11,"031012",188.9
145.46,-16.1,1962,12,"031012",280.3
145.46,-16.1,1963,1,"031012",1317.7
145.46,-16.1,1963,2,"031012",1487.9
145.46,-16.1,1963,3,"031012",308.7
145.46,-16.1,1963,4,"031012",1148
145.46,-16.1,1963,5,"031012",193.1
145.46,-16.1,1963,6,"031012",132.1
145.46,-16.1,1963,7,"031012",14.7
145.46,-16.1,1963,8,"031012",75
145.46,-16.1,1963,9,"031012",19.5
145.46,-16.1,1963,10,"031012",224.4
145.46,-16.1,1963,11,"031012",154.5
145.46,-16.1,1963,12,"031012",258.4
145.46,-16.1,1964,1,"031012",591.9
145.46,-16.1,1964,2,"031012",808.9
145.46,-16.1,1964,3,"031012",1400.6
145.46,-16.1,1964,4,"031012",276.8
145.46,-16.1,1964,5,"031012",817
145.46,-16.1,1964,6,"031012",40.3
145.46,-16.1,1964,7,"031012",161
145.46,-16.1,1964,8,"031012",116.6
145.46,-16.1,1964,9,"031012",125.2
145.46,-16.1,1964,10,"031012",433
145.46,-16.1,1964,11,"031012",324.7
145.46,-16.1,1964,12,"031012",758.4
145.46,-16.1,1965,1,"031012",882.5
145.46,-16.1,1965,2,"031012",589.8
145.46,-16.1,1965,3,"031012",1132.5
145.46,-16.1,1965,4,"031012",705.3
145.46,-16.1,1965,5,"031012",318.2
145.46,-16.1,1965,6,"031012",491.8
145.46,-16.1,1965,7,"031012",61.2
145.46,-16.1,1965,8,"031012",121.5
145.46,-16.1,1965,9,"031012",12.3
145.46,-16.1,1965,10,"031012",36.4
145.46,-16.1,1965,11,"031012",15.9
145.46,-16.1,1965,12,"031012",311.3
145.46,-16.1,1966,1,"031012",234.5
145.46,-16.1,1966,2,"031012",435.8
145.46,-16.1,1966,3,"031012",219.3
145.46,-16.1,1966,4,"031012",127.3
145.46,-16.1,1966,5,"031012",208.3
145.46,-16.1,1966,6,"031012",136.2
145.46,-16.1,1966,7,"031012",65.8
145.46,-16.1,1966,8,"031012",166.6
145.46,-16.1,1966,9,"031012",21.4
145.46,-16.1,1966,10,"031012",44.8
145.46,-16.1,1966,11,"031012",112.5
145.46,-16.1,1966,12,"031012",78.2
145.46,-16.1,1967,1,"031012",160.2
145.46,-16.1,1967,2,"031012",1055.7
145.46,-16.1,1967,3,"031012",884.5
145.46,-16.1,1967,4,"031012",200.4
145.46,-16.1,1967,5,"031012",428.5
145.46,-16.1,1967,6,"031012",387
145.46,-16.1,1967,7,"031012",103.5
145.46,-16.1,1967,8,"031012",112.5
145.46,-16.1,1967,9,"031012",28.5
145.46,-16.1,1967,10,"031012",73.3
145.46,-16.1,1967,11,"031012",169
145.46,-16.1,1967,12,"031012",281.3
145.46,-16.1,1968,1,"031012",1160.3
145.46,-16.1,1968,2,"031012",686.2
145.46,-16.1,1968,3,"031012",458.5
145.46,-16.1,1968,4,"031012",342.3
145.46,-16.1,1968,5,"031012",305.5
145.46,-16.1,1968,6,"031012",102.2
145.46,-16.1,1968,7,"031012",153
145.46,-16.1,1968,8,"031012",27.4
145.46,-16.1,1968,9,"031012",111
145.46,-16.1,1968,10,"031012",6.1
145.46,-16.1,1968,11,"031012",7.9
145.46,-16.1,1968,12,"031012",70.7
145.46,-16.1,1969,1,"031012",765.1
145.46,-16.1,1969,2,"031012",525.5
145.46,-16.1,1969,3,"031012",557.1
145.46,-16.1,1969,4,"031012",275.4
145.46,-16.1,1969,5,"031012",242.2
145.46,-16.1,1969,6,"031012",240.9
145.46,-16.1,1969,7,"031012",391.1
145.46,-16.1,1969,8,"031012",114.1
145.46,-16.1,1969,9,"031012",18.6
145.46,-16.1,1969,10,"031012",85
145.46,-16.1,1969,11,"031012",110.2
145.46,-16.1,1969,12,"031012",310.3
145.46,-16.1,1970,1,"031012",109.2
145.46,-16.1,1970,2,"031012",722.1
145.46,-16.1,1970,3,"031012",1036.2
145.46,-16.1,1970,4,"031012",408.6
145.46,-16.1,1970,5,"031012",141.7
145.46,-16.1,1970,6,"031012",125.4
145.46,-16.1,1970,7,"031012",2.3
145.46,-16.1,1970,8,"031012",94.8
145.46,-16.1,1970,9,"031012",78.6
145.46,-16.1,1970,10,"031012",162.2
145.46,-16.1,1970,11,"031012",436.8
145.46,-16.1,1970,12,"031012",377.8
145.46,-16.1,1971,1,"031012",171.4
145.46,-16.1,1971,2,"031012",855
145.46,-16.1,1971,3,"031012",1250.9
145.46,-16.1,1971,4,"031012",782.2
145.46,-16.1,1971,5,"031012",53.8
145.46,-16.1,1971,6,"031012",100.1
145.46,-16.1,1971,7,"031012",50.6
145.46,-16.1,1971,8,"031012",60.1
145.46,-16.1,1971,9,"031012",8.1
145.46,-16.1,1971,10,"031012",94.5
145.46,-16.1,1971,11,"031012",113.8
145.46,-16.1,1971,12,"031012",131.5
145.46,-16.1,1972,1,"031012",521.9
145.46,-16.1,1972,2,"031012",996.4
145.46,-16.1,1972,3,"031012",880.8
145.46,-16.1,1972,4,"031012",171.4
145.46,-16.1,1972,5,"031012",376.7
145.46,-16.1,1972,6,"031012",206.6
145.46,-16.1,1972,7,"031012",54.3
145.46,-16.1,1972,8,"031012",32.6
145.46,-16.1,1972,9,"031012",200.6
145.46,-16.1,1972,10,"031012",0.5
145.46,-16.1,1972,11,"031012",13.7
145.46,-16.1,1972,12,"031012",211
145.46,-16.1,1973,1,"031012",395.3
145.46,-16.1,1973,2,"031012",786.7
145.46,-16.1,1973,3,"031012",1013.5
145.46,-16.1,1973,4,"031012",823.7
145.46,-16.1,1973,5,"031012",312.7
145.46,-16.1,1973,6,"031012",204.9
145.46,-16.1,1973,7,"031012",129
145.46,-16.1,1973,8,"031012",39.8
145.46,-16.1,1973,9,"031012",318.6
145.46,-16.1,1973,10,"031012",101.7
145.46,-16.1,1973,11,"031012",771.4
145.46,-16.1,1973,12,"031012",1137.5
145.46,-16.1,1974,1,"031012",248.7
145.46,-16.1,1974,2,"031012",986
145.46,-16.1,1974,3,"031012",1323.9
145.46,-16.1,1974,4,"031012",204
145.46,-16.1,1974,5,"031012",218
145.46,-16.1,1974,6,"031012",36
145.46,-16.1,1974,7,"031012",2.6
145.46,-16.1,1974,8,"031012",52
145.46,-16.1,1974,9,"031012",129.2
145.46,-16.1,1974,10,"031012",77.8
145.46,-16.1,1974,11,"031012",31.7
145.46,-16.1,1974,12,"031012",121.2
145.46,-16.1,1975,1,"031012",504.4
145.46,-16.1,1975,2,"031012",1208.2
145.46,-16.1,1975,3,"031012",594
145.46,-16.1,1975,4,"031012",443.4
145.46,-16.1,1975,5,"031012",257
145.46,-16.1,1975,6,"031012",195.6
145.46,-16.1,1975,7,"031012",58.8
145.46,-16.1,1975,8,"031012",87.6
145.46,-16.1,1975,9,"031012",242.6
145.46,-16.1,1975,10,"031012",103.4
145.46,-16.1,1975,11,"031012",112.6
145.46,-16.1,1975,12,"031012",986.8
145.46,-16.1,1976,1,"031012",605.8
145.46,-16.1,1976,2,"031012",838
145.46,-16.1,1976,3,"031012",726.8
145.46,-16.1,1976,4,"031012",1176.8
145.46,-16.1,1976,5,"031012",224
145.46,-16.1,1976,6,"031012",86.6
145.46,-16.1,1976,7,"031012",106
145.46,-16.1,1976,8,"031012",71.8
145.46,-16.1,1976,9,"031012",8.6
145.46,-16.1,1976,10,"031012",23.2
145.46,-16.1,1976,11,"031012",74.4
145.46,-16.1,1976,12,"031012",442.8
145.46,-16.1,1977,1,"031012",552.8
145.46,-16.1,1977,2,"031012",1393.5
145.46,-16.1,1977,3,"031012",509.4
145.46,-16.1,1977,4,"031012",1284.8
145.46,-16.1,1977,5,"031012",373.6
145.46,-16.1,1977,6,"031012",60.8
145.46,-16.1,1977,7,"031012",65.4
145.46,-16.1,1977,8,"031012",69
145.46,-16.1,1977,9,"031012",59.8
145.46,-16.1,1977,10,"031012",25.4
145.46,-16.1,1977,11,"031012",125.8
145.46,-16.1,1977,12,"031012",204.8
145.46,-16.1,1978,1,"031012",636.6
145.46,-16.1,1978,2,"031012",589.2
145.46,-16.1,1978,3,"031012",233.4
145.46,-16.1,1978,4,"031012",798.8
145.46,-16.1,1978,5,"031012",438.6
145.46,-16.1,1978,6,"031012",39.4
145.46,-16.1,1978,7,"031012",49.6
145.46,-16.1,1978,8,"031012",122
145.46,-16.1,1978,9,"031012",78.4
145.46,-16.1,1978,10,"031012",198.4
145.46,-16.1,1978,11,"031012",82.2
145.46,-16.1,1978,12,"031012",121.4
145.46,-16.1,1979,1,"031012",1599
145.46,-16.1,1979,2,"031012",1003.4
145.46,-16.1,1979,3,"031012",723
145.46,-16.1,1979,4,"031012",840.4
145.46,-16.1,1979,5,"031012",259.6
145.46,-16.1,1979,6,"031012",133.4
145.46,-16.1,1979,7,"031012",96.6
145.46,-16.1,1979,8,"031012",53.2
145.46,-16.1,1979,9,"031012",22.8
145.46,-16.1,1979,10,"031012",26
145.46,-16.1,1979,11,"031012",65.4
145.46,-16.1,1979,12,"031012",131
145.46,-16.1,1980,1,"031012",328.2
145.46,-16.1,1980,2,"031012",926.4
145.46,-16.1,1980,3,"031012",938.6
145.46,-16.1,1980,4,"031012",685.5
145.46,-16.1,1980,5,"031012",344.8
145.46,-16.1,1980,6,"031012",220.4
145.46,-16.1,1980,7,"031012",101.8
145.46,-16.1,1980,8,"031012",203.2
145.46,-16.1,1980,9,"031012",0
145.46,-16.1,1980,10,"031012",37.4
145.46,-16.1,1980,11,"031012",130.2
145.46,-16.1,1980,12,"031012",350.4
145.46,-16.1,1981,1,"031012",2430.4
145.46,-16.1,1981,2,"031012",569.2
145.46,-16.1,1981,3,"031012",203.7
145.46,-16.1,1981,4,"031012",334.2
145.46,-16.1,1981,5,"031012",459.3
145.46,-16.1,1981,6,"031012",13.2
145.46,-16.1,1981,7,"031012",142.9
145.46,-16.1,1981,8,"031012",13.3
145.46,-16.1,1981,9,"031012",240.5
145.46,-16.1,1981,10,"031012",163.6
145.46,-16.1,1981,11,"031012",72.7
145.46,-16.1,1981,12,"031012",136.4
145.46,-16.1,1982,1,"031012",223.4
145.46,-16.1,1982,2,"031012",350.5
145.46,-16.1,1982,3,"031012",674.5
145.46,-16.1,1982,4,"031012",761.8
145.46,-16.1,1982,5,"031012",237
145.46,-16.1,1982,6,"031012",175.5
145.46,-16.1,1982,7,"031012",11
145.46,-16.1,1982,8,"031012",336.5
145.46,-16.1,1982,9,"031012",91.6
145.46,-16.1,1982,10,"031012",15
145.46,-16.1,1982,11,"031012",42.1
145.46,-16.1,1982,12,"031012",181.3
145.46,-16.1,1983,1,"031012",232.6
145.46,-16.1,1983,2,"031012",238.8
145.46,-16.1,1983,3,"031012",1610.4
145.46,-16.1,1983,4,"031012",510.4
145.46,-16.1,1983,5,"031012",540.8
145.46,-16.1,1983,6,"031012",131.7
145.46,-16.1,1983,7,"031012",77.5
145.46,-16.1,1983,8,"031012",184.1
145.46,-16.1,1983,9,"031012",127.7
145.46,-16.1,1983,10,"031012",5
145.46,-16.1,1983,11,"031012",171
145.46,-16.1,1983,12,"031012",567.4
145.46,-16.1,1984,1,"031012",537.6
145.46,-16.1,1984,2,"031012",1490.2
145.46,-16.1,1984,3,"031012",352
145.46,-16.1,1984,4,"031012",308.5
145.46,-16.1,1984,5,"031012",433
145.46,-16.1,1984,6,"031012",286.8
145.46,-16.1,1984,7,"031012",90
145.46,-16.1,1984,8,"031012",14
145.46,-16.1,1984,9,"031012",0
145.46,-16.1,1984,10,"031012",99.6
145.46,-16.1,1984,11,"031012",243.8
145.46,-16.1,1984,12,"031012",357.6
145.46,-16.1,1985,1,"031012",695.7
145.46,-16.1,1985,2,"031012",636
145.46,-16.1,1985,3,"031012",1569
145.46,-16.1,1985,4,"031012",495.7
145.46,-16.1,1985,5,"031012",406.1
145.46,-16.1,1985,6,"031012",44.5
145.46,-16.1,1985,7,"031012",93.7
145.46,-16.1,1985,8,"031012",40.6
145.46,-16.1,1985,9,"031012",109
145.46,-16.1,1985,10,"031012",129.2
145.46,-16.1,1985,11,"031012",198.5
145.46,-16.1,1985,12,"031012",38.9
145.46,-16.1,1986,1,"031012",975.3
145.46,-16.1,1986,2,"031012",110.5
145.46,-16.1,1986,3,"031012",821.9
145.46,-16.1,1986,4,"031012",1101
145.46,-16.1,1986,5,"031012",229.5
145.46,-16.1,1986,6,"031012",483.7
145.46,-16.1,1986,7,"031012",100.6
145.46,-16.1,1986,8,"031012",141.4
145.46,-16.1,1986,9,"031012",141.4
145.46,-16.1,1986,10,"031012",85.6
145.46,-16.1,1986,11,"031012",59
145.46,-16.1,1986,12,"031012",73.4
145.46,-16.1,1987,1,"031012",79.4
145.46,-16.1,1987,2,"031012",963.5
145.46,-16.1,1987,3,"031012",388.3
145.46,-16.1,1987,4,"031012",395.3
145.46,-16.1,1987,5,"031012",306.2
145.46,-16.1,1987,6,"031012",386.1
145.46,-16.1,1987,7,"031012",141.8
145.46,-16.1,1987,8,"031012",110.2
145.46,-16.1,1987,9,"031012",232
145.46,-16.1,1987,10,"031012",16.3
145.46,-16.1,1987,11,"031012",198
145.46,-16.1,1987,12,"031012",288.9
145.46,-16.1,1988,1,"031012",215.5
145.46,-16.1,1988,2,"031012",560.3
145.46,-16.1,1988,3,"031012",886.6
145.46,-16.1,1988,4,"031012",387.6
145.46,-16.1,1988,5,"031012",211
145.46,-16.1,1988,6,"031012",143.5
145.46,-16.1,1988,7,"031012",251.2
145.46,-16.1,1988,8,"031012",212.7
145.46,-16.1,1988,9,"031012",53.9
145.46,-16.1,1988,10,"031012",75.1
145.46,-16.1,1988,11,"031012",563.2
145.46,-16.1,1988,12,"031012",689.9
145.46,-16.1,1989,1,"031012",527.5
145.46,-16.1,1989,2,"031012",386.3
145.46,-16.1,1989,3,"031012",1003.5
145.46,-16.1,1989,4,"031012",765.7
145.46,-16.1,1989,5,"031012",557
145.46,-16.1,1989,6,"031012",126.6
145.46,-16.1,1989,7,"031012",213.1
145.46,-16.1,1989,8,"031012",14
145.46,-16.1,1989,9,"031012",17.5
145.46,-16.1,1989,10,"031012",125.5
145.46,-16.1,1989,11,"031012",662.4
145.46,-16.1,1989,12,"031012",139.2
145.46,-16.1,1990,1,"031012",254.1
145.46,-16.1,1990,2,"031012",196
145.46,-16.1,1990,3,"031012",636.6
145.46,-16.1,1990,4,"031012",897.3
145.46,-16.1,1990,5,"031012",656.2
145.46,-16.1,1990,6,"031012",307.7
145.46,-16.1,1990,7,"031012",205
145.46,-16.1,1990,8,"031012",6.5
145.46,-16.1,1990,9,"031012",145.7
145.46,-16.1,1990,10,"031012",10.5
145.46,-16.1,1990,11,"031012",17.1
145.46,-16.1,1990,12,"031012",374.2
145.46,-16.1,1991,1,"031012",925.2
145.46,-16.1,1991,2,"031012",1052.8
145.46,-16.1,1991,3,"031012",128.4
145.46,-16.1,1991,4,"031012",448.2
145.46,-16.1,1991,5,"031012",282.8
145.46,-16.1,1991,6,"031012",33.5
145.46,-16.1,1991,7,"031012",146.5
145.46,-16.1,1991,8,"031012",52.9
145.46,-16.1,1991,9,"031012",11.2
145.46,-16.1,1991,10,"031012",5.2
145.46,-16.1,1991,11,"031012",41.6
145.46,-16.1,1991,12,"031012",41.9
145.46,-16.1,1992,1,"031012",89.7
145.46,-16.1,1992,2,"031012",366.4
145.46,-16.1,1992,3,"031012",337.3
145.46,-16.1,1992,4,"031012",603.1
145.46,-16.1,1992,5,"031012",265.4
145.46,-16.1,1992,6,"031012",56.3
145.46,-16.1,1992,7,"031012",111.6
145.46,-16.1,1992,8,"031012",127.1
145.46,-16.1,1992,9,"031012",117.3
145.46,-16.1,1992,10,"031012",52.6
145.46,-16.1,1992,11,"031012",31
145.46,-16.1,1992,12,"031012",650.6
145.46,-16.1,1993,1,"031012",835.6
145.46,-16.1,1993,2,"031012",757.4
145.46,-16.1,1993,3,"031012",167.2
145.46,-16.1,1993,4,"031012",439.3
145.46,-16.1,1993,5,"031012",335.2
145.46,-16.1,1993,6,"031012",133.8
145.46,-16.1,1993,7,"031012",187.4
145.46,-16.1,1993,8,"031012",149.6
145.46,-16.1,1993,9,"031012",129.2
145.46,-16.1,1993,10,"031012",44.2
145.46,-16.1,1993,11,"031012",102.4
145.46,-16.1,1993,12,"031012",232.9
145.46,-16.1,1994,1,"031012",614.6
145.46,-16.1,1994,2,"031012",952
145.46,-16.1,1994,3,"031012",328.2
145.46,-16.1,1994,4,"031012",460.8
145.46,-16.1,1994,5,"031012",289.5
145.46,-16.1,1994,6,"031012",75
145.46,-16.1,1994,7,"031012",234.2
145.46,-16.1,1994,8,"031012",111.6
145.46,-16.1,1994,9,"031012",35.2
145.46,-16.1,1994,10,"031012",34.8
145.46,-16.1,1994,11,"031012",63.4
145.46,-16.1,1994,12,"031012",88.6
145.46,-16.1,1995,1,"031012",175.6
145.46,-16.1,1995,2,"031012",870.4
145.46,-16.1,1995,3,"031012",1229.9
145.46,-16.1,1995,4,"031012",277.3
145.46,-16.1,1995,5,"031012",430
145.46,-16.1,1995,6,"031012",169.6
145.46,-16.1,1995,7,"031012",10.6
145.46,-16.1,1995,8,"031012",302.2
145.46,-16.1,1995,9,"031012",14.8
145.46,-16.1,1995,10,"031012",279.6
145.46,-16.1,1995,11,"031012",52.8
145.46,-16.1,1995,12,"031012",242.4
145.46,-16.1,1996,1,"031012",700.4
145.46,-16.1,1996,2,"031012",445.2
145.46,-16.1,1996,3,"031012",1551.2
145.46,-16.1,1996,4,"031012",336.8
145.46,-16.1,1996,5,"031012",227.2
145.46,-16.1,1996,6,"031012",84.8
145.46,-16.1,1996,7,"031012",138
145.46,-16.1,1996,8,"031012",40
145.46,-16.1,1996,9,"031012",26
145.46,-16.1,1996,10,"031012",347
145.46,-16.1,1996,11,"031012",9.6
145.46,-16.1,1996,12,"031012",468.2
145.46,-16.1,1997,1,"031012",759.4
145.46,-16.1,1997,2,"031012",636.8
145.46,-16.1,1997,3,"031012",485
145.46,-16.1,1997,4,"031012",297
145.46,-16.1,1997,5,"031012",137
145.46,-16.1,1997,6,"031012",292.2
145.46,-16.1,1997,7,"031012",205
145.46,-16.1,1997,8,"031012",172.8
145.46,-16.1,1997,9,"031012",90.8
145.46,-16.1,1997,10,"031012",169.8
145.46,-16.1,1997,11,"031012",216.2
145.46,-16.1,1997,12,"031012",570.6
145.46,-16.1,1998,1,"031012",702
145.46,-16.1,1998,2,"031012",547.8
145.46,-16.1,1998,3,"031012",422.6
145.46,-16.1,1998,4,"031012",362
145.46,-16.1,1998,5,"031012",357
145.46,-16.1,1998,6,"031012",114.2
145.46,-16.1,1998,7,"031012",187.2
145.46,-16.1,1998,8,"031012",169.4
145.46,-16.1,1998,9,"031012",198.8
145.46,-16.1,1998,10,"031012",187.6
145.46,-16.1,1998,11,"031012",298.8
145.46,-16.1,1998,12,"031012",NA
145.46,-16.1,1999,1,"031012",674.8
145.46,-16.1,1999,2,"031012",756.4
145.46,-16.1,1999,3,"031012",1297
145.46,-16.1,1999,4,"031012",1123.4
145.46,-16.1,1999,5,"031012",132.4
145.46,-16.1,1999,6,"031012",90.2
145.46,-16.1,1999,7,"031012",67.8
145.46,-16.1,1999,8,"031012",201.4
145.46,-16.1,1999,9,"031012",100.8
145.46,-16.1,1999,10,"031012",39
145.46,-16.1,1999,11,"031012",841.6
145.46,-16.1,1999,12,"031012",683.2
145.46,-16.1,2000,1,"031012",730.2
145.46,-16.1,2000,2,"031012",862.8
145.46,-16.1,2000,3,"031012",703.6
145.46,-16.1,2000,4,"031012",1111.4
145.46,-16.1,2000,5,"031012",144
145.46,-16.1,2000,6,"031012",141.4
145.46,-16.1,2000,7,"031012",67.8
145.46,-16.1,2000,8,"031012",87.8
145.46,-16.1,2000,9,"031012",39.2
145.46,-16.1,2000,10,"031012",227.8
145.46,-16.1,2000,11,"031012",1131.8
145.46,-16.1,2000,12,"031012",775
145.46,-16.1,2001,1,"031012",NA
145.46,-16.1,2001,2,"031012",834
145.46,-16.1,2001,3,"031012",678.6
145.46,-16.1,2001,4,"031012",318.4
145.46,-16.1,2001,5,"031012",99.4
145.46,-16.1,2001,6,"031012",219
145.46,-16.1,2001,7,"031012",33.8
145.46,-16.1,2001,8,"031012",43.4
145.46,-16.1,2001,9,"031012",69
145.46,-16.1,2001,10,"031012",103.2
145.46,-16.1,2001,11,"031012",93
145.46,-16.1,2001,12,"031012",43.4
145.46,-16.1,2002,1,"031012",604.6
145.46,-16.1,2002,2,"031012",323.8
145.46,-16.1,2002,3,"031012",488
145.46,-16.1,2002,4,"031012",229
145.46,-16.1,2002,5,"031012",NA
145.46,-16.1,2002,6,"031012",36.2
145.46,-16.1,2002,7,"031012",97.6
145.46,-16.1,2002,8,"031012",181.4
145.46,-16.1,2002,9,"031012",81.4
145.46,-16.1,2002,10,"031012",3
145.46,-16.1,2002,11,"031012",34.2
145.46,-16.1,2002,12,"031012",159.8
145.46,-16.1,2003,1,"031012",333
145.46,-16.1,2003,2,"031012",294.2
145.46,-16.1,2003,3,"031012",449.2
145.46,-16.1,2003,4,"031012",427.8
145.46,-16.1,2003,5,"031012",191.8
145.46,-16.1,2003,6,"031012",194.6
145.46,-16.1,2003,7,"031012",134.2
145.46,-16.1,2003,8,"031012",91.5
145.46,-16.1,2003,9,"031012",13.8
145.46,-16.1,2003,10,"031012",7.6
145.46,-16.1,2003,11,"031012",24
145.46,-16.1,2003,12,"031012",392.2
145.46,-16.1,2004,1,"031012",384.2
145.46,-16.1,2004,2,"031012",976.8
145.46,-16.1,2004,3,"031012",1660.2
145.46,-16.1,2004,4,"031012",657.8
145.46,-16.1,2004,5,"031012",191.8
145.46,-16.1,2004,6,"031012",128.8
145.46,-16.1,2004,7,"031012",90
145.46,-16.1,2004,8,"031012",19.8
145.46,-16.1,2004,9,"031012",36.8
145.46,-16.1,2004,10,"031012",94.8
145.46,-16.1,2004,11,"031012",227.2
145.46,-16.1,2004,12,"031012",522.6
145.46,-16.1,2005,1,"031012",629.2
145.46,-16.1,2005,2,"031012",199.8
145.46,-16.1,2005,3,"031012",674.6
145.46,-16.1,2005,4,"031012",317
145.46,-16.1,2005,5,"031012",74
145.46,-16.1,2005,6,"031012",252.8
145.46,-16.1,2005,7,"031012",165.8
145.46,-16.1,2005,8,"031012",165.8
145.46,-16.1,2005,9,"031012",32.6
145.46,-16.1,2005,10,"031012",64.8
145.46,-16.1,2005,11,"031012",10.8
145.46,-16.1,2005,12,"031012",150.8
145.46,-16.1,2006,1,"031012",884.6
145.46,-16.1,2006,2,"031012",636.8
145.46,-16.1,2006,3,"031012",1623.2
145.46,-16.1,2006,4,"031012",1176.4
145.46,-16.1,2006,5,"031012",461.6
145.46,-16.1,2006,6,"031012",179.2
145.46,-16.1,2006,7,"031012",461.2
145.46,-16.1,2006,8,"031012",45.8
145.46,-16.1,2006,9,"031012",121.6
145.46,-16.1,2006,10,"031012",89.4
145.46,-16.1,2006,11,"031012",27.4
145.46,-16.1,2006,12,"031012",237.4
145.46,-16.1,2007,1,"031012",325.4
145.46,-16.1,2007,2,"031012",993.4
145.46,-16.1,2007,3,"031012",457.4
145.46,-16.1,2007,4,"031012",NA
145.46,-16.1,2007,5,"031012",441.8
145.46,-16.1,2007,6,"031012",338.4
145.46,-16.1,2007,7,"031012",54.2
145.46,-16.1,2007,8,"031012",122.2
145.46,-16.1,2007,9,"031012",42.6
145.46,-16.1,2007,10,"031012",73.4
145.46,-16.1,2007,11,"031012",379.8
145.46,-16.1,2007,12,"031012",824.6
145.46,-16.1,2008,1,"031012",452.6
145.46,-16.1,2008,2,"031012",643.2
145.46,-16.1,2008,3,"031012",1579.2
145.46,-16.1,2008,4,"031012",143
145.46,-16.1,2008,5,"031012",169.8
145.46,-16.1,2008,6,"031012",102.2
145.46,-16.1,2008,7,"031012",165.6
145.46,-16.1,2008,8,"031012",21
145.46,-16.1,2008,9,"031012",NA
145.46,-16.1,2008,10,"031012",127.8
145.46,-16.1,2008,11,"031012",49.4
145.46,-16.1,2008,12,"031012",222.4
145.46,-16.1,2009,1,"031012",1284
145.46,-16.1,2009,2,"031012",745
145.46,-16.1,2009,3,"031012",287.8
145.46,-16.1,2009,4,"031012",328
145.46,-16.1,2009,5,"031012",281.4
145.46,-16.1,2009,6,"031012",73.8
145.46,-16.1,2009,7,"031012",88.4
145.46,-16.1,2009,8,"031012",44
145.46,-16.1,2009,9,"031012",9.4
145.46,-16.1,2009,10,"031012",35.2
145.46,-16.1,2009,11,"031012",268
145.46,-16.1,2009,12,"031012",178.8
145.46,-16.1,2010,1,"031012",793.4
145.46,-16.1,2010,2,"031012",653.6
145.46,-16.1,2010,3,"031012",1078.4
145.46,-16.1,2010,4,"031012",1153
145.46,-16.1,2010,5,"031012",130.4
145.46,-16.1,2010,6,"031012",119
145.46,-16.1,2010,7,"031012",212.8
145.46,-16.1,2010,8,"031012",291.4
145.46,-16.1,2010,9,"031012",256.6
145.46,-16.1,2010,10,"031012",538.6
145.46,-16.1,2010,11,"031012",690.2
145.46,-16.1,2010,12,"031012",738.2
145.46,-16.1,2011,1,"031012",652.6
145.46,-16.1,2011,2,"031012",NA
145.46,-16.1,2011,3,"031012",761
145.46,-16.1,2011,4,"031012",526
145.46,-16.1,2011,5,"031012",56.2
145.46,-16.1,2011,6,"031012",155.6
145.46,-16.1,2011,7,"031012",100.6
145.46,-16.1,2011,8,"031012",73
145.46,-16.1,2011,9,"031012",97
145.46,-16.1,2011,10,"031012",175.4
145.46,-16.1,2011,11,"031012",102.6
145.46,-16.1,2011,12,"031012",588.4
145.46,-16.1,2012,1,"031012",543.8
145.46,-16.1,2012,2,"031012",490.4
145.46,-16.1,2012,3,"031012",1417.4
145.46,-16.1,2012,4,"031012",317.8
145.46,-16.1,2012,5,"031012",262
145.46,-16.1,2012,6,"031012",46.8
145.46,-16.1,2012,7,"031012",171.4
145.46,-16.1,2012,8,"031012",85.2
145.46,-16.1,2012,9,"031012",69.4
145.46,-16.1,2012,10,"031012",90
145.46,-16.1,2012,11,"031012",11
145.46,-16.1,2012,12,"031012",103.4
145.46,-16.1,2013,1,"031012",525.8
145.46,-16.1,2013,2,"031012",231.8
145.46,-16.1,2013,3,"031012",634
145.46,-16.1,2013,4,"031012",702.8
145.46,-16.1,2013,5,"031012",NA
145.46,-16.1,2013,6,"031012",77.4
145.46,-16.1,2013,7,"031012",137
145.46,-16.1,2013,8,"031012",56
145.46,-16.1,2013,9,"031012",78
145.46,-16.1,2013,10,"031012",101.4
145.46,-16.1,2013,11,"031012",171.8
145.46,-16.1,2013,12,"031012",125.4
145.46,-16.1,2014,1,"031012",553
145.46,-16.1,2014,2,"031012",1087.6
145.46,-16.1,2014,3,"031012",1414.6
145.46,-16.1,2014,4,"031012",891.4
145.46,-16.1,2014,5,"031012",328.4
145.46,-16.1,2014,6,"031012",268.6
145.46,-16.1,2014,7,"031012",26
145.46,-16.1,2014,8,"031012",116
145.46,-16.1,2014,9,"031012",5.4
145.46,-16.1,2014,10,"031012",13.8
145.46,-16.1,2014,11,"031012",46.8
145.46,-16.1,2014,12,"031012",85.4
145.46,-16.1,2015,1,"031012",611.4
145.46,-16.1,2015,2,"031012",582.2
145.46,-16.1,2015,3,"031012",599.2
145.46,-16.1,2015,4,"031012",299
145.46,-16.1,2015,5,"031012",97.4
145.46,-16.1,2015,6,"031012",NA
145.46,-16.1,2015,7,"031012",68.4
145.46,-16.1,2015,8,"031012",31.8
145.46,-16.1,2015,9,"031012",87
145.46,-16.1,2015,10,"031012",86.6
145.46,-16.1,2015,11,"031012",NA
145.46,-16.1,2015,12,"031012",784.2
145.46,-16.1,2016,1,"031012",224.4
145.46,-16.1,2016,2,"031012",NA
145.46,-16.1,2016,3,"031012",597
145.46,-16.1,2016,4,"031012",530.6
145.46,-16.1,2016,5,"031012",557.8
145.46,-16.1,2016,6,"031012",267.2
145.46,-16.1,2016,7,"031012",130
145.46,-16.1,2016,8,"031012",228
145.46,-16.1,2016,9,"031012",69.6
145.46,-16.1,2016,10,"031012",74.2
145.46,-16.1,2016,11,"031012",12.6
145.46,-16.1,2016,12,"031012",80.4
145.46,-16.1,2017,1,"031012",458.6
145.46,-16.1,2017,2,"031012",1145.6
145.46,-16.1,2017,3,"031012",459.4
145.46,-16.1,2017,4,"031012",324.2
145.46,-16.1,2017,5,"031012",NA
145.46,-16.1,2017,6,"031012",132
145.46,-16.1,2017,7,"031012",198.6
145.46,-16.1,2017,8,"031012",32.8
145.46,-16.1,2017,9,"031012",61.2
145.46,-16.1,2017,10,"031012",227.4
145.46,-16.1,2017,11,"031012",330.8
145.46,-16.1,2017,12,"031012",75.2
145.46,-16.1,2018,1,"031012",1170.8
145.46,-16.1,2018,2,"031012",600.2
145.46,-16.1,2018,3,"031012",923.8
145.46,-16.1,2018,4,"031012",181.2
145.46,-16.1,2018,5,"031012",342.4
145.46,-16.1,2018,6,"031012",109.2
145.46,-16.1,2018,7,"031012",208.8
145.46,-16.1,2018,8,"031012",12
145.46,-16.1,2018,9,"031012",45.6
145.46,-16.1,2018,10,"031012",28.8
145.46,-16.1,2018,11,"031012",44.6
145.46,-16.1,2018,12,"031012",1444.7
145.46,-16.1,2019,1,"031012",1013.6
145.46,-16.1,2019,2,"031012",309.6
145.46,-16.1,2019,3,"031012",1043.6
145.46,-16.1,2019,4,"031012",494
145.46,-16.1,2019,5,"031012",282
145.46,-16.1,2019,6,"031012",116.8
145.46,-16.1,2019,7,"031012",121.4
145.46,-16.1,2019,8,"031012",61.2
145.46,-16.1,2019,9,"031012",15.2
145.46,-16.1,2019,10,"031012",80.4
145.46,-16.1,2019,11,"031012",1.6
145.46,-16.1,2019,12,"031012",137.4
145.46,-16.1,2020,1,"031012",NA
145.46,-16.1,2020,2,"031012",312.6
145.46,-16.1,2020,3,"031012",488.4
145.46,-16.1,2020,4,"031012",191.2
145.46,-16.1,2020,5,"031012",NA
145.46,-16.1,2020,6,"031012",126.4
145.46,-16.1,2020,7,"031012",74.4
145.46,-16.1,2020,8,"031012",96
145.46,-16.1,2020,9,"031012",98.4
145.46,-16.1,2020,10,"031012",20.2
145.46,-16.1,2020,11,"031012",136.6
145.46,-16.1,2020,12,"031012",215.4
145.46,-16.1,2021,1,"031012",1494.6
145.46,-16.1,2021,2,"031012",666
145.46,-16.1,2021,3,"031012",423.5
145.46,-16.1,2021,4,"031012",883.2
145.46,-16.1,2021,5,"031012",180.2
145.46,-16.1,2021,6,"031012",112
145.46,-16.1,2021,7,"031012",180
145.46,-16.1,2021,8,"031012",167.6
145.46,-16.1,2021,9,"031012",62.8
145.46,-16.1,2021,10,"031012",0
145.46,-16.1,2021,11,"031012",254
145.46,-16.1,2021,12,"031012",345.2
145.46,-16.1,2022,1,"031012",595
145.46,-16.1,2022,2,"031012",NA
145.46,-16.1,2022,3,"031012",NA
145.46,-16.1,2022,4,"031012",NA
145.46,-16.1,2022,5,"031012",NA
145.46,-16.1,2022,6,"031012",NA
145.46,-16.1,2022,7,"031012",NA
145.46,-16.1,2022,8,"031012",NA
145.46,-16.1,2022,9,"031012",NA
145.46,-16.1,2022,10,"031012",NA
145.46,-16.1,2022,11,"031012",NA
145.46,-16.1,2022,12,"031012",NA
