"Lon","Lat","Year","Month","Station","Rain"
120.2,-20.67,1898,1,"004046",48
120.2,-20.67,1898,2,"004046",71.6
120.2,-20.67,1898,3,"004046",24.9
120.2,-20.67,1898,4,"004046",223.8
120.2,-20.67,1898,5,"004046",39.9
120.2,-20.67,1898,6,"004046",33
120.2,-20.67,1898,7,"004046",0
120.2,-20.67,1898,8,"004046",0
120.2,-20.67,1898,9,"004046",0
120.2,-20.67,1898,10,"004046",0
120.2,-20.67,1898,11,"004046",28.2
120.2,-20.67,1898,12,"004046",66.5
120.2,-20.67,1899,1,"004046",88.4
120.2,-20.67,1899,2,"004046",70.4
120.2,-20.67,1899,3,"004046",414
120.2,-20.67,1899,4,"004046",0
120.2,-20.67,1899,5,"004046",0
120.2,-20.67,1899,6,"004046",61.7
120.2,-20.67,1899,7,"004046",0
120.2,-20.67,1899,8,"004046",0
120.2,-20.67,1899,9,"004046",0
120.2,-20.67,1899,10,"004046",0
120.2,-20.67,1899,11,"004046",0
120.2,-20.67,1899,12,"004046",77
120.2,-20.67,1900,1,"004046",21.6
120.2,-20.67,1900,2,"004046",15.2
120.2,-20.67,1900,3,"004046",165.6
120.2,-20.67,1900,4,"004046",66
120.2,-20.67,1900,5,"004046",10.2
120.2,-20.67,1900,6,"004046",12.2
120.2,-20.67,1900,7,"004046",45
120.2,-20.67,1900,8,"004046",0
120.2,-20.67,1900,9,"004046",0
120.2,-20.67,1900,10,"004046",0
120.2,-20.67,1900,11,"004046",0
120.2,-20.67,1900,12,"004046",20.1
120.2,-20.67,1901,1,"004046",47.8
120.2,-20.67,1901,2,"004046",156.5
120.2,-20.67,1901,3,"004046",130.8
120.2,-20.67,1901,4,"004046",0
120.2,-20.67,1901,5,"004046",0
120.2,-20.67,1901,6,"004046",41.9
120.2,-20.67,1901,7,"004046",66
120.2,-20.67,1901,8,"004046",0
120.2,-20.67,1901,9,"004046",0
120.2,-20.67,1901,10,"004046",0
120.2,-20.67,1901,11,"004046",3.8
120.2,-20.67,1901,12,"004046",29.7
120.2,-20.67,1902,1,"004046",143
120.2,-20.67,1902,2,"004046",101.6
120.2,-20.67,1902,3,"004046",2.5
120.2,-20.67,1902,4,"004046",0
120.2,-20.67,1902,5,"004046",0
120.2,-20.67,1902,6,"004046",12.7
120.2,-20.67,1902,7,"004046",0
120.2,-20.67,1902,8,"004046",1.5
120.2,-20.67,1902,9,"004046",0
120.2,-20.67,1902,10,"004046",0
120.2,-20.67,1902,11,"004046",14.2
120.2,-20.67,1902,12,"004046",0
120.2,-20.67,1903,1,"004046",22.6
120.2,-20.67,1903,2,"004046",68.3
120.2,-20.67,1903,3,"004046",35.6
120.2,-20.67,1903,4,"004046",19.6
120.2,-20.67,1903,5,"004046",0
120.2,-20.67,1903,6,"004046",1.3
120.2,-20.67,1903,7,"004046",0
120.2,-20.67,1903,8,"004046",0
120.2,-20.67,1903,9,"004046",0
120.2,-20.67,1903,10,"004046",0
120.2,-20.67,1903,11,"004046",0
120.2,-20.67,1903,12,"004046",8.4
120.2,-20.67,1904,1,"004046",41.9
120.2,-20.67,1904,2,"004046",33.5
120.2,-20.67,1904,3,"004046",94.7
120.2,-20.67,1904,4,"004046",6.6
120.2,-20.67,1904,5,"004046",3
120.2,-20.67,1904,6,"004046",28.7
120.2,-20.67,1904,7,"004046",78.7
120.2,-20.67,1904,8,"004046",15.2
120.2,-20.67,1904,9,"004046",8.1
120.2,-20.67,1904,10,"004046",0
120.2,-20.67,1904,11,"004046",0
120.2,-20.67,1904,12,"004046",9.1
120.2,-20.67,1905,1,"004046",23.1
120.2,-20.67,1905,2,"004046",15.2
120.2,-20.67,1905,3,"004046",16.8
120.2,-20.67,1905,4,"004046",12.7
120.2,-20.67,1905,5,"004046",22.4
120.2,-20.67,1905,6,"004046",29.2
120.2,-20.67,1905,7,"004046",6.4
120.2,-20.67,1905,8,"004046",29.2
120.2,-20.67,1905,9,"004046",8.1
120.2,-20.67,1905,10,"004046",0
120.2,-20.67,1905,11,"004046",0
120.2,-20.67,1905,12,"004046",66.5
120.2,-20.67,1906,1,"004046",148.1
120.2,-20.67,1906,2,"004046",143.5
120.2,-20.67,1906,3,"004046",3
120.2,-20.67,1906,4,"004046",7.6
120.2,-20.67,1906,5,"004046",0
120.2,-20.67,1906,6,"004046",77.5
120.2,-20.67,1906,7,"004046",19.1
120.2,-20.67,1906,8,"004046",36.8
120.2,-20.67,1906,9,"004046",3.8
120.2,-20.67,1906,10,"004046",0
120.2,-20.67,1906,11,"004046",3.3
120.2,-20.67,1906,12,"004046",39.4
120.2,-20.67,1907,1,"004046",265.5
120.2,-20.67,1907,2,"004046",55.6
120.2,-20.67,1907,3,"004046",109.2
120.2,-20.67,1907,4,"004046",0
120.2,-20.67,1907,5,"004046",0
120.2,-20.67,1907,6,"004046",8.2
120.2,-20.67,1907,7,"004046",22.9
120.2,-20.67,1907,8,"004046",0
120.2,-20.67,1907,9,"004046",0
120.2,-20.67,1907,10,"004046",0
120.2,-20.67,1907,11,"004046",0
120.2,-20.67,1907,12,"004046",0
120.2,-20.67,1908,1,"004046",13.2
120.2,-20.67,1908,2,"004046",78.7
120.2,-20.67,1908,3,"004046",0
120.2,-20.67,1908,4,"004046",20.3
120.2,-20.67,1908,5,"004046",36.1
120.2,-20.67,1908,6,"004046",90.4
120.2,-20.67,1908,7,"004046",18.5
120.2,-20.67,1908,8,"004046",0
120.2,-20.67,1908,9,"004046",0
120.2,-20.67,1908,10,"004046",0
120.2,-20.67,1908,11,"004046",0
120.2,-20.67,1908,12,"004046",113
120.2,-20.67,1909,1,"004046",0
120.2,-20.67,1909,2,"004046",88.2
120.2,-20.67,1909,3,"004046",0
120.2,-20.67,1909,4,"004046",22
120.2,-20.67,1909,5,"004046",0
120.2,-20.67,1909,6,"004046",169
120.2,-20.67,1909,7,"004046",0
120.2,-20.67,1909,8,"004046",0
120.2,-20.67,1909,9,"004046",0
120.2,-20.67,1909,10,"004046",0
120.2,-20.67,1909,11,"004046",48.5
120.2,-20.67,1909,12,"004046",12.7
120.2,-20.67,1910,1,"004046",6.4
120.2,-20.67,1910,2,"004046",107.3
120.2,-20.67,1910,3,"004046",6.4
120.2,-20.67,1910,4,"004046",0
120.2,-20.67,1910,5,"004046",63.1
120.2,-20.67,1910,6,"004046",65
120.2,-20.67,1910,7,"004046",0
120.2,-20.67,1910,8,"004046",0
120.2,-20.67,1910,9,"004046",0
120.2,-20.67,1910,10,"004046",0
120.2,-20.67,1910,11,"004046",17.8
120.2,-20.67,1910,12,"004046",0
120.2,-20.67,1911,1,"004046",5.8
120.2,-20.67,1911,2,"004046",56.1
120.2,-20.67,1911,3,"004046",2.5
120.2,-20.67,1911,4,"004046",0
120.2,-20.67,1911,5,"004046",6.4
120.2,-20.67,1911,6,"004046",49
120.2,-20.67,1911,7,"004046",6.8
120.2,-20.67,1911,8,"004046",7.3
120.2,-20.67,1911,9,"004046",0
120.2,-20.67,1911,10,"004046",0
120.2,-20.67,1911,11,"004046",22.9
120.2,-20.67,1911,12,"004046",40.6
120.2,-20.67,1912,1,"004046",22.9
120.2,-20.67,1912,2,"004046",188.5
120.2,-20.67,1912,3,"004046",146
120.2,-20.67,1912,4,"004046",0
120.2,-20.67,1912,5,"004046",0
120.2,-20.67,1912,6,"004046",0
120.2,-20.67,1912,7,"004046",0
120.2,-20.67,1912,8,"004046",0
120.2,-20.67,1912,9,"004046",1.8
120.2,-20.67,1912,10,"004046",6.4
120.2,-20.67,1912,11,"004046",6.4
120.2,-20.67,1912,12,"004046",1.3
120.2,-20.67,1913,1,"004046",37.2
120.2,-20.67,1913,2,"004046",9.4
120.2,-20.67,1913,3,"004046",64.2
120.2,-20.67,1913,4,"004046",0.5
120.2,-20.67,1913,5,"004046",0
120.2,-20.67,1913,6,"004046",6.4
120.2,-20.67,1913,7,"004046",0
120.2,-20.67,1913,8,"004046",3.3
120.2,-20.67,1913,9,"004046",0
120.2,-20.67,1913,10,"004046",0
120.2,-20.67,1913,11,"004046",0
120.2,-20.67,1913,12,"004046",2.8
120.2,-20.67,1914,1,"004046",118.9
120.2,-20.67,1914,2,"004046",25.9
120.2,-20.67,1914,3,"004046",6.4
120.2,-20.67,1914,4,"004046",33
120.2,-20.67,1914,5,"004046",25.4
120.2,-20.67,1914,6,"004046",0
120.2,-20.67,1914,7,"004046",5.1
120.2,-20.67,1914,8,"004046",1.5
120.2,-20.67,1914,9,"004046",0
120.2,-20.67,1914,10,"004046",0
120.2,-20.67,1914,11,"004046",34.4
120.2,-20.67,1914,12,"004046",54
120.2,-20.67,1915,1,"004046",104.9
120.2,-20.67,1915,2,"004046",86.5
120.2,-20.67,1915,3,"004046",58.4
120.2,-20.67,1915,4,"004046",6.6
120.2,-20.67,1915,5,"004046",5.5
120.2,-20.67,1915,6,"004046",149.1
120.2,-20.67,1915,7,"004046",0
120.2,-20.67,1915,8,"004046",0
120.2,-20.67,1915,9,"004046",0
120.2,-20.67,1915,10,"004046",0
120.2,-20.67,1915,11,"004046",12.7
120.2,-20.67,1915,12,"004046",12.6
120.2,-20.67,1916,1,"004046",21.7
120.2,-20.67,1916,2,"004046",56.7
120.2,-20.67,1916,3,"004046",137.9
120.2,-20.67,1916,4,"004046",0
120.2,-20.67,1916,5,"004046",69.6
120.2,-20.67,1916,6,"004046",30
120.2,-20.67,1916,7,"004046",0
120.2,-20.67,1916,8,"004046",0
120.2,-20.67,1916,9,"004046",0
120.2,-20.67,1916,10,"004046",25.9
120.2,-20.67,1916,11,"004046",2.5
120.2,-20.67,1916,12,"004046",8.6
120.2,-20.67,1917,1,"004046",157.5
120.2,-20.67,1917,2,"004046",34.3
120.2,-20.67,1917,3,"004046",219.5
120.2,-20.67,1917,4,"004046",22.4
120.2,-20.67,1917,5,"004046",0
120.2,-20.67,1917,6,"004046",0
120.2,-20.67,1917,7,"004046",20.3
120.2,-20.67,1917,8,"004046",0
120.2,-20.67,1917,9,"004046",0
120.2,-20.67,1917,10,"004046",23.6
120.2,-20.67,1917,11,"004046",0
120.2,-20.67,1917,12,"004046",61.5
120.2,-20.67,1918,1,"004046",93.7
120.2,-20.67,1918,2,"004046",115.5
120.2,-20.67,1918,3,"004046",0
120.2,-20.67,1918,4,"004046",0
120.2,-20.67,1918,5,"004046",0
120.2,-20.67,1918,6,"004046",0
120.2,-20.67,1918,7,"004046",7.6
120.2,-20.67,1918,8,"004046",0
120.2,-20.67,1918,9,"004046",0
120.2,-20.67,1918,10,"004046",0
120.2,-20.67,1918,11,"004046",3
120.2,-20.67,1918,12,"004046",33.6
120.2,-20.67,1919,1,"004046",41.9
120.2,-20.67,1919,2,"004046",31
120.2,-20.67,1919,3,"004046",0
120.2,-20.67,1919,4,"004046",12.7
120.2,-20.67,1919,5,"004046",0
120.2,-20.67,1919,6,"004046",0
120.2,-20.67,1919,7,"004046",0
120.2,-20.67,1919,8,"004046",33
120.2,-20.67,1919,9,"004046",0
120.2,-20.67,1919,10,"004046",0
120.2,-20.67,1919,11,"004046",14
120.2,-20.67,1919,12,"004046",77
120.2,-20.67,1920,1,"004046",26.7
120.2,-20.67,1920,2,"004046",39.1
120.2,-20.67,1920,3,"004046",26.3
120.2,-20.67,1920,4,"004046",187.2
120.2,-20.67,1920,5,"004046",0
120.2,-20.67,1920,6,"004046",2.5
120.2,-20.67,1920,7,"004046",0
120.2,-20.67,1920,8,"004046",0
120.2,-20.67,1920,9,"004046",15.8
120.2,-20.67,1920,10,"004046",0
120.2,-20.67,1920,11,"004046",13.7
120.2,-20.67,1920,12,"004046",51.8
120.2,-20.67,1921,1,"004046",0
120.2,-20.67,1921,2,"004046",104.9
120.2,-20.67,1921,3,"004046",117.5
120.2,-20.67,1921,4,"004046",0
120.2,-20.67,1921,5,"004046",114.4
120.2,-20.67,1921,6,"004046",29.2
120.2,-20.67,1921,7,"004046",26.7
120.2,-20.67,1921,8,"004046",7.6
120.2,-20.67,1921,9,"004046",0
120.2,-20.67,1921,10,"004046",0
120.2,-20.67,1921,11,"004046",0
120.2,-20.67,1921,12,"004046",0
120.2,-20.67,1922,1,"004046",28.5
120.2,-20.67,1922,2,"004046",92.1
120.2,-20.67,1922,3,"004046",37.6
120.2,-20.67,1922,4,"004046",0
120.2,-20.67,1922,5,"004046",56.6
120.2,-20.67,1922,6,"004046",0
120.2,-20.67,1922,7,"004046",2
120.2,-20.67,1922,8,"004046",0
120.2,-20.67,1922,9,"004046",0
120.2,-20.67,1922,10,"004046",5.6
120.2,-20.67,1922,11,"004046",6.9
120.2,-20.67,1922,12,"004046",33
120.2,-20.67,1923,1,"004046",125
120.2,-20.67,1923,2,"004046",31.2
120.2,-20.67,1923,3,"004046",4.1
120.2,-20.67,1923,4,"004046",34.8
120.2,-20.67,1923,5,"004046",16.5
120.2,-20.67,1923,6,"004046",25.2
120.2,-20.67,1923,7,"004046",175.7
120.2,-20.67,1923,8,"004046",0
120.2,-20.67,1923,9,"004046",0
120.2,-20.67,1923,10,"004046",0
120.2,-20.67,1923,11,"004046",34.8
120.2,-20.67,1923,12,"004046",1.8
120.2,-20.67,1924,1,"004046",16
120.2,-20.67,1924,2,"004046",0
120.2,-20.67,1924,3,"004046",0
120.2,-20.67,1924,4,"004046",0
120.2,-20.67,1924,5,"004046",15.2
120.2,-20.67,1924,6,"004046",0
120.2,-20.67,1924,7,"004046",0
120.2,-20.67,1924,8,"004046",0
120.2,-20.67,1924,9,"004046",0
120.2,-20.67,1924,10,"004046",2
120.2,-20.67,1924,11,"004046",0
120.2,-20.67,1924,12,"004046",5.8
120.2,-20.67,1925,1,"004046",148.2
120.2,-20.67,1925,2,"004046",128.2
120.2,-20.67,1925,3,"004046",38.9
120.2,-20.67,1925,4,"004046",0
120.2,-20.67,1925,5,"004046",0
120.2,-20.67,1925,6,"004046",0
120.2,-20.67,1925,7,"004046",12.5
120.2,-20.67,1925,8,"004046",0
120.2,-20.67,1925,9,"004046",0
120.2,-20.67,1925,10,"004046",0
120.2,-20.67,1925,11,"004046",12.2
120.2,-20.67,1925,12,"004046",22.8
120.2,-20.67,1926,1,"004046",31.2
120.2,-20.67,1926,2,"004046",94.5
120.2,-20.67,1926,3,"004046",36
120.2,-20.67,1926,4,"004046",63.2
120.2,-20.67,1926,5,"004046",49.6
120.2,-20.67,1926,6,"004046",0
120.2,-20.67,1926,7,"004046",0
120.2,-20.67,1926,8,"004046",0
120.2,-20.67,1926,9,"004046",0
120.2,-20.67,1926,10,"004046",0
120.2,-20.67,1926,11,"004046",6.4
120.2,-20.67,1926,12,"004046",12.2
120.2,-20.67,1927,1,"004046",59.7
120.2,-20.67,1927,2,"004046",112.5
120.2,-20.67,1927,3,"004046",82.6
120.2,-20.67,1927,4,"004046",0
120.2,-20.67,1927,5,"004046",0
120.2,-20.67,1927,6,"004046",33.8
120.2,-20.67,1927,7,"004046",0
120.2,-20.67,1927,8,"004046",0
120.2,-20.67,1927,9,"004046",0
120.2,-20.67,1927,10,"004046",0
120.2,-20.67,1927,11,"004046",10.2
120.2,-20.67,1927,12,"004046",20.3
120.2,-20.67,1928,1,"004046",42.9
120.2,-20.67,1928,2,"004046",63.5
120.2,-20.67,1928,3,"004046",19.1
120.2,-20.67,1928,4,"004046",6.4
120.2,-20.67,1928,5,"004046",0
120.2,-20.67,1928,6,"004046",0
120.2,-20.67,1928,7,"004046",0
120.2,-20.67,1928,8,"004046",0
120.2,-20.67,1928,9,"004046",0
120.2,-20.67,1928,10,"004046",0
120.2,-20.67,1928,11,"004046",0
120.2,-20.67,1928,12,"004046",117.3
120.2,-20.67,1929,1,"004046",17.8
120.2,-20.67,1929,2,"004046",114.3
120.2,-20.67,1929,3,"004046",88.9
120.2,-20.67,1929,4,"004046",0
120.2,-20.67,1929,5,"004046",0
120.2,-20.67,1929,6,"004046",66.8
120.2,-20.67,1929,7,"004046",0
120.2,-20.67,1929,8,"004046",0
120.2,-20.67,1929,9,"004046",0
120.2,-20.67,1929,10,"004046",0
120.2,-20.67,1929,11,"004046",0
120.2,-20.67,1929,12,"004046",0
120.2,-20.67,1930,1,"004046",0
120.2,-20.67,1930,2,"004046",181.1
120.2,-20.67,1930,3,"004046",0
120.2,-20.67,1930,4,"004046",21.6
120.2,-20.67,1930,5,"004046",0
120.2,-20.67,1930,6,"004046",0
120.2,-20.67,1930,7,"004046",13.5
120.2,-20.67,1930,8,"004046",9.1
120.2,-20.67,1930,9,"004046",0
120.2,-20.67,1930,10,"004046",1.3
120.2,-20.67,1930,11,"004046",0
120.2,-20.67,1930,12,"004046",224.3
120.2,-20.67,1931,1,"004046",95.8
120.2,-20.67,1931,2,"004046",0
120.2,-20.67,1931,3,"004046",81.8
120.2,-20.67,1931,4,"004046",10.9
120.2,-20.67,1931,5,"004046",44.7
120.2,-20.67,1931,6,"004046",53.3
120.2,-20.67,1931,7,"004046",0
120.2,-20.67,1931,8,"004046",0
120.2,-20.67,1931,9,"004046",0
120.2,-20.67,1931,10,"004046",14
120.2,-20.67,1931,11,"004046",5.6
120.2,-20.67,1931,12,"004046",11.4
120.2,-20.67,1932,1,"004046",42.7
120.2,-20.67,1932,2,"004046",1.5
120.2,-20.67,1932,3,"004046",0
120.2,-20.67,1932,4,"004046",2.5
120.2,-20.67,1932,5,"004046",24.6
120.2,-20.67,1932,6,"004046",1.5
120.2,-20.67,1932,7,"004046",0
120.2,-20.67,1932,8,"004046",0
120.2,-20.67,1932,9,"004046",0
120.2,-20.67,1932,10,"004046",0
120.2,-20.67,1932,11,"004046",0
120.2,-20.67,1932,12,"004046",33.5
120.2,-20.67,1933,1,"004046",11.9
120.2,-20.67,1933,2,"004046",44.7
120.2,-20.67,1933,3,"004046",72.9
120.2,-20.67,1933,4,"004046",16
120.2,-20.67,1933,5,"004046",47.5
120.2,-20.67,1933,6,"004046",0
120.2,-20.67,1933,7,"004046",23.9
120.2,-20.67,1933,8,"004046",11.7
120.2,-20.67,1933,9,"004046",0
120.2,-20.67,1933,10,"004046",0
120.2,-20.67,1933,11,"004046",0
120.2,-20.67,1933,12,"004046",64
120.2,-20.67,1934,1,"004046",25.9
120.2,-20.67,1934,2,"004046",52.6
120.2,-20.67,1934,3,"004046",278.1
120.2,-20.67,1934,4,"004046",70.6
120.2,-20.67,1934,5,"004046",1.5
120.2,-20.67,1934,6,"004046",0
120.2,-20.67,1934,7,"004046",0
120.2,-20.67,1934,8,"004046",0
120.2,-20.67,1934,9,"004046",0
120.2,-20.67,1934,10,"004046",0
120.2,-20.67,1934,11,"004046",0
120.2,-20.67,1934,12,"004046",0
120.2,-20.67,1935,1,"004046",16.5
120.2,-20.67,1935,2,"004046",27.7
120.2,-20.67,1935,3,"004046",59.7
120.2,-20.67,1935,4,"004046",0
120.2,-20.67,1935,5,"004046",0
120.2,-20.67,1935,6,"004046",0
120.2,-20.67,1935,7,"004046",0
120.2,-20.67,1935,8,"004046",0
120.2,-20.67,1935,9,"004046",0
120.2,-20.67,1935,10,"004046",0
120.2,-20.67,1935,11,"004046",10.2
120.2,-20.67,1935,12,"004046",0
120.2,-20.67,1936,1,"004046",19.1
120.2,-20.67,1936,2,"004046",36.3
120.2,-20.67,1936,3,"004046",38.9
120.2,-20.67,1936,4,"004046",0
120.2,-20.67,1936,5,"004046",0
120.2,-20.67,1936,6,"004046",0
120.2,-20.67,1936,7,"004046",0
120.2,-20.67,1936,8,"004046",0
120.2,-20.67,1936,9,"004046",0
120.2,-20.67,1936,10,"004046",0
120.2,-20.67,1936,11,"004046",0
120.2,-20.67,1936,12,"004046",41.4
120.2,-20.67,1937,1,"004046",153.2
120.2,-20.67,1937,2,"004046",18.8
120.2,-20.67,1937,3,"004046",6.9
120.2,-20.67,1937,4,"004046",0
120.2,-20.67,1937,5,"004046",0
120.2,-20.67,1937,6,"004046",5.8
120.2,-20.67,1937,7,"004046",0
120.2,-20.67,1937,8,"004046",0
120.2,-20.67,1937,9,"004046",37.8
120.2,-20.67,1937,10,"004046",0
120.2,-20.67,1937,11,"004046",0
120.2,-20.67,1937,12,"004046",19.3
120.2,-20.67,1938,1,"004046",63.7
120.2,-20.67,1938,2,"004046",96.5
120.2,-20.67,1938,3,"004046",0
120.2,-20.67,1938,4,"004046",0
120.2,-20.67,1938,5,"004046",0
120.2,-20.67,1938,6,"004046",30.5
120.2,-20.67,1938,7,"004046",14.7
120.2,-20.67,1938,8,"004046",0
120.2,-20.67,1938,9,"004046",0
120.2,-20.67,1938,10,"004046",0
120.2,-20.67,1938,11,"004046",2.5
120.2,-20.67,1938,12,"004046",24.1
120.2,-20.67,1939,1,"004046",93.9
120.2,-20.67,1939,2,"004046",30.2
120.2,-20.67,1939,3,"004046",29
120.2,-20.67,1939,4,"004046",19
120.2,-20.67,1939,5,"004046",27.8
120.2,-20.67,1939,6,"004046",0
120.2,-20.67,1939,7,"004046",0
120.2,-20.67,1939,8,"004046",0
120.2,-20.67,1939,9,"004046",0
120.2,-20.67,1939,10,"004046",0
120.2,-20.67,1939,11,"004046",0
120.2,-20.67,1939,12,"004046",0
120.2,-20.67,1940,1,"004046",142.8
120.2,-20.67,1940,2,"004046",2.5
120.2,-20.67,1940,3,"004046",15.2
120.2,-20.67,1940,4,"004046",5.1
120.2,-20.67,1940,5,"004046",0
120.2,-20.67,1940,6,"004046",0
120.2,-20.67,1940,7,"004046",0
120.2,-20.67,1940,8,"004046",0
120.2,-20.67,1940,9,"004046",0
120.2,-20.67,1940,10,"004046",0
120.2,-20.67,1940,11,"004046",0
120.2,-20.67,1940,12,"004046",7.6
120.2,-20.67,1941,1,"004046",35.6
120.2,-20.67,1941,2,"004046",14.7
120.2,-20.67,1941,3,"004046",228.6
120.2,-20.67,1941,4,"004046",0
120.2,-20.67,1941,5,"004046",12.7
120.2,-20.67,1941,6,"004046",15.2
120.2,-20.67,1941,7,"004046",0
120.2,-20.67,1941,8,"004046",0
120.2,-20.67,1941,9,"004046",0
120.2,-20.67,1941,10,"004046",0
120.2,-20.67,1941,11,"004046",8.1
120.2,-20.67,1941,12,"004046",30.3
120.2,-20.67,1942,1,"004046",313.2
120.2,-20.67,1942,2,"004046",55.7
120.2,-20.67,1942,3,"004046",162.6
120.2,-20.67,1942,4,"004046",0
120.2,-20.67,1942,5,"004046",39.5
120.2,-20.67,1942,6,"004046",156.2
120.2,-20.67,1942,7,"004046",0
120.2,-20.67,1942,8,"004046",0
120.2,-20.67,1942,9,"004046",0
120.2,-20.67,1942,10,"004046",0
120.2,-20.67,1942,11,"004046",81.2
120.2,-20.67,1942,12,"004046",13.9
120.2,-20.67,1943,1,"004046",131.2
120.2,-20.67,1943,2,"004046",116.8
120.2,-20.67,1943,3,"004046",96.1
120.2,-20.67,1943,4,"004046",23.1
120.2,-20.67,1943,5,"004046",0
120.2,-20.67,1943,6,"004046",0
120.2,-20.67,1943,7,"004046",12.9
120.2,-20.67,1943,8,"004046",0
120.2,-20.67,1943,9,"004046",0
120.2,-20.67,1943,10,"004046",0
120.2,-20.67,1943,11,"004046",37.1
120.2,-20.67,1943,12,"004046",21.1
120.2,-20.67,1944,1,"004046",0
120.2,-20.67,1944,2,"004046",29.2
120.2,-20.67,1944,3,"004046",5.1
120.2,-20.67,1944,4,"004046",40.1
120.2,-20.67,1944,5,"004046",0
120.2,-20.67,1944,6,"004046",0
120.2,-20.67,1944,7,"004046",0
120.2,-20.67,1944,8,"004046",0
120.2,-20.67,1944,9,"004046",0
120.2,-20.67,1944,10,"004046",0
120.2,-20.67,1944,11,"004046",0
120.2,-20.67,1944,12,"004046",0
120.2,-20.67,1945,1,"004046",41.4
120.2,-20.67,1945,2,"004046",3.8
120.2,-20.67,1945,3,"004046",27.2
120.2,-20.67,1945,4,"004046",0
120.2,-20.67,1945,5,"004046",0
120.2,-20.67,1945,6,"004046",0
120.2,-20.67,1945,7,"004046",0
120.2,-20.67,1945,8,"004046",0
120.2,-20.67,1945,9,"004046",5.6
120.2,-20.67,1945,10,"004046",14.7
120.2,-20.67,1945,11,"004046",0
120.2,-20.67,1945,12,"004046",45.9
120.2,-20.67,1946,1,"004046",77.2
120.2,-20.67,1946,2,"004046",146.9
120.2,-20.67,1946,3,"004046",73.4
120.2,-20.67,1946,4,"004046",0
120.2,-20.67,1946,5,"004046",0
120.2,-20.67,1946,6,"004046",21.6
120.2,-20.67,1946,7,"004046",24.7
120.2,-20.67,1946,8,"004046",0
120.2,-20.67,1946,9,"004046",0
120.2,-20.67,1946,10,"004046",0
120.2,-20.67,1946,11,"004046",0
120.2,-20.67,1946,12,"004046",0
120.2,-20.67,1947,1,"004046",91
120.2,-20.67,1947,2,"004046",120
120.2,-20.67,1947,3,"004046",73.4
120.2,-20.67,1947,4,"004046",0
120.2,-20.67,1947,5,"004046",8.9
120.2,-20.67,1947,6,"004046",0
120.2,-20.67,1947,7,"004046",0
120.2,-20.67,1947,8,"004046",51.6
120.2,-20.67,1947,9,"004046",0
120.2,-20.67,1947,10,"004046",0
120.2,-20.67,1947,11,"004046",0
120.2,-20.67,1947,12,"004046",94.2
120.2,-20.67,1948,1,"004046",29
120.2,-20.67,1948,2,"004046",197.1
120.2,-20.67,1948,3,"004046",139
120.2,-20.67,1948,4,"004046",19.1
120.2,-20.67,1948,5,"004046",0
120.2,-20.67,1948,6,"004046",8.1
120.2,-20.67,1948,7,"004046",0
120.2,-20.67,1948,8,"004046",0
120.2,-20.67,1948,9,"004046",0
120.2,-20.67,1948,10,"004046",0
120.2,-20.67,1948,11,"004046",0
120.2,-20.67,1948,12,"004046",18.7
120.2,-20.67,1949,1,"004046",33.5
120.2,-20.67,1949,2,"004046",105.9
120.2,-20.67,1949,3,"004046",32.7
120.2,-20.67,1949,4,"004046",0
120.2,-20.67,1949,5,"004046",97
120.2,-20.67,1949,6,"004046",2.5
120.2,-20.67,1949,7,"004046",0
120.2,-20.67,1949,8,"004046",0
120.2,-20.67,1949,9,"004046",0
120.2,-20.67,1949,10,"004046",0
120.2,-20.67,1949,11,"004046",0
120.2,-20.67,1949,12,"004046",31
120.2,-20.67,1950,1,"004046",38.3
120.2,-20.67,1950,2,"004046",21.9
120.2,-20.67,1950,3,"004046",0
120.2,-20.67,1950,4,"004046",0
120.2,-20.67,1950,5,"004046",71.3
120.2,-20.67,1950,6,"004046",5.3
120.2,-20.67,1950,7,"004046",9.1
120.2,-20.67,1950,8,"004046",0
120.2,-20.67,1950,9,"004046",0
120.2,-20.67,1950,10,"004046",0
120.2,-20.67,1950,11,"004046",0
120.2,-20.67,1950,12,"004046",17
120.2,-20.67,1951,1,"004046",39.4
120.2,-20.67,1951,2,"004046",83.8
120.2,-20.67,1951,3,"004046",49.7
120.2,-20.67,1951,4,"004046",0
120.2,-20.67,1951,5,"004046",0
120.2,-20.67,1951,6,"004046",58.4
120.2,-20.67,1951,7,"004046",0
120.2,-20.67,1951,8,"004046",0
120.2,-20.67,1951,9,"004046",0
120.2,-20.67,1951,10,"004046",0
120.2,-20.67,1951,11,"004046",0
120.2,-20.67,1951,12,"004046",0
120.2,-20.67,1952,1,"004046",79.5
120.2,-20.67,1952,2,"004046",78.5
120.2,-20.67,1952,3,"004046",11.4
120.2,-20.67,1952,4,"004046",0
120.2,-20.67,1952,5,"004046",81.7
120.2,-20.67,1952,6,"004046",0
120.2,-20.67,1952,7,"004046",17.1
120.2,-20.67,1952,8,"004046",0
120.2,-20.67,1952,9,"004046",0
120.2,-20.67,1952,10,"004046",0
120.2,-20.67,1952,11,"004046",0
120.2,-20.67,1952,12,"004046",39.1
120.2,-20.67,1953,1,"004046",52.1
120.2,-20.67,1953,2,"004046",0
120.2,-20.67,1953,3,"004046",32.8
120.2,-20.67,1953,4,"004046",50
120.2,-20.67,1953,5,"004046",178
120.2,-20.67,1953,6,"004046",0
120.2,-20.67,1953,7,"004046",5.6
120.2,-20.67,1953,8,"004046",12.7
120.2,-20.67,1953,9,"004046",0
120.2,-20.67,1953,10,"004046",0
120.2,-20.67,1953,11,"004046",0
120.2,-20.67,1953,12,"004046",18
120.2,-20.67,1954,1,"004046",119.4
120.2,-20.67,1954,2,"004046",0
120.2,-20.67,1954,3,"004046",0.8
120.2,-20.67,1954,4,"004046",89.1
120.2,-20.67,1954,5,"004046",7.4
120.2,-20.67,1954,6,"004046",35.1
120.2,-20.67,1954,7,"004046",10.7
120.2,-20.67,1954,8,"004046",0
120.2,-20.67,1954,9,"004046",1.5
120.2,-20.67,1954,10,"004046",11.1
120.2,-20.67,1954,11,"004046",57.7
120.2,-20.67,1954,12,"004046",41.9
120.2,-20.67,1955,1,"004046",137.5
120.2,-20.67,1955,2,"004046",104.5
120.2,-20.67,1955,3,"004046",0
120.2,-20.67,1955,4,"004046",0
120.2,-20.67,1955,5,"004046",130
120.2,-20.67,1955,6,"004046",81.9
120.2,-20.67,1955,7,"004046",21.8
120.2,-20.67,1955,8,"004046",15.2
120.2,-20.67,1955,9,"004046",0
120.2,-20.67,1955,10,"004046",0
120.2,-20.67,1955,11,"004046",14
120.2,-20.67,1955,12,"004046",5.1
120.2,-20.67,1956,1,"004046",76.2
120.2,-20.67,1956,2,"004046",62.8
120.2,-20.67,1956,3,"004046",108.7
120.2,-20.67,1956,4,"004046",0
120.2,-20.67,1956,5,"004046",61.7
120.2,-20.67,1956,6,"004046",23.1
120.2,-20.67,1956,7,"004046",50.8
120.2,-20.67,1956,8,"004046",3.8
120.2,-20.67,1956,9,"004046",0
120.2,-20.67,1956,10,"004046",0
120.2,-20.67,1956,11,"004046",0
120.2,-20.67,1956,12,"004046",3.8
120.2,-20.67,1957,1,"004046",15.2
120.2,-20.67,1957,2,"004046",213.4
120.2,-20.67,1957,3,"004046",23.1
120.2,-20.67,1957,4,"004046",0
120.2,-20.67,1957,5,"004046",0
120.2,-20.67,1957,6,"004046",0
120.2,-20.67,1957,7,"004046",13.2
120.2,-20.67,1957,8,"004046",0
120.2,-20.67,1957,9,"004046",0
120.2,-20.67,1957,10,"004046",7.6
120.2,-20.67,1957,11,"004046",0
120.2,-20.67,1957,12,"004046",166.1
120.2,-20.67,1958,1,"004046",131
120.2,-20.67,1958,2,"004046",8.9
120.2,-20.67,1958,3,"004046",64.6
120.2,-20.67,1958,4,"004046",36.9
120.2,-20.67,1958,5,"004046",2.5
120.2,-20.67,1958,6,"004046",0
120.2,-20.67,1958,7,"004046",66.5
120.2,-20.67,1958,8,"004046",27.7
120.2,-20.67,1958,9,"004046",0
120.2,-20.67,1958,10,"004046",0
120.2,-20.67,1958,11,"004046",39.4
120.2,-20.67,1958,12,"004046",0
120.2,-20.67,1959,1,"004046",12.7
120.2,-20.67,1959,2,"004046",6.4
120.2,-20.67,1959,3,"004046",2.5
120.2,-20.67,1959,4,"004046",11.4
120.2,-20.67,1959,5,"004046",5.8
120.2,-20.67,1959,6,"004046",0
120.2,-20.67,1959,7,"004046",0
120.2,-20.67,1959,8,"004046",0
120.2,-20.67,1959,9,"004046",0
120.2,-20.67,1959,10,"004046",0
120.2,-20.67,1959,11,"004046",35.8
120.2,-20.67,1959,12,"004046",0
120.2,-20.67,1960,1,"004046",60.4
120.2,-20.67,1960,2,"004046",155.7
120.2,-20.67,1960,3,"004046",0
120.2,-20.67,1960,4,"004046",16.3
120.2,-20.67,1960,5,"004046",20.1
120.2,-20.67,1960,6,"004046",0
120.2,-20.67,1960,7,"004046",0
120.2,-20.67,1960,8,"004046",0
120.2,-20.67,1960,9,"004046",0
120.2,-20.67,1960,10,"004046",0
120.2,-20.67,1960,11,"004046",0
120.2,-20.67,1960,12,"004046",47
120.2,-20.67,1961,1,"004046",56.2
120.2,-20.67,1961,2,"004046",97
120.2,-20.67,1961,3,"004046",89.7
120.2,-20.67,1961,4,"004046",2.3
120.2,-20.67,1961,5,"004046",0
120.2,-20.67,1961,6,"004046",0
120.2,-20.67,1961,7,"004046",0
120.2,-20.67,1961,8,"004046",0
120.2,-20.67,1961,9,"004046",0
120.2,-20.67,1961,10,"004046",0
120.2,-20.67,1961,11,"004046",38.4
120.2,-20.67,1961,12,"004046",0
120.2,-20.67,1962,1,"004046",131.8
120.2,-20.67,1962,2,"004046",115.9
120.2,-20.67,1962,3,"004046",2.5
120.2,-20.67,1962,4,"004046",3.6
120.2,-20.67,1962,5,"004046",14.2
120.2,-20.67,1962,6,"004046",21.4
120.2,-20.67,1962,7,"004046",0
120.2,-20.67,1962,8,"004046",0
120.2,-20.67,1962,9,"004046",0
120.2,-20.67,1962,10,"004046",0
120.2,-20.67,1962,11,"004046",2
120.2,-20.67,1962,12,"004046",19
120.2,-20.67,1963,1,"004046",156.7
120.2,-20.67,1963,2,"004046",222.2
120.2,-20.67,1963,3,"004046",9.2
120.2,-20.67,1963,4,"004046",0
120.2,-20.67,1963,5,"004046",71.5
120.2,-20.67,1963,6,"004046",61.7
120.2,-20.67,1963,7,"004046",0
120.2,-20.67,1963,8,"004046",0
120.2,-20.67,1963,9,"004046",0
120.2,-20.67,1963,10,"004046",0
120.2,-20.67,1963,11,"004046",0
120.2,-20.67,1963,12,"004046",7.9
120.2,-20.67,1964,1,"004046",4
120.2,-20.67,1964,2,"004046",7.4
120.2,-20.67,1964,3,"004046",31.3
120.2,-20.67,1964,4,"004046",27.4
120.2,-20.67,1964,5,"004046",15.8
120.2,-20.67,1964,6,"004046",0
120.2,-20.67,1964,7,"004046",0
120.2,-20.67,1964,8,"004046",0
120.2,-20.67,1964,9,"004046",0
120.2,-20.67,1964,10,"004046",0
120.2,-20.67,1964,11,"004046",39.5
120.2,-20.67,1964,12,"004046",14
120.2,-20.67,1965,1,"004046",42.6
120.2,-20.67,1965,2,"004046",19.9
120.2,-20.67,1965,3,"004046",97.1
120.2,-20.67,1965,4,"004046",0
120.2,-20.67,1965,5,"004046",0
120.2,-20.67,1965,6,"004046",0
120.2,-20.67,1965,7,"004046",17.8
120.2,-20.67,1965,8,"004046",10.9
120.2,-20.67,1965,9,"004046",0
120.2,-20.67,1965,10,"004046",0
120.2,-20.67,1965,11,"004046",0.5
120.2,-20.67,1965,12,"004046",6.3
120.2,-20.67,1966,1,"004046",102.2
120.2,-20.67,1966,2,"004046",63.2
120.2,-20.67,1966,3,"004046",13
120.2,-20.67,1966,4,"004046",116.4
120.2,-20.67,1966,5,"004046",2.5
120.2,-20.67,1966,6,"004046",32
120.2,-20.67,1966,7,"004046",0
120.2,-20.67,1966,8,"004046",0
120.2,-20.67,1966,9,"004046",0
120.2,-20.67,1966,10,"004046",19.8
120.2,-20.67,1966,11,"004046",0
120.2,-20.67,1966,12,"004046",0
120.2,-20.67,1967,1,"004046",64.4
120.2,-20.67,1967,2,"004046",151.3
120.2,-20.67,1967,3,"004046",41.2
120.2,-20.67,1967,4,"004046",0
120.2,-20.67,1967,5,"004046",0
120.2,-20.67,1967,6,"004046",0
120.2,-20.67,1967,7,"004046",0
120.2,-20.67,1967,8,"004046",0
120.2,-20.67,1967,9,"004046",0
120.2,-20.67,1967,10,"004046",2.3
120.2,-20.67,1967,11,"004046",0
120.2,-20.67,1967,12,"004046",10.1
120.2,-20.67,1968,1,"004046",57.4
120.2,-20.67,1968,2,"004046",58.6
120.2,-20.67,1968,3,"004046",95.8
120.2,-20.67,1968,4,"004046",0
120.2,-20.67,1968,5,"004046",71.2
120.2,-20.67,1968,6,"004046",166.1
120.2,-20.67,1968,7,"004046",0
120.2,-20.67,1968,8,"004046",0
120.2,-20.67,1968,9,"004046",7.1
120.2,-20.67,1968,10,"004046",4.3
120.2,-20.67,1968,11,"004046",0
120.2,-20.67,1968,12,"004046",0
120.2,-20.67,1969,1,"004046",97.4
120.2,-20.67,1969,2,"004046",296.4
120.2,-20.67,1969,3,"004046",3.8
120.2,-20.67,1969,4,"004046",0
120.2,-20.67,1969,5,"004046",0
120.2,-20.67,1969,6,"004046",0
120.2,-20.67,1969,7,"004046",0
120.2,-20.67,1969,8,"004046",0
120.2,-20.67,1969,9,"004046",0
120.2,-20.67,1969,10,"004046",6.8
120.2,-20.67,1969,11,"004046",7.6
120.2,-20.67,1969,12,"004046",23.4
120.2,-20.67,1970,1,"004046",19.3
120.2,-20.67,1970,2,"004046",36.3
120.2,-20.67,1970,3,"004046",0
120.2,-20.67,1970,4,"004046",2.5
120.2,-20.67,1970,5,"004046",110.7
120.2,-20.67,1970,6,"004046",81.3
120.2,-20.67,1970,7,"004046",0
120.2,-20.67,1970,8,"004046",0
120.2,-20.67,1970,9,"004046",10.4
120.2,-20.67,1970,10,"004046",0
120.2,-20.67,1970,11,"004046",8.1
120.2,-20.67,1970,12,"004046",65.2
120.2,-20.67,1971,1,"004046",17
120.2,-20.67,1971,2,"004046",135.9
120.2,-20.67,1971,3,"004046",73.5
120.2,-20.67,1971,4,"004046",0
120.2,-20.67,1971,5,"004046",0
120.2,-20.67,1971,6,"004046",65.2
120.2,-20.67,1971,7,"004046",0
120.2,-20.67,1971,8,"004046",0
120.2,-20.67,1971,9,"004046",0
120.2,-20.67,1971,10,"004046",0
120.2,-20.67,1971,11,"004046",21.8
120.2,-20.67,1971,12,"004046",2.5
120.2,-20.67,1972,1,"004046",64.5
120.2,-20.67,1972,2,"004046",60.4
120.2,-20.67,1972,3,"004046",4.8
120.2,-20.67,1972,4,"004046",0
120.2,-20.67,1972,5,"004046",0
120.2,-20.67,1972,6,"004046",0
120.2,-20.67,1972,7,"004046",0
120.2,-20.67,1972,8,"004046",0
120.2,-20.67,1972,9,"004046",0
120.2,-20.67,1972,10,"004046",0
120.2,-20.67,1972,11,"004046",0
120.2,-20.67,1972,12,"004046",3.8
120.2,-20.67,1973,1,"004046",133.6
120.2,-20.67,1973,2,"004046",14.7
120.2,-20.67,1973,3,"004046",0
120.2,-20.67,1973,4,"004046",5.5
120.2,-20.67,1973,5,"004046",51.3
120.2,-20.67,1973,6,"004046",43.2
120.2,-20.67,1973,7,"004046",0
120.2,-20.67,1973,8,"004046",20.3
120.2,-20.67,1973,9,"004046",0
120.2,-20.67,1973,10,"004046",1
120.2,-20.67,1973,11,"004046",4.9
120.2,-20.67,1973,12,"004046",239.1
120.2,-20.67,1974,1,"004046",162.5
120.2,-20.67,1974,2,"004046",30.4
120.2,-20.67,1974,3,"004046",39.4
120.2,-20.67,1974,4,"004046",70.6
120.2,-20.67,1974,5,"004046",35.8
120.2,-20.67,1974,6,"004046",0
120.2,-20.67,1974,7,"004046",27.4
120.2,-20.67,1974,8,"004046",0
120.2,-20.67,1974,9,"004046",0
120.2,-20.67,1974,10,"004046",15
120.2,-20.67,1974,11,"004046",0
120.2,-20.67,1974,12,"004046",90.2
120.2,-20.67,1975,1,"004046",13
120.2,-20.67,1975,2,"004046",87
120.2,-20.67,1975,3,"004046",23.6
120.2,-20.67,1975,4,"004046",0
120.2,-20.67,1975,5,"004046",0
120.2,-20.67,1975,6,"004046",17.8
120.2,-20.67,1975,7,"004046",39.8
120.2,-20.67,1975,8,"004046",0
120.2,-20.67,1975,9,"004046",0
120.2,-20.67,1975,10,"004046",7.4
120.2,-20.67,1975,11,"004046",0
120.2,-20.67,1975,12,"004046",142.8
120.2,-20.67,1976,1,"004046",78.4
120.2,-20.67,1976,2,"004046",69.5
120.2,-20.67,1976,3,"004046",209.5
120.2,-20.67,1976,4,"004046",6
120.2,-20.67,1976,5,"004046",0
120.2,-20.67,1976,6,"004046",0
120.2,-20.67,1976,7,"004046",0
120.2,-20.67,1976,8,"004046",0
120.2,-20.67,1976,9,"004046",0
120.2,-20.67,1976,10,"004046",0
120.2,-20.67,1976,11,"004046",0
120.2,-20.67,1976,12,"004046",5
120.2,-20.67,1977,1,"004046",107.8
120.2,-20.67,1977,2,"004046",58.8
120.2,-20.67,1977,3,"004046",110.5
120.2,-20.67,1977,4,"004046",25
120.2,-20.67,1977,5,"004046",0
120.2,-20.67,1977,6,"004046",0
120.2,-20.67,1977,7,"004046",0
120.2,-20.67,1977,8,"004046",0
120.2,-20.67,1977,9,"004046",0
120.2,-20.67,1977,10,"004046",0
120.2,-20.67,1977,11,"004046",0
120.2,-20.67,1977,12,"004046",56.8
120.2,-20.67,1978,1,"004046",103
120.2,-20.67,1978,2,"004046",223
120.2,-20.67,1978,3,"004046",0
120.2,-20.67,1978,4,"004046",0
120.2,-20.67,1978,5,"004046",90
120.2,-20.67,1978,6,"004046",29
120.2,-20.67,1978,7,"004046",0
120.2,-20.67,1978,8,"004046",47
120.2,-20.67,1978,9,"004046",0
120.2,-20.67,1978,10,"004046",4
120.2,-20.67,1978,11,"004046",0
120.2,-20.67,1978,12,"004046",17
120.2,-20.67,1979,1,"004046",37
120.2,-20.67,1979,2,"004046",54
120.2,-20.67,1979,3,"004046",104
120.2,-20.67,1979,4,"004046",12
120.2,-20.67,1979,5,"004046",68
120.2,-20.67,1979,6,"004046",22
120.2,-20.67,1979,7,"004046",0
120.2,-20.67,1979,8,"004046",0
120.2,-20.67,1979,9,"004046",0
120.2,-20.67,1979,10,"004046",0
120.2,-20.67,1979,11,"004046",4
120.2,-20.67,1979,12,"004046",67.2
120.2,-20.67,1980,1,"004046",241.5
120.2,-20.67,1980,2,"004046",295.9
120.2,-20.67,1980,3,"004046",0
120.2,-20.67,1980,4,"004046",144.6
120.2,-20.67,1980,5,"004046",0
120.2,-20.67,1980,6,"004046",0
120.2,-20.67,1980,7,"004046",25.4
120.2,-20.67,1980,8,"004046",0
120.2,-20.67,1980,9,"004046",0
120.2,-20.67,1980,10,"004046",0
120.2,-20.67,1980,11,"004046",0
120.2,-20.67,1980,12,"004046",30
120.2,-20.67,1981,1,"004046",72.4
120.2,-20.67,1981,2,"004046",315
120.2,-20.67,1981,3,"004046",11
120.2,-20.67,1981,4,"004046",0
120.2,-20.67,1981,5,"004046",0
120.2,-20.67,1981,6,"004046",0
120.2,-20.67,1981,7,"004046",0
120.2,-20.67,1981,8,"004046",0
120.2,-20.67,1981,9,"004046",0
120.2,-20.67,1981,10,"004046",0
120.2,-20.67,1981,11,"004046",0
120.2,-20.67,1981,12,"004046",47.8
120.2,-20.67,1982,1,"004046",239.4
120.2,-20.67,1982,2,"004046",246
120.2,-20.67,1982,3,"004046",9
120.2,-20.67,1982,4,"004046",0
120.2,-20.67,1982,5,"004046",84
120.2,-20.67,1982,6,"004046",0
120.2,-20.67,1982,7,"004046",0
120.2,-20.67,1982,8,"004046",0
120.2,-20.67,1982,9,"004046",0
120.2,-20.67,1982,10,"004046",0
120.2,-20.67,1982,11,"004046",0
120.2,-20.67,1982,12,"004046",7.5
120.2,-20.67,1983,1,"004046",221
120.2,-20.67,1983,2,"004046",30.5
120.2,-20.67,1983,3,"004046",21
120.2,-20.67,1983,4,"004046",82.2
120.2,-20.67,1983,5,"004046",0
120.2,-20.67,1983,6,"004046",0
120.2,-20.67,1983,7,"004046",2
120.2,-20.67,1983,8,"004046",0
120.2,-20.67,1983,9,"004046",0
120.2,-20.67,1983,10,"004046",0
120.2,-20.67,1983,11,"004046",110
120.2,-20.67,1983,12,"004046",46
120.2,-20.67,1984,1,"004046",15.4
120.2,-20.67,1984,2,"004046",168.4
120.2,-20.67,1984,3,"004046",146.2
120.2,-20.67,1984,4,"004046",18.6
120.2,-20.67,1984,5,"004046",6
120.2,-20.67,1984,6,"004046",0
120.2,-20.67,1984,7,"004046",18.5
120.2,-20.67,1984,8,"004046",0
120.2,-20.67,1984,9,"004046",6.5
120.2,-20.67,1984,10,"004046",0
120.2,-20.67,1984,11,"004046",0
120.2,-20.67,1984,12,"004046",0
120.2,-20.67,1986,1,"004046",19
120.2,-20.67,1986,2,"004046",48.4
120.2,-20.67,1986,3,"004046",20.2
120.2,-20.67,1986,4,"004046",0
120.2,-20.67,1986,5,"004046",0
120.2,-20.67,1986,6,"004046",0
120.2,-20.67,1986,7,"004046",77
120.2,-20.67,1986,8,"004046",0
120.2,-20.67,1986,9,"004046",0
120.2,-20.67,1986,10,"004046",0
120.2,-20.67,1986,11,"004046",27
120.2,-20.67,1986,12,"004046",5
120.2,-20.67,1987,1,"004046",131
120.2,-20.67,1987,2,"004046",25
120.2,-20.67,1987,3,"004046",0
120.2,-20.67,1987,4,"004046",0
120.2,-20.67,1987,5,"004046",0
120.2,-20.67,1987,6,"004046",0
120.2,-20.67,1987,7,"004046",10
120.2,-20.67,1987,8,"004046",0
120.2,-20.67,1987,9,"004046",0
120.2,-20.67,1987,10,"004046",0
120.2,-20.67,1987,11,"004046",0
120.2,-20.67,1987,12,"004046",55
120.2,-20.67,1988,1,"004046",46
120.2,-20.67,1988,2,"004046",42
120.2,-20.67,1988,3,"004046",359
120.2,-20.67,1988,4,"004046",14
120.2,-20.67,1988,5,"004046",114
120.2,-20.67,1988,6,"004046",0
120.2,-20.67,1988,7,"004046",0
120.2,-20.67,1988,8,"004046",0
120.2,-20.67,1988,9,"004046",0
120.2,-20.67,1988,10,"004046",14
120.2,-20.67,1988,11,"004046",0
120.2,-20.67,1988,12,"004046",53
120.2,-20.67,1989,1,"004046",24
120.2,-20.67,1989,2,"004046",114
120.2,-20.67,1989,3,"004046",8
120.2,-20.67,1989,4,"004046",6
120.2,-20.67,1989,5,"004046",0
120.2,-20.67,1989,6,"004046",44
120.2,-20.67,1989,7,"004046",0
120.2,-20.67,1989,8,"004046",0
120.2,-20.67,1989,9,"004046",0
120.2,-20.67,1989,10,"004046",0
120.2,-20.67,1989,11,"004046",0
120.2,-20.67,1989,12,"004046",0
120.2,-20.67,1990,1,"004046",77
120.2,-20.67,1990,2,"004046",2.5
120.2,-20.67,1990,3,"004046",0
120.2,-20.67,1990,4,"004046",0
120.2,-20.67,1990,5,"004046",0
120.2,-20.67,1990,6,"004046",0
120.2,-20.67,1990,7,"004046",0
120.2,-20.67,1990,8,"004046",0
120.2,-20.67,1990,9,"004046",0
120.2,-20.67,1990,10,"004046",0
120.2,-20.67,1990,11,"004046",0
120.2,-20.67,1990,12,"004046",0
120.2,-20.67,1991,1,"004046",32
120.2,-20.67,1991,2,"004046",6
120.2,-20.67,1991,3,"004046",0
120.2,-20.67,1991,4,"004046",6.1
120.2,-20.67,1991,5,"004046",0
120.2,-20.67,1991,6,"004046",11
120.2,-20.67,1991,7,"004046",0
120.2,-20.67,1991,8,"004046",0
120.2,-20.67,1991,9,"004046",0
120.2,-20.67,1991,10,"004046",0
120.2,-20.67,1991,11,"004046",0
120.2,-20.67,1991,12,"004046",0
120.2,-20.67,1992,1,"004046",48
120.2,-20.67,1992,2,"004046",0
120.2,-20.67,1992,3,"004046",7
120.2,-20.67,1992,4,"004046",62
120.2,-20.67,1992,5,"004046",0
120.2,-20.67,1992,6,"004046",0
120.2,-20.67,1992,7,"004046",0
120.2,-20.67,1992,8,"004046",21
120.2,-20.67,1992,9,"004046",0
120.2,-20.67,1992,10,"004046",0
120.2,-20.67,1992,11,"004046",0
120.2,-20.67,1992,12,"004046",0
120.2,-20.67,1993,1,"004046",81
120.2,-20.67,1993,2,"004046",103
120.2,-20.67,1993,3,"004046",0
120.2,-20.67,1993,4,"004046",0
120.2,-20.67,1993,5,"004046",96
120.2,-20.67,1993,6,"004046",22
120.2,-20.67,1993,7,"004046",0
120.2,-20.67,1993,8,"004046",75
120.2,-20.67,1993,9,"004046",0
120.2,-20.67,1993,10,"004046",0
120.2,-20.67,1993,11,"004046",0
120.2,-20.67,1993,12,"004046",45
120.2,-20.67,1994,1,"004046",84
120.2,-20.67,1994,2,"004046",110
120.2,-20.67,1994,3,"004046",0
120.2,-20.67,1994,4,"004046",0
120.2,-20.67,1994,5,"004046",0
120.2,-20.67,1994,6,"004046",0
120.2,-20.67,1994,7,"004046",0
120.2,-20.67,1994,8,"004046",0
120.2,-20.67,1994,9,"004046",0
120.2,-20.67,1994,10,"004046",0
120.2,-20.67,1994,11,"004046",15
120.2,-20.67,1994,12,"004046",20
120.2,-20.67,1995,1,"004046",32
120.2,-20.67,1995,2,"004046",269
120.2,-20.67,1995,3,"004046",52
120.2,-20.67,1995,4,"004046",0
120.2,-20.67,1995,5,"004046",0
120.2,-20.67,1995,6,"004046",0
120.2,-20.67,1995,7,"004046",0
120.2,-20.67,1995,8,"004046",0
120.2,-20.67,1995,9,"004046",0
120.2,-20.67,1995,10,"004046",0
120.2,-20.67,1995,11,"004046",0
120.2,-20.67,1995,12,"004046",45
120.2,-20.67,1996,1,"004046",0
120.2,-20.67,1996,2,"004046",116
120.2,-20.67,1996,3,"004046",127
120.2,-20.67,1996,4,"004046",93.1
120.2,-20.67,1996,5,"004046",11
120.2,-20.67,1996,6,"004046",21
120.2,-20.67,1996,7,"004046",6.7
120.2,-20.67,1996,8,"004046",0
120.2,-20.67,1996,9,"004046",0
120.2,-20.67,1996,10,"004046",10
120.2,-20.67,1996,11,"004046",0
120.2,-20.67,1996,12,"004046",184
120.2,-20.67,1997,1,"004046",508
120.2,-20.67,1997,2,"004046",99.7
120.2,-20.67,1997,3,"004046",0
120.2,-20.67,1997,4,"004046",0
120.2,-20.67,1997,5,"004046",101.9
120.2,-20.67,1997,6,"004046",0
120.2,-20.67,1997,7,"004046",24
120.2,-20.67,1997,8,"004046",5.2
120.2,-20.67,1997,9,"004046",0
120.2,-20.67,1997,10,"004046",3
120.2,-20.67,1997,11,"004046",12.5
120.2,-20.67,1997,12,"004046",5
120.2,-20.67,1998,1,"004046",44
120.2,-20.67,1998,2,"004046",27
120.2,-20.67,1998,3,"004046",58
120.2,-20.67,1998,4,"004046",13
120.2,-20.67,1998,5,"004046",1.8
120.2,-20.67,1998,6,"004046",58.6
120.2,-20.67,1998,7,"004046",0
120.2,-20.67,1998,8,"004046",9
120.2,-20.67,1998,9,"004046",0
120.2,-20.67,1998,10,"004046",0
120.2,-20.67,1998,11,"004046",9.2
120.2,-20.67,1998,12,"004046",184.8
120.2,-20.67,1999,1,"004046",31.4
120.2,-20.67,1999,2,"004046",203.3
120.2,-20.67,1999,3,"004046",190
120.2,-20.67,1999,4,"004046",135
120.2,-20.67,1999,5,"004046",0
120.2,-20.67,1999,6,"004046",15
120.2,-20.67,1999,7,"004046",8
120.2,-20.67,1999,8,"004046",0
120.2,-20.67,1999,9,"004046",0
120.2,-20.67,1999,10,"004046",9.6
120.2,-20.67,1999,11,"004046",5
120.2,-20.67,1999,12,"004046",137
120.2,-20.67,2000,1,"004046",290.4
120.2,-20.67,2000,2,"004046",174.9
120.2,-20.67,2000,3,"004046",485
120.2,-20.67,2000,4,"004046",24.6
120.2,-20.67,2000,5,"004046",59.6
120.2,-20.67,2000,6,"004046",0
120.2,-20.67,2000,7,"004046",0
120.2,-20.67,2000,8,"004046",0
120.2,-20.67,2000,9,"004046",0
120.2,-20.67,2000,10,"004046",0
120.2,-20.67,2000,11,"004046",0
120.2,-20.67,2000,12,"004046",86
120.2,-20.67,2001,1,"004046",NA
120.2,-20.67,2001,2,"004046",182
120.2,-20.67,2001,3,"004046",12.6
120.2,-20.67,2001,4,"004046",0
120.2,-20.67,2001,5,"004046",5
120.2,-20.67,2001,6,"004046",11
120.2,-20.67,2001,7,"004046",81.8
120.2,-20.67,2001,8,"004046",0
120.2,-20.67,2001,9,"004046",0
120.2,-20.67,2001,10,"004046",0
120.2,-20.67,2001,11,"004046",0
120.2,-20.67,2001,12,"004046",NA
120.2,-20.67,2002,1,"004046",20
120.2,-20.67,2002,2,"004046",246.9
120.2,-20.67,2002,3,"004046",NA
120.2,-20.67,2002,4,"004046",0
120.2,-20.67,2002,5,"004046",0
120.2,-20.67,2002,6,"004046",0
120.2,-20.67,2002,7,"004046",0
120.2,-20.67,2002,8,"004046",0
120.2,-20.67,2002,9,"004046",0
120.2,-20.67,2002,10,"004046",0
120.2,-20.67,2002,11,"004046",NA
120.2,-20.67,2002,12,"004046",3
120.2,-20.67,2003,1,"004046",124.5
120.2,-20.67,2003,2,"004046",181.6
120.2,-20.67,2003,3,"004046",118.1
120.2,-20.67,2003,4,"004046",22
120.2,-20.67,2003,5,"004046",0
120.2,-20.67,2003,6,"004046",4
120.2,-20.67,2003,7,"004046",0
120.2,-20.67,2003,8,"004046",5
120.2,-20.67,2003,9,"004046",0
120.2,-20.67,2003,10,"004046",0
120.2,-20.67,2003,11,"004046",0
120.2,-20.67,2003,12,"004046",3.2
120.2,-20.67,2004,1,"004046",0
120.2,-20.67,2004,2,"004046",152.6
120.2,-20.67,2004,3,"004046",350
120.2,-20.67,2004,4,"004046",1
120.2,-20.67,2004,5,"004046",18
120.2,-20.67,2004,6,"004046",NA
120.2,-20.67,2004,7,"004046",NA
120.2,-20.67,2004,8,"004046",NA
120.2,-20.67,2004,9,"004046",NA
120.2,-20.67,2004,10,"004046",NA
120.2,-20.67,2004,11,"004046",NA
120.2,-20.67,2004,12,"004046",0
120.2,-20.67,2005,1,"004046",24.2
120.2,-20.67,2005,2,"004046",24.2
120.2,-20.67,2005,3,"004046",18
120.2,-20.67,2005,4,"004046",1.2
120.2,-20.67,2005,5,"004046",0
120.2,-20.67,2005,6,"004046",3
120.2,-20.67,2005,7,"004046",140
120.2,-20.67,2005,8,"004046",0
120.2,-20.67,2005,9,"004046",0
120.2,-20.67,2005,10,"004046",0
120.2,-20.67,2005,11,"004046",0
120.2,-20.67,2005,12,"004046",27.2
120.2,-20.67,2006,1,"004046",100.4
120.2,-20.67,2006,2,"004046",NA
120.2,-20.67,2006,3,"004046",107
120.2,-20.67,2006,4,"004046",20
120.2,-20.67,2006,5,"004046",NA
120.2,-20.67,2006,6,"004046",NA
120.2,-20.67,2006,7,"004046",NA
120.2,-20.67,2006,8,"004046",NA
120.2,-20.67,2006,9,"004046",NA
120.2,-20.67,2006,10,"004046",11
120.2,-20.67,2006,11,"004046",22.4
120.2,-20.67,2006,12,"004046",NA
120.2,-20.67,2007,1,"004046",14.4
120.2,-20.67,2007,2,"004046",0
120.2,-20.67,2007,3,"004046",472
120.2,-20.67,2007,4,"004046",0
120.2,-20.67,2007,5,"004046",0
120.2,-20.67,2007,6,"004046",0
120.2,-20.67,2007,7,"004046",0
120.2,-20.67,2007,8,"004046",0
120.2,-20.67,2007,9,"004046",0
120.2,-20.67,2007,10,"004046",0
120.2,-20.67,2007,11,"004046",8
120.2,-20.67,2007,12,"004046",26.6
120.2,-20.67,2008,1,"004046",95.4
120.2,-20.67,2008,2,"004046",121.2
120.2,-20.67,2008,3,"004046",2
120.2,-20.67,2008,4,"004046",38.3
120.2,-20.67,2008,5,"004046",0
120.2,-20.67,2008,6,"004046",32
120.2,-20.67,2008,7,"004046",0
120.2,-20.67,2008,8,"004046",0
120.2,-20.67,2008,9,"004046",0
120.2,-20.67,2008,10,"004046",10
120.2,-20.67,2008,11,"004046",0
120.2,-20.67,2008,12,"004046",72.8
120.2,-20.67,2009,1,"004046",10.1
120.2,-20.67,2009,2,"004046",86.5
120.2,-20.67,2009,3,"004046",56.4
120.2,-20.67,2009,4,"004046",NA
120.2,-20.67,2009,5,"004046",NA
120.2,-20.67,2009,6,"004046",NA
120.2,-20.67,2009,7,"004046",0
120.2,-20.67,2009,8,"004046",0
120.2,-20.67,2009,9,"004046",0
120.2,-20.67,2009,10,"004046",0
120.2,-20.67,2009,11,"004046",10
120.2,-20.67,2009,12,"004046",162
120.2,-20.67,2010,1,"004046",53.4
120.2,-20.67,2010,2,"004046",38
120.2,-20.67,2010,3,"004046",10.9
120.2,-20.67,2010,4,"004046",0
120.2,-20.67,2010,5,"004046",13
120.2,-20.67,2010,6,"004046",0
120.2,-20.67,2010,7,"004046",80
120.2,-20.67,2010,8,"004046",0
120.2,-20.67,2010,9,"004046",23
120.2,-20.67,2010,10,"004046",0
120.2,-20.67,2010,11,"004046",6
120.2,-20.67,2010,12,"004046",14
120.2,-20.67,2011,1,"004046",73
120.2,-20.67,2011,2,"004046",173.7
120.2,-20.67,2011,3,"004046",49.4
120.2,-20.67,2011,4,"004046",4.6
120.2,-20.67,2011,5,"004046",13
120.2,-20.67,2011,6,"004046",NA
120.2,-20.67,2011,7,"004046",21.5
120.2,-20.67,2011,8,"004046",NA
120.2,-20.67,2011,9,"004046",NA
120.2,-20.67,2011,10,"004046",NA
120.2,-20.67,2011,11,"004046",10
120.2,-20.67,2011,12,"004046",21
120.2,-20.67,2012,1,"004046",320.4
120.2,-20.67,2012,2,"004046",31.2
120.2,-20.67,2012,3,"004046",173
120.2,-20.67,2012,4,"004046",7.2
120.2,-20.67,2012,5,"004046",NA
120.2,-20.67,2012,6,"004046",17.3
120.2,-20.67,2012,7,"004046",NA
120.2,-20.67,2012,8,"004046",NA
120.2,-20.67,2012,9,"004046",NA
120.2,-20.67,2012,10,"004046",9
120.2,-20.67,2012,11,"004046",4
120.2,-20.67,2012,12,"004046",105.1
120.2,-20.67,2013,1,"004046",60
120.2,-20.67,2013,2,"004046",437.6
120.2,-20.67,2013,3,"004046",28
120.2,-20.67,2013,4,"004046",95
120.2,-20.67,2013,5,"004046",33.6
120.2,-20.67,2013,6,"004046",112.6
120.2,-20.67,2013,7,"004046",NA
120.2,-20.67,2013,8,"004046",NA
120.2,-20.67,2013,9,"004046",NA
120.2,-20.67,2013,10,"004046",26
120.2,-20.67,2013,11,"004046",15
120.2,-20.67,2013,12,"004046",135
120.2,-20.67,2014,1,"004046",115.6
120.2,-20.67,2014,2,"004046",30
120.2,-20.67,2014,3,"004046",8.3
120.2,-20.67,2014,4,"004046",NA
120.2,-20.67,2014,5,"004046",NA
120.2,-20.67,2014,6,"004046",NA
120.2,-20.67,2014,7,"004046",46
120.2,-20.67,2014,8,"004046",NA
120.2,-20.67,2014,9,"004046",NA
120.2,-20.67,2014,10,"004046",NA
120.2,-20.67,2014,11,"004046",14
120.2,-20.67,2014,12,"004046",46.4
120.2,-20.67,2015,1,"004046",13
120.2,-20.67,2015,2,"004046",NA
120.2,-20.67,2015,3,"004046",123.5
120.2,-20.67,2015,4,"004046",79
120.2,-20.67,2015,5,"004046",16
120.2,-20.67,2015,6,"004046",0
120.2,-20.67,2015,7,"004046",0
120.2,-20.67,2015,8,"004046",0
120.2,-20.67,2015,9,"004046",0
120.2,-20.67,2015,10,"004046",7
120.2,-20.67,2015,11,"004046",0
120.2,-20.67,2015,12,"004046",6
120.2,-20.67,2016,1,"004046",73
120.2,-20.67,2016,2,"004046",24.6
120.2,-20.67,2016,3,"004046",4.4
120.2,-20.67,2016,4,"004046",0
120.2,-20.67,2016,5,"004046",4.3
120.2,-20.67,2016,6,"004046",NA
120.2,-20.67,2016,7,"004046",0
120.2,-20.67,2016,8,"004046",7.2
120.2,-20.67,2016,9,"004046",0
120.2,-20.67,2016,10,"004046",10
120.2,-20.67,2016,11,"004046",0
120.2,-20.67,2016,12,"004046",63
120.2,-20.67,2017,1,"004046",171.2
120.2,-20.67,2017,2,"004046",86.6
120.2,-20.67,2017,3,"004046",158.6
120.2,-20.67,2017,4,"004046",3
120.2,-20.67,2017,5,"004046",0
120.2,-20.67,2017,6,"004046",0
120.2,-20.67,2017,7,"004046",0
120.2,-20.67,2017,8,"004046",0
120.2,-20.67,2017,9,"004046",0
120.2,-20.67,2017,10,"004046",0
120.2,-20.67,2017,11,"004046",0
120.2,-20.67,2017,12,"004046",0
120.2,-20.67,2018,1,"004046",377
120.2,-20.67,2018,2,"004046",33
120.2,-20.67,2018,3,"004046",15.5
120.2,-20.67,2018,4,"004046",0
120.2,-20.67,2018,5,"004046",0
120.2,-20.67,2018,6,"004046",8
120.2,-20.67,2018,7,"004046",0
120.2,-20.67,2018,8,"004046",0
120.2,-20.67,2018,9,"004046",0
120.2,-20.67,2018,10,"004046",0
120.2,-20.67,2018,11,"004046",0
120.2,-20.67,2018,12,"004046",0
120.2,-20.67,2019,1,"004046",58.9
120.2,-20.67,2019,2,"004046",3
120.2,-20.67,2019,3,"004046",189.5
120.2,-20.67,2019,4,"004046",0
120.2,-20.67,2019,5,"004046",0
120.2,-20.67,2019,6,"004046",0
120.2,-20.67,2019,7,"004046",0
120.2,-20.67,2019,8,"004046",0
120.2,-20.67,2019,9,"004046",0
120.2,-20.67,2019,10,"004046",0
120.2,-20.67,2019,11,"004046",8.2
120.2,-20.67,2019,12,"004046",17.6
120.2,-20.67,2020,1,"004046",205
120.2,-20.67,2020,2,"004046",84.5
120.2,-20.67,2020,3,"004046",0
120.2,-20.67,2020,4,"004046",0
120.2,-20.67,2020,5,"004046",12
120.2,-20.67,2020,6,"004046",0
120.2,-20.67,2020,7,"004046",0
120.2,-20.67,2020,8,"004046",0
120.2,-20.67,2020,9,"004046",0
120.2,-20.67,2020,10,"004046",0
120.2,-20.67,2020,11,"004046",12
120.2,-20.67,2020,12,"004046",107
120.2,-20.67,2021,1,"004046",75
120.2,-20.67,2021,2,"004046",90.4
120.2,-20.67,2021,3,"004046",47
120.2,-20.67,2021,4,"004046",0
120.2,-20.67,2021,5,"004046",0
120.2,-20.67,2021,6,"004046",54
120.2,-20.67,2021,7,"004046",0
120.2,-20.67,2021,8,"004046",0
120.2,-20.67,2021,9,"004046",0
120.2,-20.67,2021,10,"004046",0
120.2,-20.67,2021,11,"004046",0
120.2,-20.67,2021,12,"004046",4
120.2,-20.67,2022,1,"004046",90.3
120.2,-20.67,2022,2,"004046",23.2
120.2,-20.67,2022,3,"004046",NA
120.2,-20.67,2022,4,"004046",NA
120.2,-20.67,2022,5,"004046",NA
120.2,-20.67,2022,6,"004046",NA
120.2,-20.67,2022,7,"004046",NA
120.2,-20.67,2022,8,"004046",NA
120.2,-20.67,2022,9,"004046",NA
120.2,-20.67,2022,10,"004046",NA
120.2,-20.67,2022,11,"004046",NA
120.2,-20.67,2022,12,"004046",NA
