"Lon","Lat","Year","Month","Station","Rain"
151.57,-24.33,2006,1,"039199",NA
151.57,-24.33,2006,2,"039199",NA
151.57,-24.33,2006,3,"039199",NA
151.57,-24.33,2006,4,"039199",NA
151.57,-24.33,2006,5,"039199",NA
151.57,-24.33,2006,6,"039199",NA
151.57,-24.33,2006,7,"039199",NA
151.57,-24.33,2006,8,"039199",84.6
151.57,-24.33,2006,9,"039199",57.6
151.57,-24.33,2006,10,"039199",2.2
151.57,-24.33,2006,11,"039199",97.8
151.57,-24.33,2006,12,"039199",84.6
151.57,-24.33,2007,1,"039199",33.4
151.57,-24.33,2007,2,"039199",26
151.57,-24.33,2007,3,"039199",59.8
151.57,-24.33,2007,4,"039199",19.6
151.57,-24.33,2007,5,"039199",9.8
151.57,-24.33,2007,6,"039199",158
151.57,-24.33,2007,7,"039199",1.6
151.57,-24.33,2007,8,"039199",44.6
151.57,-24.33,2007,9,"039199",48.6
151.57,-24.33,2007,10,"039199",NA
151.57,-24.33,2007,11,"039199",131.8
151.57,-24.33,2007,12,"039199",172.8
151.57,-24.33,2008,1,"039199",162.4
151.57,-24.33,2008,2,"039199",NA
151.57,-24.33,2008,3,"039199",NA
151.57,-24.33,2008,4,"039199",0.8
151.57,-24.33,2008,5,"039199",80.6
151.57,-24.33,2008,6,"039199",50.4
151.57,-24.33,2008,7,"039199",126.2
151.57,-24.33,2008,8,"039199",2
151.57,-24.33,2008,9,"039199",24.4
151.57,-24.33,2008,10,"039199",77.4
151.57,-24.33,2008,11,"039199",126.4
151.57,-24.33,2008,12,"039199",43
151.57,-24.33,2009,1,"039199",155.8
151.57,-24.33,2009,2,"039199",256.2
151.57,-24.33,2009,3,"039199",60
151.57,-24.33,2009,4,"039199",68.2
151.57,-24.33,2009,5,"039199",20.8
151.57,-24.33,2009,6,"039199",20.2
151.57,-24.33,2009,7,"039199",0
151.57,-24.33,2009,8,"039199",0.2
151.57,-24.33,2009,9,"039199",8.8
151.57,-24.33,2009,10,"039199",8.4
151.57,-24.33,2009,11,"039199",42.4
151.57,-24.33,2009,12,"039199",344.4
151.57,-24.33,2010,1,"039199",77.8
151.57,-24.33,2010,2,"039199",397.2
151.57,-24.33,2010,3,"039199",185.8
151.57,-24.33,2010,4,"039199",99.6
151.57,-24.33,2010,5,"039199",19.8
151.57,-24.33,2010,6,"039199",13.2
151.57,-24.33,2010,7,"039199",32.4
151.57,-24.33,2010,8,"039199",102.2
151.57,-24.33,2010,9,"039199",137.4
151.57,-24.33,2010,10,"039199",61
151.57,-24.33,2010,11,"039199",162.6
151.57,-24.33,2010,12,"039199",825.2
151.57,-24.33,2011,1,"039199",239.4
151.57,-24.33,2011,2,"039199",77
151.57,-24.33,2011,3,"039199",NA
151.57,-24.33,2011,4,"039199",NA
151.57,-24.33,2011,5,"039199",NA
151.57,-24.33,2011,6,"039199",NA
151.57,-24.33,2011,7,"039199",0
151.57,-24.33,2011,8,"039199",48.6
151.57,-24.33,2011,9,"039199",13.8
151.57,-24.33,2011,10,"039199",43.6
151.57,-24.33,2011,11,"039199",3.4
151.57,-24.33,2011,12,"039199",125.6
151.57,-24.33,2012,1,"039199",389
151.57,-24.33,2012,2,"039199",203.8
151.57,-24.33,2012,3,"039199",204.8
151.57,-24.33,2012,4,"039199",17
151.57,-24.33,2012,5,"039199",17
151.57,-24.33,2012,6,"039199",41.6
151.57,-24.33,2012,7,"039199",39.2
151.57,-24.33,2012,8,"039199",39.2
151.57,-24.33,2012,9,"039199",12.2
151.57,-24.33,2012,10,"039199",71
151.57,-24.33,2012,11,"039199",77.2
151.57,-24.33,2012,12,"039199",27.4
151.57,-24.33,2013,1,"039199",767.4
151.57,-24.33,2013,2,"039199",262.2
151.57,-24.33,2013,3,"039199",178.8
151.57,-24.33,2013,4,"039199",NA
151.57,-24.33,2013,5,"039199",NA
151.57,-24.33,2013,6,"039199",NA
151.57,-24.33,2013,7,"039199",NA
151.57,-24.33,2013,8,"039199",NA
151.57,-24.33,2013,9,"039199",NA
151.57,-24.33,2013,10,"039199",NA
151.57,-24.33,2013,11,"039199",NA
151.57,-24.33,2013,12,"039199",NA
