"Lon","Lat","Year","Month","Station","Rain"
149.9,-31.46,1882,1,"055071",0
149.9,-31.46,1882,2,"055071",47
149.9,-31.46,1882,3,"055071",8.2
149.9,-31.46,1882,4,"055071",59
149.9,-31.46,1882,5,"055071",63.2
149.9,-31.46,1882,6,"055071",49.9
149.9,-31.46,1882,7,"055071",30.8
149.9,-31.46,1882,8,"055071",13.8
149.9,-31.46,1882,9,"055071",2.6
149.9,-31.46,1882,10,"055071",76.4
149.9,-31.46,1882,11,"055071",75.7
149.9,-31.46,1882,12,"055071",38.6
149.9,-31.46,1883,1,"055071",38.3
149.9,-31.46,1883,2,"055071",83.5
149.9,-31.46,1883,3,"055071",2.3
149.9,-31.46,1883,4,"055071",91.4
149.9,-31.46,1883,5,"055071",65.1
149.9,-31.46,1883,6,"055071",9.7
149.9,-31.46,1883,7,"055071",3.1
149.9,-31.46,1883,8,"055071",38.8
149.9,-31.46,1883,9,"055071",41.8
149.9,-31.46,1883,10,"055071",64.8
149.9,-31.46,1883,11,"055071",27.7
149.9,-31.46,1883,12,"055071",11.2
149.9,-31.46,1884,1,"055071",49.3
149.9,-31.46,1884,2,"055071",37.2
149.9,-31.46,1884,3,"055071",5.6
149.9,-31.46,1884,4,"055071",77.8
149.9,-31.46,1884,5,"055071",11.8
149.9,-31.46,1884,6,"055071",62.3
149.9,-31.46,1884,7,"055071",45.7
149.9,-31.46,1884,8,"055071",12.4
149.9,-31.46,1884,9,"055071",83.1
149.9,-31.46,1884,10,"055071",31.2
149.9,-31.46,1884,11,"055071",68
149.9,-31.46,1884,12,"055071",38.4
149.9,-31.46,1885,1,"055071",47.4
149.9,-31.46,1885,2,"055071",57.5
149.9,-31.46,1885,3,"055071",55.3
149.9,-31.46,1885,4,"055071",26.2
149.9,-31.46,1885,5,"055071",21.7
149.9,-31.46,1885,6,"055071",86.5
149.9,-31.46,1885,7,"055071",11.4
149.9,-31.46,1885,8,"055071",0.5
149.9,-31.46,1885,9,"055071",19.9
149.9,-31.46,1885,10,"055071",10.4
149.9,-31.46,1885,11,"055071",46.2
149.9,-31.46,1885,12,"055071",85.8
149.9,-31.46,1886,1,"055071",84.7
149.9,-31.46,1886,2,"055071",6.8
149.9,-31.46,1886,3,"055071",15.1
149.9,-31.46,1886,4,"055071",65.9
149.9,-31.46,1886,5,"055071",90.1
149.9,-31.46,1886,6,"055071",62.5
149.9,-31.46,1886,7,"055071",72.1
149.9,-31.46,1886,8,"055071",132.7
149.9,-31.46,1886,9,"055071",10.4
149.9,-31.46,1886,10,"055071",79.1
149.9,-31.46,1886,11,"055071",80.2
149.9,-31.46,1886,12,"055071",92.4
149.9,-31.46,1887,1,"055071",251.4
149.9,-31.46,1887,2,"055071",113.3
149.9,-31.46,1887,3,"055071",104.1
149.9,-31.46,1887,4,"055071",129
149.9,-31.46,1887,5,"055071",22.7
149.9,-31.46,1887,6,"055071",30.1
149.9,-31.46,1887,7,"055071",92
149.9,-31.46,1887,8,"055071",106.8
149.9,-31.46,1887,9,"055071",6.1
149.9,-31.46,1887,10,"055071",49.8
149.9,-31.46,1887,11,"055071",92.5
149.9,-31.46,1887,12,"055071",150.7
149.9,-31.46,1888,1,"055071",20.4
149.9,-31.46,1888,2,"055071",117.9
149.9,-31.46,1888,3,"055071",28.5
149.9,-31.46,1888,4,"055071",0
149.9,-31.46,1888,5,"055071",55.8
149.9,-31.46,1888,6,"055071",10.4
149.9,-31.46,1888,7,"055071",17.8
149.9,-31.46,1888,8,"055071",0
149.9,-31.46,1888,9,"055071",64.7
149.9,-31.46,1888,10,"055071",11.2
149.9,-31.46,1888,11,"055071",6.7
149.9,-31.46,1888,12,"055071",46
149.9,-31.46,1889,1,"055071",59.5
149.9,-31.46,1889,2,"055071",61.7
149.9,-31.46,1889,3,"055071",42.6
149.9,-31.46,1889,4,"055071",124
149.9,-31.46,1889,5,"055071",132.8
149.9,-31.46,1889,6,"055071",74.8
149.9,-31.46,1889,7,"055071",21.7
149.9,-31.46,1889,8,"055071",31.5
149.9,-31.46,1889,9,"055071",27.9
149.9,-31.46,1889,10,"055071",109
149.9,-31.46,1889,11,"055071",75.4
149.9,-31.46,1889,12,"055071",132.9
149.9,-31.46,1890,1,"055071",78.7
149.9,-31.46,1890,2,"055071",201.1
149.9,-31.46,1890,3,"055071",99.6
149.9,-31.46,1890,4,"055071",37.8
149.9,-31.46,1890,5,"055071",122.2
149.9,-31.46,1890,6,"055071",78
149.9,-31.46,1890,7,"055071",43.7
149.9,-31.46,1890,8,"055071",35
149.9,-31.46,1890,9,"055071",87.5
149.9,-31.46,1890,10,"055071",38.6
149.9,-31.46,1890,11,"055071",24.7
149.9,-31.46,1890,12,"055071",63.5
149.9,-31.46,1891,1,"055071",187.5
149.9,-31.46,1891,2,"055071",18.8
149.9,-31.46,1891,3,"055071",58.2
149.9,-31.46,1891,4,"055071",39.6
149.9,-31.46,1891,5,"055071",53.8
149.9,-31.46,1891,6,"055071",65.8
149.9,-31.46,1891,7,"055071",62.6
149.9,-31.46,1891,8,"055071",82.2
149.9,-31.46,1891,9,"055071",130.2
149.9,-31.46,1891,10,"055071",28.8
149.9,-31.46,1891,11,"055071",62.8
149.9,-31.46,1891,12,"055071",54
149.9,-31.46,1892,1,"055071",42.7
149.9,-31.46,1892,2,"055071",61
149.9,-31.46,1892,3,"055071",37.8
149.9,-31.46,1892,4,"055071",40.8
149.9,-31.46,1892,5,"055071",128.9
149.9,-31.46,1892,6,"055071",33.9
149.9,-31.46,1892,7,"055071",53
149.9,-31.46,1892,8,"055071",16.8
149.9,-31.46,1892,9,"055071",154
149.9,-31.46,1892,10,"055071",90.1
149.9,-31.46,1892,11,"055071",34.4
149.9,-31.46,1892,12,"055071",95.3
149.9,-31.46,1893,1,"055071",53.8
149.9,-31.46,1893,2,"055071",40.9
149.9,-31.46,1893,3,"055071",124
149.9,-31.46,1893,4,"055071",62.6
149.9,-31.46,1893,5,"055071",53.4
149.9,-31.46,1893,6,"055071",65
149.9,-31.46,1893,7,"055071",62.5
149.9,-31.46,1893,8,"055071",76.1
149.9,-31.46,1893,9,"055071",14.1
149.9,-31.46,1893,10,"055071",87.9
149.9,-31.46,1893,11,"055071",45.3
149.9,-31.46,1893,12,"055071",31.5
149.9,-31.46,1894,1,"055071",71.1
149.9,-31.46,1894,2,"055071",42.2
149.9,-31.46,1894,3,"055071",288.9
149.9,-31.46,1894,4,"055071",76.4
149.9,-31.46,1894,5,"055071",16.5
149.9,-31.46,1894,6,"055071",54.6
149.9,-31.46,1894,7,"055071",27.8
149.9,-31.46,1894,8,"055071",32
149.9,-31.46,1894,9,"055071",30.7
149.9,-31.46,1894,10,"055071",91.9
149.9,-31.46,1894,11,"055071",19.5
149.9,-31.46,1894,12,"055071",82.3
149.9,-31.46,1895,1,"055071",147.9
149.9,-31.46,1895,2,"055071",44.7
149.9,-31.46,1895,3,"055071",0
149.9,-31.46,1895,4,"055071",4.9
149.9,-31.46,1895,5,"055071",38.7
149.9,-31.46,1895,6,"055071",22.4
149.9,-31.46,1895,7,"055071",20.2
149.9,-31.46,1895,8,"055071",25
149.9,-31.46,1895,9,"055071",69.4
149.9,-31.46,1895,10,"055071",39.8
149.9,-31.46,1895,11,"055071",74.4
149.9,-31.46,1895,12,"055071",128.5
149.9,-31.46,1896,1,"055071",67.4
149.9,-31.46,1896,2,"055071",159.8
149.9,-31.46,1896,3,"055071",67.8
149.9,-31.46,1896,4,"055071",48.2
149.9,-31.46,1896,5,"055071",74.3
149.9,-31.46,1896,6,"055071",44.6
149.9,-31.46,1896,7,"055071",26.8
149.9,-31.46,1896,8,"055071",41.9
149.9,-31.46,1896,9,"055071",26
149.9,-31.46,1896,10,"055071",23.7
149.9,-31.46,1896,11,"055071",43.1
149.9,-31.46,1896,12,"055071",73.5
149.9,-31.46,1897,1,"055071",87.2
149.9,-31.46,1897,2,"055071",24.6
149.9,-31.46,1897,3,"055071",19
149.9,-31.46,1897,4,"055071",0
149.9,-31.46,1897,5,"055071",48.2
149.9,-31.46,1897,6,"055071",40.7
149.9,-31.46,1897,7,"055071",77.9
149.9,-31.46,1897,8,"055071",17.8
149.9,-31.46,1897,9,"055071",61.2
149.9,-31.46,1897,10,"055071",59.2
149.9,-31.46,1897,11,"055071",2.5
149.9,-31.46,1897,12,"055071",64.7
149.9,-31.46,1898,1,"055071",143.6
149.9,-31.46,1898,2,"055071",155.7
149.9,-31.46,1898,3,"055071",0
149.9,-31.46,1898,4,"055071",0
149.9,-31.46,1898,5,"055071",29.4
149.9,-31.46,1898,6,"055071",107.2
149.9,-31.46,1898,7,"055071",9.1
149.9,-31.46,1898,8,"055071",61.7
149.9,-31.46,1898,9,"055071",53.2
149.9,-31.46,1898,10,"055071",31.3
149.9,-31.46,1898,11,"055071",15.5
149.9,-31.46,1898,12,"055071",15.8
149.9,-31.46,1899,1,"055071",67.2
149.9,-31.46,1899,2,"055071",7.6
149.9,-31.46,1899,3,"055071",14.2
149.9,-31.46,1899,4,"055071",51.8
149.9,-31.46,1899,5,"055071",3.4
149.9,-31.46,1899,6,"055071",61.6
149.9,-31.46,1899,7,"055071",56.5
149.9,-31.46,1899,8,"055071",66.6
149.9,-31.46,1899,9,"055071",26.6
149.9,-31.46,1899,10,"055071",24.9
149.9,-31.46,1899,11,"055071",44.4
149.9,-31.46,1899,12,"055071",9.4
149.9,-31.46,1900,1,"055071",17.1
149.9,-31.46,1900,2,"055071",44.4
149.9,-31.46,1900,3,"055071",77.4
149.9,-31.46,1900,4,"055071",34.4
149.9,-31.46,1900,5,"055071",62.8
149.9,-31.46,1900,6,"055071",65
149.9,-31.46,1900,7,"055071",54.6
149.9,-31.46,1900,8,"055071",30.5
149.9,-31.46,1900,9,"055071",25.3
149.9,-31.46,1900,10,"055071",7.6
149.9,-31.46,1900,11,"055071",49.8
149.9,-31.46,1900,12,"055071",87
149.9,-31.46,1901,1,"055071",20.6
149.9,-31.46,1901,2,"055071",0
149.9,-31.46,1901,3,"055071",91.4
149.9,-31.46,1901,4,"055071",43.6
149.9,-31.46,1901,5,"055071",56.4
149.9,-31.46,1901,6,"055071",35.1
149.9,-31.46,1901,7,"055071",6.8
149.9,-31.46,1901,8,"055071",89.5
149.9,-31.46,1901,9,"055071",19.1
149.9,-31.46,1901,10,"055071",39.6
149.9,-31.46,1901,11,"055071",73.6
149.9,-31.46,1901,12,"055071",0
149.9,-31.46,1902,1,"055071",3.6
149.9,-31.46,1902,2,"055071",34.5
149.9,-31.46,1902,3,"055071",13.2
149.9,-31.46,1902,4,"055071",0
149.9,-31.46,1902,5,"055071",5.3
149.9,-31.46,1902,6,"055071",27.4
149.9,-31.46,1902,7,"055071",5.1
149.9,-31.46,1902,8,"055071",63.3
149.9,-31.46,1902,9,"055071",30.5
149.9,-31.46,1902,10,"055071",42.4
149.9,-31.46,1902,11,"055071",46.2
149.9,-31.46,1902,12,"055071",124.6
149.9,-31.46,1903,1,"055071",6.4
149.9,-31.46,1903,2,"055071",117.8
149.9,-31.46,1903,3,"055071",40.4
149.9,-31.46,1903,4,"055071",115.2
149.9,-31.46,1903,5,"055071",65.5
149.9,-31.46,1903,6,"055071",4.9
149.9,-31.46,1903,7,"055071",43.2
149.9,-31.46,1903,8,"055071",45.8
149.9,-31.46,1903,9,"055071",125.8
149.9,-31.46,1903,10,"055071",60.7
149.9,-31.46,1903,11,"055071",64
149.9,-31.46,1903,12,"055071",84.8
149.9,-31.46,1904,1,"055071",54.9
149.9,-31.46,1904,2,"055071",181.1
149.9,-31.46,1904,3,"055071",59.1
149.9,-31.46,1904,4,"055071",98.5
149.9,-31.46,1904,5,"055071",21.6
149.9,-31.46,1904,6,"055071",27.2
149.9,-31.46,1904,7,"055071",41.4
149.9,-31.46,1904,8,"055071",35.6
149.9,-31.46,1904,9,"055071",17.1
149.9,-31.46,1904,10,"055071",87
149.9,-31.46,1904,11,"055071",37.9
149.9,-31.46,1904,12,"055071",34.6
149.9,-31.46,1905,1,"055071",19.6
149.9,-31.46,1905,2,"055071",55.1
149.9,-31.46,1905,3,"055071",42.6
149.9,-31.46,1905,4,"055071",96.5
149.9,-31.46,1905,5,"055071",74.2
149.9,-31.46,1905,6,"055071",34.5
149.9,-31.46,1905,7,"055071",31.6
149.9,-31.46,1905,8,"055071",28.4
149.9,-31.46,1905,9,"055071",5.9
149.9,-31.46,1905,10,"055071",28.5
149.9,-31.46,1905,11,"055071",19.2
149.9,-31.46,1905,12,"055071",35
149.9,-31.46,1906,1,"055071",9.1
149.9,-31.46,1906,2,"055071",34
149.9,-31.46,1906,3,"055071",89.2
149.9,-31.46,1906,4,"055071",52.2
149.9,-31.46,1906,5,"055071",18.5
149.9,-31.46,1906,6,"055071",46
149.9,-31.46,1906,7,"055071",12.8
149.9,-31.46,1906,8,"055071",140.5
149.9,-31.46,1906,9,"055071",117.2
149.9,-31.46,1906,10,"055071",67.8
149.9,-31.46,1906,11,"055071",115.7
149.9,-31.46,1906,12,"055071",54.3
149.9,-31.46,1907,1,"055071",84.7
149.9,-31.46,1907,2,"055071",9.7
149.9,-31.46,1907,3,"055071",71.1
149.9,-31.46,1907,4,"055071",23.9
149.9,-31.46,1907,5,"055071",11.9
149.9,-31.46,1907,6,"055071",70.4
149.9,-31.46,1907,7,"055071",34.9
149.9,-31.46,1907,8,"055071",44.2
149.9,-31.46,1907,9,"055071",18.5
149.9,-31.46,1907,10,"055071",9.4
149.9,-31.46,1907,11,"055071",86.1
149.9,-31.46,1907,12,"055071",109.5
149.9,-31.46,1908,1,"055071",24.9
149.9,-31.46,1908,2,"055071",140.5
149.9,-31.46,1908,3,"055071",126.6
149.9,-31.46,1908,4,"055071",24.9
149.9,-31.46,1908,5,"055071",24.6
149.9,-31.46,1908,6,"055071",35.3
149.9,-31.46,1908,7,"055071",20.4
149.9,-31.46,1908,8,"055071",33
149.9,-31.46,1908,9,"055071",62.8
149.9,-31.46,1908,10,"055071",65.8
149.9,-31.46,1908,11,"055071",121.4
149.9,-31.46,1908,12,"055071",52.1
149.9,-31.46,1909,1,"055071",29.5
149.9,-31.46,1909,2,"055071",140.8
149.9,-31.46,1909,3,"055071",23.9
149.9,-31.46,1909,4,"055071",62.7
149.9,-31.46,1909,5,"055071",15.9
149.9,-31.46,1909,6,"055071",107.9
149.9,-31.46,1909,7,"055071",28.2
149.9,-31.46,1909,8,"055071",120.1
149.9,-31.46,1909,9,"055071",40.6
149.9,-31.46,1909,10,"055071",41
149.9,-31.46,1909,11,"055071",53.6
149.9,-31.46,1909,12,"055071",119.1
149.9,-31.46,1910,1,"055071",198.1
149.9,-31.46,1910,2,"055071",4.3
149.9,-31.46,1910,3,"055071",60.2
149.9,-31.46,1910,4,"055071",13.4
149.9,-31.46,1910,5,"055071",23.1
149.9,-31.46,1910,6,"055071",125.9
149.9,-31.46,1910,7,"055071",29.5
149.9,-31.46,1910,8,"055071",15.8
149.9,-31.46,1910,9,"055071",29.6
149.9,-31.46,1910,10,"055071",94
149.9,-31.46,1910,11,"055071",31.6
149.9,-31.46,1910,12,"055071",104.9
149.9,-31.46,1911,1,"055071",107.8
149.9,-31.46,1911,2,"055071",153.9
149.9,-31.46,1911,3,"055071",44.7
149.9,-31.46,1911,4,"055071",6.6
149.9,-31.46,1911,5,"055071",39.3
149.9,-31.46,1911,6,"055071",21.7
149.9,-31.46,1911,7,"055071",68.6
149.9,-31.46,1911,8,"055071",29.6
149.9,-31.46,1911,9,"055071",63.7
149.9,-31.46,1911,10,"055071",32.4
149.9,-31.46,1911,11,"055071",154.8
149.9,-31.46,1911,12,"055071",47.3
149.9,-31.46,1912,1,"055071",39.1
149.9,-31.46,1912,2,"055071",27.8
149.9,-31.46,1912,3,"055071",13.2
149.9,-31.46,1912,4,"055071",3
149.9,-31.46,1912,5,"055071",3.6
149.9,-31.46,1912,6,"055071",92.2
149.9,-31.46,1912,7,"055071",120.2
149.9,-31.46,1912,8,"055071",47.9
149.9,-31.46,1912,9,"055071",12.2
149.9,-31.46,1912,10,"055071",48.8
149.9,-31.46,1912,11,"055071",17.2
149.9,-31.46,1912,12,"055071",10.6
149.9,-31.46,1913,1,"055071",32.1
149.9,-31.46,1913,2,"055071",109.2
149.9,-31.46,1913,3,"055071",78.2
149.9,-31.46,1913,4,"055071",103.7
149.9,-31.46,1913,5,"055071",111.4
149.9,-31.46,1913,6,"055071",45.3
149.9,-31.46,1913,7,"055071",16.7
149.9,-31.46,1913,8,"055071",12.6
149.9,-31.46,1913,9,"055071",32.9
149.9,-31.46,1913,10,"055071",50.8
149.9,-31.46,1913,11,"055071",14
149.9,-31.46,1913,12,"055071",27.5
149.9,-31.46,1914,1,"055071",26.5
149.9,-31.46,1914,2,"055071",97.6
149.9,-31.46,1914,3,"055071",96.8
149.9,-31.46,1914,4,"055071",34.8
149.9,-31.46,1914,5,"055071",46.9
149.9,-31.46,1914,6,"055071",3.8
149.9,-31.46,1914,7,"055071",67.9
149.9,-31.46,1914,8,"055071",0
149.9,-31.46,1914,9,"055071",13
149.9,-31.46,1914,10,"055071",12.8
149.9,-31.46,1914,11,"055071",100.2
149.9,-31.46,1914,12,"055071",134.6
149.9,-31.46,1915,1,"055071",47
149.9,-31.46,1915,2,"055071",20.3
149.9,-31.46,1915,3,"055071",51.4
149.9,-31.46,1915,4,"055071",22.1
149.9,-31.46,1915,5,"055071",55.5
149.9,-31.46,1915,6,"055071",43.9
149.9,-31.46,1915,7,"055071",52.9
149.9,-31.46,1915,8,"055071",37.1
149.9,-31.46,1915,9,"055071",29
149.9,-31.46,1915,10,"055071",57.3
149.9,-31.46,1915,11,"055071",5.1
149.9,-31.46,1915,12,"055071",72.5
149.9,-31.46,1916,1,"055071",18.6
149.9,-31.46,1916,2,"055071",19.8
149.9,-31.46,1916,3,"055071",19.3
149.9,-31.46,1916,4,"055071",108.4
149.9,-31.46,1916,5,"055071",19.8
149.9,-31.46,1916,6,"055071",148.6
149.9,-31.46,1916,7,"055071",139.1
149.9,-31.46,1916,8,"055071",86.7
149.9,-31.46,1916,9,"055071",68.9
149.9,-31.46,1916,10,"055071",75.3
149.9,-31.46,1916,11,"055071",86.5
149.9,-31.46,1916,12,"055071",154.1
149.9,-31.46,1917,1,"055071",110.7
149.9,-31.46,1917,2,"055071",39.9
149.9,-31.46,1917,3,"055071",7.3
149.9,-31.46,1917,4,"055071",30.2
149.9,-31.46,1917,5,"055071",11.5
149.9,-31.46,1917,6,"055071",63.5
149.9,-31.46,1917,7,"055071",34.3
149.9,-31.46,1917,8,"055071",39.5
149.9,-31.46,1917,9,"055071",122.8
149.9,-31.46,1917,10,"055071",94.6
149.9,-31.46,1917,11,"055071",125.7
149.9,-31.46,1917,12,"055071",62.8
149.9,-31.46,1918,1,"055071",133.6
149.9,-31.46,1918,2,"055071",10.7
149.9,-31.46,1918,3,"055071",8.9
149.9,-31.46,1918,4,"055071",20.1
149.9,-31.46,1918,5,"055071",17.3
149.9,-31.46,1918,6,"055071",8.1
149.9,-31.46,1918,7,"055071",32.8
149.9,-31.46,1918,8,"055071",126.4
149.9,-31.46,1918,9,"055071",7.6
149.9,-31.46,1918,10,"055071",15.2
149.9,-31.46,1918,11,"055071",22
149.9,-31.46,1918,12,"055071",12.1
149.9,-31.46,1919,1,"055071",23.1
149.9,-31.46,1919,2,"055071",37.9
149.9,-31.46,1919,3,"055071",13.1
149.9,-31.46,1919,4,"055071",14.3
149.9,-31.46,1919,5,"055071",67.9
149.9,-31.46,1919,6,"055071",13.2
149.9,-31.46,1919,7,"055071",20.6
149.9,-31.46,1919,8,"055071",30.3
149.9,-31.46,1919,9,"055071",3.3
149.9,-31.46,1919,10,"055071",13.5
149.9,-31.46,1919,11,"055071",12.9
149.9,-31.46,1919,12,"055071",48
149.9,-31.46,1920,1,"055071",59.4
149.9,-31.46,1920,2,"055071",40.1
149.9,-31.46,1920,3,"055071",3
149.9,-31.46,1920,4,"055071",11.7
149.9,-31.46,1920,5,"055071",19.6
149.9,-31.46,1920,6,"055071",236.4
149.9,-31.46,1920,7,"055071",268.3
149.9,-31.46,1920,8,"055071",64.3
149.9,-31.46,1920,9,"055071",53.9
149.9,-31.46,1920,10,"055071",8.9
149.9,-31.46,1920,11,"055071",60.3
149.9,-31.46,1920,12,"055071",138.3
149.9,-31.46,1921,1,"055071",29
149.9,-31.46,1921,2,"055071",23.7
149.9,-31.46,1921,3,"055071",101.4
149.9,-31.46,1921,4,"055071",155.5
149.9,-31.46,1921,5,"055071",106.8
149.9,-31.46,1921,6,"055071",107.4
149.9,-31.46,1921,7,"055071",98.3
149.9,-31.46,1921,8,"055071",22.5
149.9,-31.46,1921,9,"055071",31.3
149.9,-31.46,1921,10,"055071",51
149.9,-31.46,1921,11,"055071",104.9
149.9,-31.46,1921,12,"055071",103
149.9,-31.46,1922,1,"055071",63
149.9,-31.46,1922,2,"055071",20.3
149.9,-31.46,1922,3,"055071",9.9
149.9,-31.46,1922,4,"055071",19.8
149.9,-31.46,1922,5,"055071",2.3
149.9,-31.46,1922,6,"055071",34.1
149.9,-31.46,1922,7,"055071",69.8
149.9,-31.46,1922,8,"055071",10.7
149.9,-31.46,1922,9,"055071",16.7
149.9,-31.46,1922,10,"055071",32.8
149.9,-31.46,1922,11,"055071",36.1
149.9,-31.46,1922,12,"055071",252.7
149.9,-31.46,1923,1,"055071",34.3
149.9,-31.46,1923,2,"055071",17
149.9,-31.46,1923,3,"055071",23.7
149.9,-31.46,1923,4,"055071",0
149.9,-31.46,1923,5,"055071",7.4
149.9,-31.46,1923,6,"055071",100.9
149.9,-31.46,1923,7,"055071",48.1
149.9,-31.46,1923,8,"055071",8.3
149.9,-31.46,1923,9,"055071",75.5
149.9,-31.46,1923,10,"055071",41.4
149.9,-31.46,1923,11,"055071",76.7
149.9,-31.46,1923,12,"055071",94.9
149.9,-31.46,1924,1,"055071",85
149.9,-31.46,1924,2,"055071",91.5
149.9,-31.46,1924,3,"055071",38.4
149.9,-31.46,1924,4,"055071",53
149.9,-31.46,1924,5,"055071",9.9
149.9,-31.46,1924,6,"055071",20.9
149.9,-31.46,1924,7,"055071",66.4
149.9,-31.46,1924,8,"055071",29.5
149.9,-31.46,1924,9,"055071",81.8
149.9,-31.46,1924,10,"055071",76.9
149.9,-31.46,1924,11,"055071",178.5
149.9,-31.46,1924,12,"055071",42.9
149.9,-31.46,1925,1,"055071",35
149.9,-31.46,1925,2,"055071",64.1
149.9,-31.46,1925,3,"055071",27.8
149.9,-31.46,1925,4,"055071",1.5
149.9,-31.46,1925,5,"055071",53.6
149.9,-31.46,1925,6,"055071",27.4
149.9,-31.46,1925,7,"055071",31
149.9,-31.46,1925,8,"055071",44.7
149.9,-31.46,1925,9,"055071",9.9
149.9,-31.46,1925,10,"055071",11
149.9,-31.46,1925,11,"055071",63.3
149.9,-31.46,1925,12,"055071",24.1
149.9,-31.46,1926,1,"055071",46
149.9,-31.46,1926,2,"055071",16.2
149.9,-31.46,1926,3,"055071",186.5
149.9,-31.46,1926,4,"055071",86.7
149.9,-31.46,1926,5,"055071",94.8
149.9,-31.46,1926,6,"055071",14.7
149.9,-31.46,1926,7,"055071",40.6
149.9,-31.46,1926,8,"055071",30
149.9,-31.46,1926,9,"055071",87.2
149.9,-31.46,1926,10,"055071",22.6
149.9,-31.46,1926,11,"055071",11.2
149.9,-31.46,1926,12,"055071",253.8
149.9,-31.46,1927,1,"055071",35.8
149.9,-31.46,1927,2,"055071",2
149.9,-31.46,1927,3,"055071",25.9
149.9,-31.46,1927,4,"055071",65.5
149.9,-31.46,1927,5,"055071",5.3
149.9,-31.46,1927,6,"055071",30
149.9,-31.46,1927,7,"055071",3.1
149.9,-31.46,1927,8,"055071",42.3
149.9,-31.46,1927,9,"055071",9.9
149.9,-31.46,1927,10,"055071",66.4
149.9,-31.46,1927,11,"055071",88.4
149.9,-31.46,1927,12,"055071",91.3
149.9,-31.46,1928,1,"055071",108.8
149.9,-31.46,1928,2,"055071",150.9
149.9,-31.46,1928,3,"055071",101.6
149.9,-31.46,1928,4,"055071",54.2
149.9,-31.46,1928,5,"055071",21.1
149.9,-31.46,1928,6,"055071",34
149.9,-31.46,1928,7,"055071",59.9
149.9,-31.46,1928,8,"055071",2.5
149.9,-31.46,1928,9,"055071",4.1
149.9,-31.46,1928,10,"055071",24.5
149.9,-31.46,1928,11,"055071",26.1
149.9,-31.46,1928,12,"055071",57.7
149.9,-31.46,1929,1,"055071",33.6
149.9,-31.46,1929,2,"055071",106
149.9,-31.46,1929,3,"055071",55.6
149.9,-31.46,1929,4,"055071",98.1
149.9,-31.46,1929,5,"055071",13.3
149.9,-31.46,1929,6,"055071",10.2
149.9,-31.46,1929,7,"055071",10.2
149.9,-31.46,1929,8,"055071",53.1
149.9,-31.46,1929,9,"055071",19.3
149.9,-31.46,1929,10,"055071",64.4
149.9,-31.46,1929,11,"055071",39.4
149.9,-31.46,1929,12,"055071",25.6
149.9,-31.46,1930,1,"055071",105.9
149.9,-31.46,1930,2,"055071",7.4
149.9,-31.46,1930,3,"055071",75
149.9,-31.46,1930,4,"055071",12.6
149.9,-31.46,1930,5,"055071",29
149.9,-31.46,1930,6,"055071",175.2
149.9,-31.46,1930,7,"055071",74.5
149.9,-31.46,1930,8,"055071",50.5
149.9,-31.46,1930,9,"055071",25.2
149.9,-31.46,1930,10,"055071",161.7
149.9,-31.46,1930,11,"055071",20.3
149.9,-31.46,1930,12,"055071",31.8
149.9,-31.46,1931,1,"055071",51.4
149.9,-31.46,1931,2,"055071",25.4
149.9,-31.46,1931,3,"055071",226.8
149.9,-31.46,1931,4,"055071",99.2
149.9,-31.46,1931,5,"055071",112.7
149.9,-31.46,1931,6,"055071",117.4
149.9,-31.46,1931,7,"055071",36.6
149.9,-31.46,1931,8,"055071",26
149.9,-31.46,1931,9,"055071",10.6
149.9,-31.46,1931,10,"055071",8.8
149.9,-31.46,1931,11,"055071",64.5
149.9,-31.46,1931,12,"055071",71
149.9,-31.46,1932,1,"055071",26.1
149.9,-31.46,1932,2,"055071",26.4
149.9,-31.46,1932,3,"055071",109.5
149.9,-31.46,1932,4,"055071",43
149.9,-31.46,1932,5,"055071",18
149.9,-31.46,1932,6,"055071",10.6
149.9,-31.46,1932,7,"055071",25.8
149.9,-31.46,1932,8,"055071",23.1
149.9,-31.46,1932,9,"055071",115.8
149.9,-31.46,1932,10,"055071",15.1
149.9,-31.46,1932,11,"055071",66.9
149.9,-31.46,1932,12,"055071",62.5
149.9,-31.46,1933,1,"055071",95.8
149.9,-31.46,1933,2,"055071",3.8
149.9,-31.46,1933,3,"055071",33.6
149.9,-31.46,1933,4,"055071",72.9
149.9,-31.46,1933,5,"055071",32.8
149.9,-31.46,1933,6,"055071",NA
149.9,-31.46,1933,7,"055071",NA
149.9,-31.46,1933,8,"055071",NA
149.9,-31.46,1933,9,"055071",NA
149.9,-31.46,1933,10,"055071",NA
149.9,-31.46,1933,11,"055071",NA
149.9,-31.46,1933,12,"055071",NA
149.9,-31.46,1936,1,"055071",NA
149.9,-31.46,1936,2,"055071",NA
149.9,-31.46,1936,3,"055071",NA
149.9,-31.46,1936,4,"055071",NA
149.9,-31.46,1936,5,"055071",9.9
149.9,-31.46,1936,6,"055071",8.7
149.9,-31.46,1936,7,"055071",4.8
149.9,-31.46,1936,8,"055071",14
149.9,-31.46,1936,9,"055071",38.1
149.9,-31.46,1936,10,"055071",NA
149.9,-31.46,1936,11,"055071",NA
149.9,-31.46,1936,12,"055071",NA
149.9,-31.46,1939,1,"055071",NA
149.9,-31.46,1939,2,"055071",NA
149.9,-31.46,1939,3,"055071",152.7
149.9,-31.46,1939,4,"055071",43
149.9,-31.46,1939,5,"055071",23.4
149.9,-31.46,1939,6,"055071",22.8
149.9,-31.46,1939,7,"055071",13.2
149.9,-31.46,1939,8,"055071",64.6
149.9,-31.46,1939,9,"055071",5.6
149.9,-31.46,1939,10,"055071",39.2
149.9,-31.46,1939,11,"055071",30.3
149.9,-31.46,1939,12,"055071",6.3
149.9,-31.46,1940,1,"055071",11.9
149.9,-31.46,1940,2,"055071",3.3
149.9,-31.46,1940,3,"055071",57.2
149.9,-31.46,1940,4,"055071",80.8
149.9,-31.46,1940,5,"055071",4
149.9,-31.46,1940,6,"055071",13.8
149.9,-31.46,1940,7,"055071",8.9
149.9,-31.46,1940,8,"055071",13
149.9,-31.46,1940,9,"055071",27.7
149.9,-31.46,1940,10,"055071",14.2
149.9,-31.46,1940,11,"055071",27.4
149.9,-31.46,1940,12,"055071",127.4
149.9,-31.46,1941,1,"055071",298.5
149.9,-31.46,1941,2,"055071",0
149.9,-31.46,1941,3,"055071",167.5
149.9,-31.46,1941,4,"055071",0
149.9,-31.46,1941,5,"055071",61.3
149.9,-31.46,1941,6,"055071",71.8
149.9,-31.46,1941,7,"055071",9.4
149.9,-31.46,1941,8,"055071",0
149.9,-31.46,1941,9,"055071",32.3
149.9,-31.46,1941,10,"055071",39.9
149.9,-31.46,1941,11,"055071",9.7
149.9,-31.46,1941,12,"055071",8.1
149.9,-31.46,1942,1,"055071",NA
149.9,-31.46,1942,2,"055071",61.3
149.9,-31.46,1942,3,"055071",10.7
149.9,-31.46,1942,4,"055071",0
149.9,-31.46,1942,5,"055071",57.6
149.9,-31.46,1942,6,"055071",50.5
149.9,-31.46,1942,7,"055071",111
149.9,-31.46,1942,8,"055071",5.3
149.9,-31.46,1942,9,"055071",NA
149.9,-31.46,1942,10,"055071",6.9
149.9,-31.46,1942,11,"055071",NA
149.9,-31.46,1942,12,"055071",NA
149.9,-31.46,1967,1,"055071",NA
149.9,-31.46,1967,2,"055071",NA
149.9,-31.46,1967,3,"055071",NA
149.9,-31.46,1967,4,"055071",NA
149.9,-31.46,1967,5,"055071",NA
149.9,-31.46,1967,6,"055071",36.5
149.9,-31.46,1967,7,"055071",4.3
149.9,-31.46,1967,8,"055071",23.1
149.9,-31.46,1967,9,"055071",13
149.9,-31.46,1967,10,"055071",124.2
149.9,-31.46,1967,11,"055071",7.9
149.9,-31.46,1967,12,"055071",48.6
149.9,-31.46,1968,1,"055071",142.7
149.9,-31.46,1968,2,"055071",16.3
149.9,-31.46,1968,3,"055071",40.1
149.9,-31.46,1968,4,"055071",25
149.9,-31.46,1968,5,"055071",125.3
149.9,-31.46,1968,6,"055071",14.7
149.9,-31.46,1968,7,"055071",29
149.9,-31.46,1968,8,"055071",88.5
149.9,-31.46,1968,9,"055071",21.1
149.9,-31.46,1968,10,"055071",37.3
149.9,-31.46,1968,11,"055071",20.1
149.9,-31.46,1968,12,"055071",98.8
149.9,-31.46,1969,1,"055071",52.8
149.9,-31.46,1969,2,"055071",90.4
149.9,-31.46,1969,3,"055071",66.8
149.9,-31.46,1969,4,"055071",96
149.9,-31.46,1969,5,"055071",24.7
149.9,-31.46,1969,6,"055071",49.1
149.9,-31.46,1969,7,"055071",65.2
149.9,-31.46,1969,8,"055071",64.7
149.9,-31.46,1969,9,"055071",53.4
149.9,-31.46,1969,10,"055071",209.5
149.9,-31.46,1969,11,"055071",91.9
149.9,-31.46,1969,12,"055071",92.5
149.9,-31.46,1970,1,"055071",96.2
149.9,-31.46,1970,2,"055071",86.4
149.9,-31.46,1970,3,"055071",39.8
149.9,-31.46,1970,4,"055071",52
149.9,-31.46,1970,5,"055071",19.4
149.9,-31.46,1970,6,"055071",10.6
149.9,-31.46,1970,7,"055071",0.5
149.9,-31.46,1970,8,"055071",30.7
149.9,-31.46,1970,9,"055071",94.4
149.9,-31.46,1970,10,"055071",92.3
149.9,-31.46,1970,11,"055071",59
149.9,-31.46,1970,12,"055071",179.1
149.9,-31.46,1971,1,"055071",216.6
149.9,-31.46,1971,2,"055071",192
149.9,-31.46,1971,3,"055071",9.6
149.9,-31.46,1971,4,"055071",5.3
149.9,-31.46,1971,5,"055071",10.5
149.9,-31.46,1971,6,"055071",5.1
149.9,-31.46,1971,7,"055071",73.1
149.9,-31.46,1971,8,"055071",61.7
149.9,-31.46,1971,9,"055071",38.1
149.9,-31.46,1971,10,"055071",2.3
149.9,-31.46,1971,11,"055071",65.3
149.9,-31.46,1971,12,"055071",67.1
149.9,-31.46,1972,1,"055071",91.4
149.9,-31.46,1972,2,"055071",40.5
149.9,-31.46,1972,3,"055071",47.5
149.9,-31.46,1972,4,"055071",27.7
149.9,-31.46,1972,5,"055071",15.7
149.9,-31.46,1972,6,"055071",17.1
149.9,-31.46,1972,7,"055071",5
149.9,-31.46,1972,8,"055071",10.7
149.9,-31.46,1972,9,"055071",12.7
149.9,-31.46,1972,10,"055071",100
149.9,-31.46,1972,11,"055071",127.3
149.9,-31.46,1972,12,"055071",48.5
149.9,-31.46,1973,1,"055071",92.7
149.9,-31.46,1973,2,"055071",128.7
149.9,-31.46,1973,3,"055071",32.3
149.9,-31.46,1973,4,"055071",28.4
149.9,-31.46,1973,5,"055071",40.5
149.9,-31.46,1973,6,"055071",50.1
149.9,-31.46,1973,7,"055071",32.7
149.9,-31.46,1973,8,"055071",75.4
149.9,-31.46,1973,9,"055071",61.2
149.9,-31.46,1973,10,"055071",158.6
149.9,-31.46,1973,11,"055071",65.8
149.9,-31.46,1973,12,"055071",120
149.9,-31.46,1974,1,"055071",213.2
149.9,-31.46,1974,2,"055071",11.4
149.9,-31.46,1974,3,"055071",4.4
149.9,-31.46,1974,4,"055071",53
149.9,-31.46,1974,5,"055071",27
149.9,-31.46,1974,6,"055071",10
149.9,-31.46,1974,7,"055071",21.2
149.9,-31.46,1974,8,"055071",37.2
149.9,-31.46,1974,9,"055071",16.6
149.9,-31.46,1974,10,"055071",69
149.9,-31.46,1974,11,"055071",46.4
149.9,-31.46,1974,12,"055071",0.6
149.9,-31.46,1975,1,"055071",70.6
149.9,-31.46,1975,2,"055071",97.4
149.9,-31.46,1975,3,"055071",47
149.9,-31.46,1975,4,"055071",7.2
149.9,-31.46,1975,5,"055071",0
149.9,-31.46,1975,6,"055071",83.8
149.9,-31.46,1975,7,"055071",15.4
149.9,-31.46,1975,8,"055071",48.4
149.9,-31.46,1975,9,"055071",30.6
149.9,-31.46,1975,10,"055071",51
149.9,-31.46,1975,11,"055071",9.6
149.9,-31.46,1975,12,"055071",77.4
149.9,-31.46,1976,1,"055071",277.8
149.9,-31.46,1976,2,"055071",99.6
149.9,-31.46,1976,3,"055071",55.4
149.9,-31.46,1976,4,"055071",11.6
149.9,-31.46,1976,5,"055071",18.6
149.9,-31.46,1976,6,"055071",10
149.9,-31.46,1976,7,"055071",69.8
149.9,-31.46,1976,8,"055071",13.1
149.9,-31.46,1976,9,"055071",32.6
149.9,-31.46,1976,10,"055071",76
149.9,-31.46,1976,11,"055071",60.4
149.9,-31.46,1976,12,"055071",53.4
149.9,-31.46,1977,1,"055071",151.2
149.9,-31.46,1977,2,"055071",121.2
149.9,-31.46,1977,3,"055071",107.4
149.9,-31.46,1977,4,"055071",17.6
149.9,-31.46,1977,5,"055071",155.8
149.9,-31.46,1977,6,"055071",20.9
149.9,-31.46,1977,7,"055071",0
149.9,-31.46,1977,8,"055071",0
149.9,-31.46,1977,9,"055071",34.2
149.9,-31.46,1977,10,"055071",21
149.9,-31.46,1977,11,"055071",25.4
149.9,-31.46,1977,12,"055071",10
149.9,-31.46,1978,1,"055071",110.8
149.9,-31.46,1978,2,"055071",34
149.9,-31.46,1978,3,"055071",34.8
149.9,-31.46,1978,4,"055071",3.6
149.9,-31.46,1978,5,"055071",92.8
149.9,-31.46,1978,6,"055071",66.8
149.9,-31.46,1978,7,"055071",33.6
149.9,-31.46,1978,8,"055071",21.8
149.9,-31.46,1978,9,"055071",99
149.9,-31.46,1978,10,"055071",22.8
149.9,-31.46,1978,11,"055071",35.7
149.9,-31.46,1978,12,"055071",92.8
149.9,-31.46,1979,1,"055071",30.8
149.9,-31.46,1979,2,"055071",9
149.9,-31.46,1979,3,"055071",104.6
149.9,-31.46,1979,4,"055071",17.8
149.9,-31.46,1979,5,"055071",55
149.9,-31.46,1979,6,"055071",25
149.9,-31.46,1979,7,"055071",9.8
149.9,-31.46,1979,8,"055071",16
149.9,-31.46,1979,9,"055071",58.4
149.9,-31.46,1979,10,"055071",56
149.9,-31.46,1979,11,"055071",121.2
149.9,-31.46,1979,12,"055071",21
149.9,-31.46,1980,1,"055071",100
149.9,-31.46,1980,2,"055071",14
149.9,-31.46,1980,3,"055071",65
149.9,-31.46,1980,4,"055071",0
149.9,-31.46,1980,5,"055071",53.8
149.9,-31.46,1980,6,"055071",29.6
149.9,-31.46,1980,7,"055071",24.4
149.9,-31.46,1980,8,"055071",26
149.9,-31.46,1980,9,"055071",0
149.9,-31.46,1980,10,"055071",62.2
149.9,-31.46,1980,11,"055071",0.4
149.9,-31.46,1980,12,"055071",119.6
149.9,-31.46,1981,1,"055071",18
149.9,-31.46,1981,2,"055071",177.2
149.9,-31.46,1981,3,"055071",0
149.9,-31.46,1981,4,"055071",2
149.9,-31.46,1981,5,"055071",79.6
149.9,-31.46,1981,6,"055071",39
149.9,-31.46,1981,7,"055071",61
149.9,-31.46,1981,8,"055071",9.6
149.9,-31.46,1981,9,"055071",29
149.9,-31.46,1981,10,"055071",93.6
149.9,-31.46,1981,11,"055071",94.6
149.9,-31.46,1981,12,"055071",14
149.9,-31.46,1982,1,"055071",95
149.9,-31.46,1982,2,"055071",58
149.9,-31.46,1982,3,"055071",153
149.9,-31.46,1982,4,"055071",10
149.9,-31.46,1982,5,"055071",22.2
149.9,-31.46,1982,6,"055071",9
149.9,-31.46,1982,7,"055071",11
149.9,-31.46,1982,8,"055071",0
149.9,-31.46,1982,9,"055071",7.6
149.9,-31.46,1982,10,"055071",16
149.9,-31.46,1982,11,"055071",13
149.9,-31.46,1982,12,"055071",67
149.9,-31.46,1983,1,"055071",90.4
149.9,-31.46,1983,2,"055071",41.4
149.9,-31.46,1983,3,"055071",50.2
149.9,-31.46,1983,4,"055071",80.6
149.9,-31.46,1983,5,"055071",159.4
149.9,-31.46,1983,6,"055071",11
149.9,-31.46,1983,7,"055071",56
149.9,-31.46,1983,8,"055071",65
149.9,-31.46,1983,9,"055071",55.8
149.9,-31.46,1983,10,"055071",45.2
149.9,-31.46,1983,11,"055071",84.4
149.9,-31.46,1983,12,"055071",54.6
149.9,-31.46,1984,1,"055071",250.4
149.9,-31.46,1984,2,"055071",82.4
149.9,-31.46,1984,3,"055071",20.8
149.9,-31.46,1984,4,"055071",42.6
149.9,-31.46,1984,5,"055071",8.4
149.9,-31.46,1984,6,"055071",10.4
149.9,-31.46,1984,7,"055071",108.4
149.9,-31.46,1984,8,"055071",38.8
149.9,-31.46,1984,9,"055071",32.4
149.9,-31.46,1984,10,"055071",35.8
149.9,-31.46,1984,11,"055071",54.2
149.9,-31.46,1984,12,"055071",41
149.9,-31.46,1985,1,"055071",0
149.9,-31.46,1985,2,"055071",0
149.9,-31.46,1985,3,"055071",6
149.9,-31.46,1985,4,"055071",31.7
149.9,-31.46,1985,5,"055071",58.4
149.9,-31.46,1985,6,"055071",20
149.9,-31.46,1985,7,"055071",0
149.9,-31.46,1985,8,"055071",91.4
149.9,-31.46,1985,9,"055071",24
149.9,-31.46,1985,10,"055071",83.6
149.9,-31.46,1985,11,"055071",42.4
149.9,-31.46,1985,12,"055071",76.2
149.9,-31.46,1986,1,"055071",96.8
149.9,-31.46,1986,2,"055071",0
149.9,-31.46,1986,3,"055071",2.3
149.9,-31.46,1986,4,"055071",5.6
149.9,-31.46,1986,5,"055071",43.6
149.9,-31.46,1986,6,"055071",0
149.9,-31.46,1986,7,"055071",141.8
149.9,-31.46,1986,8,"055071",13.4
149.9,-31.46,1986,9,"055071",52.8
149.9,-31.46,1986,10,"055071",0
149.9,-31.46,1986,11,"055071",50.4
149.9,-31.46,1986,12,"055071",8.6
149.9,-31.46,1987,1,"055071",94.5
149.9,-31.46,1987,2,"055071",79.8
149.9,-31.46,1987,3,"055071",137.6
149.9,-31.46,1987,4,"055071",0
149.9,-31.46,1987,5,"055071",53.4
149.9,-31.46,1987,6,"055071",48
149.9,-31.46,1987,7,"055071",25
149.9,-31.46,1987,8,"055071",98.4
149.9,-31.46,1987,9,"055071",7
149.9,-31.46,1987,10,"055071",34.2
149.9,-31.46,1987,11,"055071",75.6
149.9,-31.46,1987,12,"055071",53
149.9,-31.46,1988,1,"055071",101
149.9,-31.46,1988,2,"055071",69
149.9,-31.46,1988,3,"055071",0
149.9,-31.46,1988,4,"055071",125.2
149.9,-31.46,1988,5,"055071",24.2
149.9,-31.46,1988,6,"055071",32.6
149.9,-31.46,1988,7,"055071",60.8
149.9,-31.46,1988,8,"055071",35
149.9,-31.46,1988,9,"055071",88
149.9,-31.46,1988,10,"055071",0
149.9,-31.46,1988,11,"055071",41.8
149.9,-31.46,1988,12,"055071",86
149.9,-31.46,1989,1,"055071",11.1
149.9,-31.46,1989,2,"055071",20
149.9,-31.46,1989,3,"055071",79.8
149.9,-31.46,1989,4,"055071",171.6
149.9,-31.46,1989,5,"055071",110.2
149.9,-31.46,1989,6,"055071",86
149.9,-31.46,1989,7,"055071",57.8
149.9,-31.46,1989,8,"055071",0
149.9,-31.46,1989,9,"055071",0
149.9,-31.46,1989,10,"055071",37
149.9,-31.46,1989,11,"055071",148.2
149.9,-31.46,1989,12,"055071",91.6
149.9,-31.46,1990,1,"055071",120
149.9,-31.46,1990,2,"055071",84
149.9,-31.46,1990,3,"055071",83
149.9,-31.46,1990,4,"055071",313
149.9,-31.46,1990,5,"055071",122
149.9,-31.46,1990,6,"055071",22.2
149.9,-31.46,1990,7,"055071",66.4
149.9,-31.46,1990,8,"055071",47.2
149.9,-31.46,1990,9,"055071",31.2
149.9,-31.46,1990,10,"055071",45.2
149.9,-31.46,1990,11,"055071",5.8
149.9,-31.46,1990,12,"055071",44
149.9,-31.46,1991,1,"055071",251.6
149.9,-31.46,1991,2,"055071",39
149.9,-31.46,1991,3,"055071",30.6
149.9,-31.46,1991,4,"055071",1.6
149.9,-31.46,1991,5,"055071",125.2
149.9,-31.46,1991,6,"055071",105.4
149.9,-31.46,1991,7,"055071",68
149.9,-31.46,1991,8,"055071",2.6
149.9,-31.46,1991,9,"055071",20.8
149.9,-31.46,1991,10,"055071",21.4
149.9,-31.46,1991,11,"055071",78.2
149.9,-31.46,1991,12,"055071",139.2
149.9,-31.46,1992,1,"055071",36.4
149.9,-31.46,1992,2,"055071",231.8
149.9,-31.46,1992,3,"055071",23.2
149.9,-31.46,1992,4,"055071",63.8
149.9,-31.46,1992,5,"055071",18.2
149.9,-31.46,1992,6,"055071",11
149.9,-31.46,1992,7,"055071",25.2
149.9,-31.46,1992,8,"055071",62.6
149.9,-31.46,1992,9,"055071",NA
149.9,-31.46,1992,10,"055071",61.8
149.9,-31.46,1992,11,"055071",103.8
149.9,-31.46,1992,12,"055071",127.2
149.9,-31.46,1993,1,"055071",34
149.9,-31.46,1993,2,"055071",61.4
149.9,-31.46,1993,3,"055071",75.4
149.9,-31.46,1993,4,"055071",0
149.9,-31.46,1993,5,"055071",70.8
149.9,-31.46,1993,6,"055071",43.8
149.9,-31.46,1993,7,"055071",110.5
149.9,-31.46,1993,8,"055071",19.8
149.9,-31.46,1993,9,"055071",71.4
149.9,-31.46,1993,10,"055071",133.4
149.9,-31.46,1993,11,"055071",72.2
149.9,-31.46,1993,12,"055071",105.2
149.9,-31.46,1994,1,"055071",15.6
149.9,-31.46,1994,2,"055071",90.4
149.9,-31.46,1994,3,"055071",59
149.9,-31.46,1994,4,"055071",9.4
149.9,-31.46,1994,5,"055071",10.6
149.9,-31.46,1994,6,"055071",14.4
149.9,-31.46,1994,7,"055071",22
149.9,-31.46,1994,8,"055071",27.2
149.9,-31.46,1994,9,"055071",2.6
149.9,-31.46,1994,10,"055071",9.8
149.9,-31.46,1994,11,"055071",73.6
149.9,-31.46,1994,12,"055071",30.2
149.9,-31.46,1995,1,"055071",190.6
149.9,-31.46,1995,2,"055071",51.8
149.9,-31.46,1995,3,"055071",0.6
149.9,-31.46,1995,4,"055071",0.2
149.9,-31.46,1995,5,"055071",104.6
149.9,-31.46,1995,6,"055071",22.6
149.9,-31.46,1995,7,"055071",15.6
149.9,-31.46,1995,8,"055071",0
149.9,-31.46,1995,9,"055071",100.2
149.9,-31.46,1995,10,"055071",26.9
149.9,-31.46,1995,11,"055071",95
149.9,-31.46,1995,12,"055071",62.6
149.9,-31.46,1996,1,"055071",210.4
149.9,-31.46,1996,2,"055071",6.6
149.9,-31.46,1996,3,"055071",13.6
149.9,-31.46,1996,4,"055071",0.2
149.9,-31.46,1996,5,"055071",49.2
149.9,-31.46,1996,6,"055071",30
149.9,-31.46,1996,7,"055071",63.9
149.9,-31.46,1996,8,"055071",66.3
149.9,-31.46,1996,9,"055071",23.2
149.9,-31.46,1996,10,"055071",57.4
149.9,-31.46,1996,11,"055071",52.8
149.9,-31.46,1996,12,"055071",152.8
149.9,-31.46,1997,1,"055071",93.6
149.9,-31.46,1997,2,"055071",115.2
149.9,-31.46,1997,3,"055071",27.4
149.9,-31.46,1997,4,"055071",5.6
149.9,-31.46,1997,5,"055071",46.6
149.9,-31.46,1997,6,"055071",16.8
149.9,-31.46,1997,7,"055071",20
149.9,-31.46,1997,8,"055071",4.6
149.9,-31.46,1997,9,"055071",90.4
149.9,-31.46,1997,10,"055071",47.6
149.9,-31.46,1997,11,"055071",28.6
149.9,-31.46,1997,12,"055071",107.6
149.9,-31.46,1998,1,"055071",30.8
149.9,-31.46,1998,2,"055071",60.6
149.9,-31.46,1998,3,"055071",4.6
149.9,-31.46,1998,4,"055071",46
149.9,-31.46,1998,5,"055071",91
149.9,-31.46,1998,6,"055071",92
149.9,-31.46,1998,7,"055071",214
149.9,-31.46,1998,8,"055071",54.4
149.9,-31.46,1998,9,"055071",103.4
149.9,-31.46,1998,10,"055071",98.1
149.9,-31.46,1998,11,"055071",83.4
149.9,-31.46,1998,12,"055071",62
149.9,-31.46,1999,1,"055071",64
149.9,-31.46,1999,2,"055071",52.4
149.9,-31.46,1999,3,"055071",86
149.9,-31.46,1999,4,"055071",86.4
149.9,-31.46,1999,5,"055071",3
149.9,-31.46,1999,6,"055071",57.6
149.9,-31.46,1999,7,"055071",37.8
149.9,-31.46,1999,8,"055071",55.6
149.9,-31.46,1999,9,"055071",37.4
149.9,-31.46,1999,10,"055071",161.3
149.9,-31.46,1999,11,"055071",84.2
149.9,-31.46,1999,12,"055071",58.2
149.9,-31.46,2000,1,"055071",56
149.9,-31.46,2000,2,"055071",13.9
149.9,-31.46,2000,3,"055071",106.9
149.9,-31.46,2000,4,"055071",51.7
149.9,-31.46,2000,5,"055071",90
149.9,-31.46,2000,6,"055071",21.4
149.9,-31.46,2000,7,"055071",47.8
149.9,-31.46,2000,8,"055071",53.5
149.9,-31.46,2000,9,"055071",12
149.9,-31.46,2000,10,"055071",101.1
149.9,-31.46,2000,11,"055071",276.2
149.9,-31.46,2000,12,"055071",53.7
149.9,-31.46,2001,1,"055071",44.2
149.9,-31.46,2001,2,"055071",NA
149.9,-31.46,2001,3,"055071",NA
149.9,-31.46,2001,4,"055071",37.8
149.9,-31.46,2001,5,"055071",12.5
149.9,-31.46,2001,6,"055071",24.2
149.9,-31.46,2001,7,"055071",76.7
149.9,-31.46,2001,8,"055071",12.6
149.9,-31.46,2001,9,"055071",15.8
149.9,-31.46,2001,10,"055071",57
149.9,-31.46,2001,11,"055071",66.7
149.9,-31.46,2001,12,"055071",37.4
149.9,-31.46,2002,1,"055071",34.2
149.9,-31.46,2002,2,"055071",NA
149.9,-31.46,2002,3,"055071",31.7
149.9,-31.46,2002,4,"055071",11.8
149.9,-31.46,2002,5,"055071",3
149.9,-31.46,2002,6,"055071",21.4
149.9,-31.46,2002,7,"055071",3.6
149.9,-31.46,2002,8,"055071",8.4
149.9,-31.46,2002,9,"055071",36.4
149.9,-31.46,2002,10,"055071",2.8
149.9,-31.46,2002,11,"055071",66.8
149.9,-31.46,2002,12,"055071",193.8
149.9,-31.46,2003,1,"055071",29.2
149.9,-31.46,2003,2,"055071",100
149.9,-31.46,2003,3,"055071",39.2
149.9,-31.46,2003,4,"055071",105.4
149.9,-31.46,2003,5,"055071",8.8
149.9,-31.46,2003,6,"055071",28.4
149.9,-31.46,2003,7,"055071",31.4
149.9,-31.46,2003,8,"055071",94.4
149.9,-31.46,2003,9,"055071",9.6
149.9,-31.46,2003,10,"055071",59
149.9,-31.46,2003,11,"055071",46.2
149.9,-31.46,2003,12,"055071",44.6
149.9,-31.46,2004,1,"055071",112
149.9,-31.46,2004,2,"055071",166.6
149.9,-31.46,2004,3,"055071",49.2
149.9,-31.46,2004,4,"055071",27.8
149.9,-31.46,2004,5,"055071",31.2
149.9,-31.46,2004,6,"055071",25.7
149.9,-31.46,2004,7,"055071",22.6
149.9,-31.46,2004,8,"055071",42.8
149.9,-31.46,2004,9,"055071",31.8
149.9,-31.46,2004,10,"055071",16.4
149.9,-31.46,2004,11,"055071",64.5
149.9,-31.46,2004,12,"055071",191.2
149.9,-31.46,2005,1,"055071",32
149.9,-31.46,2005,2,"055071",NA
149.9,-31.46,2005,3,"055071",NA
149.9,-31.46,2005,4,"055071",0.2
149.9,-31.46,2005,5,"055071",29.5
149.9,-31.46,2005,6,"055071",159.8
149.9,-31.46,2005,7,"055071",19.4
149.9,-31.46,2005,8,"055071",17.5
149.9,-31.46,2005,9,"055071",NA
149.9,-31.46,2005,10,"055071",80.7
149.9,-31.46,2005,11,"055071",105.1
149.9,-31.46,2005,12,"055071",24.2
149.9,-31.46,2006,1,"055071",56
149.9,-31.46,2006,2,"055071",NA
149.9,-31.46,2006,3,"055071",12.4
149.9,-31.46,2006,4,"055071",93.1
149.9,-31.46,2006,5,"055071",0
149.9,-31.46,2006,6,"055071",46.8
149.9,-31.46,2006,7,"055071",63.6
149.9,-31.46,2006,8,"055071",NA
149.9,-31.46,2006,9,"055071",40.4
149.9,-31.46,2006,10,"055071",NA
149.9,-31.46,2006,11,"055071",63.9
149.9,-31.46,2006,12,"055071",18.2
149.9,-31.46,2007,1,"055071",NA
149.9,-31.46,2007,2,"055071",NA
149.9,-31.46,2007,3,"055071",NA
149.9,-31.46,2007,4,"055071",23.5
149.9,-31.46,2007,5,"055071",NA
149.9,-31.46,2007,6,"055071",98.1
149.9,-31.46,2007,7,"055071",6.2
149.9,-31.46,2007,8,"055071",73.2
149.9,-31.46,2007,9,"055071",0
149.9,-31.46,2007,10,"055071",65.2
149.9,-31.46,2007,11,"055071",NA
149.9,-31.46,2007,12,"055071",200.8
149.9,-31.46,2008,1,"055071",41.7
149.9,-31.46,2008,2,"055071",134.2
149.9,-31.46,2008,3,"055071",1
149.9,-31.46,2008,4,"055071",22.5
149.9,-31.46,2008,5,"055071",45.2
149.9,-31.46,2008,6,"055071",NA
149.9,-31.46,2008,7,"055071",64.3
149.9,-31.46,2008,8,"055071",NA
149.9,-31.46,2008,9,"055071",61.8
149.9,-31.46,2008,10,"055071",83.5
149.9,-31.46,2008,11,"055071",130.8
149.9,-31.46,2008,12,"055071",NA
149.9,-31.46,2009,1,"055071",73.4
149.9,-31.46,2009,2,"055071",169.3
149.9,-31.46,2009,3,"055071",35
149.9,-31.46,2009,4,"055071",43.8
149.9,-31.46,2009,5,"055071",15.6
149.9,-31.46,2009,6,"055071",58.9
149.9,-31.46,2009,7,"055071",NA
149.9,-31.46,2009,8,"055071",2
149.9,-31.46,2009,9,"055071",58.6
149.9,-31.46,2009,10,"055071",61.8
149.9,-31.46,2009,11,"055071",NA
149.9,-31.46,2009,12,"055071",NA
149.9,-31.46,2010,1,"055071",119.1
149.9,-31.46,2010,2,"055071",89.2
149.9,-31.46,2010,3,"055071",145.8
149.9,-31.46,2010,4,"055071",23.4
149.9,-31.46,2010,5,"055071",62.7
149.9,-31.46,2010,6,"055071",NA
149.9,-31.46,2010,7,"055071",NA
149.9,-31.46,2010,8,"055071",NA
149.9,-31.46,2010,9,"055071",NA
149.9,-31.46,2010,10,"055071",NA
149.9,-31.46,2010,11,"055071",NA
149.9,-31.46,2010,12,"055071",NA
149.9,-31.46,2011,1,"055071",39.8
149.9,-31.46,2011,2,"055071",NA
149.9,-31.46,2011,3,"055071",NA
149.9,-31.46,2011,4,"055071",26.8
149.9,-31.46,2011,5,"055071",NA
149.9,-31.46,2011,6,"055071",NA
149.9,-31.46,2011,7,"055071",0
149.9,-31.46,2011,8,"055071",17
149.9,-31.46,2011,9,"055071",NA
149.9,-31.46,2011,10,"055071",NA
149.9,-31.46,2011,11,"055071",164
149.9,-31.46,2011,12,"055071",76.7
149.9,-31.46,2012,1,"055071",68.2
149.9,-31.46,2012,2,"055071",NA
149.9,-31.46,2012,3,"055071",NA
149.9,-31.46,2012,4,"055071",NA
149.9,-31.46,2012,5,"055071",NA
149.9,-31.46,2012,6,"055071",NA
149.9,-31.46,2012,7,"055071",NA
149.9,-31.46,2012,8,"055071",NA
149.9,-31.46,2012,9,"055071",NA
149.9,-31.46,2012,10,"055071",NA
149.9,-31.46,2012,11,"055071",NA
149.9,-31.46,2012,12,"055071",NA
