"Lon","Lat","Year","Month","Station","Rain"
149.01,-35.69,1983,1,"070312",NA
149.01,-35.69,1983,2,"070312",NA
149.01,-35.69,1983,3,"070312",NA
149.01,-35.69,1983,4,"070312",NA
149.01,-35.69,1983,5,"070312",NA
149.01,-35.69,1983,6,"070312",NA
149.01,-35.69,1983,7,"070312",NA
149.01,-35.69,1983,8,"070312",NA
149.01,-35.69,1983,9,"070312",NA
149.01,-35.69,1983,10,"070312",10.5
149.01,-35.69,1983,11,"070312",128.1
149.01,-35.69,1983,12,"070312",78.4
149.01,-35.69,1984,1,"070312",306.8
149.01,-35.69,1984,2,"070312",79.9
149.01,-35.69,1984,3,"070312",31
149.01,-35.69,1984,4,"070312",91
149.01,-35.69,1984,5,"070312",16.7
149.01,-35.69,1984,6,"070312",25.2
149.01,-35.69,1984,7,"070312",115.2
149.01,-35.69,1984,8,"070312",65.2
149.01,-35.69,1984,9,"070312",97.3
149.01,-35.69,1984,10,"070312",67.4
149.01,-35.69,1984,11,"070312",45.6
149.01,-35.69,1984,12,"070312",15.3
149.01,-35.69,1985,1,"070312",15.8
149.01,-35.69,1985,2,"070312",24.8
149.01,-35.69,1985,3,"070312",69.4
149.01,-35.69,1985,4,"070312",48.7
149.01,-35.69,1985,5,"070312",47.8
149.01,-35.69,1985,6,"070312",28.2
149.01,-35.69,1985,7,"070312",23.6
149.01,-35.69,1985,8,"070312",103.8
149.01,-35.69,1985,9,"070312",57.8
149.01,-35.69,1985,10,"070312",76.8
149.01,-35.69,1985,11,"070312",119.1
149.01,-35.69,1985,12,"070312",41
149.01,-35.69,1986,1,"070312",29.5
149.01,-35.69,1986,2,"070312",10.4
149.01,-35.69,1986,3,"070312",9.2
149.01,-35.69,1986,4,"070312",69
149.01,-35.69,1986,5,"070312",55.9
149.01,-35.69,1986,6,"070312",8.4
149.01,-35.69,1986,7,"070312",79.2
149.01,-35.69,1986,8,"070312",96.7
149.01,-35.69,1986,9,"070312",22.1
149.01,-35.69,1986,10,"070312",85.1
149.01,-35.69,1986,11,"070312",125.7
149.01,-35.69,1986,12,"070312",36.6
149.01,-35.69,1987,1,"070312",39.6
149.01,-35.69,1987,2,"070312",77.2
149.01,-35.69,1987,3,"070312",43.6
149.01,-35.69,1987,4,"070312",21
149.01,-35.69,1987,5,"070312",49.2
149.01,-35.69,1987,6,"070312",57.2
149.01,-35.69,1987,7,"070312",36.4
149.01,-35.69,1987,8,"070312",59
149.01,-35.69,1987,9,"070312",22
149.01,-35.69,1987,10,"070312",63.7
149.01,-35.69,1987,11,"070312",88.7
149.01,-35.69,1987,12,"070312",91.4
149.01,-35.69,1988,1,"070312",42.6
149.01,-35.69,1988,2,"070312",18.8
149.01,-35.69,1988,3,"070312",46.1
149.01,-35.69,1988,4,"070312",162
149.01,-35.69,1988,5,"070312",90.4
149.01,-35.69,1988,6,"070312",66.4
149.01,-35.69,1988,7,"070312",134.4
149.01,-35.69,1988,8,"070312",29.4
149.01,-35.69,1988,9,"070312",64.8
149.01,-35.69,1988,10,"070312",28
149.01,-35.69,1988,11,"070312",112.6
149.01,-35.69,1988,12,"070312",202.4
149.01,-35.69,1989,1,"070312",59
149.01,-35.69,1989,2,"070312",10.2
149.01,-35.69,1989,3,"070312",183.2
149.01,-35.69,1989,4,"070312",256.9
149.01,-35.69,1989,5,"070312",34
149.01,-35.69,1989,6,"070312",50
149.01,-35.69,1989,7,"070312",41.6
149.01,-35.69,1989,8,"070312",32.6
149.01,-35.69,1989,9,"070312",20.1
149.01,-35.69,1989,10,"070312",51.2
149.01,-35.69,1989,11,"070312",115.7
149.01,-35.69,1989,12,"070312",88.6
149.01,-35.69,1990,1,"070312",97.7
149.01,-35.69,1990,2,"070312",116.2
149.01,-35.69,1990,3,"070312",14.6
149.01,-35.69,1990,4,"070312",195.4
149.01,-35.69,1990,5,"070312",93.4
149.01,-35.69,1990,6,"070312",24
149.01,-35.69,1990,7,"070312",62.5
149.01,-35.69,1990,8,"070312",59.6
149.01,-35.69,1990,9,"070312",39.6
149.01,-35.69,1990,10,"070312",56.8
149.01,-35.69,1990,11,"070312",27.5
149.01,-35.69,1990,12,"070312",15.2
149.01,-35.69,1991,1,"070312",119.4
149.01,-35.69,1991,2,"070312",25.8
149.01,-35.69,1991,3,"070312",14.2
149.01,-35.69,1991,4,"070312",24.8
149.01,-35.69,1991,5,"070312",38.4
149.01,-35.69,1991,6,"070312",195.3
149.01,-35.69,1991,7,"070312",96.6
149.01,-35.69,1991,8,"070312",86.6
149.01,-35.69,1991,9,"070312",52.6
149.01,-35.69,1991,10,"070312",12
149.01,-35.69,1991,11,"070312",25.1
149.01,-35.69,1991,12,"070312",97
149.01,-35.69,1992,1,"070312",141.6
149.01,-35.69,1992,2,"070312",107.6
149.01,-35.69,1992,3,"070312",84.6
149.01,-35.69,1992,4,"070312",42.4
149.01,-35.69,1992,5,"070312",28.8
149.01,-35.69,1992,6,"070312",54.2
149.01,-35.69,1992,7,"070312",16.4
149.01,-35.69,1992,8,"070312",73.7
149.01,-35.69,1992,9,"070312",72.4
149.01,-35.69,1992,10,"070312",99.8
149.01,-35.69,1992,11,"070312",NA
149.01,-35.69,1992,12,"070312",NA
149.01,-35.69,1999,1,"070312",NA
149.01,-35.69,1999,2,"070312",NA
149.01,-35.69,1999,3,"070312",NA
149.01,-35.69,1999,4,"070312",NA
149.01,-35.69,1999,5,"070312",NA
149.01,-35.69,1999,6,"070312",NA
149.01,-35.69,1999,7,"070312",NA
149.01,-35.69,1999,8,"070312",NA
149.01,-35.69,1999,9,"070312",NA
149.01,-35.69,1999,10,"070312",NA
149.01,-35.69,1999,11,"070312",76.5
149.01,-35.69,1999,12,"070312",143.5
149.01,-35.69,2000,1,"070312",61.5
149.01,-35.69,2000,2,"070312",15
149.01,-35.69,2000,3,"070312",NA
149.01,-35.69,2000,4,"070312",NA
149.01,-35.69,2000,5,"070312",NA
149.01,-35.69,2000,6,"070312",36.5
149.01,-35.69,2000,7,"070312",31.6
149.01,-35.69,2000,8,"070312",85.7
149.01,-35.69,2000,9,"070312",88.2
149.01,-35.69,2000,10,"070312",57.6
149.01,-35.69,2000,11,"070312",196.1
149.01,-35.69,2000,12,"070312",NA
149.01,-35.69,2001,1,"070312",NA
149.01,-35.69,2001,2,"070312",102.2
149.01,-35.69,2001,3,"070312",70
149.01,-35.69,2001,4,"070312",NA
149.01,-35.69,2001,5,"070312",NA
149.01,-35.69,2001,6,"070312",NA
149.01,-35.69,2001,7,"070312",NA
149.01,-35.69,2001,8,"070312",NA
149.01,-35.69,2001,9,"070312",NA
149.01,-35.69,2001,10,"070312",NA
149.01,-35.69,2001,11,"070312",NA
149.01,-35.69,2001,12,"070312",NA
149.01,-35.69,2005,1,"070312",NA
149.01,-35.69,2005,2,"070312",NA
149.01,-35.69,2005,3,"070312",27
149.01,-35.69,2005,4,"070312",15
149.01,-35.69,2005,5,"070312",0.6
149.01,-35.69,2005,6,"070312",68.2
149.01,-35.69,2005,7,"070312",99.3
149.01,-35.69,2005,8,"070312",NA
149.01,-35.69,2005,9,"070312",93.4
149.01,-35.69,2005,10,"070312",NA
149.01,-35.69,2005,11,"070312",NA
149.01,-35.69,2005,12,"070312",NA
