"Lon","Lat","Year","Month","Station","Rain"
150.62,-34.87,1896,1,"068048",NA
150.62,-34.87,1896,2,"068048",NA
150.62,-34.87,1896,3,"068048",NA
150.62,-34.87,1896,4,"068048",NA
150.62,-34.87,1896,5,"068048",NA
150.62,-34.87,1896,6,"068048",NA
150.62,-34.87,1896,7,"068048",NA
150.62,-34.87,1896,8,"068048",49.6
150.62,-34.87,1896,9,"068048",7.6
150.62,-34.87,1896,10,"068048",80.3
150.62,-34.87,1896,11,"068048",106.7
150.62,-34.87,1896,12,"068048",61
150.62,-34.87,1897,1,"068048",101.1
150.62,-34.87,1897,2,"068048",24.8
150.62,-34.87,1897,3,"068048",12.4
150.62,-34.87,1897,4,"068048",192.3
150.62,-34.87,1897,5,"068048",136.5
150.62,-34.87,1897,6,"068048",291.3
150.62,-34.87,1897,7,"068048",74.2
150.62,-34.87,1897,8,"068048",52.6
150.62,-34.87,1897,9,"068048",105.4
150.62,-34.87,1897,10,"068048",25.4
150.62,-34.87,1897,11,"068048",7.4
150.62,-34.87,1897,12,"068048",114.6
150.62,-34.87,1898,1,"068048",149
150.62,-34.87,1898,2,"068048",236.1
150.62,-34.87,1898,3,"068048",17.1
150.62,-34.87,1898,4,"068048",14.2
150.62,-34.87,1898,5,"068048",135.4
150.62,-34.87,1898,6,"068048",129.5
150.62,-34.87,1898,7,"068048",37.4
150.62,-34.87,1898,8,"068048",93.4
150.62,-34.87,1898,9,"068048",19.5
150.62,-34.87,1898,10,"068048",69.8
150.62,-34.87,1898,11,"068048",0
150.62,-34.87,1898,12,"068048",92.5
150.62,-34.87,1899,1,"068048",15.1
150.62,-34.87,1899,2,"068048",0.6
150.62,-34.87,1899,3,"068048",28.1
150.62,-34.87,1899,4,"068048",103.9
150.62,-34.87,1899,5,"068048",48.5
150.62,-34.87,1899,6,"068048",169.6
150.62,-34.87,1899,7,"068048",91.9
150.62,-34.87,1899,8,"068048",343.2
150.62,-34.87,1899,9,"068048",50.6
150.62,-34.87,1899,10,"068048",107.9
150.62,-34.87,1899,11,"068048",70.4
150.62,-34.87,1899,12,"068048",12
150.62,-34.87,1900,1,"068048",39.2
150.62,-34.87,1900,2,"068048",17.3
150.62,-34.87,1900,3,"068048",112.6
150.62,-34.87,1900,4,"068048",72.4
150.62,-34.87,1900,5,"068048",436.5
150.62,-34.87,1900,6,"068048",177.1
150.62,-34.87,1900,7,"068048",205.8
150.62,-34.87,1900,8,"068048",17.8
150.62,-34.87,1900,9,"068048",57.6
150.62,-34.87,1900,10,"068048",15.8
150.62,-34.87,1900,11,"068048",210.1
150.62,-34.87,1900,12,"068048",19.8
150.62,-34.87,1901,1,"068048",69.4
150.62,-34.87,1901,2,"068048",34.6
150.62,-34.87,1901,3,"068048",81.8
150.62,-34.87,1901,4,"068048",73.6
150.62,-34.87,1901,5,"068048",6.4
150.62,-34.87,1901,6,"068048",31.6
150.62,-34.87,1901,7,"068048",75.6
150.62,-34.87,1901,8,"068048",162.2
150.62,-34.87,1901,9,"068048",78.3
150.62,-34.87,1901,10,"068048",72
150.62,-34.87,1901,11,"068048",27.7
150.62,-34.87,1901,12,"068048",8.4
150.62,-34.87,1902,1,"068048",111.8
150.62,-34.87,1902,2,"068048",12.5
150.62,-34.87,1902,3,"068048",32
150.62,-34.87,1902,4,"068048",6.3
150.62,-34.87,1902,5,"068048",19.3
150.62,-34.87,1902,6,"068048",17.6
150.62,-34.87,1902,7,"068048",106.7
150.62,-34.87,1902,8,"068048",111.4
150.62,-34.87,1902,9,"068048",20.1
150.62,-34.87,1902,10,"068048",141.1
150.62,-34.87,1902,11,"068048",47.2
150.62,-34.87,1902,12,"068048",137.7
150.62,-34.87,1903,1,"068048",34.6
150.62,-34.87,1903,2,"068048",37.4
150.62,-34.87,1903,3,"068048",37.7
150.62,-34.87,1903,4,"068048",44.7
150.62,-34.87,1903,5,"068048",76.2
150.62,-34.87,1903,6,"068048",46.8
150.62,-34.87,1903,7,"068048",102.3
150.62,-34.87,1903,8,"068048",134.4
150.62,-34.87,1903,9,"068048",133.5
150.62,-34.87,1903,10,"068048",80.2
150.62,-34.87,1903,11,"068048",34.6
150.62,-34.87,1903,12,"068048",91.1
150.62,-34.87,1904,1,"068048",48.2
150.62,-34.87,1904,2,"068048",106.1
150.62,-34.87,1904,3,"068048",78.1
150.62,-34.87,1904,4,"068048",237.7
150.62,-34.87,1904,5,"068048",27.1
150.62,-34.87,1904,6,"068048",0
150.62,-34.87,1904,7,"068048",470
150.62,-34.87,1904,8,"068048",17.2
150.62,-34.87,1904,9,"068048",43.2
150.62,-34.87,1904,10,"068048",94
150.62,-34.87,1904,11,"068048",12.2
150.62,-34.87,1904,12,"068048",3.6
150.62,-34.87,1905,1,"068048",47.3
150.62,-34.87,1905,2,"068048",32.1
150.62,-34.87,1905,3,"068048",26.2
150.62,-34.87,1905,4,"068048",129.7
150.62,-34.87,1905,5,"068048",121.5
150.62,-34.87,1905,6,"068048",118.4
150.62,-34.87,1905,7,"068048",9.4
150.62,-34.87,1905,8,"068048",10.2
150.62,-34.87,1905,9,"068048",21.9
150.62,-34.87,1905,10,"068048",71.9
150.62,-34.87,1905,11,"068048",27.8
150.62,-34.87,1905,12,"068048",145.9
150.62,-34.87,1906,1,"068048",31.3
150.62,-34.87,1906,2,"068048",29.7
150.62,-34.87,1906,3,"068048",240.4
150.62,-34.87,1906,4,"068048",4.3
150.62,-34.87,1906,5,"068048",34.8
150.62,-34.87,1906,6,"068048",0
150.62,-34.87,1906,7,"068048",0.8
150.62,-34.87,1906,8,"068048",175
150.62,-34.87,1906,9,"068048",32.6
150.62,-34.87,1906,10,"068048",49.4
150.62,-34.87,1906,11,"068048",35.2
150.62,-34.87,1906,12,"068048",26.7
150.62,-34.87,1907,1,"068048",97.8
150.62,-34.87,1907,2,"068048",14.3
150.62,-34.87,1907,3,"068048",77
150.62,-34.87,1907,4,"068048",54.8
150.62,-34.87,1907,5,"068048",105.5
150.62,-34.87,1907,6,"068048",192.9
150.62,-34.87,1907,7,"068048",2.8
150.62,-34.87,1907,8,"068048",5.3
150.62,-34.87,1907,9,"068048",4.8
150.62,-34.87,1907,10,"068048",1.3
150.62,-34.87,1907,11,"068048",45.5
150.62,-34.87,1907,12,"068048",32.8
150.62,-34.87,1908,1,"068048",40.6
150.62,-34.87,1908,2,"068048",234.4
150.62,-34.87,1908,3,"068048",20.6
150.62,-34.87,1908,4,"068048",30.4
150.62,-34.87,1908,5,"068048",49.3
150.62,-34.87,1908,6,"068048",2.1
150.62,-34.87,1908,7,"068048",65.7
150.62,-34.87,1908,8,"068048",210.1
150.62,-34.87,1908,9,"068048",17.1
150.62,-34.87,1908,10,"068048",19.8
150.62,-34.87,1908,11,"068048",23.4
150.62,-34.87,1908,12,"068048",6.3
150.62,-34.87,1909,1,"068048",28.5
150.62,-34.87,1909,2,"068048",140
150.62,-34.87,1909,3,"068048",0
150.62,-34.87,1909,4,"068048",0
150.62,-34.87,1909,5,"068048",42.4
150.62,-34.87,1909,6,"068048",139.9
150.62,-34.87,1909,7,"068048",71.5
150.62,-34.87,1909,8,"068048",42.9
150.62,-34.87,1909,9,"068048",19.6
150.62,-34.87,1909,10,"068048",46.5
150.62,-34.87,1909,11,"068048",7.2
150.62,-34.87,1909,12,"068048",147.5
150.62,-34.87,1910,1,"068048",180.4
150.62,-34.87,1910,2,"068048",6.1
150.62,-34.87,1910,3,"068048",119.9
150.62,-34.87,1910,4,"068048",23.4
150.62,-34.87,1910,5,"068048",37.9
150.62,-34.87,1910,6,"068048",30.2
150.62,-34.87,1910,7,"068048",184.7
150.62,-34.87,1910,8,"068048",0
150.62,-34.87,1910,9,"068048",32
150.62,-34.87,1910,10,"068048",50
150.62,-34.87,1910,11,"068048",54.6
150.62,-34.87,1910,12,"068048",135.1
150.62,-34.87,1911,1,"068048",513.4
150.62,-34.87,1911,2,"068048",67.2
150.62,-34.87,1911,3,"068048",121.3
150.62,-34.87,1911,4,"068048",26.9
150.62,-34.87,1911,5,"068048",104.5
150.62,-34.87,1911,6,"068048",5.4
150.62,-34.87,1911,7,"068048",95.5
150.62,-34.87,1911,8,"068048",94.5
150.62,-34.87,1911,9,"068048",49.3
150.62,-34.87,1911,10,"068048",30.7
150.62,-34.87,1911,11,"068048",41.1
150.62,-34.87,1911,12,"068048",69.6
150.62,-34.87,1912,1,"068048",17
150.62,-34.87,1912,2,"068048",104.6
150.62,-34.87,1912,3,"068048",147.8
150.62,-34.87,1912,4,"068048",55.1
150.62,-34.87,1912,5,"068048",80.3
150.62,-34.87,1912,6,"068048",89.9
150.62,-34.87,1912,7,"068048",277.4
150.62,-34.87,1912,8,"068048",18.8
150.62,-34.87,1912,9,"068048",12.7
150.62,-34.87,1912,10,"068048",36.2
150.62,-34.87,1912,11,"068048",76.3
150.62,-34.87,1912,12,"068048",9.4
150.62,-34.87,1913,1,"068048",11.3
150.62,-34.87,1913,2,"068048",16.3
150.62,-34.87,1913,3,"068048",178.1
150.62,-34.87,1913,4,"068048",153.5
150.62,-34.87,1913,5,"068048",383.3
150.62,-34.87,1913,6,"068048",280.7
150.62,-34.87,1913,7,"068048",35
150.62,-34.87,1913,8,"068048",6.7
150.62,-34.87,1913,9,"068048",38.3
150.62,-34.87,1913,10,"068048",85.5
150.62,-34.87,1913,11,"068048",18.4
150.62,-34.87,1913,12,"068048",14.6
150.62,-34.87,1914,1,"068048",19.3
150.62,-34.87,1914,2,"068048",9
150.62,-34.87,1914,3,"068048",482.3
150.62,-34.87,1914,4,"068048",52.3
150.62,-34.87,1914,5,"068048",56.6
150.62,-34.87,1914,6,"068048",53.2
150.62,-34.87,1914,7,"068048",146.3
150.62,-34.87,1914,8,"068048",39.3
150.62,-34.87,1914,9,"068048",191.7
150.62,-34.87,1914,10,"068048",61.7
150.62,-34.87,1914,11,"068048",110.6
150.62,-34.87,1914,12,"068048",211.9
150.62,-34.87,1915,1,"068048",28.9
150.62,-34.87,1915,2,"068048",23.9
150.62,-34.87,1915,3,"068048",77.5
150.62,-34.87,1915,4,"068048",95.3
150.62,-34.87,1915,5,"068048",38.6
150.62,-34.87,1915,6,"068048",241.5
150.62,-34.87,1915,7,"068048",162
150.62,-34.87,1915,8,"068048",28.9
150.62,-34.87,1915,9,"068048",57.2
150.62,-34.87,1915,10,"068048",25.4
150.62,-34.87,1915,11,"068048",6.4
150.62,-34.87,1915,12,"068048",63.6
150.62,-34.87,1916,1,"068048",20.8
150.62,-34.87,1916,2,"068048",69.4
150.62,-34.87,1916,3,"068048",111
150.62,-34.87,1916,4,"068048",90.9
150.62,-34.87,1916,5,"068048",65.5
150.62,-34.87,1916,6,"068048",45
150.62,-34.87,1916,7,"068048",76.6
150.62,-34.87,1916,8,"068048",50
150.62,-34.87,1916,9,"068048",168.2
150.62,-34.87,1916,10,"068048",390.5
150.62,-34.87,1916,11,"068048",97.3
150.62,-34.87,1916,12,"068048",145.5
150.62,-34.87,1917,1,"068048",112.8
150.62,-34.87,1917,2,"068048",116.9
150.62,-34.87,1917,3,"068048",75.4
150.62,-34.87,1917,4,"068048",227.6
150.62,-34.87,1917,5,"068048",48
150.62,-34.87,1917,6,"068048",53.6
150.62,-34.87,1917,7,"068048",12.2
150.62,-34.87,1917,8,"068048",17
150.62,-34.87,1917,9,"068048",109.7
150.62,-34.87,1917,10,"068048",60.8
150.62,-34.87,1917,11,"068048",176.7
150.62,-34.87,1917,12,"068048",56.1
150.62,-34.87,1918,1,"068048",412.4
150.62,-34.87,1918,2,"068048",82.3
150.62,-34.87,1918,3,"068048",37.6
150.62,-34.87,1918,4,"068048",118.2
150.62,-34.87,1918,5,"068048",9.7
150.62,-34.87,1918,6,"068048",5.3
150.62,-34.87,1918,7,"068048",280.9
150.62,-34.87,1918,8,"068048",31.4
150.62,-34.87,1918,9,"068048",36.5
150.62,-34.87,1918,10,"068048",31
150.62,-34.87,1918,11,"068048",47.3
150.62,-34.87,1918,12,"068048",2
150.62,-34.87,1919,1,"068048",11.9
150.62,-34.87,1919,2,"068048",254.9
150.62,-34.87,1919,3,"068048",108.8
150.62,-34.87,1919,4,"068048",43.4
150.62,-34.87,1919,5,"068048",195
150.62,-34.87,1919,6,"068048",4.3
150.62,-34.87,1919,7,"068048",28.4
150.62,-34.87,1919,8,"068048",26.8
150.62,-34.87,1919,9,"068048",27.7
150.62,-34.87,1919,10,"068048",78.8
150.62,-34.87,1919,11,"068048",68.8
150.62,-34.87,1919,12,"068048",180
150.62,-34.87,1920,1,"068048",202.5
150.62,-34.87,1920,2,"068048",17.5
150.62,-34.87,1920,3,"068048",48.1
150.62,-34.87,1920,4,"068048",12.2
150.62,-34.87,1920,5,"068048",0
150.62,-34.87,1920,6,"068048",15.7
150.62,-34.87,1920,7,"068048",34.4
150.62,-34.87,1920,8,"068048",49.3
150.62,-34.87,1920,9,"068048",76.1
150.62,-34.87,1920,10,"068048",31.5
150.62,-34.87,1920,11,"068048",49.7
150.62,-34.87,1920,12,"068048",453.9
150.62,-34.87,1921,1,"068048",140.8
150.62,-34.87,1921,2,"068048",67.8
150.62,-34.87,1921,3,"068048",52.7
150.62,-34.87,1921,4,"068048",191
150.62,-34.87,1921,5,"068048",386.3
150.62,-34.87,1921,6,"068048",21.5
150.62,-34.87,1921,7,"068048",83.7
150.62,-34.87,1921,8,"068048",5.1
150.62,-34.87,1921,9,"068048",21.9
150.62,-34.87,1921,10,"068048",25.7
150.62,-34.87,1921,11,"068048",36.6
150.62,-34.87,1921,12,"068048",149.3
150.62,-34.87,1922,1,"068048",166.2
150.62,-34.87,1922,2,"068048",117.3
150.62,-34.87,1922,3,"068048",13.8
150.62,-34.87,1922,4,"068048",59.2
150.62,-34.87,1922,5,"068048",39.6
150.62,-34.87,1922,6,"068048",33
150.62,-34.87,1922,7,"068048",318.8
150.62,-34.87,1922,8,"068048",18.3
150.62,-34.87,1922,9,"068048",91.7
150.62,-34.87,1922,10,"068048",37.9
150.62,-34.87,1922,11,"068048",2
150.62,-34.87,1922,12,"068048",41.4
150.62,-34.87,1923,1,"068048",71.6
150.62,-34.87,1923,2,"068048",82.1
150.62,-34.87,1923,3,"068048",50.3
150.62,-34.87,1923,4,"068048",79.8
150.62,-34.87,1923,5,"068048",11.7
150.62,-34.87,1923,6,"068048",129.8
150.62,-34.87,1923,7,"068048",116.3
150.62,-34.87,1923,8,"068048",54.7
150.62,-34.87,1923,9,"068048",107.7
150.62,-34.87,1923,10,"068048",47.7
150.62,-34.87,1923,11,"068048",45.5
150.62,-34.87,1923,12,"068048",63.7
150.62,-34.87,1924,1,"068048",66.5
150.62,-34.87,1924,2,"068048",69.1
150.62,-34.87,1924,3,"068048",69.8
150.62,-34.87,1924,4,"068048",186.7
150.62,-34.87,1924,5,"068048",88.1
150.62,-34.87,1924,6,"068048",66.8
150.62,-34.87,1924,7,"068048",141.6
150.62,-34.87,1924,8,"068048",50.6
150.62,-34.87,1924,9,"068048",36.2
150.62,-34.87,1924,10,"068048",50.6
150.62,-34.87,1924,11,"068048",59.3
150.62,-34.87,1924,12,"068048",99.2
150.62,-34.87,1925,1,"068048",209.5
150.62,-34.87,1925,2,"068048",96.2
150.62,-34.87,1925,3,"068048",24.4
150.62,-34.87,1925,4,"068048",36.3
150.62,-34.87,1925,5,"068048",638.1
150.62,-34.87,1925,6,"068048",162.3
150.62,-34.87,1925,7,"068048",13.7
150.62,-34.87,1925,8,"068048",50.7
150.62,-34.87,1925,9,"068048",0
150.62,-34.87,1925,10,"068048",16.8
150.62,-34.87,1925,11,"068048",100
150.62,-34.87,1925,12,"068048",8.4
150.62,-34.87,1926,1,"068048",59.6
150.62,-34.87,1926,2,"068048",7.6
150.62,-34.87,1926,3,"068048",140.7
150.62,-34.87,1926,4,"068048",134.9
150.62,-34.87,1926,5,"068048",97
150.62,-34.87,1926,6,"068048",67.2
150.62,-34.87,1926,7,"068048",66.6
150.62,-34.87,1926,8,"068048",18.6
150.62,-34.87,1926,9,"068048",49.1
150.62,-34.87,1926,10,"068048",17
150.62,-34.87,1926,11,"068048",4.8
150.62,-34.87,1926,12,"068048",61.6
150.62,-34.87,1927,1,"068048",80.7
150.62,-34.87,1927,2,"068048",15.7
150.62,-34.87,1927,3,"068048",69.6
150.62,-34.87,1927,4,"068048",390.8
150.62,-34.87,1927,5,"068048",69.3
150.62,-34.87,1927,6,"068048",20.4
150.62,-34.87,1927,7,"068048",21.8
150.62,-34.87,1927,8,"068048",0
150.62,-34.87,1927,9,"068048",54.3
150.62,-34.87,1927,10,"068048",59.9
150.62,-34.87,1927,11,"068048",111.5
150.62,-34.87,1927,12,"068048",34.8
150.62,-34.87,1928,1,"068048",72.7
150.62,-34.87,1928,2,"068048",140.1
150.62,-34.87,1928,3,"068048",155.2
150.62,-34.87,1928,4,"068048",84.7
150.62,-34.87,1928,5,"068048",24
150.62,-34.87,1928,6,"068048",218.3
150.62,-34.87,1928,7,"068048",156.4
150.62,-34.87,1928,8,"068048",20.1
150.62,-34.87,1928,9,"068048",13.2
150.62,-34.87,1928,10,"068048",27.7
150.62,-34.87,1928,11,"068048",7.1
150.62,-34.87,1928,12,"068048",39.8
150.62,-34.87,1929,1,"068048",14
150.62,-34.87,1929,2,"068048",438.6
150.62,-34.87,1929,3,"068048",60.5
150.62,-34.87,1929,4,"068048",59.6
150.62,-34.87,1929,5,"068048",98.5
150.62,-34.87,1929,6,"068048",22.7
150.62,-34.87,1929,7,"068048",54.4
150.62,-34.87,1929,8,"068048",175.6
150.62,-34.87,1929,9,"068048",57.1
150.62,-34.87,1929,10,"068048",125.7
150.62,-34.87,1929,11,"068048",105.1
150.62,-34.87,1929,12,"068048",36.9
150.62,-34.87,1930,1,"068048",30.4
150.62,-34.87,1930,2,"068048",15
150.62,-34.87,1930,3,"068048",47.2
150.62,-34.87,1930,4,"068048",49.8
150.62,-34.87,1930,5,"068048",109.2
150.62,-34.87,1930,6,"068048",419.9
150.62,-34.87,1930,7,"068048",45
150.62,-34.87,1930,8,"068048",21.6
150.62,-34.87,1930,9,"068048",12.4
150.62,-34.87,1930,10,"068048",80.3
150.62,-34.87,1930,11,"068048",20.4
150.62,-34.87,1930,12,"068048",177.5
150.62,-34.87,1931,1,"068048",34
150.62,-34.87,1931,2,"068048",36.6
150.62,-34.87,1931,3,"068048",93.9
150.62,-34.87,1931,4,"068048",137.8
150.62,-34.87,1931,5,"068048",82.3
150.62,-34.87,1931,6,"068048",30.1
150.62,-34.87,1931,7,"068048",198.6
150.62,-34.87,1931,8,"068048",0.8
150.62,-34.87,1931,9,"068048",207.5
150.62,-34.87,1931,10,"068048",48.8
150.62,-34.87,1931,11,"068048",86.6
150.62,-34.87,1931,12,"068048",139.2
150.62,-34.87,1932,1,"068048",12.1
150.62,-34.87,1932,2,"068048",39.6
150.62,-34.87,1932,3,"068048",146.2
150.62,-34.87,1932,4,"068048",104.2
150.62,-34.87,1932,5,"068048",47.2
150.62,-34.87,1932,6,"068048",14.5
150.62,-34.87,1932,7,"068048",86.7
150.62,-34.87,1932,8,"068048",58.4
150.62,-34.87,1932,9,"068048",148.6
150.62,-34.87,1932,10,"068048",35.9
150.62,-34.87,1932,11,"068048",69.2
150.62,-34.87,1932,12,"068048",76.7
150.62,-34.87,1933,1,"068048",250.4
150.62,-34.87,1933,2,"068048",6.8
150.62,-34.87,1933,3,"068048",65
150.62,-34.87,1933,4,"068048",99.5
150.62,-34.87,1933,5,"068048",76.2
150.62,-34.87,1933,6,"068048",36.3
150.62,-34.87,1933,7,"068048",88.3
150.62,-34.87,1933,8,"068048",9.9
150.62,-34.87,1933,9,"068048",63.6
150.62,-34.87,1933,10,"068048",52.3
150.62,-34.87,1933,11,"068048",95.9
150.62,-34.87,1933,12,"068048",82.6
150.62,-34.87,1934,1,"068048",210.1
150.62,-34.87,1934,2,"068048",352.6
150.62,-34.87,1934,3,"068048",41.1
150.62,-34.87,1934,4,"068048",303.5
150.62,-34.87,1934,5,"068048",84.1
150.62,-34.87,1934,6,"068048",192.5
150.62,-34.87,1934,7,"068048",142.2
150.62,-34.87,1934,8,"068048",93
150.62,-34.87,1934,9,"068048",85.3
150.62,-34.87,1934,10,"068048",47.9
150.62,-34.87,1934,11,"068048",72.6
150.62,-34.87,1934,12,"068048",105
150.62,-34.87,1935,1,"068048",89.3
150.62,-34.87,1935,2,"068048",125.5
150.62,-34.87,1935,3,"068048",49.8
150.62,-34.87,1935,4,"068048",96.8
150.62,-34.87,1935,5,"068048",23.5
150.62,-34.87,1935,6,"068048",92.9
150.62,-34.87,1935,7,"068048",32.7
150.62,-34.87,1935,8,"068048",6.3
150.62,-34.87,1935,9,"068048",55.6
150.62,-34.87,1935,10,"068048",86.4
150.62,-34.87,1935,11,"068048",45.9
150.62,-34.87,1935,12,"068048",137.9
150.62,-34.87,1936,1,"068048",75.2
150.62,-34.87,1936,2,"068048",121.8
150.62,-34.87,1936,3,"068048",180.8
150.62,-34.87,1936,4,"068048",42.7
150.62,-34.87,1936,5,"068048",20.9
150.62,-34.87,1936,6,"068048",76
150.62,-34.87,1936,7,"068048",23.9
150.62,-34.87,1936,8,"068048",21.6
150.62,-34.87,1936,9,"068048",42.2
150.62,-34.87,1936,10,"068048",19
150.62,-34.87,1936,11,"068048",7.6
150.62,-34.87,1936,12,"068048",119.7
150.62,-34.87,1937,1,"068048",102.5
150.62,-34.87,1937,2,"068048",39
150.62,-34.87,1937,3,"068048",115.2
150.62,-34.87,1937,4,"068048",23.4
150.62,-34.87,1937,5,"068048",14.8
150.62,-34.87,1937,6,"068048",169
150.62,-34.87,1937,7,"068048",49.8
150.62,-34.87,1937,8,"068048",68
150.62,-34.87,1937,9,"068048",33.9
150.62,-34.87,1937,10,"068048",101.5
150.62,-34.87,1937,11,"068048",62.3
150.62,-34.87,1937,12,"068048",46.5
150.62,-34.87,1938,1,"068048",61.1
150.62,-34.87,1938,2,"068048",60.2
150.62,-34.87,1938,3,"068048",39.4
150.62,-34.87,1938,4,"068048",38.4
150.62,-34.87,1938,5,"068048",87.9
150.62,-34.87,1938,6,"068048",3.1
150.62,-34.87,1938,7,"068048",33.6
150.62,-34.87,1938,8,"068048",350.3
150.62,-34.87,1938,9,"068048",30.1
150.62,-34.87,1938,10,"068048",149.4
150.62,-34.87,1938,11,"068048",25.9
150.62,-34.87,1938,12,"068048",11.9
150.62,-34.87,1939,1,"068048",73.6
150.62,-34.87,1939,2,"068048",9.7
150.62,-34.87,1939,3,"068048",193.7
150.62,-34.87,1939,4,"068048",83.7
150.62,-34.87,1939,5,"068048",21.8
150.62,-34.87,1939,6,"068048",8.4
150.62,-34.87,1939,7,"068048",25.7
150.62,-34.87,1939,8,"068048",39.9
150.62,-34.87,1939,9,"068048",48.3
150.62,-34.87,1939,10,"068048",76.2
150.62,-34.87,1939,11,"068048",36.2
150.62,-34.87,1939,12,"068048",11.7
150.62,-34.87,1940,1,"068048",26.8
150.62,-34.87,1940,2,"068048",9.5
150.62,-34.87,1940,3,"068048",2.5
150.62,-34.87,1940,4,"068048",120.7
150.62,-34.87,1940,5,"068048",21
150.62,-34.87,1940,6,"068048",32
150.62,-34.87,1940,7,"068048",17
150.62,-34.87,1940,8,"068048",7.2
150.62,-34.87,1940,9,"068048",114.5
150.62,-34.87,1940,10,"068048",16.2
150.62,-34.87,1940,11,"068048",45.6
150.62,-34.87,1940,12,"068048",116.7
150.62,-34.87,1941,1,"068048",107.2
150.62,-34.87,1941,2,"068048",66.9
150.62,-34.87,1941,3,"068048",6.5
150.62,-34.87,1941,4,"068048",73.7
150.62,-34.87,1941,5,"068048",28.9
150.62,-34.87,1941,6,"068048",41.7
150.62,-34.87,1941,7,"068048",15.7
150.62,-34.87,1941,8,"068048",39.9
150.62,-34.87,1941,9,"068048",122.1
150.62,-34.87,1941,10,"068048",51.4
150.62,-34.87,1941,11,"068048",34.2
150.62,-34.87,1941,12,"068048",16.5
150.62,-34.87,1942,1,"068048",2.6
150.62,-34.87,1942,2,"068048",45.1
150.62,-34.87,1942,3,"068048",132.2
150.62,-34.87,1942,4,"068048",33.8
150.62,-34.87,1942,5,"068048",37.4
150.62,-34.87,1942,6,"068048",62.7
150.62,-34.87,1942,7,"068048",22.5
150.62,-34.87,1942,8,"068048",11.9
150.62,-34.87,1942,9,"068048",4.4
150.62,-34.87,1942,10,"068048",172.2
150.62,-34.87,1942,11,"068048",172.2
150.62,-34.87,1942,12,"068048",34.9
150.62,-34.87,1943,1,"068048",40.9
150.62,-34.87,1943,2,"068048",42.5
150.62,-34.87,1943,3,"068048",40.4
150.62,-34.87,1943,4,"068048",21.6
150.62,-34.87,1943,5,"068048",534.7
150.62,-34.87,1943,6,"068048",21.3
150.62,-34.87,1943,7,"068048",3.3
150.62,-34.87,1943,8,"068048",86.1
150.62,-34.87,1943,9,"068048",76.5
150.62,-34.87,1943,10,"068048",154.5
150.62,-34.87,1943,11,"068048",121.1
150.62,-34.87,1943,12,"068048",66.1
150.62,-34.87,1944,1,"068048",24.1
150.62,-34.87,1944,2,"068048",4.3
150.62,-34.87,1944,3,"068048",3.1
150.62,-34.87,1944,4,"068048",98
150.62,-34.87,1944,5,"068048",183.7
150.62,-34.87,1944,6,"068048",22.4
150.62,-34.87,1944,7,"068048",38
150.62,-34.87,1944,8,"068048",55.8
150.62,-34.87,1944,9,"068048",23.9
150.62,-34.87,1944,10,"068048",26.2
150.62,-34.87,1944,11,"068048",20.7
150.62,-34.87,1944,12,"068048",23.7
150.62,-34.87,1945,1,"068048",99.4
150.62,-34.87,1945,2,"068048",63.8
150.62,-34.87,1945,3,"068048",44.8
150.62,-34.87,1945,4,"068048",315.8
150.62,-34.87,1945,5,"068048",86.2
150.62,-34.87,1945,6,"068048",132.1
150.62,-34.87,1945,7,"068048",30.6
150.62,-34.87,1945,8,"068048",14.2
150.62,-34.87,1945,9,"068048",7.7
150.62,-34.87,1945,10,"068048",43.7
150.62,-34.87,1945,11,"068048",33.1
150.62,-34.87,1945,12,"068048",36.7
150.62,-34.87,1946,1,"068048",49.8
150.62,-34.87,1946,2,"068048",89.4
150.62,-34.87,1946,3,"068048",21.4
150.62,-34.87,1946,4,"068048",141.3
150.62,-34.87,1946,5,"068048",32.5
150.62,-34.87,1946,6,"068048",129.8
150.62,-34.87,1946,7,"068048",0
150.62,-34.87,1946,8,"068048",1.8
150.62,-34.87,1946,9,"068048",28.9
150.62,-34.87,1946,10,"068048",33.5
150.62,-34.87,1946,11,"068048",129.2
150.62,-34.87,1946,12,"068048",26.1
150.62,-34.87,1947,1,"068048",23.7
150.62,-34.87,1947,2,"068048",140.6
150.62,-34.87,1947,3,"068048",38.8
150.62,-34.87,1947,4,"068048",124.7
150.62,-34.87,1947,5,"068048",51
150.62,-34.87,1947,6,"068048",50.5
150.62,-34.87,1947,7,"068048",5.9
150.62,-34.87,1947,8,"068048",56.7
150.62,-34.87,1947,9,"068048",14
150.62,-34.87,1947,10,"068048",47.4
150.62,-34.87,1947,11,"068048",109.2
150.62,-34.87,1947,12,"068048",158.9
150.62,-34.87,1948,1,"068048",229.1
150.62,-34.87,1948,2,"068048",56.2
150.62,-34.87,1948,3,"068048",41.2
150.62,-34.87,1948,4,"068048",24
150.62,-34.87,1948,5,"068048",176.4
150.62,-34.87,1948,6,"068048",213.9
150.62,-34.87,1948,7,"068048",16.7
150.62,-34.87,1948,8,"068048",6.2
150.62,-34.87,1948,9,"068048",23.9
150.62,-34.87,1948,10,"068048",24.2
150.62,-34.87,1948,11,"068048",17.2
150.62,-34.87,1948,12,"068048",59.1
150.62,-34.87,1949,1,"068048",107.5
150.62,-34.87,1949,2,"068048",88.8
150.62,-34.87,1949,3,"068048",158.7
150.62,-34.87,1949,4,"068048",27.2
150.62,-34.87,1949,5,"068048",134.5
150.62,-34.87,1949,6,"068048",293.5
150.62,-34.87,1949,7,"068048",52.4
150.62,-34.87,1949,8,"068048",30.7
150.62,-34.87,1949,9,"068048",105
150.62,-34.87,1949,10,"068048",65.4
150.62,-34.87,1949,11,"068048",148.5
150.62,-34.87,1949,12,"068048",38.8
150.62,-34.87,1950,1,"068048",214.4
150.62,-34.87,1950,2,"068048",212.2
150.62,-34.87,1950,3,"068048",264
150.62,-34.87,1950,4,"068048",202.8
150.62,-34.87,1950,5,"068048",263.7
150.62,-34.87,1950,6,"068048",495
150.62,-34.87,1950,7,"068048",194.3
150.62,-34.87,1950,8,"068048",39.3
150.62,-34.87,1950,9,"068048",54.3
150.62,-34.87,1950,10,"068048",173.2
150.62,-34.87,1950,11,"068048",97.8
150.62,-34.87,1950,12,"068048",37.3
150.62,-34.87,1951,1,"068048",160.7
150.62,-34.87,1951,2,"068048",238.1
150.62,-34.87,1951,3,"068048",61.3
150.62,-34.87,1951,4,"068048",4.1
150.62,-34.87,1951,5,"068048",83.1
150.62,-34.87,1951,6,"068048",431.8
150.62,-34.87,1951,7,"068048",111.3
150.62,-34.87,1951,8,"068048",51
150.62,-34.87,1951,9,"068048",245.4
150.62,-34.87,1951,10,"068048",34.6
150.62,-34.87,1951,11,"068048",9.7
150.62,-34.87,1951,12,"068048",14.2
150.62,-34.87,1952,1,"068048",80.6
150.62,-34.87,1952,2,"068048",36.6
150.62,-34.87,1952,3,"068048",159.2
150.62,-34.87,1952,4,"068048",334.9
150.62,-34.87,1952,5,"068048",37.3
150.62,-34.87,1952,6,"068048",276.9
150.62,-34.87,1952,7,"068048",87.2
150.62,-34.87,1952,8,"068048",304.7
150.62,-34.87,1952,9,"068048",4.5
150.62,-34.87,1952,10,"068048",170.7
150.62,-34.87,1952,11,"068048",61
150.62,-34.87,1952,12,"068048",87.1
150.62,-34.87,1953,1,"068048",40.5
150.62,-34.87,1953,2,"068048",68.3
150.62,-34.87,1953,3,"068048",61.2
150.62,-34.87,1953,4,"068048",31.8
150.62,-34.87,1953,5,"068048",264.2
150.62,-34.87,1953,6,"068048",0
150.62,-34.87,1953,7,"068048",36.9
150.62,-34.87,1953,8,"068048",33.1
150.62,-34.87,1953,9,"068048",37.8
150.62,-34.87,1953,10,"068048",73.8
150.62,-34.87,1953,11,"068048",25.6
150.62,-34.87,1953,12,"068048",33.7
150.62,-34.87,1954,1,"068048",111.4
150.62,-34.87,1954,2,"068048",245.9
150.62,-34.87,1954,3,"068048",10.9
150.62,-34.87,1954,4,"068048",12
150.62,-34.87,1954,5,"068048",29.5
150.62,-34.87,1954,6,"068048",25
150.62,-34.87,1954,7,"068048",46.4
150.62,-34.87,1954,8,"068048",35.2
150.62,-34.87,1954,9,"068048",61.8
150.62,-34.87,1954,10,"068048",80
150.62,-34.87,1954,11,"068048",94
150.62,-34.87,1954,12,"068048",49.6
150.62,-34.87,1955,1,"068048",137.1
150.62,-34.87,1955,2,"068048",212.2
150.62,-34.87,1955,3,"068048",60.3
150.62,-34.87,1955,4,"068048",51.4
150.62,-34.87,1955,5,"068048",227.6
150.62,-34.87,1955,6,"068048",71.7
150.62,-34.87,1955,7,"068048",11.7
150.62,-34.87,1955,8,"068048",16.1
150.62,-34.87,1955,9,"068048",19.6
150.62,-34.87,1955,10,"068048",42.3
150.62,-34.87,1955,11,"068048",79.5
150.62,-34.87,1955,12,"068048",101.7
150.62,-34.87,1956,1,"068048",74.2
150.62,-34.87,1956,2,"068048",500.5
150.62,-34.87,1956,3,"068048",268.3
150.62,-34.87,1956,4,"068048",88
150.62,-34.87,1956,5,"068048",175.3
150.62,-34.87,1956,6,"068048",162
150.62,-34.87,1956,7,"068048",65.7
150.62,-34.87,1956,8,"068048",59.5
150.62,-34.87,1956,9,"068048",30.7
150.62,-34.87,1956,10,"068048",148.6
150.62,-34.87,1956,11,"068048",54.1
150.62,-34.87,1956,12,"068048",6.8
150.62,-34.87,1957,1,"068048",41.8
150.62,-34.87,1957,2,"068048",113.5
150.62,-34.87,1957,3,"068048",30.4
150.62,-34.87,1957,4,"068048",3
150.62,-34.87,1957,5,"068048",2.5
150.62,-34.87,1957,6,"068048",61.1
150.62,-34.87,1957,7,"068048",210.4
150.62,-34.87,1957,8,"068048",99.4
150.62,-34.87,1957,9,"068048",15
150.62,-34.87,1957,10,"068048",7.1
150.62,-34.87,1957,11,"068048",27
150.62,-34.87,1957,12,"068048",87.5
150.62,-34.87,1958,1,"068048",87.1
150.62,-34.87,1958,2,"068048",368.4
150.62,-34.87,1958,3,"068048",163.2
150.62,-34.87,1958,4,"068048",146.1
150.62,-34.87,1958,5,"068048",11.4
150.62,-34.87,1958,6,"068048",176.5
150.62,-34.87,1958,7,"068048",54.9
150.62,-34.87,1958,8,"068048",42.7
150.62,-34.87,1958,9,"068048",36.1
150.62,-34.87,1958,10,"068048",29.5
150.62,-34.87,1958,11,"068048",12.7
150.62,-34.87,1958,12,"068048",107.5
150.62,-34.87,1959,1,"068048",119.6
150.62,-34.87,1959,2,"068048",170.3
150.62,-34.87,1959,3,"068048",291.3
150.62,-34.87,1959,4,"068048",58.2
150.62,-34.87,1959,5,"068048",14.6
150.62,-34.87,1959,6,"068048",93.9
150.62,-34.87,1959,7,"068048",142.2
150.62,-34.87,1959,8,"068048",29.7
150.62,-34.87,1959,9,"068048",50.2
150.62,-34.87,1959,10,"068048",660.6
150.62,-34.87,1959,11,"068048",77.6
150.62,-34.87,1959,12,"068048",67.7
150.62,-34.87,1960,1,"068048",80.6
150.62,-34.87,1960,2,"068048",60.5
150.62,-34.87,1960,3,"068048",150.8
150.62,-34.87,1960,4,"068048",41.1
150.62,-34.87,1960,5,"068048",83.5
150.62,-34.87,1960,6,"068048",74.9
150.62,-34.87,1960,7,"068048",106.9
150.62,-34.87,1960,8,"068048",76.8
150.62,-34.87,1960,9,"068048",88.3
150.62,-34.87,1960,10,"068048",114.5
150.62,-34.87,1960,11,"068048",61.2
150.62,-34.87,1960,12,"068048",189.6
150.62,-34.87,1961,1,"068048",52.9
150.62,-34.87,1961,2,"068048",83.2
150.62,-34.87,1961,3,"068048",291.9
150.62,-34.87,1961,4,"068048",48.6
150.62,-34.87,1961,5,"068048",11.1
150.62,-34.87,1961,6,"068048",80.8
150.62,-34.87,1961,7,"068048",99.5
150.62,-34.87,1961,8,"068048",233.6
150.62,-34.87,1961,9,"068048",49.6
150.62,-34.87,1961,10,"068048",80.8
150.62,-34.87,1961,11,"068048",581.7
150.62,-34.87,1961,12,"068048",243
150.62,-34.87,1962,1,"068048",220.5
150.62,-34.87,1962,2,"068048",124.2
150.62,-34.87,1962,3,"068048",53.9
150.62,-34.87,1962,4,"068048",66.4
150.62,-34.87,1962,5,"068048",184.1
150.62,-34.87,1962,6,"068048",0.8
150.62,-34.87,1962,7,"068048",24.1
150.62,-34.87,1962,8,"068048",92.5
150.62,-34.87,1962,9,"068048",138.9
150.62,-34.87,1962,10,"068048",52.4
150.62,-34.87,1962,11,"068048",12.5
150.62,-34.87,1962,12,"068048",193.6
150.62,-34.87,1963,1,"068048",176
150.62,-34.87,1963,2,"068048",74.3
150.62,-34.87,1963,3,"068048",277.5
150.62,-34.87,1963,4,"068048",314.6
150.62,-34.87,1963,5,"068048",179.4
150.62,-34.87,1963,6,"068048",138.5
150.62,-34.87,1963,7,"068048",57.6
150.62,-34.87,1963,8,"068048",144.5
150.62,-34.87,1963,9,"068048",65.3
150.62,-34.87,1963,10,"068048",52.9
150.62,-34.87,1963,11,"068048",36.5
150.62,-34.87,1963,12,"068048",237.2
150.62,-34.87,1964,1,"068048",31.8
150.62,-34.87,1964,2,"068048",9.9
150.62,-34.87,1964,3,"068048",76.3
150.62,-34.87,1964,4,"068048",242.1
150.62,-34.87,1964,5,"068048",30.4
150.62,-34.87,1964,6,"068048",293.3
150.62,-34.87,1964,7,"068048",11.7
150.62,-34.87,1964,8,"068048",54.9
150.62,-34.87,1964,9,"068048",37.2
150.62,-34.87,1964,10,"068048",76.2
150.62,-34.87,1964,11,"068048",37.7
150.62,-34.87,1964,12,"068048",65
150.62,-34.87,1965,1,"068048",39.1
150.62,-34.87,1965,2,"068048",16.5
150.62,-34.87,1965,3,"068048",1.6
150.62,-34.87,1965,4,"068048",84.2
150.62,-34.87,1965,5,"068048",54.9
150.62,-34.87,1965,6,"068048",70.9
150.62,-34.87,1965,7,"068048",74.2
150.62,-34.87,1965,8,"068048",11.5
150.62,-34.87,1965,9,"068048",23.6
150.62,-34.87,1965,10,"068048",194.4
150.62,-34.87,1965,11,"068048",17.8
150.62,-34.87,1965,12,"068048",97.8
150.62,-34.87,1966,1,"068048",26.1
150.62,-34.87,1966,2,"068048",147.8
150.62,-34.87,1966,3,"068048",75.9
150.62,-34.87,1966,4,"068048",9.9
150.62,-34.87,1966,5,"068048",7.4
150.62,-34.87,1966,6,"068048",158.9
150.62,-34.87,1966,7,"068048",26.9
150.62,-34.87,1966,8,"068048",33.8
150.62,-34.87,1966,9,"068048",54.8
150.62,-34.87,1966,10,"068048",114.6
150.62,-34.87,1966,11,"068048",217.7
150.62,-34.87,1966,12,"068048",87.6
150.62,-34.87,1967,1,"068048",149.3
150.62,-34.87,1967,2,"068048",40.7
150.62,-34.87,1967,3,"068048",65.3
150.62,-34.87,1967,4,"068048",23.1
150.62,-34.87,1967,5,"068048",22.9
150.62,-34.87,1967,6,"068048",126.1
150.62,-34.87,1967,7,"068048",45.9
150.62,-34.87,1967,8,"068048",77.7
150.62,-34.87,1967,9,"068048",150.9
150.62,-34.87,1967,10,"068048",64.8
150.62,-34.87,1967,11,"068048",32.5
150.62,-34.87,1967,12,"068048",16.2
150.62,-34.87,1968,1,"068048",113.6
150.62,-34.87,1968,2,"068048",4.1
150.62,-34.87,1968,3,"068048",64.4
150.62,-34.87,1968,4,"068048",26.2
150.62,-34.87,1968,5,"068048",113.1
150.62,-34.87,1968,6,"068048",5.6
150.62,-34.87,1968,7,"068048",29.5
150.62,-34.87,1968,8,"068048",16.9
150.62,-34.87,1968,9,"068048",15.5
150.62,-34.87,1968,10,"068048",5.9
150.62,-34.87,1968,11,"068048",23.1
150.62,-34.87,1968,12,"068048",122.6
150.62,-34.87,1969,1,"068048",61.6
150.62,-34.87,1969,2,"068048",172.6
150.62,-34.87,1969,3,"068048",80.3
150.62,-34.87,1969,4,"068048",225.4
150.62,-34.87,1969,5,"068048",52.2
150.62,-34.87,1969,6,"068048",171.6
150.62,-34.87,1969,7,"068048",29.9
150.62,-34.87,1969,8,"068048",136.2
150.62,-34.87,1969,9,"068048",42.1
150.62,-34.87,1969,10,"068048",220.9
150.62,-34.87,1969,11,"068048",244.2
150.62,-34.87,1969,12,"068048",44.4
150.62,-34.87,1970,1,"068048",96.8
150.62,-34.87,1970,2,"068048",30.8
150.62,-34.87,1970,3,"068048",109.2
150.62,-34.87,1970,4,"068048",33
150.62,-34.87,1970,5,"068048",44.6
150.62,-34.87,1970,6,"068048",15.2
150.62,-34.87,1970,7,"068048",0
150.62,-34.87,1970,8,"068048",16.9
150.62,-34.87,1970,9,"068048",157.5
150.62,-34.87,1970,10,"068048",47.8
150.62,-34.87,1970,11,"068048",108.5
150.62,-34.87,1970,12,"068048",247.3
150.62,-34.87,1971,1,"068048",114.7
150.62,-34.87,1971,2,"068048",684.4
150.62,-34.87,1971,3,"068048",58.1
150.62,-34.87,1971,4,"068048",45.4
150.62,-34.87,1971,5,"068048",33.4
150.62,-34.87,1971,6,"068048",10.2
150.62,-34.87,1971,7,"068048",7.9
150.62,-34.87,1971,8,"068048",105
150.62,-34.87,1971,9,"068048",26.4
150.62,-34.87,1971,10,"068048",20.4
150.62,-34.87,1971,11,"068048",74.7
150.62,-34.87,1971,12,"068048",196
150.62,-34.87,1972,1,"068048",367.9
150.62,-34.87,1972,2,"068048",71.6
150.62,-34.87,1972,3,"068048",100.4
150.62,-34.87,1972,4,"068048",116.6
150.62,-34.87,1972,5,"068048",22.1
150.62,-34.87,1972,6,"068048",45
150.62,-34.87,1972,7,"068048",2.5
150.62,-34.87,1972,8,"068048",60.7
150.62,-34.87,1972,9,"068048",9.9
150.62,-34.87,1972,10,"068048",159.6
150.62,-34.87,1972,11,"068048",44.5
150.62,-34.87,1972,12,"068048",20.8
150.62,-34.87,1973,1,"068048",64
150.62,-34.87,1973,2,"068048",206.4
150.62,-34.87,1973,3,"068048",37
150.62,-34.87,1973,4,"068048",37.7
150.62,-34.87,1973,5,"068048",51.1
150.62,-34.87,1973,6,"068048",118.3
150.62,-34.87,1973,7,"068048",32.8
150.62,-34.87,1973,8,"068048",73.8
150.62,-34.87,1973,9,"068048",37
150.62,-34.87,1973,10,"068048",72.2
150.62,-34.87,1973,11,"068048",188
150.62,-34.87,1973,12,"068048",60.2
150.62,-34.87,1974,1,"068048",114.3
150.62,-34.87,1974,2,"068048",93.4
150.62,-34.87,1974,3,"068048",151
150.62,-34.87,1974,4,"068048",398.4
150.62,-34.87,1974,5,"068048",227.8
150.62,-34.87,1974,6,"068048",251.4
150.62,-34.87,1974,7,"068048",23.4
150.62,-34.87,1974,8,"068048",307.9
150.62,-34.87,1974,9,"068048",29
150.62,-34.87,1974,10,"068048",142.8
150.62,-34.87,1974,11,"068048",96.6
150.62,-34.87,1974,12,"068048",5.2
150.62,-34.87,1975,1,"068048",27.6
150.62,-34.87,1975,2,"068048",155
150.62,-34.87,1975,3,"068048",452.2
150.62,-34.87,1975,4,"068048",186.6
150.62,-34.87,1975,5,"068048",9.2
150.62,-34.87,1975,6,"068048",286.5
150.62,-34.87,1975,7,"068048",51.2
150.62,-34.87,1975,8,"068048",16.2
150.62,-34.87,1975,9,"068048",57.4
150.62,-34.87,1975,10,"068048",113.4
150.62,-34.87,1975,11,"068048",50.6
150.62,-34.87,1975,12,"068048",21
150.62,-34.87,1976,1,"068048",194.3
150.62,-34.87,1976,2,"068048",141.5
150.62,-34.87,1976,3,"068048",407.2
150.62,-34.87,1976,4,"068048",36.4
150.62,-34.87,1976,5,"068048",9.6
150.62,-34.87,1976,6,"068048",134.2
150.62,-34.87,1976,7,"068048",129.2
150.62,-34.87,1976,8,"068048",14.6
150.62,-34.87,1976,9,"068048",77.4
150.62,-34.87,1976,10,"068048",328.9
150.62,-34.87,1976,11,"068048",72
150.62,-34.87,1976,12,"068048",37.6
150.62,-34.87,1977,1,"068048",32.8
150.62,-34.87,1977,2,"068048",280.8
150.62,-34.87,1977,3,"068048",250.8
150.62,-34.87,1977,4,"068048",36.8
150.62,-34.87,1977,5,"068048",168.3
150.62,-34.87,1977,6,"068048",105.6
150.62,-34.87,1977,7,"068048",4.6
150.62,-34.87,1977,8,"068048",12.2
150.62,-34.87,1977,9,"068048",78
150.62,-34.87,1977,10,"068048",18
150.62,-34.87,1977,11,"068048",11.6
150.62,-34.87,1977,12,"068048",43
150.62,-34.87,1978,1,"068048",251.3
150.62,-34.87,1978,2,"068048",62.8
150.62,-34.87,1978,3,"068048",226.6
150.62,-34.87,1978,4,"068048",187.4
150.62,-34.87,1978,5,"068048",89.3
150.62,-34.87,1978,6,"068048",251.2
150.62,-34.87,1978,7,"068048",21.8
150.62,-34.87,1978,8,"068048",25.6
150.62,-34.87,1978,9,"068048",117.8
150.62,-34.87,1978,10,"068048",68.3
150.62,-34.87,1978,11,"068048",165.6
150.62,-34.87,1978,12,"068048",108
150.62,-34.87,1979,1,"068048",17
150.62,-34.87,1979,2,"068048",15.4
150.62,-34.87,1979,3,"068048",270.4
150.62,-34.87,1979,4,"068048",28.6
150.62,-34.87,1979,5,"068048",146.3
150.62,-34.87,1979,6,"068048",72.2
150.62,-34.87,1979,7,"068048",76.4
150.62,-34.87,1979,8,"068048",20.8
150.62,-34.87,1979,9,"068048",12.2
150.62,-34.87,1979,10,"068048",69.4
150.62,-34.87,1979,11,"068048",50
150.62,-34.87,1979,12,"068048",6.8
150.62,-34.87,1980,1,"068048",128.2
150.62,-34.87,1980,2,"068048",82.6
150.62,-34.87,1980,3,"068048",57.4
150.62,-34.87,1980,4,"068048",7.8
150.62,-34.87,1980,5,"068048",122.5
150.62,-34.87,1980,6,"068048",30.4
150.62,-34.87,1980,7,"068048",29.4
150.62,-34.87,1980,8,"068048",3
150.62,-34.87,1980,9,"068048",18.2
150.62,-34.87,1980,10,"068048",17
150.62,-34.87,1980,11,"068048",54.6
150.62,-34.87,1980,12,"068048",40.8
150.62,-34.87,1981,1,"068048",86.1
150.62,-34.87,1981,2,"068048",173
150.62,-34.87,1981,3,"068048",18.2
150.62,-34.87,1981,4,"068048",80.4
150.62,-34.87,1981,5,"068048",95.8
150.62,-34.87,1981,6,"068048",50.4
150.62,-34.87,1981,7,"068048",17.6
150.62,-34.87,1981,8,"068048",9.4
150.62,-34.87,1981,9,"068048",14
150.62,-34.87,1981,10,"068048",131
150.62,-34.87,1981,11,"068048",140.5
150.62,-34.87,1981,12,"068048",100.1
150.62,-34.87,1982,1,"068048",69.8
150.62,-34.87,1982,2,"068048",7.7
150.62,-34.87,1982,3,"068048",91.2
150.62,-34.87,1982,4,"068048",14.8
150.62,-34.87,1982,5,"068048",2.8
150.62,-34.87,1982,6,"068048",63.7
150.62,-34.87,1982,7,"068048",36
150.62,-34.87,1982,8,"068048",6.4
150.62,-34.87,1982,9,"068048",145
150.62,-34.87,1982,10,"068048",36.7
150.62,-34.87,1982,11,"068048",9.4
150.62,-34.87,1982,12,"068048",31.1
150.62,-34.87,1983,1,"068048",49.2
150.62,-34.87,1983,2,"068048",50.8
150.62,-34.87,1983,3,"068048",196.2
150.62,-34.87,1983,4,"068048",39.8
150.62,-34.87,1983,5,"068048",287.1
150.62,-34.87,1983,6,"068048",52.2
150.62,-34.87,1983,7,"068048",22.8
150.62,-34.87,1983,8,"068048",43
150.62,-34.87,1983,9,"068048",38
150.62,-34.87,1983,10,"068048",152.6
150.62,-34.87,1983,11,"068048",100.4
150.62,-34.87,1983,12,"068048",110.6
150.62,-34.87,1984,1,"068048",152.8
150.62,-34.87,1984,2,"068048",252.8
150.62,-34.87,1984,3,"068048",180.8
150.62,-34.87,1984,4,"068048",121.2
150.62,-34.87,1984,5,"068048",63.6
150.62,-34.87,1984,6,"068048",109.4
150.62,-34.87,1984,7,"068048",150
150.62,-34.87,1984,8,"068048",19.2
150.62,-34.87,1984,9,"068048",50.4
150.62,-34.87,1984,10,"068048",42.8
150.62,-34.87,1984,11,"068048",151.8
150.62,-34.87,1984,12,"068048",102.8
150.62,-34.87,1985,1,"068048",15.8
150.62,-34.87,1985,2,"068048",51
150.62,-34.87,1985,3,"068048",83.2
150.62,-34.87,1985,4,"068048",146.8
150.62,-34.87,1985,5,"068048",175.2
150.62,-34.87,1985,6,"068048",59
150.62,-34.87,1985,7,"068048",24.8
150.62,-34.87,1985,8,"068048",19.8
150.62,-34.87,1985,9,"068048",134.8
150.62,-34.87,1985,10,"068048",268.2
150.62,-34.87,1985,11,"068048",124
150.62,-34.87,1985,12,"068048",94.2
150.62,-34.87,1986,1,"068048",100.1
150.62,-34.87,1986,2,"068048",26.7
150.62,-34.87,1986,3,"068048",12
150.62,-34.87,1986,4,"068048",123
150.62,-34.87,1986,5,"068048",25.6
150.62,-34.87,1986,6,"068048",37
150.62,-34.87,1986,7,"068048",18.4
150.62,-34.87,1986,8,"068048",197
150.62,-34.87,1986,9,"068048",83.4
150.62,-34.87,1986,10,"068048",83.8
150.62,-34.87,1986,11,"068048",146.1
150.62,-34.87,1986,12,"068048",18.4
150.62,-34.87,1987,1,"068048",53.6
150.62,-34.87,1987,2,"068048",62.8
150.62,-34.87,1987,3,"068048",63.4
150.62,-34.87,1987,4,"068048",33.2
150.62,-34.87,1987,5,"068048",57.5
150.62,-34.87,1987,6,"068048",24.8
150.62,-34.87,1987,7,"068048",116.8
150.62,-34.87,1987,8,"068048",183
150.62,-34.87,1987,9,"068048",23.4
150.62,-34.87,1987,10,"068048",120.6
150.62,-34.87,1987,11,"068048",105.8
150.62,-34.87,1987,12,"068048",131
150.62,-34.87,1988,1,"068048",20.6
150.62,-34.87,1988,2,"068048",72
150.62,-34.87,1988,3,"068048",35.6
150.62,-34.87,1988,4,"068048",479
150.62,-34.87,1988,5,"068048",120.8
150.62,-34.87,1988,6,"068048",43.4
150.62,-34.87,1988,7,"068048",103
150.62,-34.87,1988,8,"068048",22.2
150.62,-34.87,1988,9,"068048",78.1
150.62,-34.87,1988,10,"068048",4.8
150.62,-34.87,1988,11,"068048",141.6
150.62,-34.87,1988,12,"068048",92.4
150.62,-34.87,1989,1,"068048",150
150.62,-34.87,1989,2,"068048",71
150.62,-34.87,1989,3,"068048",174.6
150.62,-34.87,1989,4,"068048",277.7
150.62,-34.87,1989,5,"068048",118.4
150.62,-34.87,1989,6,"068048",203.4
150.62,-34.87,1989,7,"068048",27.2
150.62,-34.87,1989,8,"068048",24.2
150.62,-34.87,1989,9,"068048",19
150.62,-34.87,1989,10,"068048",18.6
150.62,-34.87,1989,11,"068048",103.2
150.62,-34.87,1989,12,"068048",89
150.62,-34.87,1990,1,"068048",64.5
150.62,-34.87,1990,2,"068048",338.2
150.62,-34.87,1990,3,"068048",47.8
150.62,-34.87,1990,4,"068048",247.8
150.62,-34.87,1990,5,"068048",220.2
150.62,-34.87,1990,6,"068048",27.9
150.62,-34.87,1990,7,"068048",33
150.62,-34.87,1990,8,"068048",425.8
150.62,-34.87,1990,9,"068048",121.4
150.62,-34.87,1990,10,"068048",40.5
150.62,-34.87,1990,11,"068048",4
150.62,-34.87,1990,12,"068048",39.4
150.62,-34.87,1991,1,"068048",78.3
150.62,-34.87,1991,2,"068048",53.4
150.62,-34.87,1991,3,"068048",9.8
150.62,-34.87,1991,4,"068048",51.8
150.62,-34.87,1991,5,"068048",57.5
150.62,-34.87,1991,6,"068048",594.2
150.62,-34.87,1991,7,"068048",142.2
150.62,-34.87,1991,8,"068048",4.4
150.62,-34.87,1991,9,"068048",7
150.62,-34.87,1991,10,"068048",16
150.62,-34.87,1991,11,"068048",40.2
150.62,-34.87,1991,12,"068048",204.1
150.62,-34.87,1992,1,"068048",113.5
150.62,-34.87,1992,2,"068048",298.9
150.62,-34.87,1992,3,"068048",29.5
150.62,-34.87,1992,4,"068048",60
150.62,-34.87,1992,5,"068048",63
150.62,-34.87,1992,6,"068048",83.2
150.62,-34.87,1992,7,"068048",21
150.62,-34.87,1992,8,"068048",18.2
150.62,-34.87,1992,9,"068048",11.1
150.62,-34.87,1992,10,"068048",102.1
150.62,-34.87,1992,11,"068048",105.4
150.62,-34.87,1992,12,"068048",130.8
150.62,-34.87,1993,1,"068048",65
150.62,-34.87,1993,2,"068048",68.5
150.62,-34.87,1993,3,"068048",106.6
150.62,-34.87,1993,4,"068048",4.4
150.62,-34.87,1993,5,"068048",27.6
150.62,-34.87,1993,6,"068048",17.6
150.62,-34.87,1993,7,"068048",59.3
150.62,-34.87,1993,8,"068048",40.2
150.62,-34.87,1993,9,"068048",128.9
150.62,-34.87,1993,10,"068048",66.9
150.62,-34.87,1993,11,"068048",42.4
150.62,-34.87,1993,12,"068048",23.2
150.62,-34.87,1994,1,"068048",6.4
150.62,-34.87,1994,2,"068048",221.5
150.62,-34.87,1994,3,"068048",121.8
150.62,-34.87,1994,4,"068048",153.5
150.62,-34.87,1994,5,"068048",17.7
150.62,-34.87,1994,6,"068048",52.8
150.62,-34.87,1994,7,"068048",3.6
150.62,-34.87,1994,8,"068048",12.8
150.62,-34.87,1994,9,"068048",5.2
150.62,-34.87,1994,10,"068048",36.3
150.62,-34.87,1994,11,"068048",44.4
150.62,-34.87,1994,12,"068048",29.4
150.62,-34.87,1995,1,"068048",63.7
150.62,-34.87,1995,2,"068048",35.2
150.62,-34.87,1995,3,"068048",87.7
150.62,-34.87,1995,4,"068048",4.8
150.62,-34.87,1995,5,"068048",204.6
150.62,-34.87,1995,6,"068048",68.8
150.62,-34.87,1995,7,"068048",2.8
150.62,-34.87,1995,8,"068048",3
150.62,-34.87,1995,9,"068048",273.6
150.62,-34.87,1995,10,"068048",86.7
150.62,-34.87,1995,11,"068048",100.6
150.62,-34.87,1995,12,"068048",72.7
150.62,-34.87,1996,1,"068048",142.9
150.62,-34.87,1996,2,"068048",49.7
150.62,-34.87,1996,3,"068048",74.8
150.62,-34.87,1996,4,"068048",36.6
150.62,-34.87,1996,5,"068048",83.5
150.62,-34.87,1996,6,"068048",35.5
150.62,-34.87,1996,7,"068048",41.4
150.62,-34.87,1996,8,"068048",76.2
150.62,-34.87,1996,9,"068048",99.1
150.62,-34.87,1996,10,"068048",51.5
150.62,-34.87,1996,11,"068048",56.4
150.62,-34.87,1996,12,"068048",28.2
150.62,-34.87,1997,1,"068048",115.4
150.62,-34.87,1997,2,"068048",108.9
150.62,-34.87,1997,3,"068048",106.6
150.62,-34.87,1997,4,"068048",2
150.62,-34.87,1997,5,"068048",104.3
150.62,-34.87,1997,6,"068048",234.8
150.62,-34.87,1997,7,"068048",36.8
150.62,-34.87,1997,8,"068048",5.4
150.62,-34.87,1997,9,"068048",201.4
150.62,-34.87,1997,10,"068048",66.9
150.62,-34.87,1997,11,"068048",15
150.62,-34.87,1997,12,"068048",10.5
150.62,-34.87,1998,1,"068048",84
150.62,-34.87,1998,2,"068048",12.8
150.62,-34.87,1998,3,"068048",9.2
150.62,-34.87,1998,4,"068048",87.8
150.62,-34.87,1998,5,"068048",148.8
150.62,-34.87,1998,6,"068048",109.6
150.62,-34.87,1998,7,"068048",64
150.62,-34.87,1998,8,"068048",590.6
150.62,-34.87,1998,9,"068048",35.6
150.62,-34.87,1998,10,"068048",29.5
150.62,-34.87,1998,11,"068048",130.2
150.62,-34.87,1998,12,"068048",14
150.62,-34.87,1999,1,"068048",84.8
150.62,-34.87,1999,2,"068048",78.6
150.62,-34.87,1999,3,"068048",54.5
150.62,-34.87,1999,4,"068048",71.2
150.62,-34.87,1999,5,"068048",NA
150.62,-34.87,1999,6,"068048",58.8
150.62,-34.87,1999,7,"068048",188.4
150.62,-34.87,1999,8,"068048",34
150.62,-34.87,1999,9,"068048",54.3
150.62,-34.87,1999,10,"068048",224.8
150.62,-34.87,1999,11,"068048",NA
150.62,-34.87,1999,12,"068048",70.3
150.62,-34.87,2000,1,"068048",47
150.62,-34.87,2000,2,"068048",15.4
150.62,-34.87,2000,3,"068048",127.1
150.62,-34.87,2000,4,"068048",NA
150.62,-34.87,2000,5,"068048",NA
150.62,-34.87,2000,6,"068048",78.2
150.62,-34.87,2000,7,"068048",42.8
150.62,-34.87,2000,8,"068048",7
150.62,-34.87,2000,9,"068048",NA
150.62,-34.87,2000,10,"068048",27.2
150.62,-34.87,2000,11,"068048",NA
150.62,-34.87,2000,12,"068048",55.6
150.62,-34.87,2001,1,"068048",54.6
150.62,-34.87,2001,2,"068048",110.2
150.62,-34.87,2001,3,"068048",60.8
150.62,-34.87,2001,4,"068048",34.7
150.62,-34.87,2001,5,"068048",27.3
150.62,-34.87,2001,6,"068048",30.5
150.62,-34.87,2001,7,"068048",134.5
150.62,-34.87,2001,8,"068048",73.1
150.62,-34.87,2001,9,"068048",32.7
150.62,-34.87,2001,10,"068048",69.6
150.62,-34.87,2001,11,"068048",67.4
150.62,-34.87,2001,12,"068048",NA
150.62,-34.87,2002,1,"068048",93
150.62,-34.87,2002,2,"068048",277
150.62,-34.87,2002,3,"068048",95.3
150.62,-34.87,2002,4,"068048",81
150.62,-34.87,2002,5,"068048",41.2
150.62,-34.87,2002,6,"068048",26.5
150.62,-34.87,2002,7,"068048",6.5
150.62,-34.87,2002,8,"068048",9.6
150.62,-34.87,2002,9,"068048",12.5
150.62,-34.87,2002,10,"068048",10.7
150.62,-34.87,2002,11,"068048",8.6
150.62,-34.87,2002,12,"068048",51.8
150.62,-34.87,2003,1,"068048",60.5
150.62,-34.87,2003,2,"068048",82.7
150.62,-34.87,2003,3,"068048",66.9
150.62,-34.87,2003,4,"068048",111.6
150.62,-34.87,2003,5,"068048",255.6
150.62,-34.87,2003,6,"068048",62.5
150.62,-34.87,2003,7,"068048",38.4
150.62,-34.87,2003,8,"068048",23.5
150.62,-34.87,2003,9,"068048",10
150.62,-34.87,2003,10,"068048",67.4
150.62,-34.87,2003,11,"068048",123.1
150.62,-34.87,2003,12,"068048",44.9
150.62,-34.87,2004,1,"068048",45.9
150.62,-34.87,2004,2,"068048",72.6
150.62,-34.87,2004,3,"068048",63.2
150.62,-34.87,2004,4,"068048",43
150.62,-34.87,2004,5,"068048",22
150.62,-34.87,2004,6,"068048",10.2
150.62,-34.87,2004,7,"068048",48
150.62,-34.87,2004,8,"068048",30.5
150.62,-34.87,2004,9,"068048",27
150.62,-34.87,2004,10,"068048",193
150.62,-34.87,2004,11,"068048",52
150.62,-34.87,2004,12,"068048",78.5
150.62,-34.87,2005,1,"068048",69.5
150.62,-34.87,2005,2,"068048",94
150.62,-34.87,2005,3,"068048",64.8
150.62,-34.87,2005,4,"068048",31.6
150.62,-34.87,2005,5,"068048",84.5
150.62,-34.87,2005,6,"068048",54.4
150.62,-34.87,2005,7,"068048",161.3
150.62,-34.87,2005,8,"068048",2.5
150.62,-34.87,2005,9,"068048",70.2
150.62,-34.87,2005,10,"068048",51.7
150.62,-34.87,2005,11,"068048",NA
150.62,-34.87,2005,12,"068048",30.6
150.62,-34.87,2006,1,"068048",111.9
150.62,-34.87,2006,2,"068048",37.6
150.62,-34.87,2006,3,"068048",37.9
150.62,-34.87,2006,4,"068048",8.4
150.62,-34.87,2006,5,"068048",46.6
150.62,-34.87,2006,6,"068048",NA
150.62,-34.87,2006,7,"068048",NA
150.62,-34.87,2006,8,"068048",37
150.62,-34.87,2006,9,"068048",68.2
150.62,-34.87,2006,10,"068048",3.5
150.62,-34.87,2006,11,"068048",20.9
150.62,-34.87,2006,12,"068048",64.2
150.62,-34.87,2007,1,"068048",10
150.62,-34.87,2007,2,"068048",212.5
150.62,-34.87,2007,3,"068048",71.7
150.62,-34.87,2007,4,"068048",49.2
150.62,-34.87,2007,5,"068048",20
150.62,-34.87,2007,6,"068048",266.5
150.62,-34.87,2007,7,"068048",39.9
150.62,-34.87,2007,8,"068048",53.1
150.62,-34.87,2007,9,"068048",42.8
150.62,-34.87,2007,10,"068048",13.5
150.62,-34.87,2007,11,"068048",175.3
150.62,-34.87,2007,12,"068048",70.3
150.62,-34.87,2008,1,"068048",NA
150.62,-34.87,2008,2,"068048",337.4
150.62,-34.87,2008,3,"068048",31.1
150.62,-34.87,2008,4,"068048",61.8
150.62,-34.87,2008,5,"068048",7.7
150.62,-34.87,2008,6,"068048",66.5
150.62,-34.87,2008,7,"068048",55.3
150.62,-34.87,2008,8,"068048",55.4
150.62,-34.87,2008,9,"068048",83.5
150.62,-34.87,2008,10,"068048",91.2
150.62,-34.87,2008,11,"068048",37.6
150.62,-34.87,2008,12,"068048",71.3
150.62,-34.87,2009,1,"068048",17.4
150.62,-34.87,2009,2,"068048",103.2
150.62,-34.87,2009,3,"068048",37.3
150.62,-34.87,2009,4,"068048",103.5
150.62,-34.87,2009,5,"068048",19.2
150.62,-34.87,2009,6,"068048",29.4
150.62,-34.87,2009,7,"068048",23.7
150.62,-34.87,2009,8,"068048",7
150.62,-34.87,2009,9,"068048",25
150.62,-34.87,2009,10,"068048",101.3
150.62,-34.87,2009,11,"068048",25.8
150.62,-34.87,2009,12,"068048",110.3
150.62,-34.87,2010,1,"068048",66.8
150.62,-34.87,2010,2,"068048",242.6
150.62,-34.87,2010,3,"068048",61.6
150.62,-34.87,2010,4,"068048",24.8
150.62,-34.87,2010,5,"068048",68.8
150.62,-34.87,2010,6,"068048",50.7
150.62,-34.87,2010,7,"068048",60.1
150.62,-34.87,2010,8,"068048",NA
150.62,-34.87,2010,9,"068048",NA
150.62,-34.87,2010,10,"068048",NA
150.62,-34.87,2010,11,"068048",NA
150.62,-34.87,2010,12,"068048",NA
150.62,-34.87,2012,1,"068048",NA
150.62,-34.87,2012,2,"068048",NA
150.62,-34.87,2012,3,"068048",NA
150.62,-34.87,2012,4,"068048",0
150.62,-34.87,2012,5,"068048",NA
150.62,-34.87,2012,6,"068048",81
150.62,-34.87,2012,7,"068048",NA
150.62,-34.87,2012,8,"068048",NA
150.62,-34.87,2012,9,"068048",NA
150.62,-34.87,2012,10,"068048",NA
150.62,-34.87,2012,11,"068048",NA
150.62,-34.87,2012,12,"068048",NA
150.62,-34.87,2013,1,"068048",95.5
150.62,-34.87,2013,2,"068048",84.5
150.62,-34.87,2013,3,"068048",3.3
150.62,-34.87,2013,4,"068048",69
150.62,-34.87,2013,5,"068048",114
150.62,-34.87,2013,6,"068048",230
150.62,-34.87,2013,7,"068048",30
150.62,-34.87,2013,8,"068048",8
150.62,-34.87,2013,9,"068048",0
150.62,-34.87,2013,10,"068048",2
150.62,-34.87,2013,11,"068048",100
150.62,-34.87,2013,12,"068048",NA
150.62,-34.87,2014,1,"068048",19.4
150.62,-34.87,2014,2,"068048",2.8
150.62,-34.87,2014,3,"068048",226
150.62,-34.87,2014,4,"068048",10
150.62,-34.87,2014,5,"068048",NA
150.62,-34.87,2014,6,"068048",NA
150.62,-34.87,2014,7,"068048",NA
150.62,-34.87,2014,8,"068048",NA
150.62,-34.87,2014,9,"068048",NA
150.62,-34.87,2014,10,"068048",106
150.62,-34.87,2014,11,"068048",19
150.62,-34.87,2014,12,"068048",247.5
150.62,-34.87,2015,1,"068048",NA
150.62,-34.87,2015,2,"068048",25
150.62,-34.87,2015,3,"068048",NA
150.62,-34.87,2015,4,"068048",NA
150.62,-34.87,2015,5,"068048",NA
150.62,-34.87,2015,6,"068048",31
150.62,-34.87,2015,7,"068048",73
150.62,-34.87,2015,8,"068048",387.9
150.62,-34.87,2015,9,"068048",34.3
150.62,-34.87,2015,10,"068048",30.2
150.62,-34.87,2015,11,"068048",NA
150.62,-34.87,2015,12,"068048",NA
150.62,-34.87,2016,1,"068048",225.6
150.62,-34.87,2016,2,"068048",59.6
150.62,-34.87,2016,3,"068048",NA
150.62,-34.87,2016,4,"068048",24.4
150.62,-34.87,2016,5,"068048",27
150.62,-34.87,2016,6,"068048",NA
150.62,-34.87,2016,7,"068048",NA
150.62,-34.87,2016,8,"068048",NA
150.62,-34.87,2016,9,"068048",58.4
150.62,-34.87,2016,10,"068048",1.3
150.62,-34.87,2016,11,"068048",22
150.62,-34.87,2016,12,"068048",NA
150.62,-34.87,2017,1,"068048",NA
150.62,-34.87,2017,2,"068048",157
150.62,-34.87,2017,3,"068048",305
150.62,-34.87,2017,4,"068048",41.1
150.62,-34.87,2017,5,"068048",19
150.62,-34.87,2017,6,"068048",81
150.62,-34.87,2017,7,"068048",0
150.62,-34.87,2017,8,"068048",32.2
150.62,-34.87,2017,9,"068048",0
150.62,-34.87,2017,10,"068048",NA
150.62,-34.87,2017,11,"068048",NA
150.62,-34.87,2017,12,"068048",31.5
150.62,-34.87,2018,1,"068048",68.4
150.62,-34.87,2018,2,"068048",127
150.62,-34.87,2018,3,"068048",69.3
150.62,-34.87,2018,4,"068048",24.5
150.62,-34.87,2018,5,"068048",35
150.62,-34.87,2018,6,"068048",47.1
150.62,-34.87,2018,7,"068048",0
150.62,-34.87,2018,8,"068048",NA
150.62,-34.87,2018,9,"068048",30.4
150.62,-34.87,2018,10,"068048",NA
150.62,-34.87,2018,11,"068048",151.5
150.62,-34.87,2018,12,"068048",NA
150.62,-34.87,2019,1,"068048",48
150.62,-34.87,2019,2,"068048",65
150.62,-34.87,2019,3,"068048",115.5
150.62,-34.87,2019,4,"068048",25
150.62,-34.87,2019,5,"068048",0
150.62,-34.87,2019,6,"068048",147.9
150.62,-34.87,2019,7,"068048",9.7
150.62,-34.87,2019,8,"068048",NA
150.62,-34.87,2019,9,"068048",NA
150.62,-34.87,2019,10,"068048",NA
150.62,-34.87,2019,11,"068048",NA
150.62,-34.87,2019,12,"068048",NA
