"Lon","Lat","Year","Month","Station","Rain"
151.23,-29.81,1964,1,"056165",NA
151.23,-29.81,1964,2,"056165",NA
151.23,-29.81,1964,3,"056165",NA
151.23,-29.81,1964,4,"056165",NA
151.23,-29.81,1964,5,"056165",NA
151.23,-29.81,1964,6,"056165",NA
151.23,-29.81,1964,7,"056165",NA
151.23,-29.81,1964,8,"056165",NA
151.23,-29.81,1964,9,"056165",75.7
151.23,-29.81,1964,10,"056165",100.6
151.23,-29.81,1964,11,"056165",53.6
151.23,-29.81,1964,12,"056165",38.4
151.23,-29.81,1965,1,"056165",55.3
151.23,-29.81,1965,2,"056165",11.7
151.23,-29.81,1965,3,"056165",13.7
151.23,-29.81,1965,4,"056165",32.1
151.23,-29.81,1965,5,"056165",19.1
151.23,-29.81,1965,6,"056165",12.2
151.23,-29.81,1965,7,"056165",15
151.23,-29.81,1965,8,"056165",19.1
151.23,-29.81,1965,9,"056165",15.5
151.23,-29.81,1965,10,"056165",33
151.23,-29.81,1965,11,"056165",27.7
151.23,-29.81,1965,12,"056165",139.2
151.23,-29.81,1966,1,"056165",24.7
151.23,-29.81,1966,2,"056165",70.9
151.23,-29.81,1966,3,"056165",83.1
151.23,-29.81,1966,4,"056165",33.5
151.23,-29.81,1966,5,"056165",15.3
151.23,-29.81,1966,6,"056165",39.9
151.23,-29.81,1966,7,"056165",3.5
151.23,-29.81,1966,8,"056165",89.4
151.23,-29.81,1966,9,"056165",58.7
151.23,-29.81,1966,10,"056165",60.5
151.23,-29.81,1966,11,"056165",28.2
151.23,-29.81,1966,12,"056165",NA
151.23,-29.81,1967,1,"056165",30.7
151.23,-29.81,1967,2,"056165",33.3
151.23,-29.81,1967,3,"056165",120.9
151.23,-29.81,1967,4,"056165",0
151.23,-29.81,1967,5,"056165",0
151.23,-29.81,1967,6,"056165",42.1
151.23,-29.81,1967,7,"056165",0
151.23,-29.81,1967,8,"056165",11.4
151.23,-29.81,1967,9,"056165",28.4
151.23,-29.81,1967,10,"056165",133.7
151.23,-29.81,1967,11,"056165",5.8
151.23,-29.81,1967,12,"056165",26.9
151.23,-29.81,1968,1,"056165",133.9
151.23,-29.81,1968,2,"056165",41.6
151.23,-29.81,1968,3,"056165",78.9
151.23,-29.81,1968,4,"056165",14
151.23,-29.81,1968,5,"056165",86.4
151.23,-29.81,1968,6,"056165",6.6
151.23,-29.81,1968,7,"056165",49.8
151.23,-29.81,1968,8,"056165",57.3
151.23,-29.81,1968,9,"056165",47.9
151.23,-29.81,1968,10,"056165",36.3
151.23,-29.81,1968,11,"056165",27.9
151.23,-29.81,1968,12,"056165",43.7
151.23,-29.81,1969,1,"056165",139
151.23,-29.81,1969,2,"056165",34.5
151.23,-29.81,1969,3,"056165",29.3
151.23,-29.81,1969,4,"056165",31.7
151.23,-29.81,1969,5,"056165",91.5
151.23,-29.81,1969,6,"056165",24.9
151.23,-29.81,1969,7,"056165",32
151.23,-29.81,1969,8,"056165",30.7
151.23,-29.81,1969,9,"056165",64.8
151.23,-29.81,1969,10,"056165",124
151.23,-29.81,1969,11,"056165",118.8
151.23,-29.81,1969,12,"056165",80.1
151.23,-29.81,1970,1,"056165",151.6
151.23,-29.81,1970,2,"056165",39.3
151.23,-29.81,1970,3,"056165",11.7
151.23,-29.81,1970,4,"056165",73
151.23,-29.81,1970,5,"056165",22.4
151.23,-29.81,1970,6,"056165",33
151.23,-29.81,1970,7,"056165",1.3
151.23,-29.81,1970,8,"056165",47.9
151.23,-29.81,1970,9,"056165",229.3
151.23,-29.81,1970,10,"056165",36.8
151.23,-29.81,1970,11,"056165",109.3
151.23,-29.81,1970,12,"056165",279.9
151.23,-29.81,1971,1,"056165",169.1
151.23,-29.81,1971,2,"056165",142.6
151.23,-29.81,1971,3,"056165",0
151.23,-29.81,1971,4,"056165",12.7
151.23,-29.81,1971,5,"056165",7.6
151.23,-29.81,1971,6,"056165",16.3
151.23,-29.81,1971,7,"056165",117.6
151.23,-29.81,1971,8,"056165",110
151.23,-29.81,1971,9,"056165",70.5
151.23,-29.81,1971,10,"056165",70.3
151.23,-29.81,1971,11,"056165",108.5
151.23,-29.81,1971,12,"056165",99.6
151.23,-29.81,1972,1,"056165",108.4
151.23,-29.81,1972,2,"056165",25.9
151.23,-29.81,1972,3,"056165",28.2
151.23,-29.81,1972,4,"056165",49.1
151.23,-29.81,1972,5,"056165",18.5
151.23,-29.81,1972,6,"056165",6.6
151.23,-29.81,1972,7,"056165",5.1
151.23,-29.81,1972,8,"056165",62.6
151.23,-29.81,1972,9,"056165",46.3
151.23,-29.81,1972,10,"056165",135.1
151.23,-29.81,1972,11,"056165",127.3
151.23,-29.81,1972,12,"056165",68.6
151.23,-29.81,1973,1,"056165",108.9
151.23,-29.81,1973,2,"056165",132.4
151.23,-29.81,1973,3,"056165",34.6
151.23,-29.81,1973,4,"056165",0
151.23,-29.81,1973,5,"056165",49.2
151.23,-29.81,1973,6,"056165",30
151.23,-29.81,1973,7,"056165",39.5
151.23,-29.81,1973,8,"056165",67
151.23,-29.81,1973,9,"056165",78.2
151.23,-29.81,1973,10,"056165",133.4
151.23,-29.81,1973,11,"056165",98.8
151.23,-29.81,1973,12,"056165",179
151.23,-29.81,1974,1,"056165",103.6
151.23,-29.81,1974,2,"056165",7.2
151.23,-29.81,1974,3,"056165",61.9
151.23,-29.81,1974,4,"056165",46.6
151.23,-29.81,1974,5,"056165",27.6
151.23,-29.81,1974,6,"056165",43
151.23,-29.81,1974,7,"056165",15
151.23,-29.81,1974,8,"056165",56.4
151.23,-29.81,1974,9,"056165",31
151.23,-29.81,1974,10,"056165",86
151.23,-29.81,1974,11,"056165",118.2
151.23,-29.81,1974,12,"056165",39.4
151.23,-29.81,1975,1,"056165",38.2
151.23,-29.81,1975,2,"056165",189
151.23,-29.81,1975,3,"056165",143.6
151.23,-29.81,1975,4,"056165",13.8
151.23,-29.81,1975,5,"056165",3
151.23,-29.81,1975,6,"056165",52.4
151.23,-29.81,1975,7,"056165",57.4
151.23,-29.81,1975,8,"056165",65.4
151.23,-29.81,1975,9,"056165",16.8
151.23,-29.81,1975,10,"056165",132.6
151.23,-29.81,1975,11,"056165",95.6
151.23,-29.81,1975,12,"056165",96
151.23,-29.81,1976,1,"056165",200.8
151.23,-29.81,1976,2,"056165",265.3
151.23,-29.81,1976,3,"056165",45
151.23,-29.81,1976,4,"056165",2.2
151.23,-29.81,1976,5,"056165",27.8
151.23,-29.81,1976,6,"056165",95.2
151.23,-29.81,1976,7,"056165",53.2
151.23,-29.81,1976,8,"056165",13.4
151.23,-29.81,1976,9,"056165",37.8
151.23,-29.81,1976,10,"056165",57.6
151.23,-29.81,1976,11,"056165",88.8
151.23,-29.81,1976,12,"056165",41.8
151.23,-29.81,1977,1,"056165",96.2
151.23,-29.81,1977,2,"056165",97.8
151.23,-29.81,1977,3,"056165",106.2
151.23,-29.81,1977,4,"056165",109.2
151.23,-29.81,1977,5,"056165",112.6
151.23,-29.81,1977,6,"056165",38
151.23,-29.81,1977,7,"056165",7
151.23,-29.81,1977,8,"056165",26.2
151.23,-29.81,1977,9,"056165",36.2
151.23,-29.81,1977,10,"056165",45.8
151.23,-29.81,1977,11,"056165",29.7
151.23,-29.81,1977,12,"056165",32.4
151.23,-29.81,1978,1,"056165",272.2
151.23,-29.81,1978,2,"056165",88.6
151.23,-29.81,1978,3,"056165",96.8
151.23,-29.81,1978,4,"056165",31.2
151.23,-29.81,1978,5,"056165",100.4
151.23,-29.81,1978,6,"056165",105.8
151.23,-29.81,1978,7,"056165",86.8
151.23,-29.81,1978,8,"056165",43.6
151.23,-29.81,1978,9,"056165",97.4
151.23,-29.81,1978,10,"056165",35
151.23,-29.81,1978,11,"056165",77.8
151.23,-29.81,1978,12,"056165",171.7
151.23,-29.81,1979,1,"056165",28.6
151.23,-29.81,1979,2,"056165",27.6
151.23,-29.81,1979,3,"056165",107.8
151.23,-29.81,1979,4,"056165",11.4
151.23,-29.81,1979,5,"056165",85
151.23,-29.81,1979,6,"056165",51.2
151.23,-29.81,1979,7,"056165",15.2
151.23,-29.81,1979,8,"056165",18.8
151.23,-29.81,1979,9,"056165",55.4
151.23,-29.81,1979,10,"056165",88
151.23,-29.81,1979,11,"056165",85.2
151.23,-29.81,1979,12,"056165",6.2
151.23,-29.81,1980,1,"056165",84.4
151.23,-29.81,1980,2,"056165",33.4
151.23,-29.81,1980,3,"056165",22.6
151.23,-29.81,1980,4,"056165",0
151.23,-29.81,1980,5,"056165",98.6
151.23,-29.81,1980,6,"056165",21.2
151.23,-29.81,1980,7,"056165",29.2
151.23,-29.81,1980,8,"056165",15
151.23,-29.81,1980,9,"056165",2.6
151.23,-29.81,1980,10,"056165",56
151.23,-29.81,1980,11,"056165",19
151.23,-29.81,1980,12,"056165",172
151.23,-29.81,1981,1,"056165",0
151.23,-29.81,1981,2,"056165",105.2
151.23,-29.81,1981,3,"056165",0
151.23,-29.81,1981,4,"056165",46.8
151.23,-29.81,1981,5,"056165",67.5
151.23,-29.81,1981,6,"056165",78.4
151.23,-29.81,1981,7,"056165",68.6
151.23,-29.81,1981,8,"056165",18.2
151.23,-29.81,1981,9,"056165",43.2
151.23,-29.81,1981,10,"056165",70.2
151.23,-29.81,1981,11,"056165",81.7
151.23,-29.81,1981,12,"056165",153.4
151.23,-29.81,1982,1,"056165",108
151.23,-29.81,1982,2,"056165",111.8
151.23,-29.81,1982,3,"056165",147.8
151.23,-29.81,1982,4,"056165",36.2
151.23,-29.81,1982,5,"056165",22.6
151.23,-29.81,1982,6,"056165",4
151.23,-29.81,1982,7,"056165",20
151.23,-29.81,1982,8,"056165",1.2
151.23,-29.81,1982,9,"056165",22
151.23,-29.81,1982,10,"056165",55.2
151.23,-29.81,1982,11,"056165",8.8
151.23,-29.81,1982,12,"056165",82.4
151.23,-29.81,1983,1,"056165",83.2
151.23,-29.81,1983,2,"056165",40.6
151.23,-29.81,1983,3,"056165",31
151.23,-29.81,1983,4,"056165",155.4
151.23,-29.81,1983,5,"056165",163.2
151.23,-29.81,1983,6,"056165",58
151.23,-29.81,1983,7,"056165",48.8
151.23,-29.81,1983,8,"056165",50.4
151.23,-29.81,1983,9,"056165",73.4
151.23,-29.81,1983,10,"056165",132.4
151.23,-29.81,1983,11,"056165",95.4
151.23,-29.81,1983,12,"056165",123.6
151.23,-29.81,1984,1,"056165",229.8
151.23,-29.81,1984,2,"056165",94.2
151.23,-29.81,1984,3,"056165",43.6
151.23,-29.81,1984,4,"056165",64.8
151.23,-29.81,1984,5,"056165",9.2
151.23,-29.81,1984,6,"056165",26.4
151.23,-29.81,1984,7,"056165",166.7
151.23,-29.81,1984,8,"056165",33.6
151.23,-29.81,1984,9,"056165",55
151.23,-29.81,1984,10,"056165",65.4
151.23,-29.81,1984,11,"056165",108.2
151.23,-29.81,1984,12,"056165",112.1
151.23,-29.81,1985,1,"056165",55.2
151.23,-29.81,1985,2,"056165",66.8
151.23,-29.81,1985,3,"056165",34.7
151.23,-29.81,1985,4,"056165",92
151.23,-29.81,1985,5,"056165",14.8
151.23,-29.81,1985,6,"056165",36.1
151.23,-29.81,1985,7,"056165",43.4
151.23,-29.81,1985,8,"056165",74.2
151.23,-29.81,1985,9,"056165",58.6
151.23,-29.81,1985,10,"056165",73
151.23,-29.81,1985,11,"056165",77
151.23,-29.81,1985,12,"056165",133.8
151.23,-29.81,1986,1,"056165",36.1
151.23,-29.81,1986,2,"056165",51.4
151.23,-29.81,1986,3,"056165",46.2
151.23,-29.81,1986,4,"056165",2.5
151.23,-29.81,1986,5,"056165",48
151.23,-29.81,1986,6,"056165",0
151.23,-29.81,1986,7,"056165",78.5
151.23,-29.81,1986,8,"056165",55
151.23,-29.81,1986,9,"056165",33.8
151.23,-29.81,1986,10,"056165",61
151.23,-29.81,1986,11,"056165",57.6
151.23,-29.81,1986,12,"056165",33
151.23,-29.81,1987,1,"056165",267.8
151.23,-29.81,1987,2,"056165",49.8
151.23,-29.81,1987,3,"056165",147
151.23,-29.81,1987,4,"056165",14.6
151.23,-29.81,1987,5,"056165",51.6
151.23,-29.81,1987,6,"056165",28.6
151.23,-29.81,1987,7,"056165",22.2
151.23,-29.81,1987,8,"056165",115.2
151.23,-29.81,1987,9,"056165",17.4
151.23,-29.81,1987,10,"056165",53
151.23,-29.81,1987,11,"056165",65.4
151.23,-29.81,1987,12,"056165",133.1
151.23,-29.81,1988,1,"056165",189.4
151.23,-29.81,1988,2,"056165",72.7
151.23,-29.81,1988,3,"056165",16.6
151.23,-29.81,1988,4,"056165",194.7
151.23,-29.81,1988,5,"056165",44.4
151.23,-29.81,1988,6,"056165",19.6
151.23,-29.81,1988,7,"056165",64.2
151.23,-29.81,1988,8,"056165",82.4
151.23,-29.81,1988,9,"056165",44
151.23,-29.81,1988,10,"056165",32.8
151.23,-29.81,1988,11,"056165",69.9
151.23,-29.81,1988,12,"056165",122.2
151.23,-29.81,1989,1,"056165",34.8
151.23,-29.81,1989,2,"056165",43.4
151.23,-29.81,1989,3,"056165",108.6
151.23,-29.81,1989,4,"056165",64.2
151.23,-29.81,1989,5,"056165",35.4
151.23,-29.81,1989,6,"056165",70.4
151.23,-29.81,1989,7,"056165",70.2
151.23,-29.81,1989,8,"056165",9.8
151.23,-29.81,1989,9,"056165",5
151.23,-29.81,1989,10,"056165",83.4
151.23,-29.81,1989,11,"056165",135
151.23,-29.81,1989,12,"056165",86.3
151.23,-29.81,1990,1,"056165",148
151.23,-29.81,1990,2,"056165",62
151.23,-29.81,1990,3,"056165",0
151.23,-29.81,1990,4,"056165",173.4
151.23,-29.81,1990,5,"056165",74.4
151.23,-29.81,1990,6,"056165",57
151.23,-29.81,1990,7,"056165",68
151.23,-29.81,1990,8,"056165",24.8
151.23,-29.81,1990,9,"056165",63
151.23,-29.81,1990,10,"056165",44.8
151.23,-29.81,1990,11,"056165",6.2
151.23,-29.81,1990,12,"056165",57.2
151.23,-29.81,1991,1,"056165",225.6
151.23,-29.81,1991,2,"056165",161.8
151.23,-29.81,1991,3,"056165",67.8
151.23,-29.81,1991,4,"056165",0
151.23,-29.81,1991,5,"056165",77.1
151.23,-29.81,1991,6,"056165",12.4
151.23,-29.81,1991,7,"056165",59.5
151.23,-29.81,1991,8,"056165",0
151.23,-29.81,1991,9,"056165",6
151.23,-29.81,1991,10,"056165",36
151.23,-29.81,1991,11,"056165",37.4
151.23,-29.81,1991,12,"056165",138.6
151.23,-29.81,1992,1,"056165",35
151.23,-29.81,1992,2,"056165",118
151.23,-29.81,1992,3,"056165",10.6
151.23,-29.81,1992,4,"056165",60.2
151.23,-29.81,1992,5,"056165",40
151.23,-29.81,1992,6,"056165",10.2
151.23,-29.81,1992,7,"056165",26
151.23,-29.81,1992,8,"056165",97.4
151.23,-29.81,1992,9,"056165",40
151.23,-29.81,1992,10,"056165",70.8
151.23,-29.81,1992,11,"056165",155.8
151.23,-29.81,1992,12,"056165",104.5
151.23,-29.81,1993,1,"056165",94.2
151.23,-29.81,1993,2,"056165",61.4
151.23,-29.81,1993,3,"056165",19
151.23,-29.81,1993,4,"056165",0
151.23,-29.81,1993,5,"056165",50.1
151.23,-29.81,1993,6,"056165",42.2
151.23,-29.81,1993,7,"056165",69.6
151.23,-29.81,1993,8,"056165",36.6
151.23,-29.81,1993,9,"056165",53.4
151.23,-29.81,1993,10,"056165",92.6
151.23,-29.81,1993,11,"056165",30.8
151.23,-29.81,1993,12,"056165",84.6
151.23,-29.81,1994,1,"056165",43.4
151.23,-29.81,1994,2,"056165",106.9
151.23,-29.81,1994,3,"056165",116.2
151.23,-29.81,1994,4,"056165",19.6
151.23,-29.81,1994,5,"056165",0
151.23,-29.81,1994,6,"056165",12
151.23,-29.81,1994,7,"056165",0
151.23,-29.81,1994,8,"056165",39.7
151.23,-29.81,1994,9,"056165",22.6
151.23,-29.81,1994,10,"056165",6.1
151.23,-29.81,1994,11,"056165",88.4
151.23,-29.81,1994,12,"056165",82.4
151.23,-29.81,1995,1,"056165",128.9
151.23,-29.81,1995,2,"056165",156.6
151.23,-29.81,1995,3,"056165",46.3
151.23,-29.81,1995,4,"056165",5.4
151.23,-29.81,1995,5,"056165",42.8
151.23,-29.81,1995,6,"056165",73.8
151.23,-29.81,1995,7,"056165",18.4
151.23,-29.81,1995,8,"056165",0
151.23,-29.81,1995,9,"056165",110.4
151.23,-29.81,1995,10,"056165",92.2
151.23,-29.81,1995,11,"056165",203.8
151.23,-29.81,1995,12,"056165",121
151.23,-29.81,1996,1,"056165",224.8
151.23,-29.81,1996,2,"056165",78
151.23,-29.81,1996,3,"056165",11.8
151.23,-29.81,1996,4,"056165",20
151.23,-29.81,1996,5,"056165",90
151.23,-29.81,1996,6,"056165",23.5
151.23,-29.81,1996,7,"056165",60.2
151.23,-29.81,1996,8,"056165",64.8
151.23,-29.81,1996,9,"056165",62
151.23,-29.81,1996,10,"056165",39.2
151.23,-29.81,1996,11,"056165",66.9
151.23,-29.81,1996,12,"056165",116.2
151.23,-29.81,1997,1,"056165",93.2
151.23,-29.81,1997,2,"056165",67.4
151.23,-29.81,1997,3,"056165",34.4
151.23,-29.81,1997,4,"056165",21
151.23,-29.81,1997,5,"056165",85.3
151.23,-29.81,1997,6,"056165",28.5
151.23,-29.81,1997,7,"056165",19
151.23,-29.81,1997,8,"056165",13.8
151.23,-29.81,1997,9,"056165",57.2
151.23,-29.81,1997,10,"056165",74
151.23,-29.81,1997,11,"056165",66.8
151.23,-29.81,1997,12,"056165",86.4
151.23,-29.81,1998,1,"056165",64.4
151.23,-29.81,1998,2,"056165",119.9
151.23,-29.81,1998,3,"056165",12
151.23,-29.81,1998,4,"056165",51
151.23,-29.81,1998,5,"056165",54.2
151.23,-29.81,1998,6,"056165",54.4
151.23,-29.81,1998,7,"056165",143
151.23,-29.81,1998,8,"056165",83.6
151.23,-29.81,1998,9,"056165",97.4
151.23,-29.81,1998,10,"056165",94.8
151.23,-29.81,1998,11,"056165",51.9
151.23,-29.81,1998,12,"056165",21
151.23,-29.81,1999,1,"056165",58
151.23,-29.81,1999,2,"056165",68.2
151.23,-29.81,1999,3,"056165",NA
151.23,-29.81,1999,4,"056165",47
151.23,-29.81,1999,5,"056165",4
151.23,-29.81,1999,6,"056165",31
151.23,-29.81,1999,7,"056165",32.4
151.23,-29.81,1999,8,"056165",NA
151.23,-29.81,1999,9,"056165",48
151.23,-29.81,1999,10,"056165",206.6
151.23,-29.81,1999,11,"056165",142.6
151.23,-29.81,1999,12,"056165",79.3
151.23,-29.81,2000,1,"056165",18
151.23,-29.81,2000,2,"056165",23.6
151.23,-29.81,2000,3,"056165",NA
151.23,-29.81,2000,4,"056165",22
151.23,-29.81,2000,5,"056165",74.8
151.23,-29.81,2000,6,"056165",NA
151.23,-29.81,2000,7,"056165",30.8
151.23,-29.81,2000,8,"056165",38.1
151.23,-29.81,2000,9,"056165",11
151.23,-29.81,2000,10,"056165",109.2
151.23,-29.81,2000,11,"056165",214.2
151.23,-29.81,2000,12,"056165",128.2
151.23,-29.81,2001,1,"056165",62.4
151.23,-29.81,2001,2,"056165",103.5
151.23,-29.81,2001,3,"056165",149.1
151.23,-29.81,2001,4,"056165",20.7
151.23,-29.81,2001,5,"056165",NA
151.23,-29.81,2001,6,"056165",8.8
151.23,-29.81,2001,7,"056165",60.4
151.23,-29.81,2001,8,"056165",18.6
151.23,-29.81,2001,9,"056165",21.4
151.23,-29.81,2001,10,"056165",69.4
151.23,-29.81,2001,11,"056165",205.2
151.23,-29.81,2001,12,"056165",69.2
151.23,-29.81,2002,1,"056165",NA
151.23,-29.81,2002,2,"056165",110.2
151.23,-29.81,2002,3,"056165",81.4
151.23,-29.81,2002,4,"056165",0
151.23,-29.81,2002,5,"056165",NA
151.23,-29.81,2002,6,"056165",NA
151.23,-29.81,2002,7,"056165",4.4
151.23,-29.81,2002,8,"056165",34.4
151.23,-29.81,2002,9,"056165",NA
151.23,-29.81,2002,10,"056165",NA
151.23,-29.81,2002,11,"056165",73.5
151.23,-29.81,2002,12,"056165",103.8
151.23,-29.81,2003,1,"056165",29.5
151.23,-29.81,2003,2,"056165",197.8
151.23,-29.81,2003,3,"056165",98.9
151.23,-29.81,2003,4,"056165",79.6
151.23,-29.81,2003,5,"056165",0
151.23,-29.81,2003,6,"056165",38
151.23,-29.81,2003,7,"056165",30.8
151.23,-29.81,2003,8,"056165",34
151.23,-29.81,2003,9,"056165",0
151.23,-29.81,2003,10,"056165",120.8
151.23,-29.81,2003,11,"056165",46.2
151.23,-29.81,2003,12,"056165",114.4
151.23,-29.81,2004,1,"056165",163.4
151.23,-29.81,2004,2,"056165",53.6
151.23,-29.81,2004,3,"056165",14.4
151.23,-29.81,2004,4,"056165",49.4
151.23,-29.81,2004,5,"056165",28.6
151.23,-29.81,2004,6,"056165",NA
151.23,-29.81,2004,7,"056165",NA
151.23,-29.81,2004,8,"056165",47.2
151.23,-29.81,2004,9,"056165",NA
151.23,-29.81,2004,10,"056165",67.4
151.23,-29.81,2004,11,"056165",88.8
151.23,-29.81,2004,12,"056165",181
151.23,-29.81,2005,1,"056165",85.2
151.23,-29.81,2005,2,"056165",29.8
151.23,-29.81,2005,3,"056165",9
151.23,-29.81,2005,4,"056165",0
151.23,-29.81,2005,5,"056165",14.6
151.23,-29.81,2005,6,"056165",130.2
151.23,-29.81,2005,7,"056165",NA
151.23,-29.81,2005,8,"056165",25.8
151.23,-29.81,2005,9,"056165",NA
151.23,-29.81,2005,10,"056165",NA
151.23,-29.81,2005,11,"056165",NA
151.23,-29.81,2005,12,"056165",114.5
151.23,-29.81,2006,1,"056165",NA
151.23,-29.81,2006,2,"056165",NA
151.23,-29.81,2006,3,"056165",NA
151.23,-29.81,2006,4,"056165",35.2
151.23,-29.81,2006,5,"056165",NA
151.23,-29.81,2006,6,"056165",NA
151.23,-29.81,2006,7,"056165",48.5
151.23,-29.81,2006,8,"056165",24.2
151.23,-29.81,2006,9,"056165",NA
151.23,-29.81,2006,10,"056165",NA
151.23,-29.81,2006,11,"056165",NA
151.23,-29.81,2006,12,"056165",40.6
151.23,-29.81,2007,1,"056165",42.6
151.23,-29.81,2007,2,"056165",72.4
151.23,-29.81,2007,3,"056165",173.4
151.23,-29.81,2007,4,"056165",66.6
151.23,-29.81,2007,5,"056165",NA
151.23,-29.81,2007,6,"056165",82.8
151.23,-29.81,2007,7,"056165",12.4
151.23,-29.81,2007,8,"056165",NA
151.23,-29.81,2007,9,"056165",17
151.23,-29.81,2007,10,"056165",82.8
151.23,-29.81,2007,11,"056165",162.6
151.23,-29.81,2007,12,"056165",234.4
151.23,-29.81,2008,1,"056165",113.1
151.23,-29.81,2008,2,"056165",119.1
151.23,-29.81,2008,3,"056165",1
151.23,-29.81,2008,4,"056165",11.3
151.23,-29.81,2008,5,"056165",22.5
151.23,-29.81,2008,6,"056165",66.4
151.23,-29.81,2008,7,"056165",38.2
151.23,-29.81,2008,8,"056165",19.3
151.23,-29.81,2008,9,"056165",86
151.23,-29.81,2008,10,"056165",63.5
151.23,-29.81,2008,11,"056165",212
151.23,-29.81,2008,12,"056165",NA
151.23,-29.81,2009,1,"056165",48.4
151.23,-29.81,2009,2,"056165",141
151.23,-29.81,2009,3,"056165",38.6
151.23,-29.81,2009,4,"056165",64.4
151.23,-29.81,2009,5,"056165",32
151.23,-29.81,2009,6,"056165",39
151.23,-29.81,2009,7,"056165",29
151.23,-29.81,2009,8,"056165",NA
151.23,-29.81,2009,9,"056165",30
151.23,-29.81,2009,10,"056165",20
151.23,-29.81,2009,11,"056165",22.5
151.23,-29.81,2009,12,"056165",137.9
151.23,-29.81,2010,1,"056165",102
151.23,-29.81,2010,2,"056165",15.4
151.23,-29.81,2010,3,"056165",26.5
151.23,-29.81,2010,4,"056165",NA
151.23,-29.81,2010,5,"056165",124
151.23,-29.81,2010,6,"056165",NA
151.23,-29.81,2010,7,"056165",79
151.23,-29.81,2010,8,"056165",70
151.23,-29.81,2010,9,"056165",NA
151.23,-29.81,2010,10,"056165",NA
151.23,-29.81,2010,11,"056165",165
151.23,-29.81,2010,12,"056165",100
151.23,-29.81,2011,1,"056165",150.6
151.23,-29.81,2011,2,"056165",111
151.23,-29.81,2011,3,"056165",119.6
151.23,-29.81,2011,4,"056165",82.6
151.23,-29.81,2011,5,"056165",67
151.23,-29.81,2011,6,"056165",NA
151.23,-29.81,2011,7,"056165",4
151.23,-29.81,2011,8,"056165",67.2
151.23,-29.81,2011,9,"056165",68
151.23,-29.81,2011,10,"056165",83.2
151.23,-29.81,2011,11,"056165",208.2
151.23,-29.81,2011,12,"056165",158
151.23,-29.81,2012,1,"056165",96.4
151.23,-29.81,2012,2,"056165",124.4
151.23,-29.81,2012,3,"056165",19.8
151.23,-29.81,2012,4,"056165",40
151.23,-29.81,2012,5,"056165",42.8
151.23,-29.81,2012,6,"056165",17
151.23,-29.81,2012,7,"056165",NA
151.23,-29.81,2012,8,"056165",NA
151.23,-29.81,2012,9,"056165",NA
151.23,-29.81,2012,10,"056165",NA
151.23,-29.81,2012,11,"056165",NA
151.23,-29.81,2012,12,"056165",111.4
