"Lon","Lat","Year","Month","Station","Rain"
153.17,-27.65,1980,1,"040715",0
153.17,-27.65,1980,2,"040715",NA
153.17,-27.65,1980,3,"040715",7.4
153.17,-27.65,1980,4,"040715",35
153.17,-27.65,1980,5,"040715",455.6
153.17,-27.65,1980,6,"040715",20.4
153.17,-27.65,1980,7,"040715",26.4
153.17,-27.65,1980,8,"040715",47.2
153.17,-27.65,1980,9,"040715",2.2
153.17,-27.65,1980,10,"040715",91.6
153.17,-27.65,1980,11,"040715",79.6
153.17,-27.65,1980,12,"040715",247.2
153.17,-27.65,1981,1,"040715",99.2
153.17,-27.65,1981,2,"040715",397.2
153.17,-27.65,1981,3,"040715",15.4
153.17,-27.65,1981,4,"040715",173.8
153.17,-27.65,1981,5,"040715",133
153.17,-27.65,1981,6,"040715",59.2
153.17,-27.65,1981,7,"040715",47.6
153.17,-27.65,1981,8,"040715",26.8
153.17,-27.65,1981,9,"040715",NA
153.17,-27.65,1981,10,"040715",NA
153.17,-27.65,1981,11,"040715",253.8
153.17,-27.65,1981,12,"040715",172
153.17,-27.65,1982,1,"040715",242.6
153.17,-27.65,1982,2,"040715",63.2
153.17,-27.65,1982,3,"040715",168.8
153.17,-27.65,1982,4,"040715",93.6
153.17,-27.65,1982,5,"040715",66
153.17,-27.65,1982,6,"040715",4.2
153.17,-27.65,1982,7,"040715",9.6
153.17,-27.65,1982,8,"040715",61
153.17,-27.65,1982,9,"040715",80
153.17,-27.65,1982,10,"040715",78.4
153.17,-27.65,1982,11,"040715",4
153.17,-27.65,1982,12,"040715",219.8
153.17,-27.65,1983,1,"040715",93.8
153.17,-27.65,1983,2,"040715",18.2
153.17,-27.65,1983,3,"040715",107.8
153.17,-27.65,1983,4,"040715",143.4
153.17,-27.65,1983,5,"040715",273
153.17,-27.65,1983,6,"040715",312.4
153.17,-27.65,1983,7,"040715",55.2
153.17,-27.65,1983,8,"040715",70.2
153.17,-27.65,1983,9,"040715",24.4
153.17,-27.65,1983,10,"040715",86.6
153.17,-27.65,1983,11,"040715",213
153.17,-27.65,1983,12,"040715",141.3
153.17,-27.65,1984,1,"040715",144.4
153.17,-27.65,1984,2,"040715",50.8
153.17,-27.65,1984,3,"040715",30.2
153.17,-27.65,1984,4,"040715",180.2
153.17,-27.65,1984,5,"040715",42.8
153.17,-27.65,1984,6,"040715",91.8
153.17,-27.65,1984,7,"040715",160.6
153.17,-27.65,1984,8,"040715",46.8
153.17,-27.65,1984,9,"040715",41.8
153.17,-27.65,1984,10,"040715",117.2
153.17,-27.65,1984,11,"040715",119
153.17,-27.65,1984,12,"040715",105.4
153.17,-27.65,1985,1,"040715",59.4
153.17,-27.65,1985,2,"040715",91.4
153.17,-27.65,1985,3,"040715",255
153.17,-27.65,1985,4,"040715",110.6
153.17,-27.65,1985,5,"040715",81.6
153.17,-27.65,1985,6,"040715",42.6
153.17,-27.65,1985,7,"040715",170.8
153.17,-27.65,1985,8,"040715",35.4
153.17,-27.65,1985,9,"040715",80.6
153.17,-27.65,1985,10,"040715",166.8
153.17,-27.65,1985,11,"040715",63.8
153.17,-27.65,1985,12,"040715",100
153.17,-27.65,1986,1,"040715",33
153.17,-27.65,1986,2,"040715",85.2
153.17,-27.65,1986,3,"040715",88.4
153.17,-27.65,1986,4,"040715",15
153.17,-27.65,1986,5,"040715",99.2
153.17,-27.65,1986,6,"040715",6.4
153.17,-27.65,1986,7,"040715",61.8
153.17,-27.65,1986,8,"040715",46
153.17,-27.65,1986,9,"040715",6
153.17,-27.65,1986,10,"040715",135.6
153.17,-27.65,1986,11,"040715",126.8
153.17,-27.65,1986,12,"040715",119.8
153.17,-27.65,1987,1,"040715",204.2
153.17,-27.65,1987,2,"040715",40.4
153.17,-27.65,1987,3,"040715",204.6
153.17,-27.65,1987,4,"040715",42
153.17,-27.65,1987,5,"040715",122
153.17,-27.65,1987,6,"040715",71.8
153.17,-27.65,1987,7,"040715",72
153.17,-27.65,1987,8,"040715",151.2
153.17,-27.65,1987,9,"040715",0.6
153.17,-27.65,1987,10,"040715",147.4
153.17,-27.65,1987,11,"040715",16.4
153.17,-27.65,1987,12,"040715",67
153.17,-27.65,1988,1,"040715",194
153.17,-27.65,1988,2,"040715",51.2
153.17,-27.65,1988,3,"040715",132
153.17,-27.65,1988,4,"040715",605.2
153.17,-27.65,1988,5,"040715",6.8
153.17,-27.65,1988,6,"040715",136
153.17,-27.65,1988,7,"040715",191.8
153.17,-27.65,1988,8,"040715",73.6
153.17,-27.65,1988,9,"040715",74.6
153.17,-27.65,1988,10,"040715",36.4
153.17,-27.65,1988,11,"040715",47.2
153.17,-27.65,1988,12,"040715",195.4
153.17,-27.65,1989,1,"040715",60
153.17,-27.65,1989,2,"040715",167.4
153.17,-27.65,1989,3,"040715",154.9
153.17,-27.65,1989,4,"040715",388.8
153.17,-27.65,1989,5,"040715",144.1
153.17,-27.65,1989,6,"040715",51.2
153.17,-27.65,1989,7,"040715",49.5
153.17,-27.65,1989,8,"040715",35.2
153.17,-27.65,1989,9,"040715",7.6
153.17,-27.65,1989,10,"040715",27.6
153.17,-27.65,1989,11,"040715",117
153.17,-27.65,1989,12,"040715",80
153.17,-27.65,1990,1,"040715",118.6
153.17,-27.65,1990,2,"040715",381.6
153.17,-27.65,1990,3,"040715",217.8
153.17,-27.65,1990,4,"040715",322.8
153.17,-27.65,1990,5,"040715",235.8
153.17,-27.65,1990,6,"040715",93.4
153.17,-27.65,1990,7,"040715",32.2
153.17,-27.65,1990,8,"040715",14.2
153.17,-27.65,1990,9,"040715",12.6
153.17,-27.65,1990,10,"040715",22.6
153.17,-27.65,1990,11,"040715",31
153.17,-27.65,1990,12,"040715",87
153.17,-27.65,1991,1,"040715",108
153.17,-27.65,1991,2,"040715",104
153.17,-27.65,1991,3,"040715",56.1
153.17,-27.65,1991,4,"040715",16.4
153.17,-27.65,1991,5,"040715",110.1
153.17,-27.65,1991,6,"040715",65
153.17,-27.65,1991,7,"040715",54.8
153.17,-27.65,1991,8,"040715",0
153.17,-27.65,1991,9,"040715",1.6
153.17,-27.65,1991,10,"040715",33.6
153.17,-27.65,1991,11,"040715",103.4
153.17,-27.65,1991,12,"040715",268
153.17,-27.65,1992,1,"040715",34.4
153.17,-27.65,1992,2,"040715",277.6
153.17,-27.65,1992,3,"040715",257.4
153.17,-27.65,1992,4,"040715",145.9
153.17,-27.65,1992,5,"040715",84.8
153.17,-27.65,1992,6,"040715",18.6
153.17,-27.65,1992,7,"040715",38.6
153.17,-27.65,1992,8,"040715",13.4
153.17,-27.65,1992,9,"040715",55.2
153.17,-27.65,1992,10,"040715",8.2
153.17,-27.65,1992,11,"040715",122.4
153.17,-27.65,1992,12,"040715",104.8
153.17,-27.65,1993,1,"040715",115.6
153.17,-27.65,1993,2,"040715",43.6
153.17,-27.65,1993,3,"040715",94.2
153.17,-27.65,1993,4,"040715",24
153.17,-27.65,1993,5,"040715",44
153.17,-27.65,1993,6,"040715",4.6
153.17,-27.65,1993,7,"040715",74.8
153.17,-27.65,1993,8,"040715",22.6
153.17,-27.65,1993,9,"040715",50.2
153.17,-27.65,1993,10,"040715",52.8
153.17,-27.65,1993,11,"040715",78.2
153.17,-27.65,1993,12,"040715",110
153.17,-27.65,1994,1,"040715",166.8
153.17,-27.65,1994,2,"040715",115.1
153.17,-27.65,1994,3,"040715",307.4
153.17,-27.65,1994,4,"040715",40.2
153.17,-27.65,1994,5,"040715",107.6
153.17,-27.65,1994,6,"040715",9.8
153.17,-27.65,1994,7,"040715",36
153.17,-27.65,1994,8,"040715",3.8
153.17,-27.65,1994,9,"040715",23.6
153.17,-27.65,1994,10,"040715",37.2
153.17,-27.65,1994,11,"040715",26.4
153.17,-27.65,1994,12,"040715",46
153.17,-27.65,1995,1,"040715",66.6
153.17,-27.65,1995,2,"040715",304
153.17,-27.65,1995,3,"040715",39.2
153.17,-27.65,1995,4,"040715",46.8
153.17,-27.65,1995,5,"040715",38.6
153.17,-27.65,1995,6,"040715",48.6
153.17,-27.65,1995,7,"040715",5.2
153.17,-27.65,1995,8,"040715",58.8
153.17,-27.65,1995,9,"040715",11
153.17,-27.65,1995,10,"040715",57.2
153.17,-27.65,1995,11,"040715",273.7
153.17,-27.65,1995,12,"040715",253.8
153.17,-27.65,1996,1,"040715",266.6
153.17,-27.65,1996,2,"040715",95.4
153.17,-27.65,1996,3,"040715",50
153.17,-27.65,1996,4,"040715",71.8
153.17,-27.65,1996,5,"040715",640.2
153.17,-27.65,1996,6,"040715",62.5
153.17,-27.65,1996,7,"040715",35.4
153.17,-27.65,1996,8,"040715",56.6
153.17,-27.65,1996,9,"040715",24.2
153.17,-27.65,1996,10,"040715",66.2
153.17,-27.65,1996,11,"040715",106.5
153.17,-27.65,1996,12,"040715",155.2
153.17,-27.65,1997,1,"040715",186.1
153.17,-27.65,1997,2,"040715",101.6
153.17,-27.65,1997,3,"040715",25
153.17,-27.65,1997,4,"040715",37.4
153.17,-27.65,1997,5,"040715",168.6
153.17,-27.65,1997,6,"040715",22.4
153.17,-27.65,1997,7,"040715",35.4
153.17,-27.65,1997,8,"040715",3.8
153.17,-27.65,1997,9,"040715",64
153.17,-27.65,1997,10,"040715",105.1
153.17,-27.65,1997,11,"040715",143.7
153.17,-27.65,1997,12,"040715",105.2
153.17,-27.65,1998,1,"040715",161.6
153.17,-27.65,1998,2,"040715",94.6
153.17,-27.65,1998,3,"040715",66.4
153.17,-27.65,1998,4,"040715",112.5
153.17,-27.65,1998,5,"040715",208.9
153.17,-27.65,1998,6,"040715",23
153.17,-27.65,1998,7,"040715",32.6
153.17,-27.65,1998,8,"040715",105
153.17,-27.65,1998,9,"040715",142.4
153.17,-27.65,1998,10,"040715",15.6
153.17,-27.65,1998,11,"040715",104.2
153.17,-27.65,1998,12,"040715",160.2
153.17,-27.65,1999,1,"040715",103.2
153.17,-27.65,1999,2,"040715",232
153.17,-27.65,1999,3,"040715",141.2
153.17,-27.65,1999,4,"040715",100
153.17,-27.65,1999,5,"040715",125.4
153.17,-27.65,1999,6,"040715",220.6
153.17,-27.65,1999,7,"040715",133.4
153.17,-27.65,1999,8,"040715",68.4
153.17,-27.65,1999,9,"040715",NA
153.17,-27.65,1999,10,"040715",83
153.17,-27.65,1999,11,"040715",77
153.17,-27.65,1999,12,"040715",146.4
153.17,-27.65,2000,1,"040715",71.8
153.17,-27.65,2000,2,"040715",79
153.17,-27.65,2000,3,"040715",76.8
153.17,-27.65,2000,4,"040715",90.6
153.17,-27.65,2000,5,"040715",61.2
153.17,-27.65,2000,6,"040715",66.8
153.17,-27.65,2000,7,"040715",27.4
153.17,-27.65,2000,8,"040715",10.6
153.17,-27.65,2000,9,"040715",1.4
153.17,-27.65,2000,10,"040715",56.2
153.17,-27.65,2000,11,"040715",96
153.17,-27.65,2000,12,"040715",98.6
153.17,-27.65,2001,1,"040715",44.2
153.17,-27.65,2001,2,"040715",202.2
153.17,-27.65,2001,3,"040715",376.4
153.17,-27.65,2001,4,"040715",53.8
153.17,-27.65,2001,5,"040715",47
153.17,-27.65,2001,6,"040715",28.8
153.17,-27.65,2001,7,"040715",39.4
153.17,-27.65,2001,8,"040715",7
153.17,-27.65,2001,9,"040715",13.2
153.17,-27.65,2001,10,"040715",55.2
153.17,-27.65,2001,11,"040715",178.6
153.17,-27.65,2001,12,"040715",119.4
153.17,-27.65,2002,1,"040715",27.2
153.17,-27.65,2002,2,"040715",110.4
153.17,-27.65,2002,3,"040715",97.6
153.17,-27.65,2002,4,"040715",97.4
153.17,-27.65,2002,5,"040715",63.2
153.17,-27.65,2002,6,"040715",62
153.17,-27.65,2002,7,"040715",0.2
153.17,-27.65,2002,8,"040715",135.6
153.17,-27.65,2002,9,"040715",17.2
153.17,-27.65,2002,10,"040715",38
153.17,-27.65,2002,11,"040715",67.2
153.17,-27.65,2002,12,"040715",105.6
153.17,-27.65,2003,1,"040715",9.8
153.17,-27.65,2003,2,"040715",366.2
153.17,-27.65,2003,3,"040715",182.7
153.17,-27.65,2003,4,"040715",114.2
153.17,-27.65,2003,5,"040715",93.4
153.17,-27.65,2003,6,"040715",61
153.17,-27.65,2003,7,"040715",28
153.17,-27.65,2003,8,"040715",35.4
153.17,-27.65,2003,9,"040715",13.4
153.17,-27.65,2003,10,"040715",86.9
153.17,-27.65,2003,11,"040715",59.8
153.17,-27.65,2003,12,"040715",114.3
153.17,-27.65,2004,1,"040715",285.7
153.17,-27.65,2004,2,"040715",150
153.17,-27.65,2004,3,"040715",169.8
153.17,-27.65,2004,4,"040715",45.6
153.17,-27.65,2004,5,"040715",21
153.17,-27.65,2004,6,"040715",4.2
153.17,-27.65,2004,7,"040715",1.4
153.17,-27.65,2004,8,"040715",18.5
153.17,-27.65,2004,9,"040715",26.2
153.17,-27.65,2004,10,"040715",81
153.17,-27.65,2004,11,"040715",322.8
153.17,-27.65,2004,12,"040715",246.6
153.17,-27.65,2005,1,"040715",75.4
153.17,-27.65,2005,2,"040715",49.8
153.17,-27.65,2005,3,"040715",51.8
153.17,-27.65,2005,4,"040715",66.4
153.17,-27.65,2005,5,"040715",55
153.17,-27.65,2005,6,"040715",253
153.17,-27.65,2005,7,"040715",28
153.17,-27.65,2005,8,"040715",12
153.17,-27.65,2005,9,"040715",21
153.17,-27.65,2005,10,"040715",123.4
153.17,-27.65,2005,11,"040715",82.8
153.17,-27.65,2005,12,"040715",151
153.17,-27.65,2006,1,"040715",229
153.17,-27.65,2006,2,"040715",90.6
153.17,-27.65,2006,3,"040715",131
153.17,-27.65,2006,4,"040715",54
153.17,-27.65,2006,5,"040715",18
153.17,-27.65,2006,6,"040715",79.4
153.17,-27.65,2006,7,"040715",33.4
153.17,-27.65,2006,8,"040715",46
153.17,-27.65,2006,9,"040715",55.4
153.17,-27.65,2006,10,"040715",13.4
153.17,-27.65,2006,11,"040715",60
153.17,-27.65,2006,12,"040715",92
153.17,-27.65,2007,1,"040715",84.2
153.17,-27.65,2007,2,"040715",98.6
153.17,-27.65,2007,3,"040715",61.8
153.17,-27.65,2007,4,"040715",18.8
153.17,-27.65,2007,5,"040715",29
153.17,-27.65,2007,6,"040715",115.4
153.17,-27.65,2007,7,"040715",0.4
153.17,-27.65,2007,8,"040715",123
153.17,-27.65,2007,9,"040715",52.4
153.17,-27.65,2007,10,"040715",122.6
153.17,-27.65,2007,11,"040715",74.2
153.17,-27.65,2007,12,"040715",111.6
153.17,-27.65,2008,1,"040715",198.2
153.17,-27.65,2008,2,"040715",305
153.17,-27.65,2008,3,"040715",50.2
153.17,-27.65,2008,4,"040715",53.6
153.17,-27.65,2008,5,"040715",70.4
153.17,-27.65,2008,6,"040715",158.8
153.17,-27.65,2008,7,"040715",108.2
153.17,-27.65,2008,8,"040715",7.6
153.17,-27.65,2008,9,"040715",80.4
153.17,-27.65,2008,10,"040715",9.8
153.17,-27.65,2008,11,"040715",274
153.17,-27.65,2008,12,"040715",114.2
153.17,-27.65,2009,1,"040715",90.2
153.17,-27.65,2009,2,"040715",227.2
153.17,-27.65,2009,3,"040715",64.8
153.17,-27.65,2009,4,"040715",259.2
153.17,-27.65,2009,5,"040715",341.8
153.17,-27.65,2009,6,"040715",115.6
153.17,-27.65,2009,7,"040715",4.2
153.17,-27.65,2009,8,"040715",8
153.17,-27.65,2009,9,"040715",21.2
153.17,-27.65,2009,10,"040715",41.4
153.17,-27.65,2009,11,"040715",71
153.17,-27.65,2009,12,"040715",217
153.17,-27.65,2010,1,"040715",46.6
153.17,-27.65,2010,2,"040715",303.4
153.17,-27.65,2010,3,"040715",209.3
153.17,-27.65,2010,4,"040715",69.2
153.17,-27.65,2010,5,"040715",56.6
153.17,-27.65,2010,6,"040715",11.9
153.17,-27.65,2010,7,"040715",30.4
153.17,-27.65,2010,8,"040715",107
153.17,-27.65,2010,9,"040715",74
153.17,-27.65,2010,10,"040715",252.4
153.17,-27.65,2010,11,"040715",61.6
153.17,-27.65,2010,12,"040715",517.8
153.17,-27.65,2011,1,"040715",240
153.17,-27.65,2011,2,"040715",120
153.17,-27.65,2011,3,"040715",186.6
153.17,-27.65,2011,4,"040715",168.4
153.17,-27.65,2011,5,"040715",85.2
153.17,-27.65,2011,6,"040715",14.2
153.17,-27.65,2011,7,"040715",17.8
153.17,-27.65,2011,8,"040715",95.4
153.17,-27.65,2011,9,"040715",26.4
153.17,-27.65,2011,10,"040715",190.2
153.17,-27.65,2011,11,"040715",13.2
153.17,-27.65,2011,12,"040715",145
153.17,-27.65,2012,1,"040715",410.8
153.17,-27.65,2012,2,"040715",218
153.17,-27.65,2012,3,"040715",93.6
153.17,-27.65,2012,4,"040715",197
153.17,-27.65,2012,5,"040715",39.8
153.17,-27.65,2012,6,"040715",168
153.17,-27.65,2012,7,"040715",53.4
153.17,-27.65,2012,8,"040715",0.6
153.17,-27.65,2012,9,"040715",31
153.17,-27.65,2012,10,"040715",22
153.17,-27.65,2012,11,"040715",66.8
153.17,-27.65,2012,12,"040715",60
153.17,-27.65,2013,1,"040715",348.4
153.17,-27.65,2013,2,"040715",314.6
153.17,-27.65,2013,3,"040715",173.6
153.17,-27.65,2013,4,"040715",131
153.17,-27.65,2013,5,"040715",45
153.17,-27.65,2013,6,"040715",121.4
153.17,-27.65,2013,7,"040715",69
153.17,-27.65,2013,8,"040715",1
153.17,-27.65,2013,9,"040715",17.6
153.17,-27.65,2013,10,"040715",20
153.17,-27.65,2013,11,"040715",147.2
153.17,-27.65,2013,12,"040715",31.2
153.17,-27.65,2014,1,"040715",120
153.17,-27.65,2014,2,"040715",41.2
153.17,-27.65,2014,3,"040715",156
153.17,-27.65,2014,4,"040715",19.8
153.17,-27.65,2014,5,"040715",47.2
153.17,-27.65,2014,6,"040715",25.4
153.17,-27.65,2014,7,"040715",14.6
153.17,-27.65,2014,8,"040715",142.2
153.17,-27.65,2014,9,"040715",25.6
153.17,-27.65,2014,10,"040715",3.4
153.17,-27.65,2014,11,"040715",34.6
153.17,-27.65,2014,12,"040715",186.4
153.17,-27.65,2015,1,"040715",187.4
153.17,-27.65,2015,2,"040715",272.6
153.17,-27.65,2015,3,"040715",183
153.17,-27.65,2015,4,"040715",178.6
153.17,-27.65,2015,5,"040715",248.2
153.17,-27.65,2015,6,"040715",65.8
153.17,-27.65,2015,7,"040715",29.4
153.17,-27.65,2015,8,"040715",20.8
153.17,-27.65,2015,9,"040715",38.6
153.17,-27.65,2015,10,"040715",76.4
153.17,-27.65,2015,11,"040715",86.4
153.17,-27.65,2015,12,"040715",91.4
153.17,-27.65,2016,1,"040715",94.2
153.17,-27.65,2016,2,"040715",38
153.17,-27.65,2016,3,"040715",133.6
153.17,-27.65,2016,4,"040715",14.8
153.17,-27.65,2016,5,"040715",20.8
153.17,-27.65,2016,6,"040715",194.6
153.17,-27.65,2016,7,"040715",25.6
153.17,-27.65,2016,8,"040715",33.6
153.17,-27.65,2016,9,"040715",59.6
153.17,-27.65,2016,10,"040715",38
153.17,-27.65,2016,11,"040715",58
153.17,-27.65,2016,12,"040715",77.6
153.17,-27.65,2017,1,"040715",136.6
153.17,-27.65,2017,2,"040715",38.8
153.17,-27.65,2017,3,"040715",377.2
153.17,-27.65,2017,4,"040715",10.6
153.17,-27.65,2017,5,"040715",33.4
153.17,-27.65,2017,6,"040715",97.2
153.17,-27.65,2017,7,"040715",21.4
153.17,-27.65,2017,8,"040715",7.6
153.17,-27.65,2017,9,"040715",3
153.17,-27.65,2017,10,"040715",232.6
153.17,-27.65,2017,11,"040715",57.8
153.17,-27.65,2017,12,"040715",212.2
153.17,-27.65,2018,1,"040715",33.8
153.17,-27.65,2018,2,"040715",321.4
153.17,-27.65,2018,3,"040715",194.6
153.17,-27.65,2018,4,"040715",54.8
153.17,-27.65,2018,5,"040715",28
153.17,-27.65,2018,6,"040715",68.2
153.17,-27.65,2018,7,"040715",30.8
153.17,-27.65,2018,8,"040715",27.8
153.17,-27.65,2018,9,"040715",20.8
153.17,-27.65,2018,10,"040715",170.4
153.17,-27.65,2018,11,"040715",25
153.17,-27.65,2018,12,"040715",62
153.17,-27.65,2019,1,"040715",54.6
153.17,-27.65,2019,2,"040715",64.6
153.17,-27.65,2019,3,"040715",176.6
153.17,-27.65,2019,4,"040715",86.4
153.17,-27.65,2019,5,"040715",37.4
153.17,-27.65,2019,6,"040715",63.2
153.17,-27.65,2019,7,"040715",31.8
153.17,-27.65,2019,8,"040715",3.8
153.17,-27.65,2019,9,"040715",22.4
153.17,-27.65,2019,10,"040715",53.2
153.17,-27.65,2019,11,"040715",6.6
153.17,-27.65,2019,12,"040715",57.6
153.17,-27.65,2020,1,"040715",182.2
153.17,-27.65,2020,2,"040715",423.2
153.17,-27.65,2020,3,"040715",107
153.17,-27.65,2020,4,"040715",14
153.17,-27.65,2020,5,"040715",20
153.17,-27.65,2020,6,"040715",57.6
153.17,-27.65,2020,7,"040715",94.2
153.17,-27.65,2020,8,"040715",17.8
153.17,-27.65,2020,9,"040715",22.8
153.17,-27.65,2020,10,"040715",96.6
153.17,-27.65,2020,11,"040715",22.2
153.17,-27.65,2020,12,"040715",262.6
153.17,-27.65,2021,1,"040715",81.6
153.17,-27.65,2021,2,"040715",128
153.17,-27.65,2021,3,"040715",308.2
153.17,-27.65,2021,4,"040715",124.6
153.17,-27.65,2021,5,"040715",119
153.17,-27.65,2021,6,"040715",33.8
153.17,-27.65,2021,7,"040715",62.6
153.17,-27.65,2021,8,"040715",18.2
153.17,-27.65,2021,9,"040715",17.4
153.17,-27.65,2021,10,"040715",175.2
153.17,-27.65,2021,11,"040715",224
153.17,-27.65,2021,12,"040715",172.6
153.17,-27.65,2022,1,"040715",112.4
153.17,-27.65,2022,2,"040715",901.6
153.17,-27.65,2022,3,"040715",NA
153.17,-27.65,2022,4,"040715",NA
153.17,-27.65,2022,5,"040715",NA
153.17,-27.65,2022,6,"040715",NA
153.17,-27.65,2022,7,"040715",NA
153.17,-27.65,2022,8,"040715",NA
153.17,-27.65,2022,9,"040715",NA
153.17,-27.65,2022,10,"040715",NA
153.17,-27.65,2022,11,"040715",NA
153.17,-27.65,2022,12,"040715",NA
