"Lon","Lat","Year","Month","Station","Rain"
150.58,-30.73,1983,1,"055331",62.5
150.58,-30.73,1983,2,"055331",NA
150.58,-30.73,1983,3,"055331",45
150.58,-30.73,1983,4,"055331",104.5
150.58,-30.73,1983,5,"055331",132
150.58,-30.73,1983,6,"055331",33.5
150.58,-30.73,1983,7,"055331",29
150.58,-30.73,1983,8,"055331",32.5
150.58,-30.73,1983,9,"055331",60.5
150.58,-30.73,1983,10,"055331",66.5
150.58,-30.73,1983,11,"055331",119.5
150.58,-30.73,1983,12,"055331",49
150.58,-30.73,1984,1,"055331",176
150.58,-30.73,1984,2,"055331",111.5
150.58,-30.73,1984,3,"055331",39.5
150.58,-30.73,1984,4,"055331",56.5
150.58,-30.73,1984,5,"055331",0
150.58,-30.73,1984,6,"055331",0
150.58,-30.73,1984,7,"055331",166.5
150.58,-30.73,1984,8,"055331",21.5
150.58,-30.73,1984,9,"055331",45.5
150.58,-30.73,1984,10,"055331",41
150.58,-30.73,1984,11,"055331",119.5
150.58,-30.73,1984,12,"055331",36.5
150.58,-30.73,1985,1,"055331",33
150.58,-30.73,1985,2,"055331",31
150.58,-30.73,1985,3,"055331",32
150.58,-30.73,1985,4,"055331",53
150.58,-30.73,1985,5,"055331",25.5
150.58,-30.73,1985,6,"055331",52
150.58,-30.73,1985,7,"055331",24.5
150.58,-30.73,1985,8,"055331",83
150.58,-30.73,1985,9,"055331",37.5
150.58,-30.73,1985,10,"055331",64
150.58,-30.73,1985,11,"055331",25
150.58,-30.73,1985,12,"055331",121.5
150.58,-30.73,1986,1,"055331",93
150.58,-30.73,1986,2,"055331",4
150.58,-30.73,1986,3,"055331",0
150.58,-30.73,1986,4,"055331",9
150.58,-30.73,1986,5,"055331",69
150.58,-30.73,1986,6,"055331",1
150.58,-30.73,1986,7,"055331",128
150.58,-30.73,1986,8,"055331",22
150.58,-30.73,1986,9,"055331",56
150.58,-30.73,1986,10,"055331",32.5
150.58,-30.73,1986,11,"055331",56.5
150.58,-30.73,1986,12,"055331",NA
150.58,-30.73,1987,1,"055331",108.5
150.58,-30.73,1987,2,"055331",NA
150.58,-30.73,1987,3,"055331",102.5
150.58,-30.73,1987,4,"055331",0
150.58,-30.73,1987,5,"055331",80
150.58,-30.73,1987,6,"055331",23
150.58,-30.73,1987,7,"055331",16
150.58,-30.73,1987,8,"055331",88.5
150.58,-30.73,1987,9,"055331",NA
150.58,-30.73,1987,10,"055331",78.5
150.58,-30.73,1987,11,"055331",47
150.58,-30.73,1987,12,"055331",79.5
150.58,-30.73,1988,1,"055331",97.5
150.58,-30.73,1988,2,"055331",36.5
150.58,-30.73,1988,3,"055331",24.5
150.58,-30.73,1988,4,"055331",NA
150.58,-30.73,1988,5,"055331",58.5
150.58,-30.73,1988,6,"055331",22
150.58,-30.73,1988,7,"055331",53
150.58,-30.73,1988,8,"055331",33.5
150.58,-30.73,1988,9,"055331",84.5
150.58,-30.73,1988,10,"055331",9.5
150.58,-30.73,1988,11,"055331",82.5
150.58,-30.73,1988,12,"055331",90
150.58,-30.73,1989,1,"055331",43.5
150.58,-30.73,1989,2,"055331",14.5
150.58,-30.73,1989,3,"055331",52
150.58,-30.73,1989,4,"055331",119
150.58,-30.73,1989,5,"055331",46.5
150.58,-30.73,1989,6,"055331",72
150.58,-30.73,1989,7,"055331",65.5
150.58,-30.73,1989,8,"055331",4
150.58,-30.73,1989,9,"055331",0
150.58,-30.73,1989,10,"055331",20.5
150.58,-30.73,1989,11,"055331",64.5
150.58,-30.73,1989,12,"055331",83.5
150.58,-30.73,1990,1,"055331",18
150.58,-30.73,1990,2,"055331",206.5
150.58,-30.73,1990,3,"055331",28.5
150.58,-30.73,1990,4,"055331",99.5
150.58,-30.73,1990,5,"055331",80.5
150.58,-30.73,1990,6,"055331",20
150.58,-30.73,1990,7,"055331",79
150.58,-30.73,1990,8,"055331",35
150.58,-30.73,1990,9,"055331",37
150.58,-30.73,1990,10,"055331",37.5
150.58,-30.73,1990,11,"055331",25.5
150.58,-30.73,1990,12,"055331",71
150.58,-30.73,1991,1,"055331",195
150.58,-30.73,1991,2,"055331",45
150.58,-30.73,1991,3,"055331",87.5
150.58,-30.73,1991,4,"055331",6
150.58,-30.73,1991,5,"055331",106
150.58,-30.73,1991,6,"055331",47
150.58,-30.73,1991,7,"055331",57.5
150.58,-30.73,1991,8,"055331",1
150.58,-30.73,1991,9,"055331",17.5
150.58,-30.73,1991,10,"055331",4.5
150.58,-30.73,1991,11,"055331",61.5
150.58,-30.73,1991,12,"055331",92
150.58,-30.73,1992,1,"055331",32
150.58,-30.73,1992,2,"055331",72
150.58,-30.73,1992,3,"055331",3
150.58,-30.73,1992,4,"055331",34.5
150.58,-30.73,1992,5,"055331",22
150.58,-30.73,1992,6,"055331",9.5
150.58,-30.73,1992,7,"055331",31.5
150.58,-30.73,1992,8,"055331",28.5
150.58,-30.73,1992,9,"055331",19.5
150.58,-30.73,1992,10,"055331",20
150.58,-30.73,1992,11,"055331",83
150.58,-30.73,1992,12,"055331",77
150.58,-30.73,1993,1,"055331",50.5
150.58,-30.73,1993,2,"055331",67
150.58,-30.73,1993,3,"055331",26.5
150.58,-30.73,1993,4,"055331",0
150.58,-30.73,1993,5,"055331",35.5
150.58,-30.73,1993,6,"055331",57.5
150.58,-30.73,1993,7,"055331",60.5
150.58,-30.73,1993,8,"055331",34.5
150.58,-30.73,1993,9,"055331",42.5
150.58,-30.73,1993,10,"055331",75
150.58,-30.73,1993,11,"055331",59
150.58,-30.73,1993,12,"055331",85
150.58,-30.73,1994,1,"055331",32
150.58,-30.73,1994,2,"055331",67.5
150.58,-30.73,1994,3,"055331",39.5
150.58,-30.73,1994,4,"055331",12
150.58,-30.73,1994,5,"055331",4
150.58,-30.73,1994,6,"055331",14
150.58,-30.73,1994,7,"055331",5
150.58,-30.73,1994,8,"055331",22
150.58,-30.73,1994,9,"055331",3
150.58,-30.73,1994,10,"055331",24
150.58,-30.73,1994,11,"055331",51
150.58,-30.73,1994,12,"055331",80
150.58,-30.73,1995,1,"055331",89
150.58,-30.73,1995,2,"055331",40.5
150.58,-30.73,1995,3,"055331",4
150.58,-30.73,1995,4,"055331",3
150.58,-30.73,1995,5,"055331",50
150.58,-30.73,1995,6,"055331",47.5
150.58,-30.73,1995,7,"055331",17.5
150.58,-30.73,1995,8,"055331",0
150.58,-30.73,1995,9,"055331",55
150.58,-30.73,1995,10,"055331",49.5
150.58,-30.73,1995,11,"055331",125.5
150.58,-30.73,1995,12,"055331",95.5
150.58,-30.73,1996,1,"055331",122.5
150.58,-30.73,1996,2,"055331",34
150.58,-30.73,1996,3,"055331",23.5
150.58,-30.73,1996,4,"055331",6.5
150.58,-30.73,1996,5,"055331",73.5
150.58,-30.73,1996,6,"055331",45.5
150.58,-30.73,1996,7,"055331",42.5
150.58,-30.73,1996,8,"055331",62.5
150.58,-30.73,1996,9,"055331",41
150.58,-30.73,1996,10,"055331",32.5
150.58,-30.73,1996,11,"055331",154.5
150.58,-30.73,1996,12,"055331",157.5
150.58,-30.73,1997,1,"055331",91
150.58,-30.73,1997,2,"055331",136
150.58,-30.73,1997,3,"055331",18.5
150.58,-30.73,1997,4,"055331",2.5
150.58,-30.73,1997,5,"055331",37
150.58,-30.73,1997,6,"055331",17
150.58,-30.73,1997,7,"055331",18
150.58,-30.73,1997,8,"055331",2.5
150.58,-30.73,1997,9,"055331",71.5
150.58,-30.73,1997,10,"055331",60.5
150.58,-30.73,1997,11,"055331",44.5
150.58,-30.73,1997,12,"055331",181.5
150.58,-30.73,1998,1,"055331",67.5
150.58,-30.73,1998,2,"055331",24.5
150.58,-30.73,1998,3,"055331",101.5
150.58,-30.73,1998,4,"055331",81.5
150.58,-30.73,1998,5,"055331",4
150.58,-30.73,1998,6,"055331",46
150.58,-30.73,1998,7,"055331",29
150.58,-30.73,1998,8,"055331",51
150.58,-30.73,1998,9,"055331",34.5
150.58,-30.73,1998,10,"055331",113
150.58,-30.73,1998,11,"055331",73.5
150.58,-30.73,1998,12,"055331",64
150.58,-30.73,1999,1,"055331",20.5
150.58,-30.73,1999,2,"055331",54.5
150.58,-30.73,1999,3,"055331",0
150.58,-30.73,1999,4,"055331",98.5
150.58,-30.73,1999,5,"055331",84.5
150.58,-30.73,1999,6,"055331",63.5
150.58,-30.73,1999,7,"055331",114
150.58,-30.73,1999,8,"055331",68
150.58,-30.73,1999,9,"055331",143
150.58,-30.73,1999,10,"055331",87
150.58,-30.73,1999,11,"055331",64.5
150.58,-30.73,1999,12,"055331",12.5
150.58,-30.73,2000,1,"055331",19.5
150.58,-30.73,2000,2,"055331",26.5
150.58,-30.73,2000,3,"055331",87
150.58,-30.73,2000,4,"055331",18
150.58,-30.73,2000,5,"055331",35.5
150.58,-30.73,2000,6,"055331",2
150.58,-30.73,2000,7,"055331",49
150.58,-30.73,2000,8,"055331",29
150.58,-30.73,2000,9,"055331",7
150.58,-30.73,2000,10,"055331",88.5
150.58,-30.73,2000,11,"055331",91
150.58,-30.73,2000,12,"055331",62
150.58,-30.73,2001,1,"055331",42
150.58,-30.73,2001,2,"055331",52
150.58,-30.73,2001,3,"055331",119
150.58,-30.73,2001,4,"055331",30.5
150.58,-30.73,2001,5,"055331",53.5
150.58,-30.73,2001,6,"055331",15
150.58,-30.73,2001,7,"055331",77.5
150.58,-30.73,2001,8,"055331",12
150.58,-30.73,2001,9,"055331",21
150.58,-30.73,2001,10,"055331",44
150.58,-30.73,2001,11,"055331",131.5
150.58,-30.73,2001,12,"055331",33.5
150.58,-30.73,2002,1,"055331",19
150.58,-30.73,2002,2,"055331",45
150.58,-30.73,2002,3,"055331",48
150.58,-30.73,2002,4,"055331",0
150.58,-30.73,2002,5,"055331",2.5
150.58,-30.73,2002,6,"055331",21.5
150.58,-30.73,2002,7,"055331",0
150.58,-30.73,2002,8,"055331",12
150.58,-30.73,2002,9,"055331",15.5
150.58,-30.73,2002,10,"055331",13
150.58,-30.73,2002,11,"055331",51
150.58,-30.73,2002,12,"055331",68
150.58,-30.73,2003,1,"055331",12
150.58,-30.73,2003,2,"055331",80.5
150.58,-30.73,2003,3,"055331",26
150.58,-30.73,2003,4,"055331",106.8
150.58,-30.73,2003,5,"055331",9.6
150.58,-30.73,2003,6,"055331",40.6
150.58,-30.73,2003,7,"055331",39.6
150.58,-30.73,2003,8,"055331",41.4
150.58,-30.73,2003,9,"055331",4.4
150.58,-30.73,2003,10,"055331",55.4
150.58,-30.73,2003,11,"055331",61.2
150.58,-30.73,2003,12,"055331",49.2
150.58,-30.73,2004,1,"055331",162.4
150.58,-30.73,2004,2,"055331",42
150.58,-30.73,2004,3,"055331",48.2
150.58,-30.73,2004,4,"055331",21.8
150.58,-30.73,2004,5,"055331",17.6
150.58,-30.73,2004,6,"055331",20.2
150.58,-30.73,2004,7,"055331",37.6
150.58,-30.73,2004,8,"055331",41
150.58,-30.73,2004,9,"055331",51.6
150.58,-30.73,2004,10,"055331",49.8
150.58,-30.73,2004,11,"055331",77.4
150.58,-30.73,2004,12,"055331",181.2
150.58,-30.73,2005,1,"055331",88.8
150.58,-30.73,2005,2,"055331",18
150.58,-30.73,2005,3,"055331",13
150.58,-30.73,2005,4,"055331",1.8
150.58,-30.73,2005,5,"055331",14.4
150.58,-30.73,2005,6,"055331",123
150.58,-30.73,2005,7,"055331",29
150.58,-30.73,2005,8,"055331",19.6
150.58,-30.73,2005,9,"055331",106
150.58,-30.73,2005,10,"055331",52.8
150.58,-30.73,2005,11,"055331",147.6
150.58,-30.73,2005,12,"055331",83
150.58,-30.73,2006,1,"055331",128.2
150.58,-30.73,2006,2,"055331",64.2
150.58,-30.73,2006,3,"055331",45.4
150.58,-30.73,2006,4,"055331",34.2
150.58,-30.73,2006,5,"055331",0
150.58,-30.73,2006,6,"055331",35.2
150.58,-30.73,2006,7,"055331",43.2
150.58,-30.73,2006,8,"055331",22.6
150.58,-30.73,2006,9,"055331",28.4
150.58,-30.73,2006,10,"055331",30.4
150.58,-30.73,2006,11,"055331",78.8
150.58,-30.73,2006,12,"055331",9
150.58,-30.73,2007,1,"055331",42.4
150.58,-30.73,2007,2,"055331",74.8
150.58,-30.73,2007,3,"055331",110.4
150.58,-30.73,2007,4,"055331",24.6
150.58,-30.73,2007,5,"055331",25.4
150.58,-30.73,2007,6,"055331",53
150.58,-30.73,2007,7,"055331",9.4
150.58,-30.73,2007,8,"055331",74.8
150.58,-30.73,2007,9,"055331",0.6
150.58,-30.73,2007,10,"055331",61.6
150.58,-30.73,2007,11,"055331",37
150.58,-30.73,2007,12,"055331",122.6
150.58,-30.73,2008,1,"055331",119.8
150.58,-30.73,2008,2,"055331",143.8
150.58,-30.73,2008,3,"055331",3.8
150.58,-30.73,2008,4,"055331",29
150.58,-30.73,2008,5,"055331",9.6
150.58,-30.73,2008,6,"055331",82
150.58,-30.73,2008,7,"055331",19.6
150.58,-30.73,2008,8,"055331",29.6
150.58,-30.73,2008,9,"055331",86.8
150.58,-30.73,2008,10,"055331",75.6
150.58,-30.73,2008,11,"055331",109
150.58,-30.73,2008,12,"055331",100
150.58,-30.73,2009,1,"055331",38.2
150.58,-30.73,2009,2,"055331",116.8
150.58,-30.73,2009,3,"055331",19.8
150.58,-30.73,2009,4,"055331",58.4
150.58,-30.73,2009,5,"055331",26.6
150.58,-30.73,2009,6,"055331",45.8
150.58,-30.73,2009,7,"055331",21.8
150.58,-30.73,2009,8,"055331",10.4
150.58,-30.73,2009,9,"055331",33
150.58,-30.73,2009,10,"055331",58.2
150.58,-30.73,2009,11,"055331",43
150.58,-30.73,2009,12,"055331",68.4
150.58,-30.73,2010,1,"055331",77.2
150.58,-30.73,2010,2,"055331",83.6
150.58,-30.73,2010,3,"055331",36
150.58,-30.73,2010,4,"055331",28.4
150.58,-30.73,2010,5,"055331",24.6
150.58,-30.73,2010,6,"055331",35.4
150.58,-30.73,2010,7,"055331",67.8
150.58,-30.73,2010,8,"055331",39
150.58,-30.73,2010,9,"055331",65
150.58,-30.73,2010,10,"055331",80.2
150.58,-30.73,2010,11,"055331",108.8
150.58,-30.73,2010,12,"055331",128.2
150.58,-30.73,2011,1,"055331",55.2
150.58,-30.73,2011,2,"055331",65.8
150.58,-30.73,2011,3,"055331",35.4
150.58,-30.73,2011,4,"055331",24.4
150.58,-30.73,2011,5,"055331",54.8
150.58,-30.73,2011,6,"055331",22.2
150.58,-30.73,2011,7,"055331",3.8
150.58,-30.73,2011,8,"055331",25.8
150.58,-30.73,2011,9,"055331",95.6
150.58,-30.73,2011,10,"055331",84.4
150.58,-30.73,2011,11,"055331",265.8
150.58,-30.73,2011,12,"055331",57.6
150.58,-30.73,2012,1,"055331",89
150.58,-30.73,2012,2,"055331",207.8
150.58,-30.73,2012,3,"055331",19.6
150.58,-30.73,2012,4,"055331",52
150.58,-30.73,2012,5,"055331",25.4
150.58,-30.73,2012,6,"055331",48.4
150.58,-30.73,2012,7,"055331",64.3
150.58,-30.73,2012,8,"055331",12.4
150.58,-30.73,2012,9,"055331",19.4
150.58,-30.73,2012,10,"055331",12
150.58,-30.73,2012,11,"055331",56.8
150.58,-30.73,2012,12,"055331",79.8
150.58,-30.73,2013,1,"055331",102.2
150.58,-30.73,2013,2,"055331",59.8
150.58,-30.73,2013,3,"055331",112.4
150.58,-30.73,2013,4,"055331",0
150.58,-30.73,2013,5,"055331",18
150.58,-30.73,2013,6,"055331",139.8
150.58,-30.73,2013,7,"055331",23
150.58,-30.73,2013,8,"055331",5.2
150.58,-30.73,2013,9,"055331",15.6
150.58,-30.73,2013,10,"055331",19.6
150.58,-30.73,2013,11,"055331",136.4
150.58,-30.73,2013,12,"055331",43.4
150.58,-30.73,2014,1,"055331",10.2
150.58,-30.73,2014,2,"055331",31
150.58,-30.73,2014,3,"055331",117.4
150.58,-30.73,2014,4,"055331",4.2
150.58,-30.73,2014,5,"055331",26.2
150.58,-30.73,2014,6,"055331",42.2
150.58,-30.73,2014,7,"055331",14.2
150.58,-30.73,2014,8,"055331",46.4
150.58,-30.73,2014,9,"055331",23.2
150.58,-30.73,2014,10,"055331",30.8
150.58,-30.73,2014,11,"055331",46
150.58,-30.73,2014,12,"055331",144.2
150.58,-30.73,2015,1,"055331",118.4
150.58,-30.73,2015,2,"055331",14
150.58,-30.73,2015,3,"055331",35.8
150.58,-30.73,2015,4,"055331",88.4
150.58,-30.73,2015,5,"055331",41.2
150.58,-30.73,2015,6,"055331",90
150.58,-30.73,2015,7,"055331",29.4
150.58,-30.73,2015,8,"055331",49.8
150.58,-30.73,2015,9,"055331",24
150.58,-30.73,2015,10,"055331",25.6
150.58,-30.73,2015,11,"055331",54.8
150.58,-30.73,2015,12,"055331",68.6
150.58,-30.73,2016,1,"055331",134.8
150.58,-30.73,2016,2,"055331",6
150.58,-30.73,2016,3,"055331",12.4
150.58,-30.73,2016,4,"055331",6
150.58,-30.73,2016,5,"055331",56
150.58,-30.73,2016,6,"055331",122
150.58,-30.73,2016,7,"055331",39.4
150.58,-30.73,2016,8,"055331",92.2
150.58,-30.73,2016,9,"055331",103.8
150.58,-30.73,2016,10,"055331",68
150.58,-30.73,2016,11,"055331",30.4
150.58,-30.73,2016,12,"055331",64
150.58,-30.73,2017,1,"055331",60.4
150.58,-30.73,2017,2,"055331",4.8
150.58,-30.73,2017,3,"055331",117.8
150.58,-30.73,2017,4,"055331",19.6
150.58,-30.73,2017,5,"055331",67.6
150.58,-30.73,2017,6,"055331",63.2
150.58,-30.73,2017,7,"055331",12.3
150.58,-30.73,2017,8,"055331",15
150.58,-30.73,2017,9,"055331",3.8
150.58,-30.73,2017,10,"055331",110.8
150.58,-30.73,2017,11,"055331",77
150.58,-30.73,2017,12,"055331",63.8
150.58,-30.73,2018,1,"055331",30
150.58,-30.73,2018,2,"055331",43.2
150.58,-30.73,2018,3,"055331",19
150.58,-30.73,2018,4,"055331",18.4
150.58,-30.73,2018,5,"055331",2
150.58,-30.73,2018,6,"055331",4.2
150.58,-30.73,2018,7,"055331",7
150.58,-30.73,2018,8,"055331",28
150.58,-30.73,2018,9,"055331",21.4
150.58,-30.73,2018,10,"055331",61.2
150.58,-30.73,2018,11,"055331",52
150.58,-30.73,2018,12,"055331",37
150.58,-30.73,2019,1,"055331",3.4
150.58,-30.73,2019,2,"055331",18.6
150.58,-30.73,2019,3,"055331",64.2
150.58,-30.73,2019,4,"055331",0
150.58,-30.73,2019,5,"055331",73.4
150.58,-30.73,2019,6,"055331",6.8
150.58,-30.73,2019,7,"055331",15.4
150.58,-30.73,2019,8,"055331",2.6
150.58,-30.73,2019,9,"055331",2.6
150.58,-30.73,2019,10,"055331",15.8
150.58,-30.73,2019,11,"055331",35
150.58,-30.73,2019,12,"055331",11.1
150.58,-30.73,2020,1,"055331",95.5
150.58,-30.73,2020,2,"055331",138.2
150.58,-30.73,2020,3,"055331",71.3
150.58,-30.73,2020,4,"055331",34.4
150.58,-30.73,2020,5,"055331",32.8
150.58,-30.73,2020,6,"055331",20.6
150.58,-30.73,2020,7,"055331",28
150.58,-30.73,2020,8,"055331",26.4
150.58,-30.73,2020,9,"055331",36.4
150.58,-30.73,2020,10,"055331",127.2
150.58,-30.73,2020,11,"055331",1
150.58,-30.73,2020,12,"055331",196
150.58,-30.73,2021,1,"055331",52.8
150.58,-30.73,2021,2,"055331",126.8
150.58,-30.73,2021,3,"055331",115.4
150.58,-30.73,2021,4,"055331",22
150.58,-30.73,2021,5,"055331",21.6
150.58,-30.73,2021,6,"055331",60.4
150.58,-30.73,2021,7,"055331",84
150.58,-30.73,2021,8,"055331",35.4
150.58,-30.73,2021,9,"055331",39
150.58,-30.73,2021,10,"055331",67.6
150.58,-30.73,2021,11,"055331",206.2
150.58,-30.73,2021,12,"055331",63.2
150.58,-30.73,2022,1,"055331",53.8
150.58,-30.73,2022,2,"055331",85.2
150.58,-30.73,2022,3,"055331",NA
150.58,-30.73,2022,4,"055331",NA
150.58,-30.73,2022,5,"055331",NA
150.58,-30.73,2022,6,"055331",NA
150.58,-30.73,2022,7,"055331",NA
150.58,-30.73,2022,8,"055331",NA
150.58,-30.73,2022,9,"055331",NA
150.58,-30.73,2022,10,"055331",NA
150.58,-30.73,2022,11,"055331",NA
150.58,-30.73,2022,12,"055331",NA
