"Lon","Lat","Year","Month","Station","Rain"
142.88,-35.06,1914,1,"076025",NA
142.88,-35.06,1914,2,"076025",NA
142.88,-35.06,1914,3,"076025",NA
142.88,-35.06,1914,4,"076025",NA
142.88,-35.06,1914,5,"076025",12.2
142.88,-35.06,1914,6,"076025",4.3
142.88,-35.06,1914,7,"076025",10.2
142.88,-35.06,1914,8,"076025",0.5
142.88,-35.06,1914,9,"076025",1.8
142.88,-35.06,1914,10,"076025",0
142.88,-35.06,1914,11,"076025",14.2
142.88,-35.06,1914,12,"076025",23.3
142.88,-35.06,1915,1,"076025",12.1
142.88,-35.06,1915,2,"076025",0.3
142.88,-35.06,1915,3,"076025",1.3
142.88,-35.06,1915,4,"076025",14.3
142.88,-35.06,1915,5,"076025",23.4
142.88,-35.06,1915,6,"076025",32.6
142.88,-35.06,1915,7,"076025",30.2
142.88,-35.06,1915,8,"076025",20.3
142.88,-35.06,1915,9,"076025",53.8
142.88,-35.06,1915,10,"076025",16.1
142.88,-35.06,1915,11,"076025",1.8
142.88,-35.06,1915,12,"076025",0.5
142.88,-35.06,1916,1,"076025",18
142.88,-35.06,1916,2,"076025",8.4
142.88,-35.06,1916,3,"076025",0.5
142.88,-35.06,1916,4,"076025",8.4
142.88,-35.06,1916,5,"076025",22.9
142.88,-35.06,1916,6,"076025",55.9
142.88,-35.06,1916,7,"076025",51.4
142.88,-35.06,1916,8,"076025",39.3
142.88,-35.06,1916,9,"076025",64.3
142.88,-35.06,1916,10,"076025",26.5
142.88,-35.06,1916,11,"076025",59.1
142.88,-35.06,1916,12,"076025",26.1
142.88,-35.06,1917,1,"076025",14
142.88,-35.06,1917,2,"076025",61.8
142.88,-35.06,1917,3,"076025",11.1
142.88,-35.06,1917,4,"076025",7.2
142.88,-35.06,1917,5,"076025",34.3
142.88,-35.06,1917,6,"076025",49.6
142.88,-35.06,1917,7,"076025",53.2
142.88,-35.06,1917,8,"076025",58.5
142.88,-35.06,1917,9,"076025",59.6
142.88,-35.06,1917,10,"076025",71.5
142.88,-35.06,1917,11,"076025",50.6
142.88,-35.06,1917,12,"076025",2.1
142.88,-35.06,1918,1,"076025",15.2
142.88,-35.06,1918,2,"076025",38.2
142.88,-35.06,1918,3,"076025",36.1
142.88,-35.06,1918,4,"076025",35.8
142.88,-35.06,1918,5,"076025",88.4
142.88,-35.06,1918,6,"076025",27.5
142.88,-35.06,1918,7,"076025",15.5
142.88,-35.06,1918,8,"076025",45
142.88,-35.06,1918,9,"076025",14
142.88,-35.06,1918,10,"076025",11.7
142.88,-35.06,1918,11,"076025",2.3
142.88,-35.06,1918,12,"076025",1.5
142.88,-35.06,1919,1,"076025",3
142.88,-35.06,1919,2,"076025",38.8
142.88,-35.06,1919,3,"076025",10.2
142.88,-35.06,1919,4,"076025",15.7
142.88,-35.06,1919,5,"076025",42.5
142.88,-35.06,1919,6,"076025",21.3
142.88,-35.06,1919,7,"076025",7.7
142.88,-35.06,1919,8,"076025",10.7
142.88,-35.06,1919,9,"076025",17.9
142.88,-35.06,1919,10,"076025",5.4
142.88,-35.06,1919,11,"076025",7.1
142.88,-35.06,1919,12,"076025",27.4
142.88,-35.06,1920,1,"076025",3.8
142.88,-35.06,1920,2,"076025",0
142.88,-35.06,1920,3,"076025",4.2
142.88,-35.06,1920,4,"076025",4.3
142.88,-35.06,1920,5,"076025",18.2
142.88,-35.06,1920,6,"076025",21.1
142.88,-35.06,1920,7,"076025",21.2
142.88,-35.06,1920,8,"076025",68.7
142.88,-35.06,1920,9,"076025",71.8
142.88,-35.06,1920,10,"076025",92
142.88,-35.06,1920,11,"076025",43.4
142.88,-35.06,1920,12,"076025",21.4
142.88,-35.06,1921,1,"076025",23.8
142.88,-35.06,1921,2,"076025",48.4
142.88,-35.06,1921,3,"076025",35.6
142.88,-35.06,1921,4,"076025",0.5
142.88,-35.06,1921,5,"076025",49.3
142.88,-35.06,1921,6,"076025",23.8
142.88,-35.06,1921,7,"076025",18.1
142.88,-35.06,1921,8,"076025",37.1
142.88,-35.06,1921,9,"076025",57.7
142.88,-35.06,1921,10,"076025",23.9
142.88,-35.06,1921,11,"076025",22.2
142.88,-35.06,1921,12,"076025",35
142.88,-35.06,1922,1,"076025",0.5
142.88,-35.06,1922,2,"076025",12.2
142.88,-35.06,1922,3,"076025",0
142.88,-35.06,1922,4,"076025",19.6
142.88,-35.06,1922,5,"076025",32.3
142.88,-35.06,1922,6,"076025",27.6
142.88,-35.06,1922,7,"076025",25.7
142.88,-35.06,1922,8,"076025",25.5
142.88,-35.06,1922,9,"076025",25.4
142.88,-35.06,1922,10,"076025",29.2
142.88,-35.06,1922,11,"076025",0
142.88,-35.06,1922,12,"076025",22.9
142.88,-35.06,1923,1,"076025",20.8
142.88,-35.06,1923,2,"076025",0
142.88,-35.06,1923,3,"076025",0
142.88,-35.06,1923,4,"076025",4.6
142.88,-35.06,1923,5,"076025",37.9
142.88,-35.06,1923,6,"076025",118.5
142.88,-35.06,1923,7,"076025",61.1
142.88,-35.06,1923,8,"076025",31.2
142.88,-35.06,1923,9,"076025",24.9
142.88,-35.06,1923,10,"076025",21.9
142.88,-35.06,1923,11,"076025",13.9
142.88,-35.06,1923,12,"076025",67.4
142.88,-35.06,1924,1,"076025",16.6
142.88,-35.06,1924,2,"076025",40.7
142.88,-35.06,1924,3,"076025",39.3
142.88,-35.06,1924,4,"076025",19.8
142.88,-35.06,1924,5,"076025",12.2
142.88,-35.06,1924,6,"076025",46
142.88,-35.06,1924,7,"076025",3.1
142.88,-35.06,1924,8,"076025",43
142.88,-35.06,1924,9,"076025",50.3
142.88,-35.06,1924,10,"076025",33.8
142.88,-35.06,1924,11,"076025",83.9
142.88,-35.06,1924,12,"076025",35.9
142.88,-35.06,1925,1,"076025",19
142.88,-35.06,1925,2,"076025",8.6
142.88,-35.06,1925,3,"076025",32.5
142.88,-35.06,1925,4,"076025",3.6
142.88,-35.06,1925,5,"076025",56.8
142.88,-35.06,1925,6,"076025",17.9
142.88,-35.06,1925,7,"076025",24.1
142.88,-35.06,1925,8,"076025",24.2
142.88,-35.06,1925,9,"076025",30.2
142.88,-35.06,1925,10,"076025",2.8
142.88,-35.06,1925,11,"076025",2.5
142.88,-35.06,1925,12,"076025",0
142.88,-35.06,1926,1,"076025",1.8
142.88,-35.06,1926,2,"076025",0
142.88,-35.06,1926,3,"076025",20.3
142.88,-35.06,1926,4,"076025",46.7
142.88,-35.06,1926,5,"076025",57.3
142.88,-35.06,1926,6,"076025",40.4
142.88,-35.06,1926,7,"076025",38.3
142.88,-35.06,1926,8,"076025",52.5
142.88,-35.06,1926,9,"076025",34.5
142.88,-35.06,1926,10,"076025",22.7
142.88,-35.06,1926,11,"076025",0
142.88,-35.06,1926,12,"076025",34.8
142.88,-35.06,1927,1,"076025",8.9
142.88,-35.06,1927,2,"076025",4.8
142.88,-35.06,1927,3,"076025",5.6
142.88,-35.06,1927,4,"076025",2.5
142.88,-35.06,1927,5,"076025",23.2
142.88,-35.06,1927,6,"076025",12.4
142.88,-35.06,1927,7,"076025",39.2
142.88,-35.06,1927,8,"076025",24.5
142.88,-35.06,1927,9,"076025",11.9
142.88,-35.06,1927,10,"076025",40.4
142.88,-35.06,1927,11,"076025",7.6
142.88,-35.06,1927,12,"076025",32.7
142.88,-35.06,1928,1,"076025",44.8
142.88,-35.06,1928,2,"076025",95.6
142.88,-35.06,1928,3,"076025",23.3
142.88,-35.06,1928,4,"076025",24.1
142.88,-35.06,1928,5,"076025",26.4
142.88,-35.06,1928,6,"076025",32.8
142.88,-35.06,1928,7,"076025",22.4
142.88,-35.06,1928,8,"076025",9.2
142.88,-35.06,1928,9,"076025",38.9
142.88,-35.06,1928,10,"076025",24.2
142.88,-35.06,1928,11,"076025",1.8
142.88,-35.06,1928,12,"076025",4
142.88,-35.06,1929,1,"076025",8.4
142.88,-35.06,1929,2,"076025",25.1
142.88,-35.06,1929,3,"076025",9.3
142.88,-35.06,1929,4,"076025",36.8
142.88,-35.06,1929,5,"076025",9.5
142.88,-35.06,1929,6,"076025",20.4
142.88,-35.06,1929,7,"076025",8.2
142.88,-35.06,1929,8,"076025",27.9
142.88,-35.06,1929,9,"076025",14.6
142.88,-35.06,1929,10,"076025",8.8
142.88,-35.06,1929,11,"076025",17.8
142.88,-35.06,1929,12,"076025",48.8
142.88,-35.06,1930,1,"076025",0
142.88,-35.06,1930,2,"076025",4.1
142.88,-35.06,1930,3,"076025",9.4
142.88,-35.06,1930,4,"076025",5.3
142.88,-35.06,1930,5,"076025",60.9
142.88,-35.06,1930,6,"076025",4.5
142.88,-35.06,1930,7,"076025",40.2
142.88,-35.06,1930,8,"076025",54.4
142.88,-35.06,1930,9,"076025",17.6
142.88,-35.06,1930,10,"076025",90.5
142.88,-35.06,1930,11,"076025",12.7
142.88,-35.06,1930,12,"076025",69.4
142.88,-35.06,1931,1,"076025",7.6
142.88,-35.06,1931,2,"076025",0
142.88,-35.06,1931,3,"076025",46.6
142.88,-35.06,1931,4,"076025",88.9
142.88,-35.06,1931,5,"076025",100.1
142.88,-35.06,1931,6,"076025",89.3
142.88,-35.06,1931,7,"076025",27.9
142.88,-35.06,1931,8,"076025",10
142.88,-35.06,1931,9,"076025",46.7
142.88,-35.06,1931,10,"076025",19
142.88,-35.06,1931,11,"076025",13.2
142.88,-35.06,1931,12,"076025",0
142.88,-35.06,1932,1,"076025",3.8
142.88,-35.06,1932,2,"076025",41.1
142.88,-35.06,1932,3,"076025",28.1
142.88,-35.06,1932,4,"076025",33.6
142.88,-35.06,1932,5,"076025",18
142.88,-35.06,1932,6,"076025",54.2
142.88,-35.06,1932,7,"076025",29
142.88,-35.06,1932,8,"076025",43.1
142.88,-35.06,1932,9,"076025",21.8
142.88,-35.06,1932,10,"076025",11.5
142.88,-35.06,1932,11,"076025",2.1
142.88,-35.06,1932,12,"076025",24.7
142.88,-35.06,1933,1,"076025",23.4
142.88,-35.06,1933,2,"076025",0
142.88,-35.06,1933,3,"076025",4.6
142.88,-35.06,1933,4,"076025",3.9
142.88,-35.06,1933,5,"076025",32.9
142.88,-35.06,1933,6,"076025",13.7
142.88,-35.06,1933,7,"076025",45
142.88,-35.06,1933,8,"076025",26
142.88,-35.06,1933,9,"076025",32.8
142.88,-35.06,1933,10,"076025",17.8
142.88,-35.06,1933,11,"076025",17.6
142.88,-35.06,1933,12,"076025",50.8
142.88,-35.06,1934,1,"076025",22.6
142.88,-35.06,1934,2,"076025",43.2
142.88,-35.06,1934,3,"076025",15
142.88,-35.06,1934,4,"076025",36.6
142.88,-35.06,1934,5,"076025",0
142.88,-35.06,1934,6,"076025",5.1
142.88,-35.06,1934,7,"076025",32.5
142.88,-35.06,1934,8,"076025",24.3
142.88,-35.06,1934,9,"076025",20.6
142.88,-35.06,1934,10,"076025",59.4
142.88,-35.06,1934,11,"076025",65.9
142.88,-35.06,1934,12,"076025",7.9
142.88,-35.06,1935,1,"076025",16.5
142.88,-35.06,1935,2,"076025",2.3
142.88,-35.06,1935,3,"076025",17.8
142.88,-35.06,1935,4,"076025",22
142.88,-35.06,1935,5,"076025",7.7
142.88,-35.06,1935,6,"076025",21.4
142.88,-35.06,1935,7,"076025",35.4
142.88,-35.06,1935,8,"076025",8.8
142.88,-35.06,1935,9,"076025",39.7
142.88,-35.06,1935,10,"076025",37.1
142.88,-35.06,1935,11,"076025",0
142.88,-35.06,1935,12,"076025",10.5
142.88,-35.06,1936,1,"076025",88.6
142.88,-35.06,1936,2,"076025",2
142.88,-35.06,1936,3,"076025",1.8
142.88,-35.06,1936,4,"076025",9.7
142.88,-35.06,1936,5,"076025",50.6
142.88,-35.06,1936,6,"076025",38.4
142.88,-35.06,1936,7,"076025",80.9
142.88,-35.06,1936,8,"076025",24.2
142.88,-35.06,1936,9,"076025",5.4
142.88,-35.06,1936,10,"076025",21.1
142.88,-35.06,1936,11,"076025",4.8
142.88,-35.06,1936,12,"076025",44.6
142.88,-35.06,1937,1,"076025",39.3
142.88,-35.06,1937,2,"076025",1.3
142.88,-35.06,1937,3,"076025",5.5
142.88,-35.06,1937,4,"076025",3.3
142.88,-35.06,1937,5,"076025",21.7
142.88,-35.06,1937,6,"076025",75.7
142.88,-35.06,1937,7,"076025",10.4
142.88,-35.06,1937,8,"076025",39.4
142.88,-35.06,1937,9,"076025",5.1
142.88,-35.06,1937,10,"076025",58.8
142.88,-35.06,1937,11,"076025",2.8
142.88,-35.06,1937,12,"076025",26.6
142.88,-35.06,1938,1,"076025",31.1
142.88,-35.06,1938,2,"076025",15.8
142.88,-35.06,1938,3,"076025",0.5
142.88,-35.06,1938,4,"076025",12
142.88,-35.06,1938,5,"076025",18.5
142.88,-35.06,1938,6,"076025",30
142.88,-35.06,1938,7,"076025",37.3
142.88,-35.06,1938,8,"076025",9.3
142.88,-35.06,1938,9,"076025",0.8
142.88,-35.06,1938,10,"076025",5.4
142.88,-35.06,1938,11,"076025",5.6
142.88,-35.06,1938,12,"076025",0.8
142.88,-35.06,1939,1,"076025",3.5
142.88,-35.06,1939,2,"076025",103.1
142.88,-35.06,1939,3,"076025",7.9
142.88,-35.06,1939,4,"076025",45.1
142.88,-35.06,1939,5,"076025",67
142.88,-35.06,1939,6,"076025",45.7
142.88,-35.06,1939,7,"076025",25.2
142.88,-35.06,1939,8,"076025",36.1
142.88,-35.06,1939,9,"076025",25.1
142.88,-35.06,1939,10,"076025",15.7
142.88,-35.06,1939,11,"076025",45.2
142.88,-35.06,1939,12,"076025",0.5
142.88,-35.06,1940,1,"076025",7.4
142.88,-35.06,1940,2,"076025",0
142.88,-35.06,1940,3,"076025",0.5
142.88,-35.06,1940,4,"076025",21.9
142.88,-35.06,1940,5,"076025",2.6
142.88,-35.06,1940,6,"076025",2.3
142.88,-35.06,1940,7,"076025",14.6
142.88,-35.06,1940,8,"076025",9.9
142.88,-35.06,1940,9,"076025",35.1
142.88,-35.06,1940,10,"076025",3.3
142.88,-35.06,1940,11,"076025",13
142.88,-35.06,1940,12,"076025",6.6
142.88,-35.06,1941,1,"076025",37.5
142.88,-35.06,1941,2,"076025",1.5
142.88,-35.06,1941,3,"076025",20.8
142.88,-35.06,1941,4,"076025",2.6
142.88,-35.06,1941,5,"076025",3.3
142.88,-35.06,1941,6,"076025",32.9
142.88,-35.06,1941,7,"076025",43.6
142.88,-35.06,1941,8,"076025",13.5
142.88,-35.06,1941,9,"076025",42.6
142.88,-35.06,1941,10,"076025",38.9
142.88,-35.06,1941,11,"076025",25.4
142.88,-35.06,1941,12,"076025",6.1
142.88,-35.06,1942,1,"076025",7.6
142.88,-35.06,1942,2,"076025",38.9
142.88,-35.06,1942,3,"076025",13
142.88,-35.06,1942,4,"076025",33.8
142.88,-35.06,1942,5,"076025",52.4
142.88,-35.06,1942,6,"076025",56.1
142.88,-35.06,1942,7,"076025",25.2
142.88,-35.06,1942,8,"076025",48.3
142.88,-35.06,1942,9,"076025",15.9
142.88,-35.06,1942,10,"076025",49.5
142.88,-35.06,1942,11,"076025",39.4
142.88,-35.06,1942,12,"076025",11.8
142.88,-35.06,1943,1,"076025",1
142.88,-35.06,1943,2,"076025",14
142.88,-35.06,1943,3,"076025",1.6
142.88,-35.06,1943,4,"076025",15.9
142.88,-35.06,1943,5,"076025",2.3
142.88,-35.06,1943,6,"076025",24.1
142.88,-35.06,1943,7,"076025",19.9
142.88,-35.06,1943,8,"076025",33.8
142.88,-35.06,1943,9,"076025",18.2
142.88,-35.06,1943,10,"076025",27.6
142.88,-35.06,1943,11,"076025",17.4
142.88,-35.06,1943,12,"076025",10.4
142.88,-35.06,1944,1,"076025",3.3
142.88,-35.06,1944,2,"076025",2.6
142.88,-35.06,1944,3,"076025",2.1
142.88,-35.06,1944,4,"076025",38.3
142.88,-35.06,1944,5,"076025",34.3
142.88,-35.06,1944,6,"076025",2.8
142.88,-35.06,1944,7,"076025",13.5
142.88,-35.06,1944,8,"076025",4.4
142.88,-35.06,1944,9,"076025",5.9
142.88,-35.06,1944,10,"076025",16.3
142.88,-35.06,1944,11,"076025",18.8
142.88,-35.06,1944,12,"076025",22.3
142.88,-35.06,1945,1,"076025",4.3
142.88,-35.06,1945,2,"076025",5.8
142.88,-35.06,1945,3,"076025",2.5
142.88,-35.06,1945,4,"076025",0
142.88,-35.06,1945,5,"076025",16
142.88,-35.06,1945,6,"076025",68.8
142.88,-35.06,1945,7,"076025",21.5
142.88,-35.06,1945,8,"076025",29.8
142.88,-35.06,1945,9,"076025",8.9
142.88,-35.06,1945,10,"076025",49.4
142.88,-35.06,1945,11,"076025",26.1
142.88,-35.06,1945,12,"076025",12.2
142.88,-35.06,1946,1,"076025",63.3
142.88,-35.06,1946,2,"076025",99.8
142.88,-35.06,1946,3,"076025",25.5
142.88,-35.06,1946,4,"076025",5.1
142.88,-35.06,1946,5,"076025",42.1
142.88,-35.06,1946,6,"076025",30.3
142.88,-35.06,1946,7,"076025",31.1
142.88,-35.06,1946,8,"076025",22.9
142.88,-35.06,1946,9,"076025",12.5
142.88,-35.06,1946,10,"076025",12.6
142.88,-35.06,1946,11,"076025",32.5
142.88,-35.06,1946,12,"076025",35.6
142.88,-35.06,1947,1,"076025",5.9
142.88,-35.06,1947,2,"076025",75.1
142.88,-35.06,1947,3,"076025",74.4
142.88,-35.06,1947,4,"076025",12
142.88,-35.06,1947,5,"076025",2.8
142.88,-35.06,1947,6,"076025",28.8
142.88,-35.06,1947,7,"076025",41.9
142.88,-35.06,1947,8,"076025",27.3
142.88,-35.06,1947,9,"076025",19.6
142.88,-35.06,1947,10,"076025",41.2
142.88,-35.06,1947,11,"076025",44.6
142.88,-35.06,1947,12,"076025",32.6
142.88,-35.06,1948,1,"076025",3.5
142.88,-35.06,1948,2,"076025",4.6
142.88,-35.06,1948,3,"076025",0.5
142.88,-35.06,1948,4,"076025",36.9
142.88,-35.06,1948,5,"076025",27.5
142.88,-35.06,1948,6,"076025",35.3
142.88,-35.06,1948,7,"076025",9.4
142.88,-35.06,1948,8,"076025",7.7
142.88,-35.06,1948,9,"076025",11.7
142.88,-35.06,1948,10,"076025",68.2
142.88,-35.06,1948,11,"076025",26.8
142.88,-35.06,1948,12,"076025",10
142.88,-35.06,1949,1,"076025",8.1
142.88,-35.06,1949,2,"076025",29.8
142.88,-35.06,1949,3,"076025",31
142.88,-35.06,1949,4,"076025",4.5
142.88,-35.06,1949,5,"076025",85.6
142.88,-35.06,1949,6,"076025",6.9
142.88,-35.06,1949,7,"076025",44.6
142.88,-35.06,1949,8,"076025",11.2
142.88,-35.06,1949,9,"076025",23.1
142.88,-35.06,1949,10,"076025",65.9
142.88,-35.06,1949,11,"076025",23.2
142.88,-35.06,1949,12,"076025",1.3
142.88,-35.06,1950,1,"076025",0
142.88,-35.06,1950,2,"076025",104.9
142.88,-35.06,1950,3,"076025",142
142.88,-35.06,1950,4,"076025",14.7
142.88,-35.06,1950,5,"076025",51
142.88,-35.06,1950,6,"076025",22.7
142.88,-35.06,1950,7,"076025",38.9
142.88,-35.06,1950,8,"076025",23.3
142.88,-35.06,1950,9,"076025",36.6
142.88,-35.06,1950,10,"076025",56
142.88,-35.06,1950,11,"076025",25.6
142.88,-35.06,1950,12,"076025",11.2
142.88,-35.06,1951,1,"076025",16
142.88,-35.06,1951,2,"076025",10.2
142.88,-35.06,1951,3,"076025",0
142.88,-35.06,1951,4,"076025",9.1
142.88,-35.06,1951,5,"076025",39.8
142.88,-35.06,1951,6,"076025",58.9
142.88,-35.06,1951,7,"076025",39.6
142.88,-35.06,1951,8,"076025",46.4
142.88,-35.06,1951,9,"076025",3
142.88,-35.06,1951,10,"076025",35.6
142.88,-35.06,1951,11,"076025",2.3
142.88,-35.06,1951,12,"076025",6.6
142.88,-35.06,1952,1,"076025",20.1
142.88,-35.06,1952,2,"076025",5.8
142.88,-35.06,1952,3,"076025",19.8
142.88,-35.06,1952,4,"076025",50.3
142.88,-35.06,1952,5,"076025",82.7
142.88,-35.06,1952,6,"076025",54.6
142.88,-35.06,1952,7,"076025",14.3
142.88,-35.06,1952,8,"076025",23.4
142.88,-35.06,1952,9,"076025",13
142.88,-35.06,1952,10,"076025",57.8
142.88,-35.06,1952,11,"076025",51.6
142.88,-35.06,1952,12,"076025",4.1
142.88,-35.06,1953,1,"076025",19.6
142.88,-35.06,1953,2,"076025",14.3
142.88,-35.06,1953,3,"076025",0
142.88,-35.06,1953,4,"076025",9.9
142.88,-35.06,1953,5,"076025",5.6
142.88,-35.06,1953,6,"076025",45.2
142.88,-35.06,1953,7,"076025",32.2
142.88,-35.06,1953,8,"076025",43.1
142.88,-35.06,1953,9,"076025",57.2
142.88,-35.06,1953,10,"076025",33.3
142.88,-35.06,1953,11,"076025",20.6
142.88,-35.06,1953,12,"076025",7.1
142.88,-35.06,1954,1,"076025",13.5
142.88,-35.06,1954,2,"076025",0
142.88,-35.06,1954,3,"076025",3
142.88,-35.06,1954,4,"076025",48.2
142.88,-35.06,1954,5,"076025",10.4
142.88,-35.06,1954,6,"076025",14.2
142.88,-35.06,1954,7,"076025",20.3
142.88,-35.06,1954,8,"076025",38.5
142.88,-35.06,1954,9,"076025",23.2
142.88,-35.06,1954,10,"076025",28.4
142.88,-35.06,1954,11,"076025",27.7
142.88,-35.06,1954,12,"076025",47.6
142.88,-35.06,1955,1,"076025",0
142.88,-35.06,1955,2,"076025",81.8
142.88,-35.06,1955,3,"076025",20.6
142.88,-35.06,1955,4,"076025",7.6
142.88,-35.06,1955,5,"076025",54.8
142.88,-35.06,1955,6,"076025",51.4
142.88,-35.06,1955,7,"076025",40.6
142.88,-35.06,1955,8,"076025",32.4
142.88,-35.06,1955,9,"076025",56.7
142.88,-35.06,1955,10,"076025",32.8
142.88,-35.06,1955,11,"076025",25
142.88,-35.06,1955,12,"076025",8.9
142.88,-35.06,1956,1,"076025",19.3
142.88,-35.06,1956,2,"076025",0
142.88,-35.06,1956,3,"076025",95.8
142.88,-35.06,1956,4,"076025",27.6
142.88,-35.06,1956,5,"076025",79.6
142.88,-35.06,1956,6,"076025",33.7
142.88,-35.06,1956,7,"076025",66.8
142.88,-35.06,1956,8,"076025",17.7
142.88,-35.06,1956,9,"076025",40.4
142.88,-35.06,1956,10,"076025",51.5
142.88,-35.06,1956,11,"076025",19.5
142.88,-35.06,1956,12,"076025",0.5
142.88,-35.06,1957,1,"076025",0
142.88,-35.06,1957,2,"076025",86.8
142.88,-35.06,1957,3,"076025",23.1
142.88,-35.06,1957,4,"076025",8.9
142.88,-35.06,1957,5,"076025",5.5
142.88,-35.06,1957,6,"076025",26.2
142.88,-35.06,1957,7,"076025",14.8
142.88,-35.06,1957,8,"076025",18.1
142.88,-35.06,1957,9,"076025",4.8
142.88,-35.06,1957,10,"076025",8.2
142.88,-35.06,1957,11,"076025",8.4
142.88,-35.06,1957,12,"076025",23.4
142.88,-35.06,1958,1,"076025",43.4
142.88,-35.06,1958,2,"076025",45.5
142.88,-35.06,1958,3,"076025",1.5
142.88,-35.06,1958,4,"076025",10.6
142.88,-35.06,1958,5,"076025",25.7
142.88,-35.06,1958,6,"076025",3.6
142.88,-35.06,1958,7,"076025",49.7
142.88,-35.06,1958,8,"076025",58.6
142.88,-35.06,1958,9,"076025",20.4
142.88,-35.06,1958,10,"076025",79.9
142.88,-35.06,1958,11,"076025",72.4
142.88,-35.06,1958,12,"076025",15
142.88,-35.06,1959,1,"076025",41.2
142.88,-35.06,1959,2,"076025",7.4
142.88,-35.06,1959,3,"076025",11.9
142.88,-35.06,1959,4,"076025",2.1
142.88,-35.06,1959,5,"076025",6.4
142.88,-35.06,1959,6,"076025",10.3
142.88,-35.06,1959,7,"076025",8.6
142.88,-35.06,1959,8,"076025",21.6
142.88,-35.06,1959,9,"076025",20.9
142.88,-35.06,1959,10,"076025",64.5
142.88,-35.06,1959,11,"076025",5.8
142.88,-35.06,1959,12,"076025",23.9
142.88,-35.06,1960,1,"076025",60.4
142.88,-35.06,1960,2,"076025",37.8
142.88,-35.06,1960,3,"076025",7.3
142.88,-35.06,1960,4,"076025",25.5
142.88,-35.06,1960,5,"076025",73
142.88,-35.06,1960,6,"076025",17.1
142.88,-35.06,1960,7,"076025",68.9
142.88,-35.06,1960,8,"076025",36.1
142.88,-35.06,1960,9,"076025",44.7
142.88,-35.06,1960,10,"076025",5.4
142.88,-35.06,1960,11,"076025",69.4
142.88,-35.06,1960,12,"076025",3
142.88,-35.06,1961,1,"076025",11.2
142.88,-35.06,1961,2,"076025",13.5
142.88,-35.06,1961,3,"076025",28.8
142.88,-35.06,1961,4,"076025",30
142.88,-35.06,1961,5,"076025",6.6
142.88,-35.06,1961,6,"076025",25.6
142.88,-35.06,1961,7,"076025",28.6
142.88,-35.06,1961,8,"076025",34.2
142.88,-35.06,1961,9,"076025",13.4
142.88,-35.06,1961,10,"076025",5.6
142.88,-35.06,1961,11,"076025",60.2
142.88,-35.06,1961,12,"076025",67.6
142.88,-35.06,1962,1,"076025",44.4
142.88,-35.06,1962,2,"076025",2.3
142.88,-35.06,1962,3,"076025",8.4
142.88,-35.06,1962,4,"076025",7.6
142.88,-35.06,1962,5,"076025",29.4
142.88,-35.06,1962,6,"076025",8.6
142.88,-35.06,1962,7,"076025",27.4
142.88,-35.06,1962,8,"076025",23.6
142.88,-35.06,1962,9,"076025",28
142.88,-35.06,1962,10,"076025",10.7
142.88,-35.06,1962,11,"076025",5.3
142.88,-35.06,1962,12,"076025",40.3
142.88,-35.06,1963,1,"076025",43.4
142.88,-35.06,1963,2,"076025",17.8
142.88,-35.06,1963,3,"076025",55.1
142.88,-35.06,1963,4,"076025",74.9
142.88,-35.06,1963,5,"076025",40.8
142.88,-35.06,1963,6,"076025",81.1
142.88,-35.06,1963,7,"076025",31.9
142.88,-35.06,1963,8,"076025",26.7
142.88,-35.06,1963,9,"076025",28
142.88,-35.06,1963,10,"076025",39.2
142.88,-35.06,1963,11,"076025",7.4
142.88,-35.06,1963,12,"076025",24.2
142.88,-35.06,1964,1,"076025",16
142.88,-35.06,1964,2,"076025",5.9
142.88,-35.06,1964,3,"076025",1.3
142.88,-35.06,1964,4,"076025",65.6
142.88,-35.06,1964,5,"076025",17.8
142.88,-35.06,1964,6,"076025",21.7
142.88,-35.06,1964,7,"076025",31.9
142.88,-35.06,1964,8,"076025",18.9
142.88,-35.06,1964,9,"076025",105.3
142.88,-35.06,1964,10,"076025",76.3
142.88,-35.06,1964,11,"076025",86.9
142.88,-35.06,1964,12,"076025",8.3
142.88,-35.06,1965,1,"076025",1
142.88,-35.06,1965,2,"076025",0
142.88,-35.06,1965,3,"076025",0.8
142.88,-35.06,1965,4,"076025",27.2
142.88,-35.06,1965,5,"076025",23.4
142.88,-35.06,1965,6,"076025",16.5
142.88,-35.06,1965,7,"076025",50.3
142.88,-35.06,1965,8,"076025",62.8
142.88,-35.06,1965,9,"076025",59.9
142.88,-35.06,1965,10,"076025",27.2
142.88,-35.06,1965,11,"076025",27.3
142.88,-35.06,1965,12,"076025",24.9
142.88,-35.06,1966,1,"076025",1
142.88,-35.06,1966,2,"076025",20.6
142.88,-35.06,1966,3,"076025",20.3
142.88,-35.06,1966,4,"076025",10.2
142.88,-35.06,1966,5,"076025",24.8
142.88,-35.06,1966,6,"076025",7.3
142.88,-35.06,1966,7,"076025",30.3
142.88,-35.06,1966,8,"076025",12.2
142.88,-35.06,1966,9,"076025",28.3
142.88,-35.06,1966,10,"076025",27.7
142.88,-35.06,1966,11,"076025",14
142.88,-35.06,1966,12,"076025",43.2
142.88,-35.06,1967,1,"076025",4.6
142.88,-35.06,1967,2,"076025",9.1
142.88,-35.06,1967,3,"076025",0
142.88,-35.06,1967,4,"076025",2.8
142.88,-35.06,1967,5,"076025",15.5
142.88,-35.06,1967,6,"076025",13
142.88,-35.06,1967,7,"076025",8.6
142.88,-35.06,1967,8,"076025",23.3
142.88,-35.06,1967,9,"076025",12.7
142.88,-35.06,1967,10,"076025",2.3
142.88,-35.06,1967,11,"076025",0
142.88,-35.06,1967,12,"076025",2.3
142.88,-35.06,1968,1,"076025",16.7
142.88,-35.06,1968,2,"076025",5.9
142.88,-35.06,1968,3,"076025",20.1
142.88,-35.06,1968,4,"076025",26.2
142.88,-35.06,1968,5,"076025",54.7
142.88,-35.06,1968,6,"076025",36.6
142.88,-35.06,1968,7,"076025",27.4
142.88,-35.06,1968,8,"076025",30.4
142.88,-35.06,1968,9,"076025",6.1
142.88,-35.06,1968,10,"076025",21.1
142.88,-35.06,1968,11,"076025",9.7
142.88,-35.06,1968,12,"076025",22.1
142.88,-35.06,1969,1,"076025",0
142.88,-35.06,1969,2,"076025",125.6
142.88,-35.06,1969,3,"076025",138.4
142.88,-35.06,1969,4,"076025",22.2
142.88,-35.06,1969,5,"076025",34.3
142.88,-35.06,1969,6,"076025",5.1
142.88,-35.06,1969,7,"076025",31.7
142.88,-35.06,1969,8,"076025",11.5
142.88,-35.06,1969,9,"076025",22.1
142.88,-35.06,1969,10,"076025",26.6
142.88,-35.06,1969,11,"076025",20.6
142.88,-35.06,1969,12,"076025",11.7
142.88,-35.06,1970,1,"076025",33.2
142.88,-35.06,1970,2,"076025",0
142.88,-35.06,1970,3,"076025",28.9
142.88,-35.06,1970,4,"076025",76.7
142.88,-35.06,1970,5,"076025",7
142.88,-35.06,1970,6,"076025",31.3
142.88,-35.06,1970,7,"076025",2.8
142.88,-35.06,1970,8,"076025",46
142.88,-35.06,1970,9,"076025",50.3
142.88,-35.06,1970,10,"076025",3.8
142.88,-35.06,1970,11,"076025",50.6
142.88,-35.06,1970,12,"076025",3.5
142.88,-35.06,1971,1,"076025",4.3
142.88,-35.06,1971,2,"076025",11.7
142.88,-35.06,1971,3,"076025",58.4
142.88,-35.06,1971,4,"076025",52
142.88,-35.06,1971,5,"076025",20.3
142.88,-35.06,1971,6,"076025",15.7
142.88,-35.06,1971,7,"076025",24.4
142.88,-35.06,1971,8,"076025",26.7
142.88,-35.06,1971,9,"076025",12.2
142.88,-35.06,1971,10,"076025",12.4
142.88,-35.06,1971,11,"076025",68.3
142.88,-35.06,1971,12,"076025",14.2
142.88,-35.06,1972,1,"076025",59.8
142.88,-35.06,1972,2,"076025",32.2
142.88,-35.06,1972,3,"076025",0
142.88,-35.06,1972,4,"076025",30.9
142.88,-35.06,1972,5,"076025",22.9
142.88,-35.06,1972,6,"076025",5.8
142.88,-35.06,1972,7,"076025",7.4
142.88,-35.06,1972,8,"076025",48.2
142.88,-35.06,1972,9,"076025",12
142.88,-35.06,1972,10,"076025",3.5
142.88,-35.06,1972,11,"076025",21.4
142.88,-35.06,1972,12,"076025",0
142.88,-35.06,1973,1,"076025",21.6
142.88,-35.06,1973,2,"076025",85.8
142.88,-35.06,1973,3,"076025",36.5
142.88,-35.06,1973,4,"076025",37.6
142.88,-35.06,1973,5,"076025",38.8
142.88,-35.06,1973,6,"076025",52.6
142.88,-35.06,1973,7,"076025",57.9
142.88,-35.06,1973,8,"076025",71.3
142.88,-35.06,1973,9,"076025",33.8
142.88,-35.06,1973,10,"076025",115.3
142.88,-35.06,1973,11,"076025",40.1
142.88,-35.06,1973,12,"076025",38.6
142.88,-35.06,1974,1,"076025",50
142.88,-35.06,1974,2,"076025",53.2
142.88,-35.06,1974,3,"076025",57.6
142.88,-35.06,1974,4,"076025",47.2
142.88,-35.06,1974,5,"076025",52.4
142.88,-35.06,1974,6,"076025",22.2
142.88,-35.06,1974,7,"076025",43.4
142.88,-35.06,1974,8,"076025",36.2
142.88,-35.06,1974,9,"076025",47.8
142.88,-35.06,1974,10,"076025",46
142.88,-35.06,1974,11,"076025",11.6
142.88,-35.06,1974,12,"076025",2
142.88,-35.06,1975,1,"076025",12
142.88,-35.06,1975,2,"076025",7.2
142.88,-35.06,1975,3,"076025",12.6
142.88,-35.06,1975,4,"076025",4.2
142.88,-35.06,1975,5,"076025",19.6
142.88,-35.06,1975,6,"076025",3.8
142.88,-35.06,1975,7,"076025",34.6
142.88,-35.06,1975,8,"076025",34.4
142.88,-35.06,1975,9,"076025",44.5
142.88,-35.06,1975,10,"076025",175
142.88,-35.06,1975,11,"076025",15.4
142.88,-35.06,1975,12,"076025",59.2
142.88,-35.06,1976,1,"076025",28.6
142.88,-35.06,1976,2,"076025",17.8
142.88,-35.06,1976,3,"076025",0
142.88,-35.06,1976,4,"076025",6
142.88,-35.06,1976,5,"076025",3.2
142.88,-35.06,1976,6,"076025",8.6
142.88,-35.06,1976,7,"076025",20.8
142.88,-35.06,1976,8,"076025",13.6
142.88,-35.06,1976,9,"076025",18.4
142.88,-35.06,1976,10,"076025",95
142.88,-35.06,1976,11,"076025",47.4
142.88,-35.06,1976,12,"076025",2.6
142.88,-35.06,1977,1,"076025",0
142.88,-35.06,1977,2,"076025",83
142.88,-35.06,1977,3,"076025",3.4
142.88,-35.06,1977,4,"076025",11.8
142.88,-35.06,1977,5,"076025",45.2
142.88,-35.06,1977,6,"076025",25.4
142.88,-35.06,1977,7,"076025",6
142.88,-35.06,1977,8,"076025",3.5
142.88,-35.06,1977,9,"076025",19.5
142.88,-35.06,1977,10,"076025",20.4
142.88,-35.06,1977,11,"076025",15.8
142.88,-35.06,1977,12,"076025",17
142.88,-35.06,1978,1,"076025",7
142.88,-35.06,1978,2,"076025",0
142.88,-35.06,1978,3,"076025",21.7
142.88,-35.06,1978,4,"076025",8
142.88,-35.06,1978,5,"076025",64.2
142.88,-35.06,1978,6,"076025",38.4
142.88,-35.06,1978,7,"076025",70.6
142.88,-35.06,1978,8,"076025",31.8
142.88,-35.06,1978,9,"076025",54.8
142.88,-35.06,1978,10,"076025",18
142.88,-35.06,1978,11,"076025",47.2
142.88,-35.06,1978,12,"076025",0.8
142.88,-35.06,1979,1,"076025",94.6
142.88,-35.06,1979,2,"076025",47
142.88,-35.06,1979,3,"076025",2.2
142.88,-35.06,1979,4,"076025",29.2
142.88,-35.06,1979,5,"076025",48.4
142.88,-35.06,1979,6,"076025",18.2
142.88,-35.06,1979,7,"076025",6
142.88,-35.06,1979,8,"076025",33.2
142.88,-35.06,1979,9,"076025",42.2
142.88,-35.06,1979,10,"076025",18.6
142.88,-35.06,1979,11,"076025",20
142.88,-35.06,1979,12,"076025",5.6
142.88,-35.06,1980,1,"076025",0
142.88,-35.06,1980,2,"076025",0
142.88,-35.06,1980,3,"076025",14.4
142.88,-35.06,1980,4,"076025",56.4
142.88,-35.06,1980,5,"076025",35.7
142.88,-35.06,1980,6,"076025",40
142.88,-35.06,1980,7,"076025",16.2
142.88,-35.06,1980,8,"076025",26.6
142.88,-35.06,1980,9,"076025",3
142.88,-35.06,1980,10,"076025",56
142.88,-35.06,1980,11,"076025",9.6
142.88,-35.06,1980,12,"076025",21
142.88,-35.06,1981,1,"076025",8.6
142.88,-35.06,1981,2,"076025",52
142.88,-35.06,1981,3,"076025",7.4
142.88,-35.06,1981,4,"076025",7.8
142.88,-35.06,1981,5,"076025",33
142.88,-35.06,1981,6,"076025",62.8
142.88,-35.06,1981,7,"076025",47.2
142.88,-35.06,1981,8,"076025",30.6
142.88,-35.06,1981,9,"076025",17
142.88,-35.06,1981,10,"076025",28
142.88,-35.06,1981,11,"076025",20.8
142.88,-35.06,1981,12,"076025",9.2
142.88,-35.06,1982,1,"076025",17
142.88,-35.06,1982,2,"076025",0
142.88,-35.06,1982,3,"076025",22
142.88,-35.06,1982,4,"076025",9.7
142.88,-35.06,1982,5,"076025",6.4
142.88,-35.06,1982,6,"076025",20.5
142.88,-35.06,1982,7,"076025",3.4
142.88,-35.06,1982,8,"076025",4.6
142.88,-35.06,1982,9,"076025",8.1
142.88,-35.06,1982,10,"076025",5.4
142.88,-35.06,1982,11,"076025",8.6
142.88,-35.06,1982,12,"076025",4
142.88,-35.06,1983,1,"076025",0
142.88,-35.06,1983,2,"076025",2
142.88,-35.06,1983,3,"076025",96
142.88,-35.06,1983,4,"076025",11.6
142.88,-35.06,1983,5,"076025",32
142.88,-35.06,1983,6,"076025",14.2
142.88,-35.06,1983,7,"076025",49.7
142.88,-35.06,1983,8,"076025",46.6
142.88,-35.06,1983,9,"076025",40.5
142.88,-35.06,1983,10,"076025",16
142.88,-35.06,1983,11,"076025",53.8
142.88,-35.06,1983,12,"076025",58.6
142.88,-35.06,1984,1,"076025",68.4
142.88,-35.06,1984,2,"076025",2.5
142.88,-35.06,1984,3,"076025",9.4
142.88,-35.06,1984,4,"076025",10
142.88,-35.06,1984,5,"076025",1.4
142.88,-35.06,1984,6,"076025",0.8
142.88,-35.06,1984,7,"076025",45.5
142.88,-35.06,1984,8,"076025",50.6
142.88,-35.06,1984,9,"076025",20.6
142.88,-35.06,1984,10,"076025",6.6
142.88,-35.06,1984,11,"076025",27.2
142.88,-35.06,1984,12,"076025",0.6
142.88,-35.06,1985,1,"076025",11
142.88,-35.06,1985,2,"076025",1.2
142.88,-35.06,1985,3,"076025",8.2
142.88,-35.06,1985,4,"076025",6
142.88,-35.06,1985,5,"076025",21.6
142.88,-35.06,1985,6,"076025",8.4
142.88,-35.06,1985,7,"076025",2.5
142.88,-35.06,1985,8,"076025",75.6
142.88,-35.06,1985,9,"076025",10.8
142.88,-35.06,1985,10,"076025",47
142.88,-35.06,1985,11,"076025",18.6
142.88,-35.06,1985,12,"076025",58
142.88,-35.06,1986,1,"076025",0
142.88,-35.06,1986,2,"076025",8
142.88,-35.06,1986,3,"076025",0
142.88,-35.06,1986,4,"076025",22.6
142.88,-35.06,1986,5,"076025",51.6
142.88,-35.06,1986,6,"076025",7.2
142.88,-35.06,1986,7,"076025",71.8
142.88,-35.06,1986,8,"076025",45.8
142.88,-35.06,1986,9,"076025",46.4
142.88,-35.06,1986,10,"076025",41.4
142.88,-35.06,1986,11,"076025",16.4
142.88,-35.06,1986,12,"076025",35.2
142.88,-35.06,1987,1,"076025",7.8
142.88,-35.06,1987,2,"076025",18.6
142.88,-35.06,1987,3,"076025",5.6
142.88,-35.06,1987,4,"076025",8.4
142.88,-35.06,1987,5,"076025",34.8
142.88,-35.06,1987,6,"076025",37.4
142.88,-35.06,1987,7,"076025",36.1
142.88,-35.06,1987,8,"076025",68.6
142.88,-35.06,1987,9,"076025",9.6
142.88,-35.06,1987,10,"076025",43.6
142.88,-35.06,1987,11,"076025",5.8
142.88,-35.06,1987,12,"076025",38
142.88,-35.06,1988,1,"076025",67.3
142.88,-35.06,1988,2,"076025",5.6
142.88,-35.06,1988,3,"076025",11
142.88,-35.06,1988,4,"076025",18.2
142.88,-35.06,1988,5,"076025",77.8
142.88,-35.06,1988,6,"076025",26.6
142.88,-35.06,1988,7,"076025",22.8
142.88,-35.06,1988,8,"076025",4.4
142.88,-35.06,1988,9,"076025",37.2
142.88,-35.06,1988,10,"076025",8.4
142.88,-35.06,1988,11,"076025",62.4
142.88,-35.06,1988,12,"076025",40.4
142.88,-35.06,1989,1,"076025",22.6
142.88,-35.06,1989,2,"076025",3
142.88,-35.06,1989,3,"076025",72.6
142.88,-35.06,1989,4,"076025",76.2
142.88,-35.06,1989,5,"076025",95.4
142.88,-35.06,1989,6,"076025",55
142.88,-35.06,1989,7,"076025",31.2
142.88,-35.06,1989,8,"076025",51
142.88,-35.06,1989,9,"076025",17.8
142.88,-35.06,1989,10,"076025",11.8
142.88,-35.06,1989,11,"076025",7.6
142.88,-35.06,1989,12,"076025",8.8
142.88,-35.06,1990,1,"076025",1.4
142.88,-35.06,1990,2,"076025",19
142.88,-35.06,1990,3,"076025",8.4
142.88,-35.06,1990,4,"076025",50.4
142.88,-35.06,1990,5,"076025",36.4
142.88,-35.06,1990,6,"076025",27.6
142.88,-35.06,1990,7,"076025",37.6
142.88,-35.06,1990,8,"076025",28.4
142.88,-35.06,1990,9,"076025",3.6
142.88,-35.06,1990,10,"076025",8.8
142.88,-35.06,1990,11,"076025",8.6
142.88,-35.06,1990,12,"076025",6.4
142.88,-35.06,1991,1,"076025",68.4
142.88,-35.06,1991,2,"076025",0.6
142.88,-35.06,1991,3,"076025",0.8
142.88,-35.06,1991,4,"076025",29.6
142.88,-35.06,1991,5,"076025",0.8
142.88,-35.06,1991,6,"076025",56.4
142.88,-35.06,1991,7,"076025",35
142.88,-35.06,1991,8,"076025",24
142.88,-35.06,1991,9,"076025",37.2
142.88,-35.06,1991,10,"076025",0
142.88,-35.06,1991,11,"076025",4.4
142.88,-35.06,1991,12,"076025",7
142.88,-35.06,1992,1,"076025",2.2
142.88,-35.06,1992,2,"076025",11.8
142.88,-35.06,1992,3,"076025",8.4
142.88,-35.06,1992,4,"076025",17.4
142.88,-35.06,1992,5,"076025",55.8
142.88,-35.06,1992,6,"076025",16.4
142.88,-35.06,1992,7,"076025",12.4
142.88,-35.06,1992,8,"076025",43.4
142.88,-35.06,1992,9,"076025",76.4
142.88,-35.06,1992,10,"076025",60.4
142.88,-35.06,1992,11,"076025",39
142.88,-35.06,1992,12,"076025",79
142.88,-35.06,1993,1,"076025",38
142.88,-35.06,1993,2,"076025",5.8
142.88,-35.06,1993,3,"076025",16.2
142.88,-35.06,1993,4,"076025",0.2
142.88,-35.06,1993,5,"076025",21.8
142.88,-35.06,1993,6,"076025",12.6
142.88,-35.06,1993,7,"076025",37.8
142.88,-35.06,1993,8,"076025",8.4
142.88,-35.06,1993,9,"076025",52.8
142.88,-35.06,1993,10,"076025",82.2
142.88,-35.06,1993,11,"076025",17.4
142.88,-35.06,1993,12,"076025",46.8
142.88,-35.06,1994,1,"076025",8
142.88,-35.06,1994,2,"076025",66.4
142.88,-35.06,1994,3,"076025",3
142.88,-35.06,1994,4,"076025",3
142.88,-35.06,1994,5,"076025",6.8
142.88,-35.06,1994,6,"076025",34.2
142.88,-35.06,1994,7,"076025",3.6
142.88,-35.06,1994,8,"076025",9.2
142.88,-35.06,1994,9,"076025",21
142.88,-35.06,1994,10,"076025",15.8
142.88,-35.06,1994,11,"076025",9
142.88,-35.06,1994,12,"076025",2.6
142.88,-35.06,1995,1,"076025",76.2
142.88,-35.06,1995,2,"076025",8.8
142.88,-35.06,1995,3,"076025",0.4
142.88,-35.06,1995,4,"076025",19.6
142.88,-35.06,1995,5,"076025",74.8
142.88,-35.06,1995,6,"076025",28
142.88,-35.06,1995,7,"076025",62
142.88,-35.06,1995,8,"076025",20
142.88,-35.06,1995,9,"076025",31.4
142.88,-35.06,1995,10,"076025",49.4
142.88,-35.06,1995,11,"076025",2.8
142.88,-35.06,1995,12,"076025",2
142.88,-35.06,1996,1,"076025",12
142.88,-35.06,1996,2,"076025",21.2
142.88,-35.06,1996,3,"076025",13
142.88,-35.06,1996,4,"076025",14.4
142.88,-35.06,1996,5,"076025",6.4
142.88,-35.06,1996,6,"076025",42.2
142.88,-35.06,1996,7,"076025",54.8
142.88,-35.06,1996,8,"076025",40.8
142.88,-35.06,1996,9,"076025",48.2
142.88,-35.06,1996,10,"076025",16.6
142.88,-35.06,1996,11,"076025",9
142.88,-35.06,1996,12,"076025",6.2
142.88,-35.06,1997,1,"076025",17.4
142.88,-35.06,1997,2,"076025",10.2
142.88,-35.06,1997,3,"076025",0
142.88,-35.06,1997,4,"076025",1
142.88,-35.06,1997,5,"076025",24.2
142.88,-35.06,1997,6,"076025",14.6
142.88,-35.06,1997,7,"076025",16.4
142.88,-35.06,1997,8,"076025",44.6
142.88,-35.06,1997,9,"076025",55
142.88,-35.06,1997,10,"076025",11.4
142.88,-35.06,1997,11,"076025",24
142.88,-35.06,1997,12,"076025",2.2
142.88,-35.06,1998,1,"076025",29.6
142.88,-35.06,1998,2,"076025",19.6
142.88,-35.06,1998,3,"076025",2.8
142.88,-35.06,1998,4,"076025",31
142.88,-35.06,1998,5,"076025",4.8
142.88,-35.06,1998,6,"076025",7.4
142.88,-35.06,1998,7,"076025",45.4
142.88,-35.06,1998,8,"076025",3
142.88,-35.06,1998,9,"076025",24.8
142.88,-35.06,1998,10,"076025",27.4
142.88,-35.06,1998,11,"076025",36
142.88,-35.06,1998,12,"076025",6
142.88,-35.06,1999,1,"076025",18.8
142.88,-35.06,1999,2,"076025",33.4
142.88,-35.06,1999,3,"076025",14.6
142.88,-35.06,1999,4,"076025",1.4
142.88,-35.06,1999,5,"076025",33.8
142.88,-35.06,1999,6,"076025",24
142.88,-35.06,1999,7,"076025",20.4
142.88,-35.06,1999,8,"076025",43
142.88,-35.06,1999,9,"076025",13
142.88,-35.06,1999,10,"076025",31.4
142.88,-35.06,1999,11,"076025",78.6
142.88,-35.06,1999,12,"076025",9.6
142.88,-35.06,2000,1,"076025",1.4
142.88,-35.06,2000,2,"076025",NA
142.88,-35.06,2000,3,"076025",NA
142.88,-35.06,2000,4,"076025",67.2
142.88,-35.06,2000,5,"076025",32.2
142.88,-35.06,2000,6,"076025",14.8
142.88,-35.06,2000,7,"076025",30.8
142.88,-35.06,2000,8,"076025",30.6
142.88,-35.06,2000,9,"076025",43.4
142.88,-35.06,2000,10,"076025",56.2
142.88,-35.06,2000,11,"076025",21.4
142.88,-35.06,2000,12,"076025",11.4
142.88,-35.06,2002,1,"076025",0
142.88,-35.06,2002,2,"076025",14
142.88,-35.06,2002,3,"076025",27
142.88,-35.06,2002,4,"076025",15
142.88,-35.06,2002,5,"076025",14.7
142.88,-35.06,2002,6,"076025",2.6
142.88,-35.06,2002,7,"076025",11.2
142.88,-35.06,2002,8,"076025",9.4
142.88,-35.06,2002,9,"076025",12.4
142.88,-35.06,2002,10,"076025",10.6
142.88,-35.06,2002,11,"076025",NA
142.88,-35.06,2002,12,"076025",57.6
142.88,-35.06,2003,1,"076025",NA
142.88,-35.06,2003,2,"076025",NA
142.88,-35.06,2003,3,"076025",0
142.88,-35.06,2003,4,"076025",2.1
142.88,-35.06,2003,5,"076025",17.8
142.88,-35.06,2003,6,"076025",40.8
142.88,-35.06,2003,7,"076025",41.6
142.88,-35.06,2003,8,"076025",52.4
142.88,-35.06,2003,9,"076025",16
142.88,-35.06,2003,10,"076025",14
142.88,-35.06,2003,11,"076025",31.7
142.88,-35.06,2003,12,"076025",43.6
142.88,-35.06,2004,1,"076025",5.6
142.88,-35.06,2004,2,"076025",1.6
142.88,-35.06,2004,3,"076025",1
142.88,-35.06,2004,4,"076025",0
142.88,-35.06,2004,5,"076025",11.4
142.88,-35.06,2004,6,"076025",NA
142.88,-35.06,2004,7,"076025",13
142.88,-35.06,2004,8,"076025",30.2
142.88,-35.06,2004,9,"076025",NA
142.88,-35.06,2004,10,"076025",4
142.88,-35.06,2004,11,"076025",61.8
142.88,-35.06,2004,12,"076025",23.8
142.88,-35.06,2005,1,"076025",40.2
142.88,-35.06,2005,2,"076025",17.6
142.88,-35.06,2005,3,"076025",NA
142.88,-35.06,2005,4,"076025",0
142.88,-35.06,2005,5,"076025",2.8
142.88,-35.06,2005,6,"076025",42.6
142.88,-35.06,2005,7,"076025",35.8
142.88,-35.06,2005,8,"076025",36.6
142.88,-35.06,2005,9,"076025",32.8
142.88,-35.06,2005,10,"076025",75.9
142.88,-35.06,2005,11,"076025",20.6
142.88,-35.06,2005,12,"076025",NA
142.88,-35.06,2006,1,"076025",35.4
142.88,-35.06,2006,2,"076025",0.8
142.88,-35.06,2006,3,"076025",9.4
142.88,-35.06,2006,4,"076025",20
142.88,-35.06,2006,5,"076025",5.8
142.88,-35.06,2006,6,"076025",15.8
142.88,-35.06,2006,7,"076025",29.8
142.88,-35.06,2006,8,"076025",1.9
142.88,-35.06,2006,9,"076025",20.3
142.88,-35.06,2006,10,"076025",0
142.88,-35.06,2006,11,"076025",9.4
142.88,-35.06,2006,12,"076025",8.4
142.88,-35.06,2007,1,"076025",53
142.88,-35.06,2007,2,"076025",0
142.88,-35.06,2007,3,"076025",16.9
142.88,-35.06,2007,4,"076025",49.4
142.88,-35.06,2007,5,"076025",38.2
142.88,-35.06,2007,6,"076025",6.4
142.88,-35.06,2007,7,"076025",25.2
142.88,-35.06,2007,8,"076025",2.2
142.88,-35.06,2007,9,"076025",8
142.88,-35.06,2007,10,"076025",2.1
142.88,-35.06,2007,11,"076025",48.7
142.88,-35.06,2007,12,"076025",34.4
142.88,-35.06,2008,1,"076025",30.3
142.88,-35.06,2008,2,"076025",0
142.88,-35.06,2008,3,"076025",11
142.88,-35.06,2008,4,"076025",4.2
142.88,-35.06,2008,5,"076025",12.1
142.88,-35.06,2008,6,"076025",12
142.88,-35.06,2008,7,"076025",22.6
142.88,-35.06,2008,8,"076025",35.1
142.88,-35.06,2008,9,"076025",10.2
142.88,-35.06,2008,10,"076025",4.8
142.88,-35.06,2008,11,"076025",34.4
142.88,-35.06,2008,12,"076025",50.4
142.88,-35.06,2009,1,"076025",0
142.88,-35.06,2009,2,"076025",0
142.88,-35.06,2009,3,"076025",17.5
142.88,-35.06,2009,4,"076025",21.2
142.88,-35.06,2009,5,"076025",14.1
142.88,-35.06,2009,6,"076025",49.8
142.88,-35.06,2009,7,"076025",28.4
142.88,-35.06,2009,8,"076025",14.3
142.88,-35.06,2009,9,"076025",51
142.88,-35.06,2009,10,"076025",16.9
142.88,-35.06,2009,11,"076025",89.6
142.88,-35.06,2009,12,"076025",13.2
142.88,-35.06,2010,1,"076025",8.2
142.88,-35.06,2010,2,"076025",39.6
142.88,-35.06,2010,3,"076025",65
142.88,-35.06,2010,4,"076025",51.8
142.88,-35.06,2010,5,"076025",NA
142.88,-35.06,2010,6,"076025",19.4
142.88,-35.06,2010,7,"076025",18.1
142.88,-35.06,2010,8,"076025",53.8
142.88,-35.06,2010,9,"076025",NA
142.88,-35.06,2010,10,"076025",79.6
142.88,-35.06,2010,11,"076025",109
142.88,-35.06,2010,12,"076025",53
142.88,-35.06,2011,1,"076025",164.6
142.88,-35.06,2011,2,"076025",77
142.88,-35.06,2011,3,"076025",27.6
142.88,-35.06,2011,4,"076025",15
142.88,-35.06,2011,5,"076025",16.8
142.88,-35.06,2011,6,"076025",10.6
142.88,-35.06,2011,7,"076025",18.6
142.88,-35.06,2011,8,"076025",46.6
142.88,-35.06,2011,9,"076025",14
142.88,-35.06,2011,10,"076025",29.2
142.88,-35.06,2011,11,"076025",36.4
142.88,-35.06,2011,12,"076025",18.3
142.88,-35.06,2012,1,"076025",14
142.88,-35.06,2012,2,"076025",30.8
142.88,-35.06,2012,3,"076025",66.4
142.88,-35.06,2012,4,"076025",5
142.88,-35.06,2012,5,"076025",6.3
142.88,-35.06,2012,6,"076025",16.2
142.88,-35.06,2012,7,"076025",42.7
142.88,-35.06,2012,8,"076025",13.1
142.88,-35.06,2012,9,"076025",23.4
142.88,-35.06,2012,10,"076025",12.3
142.88,-35.06,2012,11,"076025",7.8
142.88,-35.06,2012,12,"076025",10
142.88,-35.06,2013,1,"076025",2.8
142.88,-35.06,2013,2,"076025",29.2
142.88,-35.06,2013,3,"076025",9.8
142.88,-35.06,2013,4,"076025",8.6
142.88,-35.06,2013,5,"076025",19.8
142.88,-35.06,2013,6,"076025",57.3
142.88,-35.06,2013,7,"076025",31.6
142.88,-35.06,2013,8,"076025",24.5
142.88,-35.06,2013,9,"076025",39.8
142.88,-35.06,2013,10,"076025",17.8
142.88,-35.06,2013,11,"076025",6.2
142.88,-35.06,2013,12,"076025",40.6
142.88,-35.06,2014,1,"076025",0.8
142.88,-35.06,2014,2,"076025",54.8
142.88,-35.06,2014,3,"076025",20.6
142.88,-35.06,2014,4,"076025",88.8
142.88,-35.06,2014,5,"076025",18.8
142.88,-35.06,2014,6,"076025",25
142.88,-35.06,2014,7,"076025",20.8
142.88,-35.06,2014,8,"076025",5
142.88,-35.06,2014,9,"076025",21.2
142.88,-35.06,2014,10,"076025",3.2
142.88,-35.06,2014,11,"076025",11.6
142.88,-35.06,2014,12,"076025",14.2
142.88,-35.06,2015,1,"076025",15.6
142.88,-35.06,2015,2,"076025",0
142.88,-35.06,2015,3,"076025",2.8
142.88,-35.06,2015,4,"076025",30.4
142.88,-35.06,2015,5,"076025",17
142.88,-35.06,2015,6,"076025",27.6
142.88,-35.06,2015,7,"076025",16.6
142.88,-35.06,2015,8,"076025",18.2
142.88,-35.06,2015,9,"076025",11
142.88,-35.06,2015,10,"076025",5.6
142.88,-35.06,2015,11,"076025",24.4
142.88,-35.06,2015,12,"076025",5.2
142.88,-35.06,2016,1,"076025",103
142.88,-35.06,2016,2,"076025",5
142.88,-35.06,2016,3,"076025",14.6
142.88,-35.06,2016,4,"076025",5.2
142.88,-35.06,2016,5,"076025",63.4
142.88,-35.06,2016,6,"076025",31
142.88,-35.06,2016,7,"076025",38.4
142.88,-35.06,2016,8,"076025",43.8
142.88,-35.06,2016,9,"076025",82.6
142.88,-35.06,2016,10,"076025",31.4
142.88,-35.06,2016,11,"076025",NA
142.88,-35.06,2016,12,"076025",15
142.88,-35.06,2017,1,"076025",NA
142.88,-35.06,2017,2,"076025",17.6
142.88,-35.06,2017,3,"076025",51
142.88,-35.06,2017,4,"076025",NA
142.88,-35.06,2017,5,"076025",24.6
142.88,-35.06,2017,6,"076025",3.8
142.88,-35.06,2017,7,"076025",13
142.88,-35.06,2017,8,"076025",51.2
142.88,-35.06,2017,9,"076025",3.4
142.88,-35.06,2017,10,"076025",26.9
142.88,-35.06,2017,11,"076025",43.2
142.88,-35.06,2017,12,"076025",62.6
142.88,-35.06,2018,1,"076025",11
142.88,-35.06,2018,2,"076025",0
142.88,-35.06,2018,3,"076025",6.2
142.88,-35.06,2018,4,"076025",0
142.88,-35.06,2018,5,"076025",29.2
142.88,-35.06,2018,6,"076025",NA
142.88,-35.06,2018,7,"076025",9.2
142.88,-35.06,2018,8,"076025",15.5
142.88,-35.06,2018,9,"076025",4.5
142.88,-35.06,2018,10,"076025",11.9
142.88,-35.06,2018,11,"076025",10.1
142.88,-35.06,2018,12,"076025",54
142.88,-35.06,2019,1,"076025",1.8
142.88,-35.06,2019,2,"076025",5
142.88,-35.06,2019,3,"076025",1.6
142.88,-35.06,2019,4,"076025",0
142.88,-35.06,2019,5,"076025",40.2
142.88,-35.06,2019,6,"076025",21.5
142.88,-35.06,2019,7,"076025",NA
142.88,-35.06,2019,8,"076025",NA
142.88,-35.06,2019,9,"076025",NA
142.88,-35.06,2019,10,"076025",NA
142.88,-35.06,2019,11,"076025",NA
142.88,-35.06,2019,12,"076025",NA
