"Lon","Lat","Year","Month","Station","Rain"
149.1,-33.74,1899,1,"063029",49.9
149.1,-33.74,1899,2,"063029",10.2
149.1,-33.74,1899,3,"063029",11.6
149.1,-33.74,1899,4,"063029",65
149.1,-33.74,1899,5,"063029",24.2
149.1,-33.74,1899,6,"063029",77
149.1,-33.74,1899,7,"063029",59.3
149.1,-33.74,1899,8,"063029",48.3
149.1,-33.74,1899,9,"063029",39.2
149.1,-33.74,1899,10,"063029",60.5
149.1,-33.74,1899,11,"063029",89.5
149.1,-33.74,1899,12,"063029",6.6
149.1,-33.74,1900,1,"063029",154.6
149.1,-33.74,1900,2,"063029",1
149.1,-33.74,1900,3,"063029",190.5
149.1,-33.74,1900,4,"063029",148.8
149.1,-33.74,1900,5,"063029",103.2
149.1,-33.74,1900,6,"063029",136.3
149.1,-33.74,1900,7,"063029",101.7
149.1,-33.74,1900,8,"063029",45.5
149.1,-33.74,1900,9,"063029",120.3
149.1,-33.74,1900,10,"063029",21.6
149.1,-33.74,1900,11,"063029",47.4
149.1,-33.74,1900,12,"063029",12.7
149.1,-33.74,1901,1,"063029",21.4
149.1,-33.74,1901,2,"063029",7.4
149.1,-33.74,1901,3,"063029",110.4
149.1,-33.74,1901,4,"063029",131.6
149.1,-33.74,1901,5,"063029",22.4
149.1,-33.74,1901,6,"063029",82.9
149.1,-33.74,1901,7,"063029",58.3
149.1,-33.74,1901,8,"063029",121.9
149.1,-33.74,1901,9,"063029",53
149.1,-33.74,1901,10,"063029",117
149.1,-33.74,1901,11,"063029",42.3
149.1,-33.74,1901,12,"063029",0
149.1,-33.74,1902,1,"063029",29.7
149.1,-33.74,1902,2,"063029",5.5
149.1,-33.74,1902,3,"063029",81.2
149.1,-33.74,1902,4,"063029",2.5
149.1,-33.74,1902,5,"063029",2.5
149.1,-33.74,1902,6,"063029",43.9
149.1,-33.74,1902,7,"063029",79.2
149.1,-33.74,1902,8,"063029",47.5
149.1,-33.74,1902,9,"063029",56.7
149.1,-33.74,1902,10,"063029",34.4
149.1,-33.74,1902,11,"063029",47.5
149.1,-33.74,1902,12,"063029",105
149.1,-33.74,1903,1,"063029",46
149.1,-33.74,1903,2,"063029",9
149.1,-33.74,1903,3,"063029",102.4
149.1,-33.74,1903,4,"063029",122.2
149.1,-33.74,1903,5,"063029",50.1
149.1,-33.74,1903,6,"063029",117.4
149.1,-33.74,1903,7,"063029",107.4
149.1,-33.74,1903,8,"063029",37.4
149.1,-33.74,1903,9,"063029",95.1
149.1,-33.74,1903,10,"063029",68.4
149.1,-33.74,1903,11,"063029",16
149.1,-33.74,1903,12,"063029",80.3
149.1,-33.74,1904,1,"063029",138.8
149.1,-33.74,1904,2,"063029",37.9
149.1,-33.74,1904,3,"063029",18.9
149.1,-33.74,1904,4,"063029",23.6
149.1,-33.74,1904,5,"063029",79.3
149.1,-33.74,1904,6,"063029",25.9
149.1,-33.74,1904,7,"063029",137.8
149.1,-33.74,1904,8,"063029",68.6
149.1,-33.74,1904,9,"063029",53
149.1,-33.74,1904,10,"063029",84.2
149.1,-33.74,1904,11,"063029",28.7
149.1,-33.74,1904,12,"063029",40.7
149.1,-33.74,1905,1,"063029",44.8
149.1,-33.74,1905,2,"063029",52.7
149.1,-33.74,1905,3,"063029",30.5
149.1,-33.74,1905,4,"063029",59
149.1,-33.74,1905,5,"063029",100.4
149.1,-33.74,1905,6,"063029",126.6
149.1,-33.74,1905,7,"063029",133.5
149.1,-33.74,1905,8,"063029",54.6
149.1,-33.74,1905,9,"063029",75.8
149.1,-33.74,1905,10,"063029",124.3
149.1,-33.74,1905,11,"063029",15.4
149.1,-33.74,1905,12,"063029",27.5
149.1,-33.74,1906,1,"063029",11.7
149.1,-33.74,1906,2,"063029",20.6
149.1,-33.74,1906,3,"063029",89.7
149.1,-33.74,1906,4,"063029",47.8
149.1,-33.74,1906,5,"063029",56.3
149.1,-33.74,1906,6,"063029",148
149.1,-33.74,1906,7,"063029",71.6
149.1,-33.74,1906,8,"063029",91
149.1,-33.74,1906,9,"063029",129.8
149.1,-33.74,1906,10,"063029",137.3
149.1,-33.74,1906,11,"063029",98.6
149.1,-33.74,1906,12,"063029",55.7
149.1,-33.74,1907,1,"063029",69.2
149.1,-33.74,1907,2,"063029",45.8
149.1,-33.74,1907,3,"063029",43.5
149.1,-33.74,1907,4,"063029",63.6
149.1,-33.74,1907,5,"063029",16
149.1,-33.74,1907,6,"063029",86.5
149.1,-33.74,1907,7,"063029",46.9
149.1,-33.74,1907,8,"063029",79.5
149.1,-33.74,1907,9,"063029",61.7
149.1,-33.74,1907,10,"063029",41.9
149.1,-33.74,1907,11,"063029",97.7
149.1,-33.74,1907,12,"063029",53.6
149.1,-33.74,1908,1,"063029",51.8
149.1,-33.74,1908,2,"063029",170.7
149.1,-33.74,1908,3,"063029",1.8
149.1,-33.74,1908,4,"063029",45.7
149.1,-33.74,1908,5,"063029",63.5
149.1,-33.74,1908,6,"063029",78.8
149.1,-33.74,1908,7,"063029",59
149.1,-33.74,1908,8,"063029",58.6
149.1,-33.74,1908,9,"063029",127.3
149.1,-33.74,1908,10,"063029",19.9
149.1,-33.74,1908,11,"063029",31.5
149.1,-33.74,1908,12,"063029",23.7
149.1,-33.74,1909,1,"063029",80.8
149.1,-33.74,1909,2,"063029",61.8
149.1,-33.74,1909,3,"063029",28.8
149.1,-33.74,1909,4,"063029",45.3
149.1,-33.74,1909,5,"063029",46.2
149.1,-33.74,1909,6,"063029",153.7
149.1,-33.74,1909,7,"063029",51.3
149.1,-33.74,1909,8,"063029",129.8
149.1,-33.74,1909,9,"063029",71.4
149.1,-33.74,1909,10,"063029",61.2
149.1,-33.74,1909,11,"063029",38.3
149.1,-33.74,1909,12,"063029",34.8
149.1,-33.74,1910,1,"063029",93.5
149.1,-33.74,1910,2,"063029",0
149.1,-33.74,1910,3,"063029",72.6
149.1,-33.74,1910,4,"063029",4.1
149.1,-33.74,1910,5,"063029",29.2
149.1,-33.74,1910,6,"063029",103
149.1,-33.74,1910,7,"063029",115.2
149.1,-33.74,1910,8,"063029",24
149.1,-33.74,1910,9,"063029",70.9
149.1,-33.74,1910,10,"063029",49.5
149.1,-33.74,1910,11,"063029",39.4
149.1,-33.74,1910,12,"063029",84.4
149.1,-33.74,1911,1,"063029",121.4
149.1,-33.74,1911,2,"063029",73.6
149.1,-33.74,1911,3,"063029",104.6
149.1,-33.74,1911,4,"063029",17.3
149.1,-33.74,1911,5,"063029",73.3
149.1,-33.74,1911,6,"063029",82.1
149.1,-33.74,1911,7,"063029",58.4
149.1,-33.74,1911,8,"063029",42.6
149.1,-33.74,1911,9,"063029",71.7
149.1,-33.74,1911,10,"063029",26.3
149.1,-33.74,1911,11,"063029",85.5
149.1,-33.74,1911,12,"063029",100.1
149.1,-33.74,1912,1,"063029",33.8
149.1,-33.74,1912,2,"063029",9.4
149.1,-33.74,1912,3,"063029",3.7
149.1,-33.74,1912,4,"063029",7.6
149.1,-33.74,1912,5,"063029",4.3
149.1,-33.74,1912,6,"063029",66.7
149.1,-33.74,1912,7,"063029",162.2
149.1,-33.74,1912,8,"063029",156.7
149.1,-33.74,1912,9,"063029",50.2
149.1,-33.74,1912,10,"063029",60.5
149.1,-33.74,1912,11,"063029",29.5
149.1,-33.74,1912,12,"063029",21.5
149.1,-33.74,1913,1,"063029",43.9
149.1,-33.74,1913,2,"063029",43.6
149.1,-33.74,1913,3,"063029",110.7
149.1,-33.74,1913,4,"063029",26.4
149.1,-33.74,1913,5,"063029",63.9
149.1,-33.74,1913,6,"063029",59.9
149.1,-33.74,1913,7,"063029",19.5
149.1,-33.74,1913,8,"063029",45.3
149.1,-33.74,1913,9,"063029",53.1
149.1,-33.74,1913,10,"063029",81
149.1,-33.74,1913,11,"063029",16.6
149.1,-33.74,1913,12,"063029",20.3
149.1,-33.74,1914,1,"063029",30
149.1,-33.74,1914,2,"063029",15.5
149.1,-33.74,1914,3,"063029",119.9
149.1,-33.74,1914,4,"063029",35.6
149.1,-33.74,1914,5,"063029",61.2
149.1,-33.74,1914,6,"063029",22.3
149.1,-33.74,1914,7,"063029",76.3
149.1,-33.74,1914,8,"063029",1.5
149.1,-33.74,1914,9,"063029",22.3
149.1,-33.74,1914,10,"063029",41.7
149.1,-33.74,1914,11,"063029",70.3
149.1,-33.74,1914,12,"063029",79.8
149.1,-33.74,1915,1,"063029",7.1
149.1,-33.74,1915,2,"063029",42.8
149.1,-33.74,1915,3,"063029",38
149.1,-33.74,1915,4,"063029",24.7
149.1,-33.74,1915,5,"063029",91.7
149.1,-33.74,1915,6,"063029",135.1
149.1,-33.74,1915,7,"063029",89
149.1,-33.74,1915,8,"063029",92
149.1,-33.74,1915,9,"063029",28.4
149.1,-33.74,1915,10,"063029",64.9
149.1,-33.74,1915,11,"063029",4.3
149.1,-33.74,1915,12,"063029",82.7
149.1,-33.74,1916,1,"063029",56.3
149.1,-33.74,1916,2,"063029",15.6
149.1,-33.74,1916,3,"063029",53.3
149.1,-33.74,1916,4,"063029",80.8
149.1,-33.74,1916,5,"063029",10.4
149.1,-33.74,1916,6,"063029",208
149.1,-33.74,1916,7,"063029",152.4
149.1,-33.74,1916,8,"063029",143
149.1,-33.74,1916,9,"063029",56.6
149.1,-33.74,1916,10,"063029",142.8
149.1,-33.74,1916,11,"063029",141.5
149.1,-33.74,1916,12,"063029",113.2
149.1,-33.74,1917,1,"063029",96.4
149.1,-33.74,1917,2,"063029",64.8
149.1,-33.74,1917,3,"063029",16.7
149.1,-33.74,1917,4,"063029",25.9
149.1,-33.74,1917,5,"063029",96.9
149.1,-33.74,1917,6,"063029",93.2
149.1,-33.74,1917,7,"063029",139.6
149.1,-33.74,1917,8,"063029",152.7
149.1,-33.74,1917,9,"063029",90
149.1,-33.74,1917,10,"063029",101.8
149.1,-33.74,1917,11,"063029",79.4
149.1,-33.74,1917,12,"063029",69.7
149.1,-33.74,1918,1,"063029",104.1
149.1,-33.74,1918,2,"063029",46
149.1,-33.74,1918,3,"063029",49.8
149.1,-33.74,1918,4,"063029",50.7
149.1,-33.74,1918,5,"063029",51.3
149.1,-33.74,1918,6,"063029",60.9
149.1,-33.74,1918,7,"063029",67.5
149.1,-33.74,1918,8,"063029",158.9
149.1,-33.74,1918,9,"063029",18.6
149.1,-33.74,1918,10,"063029",40.1
149.1,-33.74,1918,11,"063029",9.4
149.1,-33.74,1918,12,"063029",13.2
149.1,-33.74,1919,1,"063029",21.9
149.1,-33.74,1919,2,"063029",13.2
149.1,-33.74,1919,3,"063029",NA
149.1,-33.74,1919,4,"063029",12.7
149.1,-33.74,1919,5,"063029",72.5
149.1,-33.74,1919,6,"063029",28.7
149.1,-33.74,1919,7,"063029",27.4
149.1,-33.74,1919,8,"063029",51.7
149.1,-33.74,1919,9,"063029",62.7
149.1,-33.74,1919,10,"063029",25.8
149.1,-33.74,1919,11,"063029",11
149.1,-33.74,1919,12,"063029",NA
149.1,-33.74,1920,1,"063029",NA
149.1,-33.74,1920,2,"063029",19.3
149.1,-33.74,1920,3,"063029",50.5
149.1,-33.74,1920,4,"063029",52.5
149.1,-33.74,1920,5,"063029",11.5
149.1,-33.74,1920,6,"063029",132.3
149.1,-33.74,1920,7,"063029",87.6
149.1,-33.74,1920,8,"063029",146.9
149.1,-33.74,1920,9,"063029",85
149.1,-33.74,1920,10,"063029",81
149.1,-33.74,1920,11,"063029",61.5
149.1,-33.74,1920,12,"063029",192.2
149.1,-33.74,1921,1,"063029",40.6
149.1,-33.74,1921,2,"063029",33
149.1,-33.74,1921,3,"063029",58.6
149.1,-33.74,1921,4,"063029",78
149.1,-33.74,1921,5,"063029",103.4
149.1,-33.74,1921,6,"063029",88.1
149.1,-33.74,1921,7,"063029",75.5
149.1,-33.74,1921,8,"063029",52.1
149.1,-33.74,1921,9,"063029",75.2
149.1,-33.74,1921,10,"063029",50.2
149.1,-33.74,1921,11,"063029",39.4
149.1,-33.74,1921,12,"063029",106.3
149.1,-33.74,1922,1,"063029",47.5
149.1,-33.74,1922,2,"063029",29.6
149.1,-33.74,1922,3,"063029",0
149.1,-33.74,1922,4,"063029",49.5
149.1,-33.74,1922,5,"063029",39.2
149.1,-33.74,1922,6,"063029",19.9
149.1,-33.74,1922,7,"063029",142.2
149.1,-33.74,1922,8,"063029",35.8
149.1,-33.74,1922,9,"063029",23.1
149.1,-33.74,1922,10,"063029",49.7
149.1,-33.74,1922,11,"063029",0
149.1,-33.74,1922,12,"063029",107.7
149.1,-33.74,1923,1,"063029",10.2
149.1,-33.74,1923,2,"063029",0
149.1,-33.74,1923,3,"063029",34.2
149.1,-33.74,1923,4,"063029",0
149.1,-33.74,1923,5,"063029",37.8
149.1,-33.74,1923,6,"063029",213.5
149.1,-33.74,1923,7,"063029",180.5
149.1,-33.74,1923,8,"063029",47.7
149.1,-33.74,1923,9,"063029",176.8
149.1,-33.74,1923,10,"063029",97.5
149.1,-33.74,1923,11,"063029",51.3
149.1,-33.74,1923,12,"063029",37.1
149.1,-33.74,1924,1,"063029",27
149.1,-33.74,1924,2,"063029",76.4
149.1,-33.74,1924,3,"063029",2
149.1,-33.74,1924,4,"063029",47.8
149.1,-33.74,1924,5,"063029",39.7
149.1,-33.74,1924,6,"063029",72.6
149.1,-33.74,1924,7,"063029",31.9
149.1,-33.74,1924,8,"063029",57.2
149.1,-33.74,1924,9,"063029",135.4
149.1,-33.74,1924,10,"063029",54.2
149.1,-33.74,1924,11,"063029",128.2
149.1,-33.74,1924,12,"063029",25.6
149.1,-33.74,1925,1,"063029",56.1
149.1,-33.74,1925,2,"063029",42.2
149.1,-33.74,1925,3,"063029",40.9
149.1,-33.74,1925,4,"063029",18.8
149.1,-33.74,1925,5,"063029",65.4
149.1,-33.74,1925,6,"063029",134
149.1,-33.74,1925,7,"063029",93
149.1,-33.74,1925,8,"063029",57.2
149.1,-33.74,1925,9,"063029",20.3
149.1,-33.74,1925,10,"063029",35.6
149.1,-33.74,1925,11,"063029",113.1
149.1,-33.74,1925,12,"063029",29.8
149.1,-33.74,1926,1,"063029",27.4
149.1,-33.74,1926,2,"063029",12.2
149.1,-33.74,1926,3,"063029",182.1
149.1,-33.74,1926,4,"063029",97.2
149.1,-33.74,1926,5,"063029",131.4
149.1,-33.74,1926,6,"063029",67.8
149.1,-33.74,1926,7,"063029",91.1
149.1,-33.74,1926,8,"063029",79.3
149.1,-33.74,1926,9,"063029",88.4
149.1,-33.74,1926,10,"063029",43.4
149.1,-33.74,1926,11,"063029",16.2
149.1,-33.74,1926,12,"063029",98.1
149.1,-33.74,1927,1,"063029",77.8
149.1,-33.74,1927,2,"063029",1.5
149.1,-33.74,1927,3,"063029",44.2
149.1,-33.74,1927,4,"063029",22.1
149.1,-33.74,1927,5,"063029",49.1
149.1,-33.74,1927,6,"063029",23.1
149.1,-33.74,1927,7,"063029",46.1
149.1,-33.74,1927,8,"063029",58.3
149.1,-33.74,1927,9,"063029",63.6
149.1,-33.74,1927,10,"063029",74
149.1,-33.74,1927,11,"063029",72.3
149.1,-33.74,1927,12,"063029",20.3
149.1,-33.74,1928,1,"063029",35.8
149.1,-33.74,1928,2,"063029",229.1
149.1,-33.74,1928,3,"063029",95.1
149.1,-33.74,1928,4,"063029",81.8
149.1,-33.74,1928,5,"063029",49.7
149.1,-33.74,1928,6,"063029",NA
149.1,-33.74,1928,7,"063029",NA
149.1,-33.74,1928,8,"063029",NA
149.1,-33.74,1928,9,"063029",NA
149.1,-33.74,1928,10,"063029",NA
149.1,-33.74,1928,11,"063029",NA
149.1,-33.74,1928,12,"063029",NA
149.1,-33.74,1930,1,"063029",NA
149.1,-33.74,1930,2,"063029",55.6
149.1,-33.74,1930,3,"063029",15.5
149.1,-33.74,1930,4,"063029",48.8
149.1,-33.74,1930,5,"063029",54.1
149.1,-33.74,1930,6,"063029",60.5
149.1,-33.74,1930,7,"063029",84.3
149.1,-33.74,1930,8,"063029",113.8
149.1,-33.74,1930,9,"063029",41.4
149.1,-33.74,1930,10,"063029",164.3
149.1,-33.74,1930,11,"063029",53.1
149.1,-33.74,1930,12,"063029",77
149.1,-33.74,1932,1,"063029",1.3
149.1,-33.74,1932,2,"063029",18.9
149.1,-33.74,1932,3,"063029",116.5
149.1,-33.74,1932,4,"063029",83.8
149.1,-33.74,1932,5,"063029",20.3
149.1,-33.74,1932,6,"063029",108.6
149.1,-33.74,1932,7,"063029",65.8
149.1,-33.74,1932,8,"063029",79.9
149.1,-33.74,1932,9,"063029",41.2
149.1,-33.74,1932,10,"063029",75.3
149.1,-33.74,1932,11,"063029",60.2
149.1,-33.74,1932,12,"063029",34
149.1,-33.74,1933,1,"063029",51.2
149.1,-33.74,1933,2,"063029",0
149.1,-33.74,1933,3,"063029",14.3
149.1,-33.74,1933,4,"063029",36.9
149.1,-33.74,1933,5,"063029",55.2
149.1,-33.74,1933,6,"063029",35.4
149.1,-33.74,1933,7,"063029",113.6
149.1,-33.74,1933,8,"063029",32.8
149.1,-33.74,1933,9,"063029",102.8
149.1,-33.74,1933,10,"063029",42.4
149.1,-33.74,1933,11,"063029",44.7
149.1,-33.74,1933,12,"063029",60.5
149.1,-33.74,1934,1,"063029",76.2
149.1,-33.74,1934,2,"063029",89.3
149.1,-33.74,1934,3,"063029",1.3
149.1,-33.74,1934,4,"063029",53.2
149.1,-33.74,1934,5,"063029",0
149.1,-33.74,1934,6,"063029",50
149.1,-33.74,1934,7,"063029",104.8
149.1,-33.74,1934,8,"063029",102.2
149.1,-33.74,1934,9,"063029",54.8
149.1,-33.74,1934,10,"063029",127.4
149.1,-33.74,1934,11,"063029",153.3
149.1,-33.74,1934,12,"063029",39.2
149.1,-33.74,1935,1,"063029",121.3
149.1,-33.74,1935,2,"063029",32.6
149.1,-33.74,1935,3,"063029",20.5
149.1,-33.74,1935,4,"063029",188
149.1,-33.74,1935,5,"063029",24.2
149.1,-33.74,1935,6,"063029",35.6
149.1,-33.74,1935,7,"063029",101.2
149.1,-33.74,1935,8,"063029",123.2
149.1,-33.74,1935,9,"063029",27.9
149.1,-33.74,1935,10,"063029",94.4
149.1,-33.74,1935,11,"063029",27
149.1,-33.74,1935,12,"063029",91
149.1,-33.74,1936,1,"063029",101.7
149.1,-33.74,1936,2,"063029",86.1
149.1,-33.74,1936,3,"063029",90.7
149.1,-33.74,1936,4,"063029",62.4
149.1,-33.74,1936,5,"063029",64
149.1,-33.74,1936,6,"063029",103.5
149.1,-33.74,1936,7,"063029",149.1
149.1,-33.74,1936,8,"063029",55.7
149.1,-33.74,1936,9,"063029",31.3
149.1,-33.74,1936,10,"063029",56.1
149.1,-33.74,1936,11,"063029",8.5
149.1,-33.74,1936,12,"063029",169.2
149.1,-33.74,1937,1,"063029",86.4
149.1,-33.74,1937,2,"063029",1.3
149.1,-33.74,1937,3,"063029",57.7
149.1,-33.74,1937,4,"063029",27.9
149.1,-33.74,1937,5,"063029",34.5
149.1,-33.74,1937,6,"063029",71.8
149.1,-33.74,1937,7,"063029",14.9
149.1,-33.74,1937,8,"063029",120.7
149.1,-33.74,1937,9,"063029",112.3
149.1,-33.74,1937,10,"063029",84.6
149.1,-33.74,1937,11,"063029",35.2
149.1,-33.74,1937,12,"063029",58.7
149.1,-33.74,1938,1,"063029",115.1
149.1,-33.74,1938,2,"063029",47.6
149.1,-33.74,1938,3,"063029",0.3
149.1,-33.74,1938,4,"063029",53.5
149.1,-33.74,1938,5,"063029",34.8
149.1,-33.74,1938,6,"063029",80.4
149.1,-33.74,1938,7,"063029",110.3
149.1,-33.74,1938,8,"063029",80.9
149.1,-33.74,1938,9,"063029",29.5
149.1,-33.74,1938,10,"063029",101.3
149.1,-33.74,1938,11,"063029",45.3
149.1,-33.74,1938,12,"063029",0
149.1,-33.74,1939,1,"063029",14.5
149.1,-33.74,1939,2,"063029",40.1
149.1,-33.74,1939,3,"063029",197
149.1,-33.74,1939,4,"063029",94.2
149.1,-33.74,1939,5,"063029",9
149.1,-33.74,1939,6,"063029",113.5
149.1,-33.74,1939,7,"063029",90.5
149.1,-33.74,1939,8,"063029",173.8
149.1,-33.74,1939,9,"063029",47.3
149.1,-33.74,1939,10,"063029",119.9
149.1,-33.74,1939,11,"063029",173
149.1,-33.74,1939,12,"063029",30.4
149.1,-33.74,1940,1,"063029",10.2
149.1,-33.74,1940,2,"063029",12.7
149.1,-33.74,1940,3,"063029",7.6
149.1,-33.74,1940,4,"063029",141.2
149.1,-33.74,1940,5,"063029",38.6
149.1,-33.74,1940,6,"063029",29.7
149.1,-33.74,1940,7,"063029",48.3
149.1,-33.74,1940,8,"063029",26.5
149.1,-33.74,1940,9,"063029",120
149.1,-33.74,1940,10,"063029",0
149.1,-33.74,1940,11,"063029",39.8
149.1,-33.74,1940,12,"063029",92.8
149.1,-33.74,1941,1,"063029",208.3
149.1,-33.74,1941,2,"063029",30.6
149.1,-33.74,1941,3,"063029",96.5
149.1,-33.74,1941,4,"063029",3.6
149.1,-33.74,1941,5,"063029",85.9
149.1,-33.74,1941,6,"063029",156.3
149.1,-33.74,1941,7,"063029",57.2
149.1,-33.74,1941,8,"063029",51.8
149.1,-33.74,1941,9,"063029",35.5
149.1,-33.74,1941,10,"063029",63.8
149.1,-33.74,1941,11,"063029",31.8
149.1,-33.74,1941,12,"063029",41.2
149.1,-33.74,1942,1,"063029",0
149.1,-33.74,1942,2,"063029",62.7
149.1,-33.74,1942,3,"063029",41.1
149.1,-33.74,1942,4,"063029",1.8
149.1,-33.74,1942,5,"063029",157.7
149.1,-33.74,1942,6,"063029",147.2
149.1,-33.74,1942,7,"063029",81.1
149.1,-33.74,1942,8,"063029",109.1
149.1,-33.74,1942,9,"063029",94.9
149.1,-33.74,1942,10,"063029",42.8
149.1,-33.74,1942,11,"063029",166.2
149.1,-33.74,1942,12,"063029",46.4
149.1,-33.74,1943,1,"063029",75
149.1,-33.74,1943,2,"063029",29.2
149.1,-33.74,1943,3,"063029",11.7
149.1,-33.74,1943,4,"063029",111.3
149.1,-33.74,1943,5,"063029",143.4
149.1,-33.74,1943,6,"063029",76.4
149.1,-33.74,1943,7,"063029",81.5
149.1,-33.74,1943,8,"063029",93.3
149.1,-33.74,1943,9,"063029",123.5
149.1,-33.74,1943,10,"063029",53.5
149.1,-33.74,1943,11,"063029",91.6
149.1,-33.74,1943,12,"063029",36.9
149.1,-33.74,1944,1,"063029",7.1
149.1,-33.74,1944,2,"063029",7.8
149.1,-33.74,1944,3,"063029",28.7
149.1,-33.74,1944,4,"063029",31.6
149.1,-33.74,1944,5,"063029",112.3
149.1,-33.74,1944,6,"063029",13.4
149.1,-33.74,1944,7,"063029",49.8
149.1,-33.74,1944,8,"063029",29.1
149.1,-33.74,1944,9,"063029",27.3
149.1,-33.74,1944,10,"063029",25.4
149.1,-33.74,1944,11,"063029",48.6
149.1,-33.74,1944,12,"063029",3.3
149.1,-33.74,1945,1,"063029",69.4
149.1,-33.74,1945,2,"063029",56.6
149.1,-33.74,1945,3,"063029",39.6
149.1,-33.74,1945,4,"063029",50.8
149.1,-33.74,1945,5,"063029",105.5
149.1,-33.74,1945,6,"063029",209.3
149.1,-33.74,1945,7,"063029",56.6
149.1,-33.74,1945,8,"063029",148.2
149.1,-33.74,1945,9,"063029",32.9
149.1,-33.74,1945,10,"063029",58.6
149.1,-33.74,1945,11,"063029",46.2
149.1,-33.74,1945,12,"063029",38.2
149.1,-33.74,1946,1,"063029",40.6
149.1,-33.74,1946,2,"063029",101.6
149.1,-33.74,1946,3,"063029",42.9
149.1,-33.74,1946,4,"063029",39.1
149.1,-33.74,1946,5,"063029",25.6
149.1,-33.74,1946,6,"063029",46.3
149.1,-33.74,1946,7,"063029",85.5
149.1,-33.74,1946,8,"063029",43.2
149.1,-33.74,1946,9,"063029",10.1
149.1,-33.74,1946,10,"063029",74.2
149.1,-33.74,1946,11,"063029",78.5
149.1,-33.74,1946,12,"063029",78.7
149.1,-33.74,1947,1,"063029",12.9
149.1,-33.74,1947,2,"063029",42.8
149.1,-33.74,1947,3,"063029",54
149.1,-33.74,1947,4,"063029",37.5
149.1,-33.74,1947,5,"063029",55.1
149.1,-33.74,1947,6,"063029",70.9
149.1,-33.74,1947,7,"063029",142.5
149.1,-33.74,1947,8,"063029",73.5
149.1,-33.74,1947,9,"063029",97.6
149.1,-33.74,1947,10,"063029",93
149.1,-33.74,1947,11,"063029",89.5
149.1,-33.74,1947,12,"063029",216
149.1,-33.74,1948,1,"063029",109
149.1,-33.74,1948,2,"063029",127.4
149.1,-33.74,1948,3,"063029",52.6
149.1,-33.74,1948,4,"063029",127
149.1,-33.74,1948,5,"063029",91.1
149.1,-33.74,1948,6,"063029",86.6
149.1,-33.74,1948,7,"063029",20.8
149.1,-33.74,1948,8,"063029",65
149.1,-33.74,1948,9,"063029",96.6
149.1,-33.74,1948,10,"063029",53.1
149.1,-33.74,1948,11,"063029",42.4
149.1,-33.74,1948,12,"063029",53.1
149.1,-33.74,1949,1,"063029",23.4
149.1,-33.74,1949,2,"063029",37.7
149.1,-33.74,1949,3,"063029",54.6
149.1,-33.74,1949,4,"063029",35.6
149.1,-33.74,1949,5,"063029",61.1
149.1,-33.74,1949,6,"063029",80.2
149.1,-33.74,1949,7,"063029",73.4
149.1,-33.74,1949,8,"063029",19.8
149.1,-33.74,1949,9,"063029",115.7
149.1,-33.74,1949,10,"063029",103
149.1,-33.74,1949,11,"063029",106.9
149.1,-33.74,1949,12,"063029",50.2
149.1,-33.74,1950,1,"063029",83.2
149.1,-33.74,1950,2,"063029",120.7
149.1,-33.74,1950,3,"063029",50
149.1,-33.74,1950,4,"063029",36.3
149.1,-33.74,1950,5,"063029",53.1
149.1,-33.74,1950,6,"063029",73.2
149.1,-33.74,1950,7,"063029",113.5
149.1,-33.74,1950,8,"063029",147.6
149.1,-33.74,1950,9,"063029",NA
149.1,-33.74,1950,10,"063029",NA
149.1,-33.74,1950,11,"063029",NA
149.1,-33.74,1950,12,"063029",NA
149.1,-33.74,1951,1,"063029",39.4
149.1,-33.74,1951,2,"063029",34.4
149.1,-33.74,1951,3,"063029",50
149.1,-33.74,1951,4,"063029",36.3
149.1,-33.74,1951,5,"063029",53
149.1,-33.74,1951,6,"063029",73.2
149.1,-33.74,1951,7,"063029",126.1
149.1,-33.74,1951,8,"063029",147.7
149.1,-33.74,1951,9,"063029",77.3
149.1,-33.74,1951,10,"063029",70.6
149.1,-33.74,1951,11,"063029",45.8
149.1,-33.74,1951,12,"063029",21.8
149.1,-33.74,1952,1,"063029",50.1
149.1,-33.74,1952,2,"063029",16.5
149.1,-33.74,1952,3,"063029",94.3
149.1,-33.74,1952,4,"063029",156.5
149.1,-33.74,1952,5,"063029",128.6
149.1,-33.74,1952,6,"063029",194.6
149.1,-33.74,1952,7,"063029",94.5
149.1,-33.74,1952,8,"063029",48
149.1,-33.74,1952,9,"063029",53.2
149.1,-33.74,1952,10,"063029",148.8
149.1,-33.74,1952,11,"063029",87.8
149.1,-33.74,1952,12,"063029",99.3
149.1,-33.74,1953,1,"063029",73.9
149.1,-33.74,1953,2,"063029",18.8
149.1,-33.74,1953,3,"063029",16.5
149.1,-33.74,1953,4,"063029",15
149.1,-33.74,1953,5,"063029",99.8
149.1,-33.74,1953,6,"063029",62.4
149.1,-33.74,1953,7,"063029",40.5
149.1,-33.74,1953,8,"063029",93.1
149.1,-33.74,1953,9,"063029",57.9
149.1,-33.74,1953,10,"063029",65.3
149.1,-33.74,1953,11,"063029",99.2
149.1,-33.74,1953,12,"063029",28.2
149.1,-33.74,1954,1,"063029",108.1
149.1,-33.74,1954,2,"063029",122.8
149.1,-33.74,1954,3,"063029",0
149.1,-33.74,1954,4,"063029",68.4
149.1,-33.74,1954,5,"063029",10.4
149.1,-33.74,1954,6,"063029",56.2
149.1,-33.74,1954,7,"063029",37.9
149.1,-33.74,1954,8,"063029",31.3
149.1,-33.74,1954,9,"063029",40.7
149.1,-33.74,1954,10,"063029",128.2
149.1,-33.74,1954,11,"063029",190.5
149.1,-33.74,1954,12,"063029",40.1
149.1,-33.74,1955,1,"063029",57.5
149.1,-33.74,1955,2,"063029",152.9
149.1,-33.74,1955,3,"063029",35.1
149.1,-33.74,1955,4,"063029",9.1
149.1,-33.74,1955,5,"063029",87.5
149.1,-33.74,1955,6,"063029",70.9
149.1,-33.74,1955,7,"063029",54.2
149.1,-33.74,1955,8,"063029",135.5
149.1,-33.74,1955,9,"063029",54.6
149.1,-33.74,1955,10,"063029",205.7
149.1,-33.74,1955,11,"063029",137.4
149.1,-33.74,1955,12,"063029",38.1
149.1,-33.74,1956,1,"063029",70.8
149.1,-33.74,1956,2,"063029",155.3
149.1,-33.74,1956,3,"063029",194.4
149.1,-33.74,1956,4,"063029",126.8
149.1,-33.74,1956,5,"063029",106.9
149.1,-33.74,1956,6,"063029",140.8
149.1,-33.74,1956,7,"063029",141.3
149.1,-33.74,1956,8,"063029",94.6
149.1,-33.74,1956,9,"063029",76.3
149.1,-33.74,1956,10,"063029",177.8
149.1,-33.74,1956,11,"063029",25.4
149.1,-33.74,1956,12,"063029",5.3
149.1,-33.74,1957,1,"063029",NA
149.1,-33.74,1957,2,"063029",23.9
149.1,-33.74,1957,3,"063029",30.7
149.1,-33.74,1957,4,"063029",27.9
149.1,-33.74,1957,5,"063029",NA
149.1,-33.74,1957,6,"063029",NA
149.1,-33.74,1957,7,"063029",NA
149.1,-33.74,1957,8,"063029",NA
149.1,-33.74,1957,9,"063029",NA
149.1,-33.74,1957,10,"063029",NA
149.1,-33.74,1957,11,"063029",NA
149.1,-33.74,1957,12,"063029",NA
149.1,-33.74,1958,1,"063029",NA
149.1,-33.74,1958,2,"063029",NA
149.1,-33.74,1958,3,"063029",NA
149.1,-33.74,1958,4,"063029",NA
149.1,-33.74,1958,5,"063029",NA
149.1,-33.74,1958,6,"063029",NA
149.1,-33.74,1958,7,"063029",NA
149.1,-33.74,1958,8,"063029",100
149.1,-33.74,1958,9,"063029",NA
149.1,-33.74,1958,10,"063029",139.9
149.1,-33.74,1958,11,"063029",43.9
149.1,-33.74,1958,12,"063029",14.7
149.1,-33.74,1959,1,"063029",81.8
149.1,-33.74,1959,2,"063029",109.1
149.1,-33.74,1959,3,"063029",43.2
149.1,-33.74,1959,4,"063029",146.1
149.1,-33.74,1959,5,"063029",19.1
149.1,-33.74,1959,6,"063029",89.9
149.1,-33.74,1959,7,"063029",NA
149.1,-33.74,1959,8,"063029",NA
149.1,-33.74,1959,9,"063029",NA
149.1,-33.74,1959,10,"063029",NA
149.1,-33.74,1959,11,"063029",NA
149.1,-33.74,1959,12,"063029",NA
149.1,-33.74,1960,1,"063029",0
149.1,-33.74,1960,2,"063029",NA
149.1,-33.74,1960,3,"063029",NA
149.1,-33.74,1960,4,"063029",NA
149.1,-33.74,1960,5,"063029",85.5
149.1,-33.74,1960,6,"063029",NA
149.1,-33.74,1960,7,"063029",NA
149.1,-33.74,1960,8,"063029",NA
149.1,-33.74,1960,9,"063029",NA
149.1,-33.74,1960,10,"063029",NA
149.1,-33.74,1960,11,"063029",NA
149.1,-33.74,1960,12,"063029",NA
149.1,-33.74,1964,1,"063029",83.2
149.1,-33.74,1964,2,"063029",9.4
149.1,-33.74,1964,3,"063029",14.8
149.1,-33.74,1964,4,"063029",82.6
149.1,-33.74,1964,5,"063029",59.4
149.1,-33.74,1964,6,"063029",111.2
149.1,-33.74,1964,7,"063029",148.1
149.1,-33.74,1964,8,"063029",85.8
149.1,-33.74,1964,9,"063029",145.3
149.1,-33.74,1964,10,"063029",137.2
149.1,-33.74,1964,11,"063029",57.2
149.1,-33.74,1964,12,"063029",23.2
149.1,-33.74,1965,1,"063029",0
149.1,-33.74,1965,2,"063029",0
149.1,-33.74,1965,3,"063029",9.6
149.1,-33.74,1965,4,"063029",47.1
149.1,-33.74,1965,5,"063029",45
149.1,-33.74,1965,6,"063029",20.7
149.1,-33.74,1965,7,"063029",52.3
149.1,-33.74,1965,8,"063029",85.6
149.1,-33.74,1965,9,"063029",58
149.1,-33.74,1965,10,"063029",117.6
149.1,-33.74,1965,11,"063029",53.4
149.1,-33.74,1965,12,"063029",142.5
149.1,-33.74,1966,1,"063029",28.9
149.1,-33.74,1966,2,"063029",24.2
149.1,-33.74,1966,3,"063029",86.6
149.1,-33.74,1966,4,"063029",21.3
149.1,-33.74,1966,5,"063029",41.2
149.1,-33.74,1966,6,"063029",82.3
149.1,-33.74,1966,7,"063029",85.7
149.1,-33.74,1966,8,"063029",108.6
149.1,-33.74,1966,9,"063029",93.3
149.1,-33.74,1966,10,"063029",209.9
149.1,-33.74,1966,11,"063029",134.2
149.1,-33.74,1966,12,"063029",106.9
149.1,-33.74,1967,1,"063029",48.7
149.1,-33.74,1967,2,"063029",12.4
149.1,-33.74,1967,3,"063029",15.1
149.1,-33.74,1967,4,"063029",0
149.1,-33.74,1967,5,"063029",48.3
149.1,-33.74,1967,6,"063029",40.7
149.1,-33.74,1967,7,"063029",19.9
149.1,-33.74,1967,8,"063029",144.1
149.1,-33.74,1967,9,"063029",51.8
149.1,-33.74,1967,10,"063029",39
149.1,-33.74,1967,11,"063029",40.9
149.1,-33.74,1967,12,"063029",30.5
149.1,-33.74,1968,1,"063029",100.1
149.1,-33.74,1968,2,"063029",0.8
149.1,-33.74,1968,3,"063029",34.5
149.1,-33.74,1968,4,"063029",93.6
149.1,-33.74,1968,5,"063029",259.8
149.1,-33.74,1968,6,"063029",73.5
149.1,-33.74,1968,7,"063029",67.9
149.1,-33.74,1968,8,"063029",95.4
149.1,-33.74,1968,9,"063029",56.9
149.1,-33.74,1968,10,"063029",103.4
149.1,-33.74,1968,11,"063029",72.2
149.1,-33.74,1968,12,"063029",118.8
149.1,-33.74,1969,1,"063029",46.2
149.1,-33.74,1969,2,"063029",115.9
149.1,-33.74,1969,3,"063029",142.9
149.1,-33.74,1969,4,"063029",80.3
149.1,-33.74,1969,5,"063029",116.1
149.1,-33.74,1969,6,"063029",45.8
149.1,-33.74,1969,7,"063029",84.4
149.1,-33.74,1969,8,"063029",76.2
149.1,-33.74,1969,9,"063029",65.4
149.1,-33.74,1969,10,"063029",112.9
149.1,-33.74,1969,11,"063029",74
149.1,-33.74,1969,12,"063029",24.1
149.1,-33.74,1970,1,"063029",97.7
149.1,-33.74,1970,2,"063029",25.1
149.1,-33.74,1970,3,"063029",49.3
149.1,-33.74,1970,4,"063029",80.9
149.1,-33.74,1970,5,"063029",97.9
149.1,-33.74,1970,6,"063029",49.7
149.1,-33.74,1970,7,"063029",24.3
149.1,-33.74,1970,8,"063029",90.8
149.1,-33.74,1970,9,"063029",90.4
149.1,-33.74,1970,10,"063029",107.9
149.1,-33.74,1970,11,"063029",83.2
149.1,-33.74,1970,12,"063029",90.7
149.1,-33.74,1971,1,"063029",127
149.1,-33.74,1971,2,"063029",42.7
149.1,-33.74,1971,3,"063029",7.4
149.1,-33.74,1971,4,"063029",44.1
149.1,-33.74,1971,5,"063029",74.4
149.1,-33.74,1971,6,"063029",42.1
149.1,-33.74,1971,7,"063029",105.8
149.1,-33.74,1971,8,"063029",118.3
149.1,-33.74,1971,9,"063029",102.7
149.1,-33.74,1971,10,"063029",19.3
149.1,-33.74,1971,11,"063029",153
149.1,-33.74,1971,12,"063029",163.4
149.1,-33.74,1972,1,"063029",189.9
149.1,-33.74,1972,2,"063029",41.9
149.1,-33.74,1972,3,"063029",7.6
149.1,-33.74,1972,4,"063029",15
149.1,-33.74,1972,5,"063029",35
149.1,-33.74,1972,6,"063029",5.6
149.1,-33.74,1972,7,"063029",50.3
149.1,-33.74,1972,8,"063029",97.2
149.1,-33.74,1972,9,"063029",22.3
149.1,-33.74,1972,10,"063029",43.5
149.1,-33.74,1972,11,"063029",NA
149.1,-33.74,1972,12,"063029",41.2
149.1,-33.74,1973,1,"063029",82.9
149.1,-33.74,1973,2,"063029",229.6
149.1,-33.74,1973,3,"063029",50
149.1,-33.74,1973,4,"063029",79.3
149.1,-33.74,1973,5,"063029",34.7
149.1,-33.74,1973,6,"063029",147.4
149.1,-33.74,1973,7,"063029",98.2
149.1,-33.74,1973,8,"063029",141.6
149.1,-33.74,1973,9,"063029",53.8
149.1,-33.74,1973,10,"063029",139.2
149.1,-33.74,1973,11,"063029",169.6
149.1,-33.74,1973,12,"063029",130.8
149.1,-33.74,1974,1,"063029",58
149.1,-33.74,1974,2,"063029",196.6
149.1,-33.74,1974,3,"063029",35.6
149.1,-33.74,1974,4,"063029",157.6
149.1,-33.74,1974,5,"063029",145.2
149.1,-33.74,1974,6,"063029",21.6
149.1,-33.74,1974,7,"063029",172
149.1,-33.74,1974,8,"063029",94.5
149.1,-33.74,1974,9,"063029",110.7
149.1,-33.74,1974,10,"063029",125.4
149.1,-33.74,1974,11,"063029",25.6
149.1,-33.74,1974,12,"063029",3.2
149.1,-33.74,1975,1,"063029",83.8
149.1,-33.74,1975,2,"063029",92.8
149.1,-33.74,1975,3,"063029",59.8
149.1,-33.74,1975,4,"063029",57.6
149.1,-33.74,1975,5,"063029",46.6
149.1,-33.74,1975,6,"063029",108.6
149.1,-33.74,1975,7,"063029",51.4
149.1,-33.74,1975,8,"063029",104
149.1,-33.74,1975,9,"063029",133.6
149.1,-33.74,1975,10,"063029",156
149.1,-33.74,1975,11,"063029",22.4
149.1,-33.74,1975,12,"063029",42.2
149.1,-33.74,1976,1,"063029",208.2
149.1,-33.74,1976,2,"063029",121.8
149.1,-33.74,1976,3,"063029",60.2
149.1,-33.74,1976,4,"063029",47.8
149.1,-33.74,1976,5,"063029",10.4
149.1,-33.74,1976,6,"063029",29
149.1,-33.74,1976,7,"063029",78.4
149.1,-33.74,1976,8,"063029",62.6
149.1,-33.74,1976,9,"063029",138.2
149.1,-33.74,1976,10,"063029",170.6
149.1,-33.74,1976,11,"063029",68.2
149.1,-33.74,1976,12,"063029",21
149.1,-33.74,1977,1,"063029",20.6
149.1,-33.74,1977,2,"063029",66.4
149.1,-33.74,1977,3,"063029",85.2
149.1,-33.74,1977,4,"063029",55
149.1,-33.74,1977,5,"063029",162.6
149.1,-33.74,1977,6,"063029",135.8
149.1,-33.74,1977,7,"063029",73.6
149.1,-33.74,1977,8,"063029",39.4
149.1,-33.74,1977,9,"063029",81.6
149.1,-33.74,1977,10,"063029",17.6
149.1,-33.74,1977,11,"063029",12.4
149.1,-33.74,1977,12,"063029",18.2
149.1,-33.74,1978,1,"063029",267.8
149.1,-33.74,1978,2,"063029",0.4
149.1,-33.74,1978,3,"063029",112.6
149.1,-33.74,1978,4,"063029",18.8
149.1,-33.74,1978,5,"063029",106.6
149.1,-33.74,1978,6,"063029",91.2
149.1,-33.74,1978,7,"063029",132.4
149.1,-33.74,1978,8,"063029",70.4
149.1,-33.74,1978,9,"063029",166.2
149.1,-33.74,1978,10,"063029",62.2
149.1,-33.74,1978,11,"063029",95.2
149.1,-33.74,1978,12,"063029",93.2
149.1,-33.74,1979,1,"063029",11.6
149.1,-33.74,1979,2,"063029",12.6
149.1,-33.74,1979,3,"063029",64.8
149.1,-33.74,1979,4,"063029",72
149.1,-33.74,1979,5,"063029",62.4
149.1,-33.74,1979,6,"063029",10
149.1,-33.74,1979,7,"063029",19.8
149.1,-33.74,1979,8,"063029",29.4
149.1,-33.74,1979,9,"063029",131
149.1,-33.74,1979,10,"063029",45.4
149.1,-33.74,1979,11,"063029",47.6
149.1,-33.74,1979,12,"063029",0
149.1,-33.74,1980,1,"063029",110.6
149.1,-33.74,1980,2,"063029",40.4
149.1,-33.74,1980,3,"063029",32.6
149.1,-33.74,1980,4,"063029",16.4
149.1,-33.74,1980,5,"063029",77.2
149.1,-33.74,1980,6,"063029",99
149.1,-33.74,1980,7,"063029",104.8
149.1,-33.74,1980,8,"063029",33.6
149.1,-33.74,1980,9,"063029",56.8
149.1,-33.74,1980,10,"063029",56.3
149.1,-33.74,1980,11,"063029",16.8
149.1,-33.74,1980,12,"063029",56.8
149.1,-33.74,1981,1,"063029",37.2
149.1,-33.74,1981,2,"063029",117.6
149.1,-33.74,1981,3,"063029",0
149.1,-33.74,1981,4,"063029",12.2
149.1,-33.74,1981,5,"063029",79.4
149.1,-33.74,1981,6,"063029",190.4
149.1,-33.74,1981,7,"063029",165.8
149.1,-33.74,1981,8,"063029",113.8
149.1,-33.74,1981,9,"063029",113.8
149.1,-33.74,1981,10,"063029",71
149.1,-33.74,1981,11,"063029",80.6
149.1,-33.74,1981,12,"063029",74.4
149.1,-33.74,1982,1,"063029",39.6
149.1,-33.74,1982,2,"063029",62.8
149.1,-33.74,1982,3,"063029",32.2
149.1,-33.74,1982,4,"063029",11.4
149.1,-33.74,1982,5,"063029",23.4
149.1,-33.74,1982,6,"063029",46.4
149.1,-33.74,1982,7,"063029",28.6
149.1,-33.74,1982,8,"063029",6.4
149.1,-33.74,1982,9,"063029",70.6
149.1,-33.74,1982,10,"063029",20.8
149.1,-33.74,1982,11,"063029",14.3
149.1,-33.74,1982,12,"063029",16
149.1,-33.74,1983,1,"063029",66.6
149.1,-33.74,1983,2,"063029",40.2
149.1,-33.74,1983,3,"063029",64.6
149.1,-33.74,1983,4,"063029",61.4
149.1,-33.74,1983,5,"063029",89
149.1,-33.74,1983,6,"063029",32
149.1,-33.74,1983,7,"063029",72.2
149.1,-33.74,1983,8,"063029",44.4
149.1,-33.74,1983,9,"063029",87.4
149.1,-33.74,1983,10,"063029",78
149.1,-33.74,1983,11,"063029",99.2
149.1,-33.74,1983,12,"063029",161.2
149.1,-33.74,1984,1,"063029",236.6
149.1,-33.74,1984,2,"063029",56.1
149.1,-33.74,1984,3,"063029",34
149.1,-33.74,1984,4,"063029",83.6
149.1,-33.74,1984,5,"063029",43.6
149.1,-33.74,1984,6,"063029",22.8
149.1,-33.74,1984,7,"063029",214.4
149.1,-33.74,1984,8,"063029",117.2
149.1,-33.74,1984,9,"063029",101.8
149.1,-33.74,1984,10,"063029",96.8
149.1,-33.74,1984,11,"063029",52.8
149.1,-33.74,1984,12,"063029",28.6
149.1,-33.74,1985,1,"063029",7.4
149.1,-33.74,1985,2,"063029",27.2
149.1,-33.74,1985,3,"063029",78.4
149.1,-33.74,1985,4,"063029",42.9
149.1,-33.74,1985,5,"063029",69.2
149.1,-33.74,1985,6,"063029",58.6
149.1,-33.74,1985,7,"063029",39.6
149.1,-33.74,1985,8,"063029",149.4
149.1,-33.74,1985,9,"063029",99
149.1,-33.74,1985,10,"063029",109.4
149.1,-33.74,1985,11,"063029",98.2
149.1,-33.74,1985,12,"063029",117.4
149.1,-33.74,1986,1,"063029",60.8
149.1,-33.74,1986,2,"063029",0
149.1,-33.74,1986,3,"063029",7
149.1,-33.74,1986,4,"063029",27
149.1,-33.74,1986,5,"063029",83.2
149.1,-33.74,1986,6,"063029",51.6
149.1,-33.74,1986,7,"063029",145.4
149.1,-33.74,1986,8,"063029",101.4
149.1,-33.74,1986,9,"063029",158
149.1,-33.74,1986,10,"063029",109.6
149.1,-33.74,1986,11,"063029",87.6
149.1,-33.74,1986,12,"063029",14.4
149.1,-33.74,1987,1,"063029",42.6
149.1,-33.74,1987,2,"063029",30.8
149.1,-33.74,1987,3,"063029",159.6
149.1,-33.74,1987,4,"063029",8.8
149.1,-33.74,1987,5,"063029",109
149.1,-33.74,1987,6,"063029",110.8
149.1,-33.74,1987,7,"063029",44.2
149.1,-33.74,1987,8,"063029",133.6
149.1,-33.74,1987,9,"063029",41
149.1,-33.74,1987,10,"063029",80
149.1,-33.74,1987,11,"063029",120.2
149.1,-33.74,1987,12,"063029",117.8
149.1,-33.74,1988,1,"063029",90.2
149.1,-33.74,1988,2,"063029",7.8
149.1,-33.74,1988,3,"063029",26
149.1,-33.74,1988,4,"063029",74.4
149.1,-33.74,1988,5,"063029",87.6
149.1,-33.74,1988,6,"063029",71.8
149.1,-33.74,1988,7,"063029",90
149.1,-33.74,1988,8,"063029",99.4
149.1,-33.74,1988,9,"063029",129
149.1,-33.74,1988,10,"063029",31.2
149.1,-33.74,1988,11,"063029",86
149.1,-33.74,1988,12,"063029",135.4
149.1,-33.74,1989,1,"063029",51
149.1,-33.74,1989,2,"063029",12
149.1,-33.74,1989,3,"063029",100.2
149.1,-33.74,1989,4,"063029",87.8
149.1,-33.74,1989,5,"063029",86.8
149.1,-33.74,1989,6,"063029",82.6
149.1,-33.74,1989,7,"063029",94.4
149.1,-33.74,1989,8,"063029",111.8
149.1,-33.74,1989,9,"063029",64.2
149.1,-33.74,1989,10,"063029",45.6
149.1,-33.74,1989,11,"063029",37
149.1,-33.74,1989,12,"063029",40.8
149.1,-33.74,1990,1,"063029",70.6
149.1,-33.74,1990,2,"063029",149.2
149.1,-33.74,1990,3,"063029",12.2
149.1,-33.74,1990,4,"063029",261.2
149.1,-33.74,1990,5,"063029",96.8
149.1,-33.74,1990,6,"063029",59.8
149.1,-33.74,1990,7,"063029",150.4
149.1,-33.74,1990,8,"063029",197.2
149.1,-33.74,1990,9,"063029",39.6
149.1,-33.74,1990,10,"063029",33.2
149.1,-33.74,1990,11,"063029",45.6
149.1,-33.74,1990,12,"063029",31.2
149.1,-33.74,1991,1,"063029",61.4
149.1,-33.74,1991,2,"063029",48.8
149.1,-33.74,1991,3,"063029",45
149.1,-33.74,1991,4,"063029",20.6
149.1,-33.74,1991,5,"063029",26.4
149.1,-33.74,1991,6,"063029",113.2
149.1,-33.74,1991,7,"063029",109
149.1,-33.74,1991,8,"063029",146
149.1,-33.74,1991,9,"063029",107.5
149.1,-33.74,1991,10,"063029",12.2
149.1,-33.74,1991,11,"063029",59.2
149.1,-33.74,1991,12,"063029",63.6
149.1,-33.74,1992,1,"063029",151.6
149.1,-33.74,1992,2,"063029",149.4
149.1,-33.74,1992,3,"063029",34.8
149.1,-33.74,1992,4,"063029",46.1
149.1,-33.74,1992,5,"063029",45.6
149.1,-33.74,1992,6,"063029",75.6
149.1,-33.74,1992,7,"063029",70.8
149.1,-33.74,1992,8,"063029",158.6
149.1,-33.74,1992,9,"063029",113
149.1,-33.74,1992,10,"063029",146.4
149.1,-33.74,1992,11,"063029",89
149.1,-33.74,1992,12,"063029",150.4
149.1,-33.74,1993,1,"063029",36.4
149.1,-33.74,1993,2,"063029",27.4
149.1,-33.74,1993,3,"063029",73
149.1,-33.74,1993,4,"063029",10
149.1,-33.74,1993,5,"063029",46
149.1,-33.74,1993,6,"063029",55
149.1,-33.74,1993,7,"063029",140
149.1,-33.74,1993,8,"063029",60
149.1,-33.74,1993,9,"063029",114
149.1,-33.74,1993,10,"063029",134
149.1,-33.74,1993,11,"063029",105
149.1,-33.74,1993,12,"063029",65
149.1,-33.74,1994,1,"063029",16
149.1,-33.74,1994,2,"063029",134
149.1,-33.74,1994,3,"063029",48
149.1,-33.74,1994,4,"063029",61
149.1,-33.74,1994,5,"063029",16
149.1,-33.74,1994,6,"063029",48
149.1,-33.74,1994,7,"063029",33.7
149.1,-33.74,1994,8,"063029",27.2
149.1,-33.74,1994,9,"063029",30.4
149.1,-33.74,1994,10,"063029",51.6
149.1,-33.74,1994,11,"063029",158.1
149.1,-33.74,1994,12,"063029",68.1
149.1,-33.74,1995,1,"063029",226
149.1,-33.74,1995,2,"063029",4.8
149.1,-33.74,1995,3,"063029",5
149.1,-33.74,1995,4,"063029",24.2
149.1,-33.74,1995,5,"063029",148.8
149.1,-33.74,1995,6,"063029",84
149.1,-33.74,1995,7,"063029",135.4
149.1,-33.74,1995,8,"063029",13.8
149.1,-33.74,1995,9,"063029",87.2
149.1,-33.74,1995,10,"063029",36.2
149.1,-33.74,1995,11,"063029",103.1
149.1,-33.74,1995,12,"063029",91.2
149.1,-33.74,1996,1,"063029",152.1
149.1,-33.74,1996,2,"063029",61
149.1,-33.74,1996,3,"063029",40.2
149.1,-33.74,1996,4,"063029",15.6
149.1,-33.74,1996,5,"063029",30.2
149.1,-33.74,1996,6,"063029",112.6
149.1,-33.74,1996,7,"063029",139.6
149.1,-33.74,1996,8,"063029",117.7
149.1,-33.74,1996,9,"063029",129
149.1,-33.74,1996,10,"063029",127
149.1,-33.74,1996,11,"063029",46.5
149.1,-33.74,1996,12,"063029",103.8
149.1,-33.74,1997,1,"063029",46.6
149.1,-33.74,1997,2,"063029",76.8
149.1,-33.74,1997,3,"063029",20.6
149.1,-33.74,1997,4,"063029",1.8
149.1,-33.74,1997,5,"063029",70.4
149.1,-33.74,1997,6,"063029",52
149.1,-33.74,1997,7,"063029",41.6
149.1,-33.74,1997,8,"063029",56.4
149.1,-33.74,1997,9,"063029",109.5
149.1,-33.74,1997,10,"063029",25.2
149.1,-33.74,1997,11,"063029",28.2
149.1,-33.74,1997,12,"063029",95.2
149.1,-33.74,1998,1,"063029",69.8
149.1,-33.74,1998,2,"063029",41.6
149.1,-33.74,1998,3,"063029",0.4
149.1,-33.74,1998,4,"063029",90.4
149.1,-33.74,1998,5,"063029",49.4
149.1,-33.74,1998,6,"063029",197
149.1,-33.74,1998,7,"063029",123
149.1,-33.74,1998,8,"063029",148
149.1,-33.74,1998,9,"063029",108.4
149.1,-33.74,1998,10,"063029",117.6
149.1,-33.74,1998,11,"063029",86.8
149.1,-33.74,1998,12,"063029",9.8
149.1,-33.74,1999,1,"063029",50.4
149.1,-33.74,1999,2,"063029",8.2
149.1,-33.74,1999,3,"063029",116.8
149.1,-33.74,1999,4,"063029",21.4
149.1,-33.74,1999,5,"063029",29.2
149.1,-33.74,1999,6,"063029",87.8
149.1,-33.74,1999,7,"063029",46.6
149.1,-33.74,1999,8,"063029",98.6
149.1,-33.74,1999,9,"063029",41.2
149.1,-33.74,1999,10,"063029",272.2
149.1,-33.74,1999,11,"063029",39.8
149.1,-33.74,1999,12,"063029",105.9
149.1,-33.74,2000,1,"063029",30.5
149.1,-33.74,2000,2,"063029",9.8
149.1,-33.74,2000,3,"063029",133.8
149.1,-33.74,2000,4,"063029",44.4
149.1,-33.74,2000,5,"063029",88.2
149.1,-33.74,2000,6,"063029",96.6
149.1,-33.74,2000,7,"063029",55.2
149.1,-33.74,2000,8,"063029",139.2
149.1,-33.74,2000,9,"063029",73
149.1,-33.74,2000,10,"063029",122.4
149.1,-33.74,2000,11,"063029",109.4
149.1,-33.74,2000,12,"063029",29.8
149.1,-33.74,2001,1,"063029",19
149.1,-33.74,2001,2,"063029",72.6
149.1,-33.74,2001,3,"063029",49.5
149.1,-33.74,2001,4,"063029",NA
149.1,-33.74,2001,5,"063029",20.4
149.1,-33.74,2001,6,"063029",88.6
149.1,-33.74,2001,7,"063029",70.8
149.1,-33.74,2001,8,"063029",114.8
149.1,-33.74,2001,9,"063029",68.2
149.1,-33.74,2001,10,"063029",82.9
149.1,-33.74,2001,11,"063029",50.8
149.1,-33.74,2001,12,"063029",17.4
149.1,-33.74,2002,1,"063029",23.8
149.1,-33.74,2002,2,"063029",194.2
149.1,-33.74,2002,3,"063029",31.4
149.1,-33.74,2002,4,"063029",24.6
149.1,-33.74,2002,5,"063029",78
149.1,-33.74,2002,6,"063029",42.6
149.1,-33.74,2002,7,"063029",53.8
149.1,-33.74,2002,8,"063029",27.4
149.1,-33.74,2002,9,"063029",57.8
149.1,-33.74,2002,10,"063029",0.6
149.1,-33.74,2002,11,"063029",12.4
149.1,-33.74,2002,12,"063029",46.6
149.1,-33.74,2003,1,"063029",33.4
149.1,-33.74,2003,2,"063029",94.6
149.1,-33.74,2003,3,"063029",31.4
149.1,-33.74,2003,4,"063029",30.2
149.1,-33.74,2003,5,"063029",22.6
149.1,-33.74,2003,6,"063029",102
149.1,-33.74,2003,7,"063029",72.8
149.1,-33.74,2003,8,"063029",103.6
149.1,-33.74,2003,9,"063029",58.8
149.1,-33.74,2003,10,"063029",74
149.1,-33.74,2003,11,"063029",68.8
149.1,-33.74,2003,12,"063029",70.8
149.1,-33.74,2004,1,"063029",69.5
149.1,-33.74,2004,2,"063029",62
149.1,-33.74,2004,3,"063029",28.6
149.1,-33.74,2004,4,"063029",8
149.1,-33.74,2004,5,"063029",42.4
149.1,-33.74,2004,6,"063029",117.4
149.1,-33.74,2004,7,"063029",62.4
149.1,-33.74,2004,8,"063029",104.8
149.1,-33.74,2004,9,"063029",74
149.1,-33.74,2004,10,"063029",56.2
149.1,-33.74,2004,11,"063029",103.2
149.1,-33.74,2004,12,"063029",69.6
149.1,-33.74,2005,1,"063029",96.6
149.1,-33.74,2005,2,"063029",80.6
149.1,-33.74,2005,3,"063029",28
149.1,-33.74,2005,4,"063029",7
149.1,-33.74,2005,5,"063029",2.4
149.1,-33.74,2005,6,"063029",97.4
149.1,-33.74,2005,7,"063029",112.4
149.1,-33.74,2005,8,"063029",70.2
149.1,-33.74,2005,9,"063029",169.4
149.1,-33.74,2005,10,"063029",77.8
149.1,-33.74,2005,11,"063029",101
149.1,-33.74,2005,12,"063029",43.8
149.1,-33.74,2006,1,"063029",96.4
149.1,-33.74,2006,2,"063029",17.2
149.1,-33.74,2006,3,"063029",14.8
149.1,-33.74,2006,4,"063029",8.8
149.1,-33.74,2006,5,"063029",14
149.1,-33.74,2006,6,"063029",44.8
149.1,-33.74,2006,7,"063029",77.7
149.1,-33.74,2006,8,"063029",11.4
149.1,-33.74,2006,9,"063029",35.2
149.1,-33.74,2006,10,"063029",0
149.1,-33.74,2006,11,"063029",12.4
149.1,-33.74,2006,12,"063029",NA
149.1,-33.74,2007,1,"063029",37.6
149.1,-33.74,2007,2,"063029",41.4
149.1,-33.74,2007,3,"063029",36
149.1,-33.74,2007,4,"063029",39.4
149.1,-33.74,2007,5,"063029",76.4
149.1,-33.74,2007,6,"063029",130.8
149.1,-33.74,2007,7,"063029",64.6
149.1,-33.74,2007,8,"063029",33.2
149.1,-33.74,2007,9,"063029",16.2
149.1,-33.74,2007,10,"063029",12.6
149.1,-33.74,2007,11,"063029",133.2
149.1,-33.74,2007,12,"063029",96.2
149.1,-33.74,2008,1,"063029",57.6
149.1,-33.74,2008,2,"063029",87
149.1,-33.74,2008,3,"063029",35.6
149.1,-33.74,2008,4,"063029",24.4
149.1,-33.74,2008,5,"063029",28.6
149.1,-33.74,2008,6,"063029",46.4
149.1,-33.74,2008,7,"063029",73.2
149.1,-33.74,2008,8,"063029",NA
149.1,-33.74,2008,9,"063029",94.2
149.1,-33.74,2008,10,"063029",75.2
149.1,-33.74,2008,11,"063029",137.6
149.1,-33.74,2008,12,"063029",100.8
149.1,-33.74,2009,1,"063029",17.8
149.1,-33.74,2009,2,"063029",58.6
149.1,-33.74,2009,3,"063029",52
149.1,-33.74,2009,4,"063029",76.4
149.1,-33.74,2009,5,"063029",20.4
149.1,-33.74,2009,6,"063029",92.8
149.1,-33.74,2009,7,"063029",90.6
149.1,-33.74,2009,8,"063029",34
149.1,-33.74,2009,9,"063029",69.8
149.1,-33.74,2009,10,"063029",39
149.1,-33.74,2009,11,"063029",NA
149.1,-33.74,2009,12,"063029",88.8
149.1,-33.74,2010,1,"063029",32.8
149.1,-33.74,2010,2,"063029",106.4
149.1,-33.74,2010,3,"063029",58.4
149.1,-33.74,2010,4,"063029",62.2
149.1,-33.74,2010,5,"063029",66.2
149.1,-33.74,2010,6,"063029",41.8
149.1,-33.74,2010,7,"063029",129.2
149.1,-33.74,2010,8,"063029",186.8
149.1,-33.74,2010,9,"063029",73.6
149.1,-33.74,2010,10,"063029",74.6
149.1,-33.74,2010,11,"063029",144.2
149.1,-33.74,2010,12,"063029",178.2
149.1,-33.74,2011,1,"063029",16.8
149.1,-33.74,2011,2,"063029",100.6
149.1,-33.74,2011,3,"063029",86.8
149.1,-33.74,2011,4,"063029",34.8
149.1,-33.74,2011,5,"063029",64
149.1,-33.74,2011,6,"063029",41.4
149.1,-33.74,2011,7,"063029",62
149.1,-33.74,2011,8,"063029",73.4
149.1,-33.74,2011,9,"063029",45.8
149.1,-33.74,2011,10,"063029",53.8
149.1,-33.74,2011,11,"063029",139.2
149.1,-33.74,2011,12,"063029",111
149.1,-33.74,2012,1,"063029",130.2
149.1,-33.74,2012,2,"063029",NA
149.1,-33.74,2012,3,"063029",267.8
149.1,-33.74,2012,4,"063029",15.4
149.1,-33.74,2012,5,"063029",43.8
149.1,-33.74,2012,6,"063029",89.8
149.1,-33.74,2012,7,"063029",64.8
149.1,-33.74,2012,8,"063029",71.4
149.1,-33.74,2012,9,"063029",87.6
149.1,-33.74,2012,10,"063029",36.2
149.1,-33.74,2012,11,"063029",39.8
149.1,-33.74,2012,12,"063029",30.4
149.1,-33.74,2013,1,"063029",25.4
149.1,-33.74,2013,2,"063029",56.2
149.1,-33.74,2013,3,"063029",106
149.1,-33.74,2013,4,"063029",4.4
149.1,-33.74,2013,5,"063029",28.4
149.1,-33.74,2013,6,"063029",189
149.1,-33.74,2013,7,"063029",61.6
149.1,-33.74,2013,8,"063029",67.2
149.1,-33.74,2013,9,"063029",38.8
149.1,-33.74,2013,10,"063029",23.4
149.1,-33.74,2013,11,"063029",121.6
149.1,-33.74,2013,12,"063029",47.6
149.1,-33.74,2014,1,"063029",22.2
149.1,-33.74,2014,2,"063029",83.2
149.1,-33.74,2014,3,"063029",90.6
149.1,-33.74,2014,4,"063029",55.6
149.1,-33.74,2014,5,"063029",65.4
149.1,-33.74,2014,6,"063029",119.6
149.1,-33.74,2014,7,"063029",76.4
149.1,-33.74,2014,8,"063029",NA
149.1,-33.74,2014,9,"063029",NA
149.1,-33.74,2014,10,"063029",55.8
149.1,-33.74,2014,11,"063029",27.4
149.1,-33.74,2014,12,"063029",108.8
149.1,-33.74,2015,1,"063029",119.4
149.1,-33.74,2015,2,"063029",37.2
149.1,-33.74,2015,3,"063029",10.2
149.1,-33.74,2015,4,"063029",135.2
149.1,-33.74,2015,5,"063029",69.8
149.1,-33.74,2015,6,"063029",42.6
149.1,-33.74,2015,7,"063029",126.6
149.1,-33.74,2015,8,"063029",144
149.1,-33.74,2015,9,"063029",10.2
149.1,-33.74,2015,10,"063029",43.4
149.1,-33.74,2015,11,"063029",81.4
149.1,-33.74,2015,12,"063029",64
149.1,-33.74,2016,1,"063029",84.6
149.1,-33.74,2016,2,"063029",3.6
149.1,-33.74,2016,3,"063029",44.4
149.1,-33.74,2016,4,"063029",54.8
149.1,-33.74,2016,5,"063029",143.2
149.1,-33.74,2016,6,"063029",228.8
149.1,-33.74,2016,7,"063029",158.4
149.1,-33.74,2016,8,"063029",71.2
149.1,-33.74,2016,9,"063029",198
149.1,-33.74,2016,10,"063029",112.2
149.1,-33.74,2016,11,"063029",77.2
149.1,-33.74,2016,12,"063029",64.4
149.1,-33.74,2017,1,"063029",39
149.1,-33.74,2017,2,"063029",7.8
149.1,-33.74,2017,3,"063029",144.4
149.1,-33.74,2017,4,"063029",54.2
149.1,-33.74,2017,5,"063029",20
149.1,-33.74,2017,6,"063029",15.4
149.1,-33.74,2017,7,"063029",27
149.1,-33.74,2017,8,"063029",87
149.1,-33.74,2017,9,"063029",33.4
149.1,-33.74,2017,10,"063029",75.8
149.1,-33.74,2017,11,"063029",48.2
149.1,-33.74,2017,12,"063029",137.8
149.1,-33.74,2018,1,"063029",53.2
149.1,-33.74,2018,2,"063029",77
149.1,-33.74,2018,3,"063029",10.8
149.1,-33.74,2018,4,"063029",8.4
149.1,-33.74,2018,5,"063029",64.4
149.1,-33.74,2018,6,"063029",80.8
149.1,-33.74,2018,7,"063029",20.8
149.1,-33.74,2018,8,"063029",67
149.1,-33.74,2018,9,"063029",31
149.1,-33.74,2018,10,"063029",64.2
149.1,-33.74,2018,11,"063029",91.6
149.1,-33.74,2018,12,"063029",71.8
149.1,-33.74,2019,1,"063029",99.2
149.1,-33.74,2019,2,"063029",45.2
149.1,-33.74,2019,3,"063029",106.4
149.1,-33.74,2019,4,"063029",1.4
149.1,-33.74,2019,5,"063029",63.8
149.1,-33.74,2019,6,"063029",45.8
149.1,-33.74,2019,7,"063029",38
149.1,-33.74,2019,8,"063029",53.4
149.1,-33.74,2019,9,"063029",41.6
149.1,-33.74,2019,10,"063029",17
149.1,-33.74,2019,11,"063029",43.4
149.1,-33.74,2019,12,"063029",15.2
149.1,-33.74,2020,1,"063029",56
149.1,-33.74,2020,2,"063029",147
149.1,-33.74,2020,3,"063029",96
149.1,-33.74,2020,4,"063029",152.2
149.1,-33.74,2020,5,"063029",101
149.1,-33.74,2020,6,"063029",85.4
149.1,-33.74,2020,7,"063029",94.4
149.1,-33.74,2020,8,"063029",129.6
149.1,-33.74,2020,9,"063029",46.4
149.1,-33.74,2020,10,"063029",107.6
149.1,-33.74,2020,11,"063029",98
149.1,-33.74,2020,12,"063029",92
149.1,-33.74,2021,1,"063029",124.6
149.1,-33.74,2021,2,"063029",105.2
149.1,-33.74,2021,3,"063029",167.8
149.1,-33.74,2021,4,"063029",1
149.1,-33.74,2021,5,"063029",63
149.1,-33.74,2021,6,"063029",121
149.1,-33.74,2021,7,"063029",167
149.1,-33.74,2021,8,"063029",96.8
149.1,-33.74,2021,9,"063029",96.8
149.1,-33.74,2021,10,"063029",83.6
149.1,-33.74,2021,11,"063029",218.2
149.1,-33.74,2021,12,"063029",89.4
149.1,-33.74,2022,1,"063029",172.6
149.1,-33.74,2022,2,"063029",7
149.1,-33.74,2022,3,"063029",NA
149.1,-33.74,2022,4,"063029",NA
149.1,-33.74,2022,5,"063029",NA
149.1,-33.74,2022,6,"063029",NA
149.1,-33.74,2022,7,"063029",NA
149.1,-33.74,2022,8,"063029",NA
149.1,-33.74,2022,9,"063029",NA
149.1,-33.74,2022,10,"063029",NA
149.1,-33.74,2022,11,"063029",NA
149.1,-33.74,2022,12,"063029",NA
