"Lon","Lat","Year","Month","Station","Rain"
149.85,-23.91,1989,1,"035270",NA
149.85,-23.91,1989,2,"035270",NA
149.85,-23.91,1989,3,"035270",NA
149.85,-23.91,1989,4,"035270",NA
149.85,-23.91,1989,5,"035270",NA
149.85,-23.91,1989,6,"035270",29.3
149.85,-23.91,1989,7,"035270",NA
149.85,-23.91,1989,8,"035270",NA
149.85,-23.91,1989,9,"035270",NA
149.85,-23.91,1989,10,"035270",NA
149.85,-23.91,1989,11,"035270",NA
149.85,-23.91,1989,12,"035270",NA
149.85,-23.91,1994,1,"035270",NA
149.85,-23.91,1994,2,"035270",NA
149.85,-23.91,1994,3,"035270",NA
149.85,-23.91,1994,4,"035270",6.2
149.85,-23.91,1994,5,"035270",18.2
149.85,-23.91,1994,6,"035270",13.4
149.85,-23.91,1994,7,"035270",4.8
149.85,-23.91,1994,8,"035270",1
149.85,-23.91,1994,9,"035270",15.4
149.85,-23.91,1994,10,"035270",25.8
149.85,-23.91,1994,11,"035270",0
149.85,-23.91,1994,12,"035270",78.2
149.85,-23.91,1995,1,"035270",55.2
149.85,-23.91,1995,2,"035270",106.4
149.85,-23.91,1995,3,"035270",122.6
149.85,-23.91,1995,4,"035270",34.2
149.85,-23.91,1995,5,"035270",23.2
149.85,-23.91,1995,6,"035270",4
149.85,-23.91,1995,7,"035270",14
149.85,-23.91,1995,8,"035270",56
149.85,-23.91,1995,9,"035270",5.8
149.85,-23.91,1995,10,"035270",64.4
149.85,-23.91,1995,11,"035270",71.2
149.85,-23.91,1995,12,"035270",79.2
149.85,-23.91,1996,1,"035270",112.8
149.85,-23.91,1996,2,"035270",4.6
149.85,-23.91,1996,3,"035270",10.6
149.85,-23.91,1996,4,"035270",66.6
149.85,-23.91,1996,5,"035270",55.8
149.85,-23.91,1996,6,"035270",22.6
149.85,-23.91,1996,7,"035270",19.2
149.85,-23.91,1996,8,"035270",27.8
149.85,-23.91,1996,9,"035270",97
149.85,-23.91,1996,10,"035270",114.7
149.85,-23.91,1996,11,"035270",118.4
149.85,-23.91,1996,12,"035270",115.2
149.85,-23.91,1997,1,"035270",0
149.85,-23.91,1997,2,"035270",119
149.85,-23.91,1997,3,"035270",159.6
149.85,-23.91,1997,4,"035270",7.4
149.85,-23.91,1997,5,"035270",63.4
149.85,-23.91,1997,6,"035270",2.2
149.85,-23.91,1997,7,"035270",2.2
149.85,-23.91,1997,8,"035270",17.6
149.85,-23.91,1997,9,"035270",14.6
149.85,-23.91,1997,10,"035270",24
149.85,-23.91,1997,11,"035270",108.6
149.85,-23.91,1997,12,"035270",127.4
149.85,-23.91,1998,1,"035270",73.4
149.85,-23.91,1998,2,"035270",20.6
149.85,-23.91,1998,3,"035270",8.2
149.85,-23.91,1998,4,"035270",134.2
149.85,-23.91,1998,5,"035270",32.2
149.85,-23.91,1998,6,"035270",26.8
149.85,-23.91,1998,7,"035270",0
149.85,-23.91,1998,8,"035270",122
149.85,-23.91,1998,9,"035270",217
149.85,-23.91,1998,10,"035270",122.8
149.85,-23.91,1998,11,"035270",74.6
149.85,-23.91,1998,12,"035270",NA
149.85,-23.91,1999,1,"035270",72.7
149.85,-23.91,1999,2,"035270",249.4
149.85,-23.91,1999,3,"035270",158.8
149.85,-23.91,1999,4,"035270",12.6
149.85,-23.91,1999,5,"035270",8.4
149.85,-23.91,1999,6,"035270",40.2
149.85,-23.91,1999,7,"035270",34.6
149.85,-23.91,1999,8,"035270",0
149.85,-23.91,1999,9,"035270",0
149.85,-23.91,1999,10,"035270",45
149.85,-23.91,1999,11,"035270",102.6
149.85,-23.91,1999,12,"035270",23.4
149.85,-23.91,2000,1,"035270",105
149.85,-23.91,2000,2,"035270",89.2
149.85,-23.91,2000,3,"035270",0
149.85,-23.91,2000,4,"035270",67.2
149.85,-23.91,2000,5,"035270",32
149.85,-23.91,2000,6,"035270",32.4
149.85,-23.91,2000,7,"035270",0
149.85,-23.91,2000,8,"035270",17.4
149.85,-23.91,2000,9,"035270",0
149.85,-23.91,2000,10,"035270",NA
149.85,-23.91,2000,11,"035270",154.2
149.85,-23.91,2000,12,"035270",100.8
149.85,-23.91,2001,1,"035270",0
149.85,-23.91,2001,2,"035270",41.8
149.85,-23.91,2001,3,"035270",86.8
149.85,-23.91,2001,4,"035270",0
149.85,-23.91,2001,5,"035270",37.8
149.85,-23.91,2001,6,"035270",7.4
149.85,-23.91,2001,7,"035270",17.2
149.85,-23.91,2001,8,"035270",0
149.85,-23.91,2001,9,"035270",15.6
149.85,-23.91,2001,10,"035270",NA
149.85,-23.91,2001,11,"035270",71.6
149.85,-23.91,2001,12,"035270",62.4
149.85,-23.91,2002,1,"035270",NA
149.85,-23.91,2002,2,"035270",41.8
149.85,-23.91,2002,3,"035270",30
149.85,-23.91,2002,4,"035270",2.4
149.85,-23.91,2002,5,"035270",15
149.85,-23.91,2002,6,"035270",175.6
149.85,-23.91,2002,7,"035270",0
149.85,-23.91,2002,8,"035270",41.6
149.85,-23.91,2002,9,"035270",2.8
149.85,-23.91,2002,10,"035270",0
149.85,-23.91,2002,11,"035270",27
149.85,-23.91,2002,12,"035270",23.2
149.85,-23.91,2003,1,"035270",4.2
149.85,-23.91,2003,2,"035270",258
149.85,-23.91,2003,3,"035270",92.2
149.85,-23.91,2003,4,"035270",16.2
149.85,-23.91,2003,5,"035270",0
149.85,-23.91,2003,6,"035270",13.2
149.85,-23.91,2003,7,"035270",19.8
149.85,-23.91,2003,8,"035270",54.6
149.85,-23.91,2003,9,"035270",0
149.85,-23.91,2003,10,"035270",75
149.85,-23.91,2003,11,"035270",18.8
149.85,-23.91,2003,12,"035270",76.2
149.85,-23.91,2004,1,"035270",67
149.85,-23.91,2004,2,"035270",72.2
149.85,-23.91,2004,3,"035270",0
149.85,-23.91,2004,4,"035270",16.4
149.85,-23.91,2004,5,"035270",0
149.85,-23.91,2004,6,"035270",1.2
149.85,-23.91,2004,7,"035270",0
149.85,-23.91,2004,8,"035270",0
149.85,-23.91,2004,9,"035270",28
149.85,-23.91,2004,10,"035270",50.4
149.85,-23.91,2004,11,"035270",39.6
149.85,-23.91,2004,12,"035270",NA
149.85,-23.91,2005,1,"035270",113.2
149.85,-23.91,2005,2,"035270",NA
149.85,-23.91,2005,3,"035270",22.4
149.85,-23.91,2005,4,"035270",10
149.85,-23.91,2005,5,"035270",28.2
149.85,-23.91,2005,6,"035270",97.4
149.85,-23.91,2005,7,"035270",0
149.85,-23.91,2005,8,"035270",33.4
149.85,-23.91,2005,9,"035270",0
149.85,-23.91,2005,10,"035270",66.2
149.85,-23.91,2005,11,"035270",84.6
149.85,-23.91,2005,12,"035270",21.2
149.85,-23.91,2006,1,"035270",57.6
149.85,-23.91,2006,2,"035270",13.8
149.85,-23.91,2006,3,"035270",NA
149.85,-23.91,2006,4,"035270",74.4
149.85,-23.91,2006,5,"035270",11
149.85,-23.91,2006,6,"035270",75.6
149.85,-23.91,2006,7,"035270",NA
149.85,-23.91,2006,8,"035270",19.4
149.85,-23.91,2006,9,"035270",16.8
149.85,-23.91,2006,10,"035270",0
149.85,-23.91,2006,11,"035270",129.6
149.85,-23.91,2006,12,"035270",93.2
149.85,-23.91,2007,1,"035270",NA
149.85,-23.91,2007,2,"035270",67.8
149.85,-23.91,2007,3,"035270",21.6
149.85,-23.91,2007,4,"035270",5.4
149.85,-23.91,2007,5,"035270",15
149.85,-23.91,2007,6,"035270",163.8
149.85,-23.91,2007,7,"035270",0
149.85,-23.91,2007,8,"035270",18.2
149.85,-23.91,2007,9,"035270",42.2
149.85,-23.91,2007,10,"035270",33.4
149.85,-23.91,2007,11,"035270",NA
149.85,-23.91,2007,12,"035270",64.2
149.85,-23.91,2008,1,"035270",102.2
149.85,-23.91,2008,2,"035270",235.2
149.85,-23.91,2008,3,"035270",62.8
149.85,-23.91,2008,4,"035270",0
149.85,-23.91,2008,5,"035270",NA
149.85,-23.91,2008,6,"035270",24
149.85,-23.91,2008,7,"035270",97.8
149.85,-23.91,2008,8,"035270",6
149.85,-23.91,2008,9,"035270",30.2
149.85,-23.91,2008,10,"035270",39.4
149.85,-23.91,2008,11,"035270",94.8
149.85,-23.91,2008,12,"035270",63.8
149.85,-23.91,2009,1,"035270",48.6
149.85,-23.91,2009,2,"035270",154.2
149.85,-23.91,2009,3,"035270",0
149.85,-23.91,2009,4,"035270",52.2
149.85,-23.91,2009,5,"035270",2.2
149.85,-23.91,2009,6,"035270",23.4
149.85,-23.91,2009,7,"035270",0
149.85,-23.91,2009,8,"035270",0
149.85,-23.91,2009,9,"035270",0
149.85,-23.91,2009,10,"035270",4.2
149.85,-23.91,2009,11,"035270",30.2
149.85,-23.91,2009,12,"035270",128.4
149.85,-23.91,2010,1,"035270",88.2
149.85,-23.91,2010,2,"035270",304
149.85,-23.91,2010,3,"035270",130
149.85,-23.91,2010,4,"035270",115.8
149.85,-23.91,2010,5,"035270",15.3
149.85,-23.91,2010,6,"035270",6.2
149.85,-23.91,2010,7,"035270",NA
149.85,-23.91,2010,8,"035270",81.6
149.85,-23.91,2010,9,"035270",131.6
149.85,-23.91,2010,10,"035270",30.2
149.85,-23.91,2010,11,"035270",76.6
149.85,-23.91,2010,12,"035270",564.8
149.85,-23.91,2011,1,"035270",63.6
149.85,-23.91,2011,2,"035270",97.6
149.85,-23.91,2011,3,"035270",276.2
149.85,-23.91,2011,4,"035270",13.8
149.85,-23.91,2011,5,"035270",29.6
149.85,-23.91,2011,6,"035270",11
149.85,-23.91,2011,7,"035270",8
149.85,-23.91,2011,8,"035270",22
149.85,-23.91,2011,9,"035270",0
149.85,-23.91,2011,10,"035270",37.2
149.85,-23.91,2011,11,"035270",3.4
149.85,-23.91,2011,12,"035270",31.8
149.85,-23.91,2012,1,"035270",108.8
149.85,-23.91,2012,2,"035270",136.4
149.85,-23.91,2012,3,"035270",86
149.85,-23.91,2012,4,"035270",1.6
149.85,-23.91,2012,5,"035270",21.2
149.85,-23.91,2012,6,"035270",NA
149.85,-23.91,2012,7,"035270",34
149.85,-23.91,2012,8,"035270",11.4
149.85,-23.91,2012,9,"035270",13.2
149.85,-23.91,2012,10,"035270",31
149.85,-23.91,2012,11,"035270",39.4
149.85,-23.91,2012,12,"035270",21.6
149.85,-23.91,2013,1,"035270",330.6
149.85,-23.91,2013,2,"035270",69
149.85,-23.91,2013,3,"035270",61.8
149.85,-23.91,2013,4,"035270",52.2
149.85,-23.91,2013,5,"035270",74.8
149.85,-23.91,2013,6,"035270",3
149.85,-23.91,2013,7,"035270",7.4
149.85,-23.91,2013,8,"035270",NA
149.85,-23.91,2013,9,"035270",NA
149.85,-23.91,2013,10,"035270",NA
149.85,-23.91,2013,11,"035270",112.6
149.85,-23.91,2013,12,"035270",21.4
149.85,-23.91,2014,1,"035270",59.8
149.85,-23.91,2014,2,"035270",58.6
149.85,-23.91,2014,3,"035270",NA
149.85,-23.91,2014,4,"035270",NA
149.85,-23.91,2014,5,"035270",NA
149.85,-23.91,2014,6,"035270",NA
149.85,-23.91,2014,7,"035270",NA
149.85,-23.91,2014,8,"035270",NA
149.85,-23.91,2014,9,"035270",NA
149.85,-23.91,2014,10,"035270",NA
149.85,-23.91,2014,11,"035270",NA
149.85,-23.91,2014,12,"035270",NA
