"Lon","Lat","Year","Month","Station","Rain"
150.18,-26.3,1958,1,"042033",NA
150.18,-26.3,1958,2,"042033",NA
150.18,-26.3,1958,3,"042033",26
150.18,-26.3,1958,4,"042033",44.2
150.18,-26.3,1958,5,"042033",3.8
150.18,-26.3,1958,6,"042033",115.7
150.18,-26.3,1958,7,"042033",1.8
150.18,-26.3,1958,8,"042033",35.7
150.18,-26.3,1958,9,"042033",15.3
150.18,-26.3,1958,10,"042033",69
150.18,-26.3,1958,11,"042033",19.3
150.18,-26.3,1958,12,"042033",57.4
150.18,-26.3,1959,1,"042033",133.4
150.18,-26.3,1959,2,"042033",157.2
150.18,-26.3,1959,3,"042033",69.9
150.18,-26.3,1959,4,"042033",10.7
150.18,-26.3,1959,5,"042033",40.2
150.18,-26.3,1959,6,"042033",0
150.18,-26.3,1959,7,"042033",30.5
150.18,-26.3,1959,8,"042033",1
150.18,-26.3,1959,9,"042033",8.9
150.18,-26.3,1959,10,"042033",131.1
150.18,-26.3,1959,11,"042033",88.6
150.18,-26.3,1959,12,"042033",41.4
150.18,-26.3,1960,1,"042033",33.3
150.18,-26.3,1960,2,"042033",87.4
150.18,-26.3,1960,3,"042033",48.3
150.18,-26.3,1960,4,"042033",14.5
150.18,-26.3,1960,5,"042033",41.2
150.18,-26.3,1960,6,"042033",5.3
150.18,-26.3,1960,7,"042033",54.8
150.18,-26.3,1960,8,"042033",35.6
150.18,-26.3,1960,9,"042033",15.5
150.18,-26.3,1960,10,"042033",68.4
150.18,-26.3,1960,11,"042033",45.8
150.18,-26.3,1960,12,"042033",51.3
150.18,-26.3,1961,1,"042033",57.4
150.18,-26.3,1961,2,"042033",121.1
150.18,-26.3,1961,3,"042033",85.1
150.18,-26.3,1961,4,"042033",10.9
150.18,-26.3,1961,5,"042033",34.8
150.18,-26.3,1961,6,"042033",9.6
150.18,-26.3,1961,7,"042033",78.3
150.18,-26.3,1961,8,"042033",22.9
150.18,-26.3,1961,9,"042033",8.9
150.18,-26.3,1961,10,"042033",69.5
150.18,-26.3,1961,11,"042033",116.1
150.18,-26.3,1961,12,"042033",197.5
150.18,-26.3,1962,1,"042033",125.5
150.18,-26.3,1962,2,"042033",29.2
150.18,-26.3,1962,3,"042033",102.3
150.18,-26.3,1962,4,"042033",81.5
150.18,-26.3,1962,5,"042033",10.6
150.18,-26.3,1962,6,"042033",21.2
150.18,-26.3,1962,7,"042033",41.6
150.18,-26.3,1962,8,"042033",20.6
150.18,-26.3,1962,9,"042033",41.9
150.18,-26.3,1962,10,"042033",20.3
150.18,-26.3,1962,11,"042033",13.1
150.18,-26.3,1962,12,"042033",120.9
150.18,-26.3,1963,1,"042033",57.9
150.18,-26.3,1963,2,"042033",60
150.18,-26.3,1963,3,"042033",116.5
150.18,-26.3,1963,4,"042033",2.8
150.18,-26.3,1963,5,"042033",15.7
150.18,-26.3,1963,6,"042033",31.8
150.18,-26.3,1963,7,"042033",0
150.18,-26.3,1963,8,"042033",51.1
150.18,-26.3,1963,9,"042033",7.7
150.18,-26.3,1963,10,"042033",9.1
150.18,-26.3,1963,11,"042033",90.7
150.18,-26.3,1963,12,"042033",80.9
150.18,-26.3,1964,1,"042033",26
150.18,-26.3,1964,2,"042033",27.4
150.18,-26.3,1964,3,"042033",146
150.18,-26.3,1964,4,"042033",31.5
150.18,-26.3,1964,5,"042033",48.8
150.18,-26.3,1964,6,"042033",33.5
150.18,-26.3,1964,7,"042033",20.3
150.18,-26.3,1964,8,"042033",24.7
150.18,-26.3,1964,9,"042033",99.9
150.18,-26.3,1964,10,"042033",112.1
150.18,-26.3,1964,11,"042033",32.1
150.18,-26.3,1964,12,"042033",82.6
150.18,-26.3,1965,1,"042033",49.5
150.18,-26.3,1965,2,"042033",97.5
150.18,-26.3,1965,3,"042033",3
150.18,-26.3,1965,4,"042033",18.3
150.18,-26.3,1965,5,"042033",1
150.18,-26.3,1965,6,"042033",25.9
150.18,-26.3,1965,7,"042033",73.4
150.18,-26.3,1965,8,"042033",14.6
150.18,-26.3,1965,9,"042033",39.7
150.18,-26.3,1965,10,"042033",38.9
150.18,-26.3,1965,11,"042033",31.6
150.18,-26.3,1965,12,"042033",120.3
150.18,-26.3,1966,1,"042033",58
150.18,-26.3,1966,2,"042033",160.1
150.18,-26.3,1966,3,"042033",77
150.18,-26.3,1966,4,"042033",42.1
150.18,-26.3,1966,5,"042033",3.8
150.18,-26.3,1966,6,"042033",35.5
150.18,-26.3,1966,7,"042033",5
150.18,-26.3,1966,8,"042033",99.1
150.18,-26.3,1966,9,"042033",13.2
150.18,-26.3,1966,10,"042033",84.5
150.18,-26.3,1966,11,"042033",21.1
150.18,-26.3,1966,12,"042033",149.6
150.18,-26.3,1967,1,"042033",42
150.18,-26.3,1967,2,"042033",17.8
150.18,-26.3,1967,3,"042033",152.3
150.18,-26.3,1967,4,"042033",1.3
150.18,-26.3,1967,5,"042033",65.3
150.18,-26.3,1967,6,"042033",110.6
150.18,-26.3,1967,7,"042033",36.9
150.18,-26.3,1967,8,"042033",31
150.18,-26.3,1967,9,"042033",0
150.18,-26.3,1967,10,"042033",41.9
150.18,-26.3,1967,11,"042033",38.6
150.18,-26.3,1967,12,"042033",40.6
150.18,-26.3,1968,1,"042033",127.4
150.18,-26.3,1968,2,"042033",87.7
150.18,-26.3,1968,3,"042033",82.2
150.18,-26.3,1968,4,"042033",60.2
150.18,-26.3,1968,5,"042033",40.7
150.18,-26.3,1968,6,"042033",6.1
150.18,-26.3,1968,7,"042033",53.1
150.18,-26.3,1968,8,"042033",36.3
150.18,-26.3,1968,9,"042033",27.2
150.18,-26.3,1968,10,"042033",12.2
150.18,-26.3,1968,11,"042033",8.9
150.18,-26.3,1968,12,"042033",199.6
150.18,-26.3,1969,1,"042033",45.6
150.18,-26.3,1969,2,"042033",0
150.18,-26.3,1969,3,"042033",29
150.18,-26.3,1969,4,"042033",0
150.18,-26.3,1969,5,"042033",49.3
150.18,-26.3,1969,6,"042033",56.4
150.18,-26.3,1969,7,"042033",0
150.18,-26.3,1969,8,"042033",21.1
150.18,-26.3,1969,9,"042033",17
150.18,-26.3,1969,10,"042033",104.8
150.18,-26.3,1969,11,"042033",65.2
150.18,-26.3,1969,12,"042033",89.4
150.18,-26.3,1970,1,"042033",152.6
150.18,-26.3,1970,2,"042033",28.9
150.18,-26.3,1970,3,"042033",19.2
150.18,-26.3,1970,4,"042033",17
150.18,-26.3,1970,5,"042033",8.1
150.18,-26.3,1970,6,"042033",11.2
150.18,-26.3,1970,7,"042033",2.3
150.18,-26.3,1970,8,"042033",3
150.18,-26.3,1970,9,"042033",70.2
150.18,-26.3,1970,10,"042033",29.7
150.18,-26.3,1970,11,"042033",50
150.18,-26.3,1970,12,"042033",344.8
150.18,-26.3,1971,1,"042033",207.3
150.18,-26.3,1971,2,"042033",269.9
150.18,-26.3,1971,3,"042033",27.7
150.18,-26.3,1971,4,"042033",10.2
150.18,-26.3,1971,5,"042033",30.7
150.18,-26.3,1971,6,"042033",18.6
150.18,-26.3,1971,7,"042033",17.9
150.18,-26.3,1971,8,"042033",52.6
150.18,-26.3,1971,9,"042033",39.3
150.18,-26.3,1971,10,"042033",44.9
150.18,-26.3,1971,11,"042033",15.5
150.18,-26.3,1971,12,"042033",140
150.18,-26.3,1972,1,"042033",96.2
150.18,-26.3,1972,2,"042033",128.4
150.18,-26.3,1972,3,"042033",10
150.18,-26.3,1972,4,"042033",51.8
150.18,-26.3,1972,5,"042033",30
150.18,-26.3,1972,6,"042033",25.9
150.18,-26.3,1972,7,"042033",0
150.18,-26.3,1972,8,"042033",14.3
150.18,-26.3,1972,9,"042033",0
150.18,-26.3,1972,10,"042033",112.7
150.18,-26.3,1972,11,"042033",45.7
150.18,-26.3,1972,12,"042033",61.7
150.18,-26.3,1973,1,"042033",192
150.18,-26.3,1973,2,"042033",43.2
150.18,-26.3,1973,3,"042033",32
150.18,-26.3,1973,4,"042033",0
150.18,-26.3,1973,5,"042033",14.5
150.18,-26.3,1973,6,"042033",5.1
150.18,-26.3,1973,7,"042033",100.2
150.18,-26.3,1973,8,"042033",31.3
150.18,-26.3,1973,9,"042033",57
150.18,-26.3,1973,10,"042033",22.3
150.18,-26.3,1973,11,"042033",100.6
150.18,-26.3,1973,12,"042033",89.1
150.18,-26.3,1974,1,"042033",136
150.18,-26.3,1974,2,"042033",28.2
150.18,-26.3,1974,3,"042033",29
150.18,-26.3,1974,4,"042033",40
150.18,-26.3,1974,5,"042033",31
150.18,-26.3,1974,6,"042033",36.8
150.18,-26.3,1974,7,"042033",28.4
150.18,-26.3,1974,8,"042033",23.2
150.18,-26.3,1974,9,"042033",49.4
150.18,-26.3,1974,10,"042033",29.6
150.18,-26.3,1974,11,"042033",93.2
150.18,-26.3,1974,12,"042033",74
150.18,-26.3,1975,1,"042033",74.8
150.18,-26.3,1975,2,"042033",73.6
150.18,-26.3,1975,3,"042033",39.4
150.18,-26.3,1975,4,"042033",16.6
150.18,-26.3,1975,5,"042033",0
150.18,-26.3,1975,6,"042033",30
150.18,-26.3,1975,7,"042033",28.2
150.18,-26.3,1975,8,"042033",34.4
150.18,-26.3,1975,9,"042033",30.8
150.18,-26.3,1975,10,"042033",88.2
150.18,-26.3,1975,11,"042033",41.8
150.18,-26.3,1975,12,"042033",138.8
150.18,-26.3,1976,1,"042033",86.2
150.18,-26.3,1976,2,"042033",103
150.18,-26.3,1976,3,"042033",26
150.18,-26.3,1976,4,"042033",0
150.18,-26.3,1976,5,"042033",14
150.18,-26.3,1976,6,"042033",6
150.18,-26.3,1976,7,"042033",38.4
150.18,-26.3,1976,8,"042033",0
150.18,-26.3,1976,9,"042033",45.6
150.18,-26.3,1976,10,"042033",70
150.18,-26.3,1976,11,"042033",164.2
150.18,-26.3,1976,12,"042033",49.2
150.18,-26.3,1977,1,"042033",19
150.18,-26.3,1977,2,"042033",56.6
150.18,-26.3,1977,3,"042033",50.4
150.18,-26.3,1977,4,"042033",23.2
150.18,-26.3,1977,5,"042033",98.8
150.18,-26.3,1977,6,"042033",17.4
150.18,-26.3,1977,7,"042033",0
150.18,-26.3,1977,8,"042033",0
150.18,-26.3,1977,9,"042033",0
150.18,-26.3,1977,10,"042033",3.4
150.18,-26.3,1977,11,"042033",68.8
150.18,-26.3,1977,12,"042033",0
150.18,-26.3,1978,1,"042033",133.8
150.18,-26.3,1978,2,"042033",78.6
150.18,-26.3,1978,3,"042033",23.6
150.18,-26.3,1978,4,"042033",65.6
150.18,-26.3,1978,5,"042033",30.2
150.18,-26.3,1978,6,"042033",111.6
150.18,-26.3,1978,7,"042033",60.6
150.18,-26.3,1978,8,"042033",98.6
150.18,-26.3,1978,9,"042033",65
150.18,-26.3,1978,10,"042033",2
150.18,-26.3,1978,11,"042033",73.8
150.18,-26.3,1978,12,"042033",46.2
150.18,-26.3,1979,1,"042033",14
150.18,-26.3,1979,2,"042033",32.4
150.18,-26.3,1979,3,"042033",102.2
150.18,-26.3,1979,4,"042033",10
150.18,-26.3,1979,5,"042033",9
150.18,-26.3,1979,6,"042033",47
150.18,-26.3,1979,7,"042033",6
150.18,-26.3,1979,8,"042033",12
150.18,-26.3,1979,9,"042033",10.6
150.18,-26.3,1979,10,"042033",60.4
150.18,-26.3,1979,11,"042033",143.6
150.18,-26.3,1979,12,"042033",202
150.18,-26.3,1980,1,"042033",13
150.18,-26.3,1980,2,"042033",52.4
150.18,-26.3,1980,3,"042033",23.4
150.18,-26.3,1980,4,"042033",0
150.18,-26.3,1980,5,"042033",102
150.18,-26.3,1980,6,"042033",5
150.18,-26.3,1980,7,"042033",31.6
150.18,-26.3,1980,8,"042033",14
150.18,-26.3,1980,9,"042033",3
150.18,-26.3,1980,10,"042033",65.2
150.18,-26.3,1980,11,"042033",67.8
150.18,-26.3,1980,12,"042033",111
150.18,-26.3,1981,1,"042033",31.2
150.18,-26.3,1981,2,"042033",71.6
150.18,-26.3,1981,3,"042033",29.8
150.18,-26.3,1981,4,"042033",118.6
150.18,-26.3,1981,5,"042033",47.2
150.18,-26.3,1981,6,"042033",94.4
150.18,-26.3,1981,7,"042033",49.8
150.18,-26.3,1981,8,"042033",21
150.18,-26.3,1981,9,"042033",0
150.18,-26.3,1981,10,"042033",31.8
150.18,-26.3,1981,11,"042033",161
150.18,-26.3,1981,12,"042033",95.6
150.18,-26.3,1982,1,"042033",75
150.18,-26.3,1982,2,"042033",11
150.18,-26.3,1982,3,"042033",123.6
150.18,-26.3,1982,4,"042033",23.4
150.18,-26.3,1982,5,"042033",49.6
150.18,-26.3,1982,6,"042033",0
150.18,-26.3,1982,7,"042033",10
150.18,-26.3,1982,8,"042033",0
150.18,-26.3,1982,9,"042033",22.4
150.18,-26.3,1982,10,"042033",32
150.18,-26.3,1982,11,"042033",11.2
150.18,-26.3,1982,12,"042033",54.2
150.18,-26.3,1983,1,"042033",117.6
150.18,-26.3,1983,2,"042033",16
150.18,-26.3,1983,3,"042033",19.8
150.18,-26.3,1983,4,"042033",214.8
150.18,-26.3,1983,5,"042033",237
150.18,-26.3,1983,6,"042033",71
150.18,-26.3,1983,7,"042033",39
150.18,-26.3,1983,8,"042033",26.6
150.18,-26.3,1983,9,"042033",17.4
150.18,-26.3,1983,10,"042033",87.8
150.18,-26.3,1983,11,"042033",160.4
150.18,-26.3,1983,12,"042033",52.2
150.18,-26.3,1984,1,"042033",166.8
150.18,-26.3,1984,2,"042033",44.6
150.18,-26.3,1984,3,"042033",43.2
150.18,-26.3,1984,4,"042033",63.4
150.18,-26.3,1984,5,"042033",0
150.18,-26.3,1984,6,"042033",38
150.18,-26.3,1984,7,"042033",158.4
150.18,-26.3,1984,8,"042033",NA
150.18,-26.3,1984,9,"042033",28
150.18,-26.3,1984,10,"042033",91.9
150.18,-26.3,1984,11,"042033",2.9
150.18,-26.3,1984,12,"042033",98.4
150.18,-26.3,1985,1,"042033",105.2
150.18,-26.3,1985,2,"042033",53
150.18,-26.3,1985,3,"042033",54.8
150.18,-26.3,1985,4,"042033",10.4
150.18,-26.3,1985,5,"042033",11.4
150.18,-26.3,1985,6,"042033",80.8
150.18,-26.3,1985,7,"042033",46.2
150.18,-26.3,1985,8,"042033",2.6
150.18,-26.3,1985,9,"042033",2
150.18,-26.3,1985,10,"042033",95.6
150.18,-26.3,1985,11,"042033",63.2
150.18,-26.3,1985,12,"042033",64
150.18,-26.3,1986,1,"042033",47.7
150.18,-26.3,1986,2,"042033",124.6
150.18,-26.3,1986,3,"042033",0
150.18,-26.3,1986,4,"042033",0
150.18,-26.3,1986,5,"042033",36.4
150.18,-26.3,1986,6,"042033",0
150.18,-26.3,1986,7,"042033",67.6
150.18,-26.3,1986,8,"042033",14.8
150.18,-26.3,1986,9,"042033",11
150.18,-26.3,1986,10,"042033",65.4
150.18,-26.3,1986,11,"042033",78
150.18,-26.3,1986,12,"042033",57.4
150.18,-26.3,1987,1,"042033",119.6
150.18,-26.3,1987,2,"042033",18
150.18,-26.3,1987,3,"042033",21.2
150.18,-26.3,1987,4,"042033",3
150.18,-26.3,1987,5,"042033",27.4
150.18,-26.3,1987,6,"042033",31
150.18,-26.3,1987,7,"042033",6.6
150.18,-26.3,1987,8,"042033",26.4
150.18,-26.3,1987,9,"042033",3.4
150.18,-26.3,1987,10,"042033",55.8
150.18,-26.3,1987,11,"042033",39.2
150.18,-26.3,1987,12,"042033",40
150.18,-26.3,1988,1,"042033",29.4
150.18,-26.3,1988,2,"042033",101.4
150.18,-26.3,1988,3,"042033",15.4
150.18,-26.3,1988,4,"042033",142.2
150.18,-26.3,1988,5,"042033",21
150.18,-26.3,1988,6,"042033",12.8
150.18,-26.3,1988,7,"042033",65.8
150.18,-26.3,1988,8,"042033",40.6
150.18,-26.3,1988,9,"042033",5.6
150.18,-26.3,1988,10,"042033",20.4
150.18,-26.3,1988,11,"042033",51.6
150.18,-26.3,1988,12,"042033",78.8
150.18,-26.3,1989,1,"042033",146.4
150.18,-26.3,1989,2,"042033",51.8
150.18,-26.3,1989,3,"042033",59.2
150.18,-26.3,1989,4,"042033",106
150.18,-26.3,1989,5,"042033",57.6
150.18,-26.3,1989,6,"042033",99.6
150.18,-26.3,1989,7,"042033",31.2
150.18,-26.3,1989,8,"042033",29
150.18,-26.3,1989,9,"042033",5.2
150.18,-26.3,1989,10,"042033",149.2
150.18,-26.3,1989,11,"042033",96
150.18,-26.3,1989,12,"042033",94.4
150.18,-26.3,1990,1,"042033",29.4
150.18,-26.3,1990,2,"042033",14.4
150.18,-26.3,1990,3,"042033",88.2
150.18,-26.3,1990,4,"042033",110.4
150.18,-26.3,1990,5,"042033",69.2
150.18,-26.3,1990,6,"042033",64.2
150.18,-26.3,1990,7,"042033",27.4
150.18,-26.3,1990,8,"042033",9
150.18,-26.3,1990,9,"042033",21
150.18,-26.3,1990,10,"042033",52.2
150.18,-26.3,1990,11,"042033",12.4
150.18,-26.3,1990,12,"042033",81.6
150.18,-26.3,1991,1,"042033",102.8
150.18,-26.3,1991,2,"042033",181
150.18,-26.3,1991,3,"042033",52.6
150.18,-26.3,1991,4,"042033",2.4
150.18,-26.3,1991,5,"042033",32.4
150.18,-26.3,1991,6,"042033",0
150.18,-26.3,1991,7,"042033",25.4
150.18,-26.3,1991,8,"042033",0
150.18,-26.3,1991,9,"042033",3.6
150.18,-26.3,1991,10,"042033",66.6
150.18,-26.3,1991,11,"042033",31.2
150.18,-26.3,1991,12,"042033",134
150.18,-26.3,1992,1,"042033",49.7
150.18,-26.3,1992,2,"042033",87.4
150.18,-26.3,1992,3,"042033",10.4
150.18,-26.3,1992,4,"042033",24.4
150.18,-26.3,1992,5,"042033",34
150.18,-26.3,1992,6,"042033",2.8
150.18,-26.3,1992,7,"042033",2
150.18,-26.3,1992,8,"042033",20.8
150.18,-26.3,1992,9,"042033",60.6
150.18,-26.3,1992,10,"042033",22
150.18,-26.3,1992,11,"042033",105.4
150.18,-26.3,1992,12,"042033",83.6
150.18,-26.3,1993,1,"042033",40.4
150.18,-26.3,1993,2,"042033",28.8
150.18,-26.3,1993,3,"042033",14
150.18,-26.3,1993,4,"042033",3
150.18,-26.3,1993,5,"042033",7
150.18,-26.3,1993,6,"042033",32.2
150.18,-26.3,1993,7,"042033",62.6
150.18,-26.3,1993,8,"042033",7.6
150.18,-26.3,1993,9,"042033",58.6
150.18,-26.3,1993,10,"042033",44.4
150.18,-26.3,1993,11,"042033",46.2
150.18,-26.3,1993,12,"042033",94
150.18,-26.3,1994,1,"042033",47.4
150.18,-26.3,1994,2,"042033",93.4
150.18,-26.3,1994,3,"042033",131.2
150.18,-26.3,1994,4,"042033",1.4
150.18,-26.3,1994,5,"042033",8.8
150.18,-26.3,1994,6,"042033",12.6
150.18,-26.3,1994,7,"042033",0.2
150.18,-26.3,1994,8,"042033",0
150.18,-26.3,1994,9,"042033",6
150.18,-26.3,1994,10,"042033",89.4
150.18,-26.3,1994,11,"042033",41.6
150.18,-26.3,1994,12,"042033",64
150.18,-26.3,1995,1,"042033",149.4
150.18,-26.3,1995,2,"042033",154.6
150.18,-26.3,1995,3,"042033",22
150.18,-26.3,1995,4,"042033",28.4
150.18,-26.3,1995,5,"042033",45.6
150.18,-26.3,1995,6,"042033",26.8
150.18,-26.3,1995,7,"042033",7.2
150.18,-26.3,1995,8,"042033",2.2
150.18,-26.3,1995,9,"042033",29.4
150.18,-26.3,1995,10,"042033",85.2
150.18,-26.3,1995,11,"042033",101.8
150.18,-26.3,1995,12,"042033",83.2
150.18,-26.3,1996,1,"042033",205.8
150.18,-26.3,1996,2,"042033",54.4
150.18,-26.3,1996,3,"042033",24.2
150.18,-26.3,1996,4,"042033",10.4
150.18,-26.3,1996,5,"042033",130.4
150.18,-26.3,1996,6,"042033",36
150.18,-26.3,1996,7,"042033",54
150.18,-26.3,1996,8,"042033",36.4
150.18,-26.3,1996,9,"042033",67.4
150.18,-26.3,1996,10,"042033",67
150.18,-26.3,1996,11,"042033",43.8
150.18,-26.3,1996,12,"042033",102.4
150.18,-26.3,1997,1,"042033",78.6
150.18,-26.3,1997,2,"042033",120.6
150.18,-26.3,1997,3,"042033",25.4
150.18,-26.3,1997,4,"042033",5.8
150.18,-26.3,1997,5,"042033",45.6
150.18,-26.3,1997,6,"042033",0
150.18,-26.3,1997,7,"042033",15.8
150.18,-26.3,1997,8,"042033",4.8
150.18,-26.3,1997,9,"042033",32.6
150.18,-26.3,1997,10,"042033",93
150.18,-26.3,1997,11,"042033",119.9
150.18,-26.3,1997,12,"042033",96.6
150.18,-26.3,1998,1,"042033",74.8
150.18,-26.3,1998,2,"042033",106.2
150.18,-26.3,1998,3,"042033",0
150.18,-26.3,1998,4,"042033",184.6
150.18,-26.3,1998,5,"042033",20.8
150.18,-26.3,1998,6,"042033",36.8
150.18,-26.3,1998,7,"042033",42.2
150.18,-26.3,1998,8,"042033",167
150.18,-26.3,1998,9,"042033",123.6
150.18,-26.3,1998,10,"042033",21
150.18,-26.3,1998,11,"042033",95.4
150.18,-26.3,1998,12,"042033",65.4
150.18,-26.3,1999,1,"042033",204.6
150.18,-26.3,1999,2,"042033",62.2
150.18,-26.3,1999,3,"042033",46.8
150.18,-26.3,1999,4,"042033",12.4
150.18,-26.3,1999,5,"042033",5.4
150.18,-26.3,1999,6,"042033",25.8
150.18,-26.3,1999,7,"042033",35.8
150.18,-26.3,1999,8,"042033",2.2
150.18,-26.3,1999,9,"042033",14.2
150.18,-26.3,1999,10,"042033",NA
150.18,-26.3,1999,11,"042033",67
150.18,-26.3,1999,12,"042033",78
150.18,-26.3,2000,1,"042033",149.4
150.18,-26.3,2000,2,"042033",48.4
150.18,-26.3,2000,3,"042033",1.8
150.18,-26.3,2000,4,"042033",7.6
150.18,-26.3,2000,5,"042033",25.4
150.18,-26.3,2000,6,"042033",22.6
150.18,-26.3,2000,7,"042033",4
150.18,-26.3,2000,8,"042033",4.4
150.18,-26.3,2000,9,"042033",0
150.18,-26.3,2000,10,"042033",95.8
150.18,-26.3,2000,11,"042033",78.2
150.18,-26.3,2000,12,"042033",34.6
150.18,-26.3,2001,1,"042033",24.2
150.18,-26.3,2001,2,"042033",24
150.18,-26.3,2001,3,"042033",40.2
150.18,-26.3,2001,4,"042033",28
150.18,-26.3,2001,5,"042033",2
150.18,-26.3,2001,6,"042033",2
150.18,-26.3,2001,7,"042033",24.2
150.18,-26.3,2001,8,"042033",13.2
150.18,-26.3,2001,9,"042033",34.4
150.18,-26.3,2001,10,"042033",61
150.18,-26.3,2001,11,"042033",157.6
150.18,-26.3,2001,12,"042033",32
150.18,-26.3,2002,1,"042033",157.6
150.18,-26.3,2002,2,"042033",48.8
150.18,-26.3,2002,3,"042033",99.8
150.18,-26.3,2002,4,"042033",0
150.18,-26.3,2002,5,"042033",29.8
150.18,-26.3,2002,6,"042033",63.6
150.18,-26.3,2002,7,"042033",0
150.18,-26.3,2002,8,"042033",44.4
150.18,-26.3,2002,9,"042033",0
150.18,-26.3,2002,10,"042033",5.4
150.18,-26.3,2002,11,"042033",8
150.18,-26.3,2002,12,"042033",48.8
150.18,-26.3,2003,1,"042033",44
150.18,-26.3,2003,2,"042033",101.1
150.18,-26.3,2003,3,"042033",118.8
150.18,-26.3,2003,4,"042033",73.6
150.18,-26.3,2003,5,"042033",11.4
150.18,-26.3,2003,6,"042033",39.2
150.18,-26.3,2003,7,"042033",11.8
150.18,-26.3,2003,8,"042033",76.8
150.18,-26.3,2003,9,"042033",0
150.18,-26.3,2003,10,"042033",60.2
150.18,-26.3,2003,11,"042033",16.6
150.18,-26.3,2003,12,"042033",66
150.18,-26.3,2004,1,"042033",81.8
150.18,-26.3,2004,2,"042033",48.2
150.18,-26.3,2004,3,"042033",57.6
150.18,-26.3,2004,4,"042033",27.6
150.18,-26.3,2004,5,"042033",0
150.18,-26.3,2004,6,"042033",0
150.18,-26.3,2004,7,"042033",7
150.18,-26.3,2004,8,"042033",15
150.18,-26.3,2004,9,"042033",NA
150.18,-26.3,2004,10,"042033",70
150.18,-26.3,2004,11,"042033",34.6
150.18,-26.3,2004,12,"042033",95.8
150.18,-26.3,2005,1,"042033",33
150.18,-26.3,2005,2,"042033",11
150.18,-26.3,2005,3,"042033",15.9
150.18,-26.3,2005,4,"042033",0
150.18,-26.3,2005,5,"042033",23.6
150.18,-26.3,2005,6,"042033",129.4
150.18,-26.3,2005,7,"042033",0
150.18,-26.3,2005,8,"042033",6.8
150.18,-26.3,2005,9,"042033",NA
150.18,-26.3,2005,10,"042033",58
150.18,-26.3,2005,11,"042033",64.8
150.18,-26.3,2005,12,"042033",99.8
150.18,-26.3,2006,1,"042033",55.6
150.18,-26.3,2006,2,"042033",NA
150.18,-26.3,2006,3,"042033",11.2
150.18,-26.3,2006,4,"042033",14.2
150.18,-26.3,2006,5,"042033",15.4
150.18,-26.3,2006,6,"042033",4.2
150.18,-26.3,2006,7,"042033",24.2
150.18,-26.3,2006,8,"042033",3.4
150.18,-26.3,2006,9,"042033",6.4
150.18,-26.3,2006,10,"042033",0
150.18,-26.3,2006,11,"042033",83.6
150.18,-26.3,2006,12,"042033",33.6
150.18,-26.3,2007,1,"042033",13.2
150.18,-26.3,2007,2,"042033",61.6
150.18,-26.3,2007,3,"042033",14
150.18,-26.3,2007,4,"042033",12.6
150.18,-26.3,2007,5,"042033",14.2
150.18,-26.3,2007,6,"042033",99.8
150.18,-26.3,2007,7,"042033",0
150.18,-26.3,2007,8,"042033",59.6
150.18,-26.3,2007,9,"042033",22
150.18,-26.3,2007,10,"042033",NA
150.18,-26.3,2007,11,"042033",21.8
150.18,-26.3,2007,12,"042033",45.6
150.18,-26.3,2008,1,"042033",77.4
150.18,-26.3,2008,2,"042033",76
150.18,-26.3,2008,3,"042033",0
150.18,-26.3,2008,4,"042033",1.2
150.18,-26.3,2008,5,"042033",22
150.18,-26.3,2008,6,"042033",31
150.18,-26.3,2008,7,"042033",64.4
150.18,-26.3,2008,8,"042033",0
150.18,-26.3,2008,9,"042033",38.4
150.18,-26.3,2008,10,"042033",80.4
150.18,-26.3,2008,11,"042033",105.2
150.18,-26.3,2008,12,"042033",107.8
150.18,-26.3,2009,1,"042033",NA
150.18,-26.3,2009,2,"042033",55.8
150.18,-26.3,2009,3,"042033",NA
150.18,-26.3,2009,4,"042033",17.6
150.18,-26.3,2009,5,"042033",42.8
150.18,-26.3,2009,6,"042033",42.4
150.18,-26.3,2009,7,"042033",NA
150.18,-26.3,2009,8,"042033",2.2
150.18,-26.3,2009,9,"042033",0
150.18,-26.3,2009,10,"042033",4.4
150.18,-26.3,2009,11,"042033",32.8
150.18,-26.3,2009,12,"042033",172.2
150.18,-26.3,2010,1,"042033",33.6
150.18,-26.3,2010,2,"042033",NA
150.18,-26.3,2010,3,"042033",153
150.18,-26.3,2010,4,"042033",0
150.18,-26.3,2010,5,"042033",21.6
150.18,-26.3,2010,6,"042033",15
150.18,-26.3,2010,7,"042033",23.8
150.18,-26.3,2010,8,"042033",NA
150.18,-26.3,2010,9,"042033",NA
150.18,-26.3,2010,10,"042033",NA
150.18,-26.3,2010,11,"042033",99.8
150.18,-26.3,2010,12,"042033",368.8
150.18,-26.3,2011,1,"042033",55.8
150.18,-26.3,2011,2,"042033",NA
150.18,-26.3,2011,3,"042033",NA
150.18,-26.3,2011,4,"042033",NA
150.18,-26.3,2011,5,"042033",NA
150.18,-26.3,2011,6,"042033",NA
150.18,-26.3,2011,7,"042033",NA
150.18,-26.3,2011,8,"042033",NA
150.18,-26.3,2011,9,"042033",NA
150.18,-26.3,2011,10,"042033",NA
150.18,-26.3,2011,11,"042033",NA
150.18,-26.3,2011,12,"042033",NA
