"Lon","Lat","Year","Month","Station","Rain"
150.95,-30.47,1959,1,"055082",50
150.95,-30.47,1959,2,"055082",165.4
150.95,-30.47,1959,3,"055082",114.4
150.95,-30.47,1959,4,"055082",57.2
150.95,-30.47,1959,5,"055082",16.5
150.95,-30.47,1959,6,"055082",17.8
150.95,-30.47,1959,7,"055082",104.5
150.95,-30.47,1959,8,"055082",0
150.95,-30.47,1959,9,"055082",41.6
150.95,-30.47,1959,10,"055082",67.8
150.95,-30.47,1959,11,"055082",133.1
150.95,-30.47,1959,12,"055082",151.3
150.95,-30.47,1960,1,"055082",57.1
150.95,-30.47,1960,2,"055082",89.2
150.95,-30.47,1960,3,"055082",32.4
150.95,-30.47,1960,4,"055082",18
150.95,-30.47,1960,5,"055082",19.4
150.95,-30.47,1960,6,"055082",24.9
150.95,-30.47,1960,7,"055082",117.9
150.95,-30.47,1960,8,"055082",56.9
150.95,-30.47,1960,9,"055082",45.2
150.95,-30.47,1960,10,"055082",34.5
150.95,-30.47,1960,11,"055082",108.5
150.95,-30.47,1960,12,"055082",20.1
150.95,-30.47,1961,1,"055082",44.9
150.95,-30.47,1961,2,"055082",112.5
150.95,-30.47,1961,3,"055082",57.7
150.95,-30.47,1961,4,"055082",26.7
150.95,-30.47,1961,5,"055082",15.6
150.95,-30.47,1961,6,"055082",28.6
150.95,-30.47,1961,7,"055082",45.5
150.95,-30.47,1961,8,"055082",63.4
150.95,-30.47,1961,9,"055082",23.6
150.95,-30.47,1961,10,"055082",64.6
150.95,-30.47,1961,11,"055082",207.5
150.95,-30.47,1961,12,"055082",55.4
150.95,-30.47,1962,1,"055082",154.6
150.95,-30.47,1962,2,"055082",48.5
150.95,-30.47,1962,3,"055082",41.7
150.95,-30.47,1962,4,"055082",34.6
150.95,-30.47,1962,5,"055082",40.9
150.95,-30.47,1962,6,"055082",11.2
150.95,-30.47,1962,7,"055082",46
150.95,-30.47,1962,8,"055082",65.2
150.95,-30.47,1962,9,"055082",24.4
150.95,-30.47,1962,10,"055082",105.8
150.95,-30.47,1962,11,"055082",19.5
150.95,-30.47,1962,12,"055082",159.2
150.95,-30.47,1963,1,"055082",73.6
150.95,-30.47,1963,2,"055082",30.6
150.95,-30.47,1963,3,"055082",133.3
150.95,-30.47,1963,4,"055082",45
150.95,-30.47,1963,5,"055082",155.7
150.95,-30.47,1963,6,"055082",64.3
150.95,-30.47,1963,7,"055082",24.3
150.95,-30.47,1963,8,"055082",94.4
150.95,-30.47,1963,9,"055082",23.3
150.95,-30.47,1963,10,"055082",84.6
150.95,-30.47,1963,11,"055082",85.8
150.95,-30.47,1963,12,"055082",108.6
150.95,-30.47,1964,1,"055082",225.3
150.95,-30.47,1964,2,"055082",14.4
150.95,-30.47,1964,3,"055082",73.9
150.95,-30.47,1964,4,"055082",135.5
150.95,-30.47,1964,5,"055082",24.6
150.95,-30.47,1964,6,"055082",39.8
150.95,-30.47,1964,7,"055082",74.8
150.95,-30.47,1964,8,"055082",36.3
150.95,-30.47,1964,9,"055082",83.2
150.95,-30.47,1964,10,"055082",107.2
150.95,-30.47,1964,11,"055082",20.3
150.95,-30.47,1964,12,"055082",73.4
150.95,-30.47,1965,1,"055082",102.4
150.95,-30.47,1965,2,"055082",11.7
150.95,-30.47,1965,3,"055082",3
150.95,-30.47,1965,4,"055082",54.7
150.95,-30.47,1965,5,"055082",21.5
150.95,-30.47,1965,6,"055082",16.8
150.95,-30.47,1965,7,"055082",5.1
150.95,-30.47,1965,8,"055082",36
150.95,-30.47,1965,9,"055082",38.1
150.95,-30.47,1965,10,"055082",46.8
150.95,-30.47,1965,11,"055082",53.9
150.95,-30.47,1965,12,"055082",143.5
150.95,-30.47,1966,1,"055082",9.2
150.95,-30.47,1966,2,"055082",33.8
150.95,-30.47,1966,3,"055082",28.5
150.95,-30.47,1966,4,"055082",17.8
150.95,-30.47,1966,5,"055082",20.3
150.95,-30.47,1966,6,"055082",66
150.95,-30.47,1966,7,"055082",6
150.95,-30.47,1966,8,"055082",111.6
150.95,-30.47,1966,9,"055082",24.1
150.95,-30.47,1966,10,"055082",102.9
150.95,-30.47,1966,11,"055082",115.8
150.95,-30.47,1966,12,"055082",111.9
150.95,-30.47,1967,1,"055082",45.3
150.95,-30.47,1967,2,"055082",18.3
150.95,-30.47,1967,3,"055082",80.6
150.95,-30.47,1967,4,"055082",0
150.95,-30.47,1967,5,"055082",46.6
150.95,-30.47,1967,6,"055082",82
150.95,-30.47,1967,7,"055082",16.5
150.95,-30.47,1967,8,"055082",49
150.95,-30.47,1967,9,"055082",27.2
150.95,-30.47,1967,10,"055082",109
150.95,-30.47,1967,11,"055082",7
150.95,-30.47,1967,12,"055082",47.3
150.95,-30.47,1968,1,"055082",211.6
150.95,-30.47,1968,2,"055082",80.8
150.95,-30.47,1968,3,"055082",81.9
150.95,-30.47,1968,4,"055082",10.7
150.95,-30.47,1968,5,"055082",91.7
150.95,-30.47,1968,6,"055082",3.9
150.95,-30.47,1968,7,"055082",53.4
150.95,-30.47,1968,8,"055082",121.3
150.95,-30.47,1968,9,"055082",50.9
150.95,-30.47,1968,10,"055082",39.7
150.95,-30.47,1968,11,"055082",50.1
150.95,-30.47,1968,12,"055082",58.7
150.95,-30.47,1969,1,"055082",77.4
150.95,-30.47,1969,2,"055082",96.3
150.95,-30.47,1969,3,"055082",35.7
150.95,-30.47,1969,4,"055082",38.6
150.95,-30.47,1969,5,"055082",83.5
150.95,-30.47,1969,6,"055082",45
150.95,-30.47,1969,7,"055082",44.2
150.95,-30.47,1969,8,"055082",37.9
150.95,-30.47,1969,9,"055082",76.6
150.95,-30.47,1969,10,"055082",157.5
150.95,-30.47,1969,11,"055082",99.1
150.95,-30.47,1969,12,"055082",128.8
150.95,-30.47,1970,1,"055082",206.3
150.95,-30.47,1970,2,"055082",72.6
150.95,-30.47,1970,3,"055082",12.5
150.95,-30.47,1970,4,"055082",33.3
150.95,-30.47,1970,5,"055082",28.5
150.95,-30.47,1970,6,"055082",11.9
150.95,-30.47,1970,7,"055082",2.3
150.95,-30.47,1970,8,"055082",27.2
150.95,-30.47,1970,9,"055082",162.2
150.95,-30.47,1970,10,"055082",50.9
150.95,-30.47,1970,11,"055082",82.7
150.95,-30.47,1970,12,"055082",212.6
150.95,-30.47,1971,1,"055082",155.6
150.95,-30.47,1971,2,"055082",179.8
150.95,-30.47,1971,3,"055082",0
150.95,-30.47,1971,4,"055082",14
150.95,-30.47,1971,5,"055082",3.3
150.95,-30.47,1971,6,"055082",12.5
150.95,-30.47,1971,7,"055082",85.4
150.95,-30.47,1971,8,"055082",94
150.95,-30.47,1971,9,"055082",83.3
150.95,-30.47,1971,10,"055082",36.9
150.95,-30.47,1971,11,"055082",79.5
150.95,-30.47,1971,12,"055082",40.1
150.95,-30.47,1972,1,"055082",73.4
150.95,-30.47,1972,2,"055082",31.5
150.95,-30.47,1972,3,"055082",29.2
150.95,-30.47,1972,4,"055082",60.4
150.95,-30.47,1972,5,"055082",26.4
150.95,-30.47,1972,6,"055082",22.3
150.95,-30.47,1972,7,"055082",8.1
150.95,-30.47,1972,8,"055082",43.9
150.95,-30.47,1972,9,"055082",63.4
150.95,-30.47,1972,10,"055082",119.3
150.95,-30.47,1972,11,"055082",98.1
150.95,-30.47,1972,12,"055082",77.7
150.95,-30.47,1973,1,"055082",131.1
150.95,-30.47,1973,2,"055082",114.8
150.95,-30.47,1973,3,"055082",5.6
150.95,-30.47,1973,4,"055082",3.6
150.95,-30.47,1973,5,"055082",31.7
150.95,-30.47,1973,6,"055082",51.1
150.95,-30.47,1973,7,"055082",57.7
150.95,-30.47,1973,8,"055082",62.2
150.95,-30.47,1973,9,"055082",62.7
150.95,-30.47,1973,10,"055082",148
150.95,-30.47,1973,11,"055082",138.5
150.95,-30.47,1973,12,"055082",113.7
150.95,-30.47,1974,1,"055082",183.8
150.95,-30.47,1974,2,"055082",17.7
150.95,-30.47,1974,3,"055082",33.7
150.95,-30.47,1974,4,"055082",62.2
150.95,-30.47,1974,5,"055082",47.7
150.95,-30.47,1974,6,"055082",30.6
150.95,-30.47,1974,7,"055082",46.6
150.95,-30.47,1974,8,"055082",48.6
150.95,-30.47,1974,9,"055082",23.5
150.95,-30.47,1974,10,"055082",86
150.95,-30.47,1974,11,"055082",98.2
150.95,-30.47,1974,12,"055082",18.6
150.95,-30.47,1975,1,"055082",80.4
150.95,-30.47,1975,2,"055082",149.8
150.95,-30.47,1975,3,"055082",72
150.95,-30.47,1975,4,"055082",38.7
150.95,-30.47,1975,5,"055082",6
150.95,-30.47,1975,6,"055082",47.8
150.95,-30.47,1975,7,"055082",32
150.95,-30.47,1975,8,"055082",53.2
150.95,-30.47,1975,9,"055082",50.6
150.95,-30.47,1975,10,"055082",97.8
150.95,-30.47,1975,11,"055082",124.6
150.95,-30.47,1975,12,"055082",104
150.95,-30.47,1976,1,"055082",185.6
150.95,-30.47,1976,2,"055082",169
150.95,-30.47,1976,3,"055082",35.8
150.95,-30.47,1976,4,"055082",15.2
150.95,-30.47,1976,5,"055082",26.2
150.95,-30.47,1976,6,"055082",57
150.95,-30.47,1976,7,"055082",53
150.95,-30.47,1976,8,"055082",13.2
150.95,-30.47,1976,9,"055082",36.4
150.95,-30.47,1976,10,"055082",68.8
150.95,-30.47,1976,11,"055082",120.2
150.95,-30.47,1976,12,"055082",38.6
150.95,-30.47,1977,1,"055082",109.6
150.95,-30.47,1977,2,"055082",124
150.95,-30.47,1977,3,"055082",111.8
150.95,-30.47,1977,4,"055082",30.8
150.95,-30.47,1977,5,"055082",137.2
150.95,-30.47,1977,6,"055082",52
150.95,-30.47,1977,7,"055082",12.6
150.95,-30.47,1977,8,"055082",23.4
150.95,-30.47,1977,9,"055082",40.8
150.95,-30.47,1977,10,"055082",38.8
150.95,-30.47,1977,11,"055082",50.4
150.95,-30.47,1977,12,"055082",57
150.95,-30.47,1978,1,"055082",186.4
150.95,-30.47,1978,2,"055082",36.6
150.95,-30.47,1978,3,"055082",124
150.95,-30.47,1978,4,"055082",23.4
150.95,-30.47,1978,5,"055082",86.8
150.95,-30.47,1978,6,"055082",77.4
150.95,-30.47,1978,7,"055082",59
150.95,-30.47,1978,8,"055082",40.2
150.95,-30.47,1978,9,"055082",115.6
150.95,-30.47,1978,10,"055082",37.6
150.95,-30.47,1978,11,"055082",106.6
150.95,-30.47,1978,12,"055082",127.4
150.95,-30.47,1979,1,"055082",108.4
150.95,-30.47,1979,2,"055082",12.4
150.95,-30.47,1979,3,"055082",67
150.95,-30.47,1979,4,"055082",31.6
150.95,-30.47,1979,5,"055082",79.8
150.95,-30.47,1979,6,"055082",38
150.95,-30.47,1979,7,"055082",15.6
150.95,-30.47,1979,8,"055082",19
150.95,-30.47,1979,9,"055082",63.4
150.95,-30.47,1979,10,"055082",55.8
150.95,-30.47,1979,11,"055082",95.2
150.95,-30.47,1979,12,"055082",15.4
150.95,-30.47,1980,1,"055082",37.4
150.95,-30.47,1980,2,"055082",29.2
150.95,-30.47,1980,3,"055082",12.8
150.95,-30.47,1980,4,"055082",2
150.95,-30.47,1980,5,"055082",78.6
150.95,-30.47,1980,6,"055082",35.2
150.95,-30.47,1980,7,"055082",36.7
150.95,-30.47,1980,8,"055082",13
150.95,-30.47,1980,9,"055082",3.2
150.95,-30.47,1980,10,"055082",36.8
150.95,-30.47,1980,11,"055082",17
150.95,-30.47,1980,12,"055082",121.4
150.95,-30.47,1981,1,"055082",4.8
150.95,-30.47,1981,2,"055082",121.2
150.95,-30.47,1981,3,"055082",1.6
150.95,-30.47,1981,4,"055082",23
150.95,-30.47,1981,5,"055082",120.6
150.95,-30.47,1981,6,"055082",49.4
150.95,-30.47,1981,7,"055082",77.2
150.95,-30.47,1981,8,"055082",20
150.95,-30.47,1981,9,"055082",46.1
150.95,-30.47,1981,10,"055082",35.6
150.95,-30.47,1981,11,"055082",54.6
150.95,-30.47,1981,12,"055082",48
150.95,-30.47,1982,1,"055082",32
150.95,-30.47,1982,2,"055082",47.8
150.95,-30.47,1982,3,"055082",125.1
150.95,-30.47,1982,4,"055082",1.5
150.95,-30.47,1982,5,"055082",23
150.95,-30.47,1982,6,"055082",5.4
150.95,-30.47,1982,7,"055082",14
150.95,-30.47,1982,8,"055082",0
150.95,-30.47,1982,9,"055082",32.8
150.95,-30.47,1982,10,"055082",63
150.95,-30.47,1982,11,"055082",6
150.95,-30.47,1982,12,"055082",76.4
150.95,-30.47,1983,1,"055082",74.5
150.95,-30.47,1983,2,"055082",50.5
150.95,-30.47,1983,3,"055082",45
150.95,-30.47,1983,4,"055082",76
150.95,-30.47,1983,5,"055082",140.3
150.95,-30.47,1983,6,"055082",30
150.95,-30.47,1983,7,"055082",79
150.95,-30.47,1983,8,"055082",51.5
150.95,-30.47,1983,9,"055082",93.2
150.95,-30.47,1983,10,"055082",113.7
150.95,-30.47,1983,11,"055082",71
150.95,-30.47,1983,12,"055082",63
150.95,-30.47,1984,1,"055082",182.4
150.95,-30.47,1984,2,"055082",142
150.95,-30.47,1984,3,"055082",51
150.95,-30.47,1984,4,"055082",63.4
150.95,-30.47,1984,5,"055082",0
150.95,-30.47,1984,6,"055082",0
150.95,-30.47,1984,7,"055082",159.6
150.95,-30.47,1984,8,"055082",15
150.95,-30.47,1984,9,"055082",31.4
150.95,-30.47,1984,10,"055082",49
150.95,-30.47,1984,11,"055082",72
150.95,-30.47,1984,12,"055082",56
150.95,-30.47,1985,1,"055082",24
150.95,-30.47,1985,2,"055082",29.4
150.95,-30.47,1985,3,"055082",34.8
150.95,-30.47,1985,4,"055082",59.6
150.95,-30.47,1985,5,"055082",6
150.95,-30.47,1985,6,"055082",14
150.95,-30.47,1985,7,"055082",21
150.95,-30.47,1985,8,"055082",109.1
150.95,-30.47,1985,9,"055082",29
150.95,-30.47,1985,10,"055082",70.2
150.95,-30.47,1985,11,"055082",52.2
150.95,-30.47,1985,12,"055082",148.1
150.95,-30.47,1986,1,"055082",59
150.95,-30.47,1986,2,"055082",9
150.95,-30.47,1986,3,"055082",21
150.95,-30.47,1986,4,"055082",5
150.95,-30.47,1986,5,"055082",57
150.95,-30.47,1986,6,"055082",2
150.95,-30.47,1986,7,"055082",108.5
150.95,-30.47,1986,8,"055082",35.5
150.95,-30.47,1986,9,"055082",82.5
150.95,-30.47,1986,10,"055082",46.5
150.95,-30.47,1986,11,"055082",29
150.95,-30.47,1986,12,"055082",19.2
150.95,-30.47,1987,1,"055082",118
150.95,-30.47,1987,2,"055082",64
150.95,-30.47,1987,3,"055082",41
150.95,-30.47,1987,4,"055082",0
150.95,-30.47,1987,5,"055082",90.3
150.95,-30.47,1987,6,"055082",38
150.95,-30.47,1987,7,"055082",23
150.95,-30.47,1987,8,"055082",111.5
150.95,-30.47,1987,9,"055082",12.7
150.95,-30.47,1987,10,"055082",72
150.95,-30.47,1987,11,"055082",76.4
150.95,-30.47,1987,12,"055082",75
150.95,-30.47,1988,1,"055082",109.5
150.95,-30.47,1988,2,"055082",45.5
150.95,-30.47,1988,3,"055082",9.5
150.95,-30.47,1988,4,"055082",201.7
150.95,-30.47,1988,5,"055082",36
150.95,-30.47,1988,6,"055082",20
150.95,-30.47,1988,7,"055082",70.5
150.95,-30.47,1988,8,"055082",64.5
150.95,-30.47,1988,9,"055082",69
150.95,-30.47,1988,10,"055082",5
150.95,-30.47,1988,11,"055082",36
150.95,-30.47,1988,12,"055082",111
150.95,-30.47,1989,1,"055082",60.2
150.95,-30.47,1989,2,"055082",3.2
150.95,-30.47,1989,3,"055082",99.2
150.95,-30.47,1989,4,"055082",71.3
150.95,-30.47,1989,5,"055082",23.2
150.95,-30.47,1989,6,"055082",109.4
150.95,-30.47,1989,7,"055082",110.5
150.95,-30.47,1989,8,"055082",2.6
150.95,-30.47,1989,9,"055082",7
150.95,-30.47,1989,10,"055082",6
150.95,-30.47,1989,11,"055082",74.5
150.95,-30.47,1989,12,"055082",61
150.95,-30.47,1990,1,"055082",21.2
150.95,-30.47,1990,2,"055082",124
150.95,-30.47,1990,3,"055082",20.4
150.95,-30.47,1990,4,"055082",69.4
150.95,-30.47,1990,5,"055082",98
150.95,-30.47,1990,6,"055082",62
150.95,-30.47,1990,7,"055082",84
150.95,-30.47,1990,8,"055082",32.5
150.95,-30.47,1990,9,"055082",38
150.95,-30.47,1990,10,"055082",23
150.95,-30.47,1990,11,"055082",49
150.95,-30.47,1990,12,"055082",42.5
150.95,-30.47,1991,1,"055082",128.4
150.95,-30.47,1991,2,"055082",103.5
150.95,-30.47,1991,3,"055082",31
150.95,-30.47,1991,4,"055082",0
150.95,-30.47,1991,5,"055082",77.9
150.95,-30.47,1991,6,"055082",44.5
150.95,-30.47,1991,7,"055082",42
150.95,-30.47,1991,8,"055082",3
150.95,-30.47,1991,9,"055082",19.5
150.95,-30.47,1991,10,"055082",35.2
150.95,-30.47,1991,11,"055082",39.5
150.95,-30.47,1991,12,"055082",115.4
150.95,-30.47,1992,1,"055082",107
150.95,-30.47,1992,2,"055082",146.7
150.95,-30.47,1992,3,"055082",13
150.95,-30.47,1992,4,"055082",41
150.95,-30.47,1992,5,"055082",24.5
150.95,-30.47,1992,6,"055082",44
150.95,-30.47,1992,7,"055082",39.8
150.95,-30.47,1992,8,"055082",65
150.95,-30.47,1992,9,"055082",26
150.95,-30.47,1992,10,"055082",72.5
150.95,-30.47,1992,11,"055082",111.5
150.95,-30.47,1992,12,"055082",104.3
150.95,-30.47,1993,1,"055082",179.2
150.95,-30.47,1993,2,"055082",69
150.95,-30.47,1993,3,"055082",16.5
150.95,-30.47,1993,4,"055082",3
150.95,-30.47,1993,5,"055082",22.2
150.95,-30.47,1993,6,"055082",77
150.95,-30.47,1993,7,"055082",84.5
150.95,-30.47,1993,8,"055082",42
150.95,-30.47,1993,9,"055082",45
150.95,-30.47,1993,10,"055082",94
150.95,-30.47,1993,11,"055082",75.5
150.95,-30.47,1993,12,"055082",91.5
150.95,-30.47,1994,1,"055082",54
150.95,-30.47,1994,2,"055082",78
150.95,-30.47,1994,3,"055082",83
150.95,-30.47,1994,4,"055082",26
150.95,-30.47,1994,5,"055082",4
150.95,-30.47,1994,6,"055082",3
150.95,-30.47,1994,7,"055082",12
150.95,-30.47,1994,8,"055082",55
150.95,-30.47,1994,9,"055082",0
150.95,-30.47,1994,10,"055082",22.2
150.95,-30.47,1994,11,"055082",71.5
150.95,-30.47,1994,12,"055082",124
150.95,-30.47,1995,1,"055082",87.2
150.95,-30.47,1995,2,"055082",76.6
150.95,-30.47,1995,3,"055082",13
150.95,-30.47,1995,4,"055082",6.5
150.95,-30.47,1995,5,"055082",75.5
150.95,-30.47,1995,6,"055082",58
150.95,-30.47,1995,7,"055082",20.5
150.95,-30.47,1995,8,"055082",0
150.95,-30.47,1995,9,"055082",89.5
150.95,-30.47,1995,10,"055082",53.5
150.95,-30.47,1995,11,"055082",188.2
150.95,-30.47,1995,12,"055082",37.7
150.95,-30.47,1996,1,"055082",224.5
150.95,-30.47,1996,2,"055082",71
150.95,-30.47,1996,3,"055082",7
150.95,-30.47,1996,4,"055082",25
150.95,-30.47,1996,5,"055082",75.5
150.95,-30.47,1996,6,"055082",62
150.95,-30.47,1996,7,"055082",63.5
150.95,-30.47,1996,8,"055082",87
150.95,-30.47,1996,9,"055082",68
150.95,-30.47,1996,10,"055082",50
150.95,-30.47,1996,11,"055082",118
150.95,-30.47,1996,12,"055082",177.5
150.95,-30.47,1997,1,"055082",102.5
150.95,-30.47,1997,2,"055082",211.5
150.95,-30.47,1997,3,"055082",15
150.95,-30.47,1997,4,"055082",0
150.95,-30.47,1997,5,"055082",83
150.95,-30.47,1997,6,"055082",18.9
150.95,-30.47,1997,7,"055082",17
150.95,-30.47,1997,8,"055082",NA
150.95,-30.47,1997,9,"055082",83
150.95,-30.47,1997,10,"055082",81
150.95,-30.47,1997,11,"055082",69
150.95,-30.47,1997,12,"055082",145
150.95,-30.47,1998,1,"055082",33
150.95,-30.47,1998,2,"055082",82
150.95,-30.47,1998,3,"055082",23
150.95,-30.47,1998,4,"055082",62.5
150.95,-30.47,1998,5,"055082",70
150.95,-30.47,1998,6,"055082",NA
150.95,-30.47,1998,7,"055082",103
150.95,-30.47,1998,8,"055082",99.5
150.95,-30.47,1998,9,"055082",166
150.95,-30.47,1998,10,"055082",113
150.95,-30.47,1998,11,"055082",17
150.95,-30.47,1998,12,"055082",39
150.95,-30.47,1999,1,"055082",NA
150.95,-30.47,1999,2,"055082",36.5
150.95,-30.47,1999,3,"055082",119.5
150.95,-30.47,1999,4,"055082",66.5
150.95,-30.47,1999,5,"055082",10
150.95,-30.47,1999,6,"055082",57
150.95,-30.47,1999,7,"055082",35
150.95,-30.47,1999,8,"055082",57
150.95,-30.47,1999,9,"055082",40.5
150.95,-30.47,1999,10,"055082",194.5
150.95,-30.47,1999,11,"055082",194
150.95,-30.47,1999,12,"055082",70
150.95,-30.47,2000,1,"055082",13.2
150.95,-30.47,2000,2,"055082",NA
150.95,-30.47,2000,3,"055082",139
150.95,-30.47,2000,4,"055082",20
150.95,-30.47,2000,5,"055082",29
150.95,-30.47,2000,6,"055082",5
150.95,-30.47,2000,7,"055082",53
150.95,-30.47,2000,8,"055082",59
150.95,-30.47,2000,9,"055082",15
150.95,-30.47,2000,10,"055082",107
150.95,-30.47,2000,11,"055082",164
150.95,-30.47,2000,12,"055082",62
150.95,-30.47,2001,1,"055082",87
150.95,-30.47,2001,2,"055082",68
150.95,-30.47,2001,3,"055082",124.8
150.95,-30.47,2001,4,"055082",22.8
150.95,-30.47,2001,5,"055082",NA
150.95,-30.47,2001,6,"055082",13
150.95,-30.47,2001,7,"055082",86
150.95,-30.47,2001,8,"055082",36
150.95,-30.47,2001,9,"055082",29
150.95,-30.47,2001,10,"055082",56
150.95,-30.47,2001,11,"055082",175
150.95,-30.47,2001,12,"055082",43.4
150.95,-30.47,2002,1,"055082",62
150.95,-30.47,2002,2,"055082",NA
150.95,-30.47,2002,3,"055082",77
150.95,-30.47,2002,4,"055082",0
150.95,-30.47,2002,5,"055082",5
150.95,-30.47,2002,6,"055082",32
150.95,-30.47,2002,7,"055082",5
150.95,-30.47,2002,8,"055082",16
150.95,-30.47,2002,9,"055082",38
150.95,-30.47,2002,10,"055082",NA
150.95,-30.47,2002,11,"055082",NA
150.95,-30.47,2002,12,"055082",69
150.95,-30.47,2003,1,"055082",12
150.95,-30.47,2003,2,"055082",84
150.95,-30.47,2003,3,"055082",46
150.95,-30.47,2003,4,"055082",NA
150.95,-30.47,2003,5,"055082",9
150.95,-30.47,2003,6,"055082",NA
150.95,-30.47,2003,7,"055082",45
150.95,-30.47,2003,8,"055082",45
150.95,-30.47,2003,9,"055082",4
150.95,-30.47,2003,10,"055082",NA
150.95,-30.47,2003,11,"055082",54
150.95,-30.47,2003,12,"055082",53
150.95,-30.47,2004,1,"055082",198
150.95,-30.47,2004,2,"055082",61
150.95,-30.47,2004,3,"055082",NA
150.95,-30.47,2004,4,"055082",NA
150.95,-30.47,2004,5,"055082",20
150.95,-30.47,2004,6,"055082",30
150.95,-30.47,2004,7,"055082",42
150.95,-30.47,2004,8,"055082",NA
150.95,-30.47,2004,9,"055082",70
150.95,-30.47,2004,10,"055082",NA
150.95,-30.47,2004,11,"055082",NA
150.95,-30.47,2004,12,"055082",150
150.95,-30.47,2005,1,"055082",84
150.95,-30.47,2005,2,"055082",68
150.95,-30.47,2005,3,"055082",15
150.95,-30.47,2005,4,"055082",0
150.95,-30.47,2005,5,"055082",26
150.95,-30.47,2005,6,"055082",147.5
150.95,-30.47,2005,7,"055082",NA
150.95,-30.47,2005,8,"055082",27
150.95,-30.47,2005,9,"055082",90
150.95,-30.47,2005,10,"055082",37
150.95,-30.47,2005,11,"055082",133
150.95,-30.47,2005,12,"055082",87
150.95,-30.47,2006,1,"055082",63
150.95,-30.47,2006,2,"055082",72
150.95,-30.47,2006,3,"055082",33
150.95,-30.47,2006,4,"055082",NA
150.95,-30.47,2006,5,"055082",0
150.95,-30.47,2006,6,"055082",NA
150.95,-30.47,2006,7,"055082",NA
150.95,-30.47,2006,8,"055082",NA
150.95,-30.47,2006,9,"055082",NA
150.95,-30.47,2006,10,"055082",NA
150.95,-30.47,2006,11,"055082",124
150.95,-30.47,2006,12,"055082",40
150.95,-30.47,2007,1,"055082",62
150.95,-30.47,2007,2,"055082",NA
150.95,-30.47,2007,3,"055082",NA
150.95,-30.47,2007,4,"055082",41
150.95,-30.47,2007,5,"055082",NA
150.95,-30.47,2007,6,"055082",NA
150.95,-30.47,2007,7,"055082",10
150.95,-30.47,2007,8,"055082",81
150.95,-30.47,2007,9,"055082",0
150.95,-30.47,2007,10,"055082",93
150.95,-30.47,2007,11,"055082",96
150.95,-30.47,2007,12,"055082",147
150.95,-30.47,2008,1,"055082",NA
150.95,-30.47,2008,2,"055082",NA
150.95,-30.47,2008,3,"055082",NA
150.95,-30.47,2008,4,"055082",NA
150.95,-30.47,2008,5,"055082",32.5
150.95,-30.47,2008,6,"055082",57
150.95,-30.47,2008,7,"055082",44
150.95,-30.47,2008,8,"055082",52
150.95,-30.47,2008,9,"055082",49.5
150.95,-30.47,2008,10,"055082",69.5
150.95,-30.47,2008,11,"055082",114.5
150.95,-30.47,2008,12,"055082",NA
150.95,-30.47,2009,1,"055082",41
150.95,-30.47,2009,2,"055082",98.5
150.95,-30.47,2009,3,"055082",8
150.95,-30.47,2009,4,"055082",76
150.95,-30.47,2009,5,"055082",19
150.95,-30.47,2009,6,"055082",47
150.95,-30.47,2009,7,"055082",25.5
150.95,-30.47,2009,8,"055082",16
150.95,-30.47,2009,9,"055082",30.5
150.95,-30.47,2009,10,"055082",65
150.95,-30.47,2009,11,"055082",24.5
150.95,-30.47,2009,12,"055082",85
150.95,-30.47,2010,1,"055082",101.5
150.95,-30.47,2010,2,"055082",32.5
150.95,-30.47,2010,3,"055082",39.5
150.95,-30.47,2010,4,"055082",13.5
150.95,-30.47,2010,5,"055082",94
150.95,-30.47,2010,6,"055082",64.5
150.95,-30.47,2010,7,"055082",115
150.95,-30.47,2010,8,"055082",57
150.95,-30.47,2010,9,"055082",67.5
150.95,-30.47,2010,10,"055082",94
150.95,-30.47,2010,11,"055082",NA
150.95,-30.47,2010,12,"055082",136
150.95,-30.47,2011,1,"055082",55
150.95,-30.47,2011,2,"055082",63.5
150.95,-30.47,2011,3,"055082",83
150.95,-30.47,2011,4,"055082",NA
150.95,-30.47,2011,5,"055082",60.6
150.95,-30.47,2011,6,"055082",47.4
150.95,-30.47,2011,7,"055082",8
150.95,-30.47,2011,8,"055082",54.2
150.95,-30.47,2011,9,"055082",NA
150.95,-30.47,2011,10,"055082",102.4
150.95,-30.47,2011,11,"055082",183
150.95,-30.47,2011,12,"055082",NA
150.95,-30.47,2012,1,"055082",91.8
150.95,-30.47,2012,2,"055082",NA
150.95,-30.47,2012,3,"055082",5
150.95,-30.47,2012,4,"055082",42.2
150.95,-30.47,2012,5,"055082",23
150.95,-30.47,2012,6,"055082",41.6
150.95,-30.47,2012,7,"055082",NA
150.95,-30.47,2012,8,"055082",20
150.95,-30.47,2012,9,"055082",NA
150.95,-30.47,2012,10,"055082",21
150.95,-30.47,2012,11,"055082",42
150.95,-30.47,2012,12,"055082",NA
150.95,-30.47,2013,1,"055082",76
150.95,-30.47,2013,2,"055082",52
150.95,-30.47,2013,3,"055082",70
150.95,-30.47,2013,4,"055082",NA
150.95,-30.47,2013,5,"055082",NA
150.95,-30.47,2013,6,"055082",100
150.95,-30.47,2013,7,"055082",29
150.95,-30.47,2013,8,"055082",15
150.95,-30.47,2013,9,"055082",18
150.95,-30.47,2013,10,"055082",15
150.95,-30.47,2013,11,"055082",122
150.95,-30.47,2013,12,"055082",15
150.95,-30.47,2014,1,"055082",2
150.95,-30.47,2014,2,"055082",61
150.95,-30.47,2014,3,"055082",112
150.95,-30.47,2014,4,"055082",5
150.95,-30.47,2014,5,"055082",20
150.95,-30.47,2014,6,"055082",33
150.95,-30.47,2014,7,"055082",24
150.95,-30.47,2014,8,"055082",56
150.95,-30.47,2014,9,"055082",26
150.95,-30.47,2014,10,"055082",13
150.95,-30.47,2014,11,"055082",36
150.95,-30.47,2014,12,"055082",NA
