"Lon","Lat","Year","Month","Station","Rain"
151.48,-32.25,1969,1,"061292",NA
151.48,-32.25,1969,2,"061292",NA
151.48,-32.25,1969,3,"061292",NA
151.48,-32.25,1969,4,"061292",NA
151.48,-32.25,1969,5,"061292",NA
151.48,-32.25,1969,6,"061292",NA
151.48,-32.25,1969,7,"061292",53.5
151.48,-32.25,1969,8,"061292",92.1
151.48,-32.25,1969,9,"061292",70.6
151.48,-32.25,1969,10,"061292",115.9
151.48,-32.25,1969,11,"061292",96.8
151.48,-32.25,1969,12,"061292",7.6
151.48,-32.25,1970,1,"061292",133.5
151.48,-32.25,1970,2,"061292",66.1
151.48,-32.25,1970,3,"061292",76.8
151.48,-32.25,1970,4,"061292",29
151.48,-32.25,1970,5,"061292",3.1
151.48,-32.25,1970,6,"061292",15
151.48,-32.25,1970,7,"061292",0
151.48,-32.25,1970,8,"061292",25.5
151.48,-32.25,1970,9,"061292",123
151.48,-32.25,1970,10,"061292",52.6
151.48,-32.25,1970,11,"061292",88.4
151.48,-32.25,1970,12,"061292",184
151.48,-32.25,1971,1,"061292",389.6
151.48,-32.25,1971,2,"061292",173.4
151.48,-32.25,1971,3,"061292",105.4
151.48,-32.25,1971,4,"061292",29
151.48,-32.25,1971,5,"061292",53.3
151.48,-32.25,1971,6,"061292",74.2
151.48,-32.25,1971,7,"061292",28.5
151.48,-32.25,1971,8,"061292",18.1
151.48,-32.25,1971,9,"061292",71.1
151.48,-32.25,1971,10,"061292",1
151.48,-32.25,1971,11,"061292",27.9
151.48,-32.25,1971,12,"061292",199.1
151.48,-32.25,1972,1,"061292",405.9
151.48,-32.25,1972,2,"061292",23.4
151.48,-32.25,1972,3,"061292",168.1
151.48,-32.25,1972,4,"061292",80.5
151.48,-32.25,1972,5,"061292",78.2
151.48,-32.25,1972,6,"061292",66.8
151.48,-32.25,1972,7,"061292",1.8
151.48,-32.25,1972,8,"061292",21.2
151.48,-32.25,1972,9,"061292",46.9
151.48,-32.25,1972,10,"061292",205.2
151.48,-32.25,1972,11,"061292",78.1
151.48,-32.25,1972,12,"061292",47.7
151.48,-32.25,1973,1,"061292",46.4
151.48,-32.25,1973,2,"061292",272.6
151.48,-32.25,1973,3,"061292",61.8
151.48,-32.25,1973,4,"061292",15.8
151.48,-32.25,1973,5,"061292",8.4
151.48,-32.25,1973,6,"061292",29.2
151.48,-32.25,1973,7,"061292",76.1
151.48,-32.25,1973,8,"061292",26.7
151.48,-32.25,1973,9,"061292",42.4
151.48,-32.25,1973,10,"061292",104.7
151.48,-32.25,1973,11,"061292",160.5
151.48,-32.25,1973,12,"061292",170.5
151.48,-32.25,1974,1,"061292",272.6
151.48,-32.25,1974,2,"061292",71.8
151.48,-32.25,1974,3,"061292",83.4
151.48,-32.25,1974,4,"061292",96.6
151.48,-32.25,1974,5,"061292",158.1
151.48,-32.25,1974,6,"061292",109.5
151.48,-32.25,1974,7,"061292",9.9
151.48,-32.25,1974,8,"061292",31.8
151.48,-32.25,1974,9,"061292",18.5
151.48,-32.25,1974,10,"061292",60.9
151.48,-32.25,1974,11,"061292",65.3
151.48,-32.25,1974,12,"061292",32
151.48,-32.25,1975,1,"061292",85.8
151.48,-32.25,1975,2,"061292",224.3
151.48,-32.25,1975,3,"061292",91.2
151.48,-32.25,1975,4,"061292",66.8
151.48,-32.25,1975,5,"061292",22.4
151.48,-32.25,1975,6,"061292",143.2
151.48,-32.25,1975,7,"061292",24.8
151.48,-32.25,1975,8,"061292",25.5
151.48,-32.25,1975,9,"061292",112
151.48,-32.25,1975,10,"061292",57.6
151.48,-32.25,1975,11,"061292",92.6
151.48,-32.25,1975,12,"061292",99.4
151.48,-32.25,1976,1,"061292",284.5
151.48,-32.25,1976,2,"061292",236.5
151.48,-32.25,1976,3,"061292",290.7
151.48,-32.25,1976,4,"061292",71.9
151.48,-32.25,1976,5,"061292",44.4
151.48,-32.25,1976,6,"061292",94.9
151.48,-32.25,1976,7,"061292",79.6
151.48,-32.25,1976,8,"061292",26.6
151.48,-32.25,1976,9,"061292",9
151.48,-32.25,1976,10,"061292",93.5
151.48,-32.25,1976,11,"061292",37.8
151.48,-32.25,1976,12,"061292",49
151.48,-32.25,1977,1,"061292",84.2
151.48,-32.25,1977,2,"061292",151
151.48,-32.25,1977,3,"061292",255.2
151.48,-32.25,1977,4,"061292",32.2
151.48,-32.25,1977,5,"061292",277.7
151.48,-32.25,1977,6,"061292",43.8
151.48,-32.25,1977,7,"061292",30
151.48,-32.25,1977,8,"061292",26.2
151.48,-32.25,1977,9,"061292",98.8
151.48,-32.25,1977,10,"061292",14.3
151.48,-32.25,1977,11,"061292",64.3
151.48,-32.25,1977,12,"061292",13.4
151.48,-32.25,1978,1,"061292",262.5
151.48,-32.25,1978,2,"061292",21.1
151.48,-32.25,1978,3,"061292",443.4
151.48,-32.25,1978,4,"061292",53.5
151.48,-32.25,1978,5,"061292",113
151.48,-32.25,1978,6,"061292",63.8
151.48,-32.25,1978,7,"061292",22.8
151.48,-32.25,1978,8,"061292",47.4
151.48,-32.25,1978,9,"061292",61.6
151.48,-32.25,1978,10,"061292",59.6
151.48,-32.25,1978,11,"061292",104.5
151.48,-32.25,1978,12,"061292",136.8
151.48,-32.25,1979,1,"061292",97.8
151.48,-32.25,1979,2,"061292",32.4
151.48,-32.25,1979,3,"061292",164.2
151.48,-32.25,1979,4,"061292",43
151.48,-32.25,1979,5,"061292",208
151.48,-32.25,1979,6,"061292",77.8
151.48,-32.25,1979,7,"061292",14.2
151.48,-32.25,1979,8,"061292",5.1
151.48,-32.25,1979,9,"061292",20.9
151.48,-32.25,1979,10,"061292",34.7
151.48,-32.25,1979,11,"061292",17.2
151.48,-32.25,1979,12,"061292",6.5
151.48,-32.25,1980,1,"061292",37.3
151.48,-32.25,1980,2,"061292",85.6
151.48,-32.25,1980,3,"061292",57.6
151.48,-32.25,1980,4,"061292",1.9
151.48,-32.25,1980,5,"061292",71
151.48,-32.25,1980,6,"061292",59.8
151.48,-32.25,1980,7,"061292",22.2
151.48,-32.25,1980,8,"061292",6.1
151.48,-32.25,1980,9,"061292",0.6
151.48,-32.25,1980,10,"061292",69
151.48,-32.25,1980,11,"061292",15
151.48,-32.25,1980,12,"061292",76.6
151.48,-32.25,1981,1,"061292",64.4
151.48,-32.25,1981,2,"061292",267
151.48,-32.25,1981,3,"061292",11.4
151.48,-32.25,1981,4,"061292",74.1
151.48,-32.25,1981,5,"061292",52.4
151.48,-32.25,1981,6,"061292",21.4
151.48,-32.25,1981,7,"061292",44
151.48,-32.25,1981,8,"061292",11.8
151.48,-32.25,1981,9,"061292",22.2
151.48,-32.25,1981,10,"061292",98.6
151.48,-32.25,1981,11,"061292",132.3
151.48,-32.25,1981,12,"061292",126.2
151.48,-32.25,1982,1,"061292",198
151.48,-32.25,1982,2,"061292",70.6
151.48,-32.25,1982,3,"061292",247.3
151.48,-32.25,1982,4,"061292",4
151.48,-32.25,1982,5,"061292",17.2
151.48,-32.25,1982,6,"061292",30.6
151.48,-32.25,1982,7,"061292",38.6
151.48,-32.25,1982,8,"061292",3.8
151.48,-32.25,1982,9,"061292",90.3
151.48,-32.25,1982,10,"061292",161
151.48,-32.25,1982,11,"061292",6.6
151.48,-32.25,1982,12,"061292",42.1
151.48,-32.25,1983,1,"061292",56.8
151.48,-32.25,1983,2,"061292",79.6
151.48,-32.25,1983,3,"061292",80.9
151.48,-32.25,1983,4,"061292",139.6
151.48,-32.25,1983,5,"061292",70.9
151.48,-32.25,1983,6,"061292",31.6
151.48,-32.25,1983,7,"061292",31.6
151.48,-32.25,1983,8,"061292",20.4
151.48,-32.25,1983,9,"061292",43.3
151.48,-32.25,1983,10,"061292",149.8
151.48,-32.25,1983,11,"061292",53.7
151.48,-32.25,1983,12,"061292",157.6
151.48,-32.25,1984,1,"061292",211.8
151.48,-32.25,1984,2,"061292",109
151.48,-32.25,1984,3,"061292",132.9
151.48,-32.25,1984,4,"061292",143.4
151.48,-32.25,1984,5,"061292",40.9
151.48,-32.25,1984,6,"061292",45.8
151.48,-32.25,1984,7,"061292",91.2
151.48,-32.25,1984,8,"061292",14
151.48,-32.25,1984,9,"061292",26.3
151.48,-32.25,1984,10,"061292",175.5
151.48,-32.25,1984,11,"061292",217.2
151.48,-32.25,1984,12,"061292",124.4
151.48,-32.25,1985,1,"061292",25.7
151.48,-32.25,1985,2,"061292",133.9
151.48,-32.25,1985,3,"061292",83
151.48,-32.25,1985,4,"061292",144.8
151.48,-32.25,1985,5,"061292",110.6
151.48,-32.25,1985,6,"061292",38.9
151.48,-32.25,1985,7,"061292",101.1
151.48,-32.25,1985,8,"061292",68.2
151.48,-32.25,1985,9,"061292",39.2
151.48,-32.25,1985,10,"061292",289.7
151.48,-32.25,1985,11,"061292",48.8
151.48,-32.25,1985,12,"061292",50.8
151.48,-32.25,1986,1,"061292",185.8
151.48,-32.25,1986,2,"061292",56
151.48,-32.25,1986,3,"061292",11.8
151.48,-32.25,1986,4,"061292",29.9
151.48,-32.25,1986,5,"061292",28
151.48,-32.25,1986,6,"061292",32.2
151.48,-32.25,1986,7,"061292",17.4
151.48,-32.25,1986,8,"061292",112.6
151.48,-32.25,1986,9,"061292",129.8
151.48,-32.25,1986,10,"061292",28.4
151.48,-32.25,1986,11,"061292",164.7
151.48,-32.25,1986,12,"061292",9.6
151.48,-32.25,1987,1,"061292",200
151.48,-32.25,1987,2,"061292",23.8
151.48,-32.25,1987,3,"061292",142.4
151.48,-32.25,1987,4,"061292",30.6
151.48,-32.25,1987,5,"061292",78.1
151.48,-32.25,1987,6,"061292",39.6
151.48,-32.25,1987,7,"061292",26.6
151.48,-32.25,1987,8,"061292",156.2
151.48,-32.25,1987,9,"061292",20.4
151.48,-32.25,1987,10,"061292",104.8
151.48,-32.25,1987,11,"061292",182.6
151.48,-32.25,1987,12,"061292",149
151.48,-32.25,1988,1,"061292",200.6
151.48,-32.25,1988,2,"061292",251
151.48,-32.25,1988,3,"061292",90.2
151.48,-32.25,1988,4,"061292",257.5
151.48,-32.25,1988,5,"061292",44.8
151.48,-32.25,1988,6,"061292",46.9
151.48,-32.25,1988,7,"061292",40.6
151.48,-32.25,1988,8,"061292",43.1
151.48,-32.25,1988,9,"061292",132
151.48,-32.25,1988,10,"061292",5
151.48,-32.25,1988,11,"061292",93.7
151.48,-32.25,1988,12,"061292",89.8
151.48,-32.25,1989,1,"061292",153
151.48,-32.25,1989,2,"061292",88.6
151.48,-32.25,1989,3,"061292",245.6
151.48,-32.25,1989,4,"061292",180.5
151.48,-32.25,1989,5,"061292",144.8
151.48,-32.25,1989,6,"061292",132
151.48,-32.25,1989,7,"061292",55.3
151.48,-32.25,1989,8,"061292",11.1
151.48,-32.25,1989,9,"061292",9
151.48,-32.25,1989,10,"061292",46.5
151.48,-32.25,1989,11,"061292",77.6
151.48,-32.25,1989,12,"061292",116.6
151.48,-32.25,1990,1,"061292",132.9
151.48,-32.25,1990,2,"061292",588.2
151.48,-32.25,1990,3,"061292",141.2
151.48,-32.25,1990,4,"061292",115.3
151.48,-32.25,1990,5,"061292",84.5
151.48,-32.25,1990,6,"061292",50.1
151.48,-32.25,1990,7,"061292",55.6
151.48,-32.25,1990,8,"061292",79.6
151.48,-32.25,1990,9,"061292",104.7
151.48,-32.25,1990,10,"061292",53.6
151.48,-32.25,1990,11,"061292",16.6
151.48,-32.25,1990,12,"061292",81.6
151.48,-32.25,1991,1,"061292",72.6
151.48,-32.25,1991,2,"061292",23.2
151.48,-32.25,1991,3,"061292",38.1
151.48,-32.25,1991,4,"061292",8.6
151.48,-32.25,1991,5,"061292",107.1
151.48,-32.25,1991,6,"061292",78.2
151.48,-32.25,1991,7,"061292",26.6
151.48,-32.25,1991,8,"061292",12.6
151.48,-32.25,1991,9,"061292",6.6
151.48,-32.25,1991,10,"061292",23.2
151.48,-32.25,1991,11,"061292",37
151.48,-32.25,1991,12,"061292",222.3
151.48,-32.25,1992,1,"061292",125.8
151.48,-32.25,1992,2,"061292",300.3
151.48,-32.25,1992,3,"061292",149.6
151.48,-32.25,1992,4,"061292",97
151.48,-32.25,1992,5,"061292",28.5
151.48,-32.25,1992,6,"061292",57.6
151.48,-32.25,1992,7,"061292",11.3
151.48,-32.25,1992,8,"061292",34.4
151.48,-32.25,1992,9,"061292",34
151.48,-32.25,1992,10,"061292",15.8
151.48,-32.25,1992,11,"061292",93.4
151.48,-32.25,1992,12,"061292",251.4
151.48,-32.25,1993,1,"061292",58.8
151.48,-32.25,1993,2,"061292",86.8
151.48,-32.25,1993,3,"061292",160
151.48,-32.25,1993,4,"061292",30.9
151.48,-32.25,1993,5,"061292",37
151.48,-32.25,1993,6,"061292",73.4
151.48,-32.25,1993,7,"061292",49.6
151.48,-32.25,1993,8,"061292",81.4
151.48,-32.25,1993,9,"061292",51.8
151.48,-32.25,1993,10,"061292",89.9
151.48,-32.25,1993,11,"061292",69.9
151.48,-32.25,1993,12,"061292",58
151.48,-32.25,1994,1,"061292",98
151.48,-32.25,1994,2,"061292",85.7
151.48,-32.25,1994,3,"061292",111.9
151.48,-32.25,1994,4,"061292",84.8
151.48,-32.25,1994,5,"061292",40.9
151.48,-32.25,1994,6,"061292",28.8
151.48,-32.25,1994,7,"061292",24.4
151.48,-32.25,1994,8,"061292",19.8
151.48,-32.25,1994,9,"061292",19.7
151.48,-32.25,1994,10,"061292",33
151.48,-32.25,1994,11,"061292",62.4
151.48,-32.25,1994,12,"061292",152
151.48,-32.25,1995,1,"061292",180.1
151.48,-32.25,1995,2,"061292",53.4
151.48,-32.25,1995,3,"061292",208.4
151.48,-32.25,1995,4,"061292",12.4
151.48,-32.25,1995,5,"061292",109
151.48,-32.25,1995,6,"061292",54.2
151.48,-32.25,1995,7,"061292",8.4
151.48,-32.25,1995,8,"061292",3
151.48,-32.25,1995,9,"061292",113
151.48,-32.25,1995,10,"061292",39.3
151.48,-32.25,1995,11,"061292",130.5
151.48,-32.25,1995,12,"061292",170.2
151.48,-32.25,1996,1,"061292",218
151.48,-32.25,1996,2,"061292",117.7
151.48,-32.25,1996,3,"061292",32.2
151.48,-32.25,1996,4,"061292",7
151.48,-32.25,1996,5,"061292",104
151.48,-32.25,1996,6,"061292",47.9
151.48,-32.25,1996,7,"061292",31.6
151.48,-32.25,1996,8,"061292",98.6
151.48,-32.25,1996,9,"061292",42.8
151.48,-32.25,1996,10,"061292",63
151.48,-32.25,1996,11,"061292",125.6
151.48,-32.25,1996,12,"061292",115.5
151.48,-32.25,1997,1,"061292",164.9
151.48,-32.25,1997,2,"061292",179
151.48,-32.25,1997,3,"061292",80
151.48,-32.25,1997,4,"061292",7.2
151.48,-32.25,1997,5,"061292",88.6
151.48,-32.25,1997,6,"061292",86
151.48,-32.25,1997,7,"061292",46.8
151.48,-32.25,1997,8,"061292",11.6
151.48,-32.25,1997,9,"061292",90
151.48,-32.25,1997,10,"061292",41.2
151.48,-32.25,1997,11,"061292",58.5
151.48,-32.25,1997,12,"061292",55.7
151.48,-32.25,1998,1,"061292",136.6
151.48,-32.25,1998,2,"061292",65.6
151.48,-32.25,1998,3,"061292",50.6
151.48,-32.25,1998,4,"061292",127
151.48,-32.25,1998,5,"061292",303
151.48,-32.25,1998,6,"061292",71.4
151.48,-32.25,1998,7,"061292",97.8
151.48,-32.25,1998,8,"061292",165.9
151.48,-32.25,1998,9,"061292",83.2
151.48,-32.25,1998,10,"061292",89
151.48,-32.25,1998,11,"061292",131.6
151.48,-32.25,1998,12,"061292",22.4
151.48,-32.25,1999,1,"061292",115.5
151.48,-32.25,1999,2,"061292",124.8
151.48,-32.25,1999,3,"061292",119.4
151.48,-32.25,1999,4,"061292",NA
151.48,-32.25,1999,5,"061292",9.2
151.48,-32.25,1999,6,"061292",102.9
151.48,-32.25,1999,7,"061292",145.8
151.48,-32.25,1999,8,"061292",NA
151.48,-32.25,1999,9,"061292",49.4
151.48,-32.25,1999,10,"061292",NA
151.48,-32.25,1999,11,"061292",NA
151.48,-32.25,1999,12,"061292",NA
151.48,-32.25,2000,1,"061292",109
151.48,-32.25,2000,2,"061292",32.8
151.48,-32.25,2000,3,"061292",389.8
151.48,-32.25,2000,4,"061292",109.8
151.48,-32.25,2000,5,"061292",32.8
151.48,-32.25,2000,6,"061292",37.2
151.48,-32.25,2000,7,"061292",56.2
151.48,-32.25,2000,8,"061292",39.8
151.48,-32.25,2000,9,"061292",24.4
151.48,-32.25,2000,10,"061292",35.2
151.48,-32.25,2000,11,"061292",153.3
151.48,-32.25,2000,12,"061292",68.4
151.48,-32.25,2001,1,"061292",76.2
151.48,-32.25,2001,2,"061292",227
151.48,-32.25,2001,3,"061292",292
151.48,-32.25,2001,4,"061292",55
151.48,-32.25,2001,5,"061292",240.2
151.48,-32.25,2001,6,"061292",5
151.48,-32.25,2001,7,"061292",57
151.48,-32.25,2001,8,"061292",39.6
151.48,-32.25,2001,9,"061292",23
151.48,-32.25,2001,10,"061292",39.2
151.48,-32.25,2001,11,"061292",115
151.48,-32.25,2001,12,"061292",97.8
151.48,-32.25,2002,1,"061292",39.8
151.48,-32.25,2002,2,"061292",119.6
151.48,-32.25,2002,3,"061292",138
151.48,-32.25,2002,4,"061292",46
151.48,-32.25,2002,5,"061292",NA
151.48,-32.25,2002,6,"061292",54
151.48,-32.25,2002,7,"061292",19
151.48,-32.25,2002,8,"061292",34
151.48,-32.25,2002,9,"061292",30
151.48,-32.25,2002,10,"061292",12.8
151.48,-32.25,2002,11,"061292",62
151.48,-32.25,2002,12,"061292",183.2
151.48,-32.25,2003,1,"061292",25.2
151.48,-32.25,2003,2,"061292",82
151.48,-32.25,2003,3,"061292",124.8
151.48,-32.25,2003,4,"061292",101.6
151.48,-32.25,2003,5,"061292",163
151.48,-32.25,2003,6,"061292",27.6
151.48,-32.25,2003,7,"061292",29.4
151.48,-32.25,2003,8,"061292",50.2
151.48,-32.25,2003,9,"061292",6
151.48,-32.25,2003,10,"061292",124.1
151.48,-32.25,2003,11,"061292",168.2
151.48,-32.25,2003,12,"061292",97
151.48,-32.25,2004,1,"061292",129.9
151.48,-32.25,2004,2,"061292",154.6
151.48,-32.25,2004,3,"061292",128.2
151.48,-32.25,2004,4,"061292",12
151.48,-32.25,2004,5,"061292",NA
151.48,-32.25,2004,6,"061292",11.5
151.48,-32.25,2004,7,"061292",NA
151.48,-32.25,2004,8,"061292",38.5
151.48,-32.25,2004,9,"061292",43.3
151.48,-32.25,2004,10,"061292",231.6
151.48,-32.25,2004,11,"061292",NA
151.48,-32.25,2004,12,"061292",100
151.48,-32.25,2005,1,"061292",192.8
151.48,-32.25,2005,2,"061292",157.2
151.48,-32.25,2005,3,"061292",200.2
151.48,-32.25,2005,4,"061292",NA
151.48,-32.25,2005,5,"061292",93.8
151.48,-32.25,2005,6,"061292",105
151.48,-32.25,2005,7,"061292",21
151.48,-32.25,2005,8,"061292",4.6
151.48,-32.25,2005,9,"061292",56
151.48,-32.25,2005,10,"061292",123.1
151.48,-32.25,2005,11,"061292",133.7
151.48,-32.25,2005,12,"061292",30.5
151.48,-32.25,2006,1,"061292",119
151.48,-32.25,2006,2,"061292",103.2
151.48,-32.25,2006,3,"061292",38.4
151.48,-32.25,2006,4,"061292",48.2
151.48,-32.25,2006,5,"061292",23.2
151.48,-32.25,2006,6,"061292",25.4
151.48,-32.25,2006,7,"061292",45
151.48,-32.25,2006,8,"061292",79.4
151.48,-32.25,2006,9,"061292",107
151.48,-32.25,2006,10,"061292",29
151.48,-32.25,2006,11,"061292",161.8
151.48,-32.25,2006,12,"061292",110.8
151.48,-32.25,2007,1,"061292",37.2
151.48,-32.25,2007,2,"061292",117
151.48,-32.25,2007,3,"061292",157.8
151.48,-32.25,2007,4,"061292",46.4
151.48,-32.25,2007,5,"061292",29
151.48,-32.25,2007,6,"061292",339
151.48,-32.25,2007,7,"061292",NA
151.48,-32.25,2007,8,"061292",102
151.48,-32.25,2007,9,"061292",33.5
151.48,-32.25,2007,10,"061292",26
151.48,-32.25,2007,11,"061292",216
151.48,-32.25,2007,12,"061292",203
151.48,-32.25,2008,1,"061292",186
151.48,-32.25,2008,2,"061292",197
151.48,-32.25,2008,3,"061292",81.7
151.48,-32.25,2008,4,"061292",NA
151.48,-32.25,2008,5,"061292",22
151.48,-32.25,2008,6,"061292",107.7
151.48,-32.25,2008,7,"061292",NA
151.48,-32.25,2008,8,"061292",NA
151.48,-32.25,2008,9,"061292",NA
151.48,-32.25,2008,10,"061292",NA
151.48,-32.25,2008,11,"061292",NA
151.48,-32.25,2008,12,"061292",NA
