"Lon","Lat","Year","Month","Station","Rain"
117.84,-20.84,1898,1,"004042",110
117.84,-20.84,1898,2,"004042",102.6
117.84,-20.84,1898,3,"004042",7.6
117.84,-20.84,1898,4,"004042",929.1
117.84,-20.84,1898,5,"004042",25.7
117.84,-20.84,1898,6,"004042",29.7
117.84,-20.84,1898,7,"004042",0
117.84,-20.84,1898,8,"004042",0
117.84,-20.84,1898,9,"004042",0
117.84,-20.84,1898,10,"004042",0.3
117.84,-20.84,1898,11,"004042",2.3
117.84,-20.84,1898,12,"004042",9.1
117.84,-20.84,1899,1,"004042",57.4
117.84,-20.84,1899,2,"004042",145.3
117.84,-20.84,1899,3,"004042",711.7
117.84,-20.84,1899,4,"004042",0.3
117.84,-20.84,1899,5,"004042",0.8
117.84,-20.84,1899,6,"004042",84.6
117.84,-20.84,1899,7,"004042",0
117.84,-20.84,1899,8,"004042",26.2
117.84,-20.84,1899,9,"004042",0.3
117.84,-20.84,1899,10,"004042",0
117.84,-20.84,1899,11,"004042",0
117.84,-20.84,1899,12,"004042",31
117.84,-20.84,1900,1,"004042",19.1
117.84,-20.84,1900,2,"004042",26.9
117.84,-20.84,1900,3,"004042",433.8
117.84,-20.84,1900,4,"004042",310.9
117.84,-20.84,1900,5,"004042",15
117.84,-20.84,1900,6,"004042",39.6
117.84,-20.84,1900,7,"004042",65.3
117.84,-20.84,1900,8,"004042",0
117.84,-20.84,1900,9,"004042",0
117.84,-20.84,1900,10,"004042",0
117.84,-20.84,1900,11,"004042",0
117.84,-20.84,1900,12,"004042",0
117.84,-20.84,1901,1,"004042",4.6
117.84,-20.84,1901,2,"004042",227.8
117.84,-20.84,1901,3,"004042",82.3
117.84,-20.84,1901,4,"004042",0
117.84,-20.84,1901,5,"004042",0
117.84,-20.84,1901,6,"004042",34.3
117.84,-20.84,1901,7,"004042",18.8
117.84,-20.84,1901,8,"004042",0
117.84,-20.84,1901,9,"004042",0
117.84,-20.84,1901,10,"004042",0
117.84,-20.84,1901,11,"004042",0
117.84,-20.84,1901,12,"004042",0
117.84,-20.84,1902,1,"004042",258.1
117.84,-20.84,1902,2,"004042",178.8
117.84,-20.84,1902,3,"004042",4.6
117.84,-20.84,1902,4,"004042",0
117.84,-20.84,1902,5,"004042",4.1
117.84,-20.84,1902,6,"004042",0
117.84,-20.84,1902,7,"004042",0
117.84,-20.84,1902,8,"004042",1.8
117.84,-20.84,1902,9,"004042",0
117.84,-20.84,1902,10,"004042",0
117.84,-20.84,1902,11,"004042",0
117.84,-20.84,1902,12,"004042",0
117.84,-20.84,1903,1,"004042",8.4
117.84,-20.84,1903,2,"004042",138.7
117.84,-20.84,1903,3,"004042",273.1
117.84,-20.84,1903,4,"004042",19.8
117.84,-20.84,1903,5,"004042",0
117.84,-20.84,1903,6,"004042",24.9
117.84,-20.84,1903,7,"004042",0
117.84,-20.84,1903,8,"004042",0
117.84,-20.84,1903,9,"004042",0
117.84,-20.84,1903,10,"004042",0
117.84,-20.84,1903,11,"004042",0
117.84,-20.84,1903,12,"004042",5.6
117.84,-20.84,1904,1,"004042",52.1
117.84,-20.84,1904,2,"004042",6.1
117.84,-20.84,1904,3,"004042",117.6
117.84,-20.84,1904,4,"004042",0
117.84,-20.84,1904,5,"004042",13
117.84,-20.84,1904,6,"004042",24.1
117.84,-20.84,1904,7,"004042",127.3
117.84,-20.84,1904,8,"004042",0.8
117.84,-20.84,1904,9,"004042",23.1
117.84,-20.84,1904,10,"004042",0
117.84,-20.84,1904,11,"004042",4.3
117.84,-20.84,1904,12,"004042",21.3
117.84,-20.84,1905,1,"004042",0.5
117.84,-20.84,1905,2,"004042",78.7
117.84,-20.84,1905,3,"004042",34.3
117.84,-20.84,1905,4,"004042",0
117.84,-20.84,1905,5,"004042",68.3
117.84,-20.84,1905,6,"004042",14.7
117.84,-20.84,1905,7,"004042",0
117.84,-20.84,1905,8,"004042",6.1
117.84,-20.84,1905,9,"004042",1.3
117.84,-20.84,1905,10,"004042",0
117.84,-20.84,1905,11,"004042",0
117.84,-20.84,1905,12,"004042",0
117.84,-20.84,1906,1,"004042",26.4
117.84,-20.84,1906,2,"004042",24.4
117.84,-20.84,1906,3,"004042",0
117.84,-20.84,1906,4,"004042",0
117.84,-20.84,1906,5,"004042",0
117.84,-20.84,1906,6,"004042",89.2
117.84,-20.84,1906,7,"004042",17
117.84,-20.84,1906,8,"004042",104.1
117.84,-20.84,1906,9,"004042",2.8
117.84,-20.84,1906,10,"004042",5.1
117.84,-20.84,1906,11,"004042",0
117.84,-20.84,1906,12,"004042",4.8
117.84,-20.84,1907,1,"004042",59.1
117.84,-20.84,1907,2,"004042",100.2
117.84,-20.84,1907,3,"004042",259.5
117.84,-20.84,1907,4,"004042",0
117.84,-20.84,1907,5,"004042",0
117.84,-20.84,1907,6,"004042",10.4
117.84,-20.84,1907,7,"004042",15.7
117.84,-20.84,1907,8,"004042",0
117.84,-20.84,1907,9,"004042",0
117.84,-20.84,1907,10,"004042",0
117.84,-20.84,1907,11,"004042",0
117.84,-20.84,1907,12,"004042",0
117.84,-20.84,1908,1,"004042",0.3
117.84,-20.84,1908,2,"004042",0.8
117.84,-20.84,1908,3,"004042",0
117.84,-20.84,1908,4,"004042",0
117.84,-20.84,1908,5,"004042",79.6
117.84,-20.84,1908,6,"004042",121.6
117.84,-20.84,1908,7,"004042",52.6
117.84,-20.84,1908,8,"004042",0
117.84,-20.84,1908,9,"004042",0
117.84,-20.84,1908,10,"004042",0
117.84,-20.84,1908,11,"004042",0
117.84,-20.84,1908,12,"004042",33.8
117.84,-20.84,1909,1,"004042",74.9
117.84,-20.84,1909,2,"004042",7.6
117.84,-20.84,1909,3,"004042",9.7
117.84,-20.84,1909,4,"004042",60.4
117.84,-20.84,1909,5,"004042",21.1
117.84,-20.84,1909,6,"004042",63.5
117.84,-20.84,1909,7,"004042",38.1
117.84,-20.84,1909,8,"004042",3.6
117.84,-20.84,1909,9,"004042",0
117.84,-20.84,1909,10,"004042",0
117.84,-20.84,1909,11,"004042",47
117.84,-20.84,1909,12,"004042",28.4
117.84,-20.84,1910,1,"004042",0
117.84,-20.84,1910,2,"004042",96.3
117.84,-20.84,1910,3,"004042",14.5
117.84,-20.84,1910,4,"004042",3
117.84,-20.84,1910,5,"004042",152.7
117.84,-20.84,1910,6,"004042",22.9
117.84,-20.84,1910,7,"004042",75.7
117.84,-20.84,1910,8,"004042",0
117.84,-20.84,1910,9,"004042",0.6
117.84,-20.84,1910,10,"004042",0
117.84,-20.84,1910,11,"004042",50.5
117.84,-20.84,1910,12,"004042",1.3
117.84,-20.84,1911,1,"004042",0.8
117.84,-20.84,1911,2,"004042",155.7
117.84,-20.84,1911,3,"004042",0
117.84,-20.84,1911,4,"004042",0.5
117.84,-20.84,1911,5,"004042",23.1
117.84,-20.84,1911,6,"004042",37.2
117.84,-20.84,1911,7,"004042",0
117.84,-20.84,1911,8,"004042",5.1
117.84,-20.84,1911,9,"004042",0
117.84,-20.84,1911,10,"004042",0
117.84,-20.84,1911,11,"004042",0
117.84,-20.84,1911,12,"004042",0.5
117.84,-20.84,1912,1,"004042",4.9
117.84,-20.84,1912,2,"004042",70.1
117.84,-20.84,1912,3,"004042",237.8
117.84,-20.84,1912,4,"004042",0
117.84,-20.84,1912,5,"004042",0
117.84,-20.84,1912,6,"004042",0
117.84,-20.84,1912,7,"004042",8.9
117.84,-20.84,1912,8,"004042",0
117.84,-20.84,1912,9,"004042",0
117.84,-20.84,1912,10,"004042",0
117.84,-20.84,1912,11,"004042",0
117.84,-20.84,1912,12,"004042",0
117.84,-20.84,1913,1,"004042",8.9
117.84,-20.84,1913,2,"004042",8.4
117.84,-20.84,1913,3,"004042",267.2
117.84,-20.84,1913,4,"004042",111.6
117.84,-20.84,1913,5,"004042",0
117.84,-20.84,1913,6,"004042",4.1
117.84,-20.84,1913,7,"004042",29.8
117.84,-20.84,1913,8,"004042",9.9
117.84,-20.84,1913,9,"004042",0
117.84,-20.84,1913,10,"004042",0
117.84,-20.84,1913,11,"004042",0
117.84,-20.84,1913,12,"004042",1.3
117.84,-20.84,1914,1,"004042",85.7
117.84,-20.84,1914,2,"004042",6.3
117.84,-20.84,1914,3,"004042",0
117.84,-20.84,1914,4,"004042",0
117.84,-20.84,1914,5,"004042",8.6
117.84,-20.84,1914,6,"004042",0
117.84,-20.84,1914,7,"004042",12.4
117.84,-20.84,1914,8,"004042",0
117.84,-20.84,1914,9,"004042",0
117.84,-20.84,1914,10,"004042",0
117.84,-20.84,1914,11,"004042",0
117.84,-20.84,1914,12,"004042",6.6
117.84,-20.84,1915,1,"004042",113
117.84,-20.84,1915,2,"004042",72.6
117.84,-20.84,1915,3,"004042",14.2
117.84,-20.84,1915,4,"004042",2
117.84,-20.84,1915,5,"004042",0
117.84,-20.84,1915,6,"004042",155.4
117.84,-20.84,1915,7,"004042",0
117.84,-20.84,1915,8,"004042",0
117.84,-20.84,1915,9,"004042",0
117.84,-20.84,1915,10,"004042",0
117.84,-20.84,1915,11,"004042",0
117.84,-20.84,1915,12,"004042",0.5
117.84,-20.84,1916,1,"004042",0.5
117.84,-20.84,1916,2,"004042",75.4
117.84,-20.84,1916,3,"004042",39.1
117.84,-20.84,1916,4,"004042",0
117.84,-20.84,1916,5,"004042",79.2
117.84,-20.84,1916,6,"004042",65
117.84,-20.84,1916,7,"004042",0
117.84,-20.84,1916,8,"004042",0
117.84,-20.84,1916,9,"004042",0
117.84,-20.84,1916,10,"004042",48
117.84,-20.84,1916,11,"004042",0
117.84,-20.84,1916,12,"004042",17.8
117.84,-20.84,1917,1,"004042",208.4
117.84,-20.84,1917,2,"004042",21.6
117.84,-20.84,1917,3,"004042",334.8
117.84,-20.84,1917,4,"004042",0
117.84,-20.84,1917,5,"004042",16
117.84,-20.84,1917,6,"004042",20.1
117.84,-20.84,1917,7,"004042",16.5
117.84,-20.84,1917,8,"004042",0
117.84,-20.84,1917,9,"004042",0
117.84,-20.84,1917,10,"004042",4.6
117.84,-20.84,1917,11,"004042",0
117.84,-20.84,1917,12,"004042",1.5
117.84,-20.84,1918,1,"004042",88.9
117.84,-20.84,1918,2,"004042",274.6
117.84,-20.84,1918,3,"004042",0
117.84,-20.84,1918,4,"004042",36.8
117.84,-20.84,1918,5,"004042",40.6
117.84,-20.84,1918,6,"004042",0
117.84,-20.84,1918,7,"004042",2.5
117.84,-20.84,1918,8,"004042",0
117.84,-20.84,1918,9,"004042",0
117.84,-20.84,1918,10,"004042",0
117.84,-20.84,1918,11,"004042",0
117.84,-20.84,1918,12,"004042",10.2
117.84,-20.84,1919,1,"004042",22.4
117.84,-20.84,1919,2,"004042",7.1
117.84,-20.84,1919,3,"004042",0
117.84,-20.84,1919,4,"004042",31.8
117.84,-20.84,1919,5,"004042",0
117.84,-20.84,1919,6,"004042",5.6
117.84,-20.84,1919,7,"004042",0
117.84,-20.84,1919,8,"004042",32.8
117.84,-20.84,1919,9,"004042",0.8
117.84,-20.84,1919,10,"004042",0
117.84,-20.84,1919,11,"004042",0
117.84,-20.84,1919,12,"004042",43.2
117.84,-20.84,1920,1,"004042",19.6
117.84,-20.84,1920,2,"004042",1.8
117.84,-20.84,1920,3,"004042",46.5
117.84,-20.84,1920,4,"004042",23.4
117.84,-20.84,1920,5,"004042",0
117.84,-20.84,1920,6,"004042",10.7
117.84,-20.84,1920,7,"004042",0
117.84,-20.84,1920,8,"004042",0.3
117.84,-20.84,1920,9,"004042",25.4
117.84,-20.84,1920,10,"004042",0
117.84,-20.84,1920,11,"004042",19.3
117.84,-20.84,1920,12,"004042",31.5
117.84,-20.84,1921,1,"004042",0
117.84,-20.84,1921,2,"004042",146.1
117.84,-20.84,1921,3,"004042",143.5
117.84,-20.84,1921,4,"004042",0.5
117.84,-20.84,1921,5,"004042",132.1
117.84,-20.84,1921,6,"004042",36.8
117.84,-20.84,1921,7,"004042",8.6
117.84,-20.84,1921,8,"004042",15.5
117.84,-20.84,1921,9,"004042",0
117.84,-20.84,1921,10,"004042",0.8
117.84,-20.84,1921,11,"004042",3.8
117.84,-20.84,1921,12,"004042",2
117.84,-20.84,1922,1,"004042",0
117.84,-20.84,1922,2,"004042",7.6
117.84,-20.84,1922,3,"004042",34.3
117.84,-20.84,1922,4,"004042",0.5
117.84,-20.84,1922,5,"004042",47.8
117.84,-20.84,1922,6,"004042",6.4
117.84,-20.84,1922,7,"004042",0
117.84,-20.84,1922,8,"004042",0
117.84,-20.84,1922,9,"004042",0
117.84,-20.84,1922,10,"004042",0
117.84,-20.84,1922,11,"004042",0
117.84,-20.84,1922,12,"004042",1.3
117.84,-20.84,1923,1,"004042",77.5
117.84,-20.84,1923,2,"004042",21.6
117.84,-20.84,1923,3,"004042",168.7
117.84,-20.84,1923,4,"004042",65.8
117.84,-20.84,1923,5,"004042",0.5
117.84,-20.84,1923,6,"004042",21.8
117.84,-20.84,1923,7,"004042",68.3
117.84,-20.84,1923,8,"004042",0
117.84,-20.84,1923,9,"004042",0
117.84,-20.84,1923,10,"004042",0
117.84,-20.84,1923,11,"004042",0
117.84,-20.84,1923,12,"004042",0
117.84,-20.84,1924,1,"004042",2.3
117.84,-20.84,1924,2,"004042",0
117.84,-20.84,1924,3,"004042",0
117.84,-20.84,1924,4,"004042",0
117.84,-20.84,1924,5,"004042",0
117.84,-20.84,1924,6,"004042",0
117.84,-20.84,1924,7,"004042",0
117.84,-20.84,1924,8,"004042",2
117.84,-20.84,1924,9,"004042",0
117.84,-20.84,1924,10,"004042",0
117.84,-20.84,1924,11,"004042",0
117.84,-20.84,1924,12,"004042",0
117.84,-20.84,1925,1,"004042",57.2
117.84,-20.84,1925,2,"004042",73.4
117.84,-20.84,1925,3,"004042",9.4
117.84,-20.84,1925,4,"004042",0
117.84,-20.84,1925,5,"004042",2.5
117.84,-20.84,1925,6,"004042",0
117.84,-20.84,1925,7,"004042",0
117.84,-20.84,1925,8,"004042",0.8
117.84,-20.84,1925,9,"004042",0
117.84,-20.84,1925,10,"004042",0
117.84,-20.84,1925,11,"004042",8.6
117.84,-20.84,1925,12,"004042",5.1
117.84,-20.84,1926,1,"004042",33.8
117.84,-20.84,1926,2,"004042",10.2
117.84,-20.84,1926,3,"004042",188.2
117.84,-20.84,1926,4,"004042",11.9
117.84,-20.84,1926,5,"004042",69.9
117.84,-20.84,1926,6,"004042",0
117.84,-20.84,1926,7,"004042",0
117.84,-20.84,1926,8,"004042",0
117.84,-20.84,1926,9,"004042",0
117.84,-20.84,1926,10,"004042",0
117.84,-20.84,1926,11,"004042",0
117.84,-20.84,1926,12,"004042",81.8
117.84,-20.84,1927,1,"004042",14
117.84,-20.84,1927,2,"004042",51.6
117.84,-20.84,1927,3,"004042",95.8
117.84,-20.84,1927,4,"004042",0
117.84,-20.84,1927,5,"004042",0
117.84,-20.84,1927,6,"004042",58.4
117.84,-20.84,1927,7,"004042",3.8
117.84,-20.84,1927,8,"004042",0
117.84,-20.84,1927,9,"004042",0
117.84,-20.84,1927,10,"004042",0
117.84,-20.84,1927,11,"004042",0
117.84,-20.84,1927,12,"004042",3.6
117.84,-20.84,1928,1,"004042",14.2
117.84,-20.84,1928,2,"004042",127.3
117.84,-20.84,1928,3,"004042",38.1
117.84,-20.84,1928,4,"004042",0
117.84,-20.84,1928,5,"004042",5.6
117.84,-20.84,1928,6,"004042",30
117.84,-20.84,1928,7,"004042",0
117.84,-20.84,1928,8,"004042",0
117.84,-20.84,1928,9,"004042",0
117.84,-20.84,1928,10,"004042",0
117.84,-20.84,1928,11,"004042",0
117.84,-20.84,1928,12,"004042",58.9
117.84,-20.84,1929,1,"004042",0
117.84,-20.84,1929,2,"004042",189.2
117.84,-20.84,1929,3,"004042",103.6
117.84,-20.84,1929,4,"004042",1.3
117.84,-20.84,1929,5,"004042",66.5
117.84,-20.84,1929,6,"004042",57.2
117.84,-20.84,1929,7,"004042",0
117.84,-20.84,1929,8,"004042",0
117.84,-20.84,1929,9,"004042",0
117.84,-20.84,1929,10,"004042",0
117.84,-20.84,1929,11,"004042",0
117.84,-20.84,1929,12,"004042",0
117.84,-20.84,1930,1,"004042",0.3
117.84,-20.84,1930,2,"004042",0.5
117.84,-20.84,1930,3,"004042",160.5
117.84,-20.84,1930,4,"004042",13
117.84,-20.84,1930,5,"004042",1.8
117.84,-20.84,1930,6,"004042",13.2
117.84,-20.84,1930,7,"004042",9.4
117.84,-20.84,1930,8,"004042",28.4
117.84,-20.84,1930,9,"004042",0
117.84,-20.84,1930,10,"004042",0.3
117.84,-20.84,1930,11,"004042",0
117.84,-20.84,1930,12,"004042",12.2
117.84,-20.84,1931,1,"004042",20.8
117.84,-20.84,1931,2,"004042",27.4
117.84,-20.84,1931,3,"004042",222.3
117.84,-20.84,1931,4,"004042",57.7
117.84,-20.84,1931,5,"004042",61.5
117.84,-20.84,1931,6,"004042",32.5
117.84,-20.84,1931,7,"004042",1
117.84,-20.84,1931,8,"004042",0.8
117.84,-20.84,1931,9,"004042",0
117.84,-20.84,1931,10,"004042",48.5
117.84,-20.84,1931,11,"004042",11.4
117.84,-20.84,1931,12,"004042",12.2
117.84,-20.84,1932,1,"004042",40.6
117.84,-20.84,1932,2,"004042",2
117.84,-20.84,1932,3,"004042",0.5
117.84,-20.84,1932,4,"004042",13.7
117.84,-20.84,1932,5,"004042",75.2
117.84,-20.84,1932,6,"004042",0
117.84,-20.84,1932,7,"004042",34.3
117.84,-20.84,1932,8,"004042",14.2
117.84,-20.84,1932,9,"004042",0
117.84,-20.84,1932,10,"004042",0
117.84,-20.84,1932,11,"004042",0
117.84,-20.84,1932,12,"004042",8.4
117.84,-20.84,1933,1,"004042",1.5
117.84,-20.84,1933,2,"004042",0
117.84,-20.84,1933,3,"004042",82
117.84,-20.84,1933,4,"004042",116.1
117.84,-20.84,1933,5,"004042",46
117.84,-20.84,1933,6,"004042",0
117.84,-20.84,1933,7,"004042",23.6
117.84,-20.84,1933,8,"004042",34.5
117.84,-20.84,1933,9,"004042",0
117.84,-20.84,1933,10,"004042",0
117.84,-20.84,1933,11,"004042",0.5
117.84,-20.84,1933,12,"004042",9.1
117.84,-20.84,1934,1,"004042",67.8
117.84,-20.84,1934,2,"004042",21.1
117.84,-20.84,1934,3,"004042",471.9
117.84,-20.84,1934,4,"004042",203.5
117.84,-20.84,1934,5,"004042",3.8
117.84,-20.84,1934,6,"004042",1.5
117.84,-20.84,1934,7,"004042",2.5
117.84,-20.84,1934,8,"004042",0
117.84,-20.84,1934,9,"004042",0
117.84,-20.84,1934,10,"004042",0
117.84,-20.84,1934,11,"004042",51.6
117.84,-20.84,1934,12,"004042",0.8
117.84,-20.84,1935,1,"004042",8.1
117.84,-20.84,1935,2,"004042",150.6
117.84,-20.84,1935,3,"004042",68.3
117.84,-20.84,1935,4,"004042",6.1
117.84,-20.84,1935,5,"004042",0
117.84,-20.84,1935,6,"004042",0
117.84,-20.84,1935,7,"004042",2
117.84,-20.84,1935,8,"004042",0
117.84,-20.84,1935,9,"004042",0
117.84,-20.84,1935,10,"004042",0
117.84,-20.84,1935,11,"004042",0.8
117.84,-20.84,1935,12,"004042",0
117.84,-20.84,1936,1,"004042",3.3
117.84,-20.84,1936,2,"004042",11.7
117.84,-20.84,1936,3,"004042",0
117.84,-20.84,1936,4,"004042",0
117.84,-20.84,1936,5,"004042",0
117.84,-20.84,1936,6,"004042",0
117.84,-20.84,1936,7,"004042",0
117.84,-20.84,1936,8,"004042",0
117.84,-20.84,1936,9,"004042",30.2
117.84,-20.84,1936,10,"004042",0
117.84,-20.84,1936,11,"004042",1.8
117.84,-20.84,1936,12,"004042",0
117.84,-20.84,1937,1,"004042",98.3
117.84,-20.84,1937,2,"004042",52.1
117.84,-20.84,1937,3,"004042",6.9
117.84,-20.84,1937,4,"004042",72.1
117.84,-20.84,1937,5,"004042",1
117.84,-20.84,1937,6,"004042",2.3
117.84,-20.84,1937,7,"004042",0
117.84,-20.84,1937,8,"004042",0
117.84,-20.84,1937,9,"004042",24.6
117.84,-20.84,1937,10,"004042",16.5
117.84,-20.84,1937,11,"004042",0
117.84,-20.84,1937,12,"004042",0.5
117.84,-20.84,1938,1,"004042",109.5
117.84,-20.84,1938,2,"004042",252.5
117.84,-20.84,1938,3,"004042",0.3
117.84,-20.84,1938,4,"004042",0
117.84,-20.84,1938,5,"004042",2.5
117.84,-20.84,1938,6,"004042",35.1
117.84,-20.84,1938,7,"004042",0
117.84,-20.84,1938,8,"004042",0.8
117.84,-20.84,1938,9,"004042",0
117.84,-20.84,1938,10,"004042",0
117.84,-20.84,1938,11,"004042",0
117.84,-20.84,1938,12,"004042",4.1
117.84,-20.84,1939,1,"004042",234.2
117.84,-20.84,1939,2,"004042",51.3
117.84,-20.84,1939,3,"004042",13.5
117.84,-20.84,1939,4,"004042",0
117.84,-20.84,1939,5,"004042",0
117.84,-20.84,1939,6,"004042",56.1
117.84,-20.84,1939,7,"004042",1.3
117.84,-20.84,1939,8,"004042",0
117.84,-20.84,1939,9,"004042",0
117.84,-20.84,1939,10,"004042",0
117.84,-20.84,1939,11,"004042",2
117.84,-20.84,1939,12,"004042",0
117.84,-20.84,1940,1,"004042",118.4
117.84,-20.84,1940,2,"004042",3
117.84,-20.84,1940,3,"004042",0
117.84,-20.84,1940,4,"004042",0
117.84,-20.84,1940,5,"004042",0
117.84,-20.84,1940,6,"004042",0
117.84,-20.84,1940,7,"004042",0
117.84,-20.84,1940,8,"004042",0
117.84,-20.84,1940,9,"004042",0
117.84,-20.84,1940,10,"004042",0
117.84,-20.84,1940,11,"004042",0
117.84,-20.84,1940,12,"004042",0
117.84,-20.84,1941,1,"004042",18.5
117.84,-20.84,1941,2,"004042",0
117.84,-20.84,1941,3,"004042",93.2
117.84,-20.84,1941,4,"004042",0.3
117.84,-20.84,1941,5,"004042",12.2
117.84,-20.84,1941,6,"004042",3.3
117.84,-20.84,1941,7,"004042",41.4
117.84,-20.84,1941,8,"004042",8.6
117.84,-20.84,1941,9,"004042",0
117.84,-20.84,1941,10,"004042",0
117.84,-20.84,1941,11,"004042",0
117.84,-20.84,1941,12,"004042",21.3
117.84,-20.84,1942,1,"004042",253
117.84,-20.84,1942,2,"004042",18.3
117.84,-20.84,1942,3,"004042",123.7
117.84,-20.84,1942,4,"004042",0.3
117.84,-20.84,1942,5,"004042",27.7
117.84,-20.84,1942,6,"004042",21.8
117.84,-20.84,1942,7,"004042",0.6
117.84,-20.84,1942,8,"004042",0
117.84,-20.84,1942,9,"004042",0
117.84,-20.84,1942,10,"004042",0
117.84,-20.84,1942,11,"004042",6.9
117.84,-20.84,1942,12,"004042",18
117.84,-20.84,1943,1,"004042",NA
117.84,-20.84,1943,2,"004042",NA
117.84,-20.84,1943,3,"004042",NA
117.84,-20.84,1943,4,"004042",NA
117.84,-20.84,1943,5,"004042",NA
117.84,-20.84,1943,6,"004042",NA
117.84,-20.84,1943,7,"004042",NA
117.84,-20.84,1943,8,"004042",NA
117.84,-20.84,1943,9,"004042",0
117.84,-20.84,1943,10,"004042",1.1
117.84,-20.84,1943,11,"004042",53.3
117.84,-20.84,1943,12,"004042",0
117.84,-20.84,1944,1,"004042",3.8
117.84,-20.84,1944,2,"004042",0
117.84,-20.84,1944,3,"004042",27
117.84,-20.84,1944,4,"004042",34.6
117.84,-20.84,1944,5,"004042",0
117.84,-20.84,1944,6,"004042",0
117.84,-20.84,1944,7,"004042",0.5
117.84,-20.84,1944,8,"004042",0.5
117.84,-20.84,1944,9,"004042",0
117.84,-20.84,1944,10,"004042",0
117.84,-20.84,1944,11,"004042",0.5
117.84,-20.84,1944,12,"004042",0
117.84,-20.84,1945,1,"004042",0
117.84,-20.84,1945,2,"004042",96.1
117.84,-20.84,1945,3,"004042",174.5
117.84,-20.84,1945,4,"004042",0
117.84,-20.84,1945,5,"004042",4.1
117.84,-20.84,1945,6,"004042",13.5
117.84,-20.84,1945,7,"004042",1.8
117.84,-20.84,1945,8,"004042",0
117.84,-20.84,1945,9,"004042",1
117.84,-20.84,1945,10,"004042",0.5
117.84,-20.84,1945,11,"004042",2
117.84,-20.84,1945,12,"004042",54.1
117.84,-20.84,1946,1,"004042",125.6
117.84,-20.84,1946,2,"004042",117.7
117.84,-20.84,1946,3,"004042",107.5
117.84,-20.84,1946,4,"004042",29.7
117.84,-20.84,1946,5,"004042",0
117.84,-20.84,1946,6,"004042",0
117.84,-20.84,1946,7,"004042",59.2
117.84,-20.84,1946,8,"004042",0
117.84,-20.84,1946,9,"004042",0
117.84,-20.84,1946,10,"004042",0
117.84,-20.84,1946,11,"004042",2.3
117.84,-20.84,1946,12,"004042",0
117.84,-20.84,1947,1,"004042",17.3
117.84,-20.84,1947,2,"004042",116.4
117.84,-20.84,1947,3,"004042",117.3
117.84,-20.84,1947,4,"004042",0
117.84,-20.84,1947,5,"004042",0.8
117.84,-20.84,1947,6,"004042",1.3
117.84,-20.84,1947,7,"004042",0
117.84,-20.84,1947,8,"004042",16.6
117.84,-20.84,1947,9,"004042",0
117.84,-20.84,1947,10,"004042",2.6
117.84,-20.84,1947,11,"004042",0
117.84,-20.84,1947,12,"004042",47.8
117.84,-20.84,1948,1,"004042",13.2
117.84,-20.84,1948,2,"004042",290.4
117.84,-20.84,1948,3,"004042",3.3
117.84,-20.84,1948,4,"004042",155
117.84,-20.84,1948,5,"004042",0
117.84,-20.84,1948,6,"004042",11
117.84,-20.84,1948,7,"004042",0
117.84,-20.84,1948,8,"004042",0
117.84,-20.84,1948,9,"004042",0
117.84,-20.84,1948,10,"004042",0
117.84,-20.84,1948,11,"004042",0
117.84,-20.84,1948,12,"004042",1.8
117.84,-20.84,1949,1,"004042",8.1
117.84,-20.84,1949,2,"004042",20.4
117.84,-20.84,1949,3,"004042",7.3
117.84,-20.84,1949,4,"004042",6.1
117.84,-20.84,1949,5,"004042",17.8
117.84,-20.84,1949,6,"004042",0.8
117.84,-20.84,1949,7,"004042",0
117.84,-20.84,1949,8,"004042",3
117.84,-20.84,1949,9,"004042",0
117.84,-20.84,1949,10,"004042",0
117.84,-20.84,1949,11,"004042",1.8
117.84,-20.84,1949,12,"004042",4.6
117.84,-20.84,1950,1,"004042",17.5
117.84,-20.84,1950,2,"004042",53.9
117.84,-20.84,1950,3,"004042",1.3
117.84,-20.84,1950,4,"004042",0
117.84,-20.84,1950,5,"004042",101.1
117.84,-20.84,1950,6,"004042",40.9
117.84,-20.84,1950,7,"004042",1.5
117.84,-20.84,1950,8,"004042",0
117.84,-20.84,1950,9,"004042",0
117.84,-20.84,1950,10,"004042",3.8
117.84,-20.84,1950,11,"004042",0
117.84,-20.84,1950,12,"004042",4.8
117.84,-20.84,1951,1,"004042",0
117.84,-20.84,1951,2,"004042",53.7
117.84,-20.84,1951,3,"004042",22.9
117.84,-20.84,1951,4,"004042",0
117.84,-20.84,1951,5,"004042",0
117.84,-20.84,1951,6,"004042",51.5
117.84,-20.84,1951,7,"004042",3.1
117.84,-20.84,1951,8,"004042",0
117.84,-20.84,1951,9,"004042",0
117.84,-20.84,1951,10,"004042",0
117.84,-20.84,1951,11,"004042",0
117.84,-20.84,1951,12,"004042",0
117.84,-20.84,1952,1,"004042",113.3
117.84,-20.84,1952,2,"004042",26.7
117.84,-20.84,1952,3,"004042",21.3
117.84,-20.84,1952,4,"004042",0
117.84,-20.84,1952,5,"004042",87.9
117.84,-20.84,1952,6,"004042",0
117.84,-20.84,1952,7,"004042",9.1
117.84,-20.84,1952,8,"004042",0
117.84,-20.84,1952,9,"004042",0
117.84,-20.84,1952,10,"004042",0
117.84,-20.84,1952,11,"004042",5.1
117.84,-20.84,1952,12,"004042",0
117.84,-20.84,1953,1,"004042",0
117.84,-20.84,1953,2,"004042",0
117.84,-20.84,1953,3,"004042",45.7
117.84,-20.84,1953,4,"004042",13.2
117.84,-20.84,1953,5,"004042",32.6
117.84,-20.84,1953,6,"004042",31.5
117.84,-20.84,1953,7,"004042",2
117.84,-20.84,1953,8,"004042",7.4
117.84,-20.84,1953,9,"004042",0
117.84,-20.84,1953,10,"004042",0
117.84,-20.84,1953,11,"004042",0
117.84,-20.84,1953,12,"004042",1.3
117.84,-20.84,1954,1,"004042",175.8
117.84,-20.84,1954,2,"004042",9.1
117.84,-20.84,1954,3,"004042",0
117.84,-20.84,1954,4,"004042",77.5
117.84,-20.84,1954,5,"004042",32.3
117.84,-20.84,1954,6,"004042",45.2
117.84,-20.84,1954,7,"004042",3.6
117.84,-20.84,1954,8,"004042",0
117.84,-20.84,1954,9,"004042",0
117.84,-20.84,1954,10,"004042",10.2
117.84,-20.84,1954,11,"004042",0
117.84,-20.84,1954,12,"004042",45.5
117.84,-20.84,1955,1,"004042",97.5
117.84,-20.84,1955,2,"004042",9.2
117.84,-20.84,1955,3,"004042",3.8
117.84,-20.84,1955,4,"004042",16.8
117.84,-20.84,1955,5,"004042",99.1
117.84,-20.84,1955,6,"004042",31.8
117.84,-20.84,1955,7,"004042",0
117.84,-20.84,1955,8,"004042",10.6
117.84,-20.84,1955,9,"004042",0
117.84,-20.84,1955,10,"004042",0
117.84,-20.84,1955,11,"004042",9.2
117.84,-20.84,1955,12,"004042",7.8
117.84,-20.84,1956,1,"004042",5.3
117.84,-20.84,1956,2,"004042",129.7
117.84,-20.84,1956,3,"004042",280.6
117.84,-20.84,1956,4,"004042",0
117.84,-20.84,1956,5,"004042",24.6
117.84,-20.84,1956,6,"004042",11.6
117.84,-20.84,1956,7,"004042",17.7
117.84,-20.84,1956,8,"004042",0
117.84,-20.84,1956,9,"004042",3
117.84,-20.84,1956,10,"004042",0
117.84,-20.84,1956,11,"004042",0
117.84,-20.84,1956,12,"004042",0
117.84,-20.84,1957,1,"004042",10.1
117.84,-20.84,1957,2,"004042",100.3
117.84,-20.84,1957,3,"004042",44
117.84,-20.84,1957,4,"004042",0
117.84,-20.84,1957,5,"004042",0
117.84,-20.84,1957,6,"004042",4.8
117.84,-20.84,1957,7,"004042",0
117.84,-20.84,1957,8,"004042",0
117.84,-20.84,1957,9,"004042",0
117.84,-20.84,1957,10,"004042",5.9
117.84,-20.84,1957,11,"004042",0
117.84,-20.84,1957,12,"004042",30
117.84,-20.84,1958,1,"004042",119.9
117.84,-20.84,1958,2,"004042",0
117.84,-20.84,1958,3,"004042",78.5
117.84,-20.84,1958,4,"004042",0
117.84,-20.84,1958,5,"004042",0
117.84,-20.84,1958,6,"004042",18.8
117.84,-20.84,1958,7,"004042",45.2
117.84,-20.84,1958,8,"004042",11.7
117.84,-20.84,1958,9,"004042",0
117.84,-20.84,1958,10,"004042",0
117.84,-20.84,1958,11,"004042",0
117.84,-20.84,1958,12,"004042",0
117.84,-20.84,1959,1,"004042",3.3
117.84,-20.84,1959,2,"004042",0
117.84,-20.84,1959,3,"004042",0
117.84,-20.84,1959,4,"004042",14.5
117.84,-20.84,1959,5,"004042",10.4
117.84,-20.84,1959,6,"004042",9.7
117.84,-20.84,1959,7,"004042",54.6
117.84,-20.84,1959,8,"004042",0
117.84,-20.84,1959,9,"004042",0
117.84,-20.84,1959,10,"004042",0
117.84,-20.84,1959,11,"004042",0
117.84,-20.84,1959,12,"004042",6.4
117.84,-20.84,1960,1,"004042",164.3
117.84,-20.84,1960,2,"004042",209.2
117.84,-20.84,1960,3,"004042",7.3
117.84,-20.84,1960,4,"004042",0
117.84,-20.84,1960,5,"004042",11.7
117.84,-20.84,1960,6,"004042",3
117.84,-20.84,1960,7,"004042",0
117.84,-20.84,1960,8,"004042",0
117.84,-20.84,1960,9,"004042",0
117.84,-20.84,1960,10,"004042",0
117.84,-20.84,1960,11,"004042",0
117.84,-20.84,1960,12,"004042",6.6
117.84,-20.84,1961,1,"004042",219.6
117.84,-20.84,1961,2,"004042",224.2
117.84,-20.84,1961,3,"004042",86.9
117.84,-20.84,1961,4,"004042",0
117.84,-20.84,1961,5,"004042",9.4
117.84,-20.84,1961,6,"004042",0
117.84,-20.84,1961,7,"004042",0
117.84,-20.84,1961,8,"004042",0
117.84,-20.84,1961,9,"004042",0
117.84,-20.84,1961,10,"004042",0
117.84,-20.84,1961,11,"004042",0
117.84,-20.84,1961,12,"004042",0
117.84,-20.84,1962,1,"004042",58.9
117.84,-20.84,1962,2,"004042",19.8
117.84,-20.84,1962,3,"004042",6.9
117.84,-20.84,1962,4,"004042",0
117.84,-20.84,1962,5,"004042",11.9
117.84,-20.84,1962,6,"004042",16.7
117.84,-20.84,1962,7,"004042",0
117.84,-20.84,1962,8,"004042",0
117.84,-20.84,1962,9,"004042",0
117.84,-20.84,1962,10,"004042",0
117.84,-20.84,1962,11,"004042",0
117.84,-20.84,1962,12,"004042",0
117.84,-20.84,1963,1,"004042",41.9
117.84,-20.84,1963,2,"004042",181.6
117.84,-20.84,1963,3,"004042",7.2
117.84,-20.84,1963,4,"004042",0
117.84,-20.84,1963,5,"004042",51
117.84,-20.84,1963,6,"004042",15.5
117.84,-20.84,1963,7,"004042",0
117.84,-20.84,1963,8,"004042",0
117.84,-20.84,1963,9,"004042",0
117.84,-20.84,1963,10,"004042",1
117.84,-20.84,1963,11,"004042",0
117.84,-20.84,1963,12,"004042",6.6
117.84,-20.84,1964,1,"004042",9.1
117.84,-20.84,1964,2,"004042",4.8
117.84,-20.84,1964,3,"004042",3.5
117.84,-20.84,1964,4,"004042",21.1
117.84,-20.84,1964,5,"004042",16.1
117.84,-20.84,1964,6,"004042",6.9
117.84,-20.84,1964,7,"004042",0
117.84,-20.84,1964,8,"004042",0.8
117.84,-20.84,1964,9,"004042",0
117.84,-20.84,1964,10,"004042",0
117.84,-20.84,1964,11,"004042",2.5
117.84,-20.84,1964,12,"004042",0
117.84,-20.84,1965,1,"004042",39.1
117.84,-20.84,1965,2,"004042",6.9
117.84,-20.84,1965,3,"004042",164.4
117.84,-20.84,1965,4,"004042",0
117.84,-20.84,1965,5,"004042",0
117.84,-20.84,1965,6,"004042",28.2
117.84,-20.84,1965,7,"004042",22.1
117.84,-20.84,1965,8,"004042",5.9
117.84,-20.84,1965,9,"004042",0
117.84,-20.84,1965,10,"004042",0
117.84,-20.84,1965,11,"004042",0
117.84,-20.84,1965,12,"004042",0
117.84,-20.84,1966,1,"004042",16
117.84,-20.84,1966,2,"004042",61.4
117.84,-20.84,1966,3,"004042",8.9
117.84,-20.84,1966,4,"004042",526
117.84,-20.84,1966,5,"004042",37.6
117.84,-20.84,1966,6,"004042",0
117.84,-20.84,1966,7,"004042",0
117.84,-20.84,1966,8,"004042",0
117.84,-20.84,1966,9,"004042",0
117.84,-20.84,1966,10,"004042",0
117.84,-20.84,1966,11,"004042",0
117.84,-20.84,1966,12,"004042",0.8
117.84,-20.84,1967,1,"004042",202.2
117.84,-20.84,1967,2,"004042",0
117.84,-20.84,1967,3,"004042",0
117.84,-20.84,1967,4,"004042",0
117.84,-20.84,1967,5,"004042",0
117.84,-20.84,1967,6,"004042",0
117.84,-20.84,1967,7,"004042",0
117.84,-20.84,1967,8,"004042",NA
117.84,-20.84,1967,9,"004042",NA
117.84,-20.84,1967,10,"004042",NA
117.84,-20.84,1967,11,"004042",NA
117.84,-20.84,1967,12,"004042",NA
117.84,-20.84,1968,1,"004042",32.5
117.84,-20.84,1968,2,"004042",78.7
117.84,-20.84,1968,3,"004042",67.3
117.84,-20.84,1968,4,"004042",0
117.84,-20.84,1968,5,"004042",16.8
117.84,-20.84,1968,6,"004042",165.2
117.84,-20.84,1968,7,"004042",12.2
117.84,-20.84,1968,8,"004042",0
117.84,-20.84,1968,9,"004042",9.7
117.84,-20.84,1968,10,"004042",0.5
117.84,-20.84,1968,11,"004042",0
117.84,-20.84,1968,12,"004042",0
117.84,-20.84,1969,1,"004042",0
117.84,-20.84,1969,2,"004042",134.9
117.84,-20.84,1969,3,"004042",0
117.84,-20.84,1969,4,"004042",0
117.84,-20.84,1969,5,"004042",35.8
117.84,-20.84,1969,6,"004042",13.7
117.84,-20.84,1969,7,"004042",0
117.84,-20.84,1969,8,"004042",0
117.84,-20.84,1969,9,"004042",0
117.84,-20.84,1969,10,"004042",0
117.84,-20.84,1969,11,"004042",0
117.84,-20.84,1969,12,"004042",0
117.84,-20.84,1970,1,"004042",22.4
117.84,-20.84,1970,2,"004042",63.9
117.84,-20.84,1970,3,"004042",NA
117.84,-20.84,1970,4,"004042",NA
117.84,-20.84,1970,5,"004042",NA
117.84,-20.84,1970,6,"004042",NA
117.84,-20.84,1970,7,"004042",NA
117.84,-20.84,1970,8,"004042",NA
117.84,-20.84,1970,9,"004042",NA
117.84,-20.84,1970,10,"004042",NA
117.84,-20.84,1970,11,"004042",NA
117.84,-20.84,1970,12,"004042",NA
117.84,-20.84,1973,1,"004042",NA
117.84,-20.84,1973,2,"004042",NA
117.84,-20.84,1973,3,"004042",129.6
117.84,-20.84,1973,4,"004042",NA
117.84,-20.84,1973,5,"004042",NA
117.84,-20.84,1973,6,"004042",NA
117.84,-20.84,1973,7,"004042",NA
117.84,-20.84,1973,8,"004042",NA
117.84,-20.84,1973,9,"004042",NA
117.84,-20.84,1973,10,"004042",NA
117.84,-20.84,1973,11,"004042",NA
117.84,-20.84,1973,12,"004042",NA
117.84,-20.84,1994,1,"004042",NA
117.84,-20.84,1994,2,"004042",NA
117.84,-20.84,1994,3,"004042",NA
117.84,-20.84,1994,4,"004042",NA
117.84,-20.84,1994,5,"004042",NA
117.84,-20.84,1994,6,"004042",NA
117.84,-20.84,1994,7,"004042",NA
117.84,-20.84,1994,8,"004042",NA
117.84,-20.84,1994,9,"004042",NA
117.84,-20.84,1994,10,"004042",NA
117.84,-20.84,1994,11,"004042",NA
117.84,-20.84,1994,12,"004042",81
117.84,-20.84,1995,1,"004042",4
117.84,-20.84,1995,2,"004042",248.4
117.84,-20.84,1995,3,"004042",6.6
117.84,-20.84,1995,4,"004042",9.6
117.84,-20.84,1995,5,"004042",0
117.84,-20.84,1995,6,"004042",29.8
117.84,-20.84,1995,7,"004042",0
117.84,-20.84,1995,8,"004042",0
117.84,-20.84,1995,9,"004042",0
117.84,-20.84,1995,10,"004042",0
117.84,-20.84,1995,11,"004042",0
117.84,-20.84,1995,12,"004042",50.2
117.84,-20.84,1996,1,"004042",0
117.84,-20.84,1996,2,"004042",90.4
117.84,-20.84,1996,3,"004042",5.8
117.84,-20.84,1996,4,"004042",89.8
117.84,-20.84,1996,5,"004042",0
117.84,-20.84,1996,6,"004042",17.4
117.84,-20.84,1996,7,"004042",9.6
117.84,-20.84,1996,8,"004042",0
117.84,-20.84,1996,9,"004042",0
117.84,-20.84,1996,10,"004042",0
117.84,-20.84,1996,11,"004042",0
117.84,-20.84,1996,12,"004042",47
117.84,-20.84,1997,1,"004042",227.6
117.84,-20.84,1997,2,"004042",114.6
117.84,-20.84,1997,3,"004042",0
117.84,-20.84,1997,4,"004042",0
117.84,-20.84,1997,5,"004042",15.8
117.84,-20.84,1997,6,"004042",1
117.84,-20.84,1997,7,"004042",25.4
117.84,-20.84,1997,8,"004042",33.9
117.84,-20.84,1997,9,"004042",6
117.84,-20.84,1997,10,"004042",0
117.84,-20.84,1997,11,"004042",0
117.84,-20.84,1997,12,"004042",0
117.84,-20.84,1998,1,"004042",9.8
117.84,-20.84,1998,2,"004042",28.7
117.84,-20.84,1998,3,"004042",37.7
117.84,-20.84,1998,4,"004042",0
117.84,-20.84,1998,5,"004042",0
117.84,-20.84,1998,6,"004042",80.7
117.84,-20.84,1998,7,"004042",55.6
117.84,-20.84,1998,8,"004042",7.6
117.84,-20.84,1998,9,"004042",0
117.84,-20.84,1998,10,"004042",0
117.84,-20.84,1998,11,"004042",0.4
117.84,-20.84,1998,12,"004042",8.4
117.84,-20.84,1999,1,"004042",0
117.84,-20.84,1999,2,"004042",177.8
117.84,-20.84,1999,3,"004042",125.4
117.84,-20.84,1999,4,"004042",48
117.84,-20.84,1999,5,"004042",12.4
117.84,-20.84,1999,6,"004042",0
117.84,-20.84,1999,7,"004042",2.4
117.84,-20.84,1999,8,"004042",0
117.84,-20.84,1999,9,"004042",0
117.84,-20.84,1999,10,"004042",0
117.84,-20.84,1999,11,"004042",0
117.84,-20.84,1999,12,"004042",220
117.84,-20.84,2000,1,"004042",303.2
117.84,-20.84,2000,2,"004042",110.2
117.84,-20.84,2000,3,"004042",206.7
117.84,-20.84,2000,4,"004042",20
117.84,-20.84,2000,5,"004042",35.7
117.84,-20.84,2000,6,"004042",0
117.84,-20.84,2000,7,"004042",NA
117.84,-20.84,2000,8,"004042",NA
117.84,-20.84,2000,9,"004042",NA
117.84,-20.84,2000,10,"004042",NA
117.84,-20.84,2000,11,"004042",NA
117.84,-20.84,2000,12,"004042",NA
117.84,-20.84,2006,1,"004042",NA
117.84,-20.84,2006,2,"004042",NA
117.84,-20.84,2006,3,"004042",NA
117.84,-20.84,2006,4,"004042",NA
117.84,-20.84,2006,5,"004042",0
117.84,-20.84,2006,6,"004042",1
117.84,-20.84,2006,7,"004042",0
117.84,-20.84,2006,8,"004042",0
117.84,-20.84,2006,9,"004042",17
117.84,-20.84,2006,10,"004042",NA
117.84,-20.84,2006,11,"004042",NA
117.84,-20.84,2006,12,"004042",NA
117.84,-20.84,2007,1,"004042",61.1
117.84,-20.84,2007,2,"004042",0.6
117.84,-20.84,2007,3,"004042",186.2
117.84,-20.84,2007,4,"004042",0
117.84,-20.84,2007,5,"004042",0
117.84,-20.84,2007,6,"004042",0
117.84,-20.84,2007,7,"004042",10
117.84,-20.84,2007,8,"004042",0
117.84,-20.84,2007,9,"004042",0
117.84,-20.84,2007,10,"004042",NA
117.84,-20.84,2007,11,"004042",0
117.84,-20.84,2007,12,"004042",8
117.84,-20.84,2008,1,"004042",4
117.84,-20.84,2008,2,"004042",120.5
117.84,-20.84,2008,3,"004042",NA
117.84,-20.84,2008,4,"004042",33
117.84,-20.84,2008,5,"004042",NA
117.84,-20.84,2008,6,"004042",38.6
117.84,-20.84,2008,7,"004042",NA
117.84,-20.84,2008,8,"004042",NA
117.84,-20.84,2008,9,"004042",NA
117.84,-20.84,2008,10,"004042",NA
117.84,-20.84,2008,11,"004042",NA
117.84,-20.84,2008,12,"004042",57.5
117.84,-20.84,2012,1,"004042",163.3
117.84,-20.84,2012,2,"004042",9.6
117.84,-20.84,2012,3,"004042",77.7
117.84,-20.84,2012,4,"004042",0.4
117.84,-20.84,2012,5,"004042",0
117.84,-20.84,2012,6,"004042",NA
117.84,-20.84,2012,7,"004042",0
117.84,-20.84,2012,8,"004042",0
117.84,-20.84,2012,9,"004042",0
117.84,-20.84,2012,10,"004042",0
117.84,-20.84,2012,11,"004042",NA
117.84,-20.84,2012,12,"004042",NA
117.84,-20.84,2013,1,"004042",207.8
117.84,-20.84,2013,2,"004042",49.8
117.84,-20.84,2013,3,"004042",3.6
117.84,-20.84,2013,4,"004042",0
117.84,-20.84,2013,5,"004042",38.4
117.84,-20.84,2013,6,"004042",163
117.84,-20.84,2013,7,"004042",0
117.84,-20.84,2013,8,"004042",0.1
117.84,-20.84,2013,9,"004042",0.3
117.84,-20.84,2013,10,"004042",22
117.84,-20.84,2013,11,"004042",0
117.84,-20.84,2013,12,"004042",NA
