"Lon","Lat","Year","Month","Station","Rain"
149.56,-33.69,1892,1,"063073",NA
149.56,-33.69,1892,2,"063073",NA
149.56,-33.69,1892,3,"063073",8.6
149.56,-33.69,1892,4,"063073",82.6
149.56,-33.69,1892,5,"063073",100.7
149.56,-33.69,1892,6,"063073",41.7
149.56,-33.69,1892,7,"063073",53.3
149.56,-33.69,1892,8,"063073",70.6
149.56,-33.69,1892,9,"063073",120.7
149.56,-33.69,1892,10,"063073",96.8
149.56,-33.69,1892,11,"063073",29.2
149.56,-33.69,1892,12,"063073",98.6
149.56,-33.69,1893,1,"063073",90.7
149.56,-33.69,1893,2,"063073",64.5
149.56,-33.69,1893,3,"063073",177.8
149.56,-33.69,1893,4,"063073",74.7
149.56,-33.69,1893,5,"063073",124
149.56,-33.69,1893,6,"063073",111.3
149.56,-33.69,1893,7,"063073",41.1
149.56,-33.69,1893,8,"063073",32.5
149.56,-33.69,1893,9,"063073",35.3
149.56,-33.69,1893,10,"063073",58.9
149.56,-33.69,1893,11,"063073",113
149.56,-33.69,1893,12,"063073",55.6
149.56,-33.69,1894,1,"063073",NA
149.56,-33.69,1894,2,"063073",NA
149.56,-33.69,1894,3,"063073",NA
149.56,-33.69,1894,4,"063073",NA
149.56,-33.69,1894,5,"063073",NA
149.56,-33.69,1894,6,"063073",NA
149.56,-33.69,1894,7,"063073",NA
149.56,-33.69,1894,8,"063073",NA
149.56,-33.69,1894,9,"063073",NA
149.56,-33.69,1894,10,"063073",NA
149.56,-33.69,1894,11,"063073",NA
149.56,-33.69,1894,12,"063073",39.4
149.56,-33.69,1895,1,"063073",158.7
149.56,-33.69,1895,2,"063073",59.9
149.56,-33.69,1895,3,"063073",4.1
149.56,-33.69,1895,4,"063073",15.5
149.56,-33.69,1895,5,"063073",17.8
149.56,-33.69,1895,6,"063073",38.2
149.56,-33.69,1895,7,"063073",32.4
149.56,-33.69,1895,8,"063073",49.6
149.56,-33.69,1895,9,"063073",56.2
149.56,-33.69,1895,10,"063073",36.8
149.56,-33.69,1895,11,"063073",17
149.56,-33.69,1895,12,"063073",46.7
149.56,-33.69,1896,1,"063073",80.5
149.56,-33.69,1896,2,"063073",235.1
149.56,-33.69,1896,3,"063073",67.2
149.56,-33.69,1896,4,"063073",37.9
149.56,-33.69,1896,5,"063073",45.7
149.56,-33.69,1896,6,"063073",76
149.56,-33.69,1896,7,"063073",3.6
149.56,-33.69,1896,8,"063073",74.9
149.56,-33.69,1896,9,"063073",23.8
149.56,-33.69,1896,10,"063073",46.2
149.56,-33.69,1896,11,"063073",146.8
149.56,-33.69,1896,12,"063073",45.3
149.56,-33.69,1897,1,"063073",60.8
149.56,-33.69,1897,2,"063073",6.6
149.56,-33.69,1897,3,"063073",17.3
149.56,-33.69,1897,4,"063073",15.4
149.56,-33.69,1897,5,"063073",9.4
149.56,-33.69,1897,6,"063073",77.2
149.56,-33.69,1897,7,"063073",49.4
149.56,-33.69,1897,8,"063073",87
149.56,-33.69,1897,9,"063073",63.9
149.56,-33.69,1897,10,"063073",84.7
149.56,-33.69,1897,11,"063073",6.1
149.56,-33.69,1897,12,"063073",84.9
149.56,-33.69,1898,1,"063073",71.9
149.56,-33.69,1898,2,"063073",41.4
149.56,-33.69,1898,3,"063073",27.2
149.56,-33.69,1898,4,"063073",0.3
149.56,-33.69,1898,5,"063073",36.3
149.56,-33.69,1898,6,"063073",39.7
149.56,-33.69,1898,7,"063073",26.2
149.56,-33.69,1898,8,"063073",42.7
149.56,-33.69,1898,9,"063073",31.1
149.56,-33.69,1898,10,"063073",87.4
149.56,-33.69,1898,11,"063073",7.9
149.56,-33.69,1898,12,"063073",20.9
149.56,-33.69,1899,1,"063073",33.3
149.56,-33.69,1899,2,"063073",12.5
149.56,-33.69,1899,3,"063073",53.5
149.56,-33.69,1899,4,"063073",50.6
149.56,-33.69,1899,5,"063073",28.9
149.56,-33.69,1899,6,"063073",56.3
149.56,-33.69,1899,7,"063073",42
149.56,-33.69,1899,8,"063073",62.6
149.56,-33.69,1899,9,"063073",20.1
149.56,-33.69,1899,10,"063073",26.2
149.56,-33.69,1899,11,"063073",113.4
149.56,-33.69,1899,12,"063073",46.4
149.56,-33.69,1900,1,"063073",81.9
149.56,-33.69,1900,2,"063073",10.9
149.56,-33.69,1900,3,"063073",177.1
149.56,-33.69,1900,4,"063073",108.7
149.56,-33.69,1900,5,"063073",124.5
149.56,-33.69,1900,6,"063073",77.1
149.56,-33.69,1900,7,"063073",112.2
149.56,-33.69,1900,8,"063073",50
149.56,-33.69,1900,9,"063073",66.3
149.56,-33.69,1900,10,"063073",15
149.56,-33.69,1900,11,"063073",35.3
149.56,-33.69,1900,12,"063073",35.3
149.56,-33.69,1901,1,"063073",65.8
149.56,-33.69,1901,2,"063073",9.4
149.56,-33.69,1901,3,"063073",125.7
149.56,-33.69,1901,4,"063073",120.7
149.56,-33.69,1901,5,"063073",20.8
149.56,-33.69,1901,6,"063073",41.2
149.56,-33.69,1901,7,"063073",26.2
149.56,-33.69,1901,8,"063073",124.2
149.56,-33.69,1901,9,"063073",51.5
149.56,-33.69,1901,10,"063073",86.6
149.56,-33.69,1901,11,"063073",31.7
149.56,-33.69,1901,12,"063073",0
149.56,-33.69,1902,1,"063073",32
149.56,-33.69,1902,2,"063073",9.7
149.56,-33.69,1902,3,"063073",27.2
149.56,-33.69,1902,4,"063073",0
149.56,-33.69,1902,5,"063073",0.8
149.56,-33.69,1902,6,"063073",18.9
149.56,-33.69,1902,7,"063073",62.2
149.56,-33.69,1902,8,"063073",26.1
149.56,-33.69,1902,9,"063073",61.5
149.56,-33.69,1902,10,"063073",29.8
149.56,-33.69,1902,11,"063073",42.5
149.56,-33.69,1902,12,"063073",81.7
149.56,-33.69,1903,1,"063073",16.7
149.56,-33.69,1903,2,"063073",11.7
149.56,-33.69,1903,3,"063073",68.1
149.56,-33.69,1903,4,"063073",86.2
149.56,-33.69,1903,5,"063073",38.9
149.56,-33.69,1903,6,"063073",73.9
149.56,-33.69,1903,7,"063073",50.7
149.56,-33.69,1903,8,"063073",14.7
149.56,-33.69,1903,9,"063073",92.8
149.56,-33.69,1903,10,"063073",52.3
149.56,-33.69,1903,11,"063073",16.3
149.56,-33.69,1903,12,"063073",112.8
149.56,-33.69,1904,1,"063073",67.7
149.56,-33.69,1904,2,"063073",21.1
149.56,-33.69,1904,3,"063073",24.7
149.56,-33.69,1904,4,"063073",34.2
149.56,-33.69,1904,5,"063073",42.7
149.56,-33.69,1904,6,"063073",18.8
149.56,-33.69,1904,7,"063073",108.1
149.56,-33.69,1904,8,"063073",44
149.56,-33.69,1904,9,"063073",39.1
149.56,-33.69,1904,10,"063073",68.3
149.56,-33.69,1904,11,"063073",14.8
149.56,-33.69,1904,12,"063073",62.7
149.56,-33.69,1905,1,"063073",57.9
149.56,-33.69,1905,2,"063073",39.5
149.56,-33.69,1905,3,"063073",20.1
149.56,-33.69,1905,4,"063073",74.5
149.56,-33.69,1905,5,"063073",68.7
149.56,-33.69,1905,6,"063073",56.3
149.56,-33.69,1905,7,"063073",65.6
149.56,-33.69,1905,8,"063073",37.4
149.56,-33.69,1905,9,"063073",54.3
149.56,-33.69,1905,10,"063073",89.3
149.56,-33.69,1905,11,"063073",4.3
149.56,-33.69,1905,12,"063073",21.6
149.56,-33.69,1906,1,"063073",20.3
149.56,-33.69,1906,2,"063073",13.4
149.56,-33.69,1906,3,"063073",97.1
149.56,-33.69,1906,4,"063073",19.3
149.56,-33.69,1906,5,"063073",43.4
149.56,-33.69,1906,6,"063073",78.6
149.56,-33.69,1906,7,"063073",43.7
149.56,-33.69,1906,8,"063073",85.7
149.56,-33.69,1906,9,"063073",95.6
149.56,-33.69,1906,10,"063073",118.4
149.56,-33.69,1906,11,"063073",64
149.56,-33.69,1906,12,"063073",57.4
149.56,-33.69,1907,1,"063073",92.7
149.56,-33.69,1907,2,"063073",55.4
149.56,-33.69,1907,3,"063073",48.2
149.56,-33.69,1907,4,"063073",21.2
149.56,-33.69,1907,5,"063073",18.9
149.56,-33.69,1907,6,"063073",81.3
149.56,-33.69,1907,7,"063073",43.2
149.56,-33.69,1907,8,"063073",55.1
149.56,-33.69,1907,9,"063073",45.7
149.56,-33.69,1907,10,"063073",34.2
149.56,-33.69,1907,11,"063073",94.3
149.56,-33.69,1907,12,"063073",76.5
149.56,-33.69,1908,1,"063073",73.4
149.56,-33.69,1908,2,"063073",81
149.56,-33.69,1908,3,"063073",2.8
149.56,-33.69,1908,4,"063073",30
149.56,-33.69,1908,5,"063073",26.9
149.56,-33.69,1908,6,"063073",45.1
149.56,-33.69,1908,7,"063073",26.7
149.56,-33.69,1908,8,"063073",62.4
149.56,-33.69,1908,9,"063073",69.4
149.56,-33.69,1908,10,"063073",12.7
149.56,-33.69,1908,11,"063073",55.2
149.56,-33.69,1908,12,"063073",34.1
149.56,-33.69,1909,1,"063073",124.8
149.56,-33.69,1909,2,"063073",87.3
149.56,-33.69,1909,3,"063073",26.9
149.56,-33.69,1909,4,"063073",46.2
149.56,-33.69,1909,5,"063073",29.2
149.56,-33.69,1909,6,"063073",100.5
149.56,-33.69,1909,7,"063073",31.9
149.56,-33.69,1909,8,"063073",86.8
149.56,-33.69,1909,9,"063073",56.6
149.56,-33.69,1909,10,"063073",51.1
149.56,-33.69,1909,11,"063073",28.6
149.56,-33.69,1909,12,"063073",43.5
149.56,-33.69,1910,1,"063073",101.2
149.56,-33.69,1910,2,"063073",3.6
149.56,-33.69,1910,3,"063073",80.7
149.56,-33.69,1910,4,"063073",7.4
149.56,-33.69,1910,5,"063073",28.2
149.56,-33.69,1910,6,"063073",87.8
149.56,-33.69,1910,7,"063073",70.2
149.56,-33.69,1910,8,"063073",13.2
149.56,-33.69,1910,9,"063073",44.1
149.56,-33.69,1910,10,"063073",84.5
149.56,-33.69,1910,11,"063073",15
149.56,-33.69,1910,12,"063073",73
149.56,-33.69,1911,1,"063073",128.2
149.56,-33.69,1911,2,"063073",60
149.56,-33.69,1911,3,"063073",85.1
149.56,-33.69,1911,4,"063073",6.6
149.56,-33.69,1911,5,"063073",63.8
149.56,-33.69,1911,6,"063073",53.3
149.56,-33.69,1911,7,"063073",57.6
149.56,-33.69,1911,8,"063073",16.8
149.56,-33.69,1911,9,"063073",52.8
149.56,-33.69,1911,10,"063073",29.2
149.56,-33.69,1911,11,"063073",85.3
149.56,-33.69,1911,12,"063073",78.7
149.56,-33.69,1912,1,"063073",15.4
149.56,-33.69,1912,2,"063073",67.8
149.56,-33.69,1912,3,"063073",7.9
149.56,-33.69,1912,4,"063073",4.6
149.56,-33.69,1912,5,"063073",1
149.56,-33.69,1912,6,"063073",77.4
149.56,-33.69,1912,7,"063073",124
149.56,-33.69,1912,8,"063073",108.4
149.56,-33.69,1912,9,"063073",27.4
149.56,-33.69,1912,10,"063073",38.6
149.56,-33.69,1912,11,"063073",36.1
149.56,-33.69,1912,12,"063073",3.3
149.56,-33.69,1913,1,"063073",56.3
149.56,-33.69,1913,2,"063073",11.9
149.56,-33.69,1913,3,"063073",104.9
149.56,-33.69,1913,4,"063073",58.5
149.56,-33.69,1913,5,"063073",63
149.56,-33.69,1913,6,"063073",44
149.56,-33.69,1913,7,"063073",14.8
149.56,-33.69,1913,8,"063073",21.9
149.56,-33.69,1913,9,"063073",49.4
149.56,-33.69,1913,10,"063073",73.9
149.56,-33.69,1913,11,"063073",9.4
149.56,-33.69,1913,12,"063073",11.1
149.56,-33.69,1914,1,"063073",40.6
149.56,-33.69,1914,2,"063073",13.7
149.56,-33.69,1914,3,"063073",72.3
149.56,-33.69,1914,4,"063073",47.5
149.56,-33.69,1914,5,"063073",30.3
149.56,-33.69,1914,6,"063073",12.9
149.56,-33.69,1914,7,"063073",48.8
149.56,-33.69,1914,8,"063073",0
149.56,-33.69,1914,9,"063073",38.4
149.56,-33.69,1914,10,"063073",63
149.56,-33.69,1914,11,"063073",72.9
149.56,-33.69,1914,12,"063073",107.7
149.56,-33.69,1915,1,"063073",14.9
149.56,-33.69,1915,2,"063073",68.3
149.56,-33.69,1915,3,"063073",57.7
149.56,-33.69,1915,4,"063073",27
149.56,-33.69,1915,5,"063073",68.8
149.56,-33.69,1915,6,"063073",92.6
149.56,-33.69,1915,7,"063073",61.7
149.56,-33.69,1915,8,"063073",66.5
149.56,-33.69,1915,9,"063073",56.5
149.56,-33.69,1915,10,"063073",NA
149.56,-33.69,1915,11,"063073",NA
149.56,-33.69,1915,12,"063073",NA
149.56,-33.69,1916,1,"063073",NA
149.56,-33.69,1916,2,"063073",NA
149.56,-33.69,1916,3,"063073",NA
149.56,-33.69,1916,4,"063073",NA
149.56,-33.69,1916,5,"063073",10.7
149.56,-33.69,1916,6,"063073",220.7
149.56,-33.69,1916,7,"063073",113.7
149.56,-33.69,1916,8,"063073",96.9
149.56,-33.69,1916,9,"063073",70.4
149.56,-33.69,1916,10,"063073",133.2
149.56,-33.69,1916,11,"063073",87.2
149.56,-33.69,1916,12,"063073",89.5
149.56,-33.69,1917,1,"063073",61.9
149.56,-33.69,1917,2,"063073",53.2
149.56,-33.69,1917,3,"063073",33.3
149.56,-33.69,1917,4,"063073",18.1
149.56,-33.69,1917,5,"063073",64.8
149.56,-33.69,1917,6,"063073",93.3
149.56,-33.69,1917,7,"063073",120
149.56,-33.69,1917,8,"063073",119.1
149.56,-33.69,1917,9,"063073",56.9
149.56,-33.69,1917,10,"063073",108.3
149.56,-33.69,1917,11,"063073",117.3
149.56,-33.69,1917,12,"063073",49
149.56,-33.69,1918,1,"063073",120.7
149.56,-33.69,1918,2,"063073",39.4
149.56,-33.69,1918,3,"063073",52.4
149.56,-33.69,1918,4,"063073",37.1
149.56,-33.69,1918,5,"063073",35.9
149.56,-33.69,1918,6,"063073",43.1
149.56,-33.69,1918,7,"063073",48.7
149.56,-33.69,1918,8,"063073",120.9
149.56,-33.69,1918,9,"063073",20.4
149.56,-33.69,1918,10,"063073",38.7
149.56,-33.69,1918,11,"063073",11.2
149.56,-33.69,1918,12,"063073",15.3
149.56,-33.69,1919,1,"063073",19.3
149.56,-33.69,1919,2,"063073",27.4
149.56,-33.69,1919,3,"063073",13.5
149.56,-33.69,1919,4,"063073",11.7
149.56,-33.69,1919,5,"063073",59.3
149.56,-33.69,1919,6,"063073",42
149.56,-33.69,1919,7,"063073",28.8
149.56,-33.69,1919,8,"063073",47.8
149.56,-33.69,1919,9,"063073",38.4
149.56,-33.69,1919,10,"063073",17.9
149.56,-33.69,1919,11,"063073",13.4
149.56,-33.69,1919,12,"063073",90.9
149.56,-33.69,1920,1,"063073",34.1
149.56,-33.69,1920,2,"063073",5.3
149.56,-33.69,1920,3,"063073",31.7
149.56,-33.69,1920,4,"063073",39.3
149.56,-33.69,1920,5,"063073",18.5
149.56,-33.69,1920,6,"063073",141.8
149.56,-33.69,1920,7,"063073",108.2
149.56,-33.69,1920,8,"063073",112.4
149.56,-33.69,1920,9,"063073",59.5
149.56,-33.69,1920,10,"063073",31.8
149.56,-33.69,1920,11,"063073",53.1
149.56,-33.69,1920,12,"063073",140.3
149.56,-33.69,1921,1,"063073",57.8
149.56,-33.69,1921,2,"063073",26.2
149.56,-33.69,1921,3,"063073",49.6
149.56,-33.69,1921,4,"063073",50.4
149.56,-33.69,1921,5,"063073",65.4
149.56,-33.69,1921,6,"063073",72.8
149.56,-33.69,1921,7,"063073",51.1
149.56,-33.69,1921,8,"063073",88.9
149.56,-33.69,1921,9,"063073",56.2
149.56,-33.69,1921,10,"063073",51.6
149.56,-33.69,1921,11,"063073",29.4
149.56,-33.69,1921,12,"063073",163.9
149.56,-33.69,1923,1,"063073",35.6
149.56,-33.69,1923,2,"063073",0
149.56,-33.69,1923,3,"063073",21.3
149.56,-33.69,1923,4,"063073",0.5
149.56,-33.69,1923,5,"063073",23.4
149.56,-33.69,1923,6,"063073",124
149.56,-33.69,1923,7,"063073",117.6
149.56,-33.69,1923,8,"063073",35.6
149.56,-33.69,1923,9,"063073",96
149.56,-33.69,1923,10,"063073",86.6
149.56,-33.69,1923,11,"063073",47.5
149.56,-33.69,1923,12,"063073",35.6
149.56,-33.69,1932,1,"063073",5.6
149.56,-33.69,1932,2,"063073",36.3
149.56,-33.69,1932,3,"063073",128.9
149.56,-33.69,1932,4,"063073",57.4
149.56,-33.69,1932,5,"063073",6.4
149.56,-33.69,1932,6,"063073",45.6
149.56,-33.69,1932,7,"063073",47.8
149.56,-33.69,1932,8,"063073",49.8
149.56,-33.69,1932,9,"063073",34.3
149.56,-33.69,1932,10,"063073",48.5
149.56,-33.69,1932,11,"063073",96.9
149.56,-33.69,1932,12,"063073",62.3
149.56,-33.69,1933,1,"063073",100.6
149.56,-33.69,1933,2,"063073",0
149.56,-33.69,1933,3,"063073",25.9
149.56,-33.69,1933,4,"063073",32.8
149.56,-33.69,1933,5,"063073",58.9
149.56,-33.69,1933,6,"063073",29
149.56,-33.69,1933,7,"063073",83.1
149.56,-33.69,1933,8,"063073",22.9
149.56,-33.69,1933,9,"063073",75.2
149.56,-33.69,1933,10,"063073",44.5
149.56,-33.69,1933,11,"063073",60.5
149.56,-33.69,1933,12,"063073",53.1
149.56,-33.69,1934,1,"063073",71.9
149.56,-33.69,1934,2,"063073",89.7
149.56,-33.69,1934,3,"063073",0
149.56,-33.69,1934,4,"063073",41.9
149.56,-33.69,1934,5,"063073",0
149.56,-33.69,1934,6,"063073",39.4
149.56,-33.69,1934,7,"063073",92.5
149.56,-33.69,1934,8,"063073",74.5
149.56,-33.69,1934,9,"063073",17.8
149.56,-33.69,1934,10,"063073",179.8
149.56,-33.69,1934,11,"063073",122.4
149.56,-33.69,1934,12,"063073",65.5
149.56,-33.69,1935,1,"063073",108.9
149.56,-33.69,1935,2,"063073",63.5
149.56,-33.69,1935,3,"063073",14.5
149.56,-33.69,1935,4,"063073",95.6
149.56,-33.69,1935,5,"063073",5.4
149.56,-33.69,1935,6,"063073",15
149.56,-33.69,1935,7,"063073",58.6
149.56,-33.69,1935,8,"063073",37
149.56,-33.69,1935,9,"063073",31.2
149.56,-33.69,1935,10,"063073",63.5
149.56,-33.69,1935,11,"063073",18.1
149.56,-33.69,1935,12,"063073",65.1
149.56,-33.69,1936,1,"063073",88.7
149.56,-33.69,1936,2,"063073",66.5
149.56,-33.69,1936,3,"063073",95
149.56,-33.69,1936,4,"063073",53.6
149.56,-33.69,1936,5,"063073",35.4
149.56,-33.69,1936,6,"063073",44.7
149.56,-33.69,1936,7,"063073",107.2
149.56,-33.69,1936,8,"063073",59.5
149.56,-33.69,1936,9,"063073",28.8
149.56,-33.69,1936,10,"063073",25
149.56,-33.69,1936,11,"063073",6.6
149.56,-33.69,1936,12,"063073",126.3
149.56,-33.69,1937,1,"063073",61.5
149.56,-33.69,1937,2,"063073",0.8
149.56,-33.69,1937,3,"063073",58
149.56,-33.69,1937,4,"063073",11.9
149.56,-33.69,1937,5,"063073",22.4
149.56,-33.69,1937,6,"063073",30
149.56,-33.69,1937,7,"063073",13.7
149.56,-33.69,1937,8,"063073",60
149.56,-33.69,1937,9,"063073",57.1
149.56,-33.69,1937,10,"063073",34.5
149.56,-33.69,1937,11,"063073",82.8
149.56,-33.69,1937,12,"063073",66.1
149.56,-33.69,1938,1,"063073",64
149.56,-33.69,1938,2,"063073",53.1
149.56,-33.69,1938,3,"063073",1.3
149.56,-33.69,1938,4,"063073",74.1
149.56,-33.69,1938,5,"063073",27.2
149.56,-33.69,1938,6,"063073",53.2
149.56,-33.69,1938,7,"063073",65.1
149.56,-33.69,1938,8,"063073",51.5
149.56,-33.69,1938,9,"063073",23.9
149.56,-33.69,1938,10,"063073",66.2
149.56,-33.69,1938,11,"063073",57.7
149.56,-33.69,1938,12,"063073",2.5
149.56,-33.69,1939,1,"063073",46.7
149.56,-33.69,1939,2,"063073",24.6
149.56,-33.69,1939,3,"063073",36.3
149.56,-33.69,1939,4,"063073",74.2
149.56,-33.69,1939,5,"063073",27.5
149.56,-33.69,1939,6,"063073",60.6
149.56,-33.69,1939,7,"063073",26.7
149.56,-33.69,1939,8,"063073",138.9
149.56,-33.69,1939,9,"063073",27.2
149.56,-33.69,1939,10,"063073",105.1
149.56,-33.69,1939,11,"063073",74.4
149.56,-33.69,1939,12,"063073",41.7
149.56,-33.69,1940,1,"063073",11.2
149.56,-33.69,1940,2,"063073",6.4
149.56,-33.69,1940,3,"063073",7.6
149.56,-33.69,1940,4,"063073",85.3
149.56,-33.69,1940,5,"063073",28.2
149.56,-33.69,1940,6,"063073",24.9
149.56,-33.69,1940,7,"063073",21.1
149.56,-33.69,1940,8,"063073",10.1
149.56,-33.69,1940,9,"063073",63.7
149.56,-33.69,1940,10,"063073",0
149.56,-33.69,1940,11,"063073",48.1
149.56,-33.69,1940,12,"063073",89.2
149.56,-33.69,1941,1,"063073",124.8
149.56,-33.69,1941,2,"063073",40.7
149.56,-33.69,1941,3,"063073",89.1
149.56,-33.69,1941,4,"063073",0
149.56,-33.69,1941,5,"063073",44.4
149.56,-33.69,1941,6,"063073",75.3
149.56,-33.69,1941,7,"063073",23.7
149.56,-33.69,1941,8,"063073",29.2
149.56,-33.69,1941,9,"063073",36.3
149.56,-33.69,1941,10,"063073",65.8
149.56,-33.69,1941,11,"063073",30.5
149.56,-33.69,1941,12,"063073",20.3
149.56,-33.69,1942,1,"063073",2.8
149.56,-33.69,1942,2,"063073",21.3
149.56,-33.69,1942,3,"063073",61.4
149.56,-33.69,1942,4,"063073",1.8
149.56,-33.69,1942,5,"063073",95.6
149.56,-33.69,1942,6,"063073",102.4
149.56,-33.69,1942,7,"063073",87.6
149.56,-33.69,1942,8,"063073",61
149.56,-33.69,1942,9,"063073",67.5
149.56,-33.69,1942,10,"063073",23.1
149.56,-33.69,1942,11,"063073",124.8
149.56,-33.69,1942,12,"063073",93.4
149.56,-33.69,1943,1,"063073",63.8
149.56,-33.69,1943,2,"063073",36.2
149.56,-33.69,1943,3,"063073",6.6
149.56,-33.69,1943,4,"063073",66.6
149.56,-33.69,1943,5,"063073",102.7
149.56,-33.69,1943,6,"063073",24.5
149.56,-33.69,1943,7,"063073",39.9
149.56,-33.69,1943,8,"063073",27.7
149.56,-33.69,1943,9,"063073",92.4
149.56,-33.69,1943,10,"063073",37.7
149.56,-33.69,1943,11,"063073",81.8
149.56,-33.69,1943,12,"063073",35.8
149.56,-33.69,1944,1,"063073",20.5
149.56,-33.69,1944,2,"063073",9.1
149.56,-33.69,1944,3,"063073",19.5
149.56,-33.69,1944,4,"063073",34.3
149.56,-33.69,1944,5,"063073",51.1
149.56,-33.69,1944,6,"063073",6.9
149.56,-33.69,1944,7,"063073",47.2
149.56,-33.69,1944,8,"063073",47
149.56,-33.69,1944,9,"063073",14
149.56,-33.69,1944,10,"063073",26.7
149.56,-33.69,1944,11,"063073",34.5
149.56,-33.69,1944,12,"063073",6.3
149.56,-33.69,1945,1,"063073",94.9
149.56,-33.69,1945,2,"063073",45.4
149.56,-33.69,1945,3,"063073",17
149.56,-33.69,1945,4,"063073",21.9
149.56,-33.69,1945,5,"063073",69
149.56,-33.69,1945,6,"063073",114
149.56,-33.69,1945,7,"063073",30.7
149.56,-33.69,1945,8,"063073",72.1
149.56,-33.69,1945,9,"063073",17.7
149.56,-33.69,1945,10,"063073",48.3
149.56,-33.69,1945,11,"063073",38.3
149.56,-33.69,1945,12,"063073",38.3
149.56,-33.69,1946,1,"063073",70.9
149.56,-33.69,1946,2,"063073",35.9
149.56,-33.69,1946,3,"063073",23.2
149.56,-33.69,1946,4,"063073",24.6
149.56,-33.69,1946,5,"063073",21.9
149.56,-33.69,1946,6,"063073",28.3
149.56,-33.69,1946,7,"063073",44.4
149.56,-33.69,1946,8,"063073",20.8
149.56,-33.69,1946,9,"063073",12.5
149.56,-33.69,1946,10,"063073",65.3
149.56,-33.69,1946,11,"063073",101.6
149.56,-33.69,1946,12,"063073",60.5
149.56,-33.69,1947,1,"063073",5.6
149.56,-33.69,1947,2,"063073",73.1
149.56,-33.69,1947,3,"063073",45.6
149.56,-33.69,1947,4,"063073",34.8
149.56,-33.69,1947,5,"063073",59.2
149.56,-33.69,1947,6,"063073",27.5
149.56,-33.69,1947,7,"063073",100.3
149.56,-33.69,1947,8,"063073",50.8
149.56,-33.69,1947,9,"063073",75.8
149.56,-33.69,1947,10,"063073",43.1
149.56,-33.69,1947,11,"063073",70.7
149.56,-33.69,1947,12,"063073",204.6
149.56,-33.69,1948,1,"063073",65.8
149.56,-33.69,1948,2,"063073",107.9
149.56,-33.69,1948,3,"063073",35.5
149.56,-33.69,1948,4,"063073",84.3
149.56,-33.69,1948,5,"063073",44.8
149.56,-33.69,1948,6,"063073",94.3
149.56,-33.69,1948,7,"063073",16
149.56,-33.69,1948,8,"063073",45.9
149.56,-33.69,1948,9,"063073",31.8
149.56,-33.69,1948,10,"063073",37.5
149.56,-33.69,1948,11,"063073",41.5
149.56,-33.69,1948,12,"063073",45
149.56,-33.69,1949,1,"063073",33.3
149.56,-33.69,1949,2,"063073",37.1
149.56,-33.69,1949,3,"063073",51.1
149.56,-33.69,1949,4,"063073",37.3
149.56,-33.69,1949,5,"063073",43.6
149.56,-33.69,1949,6,"063073",54.1
149.56,-33.69,1949,7,"063073",50.9
149.56,-33.69,1949,8,"063073",26.4
149.56,-33.69,1949,9,"063073",116.2
149.56,-33.69,1949,10,"063073",91.2
149.56,-33.69,1949,11,"063073",100.5
149.56,-33.69,1949,12,"063073",47.7
149.56,-33.69,1950,1,"063073",103.6
149.56,-33.69,1950,2,"063073",139
149.56,-33.69,1950,3,"063073",200.1
149.56,-33.69,1950,4,"063073",107.3
149.56,-33.69,1950,5,"063073",91.7
149.56,-33.69,1950,6,"063073",90.8
149.56,-33.69,1950,7,"063073",129.8
149.56,-33.69,1950,8,"063073",96
149.56,-33.69,1950,9,"063073",74.5
149.56,-33.69,1950,10,"063073",177.5
149.56,-33.69,1950,11,"063073",119.6
149.56,-33.69,1950,12,"063073",30.2
149.56,-33.69,1951,1,"063073",99.5
149.56,-33.69,1951,2,"063073",66.7
149.56,-33.69,1951,3,"063073",31.5
149.56,-33.69,1951,4,"063073",39.6
149.56,-33.69,1951,5,"063073",45.9
149.56,-33.69,1951,6,"063073",90.3
149.56,-33.69,1951,7,"063073",80
149.56,-33.69,1951,8,"063073",138.3
149.56,-33.69,1951,9,"063073",61.7
149.56,-33.69,1951,10,"063073",67
149.56,-33.69,1951,11,"063073",35
149.56,-33.69,1951,12,"063073",24.1
149.56,-33.69,1952,1,"063073",48
149.56,-33.69,1952,2,"063073",16.5
149.56,-33.69,1952,3,"063073",133.1
149.56,-33.69,1952,4,"063073",116.7
149.56,-33.69,1952,5,"063073",93.2
149.56,-33.69,1952,6,"063073",142.2
149.56,-33.69,1952,7,"063073",120.4
149.56,-33.69,1952,8,"063073",103.4
149.56,-33.69,1952,9,"063073",54.4
149.56,-33.69,1952,10,"063073",98.3
149.56,-33.69,1952,11,"063073",53.4
149.56,-33.69,1952,12,"063073",109.3
149.56,-33.69,1953,1,"063073",83.6
149.56,-33.69,1953,2,"063073",22.6
149.56,-33.69,1953,3,"063073",15.7
149.56,-33.69,1953,4,"063073",14.1
149.56,-33.69,1953,5,"063073",74.4
149.56,-33.69,1953,6,"063073",34
149.56,-33.69,1953,7,"063073",21.3
149.56,-33.69,1953,8,"063073",63.2
149.56,-33.69,1953,9,"063073",47.9
149.56,-33.69,1953,10,"063073",84.9
149.56,-33.69,1953,11,"063073",98.2
149.56,-33.69,1953,12,"063073",35.8
149.56,-33.69,1954,1,"063073",63.5
149.56,-33.69,1954,2,"063073",122.7
149.56,-33.69,1954,3,"063073",10.4
149.56,-33.69,1954,4,"063073",42
149.56,-33.69,1954,5,"063073",5.1
149.56,-33.69,1954,6,"063073",29.2
149.56,-33.69,1954,7,"063073",39.5
149.56,-33.69,1954,8,"063073",28.7
149.56,-33.69,1954,9,"063073",34.1
149.56,-33.69,1954,10,"063073",132.7
149.56,-33.69,1954,11,"063073",134.8
149.56,-33.69,1954,12,"063073",35.1
149.56,-33.69,1955,1,"063073",94.6
149.56,-33.69,1955,2,"063073",149.2
149.56,-33.69,1955,3,"063073",47.2
149.56,-33.69,1955,4,"063073",20.8
149.56,-33.69,1955,5,"063073",77.1
149.56,-33.69,1955,6,"063073",47.2
149.56,-33.69,1955,7,"063073",39.6
149.56,-33.69,1955,8,"063073",111.2
149.56,-33.69,1955,9,"063073",36
149.56,-33.69,1955,10,"063073",163.3
149.56,-33.69,1955,11,"063073",134.1
149.56,-33.69,1955,12,"063073",45
149.56,-33.69,1956,1,"063073",100.8
149.56,-33.69,1956,2,"063073",106.2
149.56,-33.69,1956,3,"063073",175
149.56,-33.69,1956,4,"063073",65.4
149.56,-33.69,1956,5,"063073",83.6
149.56,-33.69,1956,6,"063073",117.8
149.56,-33.69,1956,7,"063073",111.4
149.56,-33.69,1956,8,"063073",55
149.56,-33.69,1956,9,"063073",70.8
149.56,-33.69,1956,10,"063073",139.1
149.56,-33.69,1956,11,"063073",18.5
149.56,-33.69,1956,12,"063073",15.3
149.56,-33.69,1957,1,"063073",37
149.56,-33.69,1957,2,"063073",30
149.56,-33.69,1957,3,"063073",25.4
149.56,-33.69,1957,4,"063073",35.5
149.56,-33.69,1957,5,"063073",6.6
149.56,-33.69,1957,6,"063073",35
149.56,-33.69,1957,7,"063073",37.1
149.56,-33.69,1957,8,"063073",74.7
149.56,-33.69,1957,9,"063073",10
149.56,-33.69,1957,10,"063073",19.3
149.56,-33.69,1957,11,"063073",11.4
149.56,-33.69,1957,12,"063073",59
149.56,-33.69,1958,1,"063073",122.2
149.56,-33.69,1958,2,"063073",47.5
149.56,-33.69,1958,3,"063073",35.6
149.56,-33.69,1958,4,"063073",62.7
149.56,-33.69,1958,5,"063073",43
149.56,-33.69,1958,6,"063073",50.5
149.56,-33.69,1958,7,"063073",60.2
149.56,-33.69,1958,8,"063073",112.7
149.56,-33.69,1958,9,"063073",95.5
149.56,-33.69,1958,10,"063073",95
149.56,-33.69,1958,11,"063073",26.3
149.56,-33.69,1958,12,"063073",155.3
149.56,-33.69,1959,1,"063073",95.4
149.56,-33.69,1959,2,"063073",118
149.56,-33.69,1959,3,"063073",65.3
149.56,-33.69,1959,4,"063073",112.2
149.56,-33.69,1959,5,"063073",15.2
149.56,-33.69,1959,6,"063073",75.2
149.56,-33.69,1959,7,"063073",49.3
149.56,-33.69,1959,8,"063073",26.7
149.56,-33.69,1959,9,"063073",28.9
149.56,-33.69,1959,10,"063073",101.4
149.56,-33.69,1959,11,"063073",90.1
149.56,-33.69,1959,12,"063073",36.8
149.56,-33.69,1960,1,"063073",39.2
149.56,-33.69,1960,2,"063073",60.9
149.56,-33.69,1960,3,"063073",21.8
149.56,-33.69,1960,4,"063073",80.5
149.56,-33.69,1960,5,"063073",98.7
149.56,-33.69,1960,6,"063073",25.7
149.56,-33.69,1960,7,"063073",107.9
149.56,-33.69,1960,8,"063073",101.4
149.56,-33.69,1960,9,"063073",107.2
149.56,-33.69,1960,10,"063073",93.5
149.56,-33.69,1960,11,"063073",85.4
149.56,-33.69,1960,12,"063073",89.5
149.56,-33.69,1961,1,"063073",58.4
149.56,-33.69,1961,2,"063073",43.7
149.56,-33.69,1961,3,"063073",59.5
149.56,-33.69,1961,4,"063073",67.5
149.56,-33.69,1961,5,"063073",12.7
149.56,-33.69,1961,6,"063073",31.1
149.56,-33.69,1961,7,"063073",97.4
149.56,-33.69,1961,8,"063073",83.2
149.56,-33.69,1961,9,"063073",24.6
149.56,-33.69,1961,10,"063073",48
149.56,-33.69,1961,11,"063073",174.7
149.56,-33.69,1961,12,"063073",83.1
149.56,-33.69,1962,1,"063073",122
149.56,-33.69,1962,2,"063073",59.7
149.56,-33.69,1962,3,"063073",16.7
149.56,-33.69,1962,4,"063073",7.1
149.56,-33.69,1962,5,"063073",80.1
149.56,-33.69,1962,6,"063073",26.6
149.56,-33.69,1962,7,"063073",56.2
149.56,-33.69,1962,8,"063073",80.3
149.56,-33.69,1962,9,"063073",71
149.56,-33.69,1962,10,"063073",53.7
149.56,-33.69,1962,11,"063073",23.9
149.56,-33.69,1962,12,"063073",207.3
149.56,-33.69,1963,1,"063073",138.7
149.56,-33.69,1963,2,"063073",112.5
149.56,-33.69,1963,3,"063073",51
149.56,-33.69,1963,4,"063073",32.2
149.56,-33.69,1963,5,"063073",94.8
149.56,-33.69,1963,6,"063073",65
149.56,-33.69,1963,7,"063073",75.1
149.56,-33.69,1963,8,"063073",86.4
149.56,-33.69,1963,9,"063073",68
149.56,-33.69,1963,10,"063073",73.6
149.56,-33.69,1963,11,"063073",35.8
149.56,-33.69,1963,12,"063073",100.2
149.56,-33.69,1964,1,"063073",45.3
149.56,-33.69,1964,2,"063073",26.5
149.56,-33.69,1964,3,"063073",31.3
149.56,-33.69,1964,4,"063073",108.3
149.56,-33.69,1964,5,"063073",41.4
149.56,-33.69,1964,6,"063073",139.1
149.56,-33.69,1964,7,"063073",125.1
149.56,-33.69,1964,8,"063073",60.9
149.56,-33.69,1964,9,"063073",109.9
149.56,-33.69,1964,10,"063073",139.4
149.56,-33.69,1964,11,"063073",72.9
149.56,-33.69,1964,12,"063073",41.4
149.56,-33.69,1965,1,"063073",0.8
149.56,-33.69,1965,2,"063073",9.9
149.56,-33.69,1965,3,"063073",11.6
149.56,-33.69,1965,4,"063073",47.3
149.56,-33.69,1965,5,"063073",33.3
149.56,-33.69,1965,6,"063073",21.5
149.56,-33.69,1965,7,"063073",24.5
149.56,-33.69,1965,8,"063073",37.8
149.56,-33.69,1965,9,"063073",45
149.56,-33.69,1965,10,"063073",111.6
149.56,-33.69,1965,11,"063073",32.5
149.56,-33.69,1965,12,"063073",83.3
149.56,-33.69,1966,1,"063073",47.8
149.56,-33.69,1966,2,"063073",18.8
149.56,-33.69,1966,3,"063073",111.3
149.56,-33.69,1966,4,"063073",33
149.56,-33.69,1966,5,"063073",51.3
149.56,-33.69,1966,6,"063073",54.3
149.56,-33.69,1966,7,"063073",38.6
149.56,-33.69,1966,8,"063073",75.5
149.56,-33.69,1966,9,"063073",67.1
149.56,-33.69,1966,10,"063073",140.6
149.56,-33.69,1966,11,"063073",75.6
149.56,-33.69,1966,12,"063073",115.9
149.56,-33.69,1967,1,"063073",116.5
149.56,-33.69,1967,2,"063073",95
149.56,-33.69,1967,3,"063073",17.2
149.56,-33.69,1967,4,"063073",1
149.56,-33.69,1967,5,"063073",25.6
149.56,-33.69,1967,6,"063073",27.2
149.56,-33.69,1967,7,"063073",20.3
149.56,-33.69,1967,8,"063073",170
149.56,-33.69,1967,9,"063073",20.5
149.56,-33.69,1967,10,"063073",61.7
149.56,-33.69,1967,11,"063073",32.2
149.56,-33.69,1967,12,"063073",16.3
149.56,-33.69,1968,1,"063073",157.6
149.56,-33.69,1968,2,"063073",16
149.56,-33.69,1968,3,"063073",51.3
149.56,-33.69,1968,4,"063073",75.5
149.56,-33.69,1968,5,"063073",202.6
149.56,-33.69,1968,6,"063073",35.8
149.56,-33.69,1968,7,"063073",46.2
149.56,-33.69,1968,8,"063073",86.6
149.56,-33.69,1968,9,"063073",19.5
149.56,-33.69,1968,10,"063073",53.2
149.56,-33.69,1968,11,"063073",37.6
149.56,-33.69,1968,12,"063073",101.5
149.56,-33.69,1969,1,"063073",28
149.56,-33.69,1969,2,"063073",167
149.56,-33.69,1969,3,"063073",140
149.56,-33.69,1969,4,"063073",91.4
149.56,-33.69,1969,5,"063073",73.8
149.56,-33.69,1969,6,"063073",37.9
149.56,-33.69,1969,7,"063073",50.7
149.56,-33.69,1969,8,"063073",58.8
149.56,-33.69,1969,9,"063073",61.2
149.56,-33.69,1969,10,"063073",85.4
149.56,-33.69,1969,11,"063073",99.3
149.56,-33.69,1969,12,"063073",28.1
149.56,-33.69,1970,1,"063073",167.4
149.56,-33.69,1970,2,"063073",54.9
149.56,-33.69,1970,3,"063073",84.3
149.56,-33.69,1970,4,"063073",63.8
149.56,-33.69,1970,5,"063073",74.7
149.56,-33.69,1970,6,"063073",27.7
149.56,-33.69,1970,7,"063073",8.8
149.56,-33.69,1970,8,"063073",59.4
149.56,-33.69,1970,9,"063073",133.7
149.56,-33.69,1970,10,"063073",101.7
149.56,-33.69,1970,11,"063073",124.8
149.56,-33.69,1970,12,"063073",136
149.56,-33.69,1971,1,"063073",89.4
149.56,-33.69,1971,2,"063073",148.9
149.56,-33.69,1971,3,"063073",19.8
149.56,-33.69,1971,4,"063073",24.6
149.56,-33.69,1971,5,"063073",28.5
149.56,-33.69,1971,6,"063073",13.6
149.56,-33.69,1971,7,"063073",35.7
149.56,-33.69,1971,8,"063073",111.5
149.56,-33.69,1971,9,"063073",102.2
149.56,-33.69,1971,10,"063073",24.8
149.56,-33.69,1971,11,"063073",110.3
149.56,-33.69,1971,12,"063073",196.9
149.56,-33.69,1972,1,"063073",193.9
149.56,-33.69,1972,2,"063073",68.1
149.56,-33.69,1972,3,"063073",22.4
149.56,-33.69,1972,4,"063073",45.5
149.56,-33.69,1972,5,"063073",16.8
149.56,-33.69,1972,6,"063073",2.3
149.56,-33.69,1972,7,"063073",17.5
149.56,-33.69,1972,8,"063073",64.1
149.56,-33.69,1972,9,"063073",18.3
149.56,-33.69,1972,10,"063073",70
149.56,-33.69,1972,11,"063073",72.3
149.56,-33.69,1972,12,"063073",25.6
149.56,-33.69,1973,1,"063073",82.3
149.56,-33.69,1973,2,"063073",251.3
149.56,-33.69,1973,3,"063073",43.3
149.56,-33.69,1973,4,"063073",38.6
149.56,-33.69,1973,5,"063073",60.9
149.56,-33.69,1973,6,"063073",86.9
149.56,-33.69,1973,7,"063073",67.8
149.56,-33.69,1973,8,"063073",113.2
149.56,-33.69,1973,9,"063073",52.3
149.56,-33.69,1973,10,"063073",118.1
149.56,-33.69,1973,11,"063073",110.5
149.56,-33.69,1973,12,"063073",56.1
149.56,-33.69,1974,1,"063073",115.4
149.56,-33.69,1974,2,"063073",111.6
149.56,-33.69,1974,3,"063073",22.8
149.56,-33.69,1974,4,"063073",148.6
149.56,-33.69,1974,5,"063073",59.6
149.56,-33.69,1974,6,"063073",8.6
149.56,-33.69,1974,7,"063073",96.2
149.56,-33.69,1974,8,"063073",62
149.56,-33.69,1974,9,"063073",77.8
149.56,-33.69,1974,10,"063073",84.8
149.56,-33.69,1974,11,"063073",42
149.56,-33.69,1974,12,"063073",0
149.56,-33.69,1975,1,"063073",66.4
149.56,-33.69,1975,2,"063073",85.4
149.56,-33.69,1975,3,"063073",22.8
149.56,-33.69,1975,4,"063073",76.8
149.56,-33.69,1975,5,"063073",19.8
149.56,-33.69,1975,6,"063073",85.6
149.56,-33.69,1975,7,"063073",39.2
149.56,-33.69,1975,8,"063073",93.4
149.56,-33.69,1975,9,"063073",95
149.56,-33.69,1975,10,"063073",142.8
149.56,-33.69,1975,11,"063073",42
149.56,-33.69,1975,12,"063073",26.4
149.56,-33.69,1976,1,"063073",242.6
149.56,-33.69,1976,2,"063073",82.6
149.56,-33.69,1976,3,"063073",104.8
149.56,-33.69,1976,4,"063073",26
149.56,-33.69,1976,5,"063073",7.8
149.56,-33.69,1976,6,"063073",9
149.56,-33.69,1976,7,"063073",86.6
149.56,-33.69,1976,8,"063073",33.6
149.56,-33.69,1976,9,"063073",94.2
149.56,-33.69,1976,10,"063073",151.2
149.56,-33.69,1976,11,"063073",44.2
149.56,-33.69,1976,12,"063073",30.8
149.56,-33.69,1977,1,"063073",32.2
149.56,-33.69,1977,2,"063073",46
149.56,-33.69,1977,3,"063073",102.8
149.56,-33.69,1977,4,"063073",43
149.56,-33.69,1977,5,"063073",88.6
149.56,-33.69,1977,6,"063073",55.6
149.56,-33.69,1977,7,"063073",21.4
149.56,-33.69,1977,8,"063073",36.4
149.56,-33.69,1977,9,"063073",72.8
149.56,-33.69,1977,10,"063073",5.6
149.56,-33.69,1977,11,"063073",10.6
149.56,-33.69,1977,12,"063073",30
149.56,-33.69,1978,1,"063073",268.4
149.56,-33.69,1978,2,"063073",7.6
149.56,-33.69,1978,3,"063073",111.6
149.56,-33.69,1978,4,"063073",8
149.56,-33.69,1978,5,"063073",104
149.56,-33.69,1978,6,"063073",65.4
149.56,-33.69,1978,7,"063073",78.6
149.56,-33.69,1978,8,"063073",36.2
149.56,-33.69,1978,9,"063073",119.8
149.56,-33.69,1978,10,"063073",66.8
149.56,-33.69,1978,11,"063073",79.4
149.56,-33.69,1978,12,"063073",62
149.56,-33.69,1979,1,"063073",5.8
149.56,-33.69,1979,2,"063073",7.2
149.56,-33.69,1979,3,"063073",33.2
149.56,-33.69,1979,4,"063073",59
149.56,-33.69,1979,5,"063073",48
149.56,-33.69,1979,6,"063073",4.8
149.56,-33.69,1979,7,"063073",20.6
149.56,-33.69,1979,8,"063073",38
149.56,-33.69,1979,9,"063073",66
149.56,-33.69,1979,10,"063073",43
149.56,-33.69,1979,11,"063073",28.4
149.56,-33.69,1979,12,"063073",0
149.56,-33.69,1980,1,"063073",59.6
149.56,-33.69,1980,2,"063073",41
149.56,-33.69,1980,3,"063073",33.2
149.56,-33.69,1980,4,"063073",2.2
149.56,-33.69,1980,5,"063073",54.4
149.56,-33.69,1980,6,"063073",62.2
149.56,-33.69,1980,7,"063073",45
149.56,-33.69,1980,8,"063073",20
149.56,-33.69,1980,9,"063073",17.8
149.56,-33.69,1980,10,"063073",56.6
149.56,-33.69,1980,11,"063073",4
149.56,-33.69,1980,12,"063073",41.8
149.56,-33.69,1981,1,"063073",38.6
149.56,-33.69,1981,2,"063073",96.4
149.56,-33.69,1981,3,"063073",0.2
149.56,-33.69,1981,4,"063073",24
149.56,-33.69,1981,5,"063073",53.3
149.56,-33.69,1981,6,"063073",109.2
149.56,-33.69,1981,7,"063073",118.6
149.56,-33.69,1981,8,"063073",54.3
149.56,-33.69,1981,9,"063073",27.2
149.56,-33.69,1981,10,"063073",56.8
149.56,-33.69,1981,11,"063073",86.4
149.56,-33.69,1981,12,"063073",62.6
149.56,-33.69,1982,1,"063073",11.2
149.56,-33.69,1982,2,"063073",22
149.56,-33.69,1982,3,"063073",51.6
149.56,-33.69,1982,4,"063073",13.6
149.56,-33.69,1982,5,"063073",10.6
149.56,-33.69,1982,6,"063073",25.8
149.56,-33.69,1982,7,"063073",18.2
149.56,-33.69,1982,8,"063073",3.1
149.56,-33.69,1982,9,"063073",39.6
149.56,-33.69,1982,10,"063073",13
149.56,-33.69,1982,11,"063073",6.8
149.56,-33.69,1982,12,"063073",8.4
149.56,-33.69,1983,1,"063073",48.8
149.56,-33.69,1983,2,"063073",31.2
149.56,-33.69,1983,3,"063073",60
149.56,-33.69,1983,4,"063073",73
149.56,-33.69,1983,5,"063073",114.2
149.56,-33.69,1983,6,"063073",20
149.56,-33.69,1983,7,"063073",44.2
149.56,-33.69,1983,8,"063073",54.6
149.56,-33.69,1983,9,"063073",78
149.56,-33.69,1983,10,"063073",93
149.56,-33.69,1983,11,"063073",61
149.56,-33.69,1983,12,"063073",105.8
149.56,-33.69,1984,1,"063073",244.4
149.56,-33.69,1984,2,"063073",108.6
149.56,-33.69,1984,3,"063073",24.6
149.56,-33.69,1984,4,"063073",102.8
149.56,-33.69,1984,5,"063073",42.4
149.56,-33.69,1984,6,"063073",5.2
149.56,-33.69,1984,7,"063073",137.2
149.56,-33.69,1984,8,"063073",66
149.56,-33.69,1984,9,"063073",53.9
149.56,-33.69,1984,10,"063073",47.8
149.56,-33.69,1984,11,"063073",39.8
149.56,-33.69,1984,12,"063073",40.4
149.56,-33.69,1985,1,"063073",7.2
149.56,-33.69,1985,2,"063073",29.5
149.56,-33.69,1985,3,"063073",64.2
149.56,-33.69,1985,4,"063073",45.4
149.56,-33.69,1985,5,"063073",37
149.56,-33.69,1985,6,"063073",37.2
149.56,-33.69,1985,7,"063073",15.2
149.56,-33.69,1985,8,"063073",107.8
149.56,-33.69,1985,9,"063073",76.9
149.56,-33.69,1985,10,"063073",71.4
149.56,-33.69,1985,11,"063073",74.7
149.56,-33.69,1985,12,"063073",74.8
149.56,-33.69,1986,1,"063073",132.6
149.56,-33.69,1986,2,"063073",10.4
149.56,-33.69,1986,3,"063073",14.9
149.56,-33.69,1986,4,"063073",34.8
149.56,-33.69,1986,5,"063073",47.6
149.56,-33.69,1986,6,"063073",16.2
149.56,-33.69,1986,7,"063073",84.2
149.56,-33.69,1986,8,"063073",116.8
149.56,-33.69,1986,9,"063073",62
149.56,-33.69,1986,10,"063073",76
149.56,-33.69,1986,11,"063073",95.6
149.56,-33.69,1986,12,"063073",10
149.56,-33.69,1987,1,"063073",39.9
149.56,-33.69,1987,2,"063073",34.8
149.56,-33.69,1987,3,"063073",165
149.56,-33.69,1987,4,"063073",6.8
149.56,-33.69,1987,5,"063073",82.4
149.56,-33.69,1987,6,"063073",54
149.56,-33.69,1987,7,"063073",31.4
149.56,-33.69,1987,8,"063073",90
149.56,-33.69,1987,9,"063073",24.4
149.56,-33.69,1987,10,"063073",61
149.56,-33.69,1987,11,"063073",52.7
149.56,-33.69,1987,12,"063073",96
149.56,-33.69,1988,1,"063073",113
149.56,-33.69,1988,2,"063073",29.8
149.56,-33.69,1988,3,"063073",21.7
149.56,-33.69,1988,4,"063073",86.4
149.56,-33.69,1988,5,"063073",60.6
149.56,-33.69,1988,6,"063073",46.6
149.56,-33.69,1988,7,"063073",70.8
149.56,-33.69,1988,8,"063073",90
149.56,-33.69,1988,9,"063073",77.8
149.56,-33.69,1988,10,"063073",15.2
149.56,-33.69,1988,11,"063073",73.8
149.56,-33.69,1988,12,"063073",185
149.56,-33.69,1989,1,"063073",57.3
149.56,-33.69,1989,2,"063073",33.4
149.56,-33.69,1989,3,"063073",118.6
149.56,-33.69,1989,4,"063073",163.8
149.56,-33.69,1989,5,"063073",42.7
149.56,-33.69,1989,6,"063073",37.6
149.56,-33.69,1989,7,"063073",60.8
149.56,-33.69,1989,8,"063073",NA
149.56,-33.69,1989,9,"063073",34
149.56,-33.69,1989,10,"063073",25.2
149.56,-33.69,1989,11,"063073",22.2
149.56,-33.69,1989,12,"063073",51.2
149.56,-33.69,1990,1,"063073",95.4
149.56,-33.69,1990,2,"063073",165.8
149.56,-33.69,1990,3,"063073",19.8
149.56,-33.69,1990,4,"063073",245.1
149.56,-33.69,1990,5,"063073",72.3
149.56,-33.69,1990,6,"063073",22.6
149.56,-33.69,1990,7,"063073",113.1
149.56,-33.69,1990,8,"063073",174.4
149.56,-33.69,1990,9,"063073",35.2
149.56,-33.69,1990,10,"063073",43.6
149.56,-33.69,1990,11,"063073",24.4
149.56,-33.69,1990,12,"063073",22.2
149.56,-33.69,1991,1,"063073",37.6
149.56,-33.69,1991,2,"063073",43.4
149.56,-33.69,1991,3,"063073",23.2
149.56,-33.69,1991,4,"063073",16.8
149.56,-33.69,1991,5,"063073",45
149.56,-33.69,1991,6,"063073",78.4
149.56,-33.69,1991,7,"063073",89.4
149.56,-33.69,1991,8,"063073",102.4
149.56,-33.69,1991,9,"063073",79
149.56,-33.69,1991,10,"063073",12.6
149.56,-33.69,1991,11,"063073",38.6
149.56,-33.69,1991,12,"063073",116.4
149.56,-33.69,1992,1,"063073",112.2
149.56,-33.69,1992,2,"063073",161.3
149.56,-33.69,1992,3,"063073",36
149.56,-33.69,1992,4,"063073",38.6
149.56,-33.69,1992,5,"063073",33
149.56,-33.69,1992,6,"063073",33.6
149.56,-33.69,1992,7,"063073",36.6
149.56,-33.69,1992,8,"063073",106
149.56,-33.69,1992,9,"063073",64.7
149.56,-33.69,1992,10,"063073",83.4
149.56,-33.69,1992,11,"063073",78.8
149.56,-33.69,1992,12,"063073",169.6
149.56,-33.69,1993,1,"063073",29.2
149.56,-33.69,1993,2,"063073",44.2
149.56,-33.69,1993,3,"063073",86.8
149.56,-33.69,1993,4,"063073",11
149.56,-33.69,1993,5,"063073",30.6
149.56,-33.69,1993,6,"063073",37.2
149.56,-33.69,1993,7,"063073",122.9
149.56,-33.69,1993,8,"063073",30.6
149.56,-33.69,1993,9,"063073",117
149.56,-33.69,1993,10,"063073",67
149.56,-33.69,1993,11,"063073",167.4
149.56,-33.69,1993,12,"063073",41.4
149.56,-33.69,1994,1,"063073",5.4
149.56,-33.69,1994,2,"063073",103.6
149.56,-33.69,1994,3,"063073",23.2
149.56,-33.69,1994,4,"063073",42.2
149.56,-33.69,1994,5,"063073",NA
149.56,-33.69,1994,6,"063073",NA
149.56,-33.69,1994,7,"063073",NA
149.56,-33.69,1994,8,"063073",NA
149.56,-33.69,1994,9,"063073",NA
149.56,-33.69,1994,10,"063073",NA
149.56,-33.69,1994,11,"063073",NA
149.56,-33.69,1994,12,"063073",NA
149.56,-33.69,1995,1,"063073",196.9
149.56,-33.69,1995,2,"063073",NA
149.56,-33.69,1995,3,"063073",NA
149.56,-33.69,1995,4,"063073",NA
149.56,-33.69,1995,5,"063073",NA
149.56,-33.69,1995,6,"063073",NA
149.56,-33.69,1995,7,"063073",NA
149.56,-33.69,1995,8,"063073",NA
149.56,-33.69,1995,9,"063073",NA
149.56,-33.69,1995,10,"063073",27.8
149.56,-33.69,1995,11,"063073",81.8
149.56,-33.69,1995,12,"063073",95.4
149.56,-33.69,1996,1,"063073",145.2
149.56,-33.69,1996,2,"063073",36.4
149.56,-33.69,1996,3,"063073",33.2
149.56,-33.69,1996,4,"063073",7.4
149.56,-33.69,1996,5,"063073",47.6
149.56,-33.69,1996,6,"063073",78.6
149.56,-33.69,1996,7,"063073",105.4
149.56,-33.69,1996,8,"063073",44.6
149.56,-33.69,1996,9,"063073",71.4
149.56,-33.69,1996,10,"063073",79.8
149.56,-33.69,1996,11,"063073",74
149.56,-33.69,1996,12,"063073",86.4
149.56,-33.69,1997,1,"063073",76.2
149.56,-33.69,1997,2,"063073",80.2
149.56,-33.69,1997,3,"063073",17.2
149.56,-33.69,1997,4,"063073",1.2
149.56,-33.69,1997,5,"063073",41.8
149.56,-33.69,1997,6,"063073",32.2
149.56,-33.69,1997,7,"063073",44
149.56,-33.69,1997,8,"063073",33.4
149.56,-33.69,1997,9,"063073",81
149.56,-33.69,1997,10,"063073",40.4
149.56,-33.69,1997,11,"063073",20.2
149.56,-33.69,1997,12,"063073",86
149.56,-33.69,1998,1,"063073",93.4
149.56,-33.69,1998,2,"063073",38
149.56,-33.69,1998,3,"063073",3.8
149.56,-33.69,1998,4,"063073",71.4
149.56,-33.69,1998,5,"063073",61.6
149.56,-33.69,1998,6,"063073",117.2
149.56,-33.69,1998,7,"063073",109.8
149.56,-33.69,1998,8,"063073",156.6
149.56,-33.69,1998,9,"063073",66
149.56,-33.69,1998,10,"063073",84
149.56,-33.69,1998,11,"063073",68
149.56,-33.69,1998,12,"063073",32.6
149.56,-33.69,1999,1,"063073",30.4
149.56,-33.69,1999,2,"063073",4.6
149.56,-33.69,1999,3,"063073",74.4
149.56,-33.69,1999,4,"063073",36.4
149.56,-33.69,1999,5,"063073",17.6
149.56,-33.69,1999,6,"063073",45.6
149.56,-33.69,1999,7,"063073",30
149.56,-33.69,1999,8,"063073",63.8
149.56,-33.69,1999,9,"063073",39
149.56,-33.69,1999,10,"063073",223.8
149.56,-33.69,1999,11,"063073",NA
149.56,-33.69,1999,12,"063073",58.6
149.56,-33.69,2000,1,"063073",29.2
149.56,-33.69,2000,2,"063073",19.4
149.56,-33.69,2000,3,"063073",167.8
149.56,-33.69,2000,4,"063073",49
149.56,-33.69,2000,5,"063073",76.2
149.56,-33.69,2000,6,"063073",55
149.56,-33.69,2000,7,"063073",46.2
149.56,-33.69,2000,8,"063073",NA
149.56,-33.69,2000,9,"063073",42.6
149.56,-33.69,2000,10,"063073",105.4
149.56,-33.69,2000,11,"063073",140.4
149.56,-33.69,2000,12,"063073",22.6
149.56,-33.69,2001,1,"063073",77.6
149.56,-33.69,2001,2,"063073",29.8
149.56,-33.69,2001,3,"063073",63.8
149.56,-33.69,2001,4,"063073",53.4
149.56,-33.69,2001,5,"063073",12.2
149.56,-33.69,2001,6,"063073",28.2
149.56,-33.69,2001,7,"063073",NA
149.56,-33.69,2001,8,"063073",67.8
149.56,-33.69,2001,9,"063073",47.1
149.56,-33.69,2001,10,"063073",73.4
149.56,-33.69,2001,11,"063073",48.4
149.56,-33.69,2001,12,"063073",22.3
149.56,-33.69,2002,1,"063073",47.3
149.56,-33.69,2002,2,"063073",157.9
149.56,-33.69,2002,3,"063073",53
149.56,-33.69,2002,4,"063073",36.5
149.56,-33.69,2002,5,"063073",57.3
149.56,-33.69,2002,6,"063073",20.8
149.56,-33.69,2002,7,"063073",17
149.56,-33.69,2002,8,"063073",13.6
149.56,-33.69,2002,9,"063073",39.4
149.56,-33.69,2002,10,"063073",0
149.56,-33.69,2002,11,"063073",11.6
149.56,-33.69,2002,12,"063073",50.8
149.56,-33.69,2003,1,"063073",30.6
149.56,-33.69,2003,2,"063073",103.8
149.56,-33.69,2003,3,"063073",55
149.56,-33.69,2003,4,"063073",28.8
149.56,-33.69,2003,5,"063073",6.8
149.56,-33.69,2003,6,"063073",90.8
149.56,-33.69,2003,7,"063073",41.9
149.56,-33.69,2003,8,"063073",109.6
149.56,-33.69,2003,9,"063073",29.4
149.56,-33.69,2003,10,"063073",60.4
149.56,-33.69,2003,11,"063073",97.8
149.56,-33.69,2003,12,"063073",81.8
149.56,-33.69,2004,1,"063073",67.6
149.56,-33.69,2004,2,"063073",71.6
149.56,-33.69,2004,3,"063073",32.8
149.56,-33.69,2004,4,"063073",4.8
149.56,-33.69,2004,5,"063073",35.4
149.56,-33.69,2004,6,"063073",44.4
149.56,-33.69,2004,7,"063073",36.2
149.56,-33.69,2004,8,"063073",69.2
149.56,-33.69,2004,9,"063073",50.4
149.56,-33.69,2004,10,"063073",60.6
149.56,-33.69,2004,11,"063073",88.2
149.56,-33.69,2004,12,"063073",75.6
149.56,-33.69,2005,1,"063073",27.8
149.56,-33.69,2005,2,"063073",99.6
149.56,-33.69,2005,3,"063073",24.8
149.56,-33.69,2005,4,"063073",8.2
149.56,-33.69,2005,5,"063073",2.2
149.56,-33.69,2005,6,"063073",84
149.56,-33.69,2005,7,"063073",53
149.56,-33.69,2005,8,"063073",32.8
149.56,-33.69,2005,9,"063073",109.8
149.56,-33.69,2005,10,"063073",94.6
149.56,-33.69,2005,11,"063073",NA
149.56,-33.69,2005,12,"063073",57.6
149.56,-33.69,2006,1,"063073",184.8
149.56,-33.69,2006,2,"063073",49
149.56,-33.69,2006,3,"063073",8.2
149.56,-33.69,2006,4,"063073",5
149.56,-33.69,2006,5,"063073",5.2
149.56,-33.69,2006,6,"063073",35.8
149.56,-33.69,2006,7,"063073",68.2
149.56,-33.69,2006,8,"063073",12.6
149.56,-33.69,2006,9,"063073",27
149.56,-33.69,2006,10,"063073",0.4
149.56,-33.69,2006,11,"063073",62.2
149.56,-33.69,2006,12,"063073",33.2
149.56,-33.69,2007,1,"063073",81
149.56,-33.69,2007,2,"063073",115.6
149.56,-33.69,2007,3,"063073",21.6
149.56,-33.69,2007,4,"063073",20
149.56,-33.69,2007,5,"063073",66.2
149.56,-33.69,2007,6,"063073",59.4
149.56,-33.69,2007,7,"063073",17.8
149.56,-33.69,2007,8,"063073",20.8
149.56,-33.69,2007,9,"063073",7.8
149.56,-33.69,2007,10,"063073",33.2
149.56,-33.69,2007,11,"063073",150.8
149.56,-33.69,2007,12,"063073",71
149.56,-33.69,2008,1,"063073",91
149.56,-33.69,2008,2,"063073",40
149.56,-33.69,2008,3,"063073",53.6
149.56,-33.69,2008,4,"063073",13.6
149.56,-33.69,2008,5,"063073",16.6
149.56,-33.69,2008,6,"063073",35.2
149.56,-33.69,2008,7,"063073",51
149.56,-33.69,2008,8,"063073",52.8
149.56,-33.69,2008,9,"063073",80.8
149.56,-33.69,2008,10,"063073",66.6
149.56,-33.69,2008,11,"063073",87
149.56,-33.69,2008,12,"063073",113
149.56,-33.69,2009,1,"063073",16.2
149.56,-33.69,2009,2,"063073",68.6
149.56,-33.69,2009,3,"063073",57.8
149.56,-33.69,2009,4,"063073",54.4
149.56,-33.69,2009,5,"063073",20.4
149.56,-33.69,2009,6,"063073",53.5
149.56,-33.69,2009,7,"063073",65.6
149.56,-33.69,2009,8,"063073",34.4
149.56,-33.69,2009,9,"063073",48.2
149.56,-33.69,2009,10,"063073",28.2
149.56,-33.69,2009,11,"063073",19.2
149.56,-33.69,2009,12,"063073",NA
149.56,-33.69,2010,1,"063073",44.4
149.56,-33.69,2010,2,"063073",117.8
149.56,-33.69,2010,3,"063073",155.9
149.56,-33.69,2010,4,"063073",42.6
149.56,-33.69,2010,5,"063073",63.2
149.56,-33.69,2010,6,"063073",NA
149.56,-33.69,2010,7,"063073",91.4
149.56,-33.69,2010,8,"063073",110.8
149.56,-33.69,2010,9,"063073",58.2
149.56,-33.69,2010,10,"063073",54.6
149.56,-33.69,2010,11,"063073",129.9
149.56,-33.69,2010,12,"063073",216.1
149.56,-33.69,2011,1,"063073",14.7
149.56,-33.69,2011,2,"063073",78.6
149.56,-33.69,2011,3,"063073",100.8
149.56,-33.69,2011,4,"063073",31
149.56,-33.69,2011,5,"063073",36.2
149.56,-33.69,2011,6,"063073",12.4
149.56,-33.69,2011,7,"063073",31.2
149.56,-33.69,2011,8,"063073",NA
149.56,-33.69,2011,9,"063073",56.2
149.56,-33.69,2011,10,"063073",NA
149.56,-33.69,2011,11,"063073",125.2
149.56,-33.69,2011,12,"063073",NA
149.56,-33.69,2012,1,"063073",69.8
149.56,-33.69,2012,2,"063073",122.4
149.56,-33.69,2012,3,"063073",181.4
149.56,-33.69,2012,4,"063073",10.6
149.56,-33.69,2012,5,"063073",54.8
149.56,-33.69,2012,6,"063073",66.4
149.56,-33.69,2012,7,"063073",54.6
149.56,-33.69,2012,8,"063073",29
149.56,-33.69,2012,9,"063073",37.6
149.56,-33.69,2012,10,"063073",4.8
149.56,-33.69,2012,11,"063073",26.2
149.56,-33.69,2012,12,"063073",35.5
149.56,-33.69,2013,1,"063073",83.6
149.56,-33.69,2013,2,"063073",69
149.56,-33.69,2013,3,"063073",109.6
149.56,-33.69,2013,4,"063073",15.8
149.56,-33.69,2013,5,"063073",23.6
149.56,-33.69,2013,6,"063073",86.8
149.56,-33.69,2013,7,"063073",38.8
149.56,-33.69,2013,8,"063073",38.2
149.56,-33.69,2013,9,"063073",47
149.56,-33.69,2013,10,"063073",25.8
149.56,-33.69,2013,11,"063073",34.8
149.56,-33.69,2013,12,"063073",36.6
149.56,-33.69,2014,1,"063073",2.2
149.56,-33.69,2014,2,"063073",127.8
149.56,-33.69,2014,3,"063073",78.8
149.56,-33.69,2014,4,"063073",63.1
149.56,-33.69,2014,5,"063073",40
149.56,-33.69,2014,6,"063073",69.2
149.56,-33.69,2014,7,"063073",43
149.56,-33.69,2014,8,"063073",34
149.56,-33.69,2014,9,"063073",31.2
149.56,-33.69,2014,10,"063073",78.2
149.56,-33.69,2014,11,"063073",11.2
149.56,-33.69,2014,12,"063073",118.1
149.56,-33.69,2015,1,"063073",72.5
149.56,-33.69,2015,2,"063073",7.2
149.56,-33.69,2015,3,"063073",9.4
149.56,-33.69,2015,4,"063073",103
149.56,-33.69,2015,5,"063073",35.2
149.56,-33.69,2015,6,"063073",31.2
149.56,-33.69,2015,7,"063073",65.7
149.56,-33.69,2015,8,"063073",78
149.56,-33.69,2015,9,"063073",14.4
149.56,-33.69,2015,10,"063073",22.6
149.56,-33.69,2015,11,"063073",74.6
149.56,-33.69,2015,12,"063073",45.2
149.56,-33.69,2016,1,"063073",105.7
149.56,-33.69,2016,2,"063073",5.2
149.56,-33.69,2016,3,"063073",28.2
149.56,-33.69,2016,4,"063073",36.6
149.56,-33.69,2016,5,"063073",69.2
149.56,-33.69,2016,6,"063073",155.6
149.56,-33.69,2016,7,"063073",112.4
149.56,-33.69,2016,8,"063073",82.8
149.56,-33.69,2016,9,"063073",154.2
149.56,-33.69,2016,10,"063073",70.1
149.56,-33.69,2016,11,"063073",40.2
149.56,-33.69,2016,12,"063073",85.6
149.56,-33.69,2017,1,"063073",25.5
149.56,-33.69,2017,2,"063073",4.2
149.56,-33.69,2017,3,"063073",69.2
149.56,-33.69,2017,4,"063073",NA
149.56,-33.69,2017,5,"063073",25.4
149.56,-33.69,2017,6,"063073",5.8
149.56,-33.69,2017,7,"063073",12.2
149.56,-33.69,2017,8,"063073",54.2
149.56,-33.69,2017,9,"063073",20.4
149.56,-33.69,2017,10,"063073",45.2
149.56,-33.69,2017,11,"063073",42.4
149.56,-33.69,2017,12,"063073",NA
149.56,-33.69,2018,1,"063073",30.4
149.56,-33.69,2018,2,"063073",34.4
149.56,-33.69,2018,3,"063073",32.6
149.56,-33.69,2018,4,"063073",5.4
149.56,-33.69,2018,5,"063073",23.3
149.56,-33.69,2018,6,"063073",46.8
149.56,-33.69,2018,7,"063073",8.5
149.56,-33.69,2018,8,"063073",51.4
149.56,-33.69,2018,9,"063073",61.7
149.56,-33.69,2018,10,"063073",32.1
149.56,-33.69,2018,11,"063073",107.5
149.56,-33.69,2018,12,"063073",46.6
149.56,-33.69,2019,1,"063073",105.8
149.56,-33.69,2019,2,"063073",11.7
149.56,-33.69,2019,3,"063073",77.2
149.56,-33.69,2019,4,"063073",2.1
149.56,-33.69,2019,5,"063073",39.5
149.56,-33.69,2019,6,"063073",31.8
149.56,-33.69,2019,7,"063073",23.3
149.56,-33.69,2019,8,"063073",35.1
149.56,-33.69,2019,9,"063073",49.4
149.56,-33.69,2019,10,"063073",18.3
149.56,-33.69,2019,11,"063073",27.2
149.56,-33.69,2019,12,"063073",7
149.56,-33.69,2020,1,"063073",39.3
149.56,-33.69,2020,2,"063073",77.7
149.56,-33.69,2020,3,"063073",91.7
149.56,-33.69,2020,4,"063073",104.7
149.56,-33.69,2020,5,"063073",54.8
149.56,-33.69,2020,6,"063073",41.7
149.56,-33.69,2020,7,"063073",48
149.56,-33.69,2020,8,"063073",91.9
149.56,-33.69,2020,9,"063073",55.8
149.56,-33.69,2020,10,"063073",93.2
149.56,-33.69,2020,11,"063073",45.2
149.56,-33.69,2020,12,"063073",48.2
149.56,-33.69,2021,1,"063073",67.6
149.56,-33.69,2021,2,"063073",96.7
149.56,-33.69,2021,3,"063073",156.9
149.56,-33.69,2021,4,"063073",0.4
149.56,-33.69,2021,5,"063073",25.4
149.56,-33.69,2021,6,"063073",101.2
149.56,-33.69,2021,7,"063073",108.8
149.56,-33.69,2021,8,"063073",95.8
149.56,-33.69,2021,9,"063073",62
149.56,-33.69,2021,10,"063073",62.6
149.56,-33.69,2021,11,"063073",208.7
149.56,-33.69,2021,12,"063073",77.7
149.56,-33.69,2022,1,"063073",139.4
149.56,-33.69,2022,2,"063073",11.8
149.56,-33.69,2022,3,"063073",NA
149.56,-33.69,2022,4,"063073",NA
149.56,-33.69,2022,5,"063073",NA
149.56,-33.69,2022,6,"063073",NA
149.56,-33.69,2022,7,"063073",NA
149.56,-33.69,2022,8,"063073",NA
149.56,-33.69,2022,9,"063073",NA
149.56,-33.69,2022,10,"063073",NA
149.56,-33.69,2022,11,"063073",NA
149.56,-33.69,2022,12,"063073",NA
