"Lon","Lat","Year","Month","Station","Rain"
150.24,-32.41,1951,1,"062046",NA
150.24,-32.41,1951,2,"062046",14.5
150.24,-32.41,1951,3,"062046",41.7
150.24,-32.41,1951,4,"062046",15.5
150.24,-32.41,1951,5,"062046",31.9
150.24,-32.41,1951,6,"062046",55.1
150.24,-32.41,1951,7,"062046",34.2
150.24,-32.41,1951,8,"062046",NA
150.24,-32.41,1951,9,"062046",NA
150.24,-32.41,1951,10,"062046",18
150.24,-32.41,1951,11,"062046",25.4
150.24,-32.41,1951,12,"062046",5.6
150.24,-32.41,1952,1,"062046",46.5
150.24,-32.41,1952,2,"062046",22.4
150.24,-32.41,1952,3,"062046",74
150.24,-32.41,1952,4,"062046",36.4
150.24,-32.41,1952,5,"062046",32.7
150.24,-32.41,1952,6,"062046",NA
150.24,-32.41,1952,7,"062046",NA
150.24,-32.41,1952,8,"062046",119.7
150.24,-32.41,1952,9,"062046",14.2
150.24,-32.41,1952,10,"062046",53.6
150.24,-32.41,1952,11,"062046",22.1
150.24,-32.41,1952,12,"062046",63.5
150.24,-32.41,1953,1,"062046",81.2
150.24,-32.41,1953,2,"062046",105.5
150.24,-32.41,1953,3,"062046",3
150.24,-32.41,1953,4,"062046",19.2
150.24,-32.41,1953,5,"062046",104
150.24,-32.41,1953,6,"062046",3.1
150.24,-32.41,1953,7,"062046",9.9
150.24,-32.41,1953,8,"062046",59.2
150.24,-32.41,1953,9,"062046",28.7
150.24,-32.41,1953,10,"062046",48.9
150.24,-32.41,1953,11,"062046",59.2
150.24,-32.41,1953,12,"062046",13.4
150.24,-32.41,1954,1,"062046",202.2
150.24,-32.41,1954,2,"062046",218.5
150.24,-32.41,1954,3,"062046",0
150.24,-32.41,1954,4,"062046",10.7
150.24,-32.41,1954,5,"062046",6.9
150.24,-32.41,1954,6,"062046",32.8
150.24,-32.41,1954,7,"062046",7.6
150.24,-32.41,1954,8,"062046",20.8
150.24,-32.41,1954,9,"062046",14
150.24,-32.41,1954,10,"062046",104.1
150.24,-32.41,1954,11,"062046",44.4
150.24,-32.41,1954,12,"062046",59.2
150.24,-32.41,1955,1,"062046",106.4
150.24,-32.41,1955,2,"062046",388.9
150.24,-32.41,1955,3,"062046",2.8
150.24,-32.41,1955,4,"062046",36.6
150.24,-32.41,1955,5,"062046",43.5
150.24,-32.41,1955,6,"062046",29.4
150.24,-32.41,1955,7,"062046",24.8
150.24,-32.41,1955,8,"062046",60.6
150.24,-32.41,1955,9,"062046",20.5
150.24,-32.41,1955,10,"062046",81.3
150.24,-32.41,1955,11,"062046",99.4
150.24,-32.41,1955,12,"062046",54.9
150.24,-32.41,1956,1,"062046",71.4
150.24,-32.41,1956,2,"062046",127.1
150.24,-32.41,1956,3,"062046",130.2
150.24,-32.41,1956,4,"062046",47.9
150.24,-32.41,1956,5,"062046",89.7
150.24,-32.41,1956,6,"062046",94.6
150.24,-32.41,1956,7,"062046",70
150.24,-32.41,1956,8,"062046",13
150.24,-32.41,1956,9,"062046",16.2
150.24,-32.41,1956,10,"062046",61.2
150.24,-32.41,1956,11,"062046",13.7
150.24,-32.41,1956,12,"062046",20.6
150.24,-32.41,1957,1,"062046",31.2
150.24,-32.41,1957,2,"062046",36.3
150.24,-32.41,1957,3,"062046",28.5
150.24,-32.41,1957,4,"062046",29.7
150.24,-32.41,1957,5,"062046",0
150.24,-32.41,1957,6,"062046",13.2
150.24,-32.41,1957,7,"062046",20.8
150.24,-32.41,1957,8,"062046",37.3
150.24,-32.41,1957,9,"062046",0
150.24,-32.41,1957,10,"062046",4
150.24,-32.41,1957,11,"062046",13.9
150.24,-32.41,1957,12,"062046",71.2
150.24,-32.41,1958,1,"062046",99.5
150.24,-32.41,1958,2,"062046",70.1
150.24,-32.41,1958,3,"062046",66.5
150.24,-32.41,1958,4,"062046",30.9
150.24,-32.41,1958,5,"062046",51.9
150.24,-32.41,1958,6,"062046",33.5
150.24,-32.41,1958,7,"062046",16.5
150.24,-32.41,1958,8,"062046",36.9
150.24,-32.41,1958,9,"062046",77.7
150.24,-32.41,1958,10,"062046",82
150.24,-32.41,1958,11,"062046",10.4
150.24,-32.41,1958,12,"062046",131.2
150.24,-32.41,1959,1,"062046",47.5
150.24,-32.41,1959,2,"062046",97.3
150.24,-32.41,1959,3,"062046",76.8
150.24,-32.41,1959,4,"062046",23.4
150.24,-32.41,1959,5,"062046",8.1
150.24,-32.41,1959,6,"062046",29.5
150.24,-32.41,1959,7,"062046",39.9
150.24,-32.41,1959,8,"062046",3.6
150.24,-32.41,1959,9,"062046",29.1
150.24,-32.41,1959,10,"062046",67.6
150.24,-32.41,1959,11,"062046",123.4
150.24,-32.41,1959,12,"062046",77.8
150.24,-32.41,1960,1,"062046",122.5
150.24,-32.41,1960,2,"062046",69.5
150.24,-32.41,1960,3,"062046",15.3
150.24,-32.41,1960,4,"062046",35.1
150.24,-32.41,1960,5,"062046",39.7
150.24,-32.41,1960,6,"062046",3.5
150.24,-32.41,1960,7,"062046",65.5
150.24,-32.41,1960,8,"062046",46.8
150.24,-32.41,1960,9,"062046",54.8
150.24,-32.41,1960,10,"062046",67.2
150.24,-32.41,1960,11,"062046",77
150.24,-32.41,1960,12,"062046",67
150.24,-32.41,1961,1,"062046",37.3
150.24,-32.41,1961,2,"062046",81.1
150.24,-32.41,1961,3,"062046",93.5
150.24,-32.41,1961,4,"062046",46.8
150.24,-32.41,1961,5,"062046",11.4
150.24,-32.41,1961,6,"062046",23.6
150.24,-32.41,1961,7,"062046",39.9
150.24,-32.41,1961,8,"062046",84
150.24,-32.41,1961,9,"062046",4.6
150.24,-32.41,1961,10,"062046",50.8
150.24,-32.41,1961,11,"062046",137.7
150.24,-32.41,1961,12,"062046",81.5
150.24,-32.41,1962,1,"062046",96.2
150.24,-32.41,1962,2,"062046",137
150.24,-32.41,1962,3,"062046",7.9
150.24,-32.41,1962,4,"062046",21.1
150.24,-32.41,1962,5,"062046",112.1
150.24,-32.41,1962,6,"062046",10.4
150.24,-32.41,1962,7,"062046",46
150.24,-32.41,1962,8,"062046",48.5
150.24,-32.41,1962,9,"062046",28.9
150.24,-32.41,1962,10,"062046",46.5
150.24,-32.41,1962,11,"062046",25.7
150.24,-32.41,1962,12,"062046",83.8
150.24,-32.41,1963,1,"062046",209.9
150.24,-32.41,1963,2,"062046",44.5
150.24,-32.41,1963,3,"062046",73.4
150.24,-32.41,1963,4,"062046",43.2
150.24,-32.41,1963,5,"062046",58.9
150.24,-32.41,1963,6,"062046",48
150.24,-32.41,1963,7,"062046",24.6
150.24,-32.41,1963,8,"062046",67.8
150.24,-32.41,1963,9,"062046",26.5
150.24,-32.41,1963,10,"062046",82.8
150.24,-32.41,1963,11,"062046",19.5
150.24,-32.41,1963,12,"062046",58.1
150.24,-32.41,1964,1,"062046",58.4
150.24,-32.41,1964,2,"062046",2.3
150.24,-32.41,1964,3,"062046",21.1
150.24,-32.41,1964,4,"062046",137.6
150.24,-32.41,1964,5,"062046",20.8
150.24,-32.41,1964,6,"062046",118.1
150.24,-32.41,1964,7,"062046",22.8
150.24,-32.41,1964,8,"062046",28.4
150.24,-32.41,1964,9,"062046",NA
150.24,-32.41,1964,10,"062046",80.2
150.24,-32.41,1964,11,"062046",5.1
150.24,-32.41,1964,12,"062046",59
150.24,-32.41,1965,1,"062046",15.2
150.24,-32.41,1965,2,"062046",3.9
150.24,-32.41,1965,3,"062046",0.8
150.24,-32.41,1965,4,"062046",25.9
150.24,-32.41,1965,5,"062046",17
150.24,-32.41,1965,6,"062046",16.3
150.24,-32.41,1965,7,"062046",31.2
150.24,-32.41,1965,8,"062046",22.8
150.24,-32.41,1965,9,"062046",37.7
150.24,-32.41,1965,10,"062046",89.3
150.24,-32.41,1965,11,"062046",17.3
150.24,-32.41,1965,12,"062046",186.2
150.24,-32.41,1966,1,"062046",17
150.24,-32.41,1966,2,"062046",13.5
150.24,-32.41,1966,3,"062046",90.7
150.24,-32.41,1966,4,"062046",5.3
150.24,-32.41,1966,5,"062046",25.7
150.24,-32.41,1966,6,"062046",17.3
150.24,-32.41,1966,7,"062046",12.5
150.24,-32.41,1966,8,"062046",79.1
150.24,-32.41,1966,9,"062046",35.7
150.24,-32.41,1966,10,"062046",112
150.24,-32.41,1966,11,"062046",78.3
150.24,-32.41,1966,12,"062046",81.1
150.24,-32.41,1967,1,"062046",58.2
150.24,-32.41,1967,2,"062046",18.8
150.24,-32.41,1967,3,"062046",91.4
150.24,-32.41,1967,4,"062046",22.1
150.24,-32.41,1967,5,"062046",37.4
150.24,-32.41,1967,6,"062046",62.3
150.24,-32.41,1967,7,"062046",9.4
150.24,-32.41,1967,8,"062046",73
150.24,-32.41,1967,9,"062046",17.5
150.24,-32.41,1967,10,"062046",53.4
150.24,-32.41,1967,11,"062046",16.2
150.24,-32.41,1967,12,"062046",10.2
150.24,-32.41,1968,1,"062046",184.5
150.24,-32.41,1968,2,"062046",63.5
150.24,-32.41,1968,3,"062046",57.4
150.24,-32.41,1968,4,"062046",16.8
150.24,-32.41,1968,5,"062046",162.9
150.24,-32.41,1968,6,"062046",12.2
150.24,-32.41,1968,7,"062046",27.2
150.24,-32.41,1968,8,"062046",58.9
150.24,-32.41,1968,9,"062046",32.9
150.24,-32.41,1968,10,"062046",9.7
150.24,-32.41,1968,11,"062046",18.3
150.24,-32.41,1968,12,"062046",96.4
150.24,-32.41,1969,1,"062046",33.6
150.24,-32.41,1969,2,"062046",112.6
150.24,-32.41,1969,3,"062046",106
150.24,-32.41,1969,4,"062046",60.4
150.24,-32.41,1969,5,"062046",21.2
150.24,-32.41,1969,6,"062046",74.6
150.24,-32.41,1969,7,"062046",40.7
150.24,-32.41,1969,8,"062046",64.3
150.24,-32.41,1969,9,"062046",44.3
150.24,-32.41,1969,10,"062046",103.2
150.24,-32.41,1969,11,"062046",122.5
150.24,-32.41,1969,12,"062046",34.8
150.24,-32.41,1970,1,"062046",133.7
150.24,-32.41,1970,2,"062046",63.7
150.24,-32.41,1970,3,"062046",39.8
150.24,-32.41,1970,4,"062046",35.1
150.24,-32.41,1970,5,"062046",11
150.24,-32.41,1970,6,"062046",9.6
150.24,-32.41,1970,7,"062046",1.1
150.24,-32.41,1970,8,"062046",26.4
150.24,-32.41,1970,9,"062046",102.4
150.24,-32.41,1970,10,"062046",62.4
150.24,-32.41,1970,11,"062046",80.5
150.24,-32.41,1970,12,"062046",143
150.24,-32.41,1971,1,"062046",260.5
150.24,-32.41,1971,2,"062046",58.9
150.24,-32.41,1971,3,"062046",12.6
150.24,-32.41,1971,4,"062046",14.7
150.24,-32.41,1971,5,"062046",22.7
150.24,-32.41,1971,6,"062046",0.6
150.24,-32.41,1971,7,"062046",43.3
150.24,-32.41,1971,8,"062046",51.8
150.24,-32.41,1971,9,"062046",40.1
150.24,-32.41,1971,10,"062046",12.2
150.24,-32.41,1971,11,"062046",51.9
150.24,-32.41,1971,12,"062046",71.5
150.24,-32.41,1972,1,"062046",123.9
150.24,-32.41,1972,2,"062046",37.3
150.24,-32.41,1972,3,"062046",30.8
150.24,-32.41,1972,4,"062046",31.5
150.24,-32.41,1972,5,"062046",15.5
150.24,-32.41,1972,6,"062046",1
150.24,-32.41,1972,7,"062046",8.9
150.24,-32.41,1972,8,"062046",24.9
150.24,-32.41,1972,9,"062046",13.2
150.24,-32.41,1972,10,"062046",98
150.24,-32.41,1972,11,"062046",61.9
150.24,-32.41,1972,12,"062046",37.6
150.24,-32.41,1973,1,"062046",39.3
150.24,-32.41,1973,2,"062046",135.9
150.24,-32.41,1973,3,"062046",21.6
150.24,-32.41,1973,4,"062046",19.6
150.24,-32.41,1973,5,"062046",42.1
150.24,-32.41,1973,6,"062046",57
150.24,-32.41,1973,7,"062046",46.4
150.24,-32.41,1973,8,"062046",65.8
150.24,-32.41,1973,9,"062046",44.3
150.24,-32.41,1973,10,"062046",187.6
150.24,-32.41,1973,11,"062046",154.6
150.24,-32.41,1973,12,"062046",76.5
150.24,-32.41,1974,1,"062046",117.4
150.24,-32.41,1974,2,"062046",116.2
150.24,-32.41,1974,3,"062046",5.2
150.24,-32.41,1974,4,"062046",72.6
150.24,-32.41,1974,5,"062046",34.4
150.24,-32.41,1974,6,"062046",9.4
150.24,-32.41,1974,7,"062046",30.4
150.24,-32.41,1974,8,"062046",27.9
150.24,-32.41,1974,9,"062046",23.4
150.24,-32.41,1974,10,"062046",55.8
150.24,-32.41,1974,11,"062046",17.2
150.24,-32.41,1974,12,"062046",0
150.24,-32.41,1975,1,"062046",38.6
150.24,-32.41,1975,2,"062046",137.8
150.24,-32.41,1975,3,"062046",65.6
150.24,-32.41,1975,4,"062046",14
150.24,-32.41,1975,5,"062046",5.4
150.24,-32.41,1975,6,"062046",89.4
150.24,-32.41,1975,7,"062046",14.2
150.24,-32.41,1975,8,"062046",36.8
150.24,-32.41,1975,9,"062046",37.4
150.24,-32.41,1975,10,"062046",63
150.24,-32.41,1975,11,"062046",18.8
150.24,-32.41,1975,12,"062046",20.8
150.24,-32.41,1976,1,"062046",153.4
150.24,-32.41,1976,2,"062046",125.3
150.24,-32.41,1976,3,"062046",113.4
150.24,-32.41,1976,4,"062046",3.8
150.24,-32.41,1976,5,"062046",18.4
150.24,-32.41,1976,6,"062046",17.2
150.24,-32.41,1976,7,"062046",69.8
150.24,-32.41,1976,8,"062046",26.1
150.24,-32.41,1976,9,"062046",35.8
150.24,-32.41,1976,10,"062046",104.2
150.24,-32.41,1976,11,"062046",36.2
150.24,-32.41,1976,12,"062046",35
150.24,-32.41,1978,1,"062046",165.6
150.24,-32.41,1978,2,"062046",20.2
150.24,-32.41,1978,3,"062046",104.7
150.24,-32.41,1978,4,"062046",22
150.24,-32.41,1978,5,"062046",70.6
150.24,-32.41,1978,6,"062046",47.4
150.24,-32.41,1978,7,"062046",36
150.24,-32.41,1978,8,"062046",6.2
150.24,-32.41,1978,9,"062046",98.7
150.24,-32.41,1978,10,"062046",20
150.24,-32.41,1978,11,"062046",65.8
150.24,-32.41,1978,12,"062046",105.6
150.24,-32.41,1979,1,"062046",37.5
150.24,-32.41,1979,2,"062046",0
150.24,-32.41,1979,3,"062046",134.4
150.24,-32.41,1979,4,"062046",46.1
150.24,-32.41,1979,5,"062046",107.9
150.24,-32.41,1979,6,"062046",35
150.24,-32.41,1979,7,"062046",20.8
150.24,-32.41,1979,8,"062046",19
150.24,-32.41,1979,9,"062046",69.6
150.24,-32.41,1979,10,"062046",11
150.24,-32.41,1979,11,"062046",52.4
150.24,-32.41,1979,12,"062046",4
150.24,-32.41,1980,1,"062046",37.5
150.24,-32.41,1980,2,"062046",NA
150.24,-32.41,1980,3,"062046",33.2
150.24,-32.41,1980,4,"062046",0
150.24,-32.41,1980,5,"062046",50.2
150.24,-32.41,1980,6,"062046",38.2
150.24,-32.41,1980,7,"062046",32.6
150.24,-32.41,1980,8,"062046",54
150.24,-32.41,1980,9,"062046",5.2
150.24,-32.41,1980,10,"062046",58.6
150.24,-32.41,1980,11,"062046",9.2
150.24,-32.41,1980,12,"062046",37
150.24,-32.41,1981,1,"062046",57
150.24,-32.41,1981,2,"062046",92.8
150.24,-32.41,1981,3,"062046",6.4
150.24,-32.41,1981,4,"062046",23.4
150.24,-32.41,1981,5,"062046",121.4
150.24,-32.41,1981,6,"062046",86.2
150.24,-32.41,1981,7,"062046",43.4
150.24,-32.41,1981,8,"062046",21.4
150.24,-32.41,1981,9,"062046",23.8
150.24,-32.41,1981,10,"062046",159.6
150.24,-32.41,1981,11,"062046",125.1
150.24,-32.41,1981,12,"062046",63
150.24,-32.41,1982,1,"062046",57.2
150.24,-32.41,1982,2,"062046",70.4
150.24,-32.41,1982,3,"062046",183.4
150.24,-32.41,1982,4,"062046",11
150.24,-32.41,1982,5,"062046",16.8
150.24,-32.41,1982,6,"062046",17.5
150.24,-32.41,1982,7,"062046",10.2
150.24,-32.41,1982,8,"062046",0
150.24,-32.41,1982,9,"062046",3.2
150.24,-32.41,1982,10,"062046",17.2
150.24,-32.41,1982,11,"062046",13.4
150.24,-32.41,1982,12,"062046",21.4
150.24,-32.41,1983,1,"062046",35.2
150.24,-32.41,1983,2,"062046",63.2
150.24,-32.41,1983,3,"062046",27.9
150.24,-32.41,1983,4,"062046",74.9
150.24,-32.41,1983,5,"062046",127.6
150.24,-32.41,1983,6,"062046",19
150.24,-32.41,1983,7,"062046",44.2
150.24,-32.41,1983,8,"062046",40.1
150.24,-32.41,1983,9,"062046",55
150.24,-32.41,1983,10,"062046",85.2
150.24,-32.41,1983,11,"062046",56.4
150.24,-32.41,1983,12,"062046",90.4
150.24,-32.41,1984,1,"062046",231.6
150.24,-32.41,1984,2,"062046",65
150.24,-32.41,1984,3,"062046",21.8
150.24,-32.41,1984,4,"062046",23
150.24,-32.41,1984,5,"062046",37.2
150.24,-32.41,1984,6,"062046",0
150.24,-32.41,1984,7,"062046",127.8
150.24,-32.41,1984,8,"062046",48.9
150.24,-32.41,1984,9,"062046",40.4
150.24,-32.41,1984,10,"062046",21.4
150.24,-32.41,1984,11,"062046",52
150.24,-32.41,1984,12,"062046",46.2
150.24,-32.41,1985,1,"062046",3
150.24,-32.41,1985,2,"062046",6
150.24,-32.41,1985,3,"062046",33.6
150.24,-32.41,1985,4,"062046",45.5
150.24,-32.41,1985,5,"062046",43.6
150.24,-32.41,1985,6,"062046",56.6
150.24,-32.41,1985,7,"062046",0
150.24,-32.41,1985,8,"062046",75
150.24,-32.41,1985,9,"062046",28.4
150.24,-32.41,1985,10,"062046",77.2
150.24,-32.41,1985,11,"062046",59
150.24,-32.41,1985,12,"062046",67.8
150.24,-32.41,1986,1,"062046",88.9
150.24,-32.41,1986,2,"062046",24.2
150.24,-32.41,1986,3,"062046",0
150.24,-32.41,1986,4,"062046",11.5
150.24,-32.41,1986,5,"062046",14
150.24,-32.41,1986,6,"062046",3
150.24,-32.41,1986,7,"062046",65.8
150.24,-32.41,1986,8,"062046",129
150.24,-32.41,1986,9,"062046",43
150.24,-32.41,1986,10,"062046",88.7
150.24,-32.41,1986,11,"062046",55.6
150.24,-32.41,1986,12,"062046",29
150.24,-32.41,1987,1,"062046",92
150.24,-32.41,1987,2,"062046",8
150.24,-32.41,1987,3,"062046",78.2
150.24,-32.41,1987,4,"062046",0
150.24,-32.41,1987,5,"062046",28.6
150.24,-32.41,1987,6,"062046",53.2
150.24,-32.41,1987,7,"062046",30.7
150.24,-32.41,1987,8,"062046",115.4
150.24,-32.41,1987,9,"062046",11
150.24,-32.41,1987,10,"062046",37.2
150.24,-32.41,1987,11,"062046",42.2
150.24,-32.41,1987,12,"062046",163
150.24,-32.41,1988,1,"062046",128.8
150.24,-32.41,1988,2,"062046",67.6
150.24,-32.41,1988,3,"062046",28.2
150.24,-32.41,1988,4,"062046",64.2
150.24,-32.41,1988,5,"062046",53
150.24,-32.41,1988,6,"062046",0
150.24,-32.41,1988,7,"062046",55.9
150.24,-32.41,1988,8,"062046",55.2
150.24,-32.41,1988,9,"062046",88.6
150.24,-32.41,1988,10,"062046",0
150.24,-32.41,1988,11,"062046",79
150.24,-32.41,1988,12,"062046",76.8
150.24,-32.41,1990,1,"062046",156.2
150.24,-32.41,1990,2,"062046",248
150.24,-32.41,1990,3,"062046",138.6
150.24,-32.41,1990,4,"062046",153.6
150.24,-32.41,1990,5,"062046",118
150.24,-32.41,1990,6,"062046",17.6
150.24,-32.41,1990,7,"062046",62.8
150.24,-32.41,1990,8,"062046",126.6
150.24,-32.41,1990,9,"062046",42
150.24,-32.41,1990,10,"062046",87.8
150.24,-32.41,1990,11,"062046",20
150.24,-32.41,1990,12,"062046",36.6
150.24,-32.41,1991,1,"062046",143.8
150.24,-32.41,1991,2,"062046",15.6
150.24,-32.41,1991,3,"062046",25.4
150.24,-32.41,1991,4,"062046",0
150.24,-32.41,1991,5,"062046",71.6
150.24,-32.41,1991,6,"062046",61.5
150.24,-32.41,1991,7,"062046",59.4
150.24,-32.41,1991,8,"062046",22
150.24,-32.41,1991,9,"062046",27
150.24,-32.41,1991,10,"062046",22.6
150.24,-32.41,1991,11,"062046",20.2
150.24,-32.41,1991,12,"062046",126.8
150.24,-32.41,1992,1,"062046",34.4
150.24,-32.41,1992,2,"062046",197.4
150.24,-32.41,1992,3,"062046",32.6
150.24,-32.41,1992,4,"062046",24.4
150.24,-32.41,1992,5,"062046",15.2
150.24,-32.41,1992,6,"062046",5.9
150.24,-32.41,1992,7,"062046",14.6
150.24,-32.41,1992,8,"062046",62
150.24,-32.41,1992,9,"062046",62.8
150.24,-32.41,1992,10,"062046",91.2
150.24,-32.41,1992,11,"062046",37.4
150.24,-32.41,1992,12,"062046",93.9
150.24,-32.41,1994,1,"062046",57.6
150.24,-32.41,1994,2,"062046",67.2
150.24,-32.41,1994,3,"062046",44
150.24,-32.41,1994,4,"062046",13
150.24,-32.41,1994,5,"062046",6.8
150.24,-32.41,1994,6,"062046",14
150.24,-32.41,1994,7,"062046",38.2
150.24,-32.41,1994,8,"062046",12.2
150.24,-32.41,1994,9,"062046",0.8
150.24,-32.41,1994,10,"062046",2
150.24,-32.41,1994,11,"062046",98.4
150.24,-32.41,1994,12,"062046",64.6
150.24,-32.41,1995,1,"062046",129.4
150.24,-32.41,1995,2,"062046",1.4
150.24,-32.41,1995,3,"062046",9.6
150.24,-32.41,1995,4,"062046",0
150.24,-32.41,1995,5,"062046",107.2
150.24,-32.41,1995,6,"062046",15
150.24,-32.41,1995,7,"062046",18
150.24,-32.41,1995,8,"062046",0
150.24,-32.41,1995,9,"062046",69
150.24,-32.41,1995,10,"062046",22.8
150.24,-32.41,1995,11,"062046",93
150.24,-32.41,1995,12,"062046",159.8
150.24,-32.41,1996,1,"062046",123.8
150.24,-32.41,1996,2,"062046",34.7
150.24,-32.41,1996,3,"062046",25.5
150.24,-32.41,1996,4,"062046",6.2
150.24,-32.41,1996,5,"062046",48.9
150.24,-32.41,1996,6,"062046",38
150.24,-32.41,1996,7,"062046",88.6
150.24,-32.41,1996,8,"062046",45.6
150.24,-32.41,1996,9,"062046",108.1
150.24,-32.41,1996,10,"062046",54.8
150.24,-32.41,1996,11,"062046",66
150.24,-32.41,1996,12,"062046",139
150.24,-32.41,1998,1,"062046",62.5
150.24,-32.41,1998,2,"062046",40.4
150.24,-32.41,1998,3,"062046",0
150.24,-32.41,1998,4,"062046",66.5
150.24,-32.41,1998,5,"062046",67.4
150.24,-32.41,1998,6,"062046",60.8
150.24,-32.41,1998,7,"062046",150.8
150.24,-32.41,1998,8,"062046",84.6
150.24,-32.41,1998,9,"062046",71.4
150.24,-32.41,1998,10,"062046",59.8
150.24,-32.41,1998,11,"062046",72.2
150.24,-32.41,1998,12,"062046",23.4
150.24,-32.41,2000,1,"062046",63.2
150.24,-32.41,2000,2,"062046",0
150.24,-32.41,2000,3,"062046",143
150.24,-32.41,2000,4,"062046",121.2
150.24,-32.41,2000,5,"062046",86.4
150.24,-32.41,2000,6,"062046",22.2
150.24,-32.41,2000,7,"062046",44.6
150.24,-32.41,2000,8,"062046",NA
150.24,-32.41,2000,9,"062046",28
150.24,-32.41,2000,10,"062046",NA
150.24,-32.41,2000,11,"062046",127.8
150.24,-32.41,2000,12,"062046",NA
150.24,-32.41,2001,1,"062046",31
150.24,-32.41,2001,2,"062046",30
150.24,-32.41,2001,3,"062046",NA
150.24,-32.41,2001,4,"062046",63.7
150.24,-32.41,2001,5,"062046",17
150.24,-32.41,2001,6,"062046",29
150.24,-32.41,2001,7,"062046",51.4
150.24,-32.41,2001,8,"062046",20.5
150.24,-32.41,2001,9,"062046",31.6
150.24,-32.41,2001,10,"062046",52.6
150.24,-32.41,2001,11,"062046",NA
150.24,-32.41,2001,12,"062046",29.8
150.24,-32.41,2002,1,"062046",33.8
150.24,-32.41,2002,2,"062046",81
150.24,-32.41,2002,3,"062046",46.8
150.24,-32.41,2002,4,"062046",7.5
150.24,-32.41,2002,5,"062046",NA
150.24,-32.41,2002,6,"062046",24.5
150.24,-32.41,2002,7,"062046",2.6
150.24,-32.41,2002,8,"062046",7.6
150.24,-32.41,2002,9,"062046",32.8
150.24,-32.41,2002,10,"062046",0
150.24,-32.41,2002,11,"062046",19.5
150.24,-32.41,2002,12,"062046",69.9
150.24,-32.41,2003,1,"062046",10
150.24,-32.41,2003,2,"062046",141
150.24,-32.41,2003,3,"062046",NA
150.24,-32.41,2003,4,"062046",90.1
150.24,-32.41,2003,5,"062046",3
150.24,-32.41,2003,6,"062046",49.3
150.24,-32.41,2003,7,"062046",NA
150.24,-32.41,2003,8,"062046",NA
150.24,-32.41,2003,9,"062046",NA
150.24,-32.41,2003,10,"062046",NA
150.24,-32.41,2003,11,"062046",NA
150.24,-32.41,2003,12,"062046",42.6
150.24,-32.41,2005,1,"062046",31.4
150.24,-32.41,2005,2,"062046",NA
150.24,-32.41,2005,3,"062046",94.4
150.24,-32.41,2005,4,"062046",0
150.24,-32.41,2005,5,"062046",0
150.24,-32.41,2005,6,"062046",NA
150.24,-32.41,2005,7,"062046",67
150.24,-32.41,2005,8,"062046",9.6
150.24,-32.41,2005,9,"062046",79.1
150.24,-32.41,2005,10,"062046",82.5
150.24,-32.41,2005,11,"062046",91.4
150.24,-32.41,2005,12,"062046",12.6
150.24,-32.41,2006,1,"062046",NA
150.24,-32.41,2006,2,"062046",46.3
150.24,-32.41,2006,3,"062046",17
150.24,-32.41,2006,4,"062046",47.6
150.24,-32.41,2006,5,"062046",0
150.24,-32.41,2006,6,"062046",31.7
150.24,-32.41,2006,7,"062046",48.6
150.24,-32.41,2006,8,"062046",7.5
150.24,-32.41,2006,9,"062046",NA
150.24,-32.41,2006,10,"062046",0
150.24,-32.41,2006,11,"062046",54
150.24,-32.41,2006,12,"062046",82.8
150.24,-32.41,2007,1,"062046",67.1
150.24,-32.41,2007,2,"062046",48.9
150.24,-32.41,2007,3,"062046",45.4
150.24,-32.41,2007,4,"062046",31
150.24,-32.41,2007,5,"062046",20.2
150.24,-32.41,2007,6,"062046",217
150.24,-32.41,2007,7,"062046",13
150.24,-32.41,2007,8,"062046",42.4
150.24,-32.41,2007,9,"062046",0
150.24,-32.41,2007,10,"062046",43
150.24,-32.41,2007,11,"062046",148.3
150.24,-32.41,2007,12,"062046",133.4
150.24,-32.41,2008,1,"062046",47.4
150.24,-32.41,2008,2,"062046",NA
150.24,-32.41,2008,3,"062046",8.5
150.24,-32.41,2008,4,"062046",14
150.24,-32.41,2008,5,"062046",11.5
150.24,-32.41,2008,6,"062046",59.6
150.24,-32.41,2008,7,"062046",29.5
150.24,-32.41,2008,8,"062046",52.4
150.24,-32.41,2008,9,"062046",49.1
150.24,-32.41,2008,10,"062046",70.5
150.24,-32.41,2008,11,"062046",79.9
150.24,-32.41,2008,12,"062046",117.9
150.24,-32.41,2009,1,"062046",NA
150.24,-32.41,2009,2,"062046",NA
150.24,-32.41,2009,3,"062046",34.2
150.24,-32.41,2009,4,"062046",43.2
150.24,-32.41,2009,5,"062046",20
150.24,-32.41,2009,6,"062046",42.4
150.24,-32.41,2009,7,"062046",27.1
150.24,-32.41,2009,8,"062046",0
150.24,-32.41,2009,9,"062046",57.8
150.24,-32.41,2009,10,"062046",34.6
150.24,-32.41,2009,11,"062046",35
150.24,-32.41,2009,12,"062046",66.6
150.24,-32.41,2010,1,"062046",114.8
150.24,-32.41,2010,2,"062046",NA
150.24,-32.41,2010,3,"062046",59
150.24,-32.41,2010,4,"062046",40
150.24,-32.41,2010,5,"062046",54.4
150.24,-32.41,2010,6,"062046",28.2
150.24,-32.41,2010,7,"062046",77.2
150.24,-32.41,2010,8,"062046",48.3
150.24,-32.41,2010,9,"062046",48.2
150.24,-32.41,2010,10,"062046",77.8
150.24,-32.41,2010,11,"062046",118
150.24,-32.41,2010,12,"062046",266.1
150.24,-32.41,2011,1,"062046",52.2
150.24,-32.41,2011,2,"062046",24.2
150.24,-32.41,2011,3,"062046",NA
150.24,-32.41,2011,4,"062046",31.8
150.24,-32.41,2011,5,"062046",43.4
150.24,-32.41,2011,6,"062046",18.6
150.24,-32.41,2011,7,"062046",4.8
150.24,-32.41,2011,8,"062046",38.6
150.24,-32.41,2011,9,"062046",91.4
150.24,-32.41,2011,10,"062046",40.6
150.24,-32.41,2011,11,"062046",146.6
150.24,-32.41,2011,12,"062046",29.4
150.24,-32.41,2012,1,"062046",81.4
150.24,-32.41,2012,2,"062046",130.4
150.24,-32.41,2012,3,"062046",131.8
150.24,-32.41,2012,4,"062046",10.8
150.24,-32.41,2012,5,"062046",34.6
150.24,-32.41,2012,6,"062046",32.4
150.24,-32.41,2012,7,"062046",70.2
150.24,-32.41,2012,8,"062046",10
150.24,-32.41,2012,9,"062046",15
150.24,-32.41,2012,10,"062046",9.8
150.24,-32.41,2012,11,"062046",28.4
150.24,-32.41,2012,12,"062046",36.4
150.24,-32.41,2013,1,"062046",121.6
150.24,-32.41,2013,2,"062046",58.2
150.24,-32.41,2013,3,"062046",73.4
150.24,-32.41,2013,4,"062046",20
150.24,-32.41,2013,5,"062046",15
150.24,-32.41,2013,6,"062046",67.8
150.24,-32.41,2013,7,"062046",12.8
150.24,-32.41,2013,8,"062046",5.8
150.24,-32.41,2013,9,"062046",46.4
150.24,-32.41,2013,10,"062046",9.2
150.24,-32.41,2013,11,"062046",102
150.24,-32.41,2013,12,"062046",43.8
150.24,-32.41,2014,1,"062046",10
150.24,-32.41,2014,2,"062046",61
150.24,-32.41,2014,3,"062046",131.6
150.24,-32.41,2014,4,"062046",65.8
150.24,-32.41,2014,5,"062046",11.4
150.24,-32.41,2014,6,"062046",15
150.24,-32.41,2014,7,"062046",27.4
150.24,-32.41,2014,8,"062046",25.7
150.24,-32.41,2014,9,"062046",25.2
150.24,-32.41,2014,10,"062046",16.2
150.24,-32.41,2014,11,"062046",23.2
150.24,-32.41,2014,12,"062046",136.4
150.24,-32.41,2015,1,"062046",148.2
150.24,-32.41,2015,2,"062046",8
150.24,-32.41,2015,3,"062046",7.6
150.24,-32.41,2015,4,"062046",120.6
150.24,-32.41,2015,5,"062046",41.6
150.24,-32.41,2015,6,"062046",NA
150.24,-32.41,2015,7,"062046",NA
150.24,-32.41,2015,8,"062046",NA
150.24,-32.41,2015,9,"062046",NA
150.24,-32.41,2015,10,"062046",NA
150.24,-32.41,2015,11,"062046",NA
150.24,-32.41,2015,12,"062046",NA
