"Lon","Lat","Year","Month","Station","Rain"
133.13,-14.92,1916,1,"014610",NA
133.13,-14.92,1916,2,"014610",27.7
133.13,-14.92,1916,3,"014610",96.2
133.13,-14.92,1916,4,"014610",2
133.13,-14.92,1916,5,"014610",0
133.13,-14.92,1916,6,"014610",0
133.13,-14.92,1916,7,"014610",0
133.13,-14.92,1916,8,"014610",0
133.13,-14.92,1916,9,"014610",0
133.13,-14.92,1916,10,"014610",5.9
133.13,-14.92,1916,11,"014610",95.5
133.13,-14.92,1916,12,"014610",192
133.13,-14.92,1917,1,"014610",155.4
133.13,-14.92,1917,2,"014610",48.3
133.13,-14.92,1917,3,"014610",8.9
133.13,-14.92,1917,4,"014610",30.2
133.13,-14.92,1917,5,"014610",0
133.13,-14.92,1917,6,"014610",1.5
133.13,-14.92,1917,7,"014610",0
133.13,-14.92,1917,8,"014610",1.5
133.13,-14.92,1917,9,"014610",0.5
133.13,-14.92,1917,10,"014610",35.3
133.13,-14.92,1917,11,"014610",155.2
133.13,-14.92,1917,12,"014610",180.5
133.13,-14.92,1918,1,"014610",286.7
133.13,-14.92,1918,2,"014610",164.2
133.13,-14.92,1918,3,"014610",224
133.13,-14.92,1918,4,"014610",0
133.13,-14.92,1918,5,"014610",0
133.13,-14.92,1918,6,"014610",0
133.13,-14.92,1918,7,"014610",0
133.13,-14.92,1918,8,"014610",0
133.13,-14.92,1918,9,"014610",0.5
133.13,-14.92,1918,10,"014610",0
133.13,-14.92,1918,11,"014610",71.2
133.13,-14.92,1918,12,"014610",89.5
133.13,-14.92,1919,1,"014610",201.4
133.13,-14.92,1919,2,"014610",106.7
133.13,-14.92,1919,3,"014610",27.4
133.13,-14.92,1919,4,"014610",0
133.13,-14.92,1919,5,"014610",8.9
133.13,-14.92,1919,6,"014610",NA
133.13,-14.92,1919,7,"014610",NA
133.13,-14.92,1919,8,"014610",NA
133.13,-14.92,1919,9,"014610",NA
133.13,-14.92,1919,10,"014610",NA
133.13,-14.92,1919,11,"014610",NA
133.13,-14.92,1919,12,"014610",NA
133.13,-14.92,1924,1,"014610",199.3
133.13,-14.92,1924,2,"014610",160.2
133.13,-14.92,1924,3,"014610",171.8
133.13,-14.92,1924,4,"014610",0
133.13,-14.92,1924,5,"014610",0
133.13,-14.92,1924,6,"014610",0
133.13,-14.92,1924,7,"014610",0.3
133.13,-14.92,1924,8,"014610",0
133.13,-14.92,1924,9,"014610",3.3
133.13,-14.92,1924,10,"014610",2.3
133.13,-14.92,1924,11,"014610",32.5
133.13,-14.92,1924,12,"014610",85.8
133.13,-14.92,1925,1,"014610",153.5
133.13,-14.92,1925,2,"014610",232.9
133.13,-14.92,1925,3,"014610",300.6
133.13,-14.92,1925,4,"014610",10
133.13,-14.92,1925,5,"014610",0
133.13,-14.92,1925,6,"014610",0
133.13,-14.92,1925,7,"014610",0
133.13,-14.92,1925,8,"014610",0
133.13,-14.92,1925,9,"014610",0
133.13,-14.92,1925,10,"014610",0
133.13,-14.92,1925,11,"014610",14.2
133.13,-14.92,1925,12,"014610",119.9
133.13,-14.92,1926,1,"014610",98.3
133.13,-14.92,1926,2,"014610",52.3
133.13,-14.92,1926,3,"014610",116.1
133.13,-14.92,1926,4,"014610",19.3
133.13,-14.92,1926,5,"014610",52.6
133.13,-14.92,1926,6,"014610",0
133.13,-14.92,1926,7,"014610",0
133.13,-14.92,1926,8,"014610",0
133.13,-14.92,1926,9,"014610",0
133.13,-14.92,1926,10,"014610",16.8
133.13,-14.92,1926,11,"014610",12.9
133.13,-14.92,1926,12,"014610",260
133.13,-14.92,1927,1,"014610",179.2
133.13,-14.92,1927,2,"014610",155.7
133.13,-14.92,1927,3,"014610",89.4
133.13,-14.92,1927,4,"014610",6.4
133.13,-14.92,1927,5,"014610",1.3
133.13,-14.92,1927,6,"014610",0
133.13,-14.92,1927,7,"014610",0
133.13,-14.92,1927,8,"014610",0
133.13,-14.92,1927,9,"014610",0
133.13,-14.92,1927,10,"014610",0
133.13,-14.92,1927,11,"014610",30
133.13,-14.92,1927,12,"014610",85.9
133.13,-14.92,1928,1,"014610",112.5
133.13,-14.92,1928,2,"014610",131.1
133.13,-14.92,1928,3,"014610",192.8
133.13,-14.92,1928,4,"014610",0
133.13,-14.92,1928,5,"014610",0
133.13,-14.92,1928,6,"014610",0
133.13,-14.92,1928,7,"014610",0
133.13,-14.92,1928,8,"014610",0
133.13,-14.92,1928,9,"014610",0
133.13,-14.92,1928,10,"014610",0
133.13,-14.92,1928,11,"014610",29
133.13,-14.92,1928,12,"014610",70.6
133.13,-14.92,1929,1,"014610",120.3
133.13,-14.92,1929,2,"014610",200.8
133.13,-14.92,1929,3,"014610",62.6
133.13,-14.92,1929,4,"014610",10.4
133.13,-14.92,1929,5,"014610",0
133.13,-14.92,1929,6,"014610",0
133.13,-14.92,1929,7,"014610",0
133.13,-14.92,1929,8,"014610",0
133.13,-14.92,1929,9,"014610",0
133.13,-14.92,1929,10,"014610",0
133.13,-14.92,1929,11,"014610",30.2
133.13,-14.92,1929,12,"014610",20.1
133.13,-14.92,1930,1,"014610",255.8
133.13,-14.92,1930,2,"014610",408.2
133.13,-14.92,1930,3,"014610",134.2
133.13,-14.92,1930,4,"014610",0
133.13,-14.92,1930,5,"014610",0
133.13,-14.92,1930,6,"014610",0
133.13,-14.92,1930,7,"014610",0
133.13,-14.92,1930,8,"014610",0
133.13,-14.92,1930,9,"014610",0
133.13,-14.92,1930,10,"014610",38.8
133.13,-14.92,1930,11,"014610",19.3
133.13,-14.92,1930,12,"014610",272.1
133.13,-14.92,1931,1,"014610",226.6
133.13,-14.92,1931,2,"014610",17.9
133.13,-14.92,1931,3,"014610",208.3
133.13,-14.92,1931,4,"014610",43.5
133.13,-14.92,1931,5,"014610",0
133.13,-14.92,1931,6,"014610",0
133.13,-14.92,1931,7,"014610",0
133.13,-14.92,1931,8,"014610",0
133.13,-14.92,1931,9,"014610",56.2
133.13,-14.92,1931,10,"014610",0
133.13,-14.92,1931,11,"014610",59
133.13,-14.92,1931,12,"014610",75.6
133.13,-14.92,1932,1,"014610",124.5
133.13,-14.92,1932,2,"014610",96.5
133.13,-14.92,1932,3,"014610",201.7
133.13,-14.92,1932,4,"014610",0
133.13,-14.92,1932,5,"014610",1.8
133.13,-14.92,1932,6,"014610",0
133.13,-14.92,1932,7,"014610",0
133.13,-14.92,1932,8,"014610",0
133.13,-14.92,1932,9,"014610",0
133.13,-14.92,1932,10,"014610",2.3
133.13,-14.92,1932,11,"014610",81.1
133.13,-14.92,1932,12,"014610",207.3
133.13,-14.92,1933,1,"014610",77.2
133.13,-14.92,1933,2,"014610",105
133.13,-14.92,1933,3,"014610",343.6
133.13,-14.92,1933,4,"014610",10.6
133.13,-14.92,1933,5,"014610",34.3
133.13,-14.92,1933,6,"014610",0
133.13,-14.92,1933,7,"014610",0.8
133.13,-14.92,1933,8,"014610",0
133.13,-14.92,1933,9,"014610",0
133.13,-14.92,1933,10,"014610",2.5
133.13,-14.92,1933,11,"014610",54.9
133.13,-14.92,1933,12,"014610",226
133.13,-14.92,1934,1,"014610",227.4
133.13,-14.92,1934,2,"014610",152.7
133.13,-14.92,1934,3,"014610",117.3
133.13,-14.92,1934,4,"014610",48.3
133.13,-14.92,1934,5,"014610",4.3
133.13,-14.92,1934,6,"014610",NA
133.13,-14.92,1934,7,"014610",NA
133.13,-14.92,1934,8,"014610",NA
133.13,-14.92,1934,9,"014610",NA
133.13,-14.92,1934,10,"014610",NA
133.13,-14.92,1934,11,"014610",NA
133.13,-14.92,1934,12,"014610",NA
133.13,-14.92,1935,1,"014610",107.9
133.13,-14.92,1935,2,"014610",120.9
133.13,-14.92,1935,3,"014610",470.6
133.13,-14.92,1935,4,"014610",NA
133.13,-14.92,1935,5,"014610",NA
133.13,-14.92,1935,6,"014610",NA
133.13,-14.92,1935,7,"014610",NA
133.13,-14.92,1935,8,"014610",NA
133.13,-14.92,1935,9,"014610",NA
133.13,-14.92,1935,10,"014610",NA
133.13,-14.92,1935,11,"014610",NA
133.13,-14.92,1935,12,"014610",NA
133.13,-14.92,1936,1,"014610",95.3
133.13,-14.92,1936,2,"014610",213.6
133.13,-14.92,1936,3,"014610",87.9
133.13,-14.92,1936,4,"014610",6.4
133.13,-14.92,1936,5,"014610",26.7
133.13,-14.92,1936,6,"014610",0
133.13,-14.92,1936,7,"014610",0
133.13,-14.92,1936,8,"014610",0
133.13,-14.92,1936,9,"014610",0
133.13,-14.92,1936,10,"014610",14.4
133.13,-14.92,1936,11,"014610",67.8
133.13,-14.92,1936,12,"014610",148.1
133.13,-14.92,1937,1,"014610",389.5
133.13,-14.92,1937,2,"014610",101
133.13,-14.92,1937,3,"014610",212.4
133.13,-14.92,1937,4,"014610",0
133.13,-14.92,1937,5,"014610",0
133.13,-14.92,1937,6,"014610",1
133.13,-14.92,1937,7,"014610",0
133.13,-14.92,1937,8,"014610",0.8
133.13,-14.92,1937,9,"014610",10.7
133.13,-14.92,1937,10,"014610",25.9
133.13,-14.92,1937,11,"014610",56.2
133.13,-14.92,1937,12,"014610",106.7
133.13,-14.92,1938,1,"014610",365
133.13,-14.92,1938,2,"014610",246.3
133.13,-14.92,1938,3,"014610",0
133.13,-14.92,1938,4,"014610",1.3
133.13,-14.92,1938,5,"014610",0
133.13,-14.92,1938,6,"014610",0
133.13,-14.92,1938,7,"014610",15.8
133.13,-14.92,1938,8,"014610",0
133.13,-14.92,1938,9,"014610",0
133.13,-14.92,1938,10,"014610",18.8
133.13,-14.92,1938,11,"014610",171.1
133.13,-14.92,1938,12,"014610",41.9
133.13,-14.92,1939,1,"014610",162.8
133.13,-14.92,1939,2,"014610",194
133.13,-14.92,1939,3,"014610",85.9
133.13,-14.92,1939,4,"014610",5.1
133.13,-14.92,1939,5,"014610",0
133.13,-14.92,1939,6,"014610",14.5
133.13,-14.92,1939,7,"014610",0
133.13,-14.92,1939,8,"014610",0
133.13,-14.92,1939,9,"014610",10.9
133.13,-14.92,1939,10,"014610",16
133.13,-14.92,1939,11,"014610",67.3
133.13,-14.92,1939,12,"014610",133.8
133.13,-14.92,1940,1,"014610",660.8
133.13,-14.92,1940,2,"014610",249.5
133.13,-14.92,1940,3,"014610",132.6
133.13,-14.92,1940,4,"014610",6.9
133.13,-14.92,1940,5,"014610",0
133.13,-14.92,1940,6,"014610",0
133.13,-14.92,1940,7,"014610",0
133.13,-14.92,1940,8,"014610",0
133.13,-14.92,1940,9,"014610",0
133.13,-14.92,1940,10,"014610",0
133.13,-14.92,1940,11,"014610",31.2
133.13,-14.92,1940,12,"014610",125.7
133.13,-14.92,1941,1,"014610",354.9
133.13,-14.92,1941,2,"014610",147.4
133.13,-14.92,1941,3,"014610",357.1
133.13,-14.92,1941,4,"014610",0
133.13,-14.92,1941,5,"014610",5.4
133.13,-14.92,1941,6,"014610",0
133.13,-14.92,1941,7,"014610",0
133.13,-14.92,1941,8,"014610",0
133.13,-14.92,1941,9,"014610",0
133.13,-14.92,1941,10,"014610",0
133.13,-14.92,1941,11,"014610",106.7
133.13,-14.92,1941,12,"014610",139.7
133.13,-14.92,1942,1,"014610",168
133.13,-14.92,1942,2,"014610",124.3
133.13,-14.92,1942,3,"014610",10.7
133.13,-14.92,1942,4,"014610",NA
133.13,-14.92,1942,5,"014610",0
133.13,-14.92,1942,6,"014610",0
133.13,-14.92,1942,7,"014610",NA
133.13,-14.92,1942,8,"014610",NA
133.13,-14.92,1942,9,"014610",NA
133.13,-14.92,1942,10,"014610",NA
133.13,-14.92,1942,11,"014610",NA
133.13,-14.92,1942,12,"014610",NA
133.13,-14.92,1943,1,"014610",NA
133.13,-14.92,1943,2,"014610",NA
133.13,-14.92,1943,3,"014610",NA
133.13,-14.92,1943,4,"014610",NA
133.13,-14.92,1943,5,"014610",NA
133.13,-14.92,1943,6,"014610",NA
133.13,-14.92,1943,7,"014610",NA
133.13,-14.92,1943,8,"014610",NA
133.13,-14.92,1943,9,"014610",25.4
133.13,-14.92,1943,10,"014610",23.9
133.13,-14.92,1943,11,"014610",7.9
133.13,-14.92,1943,12,"014610",91.8
133.13,-14.92,1944,1,"014610",259.8
133.13,-14.92,1944,2,"014610",170.5
133.13,-14.92,1944,3,"014610",437.6
133.13,-14.92,1944,4,"014610",NA
133.13,-14.92,1944,5,"014610",NA
133.13,-14.92,1944,6,"014610",NA
133.13,-14.92,1944,7,"014610",NA
133.13,-14.92,1944,8,"014610",NA
133.13,-14.92,1944,9,"014610",NA
133.13,-14.92,1944,10,"014610",NA
133.13,-14.92,1944,11,"014610",NA
133.13,-14.92,1944,12,"014610",NA
133.13,-14.92,1945,1,"014610",NA
133.13,-14.92,1945,2,"014610",215.7
133.13,-14.92,1945,3,"014610",101.6
133.13,-14.92,1945,4,"014610",5.6
133.13,-14.92,1945,5,"014610",0
133.13,-14.92,1945,6,"014610",0
133.13,-14.92,1945,7,"014610",0
133.13,-14.92,1945,8,"014610",0
133.13,-14.92,1945,9,"014610",0
133.13,-14.92,1945,10,"014610",1
133.13,-14.92,1945,11,"014610",49.5
133.13,-14.92,1945,12,"014610",187.6
133.13,-14.92,1946,1,"014610",92.1
133.13,-14.92,1946,2,"014610",220.4
133.13,-14.92,1946,3,"014610",5.6
133.13,-14.92,1946,4,"014610",0
133.13,-14.92,1946,5,"014610",0
133.13,-14.92,1946,6,"014610",0
133.13,-14.92,1946,7,"014610",0
133.13,-14.92,1946,8,"014610",0
133.13,-14.92,1946,9,"014610",0
133.13,-14.92,1946,10,"014610",7.1
133.13,-14.92,1946,11,"014610",10.2
133.13,-14.92,1946,12,"014610",103.9
133.13,-14.92,1947,1,"014610",188.7
133.13,-14.92,1947,2,"014610",172
133.13,-14.92,1947,3,"014610",155.8
133.13,-14.92,1947,4,"014610",0
133.13,-14.92,1947,5,"014610",0
133.13,-14.92,1947,6,"014610",4.3
133.13,-14.92,1947,7,"014610",0
133.13,-14.92,1947,8,"014610",9.1
133.13,-14.92,1947,9,"014610",NA
133.13,-14.92,1947,10,"014610",NA
133.13,-14.92,1947,11,"014610",NA
133.13,-14.92,1947,12,"014610",NA
133.13,-14.92,1948,1,"014610",NA
133.13,-14.92,1948,2,"014610",NA
133.13,-14.92,1948,3,"014610",NA
133.13,-14.92,1948,4,"014610",NA
133.13,-14.92,1948,5,"014610",NA
133.13,-14.92,1948,6,"014610",NA
133.13,-14.92,1948,7,"014610",NA
133.13,-14.92,1948,8,"014610",NA
133.13,-14.92,1948,9,"014610",9.4
133.13,-14.92,1948,10,"014610",NA
133.13,-14.92,1948,11,"014610",27.1
133.13,-14.92,1948,12,"014610",NA
133.13,-14.92,1950,1,"014610",NA
133.13,-14.92,1950,2,"014610",320.5
133.13,-14.92,1950,3,"014610",NA
133.13,-14.92,1950,4,"014610",NA
133.13,-14.92,1950,5,"014610",NA
133.13,-14.92,1950,6,"014610",NA
133.13,-14.92,1950,7,"014610",NA
133.13,-14.92,1950,8,"014610",NA
133.13,-14.92,1950,9,"014610",NA
133.13,-14.92,1950,10,"014610",NA
133.13,-14.92,1950,11,"014610",NA
133.13,-14.92,1950,12,"014610",NA
133.13,-14.92,1954,1,"014610",253.5
133.13,-14.92,1954,2,"014610",329.2
133.13,-14.92,1954,3,"014610",12.4
133.13,-14.92,1954,4,"014610",104.9
133.13,-14.92,1954,5,"014610",0
133.13,-14.92,1954,6,"014610",0
133.13,-14.92,1954,7,"014610",0
133.13,-14.92,1954,8,"014610",0
133.13,-14.92,1954,9,"014610",0
133.13,-14.92,1954,10,"014610",27.2
133.13,-14.92,1954,11,"014610",75.2
133.13,-14.92,1954,12,"014610",101.9
133.13,-14.92,1955,1,"014610",160.8
133.13,-14.92,1955,2,"014610",153.3
133.13,-14.92,1955,3,"014610",101.1
133.13,-14.92,1955,4,"014610",9.9
133.13,-14.92,1955,5,"014610",154
133.13,-14.92,1955,6,"014610",18.1
133.13,-14.92,1955,7,"014610",0
133.13,-14.92,1955,8,"014610",0
133.13,-14.92,1955,9,"014610",0
133.13,-14.92,1955,10,"014610",33
133.13,-14.92,1955,11,"014610",116.2
133.13,-14.92,1955,12,"014610",71.9
133.13,-14.92,1956,1,"014610",222.5
133.13,-14.92,1956,2,"014610",319.7
133.13,-14.92,1956,3,"014610",194.7
133.13,-14.92,1956,4,"014610",100.3
133.13,-14.92,1956,5,"014610",9.9
133.13,-14.92,1956,6,"014610",0
133.13,-14.92,1956,7,"014610",2.8
133.13,-14.92,1956,8,"014610",2.3
133.13,-14.92,1956,9,"014610",0
133.13,-14.92,1956,10,"014610",71.2
133.13,-14.92,1956,11,"014610",36.8
133.13,-14.92,1956,12,"014610",396.7
133.13,-14.92,1957,1,"014610",235.1
133.13,-14.92,1957,2,"014610",139.9
133.13,-14.92,1957,3,"014610",510.5
133.13,-14.92,1957,4,"014610",13
133.13,-14.92,1957,5,"014610",0
133.13,-14.92,1957,6,"014610",0
133.13,-14.92,1957,7,"014610",0
133.13,-14.92,1957,8,"014610",0
133.13,-14.92,1957,9,"014610",0
133.13,-14.92,1957,10,"014610",0
133.13,-14.92,1957,11,"014610",35.3
133.13,-14.92,1957,12,"014610",90.2
133.13,-14.92,1958,1,"014610",236.9
133.13,-14.92,1958,2,"014610",70.1
133.13,-14.92,1958,3,"014610",43.6
133.13,-14.92,1958,4,"014610",129.5
133.13,-14.92,1958,5,"014610",0
133.13,-14.92,1958,6,"014610",0
133.13,-14.92,1958,7,"014610",0
133.13,-14.92,1958,8,"014610",0
133.13,-14.92,1958,9,"014610",0
133.13,-14.92,1958,10,"014610",6.4
133.13,-14.92,1958,11,"014610",88.2
133.13,-14.92,1958,12,"014610",36.9
133.13,-14.92,1959,1,"014610",167.7
133.13,-14.92,1959,2,"014610",17.5
133.13,-14.92,1959,3,"014610",18.9
133.13,-14.92,1959,4,"014610",38.6
133.13,-14.92,1959,5,"014610",28.5
133.13,-14.92,1959,6,"014610",0
133.13,-14.92,1959,7,"014610",0
133.13,-14.92,1959,8,"014610",0
133.13,-14.92,1959,9,"014610",0
133.13,-14.92,1959,10,"014610",8.9
133.13,-14.92,1959,11,"014610",91.7
133.13,-14.92,1959,12,"014610",17.5
133.13,-14.92,1960,1,"014610",254.3
133.13,-14.92,1960,2,"014610",152.5
133.13,-14.92,1960,3,"014610",72.2
133.13,-14.92,1960,4,"014610",31.5
133.13,-14.92,1960,5,"014610",65.5
133.13,-14.92,1960,6,"014610",0
133.13,-14.92,1960,7,"014610",0
133.13,-14.92,1960,8,"014610",0
133.13,-14.92,1960,9,"014610",5.4
133.13,-14.92,1960,10,"014610",0
133.13,-14.92,1960,11,"014610",59.7
133.13,-14.92,1960,12,"014610",255
133.13,-14.92,1961,1,"014610",95.7
133.13,-14.92,1961,2,"014610",82.2
133.13,-14.92,1961,3,"014610",8.7
133.13,-14.92,1961,4,"014610",9.7
133.13,-14.92,1961,5,"014610",0
133.13,-14.92,1961,6,"014610",0
133.13,-14.92,1961,7,"014610",0
133.13,-14.92,1961,8,"014610",0
133.13,-14.92,1961,9,"014610",0
133.13,-14.92,1961,10,"014610",4.3
133.13,-14.92,1961,11,"014610",58.3
133.13,-14.92,1961,12,"014610",51.6
133.13,-14.92,1962,1,"014610",368.9
133.13,-14.92,1962,2,"014610",120.9
133.13,-14.92,1962,3,"014610",2.3
133.13,-14.92,1962,4,"014610",0
133.13,-14.92,1962,5,"014610",0
133.13,-14.92,1962,6,"014610",0
133.13,-14.92,1962,7,"014610",0
133.13,-14.92,1962,8,"014610",0
133.13,-14.92,1962,9,"014610",0
133.13,-14.92,1962,10,"014610",0
133.13,-14.92,1962,11,"014610",19.1
133.13,-14.92,1962,12,"014610",140.2
133.13,-14.92,1963,1,"014610",158
133.13,-14.92,1963,2,"014610",220.8
133.13,-14.92,1963,3,"014610",36.4
133.13,-14.92,1963,4,"014610",463.9
133.13,-14.92,1963,5,"014610",0
133.13,-14.92,1963,6,"014610",0
133.13,-14.92,1963,7,"014610",0
133.13,-14.92,1963,8,"014610",0
133.13,-14.92,1963,9,"014610",0
133.13,-14.92,1963,10,"014610",0
133.13,-14.92,1963,11,"014610",7.1
133.13,-14.92,1963,12,"014610",97.5
133.13,-14.92,1964,1,"014610",111.6
133.13,-14.92,1964,2,"014610",71.4
133.13,-14.92,1964,3,"014610",218.7
133.13,-14.92,1964,4,"014610",1
133.13,-14.92,1964,5,"014610",1
133.13,-14.92,1964,6,"014610",0
133.13,-14.92,1964,7,"014610",0
133.13,-14.92,1964,8,"014610",0
133.13,-14.92,1964,9,"014610",0.5
133.13,-14.92,1964,10,"014610",59.2
133.13,-14.92,1964,11,"014610",80.5
133.13,-14.92,1964,12,"014610",255.7
133.13,-14.92,1965,1,"014610",106.1
133.13,-14.92,1965,2,"014610",0
133.13,-14.92,1965,3,"014610",349.6
133.13,-14.92,1965,4,"014610",0
133.13,-14.92,1965,5,"014610",NA
133.13,-14.92,1965,6,"014610",NA
133.13,-14.92,1965,7,"014610",NA
133.13,-14.92,1965,8,"014610",NA
133.13,-14.92,1965,9,"014610",NA
133.13,-14.92,1965,10,"014610",NA
133.13,-14.92,1965,11,"014610",14.3
133.13,-14.92,1965,12,"014610",NA
133.13,-14.92,1966,1,"014610",188.7
133.13,-14.92,1966,2,"014610",224.4
133.13,-14.92,1966,3,"014610",29
133.13,-14.92,1966,4,"014610",0
133.13,-14.92,1966,5,"014610",1.8
133.13,-14.92,1966,6,"014610",0
133.13,-14.92,1966,7,"014610",0
133.13,-14.92,1966,8,"014610",0
133.13,-14.92,1966,9,"014610",NA
133.13,-14.92,1966,10,"014610",NA
133.13,-14.92,1966,11,"014610",NA
133.13,-14.92,1966,12,"014610",NA
133.13,-14.92,1968,1,"014610",NA
133.13,-14.92,1968,2,"014610",NA
133.13,-14.92,1968,3,"014610",NA
133.13,-14.92,1968,4,"014610",NA
133.13,-14.92,1968,5,"014610",NA
133.13,-14.92,1968,6,"014610",NA
133.13,-14.92,1968,7,"014610",NA
133.13,-14.92,1968,8,"014610",NA
133.13,-14.92,1968,9,"014610",NA
133.13,-14.92,1968,10,"014610",NA
133.13,-14.92,1968,11,"014610",NA
133.13,-14.92,1968,12,"014610",132.1
133.13,-14.92,1969,1,"014610",224.8
133.13,-14.92,1969,2,"014610",NA
133.13,-14.92,1969,3,"014610",NA
133.13,-14.92,1969,4,"014610",NA
133.13,-14.92,1969,5,"014610",NA
133.13,-14.92,1969,6,"014610",NA
133.13,-14.92,1969,7,"014610",NA
133.13,-14.92,1969,8,"014610",NA
133.13,-14.92,1969,9,"014610",NA
133.13,-14.92,1969,10,"014610",NA
133.13,-14.92,1969,11,"014610",NA
133.13,-14.92,1969,12,"014610",NA
133.13,-14.92,1970,1,"014610",32.2
133.13,-14.92,1970,2,"014610",151.6
133.13,-14.92,1970,3,"014610",12.7
133.13,-14.92,1970,4,"014610",32
133.13,-14.92,1970,5,"014610",NA
133.13,-14.92,1970,6,"014610",NA
133.13,-14.92,1970,7,"014610",NA
133.13,-14.92,1970,8,"014610",NA
133.13,-14.92,1970,9,"014610",NA
133.13,-14.92,1970,10,"014610",NA
133.13,-14.92,1970,11,"014610",NA
133.13,-14.92,1970,12,"014610",NA
133.13,-14.92,1972,1,"014610",NA
133.13,-14.92,1972,2,"014610",NA
133.13,-14.92,1972,3,"014610",NA
133.13,-14.92,1972,4,"014610",NA
133.13,-14.92,1972,5,"014610",NA
133.13,-14.92,1972,6,"014610",NA
133.13,-14.92,1972,7,"014610",NA
133.13,-14.92,1972,8,"014610",NA
133.13,-14.92,1972,9,"014610",NA
133.13,-14.92,1972,10,"014610",NA
133.13,-14.92,1972,11,"014610",9.2
133.13,-14.92,1972,12,"014610",28.8
133.13,-14.92,1973,1,"014610",330
133.13,-14.92,1973,2,"014610",216.8
133.13,-14.92,1973,3,"014610",211.5
133.13,-14.92,1973,4,"014610",NA
133.13,-14.92,1973,5,"014610",NA
133.13,-14.92,1973,6,"014610",NA
133.13,-14.92,1973,7,"014610",NA
133.13,-14.92,1973,8,"014610",NA
133.13,-14.92,1973,9,"014610",NA
133.13,-14.92,1973,10,"014610",3.8
133.13,-14.92,1973,11,"014610",190.1
133.13,-14.92,1973,12,"014610",124.3
133.13,-14.92,1974,1,"014610",197.3
133.13,-14.92,1974,2,"014610",254.1
133.13,-14.92,1974,3,"014610",384.7
133.13,-14.92,1974,4,"014610",3
133.13,-14.92,1974,5,"014610",NA
133.13,-14.92,1974,6,"014610",NA
133.13,-14.92,1974,7,"014610",NA
133.13,-14.92,1974,8,"014610",14.6
133.13,-14.92,1974,9,"014610",8.4
133.13,-14.92,1974,10,"014610",58.8
133.13,-14.92,1974,11,"014610",115.4
133.13,-14.92,1974,12,"014610",109.8
133.13,-14.92,1975,1,"014610",212.6
133.13,-14.92,1975,2,"014610",307.7
133.13,-14.92,1975,3,"014610",107.3
133.13,-14.92,1975,4,"014610",112
133.13,-14.92,1975,5,"014610",NA
133.13,-14.92,1975,6,"014610",NA
133.13,-14.92,1975,7,"014610",NA
133.13,-14.92,1975,8,"014610",NA
133.13,-14.92,1975,9,"014610",NA
133.13,-14.92,1975,10,"014610",76.2
133.13,-14.92,1975,11,"014610",NA
133.13,-14.92,1975,12,"014610",NA
133.13,-14.92,1976,1,"014610",NA
133.13,-14.92,1976,2,"014610",NA
133.13,-14.92,1976,3,"014610",NA
133.13,-14.92,1976,4,"014610",NA
133.13,-14.92,1976,5,"014610",NA
133.13,-14.92,1976,6,"014610",NA
133.13,-14.92,1976,7,"014610",NA
133.13,-14.92,1976,8,"014610",NA
133.13,-14.92,1976,9,"014610",NA
133.13,-14.92,1976,10,"014610",NA
133.13,-14.92,1976,11,"014610",91.6
133.13,-14.92,1976,12,"014610",NA
133.13,-14.92,1977,1,"014610",NA
133.13,-14.92,1977,2,"014610",NA
133.13,-14.92,1977,3,"014610",NA
133.13,-14.92,1977,4,"014610",NA
133.13,-14.92,1977,5,"014610",NA
133.13,-14.92,1977,6,"014610",NA
133.13,-14.92,1977,7,"014610",NA
133.13,-14.92,1977,8,"014610",NA
133.13,-14.92,1977,9,"014610",NA
133.13,-14.92,1977,10,"014610",NA
133.13,-14.92,1977,11,"014610",NA
133.13,-14.92,1977,12,"014610",132.7
133.13,-14.92,1978,1,"014610",394
133.13,-14.92,1978,2,"014610",NA
133.13,-14.92,1978,3,"014610",NA
133.13,-14.92,1978,4,"014610",NA
133.13,-14.92,1978,5,"014610",NA
133.13,-14.92,1978,6,"014610",NA
133.13,-14.92,1978,7,"014610",NA
133.13,-14.92,1978,8,"014610",NA
133.13,-14.92,1978,9,"014610",NA
133.13,-14.92,1978,10,"014610",12.8
133.13,-14.92,1978,11,"014610",NA
133.13,-14.92,1978,12,"014610",NA
133.13,-14.92,1981,1,"014610",NA
133.13,-14.92,1981,2,"014610",NA
133.13,-14.92,1981,3,"014610",NA
133.13,-14.92,1981,4,"014610",NA
133.13,-14.92,1981,5,"014610",NA
133.13,-14.92,1981,6,"014610",NA
133.13,-14.92,1981,7,"014610",NA
133.13,-14.92,1981,8,"014610",NA
133.13,-14.92,1981,9,"014610",25
133.13,-14.92,1981,10,"014610",16.2
133.13,-14.92,1981,11,"014610",NA
133.13,-14.92,1981,12,"014610",124.6
133.13,-14.92,1982,1,"014610",128.7
133.13,-14.92,1982,2,"014610",238
133.13,-14.92,1982,3,"014610",NA
133.13,-14.92,1982,4,"014610",NA
133.13,-14.92,1982,5,"014610",NA
133.13,-14.92,1982,6,"014610",NA
133.13,-14.92,1982,7,"014610",NA
133.13,-14.92,1982,8,"014610",NA
133.13,-14.92,1982,9,"014610",NA
133.13,-14.92,1982,10,"014610",0
133.13,-14.92,1982,11,"014610",58.2
133.13,-14.92,1982,12,"014610",90.8
133.13,-14.92,1983,1,"014610",72.1
133.13,-14.92,1983,2,"014610",136.4
133.13,-14.92,1983,3,"014610",159.4
133.13,-14.92,1983,4,"014610",10.2
133.13,-14.92,1983,5,"014610",0
133.13,-14.92,1983,6,"014610",0
133.13,-14.92,1983,7,"014610",0
133.13,-14.92,1983,8,"014610",0
133.13,-14.92,1983,9,"014610",0
133.13,-14.92,1983,10,"014610",19.4
133.13,-14.92,1983,11,"014610",34.6
133.13,-14.92,1983,12,"014610",22.4
133.13,-14.92,1984,1,"014610",291
133.13,-14.92,1984,2,"014610",406.1
133.13,-14.92,1984,3,"014610",272.9
133.13,-14.92,1984,4,"014610",5.2
133.13,-14.92,1984,5,"014610",0
133.13,-14.92,1984,6,"014610",1
133.13,-14.92,1984,7,"014610",7.5
133.13,-14.92,1984,8,"014610",0
133.13,-14.92,1984,9,"014610",19.2
133.13,-14.92,1984,10,"014610",9.2
133.13,-14.92,1984,11,"014610",7
133.13,-14.92,1984,12,"014610",85.2
133.13,-14.92,1985,1,"014610",104.5
133.13,-14.92,1985,2,"014610",232.2
133.13,-14.92,1985,3,"014610",248.4
133.13,-14.92,1985,4,"014610",56.4
133.13,-14.92,1985,5,"014610",0
133.13,-14.92,1985,6,"014610",3.2
133.13,-14.92,1985,7,"014610",0
133.13,-14.92,1985,8,"014610",0
133.13,-14.92,1985,9,"014610",1.7
133.13,-14.92,1985,10,"014610",0.2
133.13,-14.92,1985,11,"014610",269.7
133.13,-14.92,1985,12,"014610",48.6
133.13,-14.92,1986,1,"014610",162.6
133.13,-14.92,1986,2,"014610",21.9
133.13,-14.92,1986,3,"014610",36.6
133.13,-14.92,1986,4,"014610",5.5
133.13,-14.92,1986,5,"014610",0
133.13,-14.92,1986,6,"014610",0
133.13,-14.92,1986,7,"014610",59.2
133.13,-14.92,1986,8,"014610",0
133.13,-14.92,1986,9,"014610",NA
133.13,-14.92,1986,10,"014610",67.8
133.13,-14.92,1986,11,"014610",4
133.13,-14.92,1986,12,"014610",46
133.13,-14.92,1987,1,"014610",230.5
133.13,-14.92,1987,2,"014610",349.5
133.13,-14.92,1987,3,"014610",NA
133.13,-14.92,1987,4,"014610",NA
133.13,-14.92,1987,5,"014610",NA
133.13,-14.92,1987,6,"014610",NA
133.13,-14.92,1987,7,"014610",NA
133.13,-14.92,1987,8,"014610",NA
133.13,-14.92,1987,9,"014610",NA
133.13,-14.92,1987,10,"014610",0.8
133.13,-14.92,1987,11,"014610",84.4
133.13,-14.92,1987,12,"014610",218
133.13,-14.92,1988,1,"014610",82.5
133.13,-14.92,1988,2,"014610",58.8
133.13,-14.92,1988,3,"014610",NA
133.13,-14.92,1988,4,"014610",NA
133.13,-14.92,1988,5,"014610",NA
133.13,-14.92,1988,6,"014610",NA
133.13,-14.92,1988,7,"014610",NA
133.13,-14.92,1988,8,"014610",NA
133.13,-14.92,1988,9,"014610",0
133.13,-14.92,1988,10,"014610",0
133.13,-14.92,1988,11,"014610",80.8
133.13,-14.92,1988,12,"014610",155.4
133.13,-14.92,1989,1,"014610",108.4
133.13,-14.92,1989,2,"014610",60.6
133.13,-14.92,1989,3,"014610",266.8
133.13,-14.92,1989,4,"014610",41
133.13,-14.92,1989,5,"014610",0
133.13,-14.92,1989,6,"014610",4
133.13,-14.92,1989,7,"014610",0
133.13,-14.92,1989,8,"014610",0
133.13,-14.92,1989,9,"014610",0
133.13,-14.92,1989,10,"014610",22.7
133.13,-14.92,1989,11,"014610",46.4
133.13,-14.92,1989,12,"014610",48.4
133.13,-14.92,1990,1,"014610",195
133.13,-14.92,1990,2,"014610",92.6
133.13,-14.92,1990,3,"014610",66
133.13,-14.92,1990,4,"014610",3.6
133.13,-14.92,1990,5,"014610",51.6
133.13,-14.92,1990,6,"014610",0
133.13,-14.92,1990,7,"014610",0
133.13,-14.92,1990,8,"014610",0
133.13,-14.92,1990,9,"014610",0
133.13,-14.92,1990,10,"014610",0
133.13,-14.92,1990,11,"014610",68.4
133.13,-14.92,1990,12,"014610",156.8
133.13,-14.92,1991,1,"014610",233.6
133.13,-14.92,1991,2,"014610",392.8
133.13,-14.92,1991,3,"014610",26.6
133.13,-14.92,1991,4,"014610",47.6
133.13,-14.92,1991,5,"014610",0
133.13,-14.92,1991,6,"014610",0
133.13,-14.92,1991,7,"014610",0
133.13,-14.92,1991,8,"014610",0
133.13,-14.92,1991,9,"014610",0
133.13,-14.92,1991,10,"014610",0
133.13,-14.92,1991,11,"014610",55.8
133.13,-14.92,1991,12,"014610",188.6
133.13,-14.92,1992,1,"014610",43.5
133.13,-14.92,1992,2,"014610",314.7
133.13,-14.92,1992,3,"014610",15
133.13,-14.92,1992,4,"014610",23
133.13,-14.92,1992,5,"014610",1
133.13,-14.92,1992,6,"014610",0
133.13,-14.92,1992,7,"014610",0
133.13,-14.92,1992,8,"014610",0
133.13,-14.92,1992,9,"014610",6.2
133.13,-14.92,1992,10,"014610",1.7
133.13,-14.92,1992,11,"014610",28.8
133.13,-14.92,1992,12,"014610",122.6
133.13,-14.92,1993,1,"014610",256.5
133.13,-14.92,1993,2,"014610",125.2
133.13,-14.92,1993,3,"014610",11
133.13,-14.92,1993,4,"014610",NA
133.13,-14.92,1993,5,"014610",9.7
133.13,-14.92,1993,6,"014610",0
133.13,-14.92,1993,7,"014610",0
133.13,-14.92,1993,8,"014610",0
133.13,-14.92,1993,9,"014610",4.2
133.13,-14.92,1993,10,"014610",0
133.13,-14.92,1993,11,"014610",103.2
133.13,-14.92,1993,12,"014610",296.8
133.13,-14.92,1994,1,"014610",251.4
133.13,-14.92,1994,2,"014610",209.2
133.13,-14.92,1994,3,"014610",342.2
133.13,-14.92,1994,4,"014610",13.2
133.13,-14.92,1994,5,"014610",0
133.13,-14.92,1994,6,"014610",0
133.13,-14.92,1994,7,"014610",0
133.13,-14.92,1994,8,"014610",0
133.13,-14.92,1994,9,"014610",0
133.13,-14.92,1994,10,"014610",3.2
133.13,-14.92,1994,11,"014610",89.3
133.13,-14.92,1994,12,"014610",125.1
133.13,-14.92,1995,1,"014610",148.5
133.13,-14.92,1995,2,"014610",193.5
133.13,-14.92,1995,3,"014610",259.7
133.13,-14.92,1995,4,"014610",0
133.13,-14.92,1995,5,"014610",0
133.13,-14.92,1995,6,"014610",0
133.13,-14.92,1995,7,"014610",0
133.13,-14.92,1995,8,"014610",0
133.13,-14.92,1995,9,"014610",0
133.13,-14.92,1995,10,"014610",10.6
133.13,-14.92,1995,11,"014610",109
133.13,-14.92,1995,12,"014610",129.9
133.13,-14.92,1996,1,"014610",208.1
133.13,-14.92,1996,2,"014610",58
133.13,-14.92,1996,3,"014610",71.2
133.13,-14.92,1996,4,"014610",67.2
133.13,-14.92,1996,5,"014610",7.2
133.13,-14.92,1996,6,"014610",0
133.13,-14.92,1996,7,"014610",0
133.13,-14.92,1996,8,"014610",0
133.13,-14.92,1996,9,"014610",0
133.13,-14.92,1996,10,"014610",15
133.13,-14.92,1996,11,"014610",60.9
133.13,-14.92,1996,12,"014610",327.8
133.13,-14.92,1997,1,"014610",368.3
133.13,-14.92,1997,2,"014610",258.3
133.13,-14.92,1997,3,"014610",104.3
133.13,-14.92,1997,4,"014610",0
133.13,-14.92,1997,5,"014610",0.6
133.13,-14.92,1997,6,"014610",0
133.13,-14.92,1997,7,"014610",0
133.13,-14.92,1997,8,"014610",0
133.13,-14.92,1997,9,"014610",0
133.13,-14.92,1997,10,"014610",69.1
133.13,-14.92,1997,11,"014610",88.8
133.13,-14.92,1997,12,"014610",323.8
133.13,-14.92,1998,1,"014610",NA
133.13,-14.92,1998,2,"014610",NA
133.13,-14.92,1998,3,"014610",18.8
133.13,-14.92,1998,4,"014610",13.6
133.13,-14.92,1998,5,"014610",0
133.13,-14.92,1998,6,"014610",10
133.13,-14.92,1998,7,"014610",0
133.13,-14.92,1998,8,"014610",0
133.13,-14.92,1998,9,"014610",28
133.13,-14.92,1998,10,"014610",14.3
133.13,-14.92,1998,11,"014610",77.8
133.13,-14.92,1998,12,"014610",NA
133.13,-14.92,1999,1,"014610",348
133.13,-14.92,1999,2,"014610",159.2
133.13,-14.92,1999,3,"014610",274.8
133.13,-14.92,1999,4,"014610",53.4
133.13,-14.92,1999,5,"014610",0
133.13,-14.92,1999,6,"014610",0
133.13,-14.92,1999,7,"014610",0
133.13,-14.92,1999,8,"014610",0
133.13,-14.92,1999,9,"014610",0
133.13,-14.92,1999,10,"014610",21.4
133.13,-14.92,1999,11,"014610",60.9
133.13,-14.92,1999,12,"014610",192.6
133.13,-14.92,2000,1,"014610",97.8
133.13,-14.92,2000,2,"014610",204.1
133.13,-14.92,2000,3,"014610",319.6
133.13,-14.92,2000,4,"014610",101.4
133.13,-14.92,2000,5,"014610",0
133.13,-14.92,2000,6,"014610",13
133.13,-14.92,2000,7,"014610",0
133.13,-14.92,2000,8,"014610",0
133.13,-14.92,2000,9,"014610",0
133.13,-14.92,2000,10,"014610",86.6
133.13,-14.92,2000,11,"014610",116.2
133.13,-14.92,2000,12,"014610",197.9
133.13,-14.92,2001,1,"014610",188.8
133.13,-14.92,2001,2,"014610",275.6
133.13,-14.92,2001,3,"014610",194.9
133.13,-14.92,2001,4,"014610",36.6
133.13,-14.92,2001,5,"014610",0
133.13,-14.92,2001,6,"014610",0
133.13,-14.92,2001,7,"014610",0
133.13,-14.92,2001,8,"014610",0
133.13,-14.92,2001,9,"014610",0
133.13,-14.92,2001,10,"014610",56.6
133.13,-14.92,2001,11,"014610",72.2
133.13,-14.92,2001,12,"014610",102.6
133.13,-14.92,2002,1,"014610",109
133.13,-14.92,2002,2,"014610",552.7
133.13,-14.92,2002,3,"014610",66.2
133.13,-14.92,2002,4,"014610",0
133.13,-14.92,2002,5,"014610",0
133.13,-14.92,2002,6,"014610",0
133.13,-14.92,2002,7,"014610",0
133.13,-14.92,2002,8,"014610",0
133.13,-14.92,2002,9,"014610",0
133.13,-14.92,2002,10,"014610",0
133.13,-14.92,2002,11,"014610",49
133.13,-14.92,2002,12,"014610",100.8
133.13,-14.92,2003,1,"014610",426.8
133.13,-14.92,2003,2,"014610",250.8
133.13,-14.92,2003,3,"014610",256.2
133.13,-14.92,2003,4,"014610",0
133.13,-14.92,2003,5,"014610",0
133.13,-14.92,2003,6,"014610",0
133.13,-14.92,2003,7,"014610",0
133.13,-14.92,2003,8,"014610",0
133.13,-14.92,2003,9,"014610",0
133.13,-14.92,2003,10,"014610",25.6
133.13,-14.92,2003,11,"014610",41.4
133.13,-14.92,2003,12,"014610",308.6
133.13,-14.92,2004,1,"014610",322.8
133.13,-14.92,2004,2,"014610",597
133.13,-14.92,2004,3,"014610",188.6
133.13,-14.92,2004,4,"014610",0
133.13,-14.92,2004,5,"014610",34.4
133.13,-14.92,2004,6,"014610",0
133.13,-14.92,2004,7,"014610",0
133.13,-14.92,2004,8,"014610",0
133.13,-14.92,2004,9,"014610",0
133.13,-14.92,2004,10,"014610",20
133.13,-14.92,2004,11,"014610",57
133.13,-14.92,2004,12,"014610",195.4
133.13,-14.92,2005,1,"014610",221.4
133.13,-14.92,2005,2,"014610",93
133.13,-14.92,2005,3,"014610",183.4
133.13,-14.92,2005,4,"014610",0
133.13,-14.92,2005,5,"014610",0
133.13,-14.92,2005,6,"014610",0
133.13,-14.92,2005,7,"014610",0
133.13,-14.92,2005,8,"014610",0
133.13,-14.92,2005,9,"014610",24.2
133.13,-14.92,2005,10,"014610",100
133.13,-14.92,2005,11,"014610",39.8
133.13,-14.92,2005,12,"014610",220.6
133.13,-14.92,2006,1,"014610",298.4
133.13,-14.92,2006,2,"014610",52
133.13,-14.92,2006,3,"014610",413.4
133.13,-14.92,2006,4,"014610",224
133.13,-14.92,2006,5,"014610",0
133.13,-14.92,2006,6,"014610",0
133.13,-14.92,2006,7,"014610",0
133.13,-14.92,2006,8,"014610",0
133.13,-14.92,2006,9,"014610",0
133.13,-14.92,2006,10,"014610",0
133.13,-14.92,2006,11,"014610",3.4
133.13,-14.92,2006,12,"014610",44.8
133.13,-14.92,2007,1,"014610",274.2
133.13,-14.92,2007,2,"014610",56.4
133.13,-14.92,2007,3,"014610",201.8
133.13,-14.92,2007,4,"014610",1
133.13,-14.92,2007,5,"014610",7
133.13,-14.92,2007,6,"014610",14.6
133.13,-14.92,2007,7,"014610",0
133.13,-14.92,2007,8,"014610",49.6
133.13,-14.92,2007,9,"014610",0
133.13,-14.92,2007,10,"014610",37.4
133.13,-14.92,2007,11,"014610",45.6
133.13,-14.92,2007,12,"014610",282.8
133.13,-14.92,2008,1,"014610",157.8
133.13,-14.92,2008,2,"014610",407.8
133.13,-14.92,2008,3,"014610",71.2
133.13,-14.92,2008,4,"014610",2
133.13,-14.92,2008,5,"014610",0
133.13,-14.92,2008,6,"014610",0
133.13,-14.92,2008,7,"014610",0
133.13,-14.92,2008,8,"014610",0
133.13,-14.92,2008,9,"014610",0
133.13,-14.92,2008,10,"014610",11
133.13,-14.92,2008,11,"014610",78
133.13,-14.92,2008,12,"014610",627
133.13,-14.92,2009,1,"014610",410.1
133.13,-14.92,2009,2,"014610",336.1
133.13,-14.92,2009,3,"014610",25
133.13,-14.92,2009,4,"014610",0
133.13,-14.92,2009,5,"014610",0
133.13,-14.92,2009,6,"014610",0
133.13,-14.92,2009,7,"014610",0
133.13,-14.92,2009,8,"014610",0
133.13,-14.92,2009,9,"014610",0
133.13,-14.92,2009,10,"014610",0
133.13,-14.92,2009,11,"014610",3
133.13,-14.92,2009,12,"014610",312.6
133.13,-14.92,2010,1,"014610",227.4
133.13,-14.92,2010,2,"014610",165.6
133.13,-14.92,2010,3,"014610",43
133.13,-14.92,2010,4,"014610",45.6
133.13,-14.92,2010,5,"014610",17.6
133.13,-14.92,2010,6,"014610",0
133.13,-14.92,2010,7,"014610",0
133.13,-14.92,2010,8,"014610",0
133.13,-14.92,2010,9,"014610",13
133.13,-14.92,2010,10,"014610",276
133.13,-14.92,2010,11,"014610",75
133.13,-14.92,2010,12,"014610",470.2
133.13,-14.92,2011,1,"014610",283.8
133.13,-14.92,2011,2,"014610",243.8
133.13,-14.92,2011,3,"014610",183.7
133.13,-14.92,2011,4,"014610",114.8
133.13,-14.92,2011,5,"014610",0
133.13,-14.92,2011,6,"014610",0
133.13,-14.92,2011,7,"014610",0
133.13,-14.92,2011,8,"014610",0
133.13,-14.92,2011,9,"014610",0
133.13,-14.92,2011,10,"014610",73.8
133.13,-14.92,2011,11,"014610",160.2
133.13,-14.92,2011,12,"014610",232.2
133.13,-14.92,2012,1,"014610",85.7
133.13,-14.92,2012,2,"014610",113.2
133.13,-14.92,2012,3,"014610",23.7
133.13,-14.92,2012,4,"014610",0
133.13,-14.92,2012,5,"014610",0
133.13,-14.92,2012,6,"014610",0
133.13,-14.92,2012,7,"014610",0
133.13,-14.92,2012,8,"014610",0
133.13,-14.92,2012,9,"014610",0
133.13,-14.92,2012,10,"014610",5
133.13,-14.92,2012,11,"014610",58.4
133.13,-14.92,2012,12,"014610",61.9
133.13,-14.92,2013,1,"014610",131.3
133.13,-14.92,2013,2,"014610",89
133.13,-14.92,2013,3,"014610",333
133.13,-14.92,2013,4,"014610",17.2
133.13,-14.92,2013,5,"014610",0
133.13,-14.92,2013,6,"014610",0
133.13,-14.92,2013,7,"014610",0
133.13,-14.92,2013,8,"014610",0
133.13,-14.92,2013,9,"014610",3.2
133.13,-14.92,2013,10,"014610",0
133.13,-14.92,2013,11,"014610",100
133.13,-14.92,2013,12,"014610",74
133.13,-14.92,2014,1,"014610",233.4
133.13,-14.92,2014,2,"014610",266
133.13,-14.92,2014,3,"014610",27.8
133.13,-14.92,2014,4,"014610",20.5
133.13,-14.92,2014,5,"014610",0
133.13,-14.92,2014,6,"014610",0
133.13,-14.92,2014,7,"014610",0
133.13,-14.92,2014,8,"014610",0
133.13,-14.92,2014,9,"014610",NA
133.13,-14.92,2014,10,"014610",NA
133.13,-14.92,2014,11,"014610",33.8
133.13,-14.92,2014,12,"014610",260.6
133.13,-14.92,2015,1,"014610",242
133.13,-14.92,2015,2,"014610",189.8
133.13,-14.92,2015,3,"014610",168.2
133.13,-14.92,2015,4,"014610",NA
133.13,-14.92,2015,5,"014610",4.8
133.13,-14.92,2015,6,"014610",NA
133.13,-14.92,2015,7,"014610",NA
133.13,-14.92,2015,8,"014610",NA
133.13,-14.92,2015,9,"014610",NA
133.13,-14.92,2015,10,"014610",NA
133.13,-14.92,2015,11,"014610",21.7
133.13,-14.92,2015,12,"014610",301.6
133.13,-14.92,2016,1,"014610",53.3
133.13,-14.92,2016,2,"014610",NA
133.13,-14.92,2016,3,"014610",NA
133.13,-14.92,2016,4,"014610",NA
133.13,-14.92,2016,5,"014610",NA
133.13,-14.92,2016,6,"014610",NA
133.13,-14.92,2016,7,"014610",NA
133.13,-14.92,2016,8,"014610",NA
133.13,-14.92,2016,9,"014610",NA
133.13,-14.92,2016,10,"014610",NA
133.13,-14.92,2016,11,"014610",NA
133.13,-14.92,2016,12,"014610",NA
133.13,-14.92,2020,1,"014610",NA
133.13,-14.92,2020,2,"014610",NA
133.13,-14.92,2020,3,"014610",NA
133.13,-14.92,2020,4,"014610",NA
133.13,-14.92,2020,5,"014610",NA
133.13,-14.92,2020,6,"014610",NA
133.13,-14.92,2020,7,"014610",NA
133.13,-14.92,2020,8,"014610",NA
133.13,-14.92,2020,9,"014610",NA
133.13,-14.92,2020,10,"014610",NA
133.13,-14.92,2020,11,"014610",50.2
133.13,-14.92,2020,12,"014610",364.5
