"Lon","Lat","Year","Month","Station","Rain"
149.46,-24.13,1927,1,"035083",178.8
149.46,-24.13,1927,2,"035083",93.2
149.46,-24.13,1927,3,"035083",67.3
149.46,-24.13,1927,4,"035083",76.2
149.46,-24.13,1927,5,"035083",84.6
149.46,-24.13,1927,6,"035083",0
149.46,-24.13,1927,7,"035083",2.5
149.46,-24.13,1927,8,"035083",8.1
149.46,-24.13,1927,9,"035083",17.8
149.46,-24.13,1927,10,"035083",32.8
149.46,-24.13,1927,11,"035083",57.9
149.46,-24.13,1927,12,"035083",239.5
149.46,-24.13,1928,1,"035083",119.1
149.46,-24.13,1928,2,"035083",222
149.46,-24.13,1928,3,"035083",31
149.46,-24.13,1928,4,"035083",436.1
149.46,-24.13,1928,5,"035083",0
149.46,-24.13,1928,6,"035083",65.3
149.46,-24.13,1928,7,"035083",12.2
149.46,-24.13,1928,8,"035083",0
149.46,-24.13,1928,9,"035083",0
149.46,-24.13,1928,10,"035083",44.5
149.46,-24.13,1928,11,"035083",130.6
149.46,-24.13,1928,12,"035083",68.8
149.46,-24.13,1929,1,"035083",42.7
149.46,-24.13,1929,2,"035083",267
149.46,-24.13,1929,3,"035083",40.4
149.46,-24.13,1929,4,"035083",104.1
149.46,-24.13,1929,5,"035083",0
149.46,-24.13,1929,6,"035083",65.8
149.46,-24.13,1929,7,"035083",0
149.46,-24.13,1929,8,"035083",0
149.46,-24.13,1929,9,"035083",0
149.46,-24.13,1929,10,"035083",47.8
149.46,-24.13,1929,11,"035083",35.6
149.46,-24.13,1929,12,"035083",157.7
149.46,-24.13,1930,1,"035083",219.2
149.46,-24.13,1930,2,"035083",84.8
149.46,-24.13,1930,3,"035083",60.2
149.46,-24.13,1930,4,"035083",0
149.46,-24.13,1930,5,"035083",193.5
149.46,-24.13,1930,6,"035083",109.7
149.46,-24.13,1930,7,"035083",15.2
149.46,-24.13,1930,8,"035083",13.2
149.46,-24.13,1930,9,"035083",5.1
149.46,-24.13,1930,10,"035083",5.3
149.46,-24.13,1930,11,"035083",25.9
149.46,-24.13,1930,12,"035083",58.7
149.46,-24.13,1932,1,"035083",0
149.46,-24.13,1932,2,"035083",0
149.46,-24.13,1932,3,"035083",13
149.46,-24.13,1932,4,"035083",109.2
149.46,-24.13,1932,5,"035083",46
149.46,-24.13,1932,6,"035083",12.2
149.46,-24.13,1932,7,"035083",0
149.46,-24.13,1932,8,"035083",0
149.46,-24.13,1932,9,"035083",19.1
149.46,-24.13,1932,10,"035083",76.5
149.46,-24.13,1932,11,"035083",38.4
149.46,-24.13,1932,12,"035083",17.3
149.46,-24.13,1933,1,"035083",194.8
149.46,-24.13,1933,2,"035083",75.9
149.46,-24.13,1933,3,"035083",0
149.46,-24.13,1933,4,"035083",27.4
149.46,-24.13,1933,5,"035083",0
149.46,-24.13,1933,6,"035083",39.1
149.46,-24.13,1933,7,"035083",160.8
149.46,-24.13,1933,8,"035083",28.7
149.46,-24.13,1933,9,"035083",106.7
149.46,-24.13,1933,10,"035083",150.1
149.46,-24.13,1933,11,"035083",139.7
149.46,-24.13,1933,12,"035083",55.3
149.46,-24.13,1934,1,"035083",2.5
149.46,-24.13,1934,2,"035083",152.4
149.46,-24.13,1934,3,"035083",0
149.46,-24.13,1934,4,"035083",31.5
149.46,-24.13,1934,5,"035083",36.1
149.46,-24.13,1934,6,"035083",89.4
149.46,-24.13,1934,7,"035083",12.4
149.46,-24.13,1934,8,"035083",4.1
149.46,-24.13,1934,9,"035083",4.3
149.46,-24.13,1934,10,"035083",45.2
149.46,-24.13,1934,11,"035083",186.2
149.46,-24.13,1934,12,"035083",89.7
149.46,-24.13,1935,1,"035083",127.7
149.46,-24.13,1935,2,"035083",10.9
149.46,-24.13,1935,3,"035083",9.1
149.46,-24.13,1935,4,"035083",0
149.46,-24.13,1935,5,"035083",8.6
149.46,-24.13,1935,6,"035083",7.1
149.46,-24.13,1935,7,"035083",105.6
149.46,-24.13,1935,8,"035083",30.2
149.46,-24.13,1935,9,"035083",77.8
149.46,-24.13,1935,10,"035083",11.7
149.46,-24.13,1935,11,"035083",0
149.46,-24.13,1935,12,"035083",102.2
149.46,-24.13,1936,1,"035083",200
149.46,-24.13,1936,2,"035083",65
149.46,-24.13,1936,3,"035083",110.1
149.46,-24.13,1936,4,"035083",0
149.46,-24.13,1936,5,"035083",12.2
149.46,-24.13,1936,6,"035083",45.2
149.46,-24.13,1936,7,"035083",18.3
149.46,-24.13,1936,8,"035083",0
149.46,-24.13,1936,9,"035083",4.1
149.46,-24.13,1936,10,"035083",3
149.46,-24.13,1936,11,"035083",21.8
149.46,-24.13,1936,12,"035083",86.1
149.46,-24.13,1937,1,"035083",37.7
149.46,-24.13,1937,2,"035083",160.8
149.46,-24.13,1937,3,"035083",85.6
149.46,-24.13,1937,4,"035083",31.7
149.46,-24.13,1937,5,"035083",6.1
149.46,-24.13,1937,6,"035083",16.5
149.46,-24.13,1937,7,"035083",22.6
149.46,-24.13,1937,8,"035083",16
149.46,-24.13,1937,9,"035083",0
149.46,-24.13,1937,10,"035083",13.7
149.46,-24.13,1937,11,"035083",125.9
149.46,-24.13,1937,12,"035083",47.3
149.46,-24.13,1938,1,"035083",80.7
149.46,-24.13,1938,2,"035083",0
149.46,-24.13,1938,3,"035083",118.2
149.46,-24.13,1938,4,"035083",61.2
149.46,-24.13,1938,5,"035083",133.4
149.46,-24.13,1938,6,"035083",72.7
149.46,-24.13,1938,7,"035083",27.7
149.46,-24.13,1938,8,"035083",26.7
149.46,-24.13,1938,9,"035083",0
149.46,-24.13,1938,10,"035083",55.4
149.46,-24.13,1938,11,"035083",74.9
149.46,-24.13,1938,12,"035083",33
149.46,-24.13,1939,1,"035083",305.4
149.46,-24.13,1939,2,"035083",56.4
149.46,-24.13,1939,3,"035083",65.2
149.46,-24.13,1939,4,"035083",57.7
149.46,-24.13,1939,5,"035083",6.1
149.46,-24.13,1939,6,"035083",37.6
149.46,-24.13,1939,7,"035083",40.1
149.46,-24.13,1939,8,"035083",41.4
149.46,-24.13,1939,9,"035083",0
149.46,-24.13,1939,10,"035083",12.9
149.46,-24.13,1939,11,"035083",54.4
149.46,-24.13,1939,12,"035083",53.5
149.46,-24.13,1940,1,"035083",17.7
149.46,-24.13,1940,2,"035083",225.1
149.46,-24.13,1940,3,"035083",270.9
149.46,-24.13,1940,4,"035083",0
149.46,-24.13,1940,5,"035083",0
149.46,-24.13,1940,6,"035083",0
149.46,-24.13,1940,7,"035083",29.7
149.46,-24.13,1940,8,"035083",38.9
149.46,-24.13,1940,9,"035083",24.6
149.46,-24.13,1940,10,"035083",1.8
149.46,-24.13,1940,11,"035083",78.8
149.46,-24.13,1940,12,"035083",99
149.46,-24.13,1941,1,"035083",90.9
149.46,-24.13,1941,2,"035083",29.3
149.46,-24.13,1941,3,"035083",113.7
149.46,-24.13,1941,4,"035083",56.2
149.46,-24.13,1941,5,"035083",43.5
149.46,-24.13,1941,6,"035083",57.3
149.46,-24.13,1941,7,"035083",3.6
149.46,-24.13,1941,8,"035083",0
149.46,-24.13,1941,9,"035083",0
149.46,-24.13,1941,10,"035083",36.6
149.46,-24.13,1941,11,"035083",17.8
149.46,-24.13,1941,12,"035083",0
149.46,-24.13,1942,1,"035083",104.4
149.46,-24.13,1942,2,"035083",242.8
149.46,-24.13,1942,3,"035083",36.1
149.46,-24.13,1942,4,"035083",36.4
149.46,-24.13,1942,5,"035083",57.7
149.46,-24.13,1942,6,"035083",39.1
149.46,-24.13,1942,7,"035083",29.5
149.46,-24.13,1942,8,"035083",4.6
149.46,-24.13,1942,9,"035083",0
149.46,-24.13,1942,10,"035083",28.6
149.46,-24.13,1942,11,"035083",56.2
149.46,-24.13,1942,12,"035083",220.7
149.46,-24.13,1943,1,"035083",48.6
149.46,-24.13,1943,2,"035083",115.8
149.46,-24.13,1943,3,"035083",58.2
149.46,-24.13,1943,4,"035083",27.9
149.46,-24.13,1943,5,"035083",40.1
149.46,-24.13,1943,6,"035083",9.6
149.46,-24.13,1943,7,"035083",0
149.46,-24.13,1943,8,"035083",19.6
149.46,-24.13,1943,9,"035083",112.2
149.46,-24.13,1943,10,"035083",97.4
149.46,-24.13,1943,11,"035083",88.5
149.46,-24.13,1943,12,"035083",161.5
149.46,-24.13,1944,1,"035083",4.1
149.46,-24.13,1944,2,"035083",122.7
149.46,-24.13,1944,3,"035083",12.7
149.46,-24.13,1944,4,"035083",8.9
149.46,-24.13,1944,5,"035083",34.8
149.46,-24.13,1944,6,"035083",51.1
149.46,-24.13,1944,7,"035083",19.8
149.46,-24.13,1944,8,"035083",10.2
149.46,-24.13,1944,9,"035083",7.6
149.46,-24.13,1944,10,"035083",0
149.46,-24.13,1944,11,"035083",22.1
149.46,-24.13,1944,12,"035083",55.4
149.46,-24.13,1945,1,"035083",76
149.46,-24.13,1945,2,"035083",62.1
149.46,-24.13,1945,3,"035083",2
149.46,-24.13,1945,4,"035083",22.3
149.46,-24.13,1945,5,"035083",30.5
149.46,-24.13,1945,6,"035083",43.6
149.46,-24.13,1945,7,"035083",99.6
149.46,-24.13,1945,8,"035083",0
149.46,-24.13,1945,9,"035083",17.3
149.46,-24.13,1945,10,"035083",62.7
149.46,-24.13,1945,11,"035083",51.4
149.46,-24.13,1945,12,"035083",12.9
149.46,-24.13,1946,1,"035083",103.6
149.46,-24.13,1946,2,"035083",31.2
149.46,-24.13,1946,3,"035083",63.6
149.46,-24.13,1946,4,"035083",7.1
149.46,-24.13,1946,5,"035083",5.8
149.46,-24.13,1946,6,"035083",1.3
149.46,-24.13,1946,7,"035083",1.3
149.46,-24.13,1946,8,"035083",0
149.46,-24.13,1946,9,"035083",15.7
149.46,-24.13,1946,10,"035083",5.3
149.46,-24.13,1946,11,"035083",45.4
149.46,-24.13,1946,12,"035083",152.6
149.46,-24.13,1947,1,"035083",121.4
149.46,-24.13,1947,2,"035083",148.1
149.46,-24.13,1947,3,"035083",150.5
149.46,-24.13,1947,4,"035083",7.7
149.46,-24.13,1947,5,"035083",26.7
149.46,-24.13,1947,6,"035083",0
149.46,-24.13,1947,7,"035083",0
149.46,-24.13,1947,8,"035083",32.5
149.46,-24.13,1947,9,"035083",103.5
149.46,-24.13,1947,10,"035083",28.2
149.46,-24.13,1947,11,"035083",84.4
149.46,-24.13,1947,12,"035083",76.3
149.46,-24.13,1948,1,"035083",61.5
149.46,-24.13,1948,2,"035083",39.9
149.46,-24.13,1948,3,"035083",67.1
149.46,-24.13,1948,4,"035083",11.4
149.46,-24.13,1948,5,"035083",26.4
149.46,-24.13,1948,6,"035083",76.7
149.46,-24.13,1948,7,"035083",34.3
149.46,-24.13,1948,8,"035083",0
149.46,-24.13,1948,9,"035083",6.4
149.46,-24.13,1948,10,"035083",0
149.46,-24.13,1948,11,"035083",84
149.46,-24.13,1948,12,"035083",6
149.46,-24.13,1949,1,"035083",36.1
149.46,-24.13,1949,2,"035083",184.6
149.46,-24.13,1949,3,"035083",290.6
149.46,-24.13,1949,4,"035083",28.7
149.46,-24.13,1949,5,"035083",1
149.46,-24.13,1949,6,"035083",41.4
149.46,-24.13,1949,7,"035083",3
149.46,-24.13,1949,8,"035083",3.6
149.46,-24.13,1949,9,"035083",29
149.46,-24.13,1949,10,"035083",158.1
149.46,-24.13,1949,11,"035083",119.9
149.46,-24.13,1949,12,"035083",0.8
149.46,-24.13,1950,1,"035083",112.2
149.46,-24.13,1950,2,"035083",406.1
149.46,-24.13,1950,3,"035083",132
149.46,-24.13,1950,4,"035083",233.6
149.46,-24.13,1950,5,"035083",83.3
149.46,-24.13,1950,6,"035083",42.7
149.46,-24.13,1950,7,"035083",110.4
149.46,-24.13,1950,8,"035083",5.6
149.46,-24.13,1950,9,"035083",4.3
149.46,-24.13,1950,10,"035083",95
149.46,-24.13,1950,11,"035083",155
149.46,-24.13,1950,12,"035083",23.6
149.46,-24.13,1951,1,"035083",288.6
149.46,-24.13,1951,2,"035083",0
149.46,-24.13,1951,3,"035083",13.2
149.46,-24.13,1951,4,"035083",0
149.46,-24.13,1951,5,"035083",0
149.46,-24.13,1951,6,"035083",7.9
149.46,-24.13,1951,7,"035083",1
149.46,-24.13,1951,8,"035083",7.3
149.46,-24.13,1951,9,"035083",7.9
149.46,-24.13,1951,10,"035083",115.6
149.46,-24.13,1951,11,"035083",0
149.46,-24.13,1951,12,"035083",20.9
149.46,-24.13,1952,1,"035083",147.4
149.46,-24.13,1952,2,"035083",122.9
149.46,-24.13,1952,3,"035083",104.2
149.46,-24.13,1952,4,"035083",49
149.46,-24.13,1952,5,"035083",100.1
149.46,-24.13,1952,6,"035083",56.9
149.46,-24.13,1952,7,"035083",7.6
149.46,-24.13,1952,8,"035083",12.5
149.46,-24.13,1952,9,"035083",53.4
149.46,-24.13,1952,10,"035083",131.5
149.46,-24.13,1952,11,"035083",9.7
149.46,-24.13,1952,12,"035083",44.2
149.46,-24.13,1953,1,"035083",150.4
149.46,-24.13,1953,2,"035083",111.2
149.46,-24.13,1953,3,"035083",59.3
149.46,-24.13,1953,4,"035083",46.2
149.46,-24.13,1953,5,"035083",14
149.46,-24.13,1953,6,"035083",0
149.46,-24.13,1953,7,"035083",0
149.46,-24.13,1953,8,"035083",50.6
149.46,-24.13,1953,9,"035083",0
149.46,-24.13,1953,10,"035083",30.5
149.46,-24.13,1953,11,"035083",98.7
149.46,-24.13,1953,12,"035083",49.8
149.46,-24.13,1954,1,"035083",101.8
149.46,-24.13,1954,2,"035083",660.4
149.46,-24.13,1954,3,"035083",72.2
149.46,-24.13,1954,4,"035083",27.9
149.46,-24.13,1954,5,"035083",1.8
149.46,-24.13,1954,6,"035083",21.3
149.46,-24.13,1954,7,"035083",88.1
149.46,-24.13,1954,8,"035083",58.4
149.46,-24.13,1954,9,"035083",30.2
149.46,-24.13,1954,10,"035083",33.1
149.46,-24.13,1954,11,"035083",54.3
149.46,-24.13,1954,12,"035083",119.8
149.46,-24.13,1955,1,"035083",24.7
149.46,-24.13,1955,2,"035083",238.4
149.46,-24.13,1955,3,"035083",175.9
149.46,-24.13,1955,4,"035083",68.9
149.46,-24.13,1955,5,"035083",156.2
149.46,-24.13,1955,6,"035083",2.3
149.46,-24.13,1955,7,"035083",21.5
149.46,-24.13,1955,8,"035083",0
149.46,-24.13,1955,9,"035083",3.3
149.46,-24.13,1955,10,"035083",86.7
149.46,-24.13,1955,11,"035083",42.9
149.46,-24.13,1955,12,"035083",53
149.46,-24.13,1956,1,"035083",116.1
149.46,-24.13,1956,2,"035083",286.4
149.46,-24.13,1956,3,"035083",184.1
149.46,-24.13,1956,4,"035083",87.2
149.46,-24.13,1956,5,"035083",63
149.46,-24.13,1956,6,"035083",90.8
149.46,-24.13,1956,7,"035083",65
149.46,-24.13,1956,8,"035083",0
149.46,-24.13,1956,9,"035083",47.6
149.46,-24.13,1956,10,"035083",12.7
149.46,-24.13,1956,11,"035083",108.1
149.46,-24.13,1956,12,"035083",305.7
149.46,-24.13,1957,1,"035083",59.7
149.46,-24.13,1957,2,"035083",32
149.46,-24.13,1957,3,"035083",23.5
149.46,-24.13,1957,4,"035083",0
149.46,-24.13,1957,5,"035083",0
149.46,-24.13,1957,6,"035083",31.2
149.46,-24.13,1957,7,"035083",29.5
149.46,-24.13,1957,8,"035083",39.9
149.46,-24.13,1957,9,"035083",8.9
149.46,-24.13,1957,10,"035083",66.6
149.46,-24.13,1957,11,"035083",105.6
149.46,-24.13,1957,12,"035083",28.7
149.46,-24.13,1958,1,"035083",121.3
149.46,-24.13,1958,2,"035083",97.1
149.46,-24.13,1958,3,"035083",67.5
149.46,-24.13,1958,4,"035083",89.1
149.46,-24.13,1958,5,"035083",11.9
149.46,-24.13,1958,6,"035083",62.9
149.46,-24.13,1958,7,"035083",1.8
149.46,-24.13,1958,8,"035083",0
149.46,-24.13,1958,9,"035083",7.6
149.46,-24.13,1958,10,"035083",18.6
149.46,-24.13,1958,11,"035083",12.2
149.46,-24.13,1958,12,"035083",113.8
149.46,-24.13,1959,1,"035083",98.4
149.46,-24.13,1959,2,"035083",146.8
149.46,-24.13,1959,3,"035083",19
149.46,-24.13,1959,4,"035083",13.5
149.46,-24.13,1959,5,"035083",45.2
149.46,-24.13,1959,6,"035083",0
149.46,-24.13,1959,7,"035083",36.8
149.46,-24.13,1959,8,"035083",0
149.46,-24.13,1959,9,"035083",3.3
149.46,-24.13,1959,10,"035083",62
149.46,-24.13,1959,11,"035083",50.7
149.46,-24.13,1959,12,"035083",246.8
149.46,-24.13,1960,1,"035083",104.4
149.46,-24.13,1960,2,"035083",155.2
149.46,-24.13,1960,3,"035083",22.9
149.46,-24.13,1960,4,"035083",9.1
149.46,-24.13,1960,5,"035083",107.5
149.46,-24.13,1960,6,"035083",18.1
149.46,-24.13,1960,7,"035083",14.2
149.46,-24.13,1960,8,"035083",3.8
149.46,-24.13,1960,9,"035083",7.6
149.46,-24.13,1960,10,"035083",124.4
149.46,-24.13,1960,11,"035083",49.5
149.46,-24.13,1960,12,"035083",33.3
149.46,-24.13,1961,1,"035083",41.9
149.46,-24.13,1961,2,"035083",232.2
149.46,-24.13,1961,3,"035083",115.5
149.46,-24.13,1961,4,"035083",72.9
149.46,-24.13,1961,5,"035083",40.1
149.46,-24.13,1961,6,"035083",38.4
149.46,-24.13,1961,7,"035083",20.3
149.46,-24.13,1961,8,"035083",10.4
149.46,-24.13,1961,9,"035083",0
149.46,-24.13,1961,10,"035083",47.3
149.46,-24.13,1961,11,"035083",233.3
149.46,-24.13,1961,12,"035083",130.4
149.46,-24.13,1962,1,"035083",145.3
149.46,-24.13,1962,2,"035083",42.2
149.46,-24.13,1962,3,"035083",115.6
149.46,-24.13,1962,4,"035083",121.7
149.46,-24.13,1962,5,"035083",58.1
149.46,-24.13,1962,6,"035083",9.7
149.46,-24.13,1962,7,"035083",20.1
149.46,-24.13,1962,8,"035083",9.4
149.46,-24.13,1962,9,"035083",41.8
149.46,-24.13,1962,10,"035083",6.6
149.46,-24.13,1962,11,"035083",52.6
149.46,-24.13,1962,12,"035083",109.5
149.46,-24.13,1963,1,"035083",117.4
149.46,-24.13,1963,2,"035083",91.9
149.46,-24.13,1963,3,"035083",343.8
149.46,-24.13,1963,4,"035083",23.4
149.46,-24.13,1963,5,"035083",24.4
149.46,-24.13,1963,6,"035083",6.1
149.46,-24.13,1963,7,"035083",0
149.46,-24.13,1963,8,"035083",106.9
149.46,-24.13,1963,9,"035083",0
149.46,-24.13,1963,10,"035083",2
149.46,-24.13,1963,11,"035083",39.3
149.46,-24.13,1963,12,"035083",101.1
149.46,-24.13,1964,1,"035083",8.1
149.46,-24.13,1964,2,"035083",40.4
149.46,-24.13,1964,3,"035083",59.5
149.46,-24.13,1964,4,"035083",2.3
149.46,-24.13,1964,5,"035083",22.9
149.46,-24.13,1964,6,"035083",12
149.46,-24.13,1964,7,"035083",84.8
149.46,-24.13,1964,8,"035083",38.4
149.46,-24.13,1964,9,"035083",31.2
149.46,-24.13,1964,10,"035083",47.2
149.46,-24.13,1964,11,"035083",112.5
149.46,-24.13,1964,12,"035083",56.4
149.46,-24.13,1965,1,"035083",81.6
149.46,-24.13,1965,2,"035083",38.1
149.46,-24.13,1965,3,"035083",27.9
149.46,-24.13,1965,4,"035083",135.2
149.46,-24.13,1965,5,"035083",6.6
149.46,-24.13,1965,6,"035083",6.3
149.46,-24.13,1965,7,"035083",6.9
149.46,-24.13,1965,8,"035083",3.6
149.46,-24.13,1965,9,"035083",11.5
149.46,-24.13,1965,10,"035083",7.1
149.46,-24.13,1965,11,"035083",32.5
149.46,-24.13,1965,12,"035083",131.8
149.46,-24.13,1966,1,"035083",180.2
149.46,-24.13,1966,2,"035083",14.3
149.46,-24.13,1966,3,"035083",55.9
149.46,-24.13,1966,4,"035083",9.4
149.46,-24.13,1966,5,"035083",3.8
149.46,-24.13,1966,6,"035083",40.9
149.46,-24.13,1966,7,"035083",35.3
149.46,-24.13,1966,8,"035083",93.6
149.46,-24.13,1966,9,"035083",18.8
149.46,-24.13,1966,10,"035083",13.5
149.46,-24.13,1966,11,"035083",73.9
149.46,-24.13,1966,12,"035083",77.5
149.46,-24.13,1967,1,"035083",94.8
149.46,-24.13,1967,2,"035083",16.5
149.46,-24.13,1967,3,"035083",12.7
149.46,-24.13,1967,4,"035083",7.3
149.46,-24.13,1967,5,"035083",26.2
149.46,-24.13,1967,6,"035083",111.6
149.46,-24.13,1967,7,"035083",17.8
149.46,-24.13,1967,8,"035083",29.7
149.46,-24.13,1967,9,"035083",0
149.46,-24.13,1967,10,"035083",61.1
149.46,-24.13,1967,11,"035083",60.7
149.46,-24.13,1967,12,"035083",87.1
149.46,-24.13,1968,1,"035083",244.5
149.46,-24.13,1968,2,"035083",145.1
149.46,-24.13,1968,3,"035083",101.1
149.46,-24.13,1968,4,"035083",103.1
149.46,-24.13,1968,5,"035083",57.7
149.46,-24.13,1968,6,"035083",0
149.46,-24.13,1968,7,"035083",36.1
149.46,-24.13,1968,8,"035083",25.7
149.46,-24.13,1968,9,"035083",25.1
149.46,-24.13,1968,10,"035083",31
149.46,-24.13,1968,11,"035083",45.5
149.46,-24.13,1968,12,"035083",116.2
149.46,-24.13,1969,1,"035083",4.6
149.46,-24.13,1969,2,"035083",2.6
149.46,-24.13,1969,3,"035083",13.3
149.46,-24.13,1969,4,"035083",2.5
149.46,-24.13,1969,5,"035083",17.3
149.46,-24.13,1969,6,"035083",2
149.46,-24.13,1969,7,"035083",8.4
149.46,-24.13,1969,8,"035083",1.3
149.46,-24.13,1969,9,"035083",1
149.46,-24.13,1969,10,"035083",83.4
149.46,-24.13,1969,11,"035083",41.5
149.46,-24.13,1969,12,"035083",49.6
149.46,-24.13,1970,1,"035083",103.7
149.46,-24.13,1970,2,"035083",52.8
149.46,-24.13,1970,3,"035083",13.1
149.46,-24.13,1970,4,"035083",0
149.46,-24.13,1970,5,"035083",0
149.46,-24.13,1970,6,"035083",13.5
149.46,-24.13,1970,7,"035083",1.3
149.46,-24.13,1970,8,"035083",14.7
149.46,-24.13,1970,9,"035083",40.7
149.46,-24.13,1970,10,"035083",34.5
149.46,-24.13,1970,11,"035083",75
149.46,-24.13,1970,12,"035083",185.5
149.46,-24.13,1971,1,"035083",143
149.46,-24.13,1971,2,"035083",318
149.46,-24.13,1971,3,"035083",9.9
149.46,-24.13,1971,4,"035083",29.7
149.46,-24.13,1971,5,"035083",9.9
149.46,-24.13,1971,6,"035083",0
149.46,-24.13,1971,7,"035083",8.6
149.46,-24.13,1971,8,"035083",81.2
149.46,-24.13,1971,9,"035083",0
149.46,-24.13,1971,10,"035083",50.1
149.46,-24.13,1971,11,"035083",19.1
149.46,-24.13,1971,12,"035083",78.5
149.46,-24.13,1972,1,"035083",75.8
149.46,-24.13,1972,2,"035083",289.3
149.46,-24.13,1972,3,"035083",6.6
149.46,-24.13,1972,4,"035083",0
149.46,-24.13,1972,5,"035083",88.4
149.46,-24.13,1972,6,"035083",19.6
149.46,-24.13,1972,7,"035083",0.8
149.46,-24.13,1972,8,"035083",2.3
149.46,-24.13,1972,9,"035083",0.5
149.46,-24.13,1972,10,"035083",79.5
149.46,-24.13,1972,11,"035083",57.3
149.46,-24.13,1972,12,"035083",3.8
149.46,-24.13,1973,1,"035083",67.6
149.46,-24.13,1973,2,"035083",125.2
149.46,-24.13,1973,3,"035083",62
149.46,-24.13,1973,4,"035083",34.8
149.46,-24.13,1973,5,"035083",23.1
149.46,-24.13,1973,6,"035083",40.4
149.46,-24.13,1973,7,"035083",132
149.46,-24.13,1973,8,"035083",21.6
149.46,-24.13,1973,9,"035083",21.8
149.46,-24.13,1973,10,"035083",53.4
149.46,-24.13,1973,11,"035083",86.3
149.46,-24.13,1973,12,"035083",317.8
149.46,-24.13,1974,1,"035083",198.1
149.46,-24.13,1974,2,"035083",45.8
149.46,-24.13,1974,3,"035083",14.5
149.46,-24.13,1974,4,"035083",44
149.46,-24.13,1974,5,"035083",43.2
149.46,-24.13,1974,6,"035083",0
149.46,-24.13,1974,7,"035083",8
149.46,-24.13,1974,8,"035083",35.4
149.46,-24.13,1974,9,"035083",61.1
149.46,-24.13,1974,10,"035083",60
149.46,-24.13,1974,11,"035083",127.7
149.46,-24.13,1974,12,"035083",97
149.46,-24.13,1975,1,"035083",204.4
149.46,-24.13,1975,2,"035083",115.8
149.46,-24.13,1975,3,"035083",72.6
149.46,-24.13,1975,4,"035083",30.4
149.46,-24.13,1975,5,"035083",2.2
149.46,-24.13,1975,6,"035083",67.6
149.46,-24.13,1975,7,"035083",8.6
149.46,-24.13,1975,8,"035083",26.2
149.46,-24.13,1975,9,"035083",49.6
149.46,-24.13,1975,10,"035083",109.4
149.46,-24.13,1975,11,"035083",61.2
149.46,-24.13,1975,12,"035083",191.8
149.46,-24.13,1976,1,"035083",135.2
149.46,-24.13,1976,2,"035083",102.8
149.46,-24.13,1976,3,"035083",33.4
149.46,-24.13,1976,4,"035083",15
149.46,-24.13,1976,5,"035083",10.8
149.46,-24.13,1976,6,"035083",38.4
149.46,-24.13,1976,7,"035083",33
149.46,-24.13,1976,8,"035083",4
149.46,-24.13,1976,9,"035083",54.1
149.46,-24.13,1976,10,"035083",97.4
149.46,-24.13,1976,11,"035083",80.8
149.46,-24.13,1976,12,"035083",92.2
149.46,-24.13,1977,1,"035083",23.2
149.46,-24.13,1977,2,"035083",76.1
149.46,-24.13,1977,3,"035083",147.8
149.46,-24.13,1977,4,"035083",4.6
149.46,-24.13,1977,5,"035083",208.2
149.46,-24.13,1977,6,"035083",0
149.46,-24.13,1977,7,"035083",3.4
149.46,-24.13,1977,8,"035083",0
149.46,-24.13,1977,9,"035083",0
149.46,-24.13,1977,10,"035083",7
149.46,-24.13,1977,11,"035083",191.6
149.46,-24.13,1977,12,"035083",32.2
149.46,-24.13,1978,1,"035083",114
149.46,-24.13,1978,2,"035083",173.4
149.46,-24.13,1978,3,"035083",27
149.46,-24.13,1978,4,"035083",48
149.46,-24.13,1978,5,"035083",48.4
149.46,-24.13,1978,6,"035083",55.4
149.46,-24.13,1978,7,"035083",102.6
149.46,-24.13,1978,8,"035083",75.8
149.46,-24.13,1978,9,"035083",96.4
149.46,-24.13,1978,10,"035083",0
149.46,-24.13,1978,11,"035083",61
149.46,-24.13,1978,12,"035083",48.7
149.46,-24.13,1979,1,"035083",35
149.46,-24.13,1979,2,"035083",129.2
149.46,-24.13,1979,3,"035083",56.2
149.46,-24.13,1979,4,"035083",25
149.46,-24.13,1979,5,"035083",25
149.46,-24.13,1979,6,"035083",43
149.46,-24.13,1979,7,"035083",1
149.46,-24.13,1979,8,"035083",4.6
149.46,-24.13,1979,9,"035083",12
149.46,-24.13,1979,10,"035083",12.2
149.46,-24.13,1979,11,"035083",75.8
149.46,-24.13,1979,12,"035083",42
149.46,-24.13,1980,1,"035083",212.4
149.46,-24.13,1980,2,"035083",91.2
149.46,-24.13,1980,3,"035083",38.8
149.46,-24.13,1980,4,"035083",10.7
149.46,-24.13,1980,5,"035083",45.3
149.46,-24.13,1980,6,"035083",26.2
149.46,-24.13,1980,7,"035083",59.6
149.46,-24.13,1980,8,"035083",7
149.46,-24.13,1980,9,"035083",0
149.46,-24.13,1980,10,"035083",93
149.46,-24.13,1980,11,"035083",5
149.46,-24.13,1980,12,"035083",106.5
149.46,-24.13,1981,1,"035083",65
149.46,-24.13,1981,2,"035083",222
149.46,-24.13,1981,3,"035083",37.2
149.46,-24.13,1981,4,"035083",NA
149.46,-24.13,1981,5,"035083",NA
149.46,-24.13,1981,6,"035083",NA
149.46,-24.13,1981,7,"035083",NA
149.46,-24.13,1981,8,"035083",NA
149.46,-24.13,1981,9,"035083",NA
149.46,-24.13,1981,10,"035083",NA
149.46,-24.13,1981,11,"035083",NA
149.46,-24.13,1981,12,"035083",NA
149.46,-24.13,1984,1,"035083",0
149.46,-24.13,1984,2,"035083",80
149.46,-24.13,1984,3,"035083",33.5
149.46,-24.13,1984,4,"035083",0
149.46,-24.13,1984,5,"035083",0
149.46,-24.13,1984,6,"035083",15.5
149.46,-24.13,1984,7,"035083",134.2
149.46,-24.13,1984,8,"035083",4.7
149.46,-24.13,1984,9,"035083",92
149.46,-24.13,1984,10,"035083",64.3
149.46,-24.13,1984,11,"035083",101.9
149.46,-24.13,1984,12,"035083",161.3
149.46,-24.13,1985,1,"035083",80.3
149.46,-24.13,1985,2,"035083",102.2
149.46,-24.13,1985,3,"035083",66.6
149.46,-24.13,1985,4,"035083",34.2
149.46,-24.13,1985,5,"035083",0
149.46,-24.13,1985,6,"035083",107.9
149.46,-24.13,1985,7,"035083",27.4
149.46,-24.13,1985,8,"035083",NA
149.46,-24.13,1985,9,"035083",NA
149.46,-24.13,1985,10,"035083",NA
149.46,-24.13,1985,11,"035083",NA
149.46,-24.13,1985,12,"035083",NA
149.46,-24.13,1986,1,"035083",NA
149.46,-24.13,1986,2,"035083",NA
149.46,-24.13,1986,3,"035083",NA
149.46,-24.13,1986,4,"035083",NA
149.46,-24.13,1986,5,"035083",NA
149.46,-24.13,1986,6,"035083",NA
149.46,-24.13,1986,7,"035083",NA
149.46,-24.13,1986,8,"035083",NA
149.46,-24.13,1986,9,"035083",55.8
149.46,-24.13,1986,10,"035083",172
149.46,-24.13,1986,11,"035083",90.4
149.46,-24.13,1986,12,"035083",76
149.46,-24.13,1987,1,"035083",134.4
149.46,-24.13,1987,2,"035083",5.8
149.46,-24.13,1987,3,"035083",9
149.46,-24.13,1987,4,"035083",65.6
149.46,-24.13,1987,5,"035083",34.4
149.46,-24.13,1987,6,"035083",24.8
149.46,-24.13,1987,7,"035083",52.8
149.46,-24.13,1987,8,"035083",15.2
149.46,-24.13,1987,9,"035083",7.6
149.46,-24.13,1987,10,"035083",125.2
149.46,-24.13,1987,11,"035083",85.8
149.46,-24.13,1987,12,"035083",51.8
149.46,-24.13,1988,1,"035083",70.2
149.46,-24.13,1988,2,"035083",44.4
149.46,-24.13,1988,3,"035083",75.6
149.46,-24.13,1988,4,"035083",47.4
149.46,-24.13,1988,5,"035083",85.2
149.46,-24.13,1988,6,"035083",NA
149.46,-24.13,1988,7,"035083",86.4
149.46,-24.13,1988,8,"035083",90.8
149.46,-24.13,1988,9,"035083",0.8
149.46,-24.13,1988,10,"035083",0
149.46,-24.13,1988,11,"035083",52.4
149.46,-24.13,1988,12,"035083",NA
149.46,-24.13,1989,1,"035083",245.8
149.46,-24.13,1989,2,"035083",176
149.46,-24.13,1989,3,"035083",104.2
149.46,-24.13,1989,4,"035083",NA
149.46,-24.13,1989,5,"035083",NA
149.46,-24.13,1989,6,"035083",NA
149.46,-24.13,1989,7,"035083",NA
149.46,-24.13,1989,8,"035083",NA
149.46,-24.13,1989,9,"035083",NA
149.46,-24.13,1989,10,"035083",NA
149.46,-24.13,1989,11,"035083",NA
149.46,-24.13,1989,12,"035083",NA
149.46,-24.13,1990,1,"035083",NA
149.46,-24.13,1990,2,"035083",NA
149.46,-24.13,1990,3,"035083",NA
149.46,-24.13,1990,4,"035083",NA
149.46,-24.13,1990,5,"035083",NA
149.46,-24.13,1990,6,"035083",NA
149.46,-24.13,1990,7,"035083",NA
149.46,-24.13,1990,8,"035083",NA
149.46,-24.13,1990,9,"035083",NA
149.46,-24.13,1990,10,"035083",NA
149.46,-24.13,1990,11,"035083",NA
149.46,-24.13,1990,12,"035083",226.4
149.46,-24.13,1991,1,"035083",75.6
149.46,-24.13,1991,2,"035083",71.4
149.46,-24.13,1991,3,"035083",40
149.46,-24.13,1991,4,"035083",NA
149.46,-24.13,1991,5,"035083",NA
149.46,-24.13,1991,6,"035083",NA
149.46,-24.13,1991,7,"035083",NA
149.46,-24.13,1991,8,"035083",NA
149.46,-24.13,1991,9,"035083",NA
149.46,-24.13,1991,10,"035083",NA
149.46,-24.13,1991,11,"035083",NA
149.46,-24.13,1991,12,"035083",NA
149.46,-24.13,2006,1,"035083",NA
149.46,-24.13,2006,2,"035083",NA
149.46,-24.13,2006,3,"035083",NA
149.46,-24.13,2006,4,"035083",NA
149.46,-24.13,2006,5,"035083",NA
149.46,-24.13,2006,6,"035083",NA
149.46,-24.13,2006,7,"035083",NA
149.46,-24.13,2006,8,"035083",NA
149.46,-24.13,2006,9,"035083",NA
149.46,-24.13,2006,10,"035083",0
149.46,-24.13,2006,11,"035083",66
149.46,-24.13,2006,12,"035083",58
149.46,-24.13,2007,1,"035083",25
149.46,-24.13,2007,2,"035083",57.5
149.46,-24.13,2007,3,"035083",38
149.46,-24.13,2007,4,"035083",NA
149.46,-24.13,2007,5,"035083",8.5
149.46,-24.13,2007,6,"035083",112.5
149.46,-24.13,2007,7,"035083",0
149.46,-24.13,2007,8,"035083",22
149.46,-24.13,2007,9,"035083",62.5
149.46,-24.13,2007,10,"035083",34.5
149.46,-24.13,2007,11,"035083",89.5
149.46,-24.13,2007,12,"035083",53.5
149.46,-24.13,2008,1,"035083",63.5
149.46,-24.13,2008,2,"035083",129.5
149.46,-24.13,2008,3,"035083",13.5
149.46,-24.13,2008,4,"035083",1.5
149.46,-24.13,2008,5,"035083",15
149.46,-24.13,2008,6,"035083",15
149.46,-24.13,2008,7,"035083",NA
149.46,-24.13,2008,8,"035083",NA
149.46,-24.13,2008,9,"035083",NA
149.46,-24.13,2008,10,"035083",NA
149.46,-24.13,2008,11,"035083",NA
149.46,-24.13,2008,12,"035083",NA
