"Lon","Lat","Year","Month","Station","Rain"
149.92,-37.57,1864,1,"084016",60
149.92,-37.57,1864,2,"084016",26.2
149.92,-37.57,1864,3,"084016",238.1
149.92,-37.57,1864,4,"084016",75.8
149.92,-37.57,1864,5,"084016",26.5
149.92,-37.57,1864,6,"084016",102.6
149.92,-37.57,1864,7,"084016",315.4
149.92,-37.57,1864,8,"084016",74.9
149.92,-37.57,1864,9,"084016",57.2
149.92,-37.57,1864,10,"084016",154.8
149.92,-37.57,1864,11,"084016",44.7
149.92,-37.57,1864,12,"084016",103
149.92,-37.57,1865,1,"084016",41.7
149.92,-37.57,1865,2,"084016",39.9
149.92,-37.57,1865,3,"084016",37
149.92,-37.57,1865,4,"084016",25.1
149.92,-37.57,1865,5,"084016",NA
149.92,-37.57,1865,6,"084016",NA
149.92,-37.57,1865,7,"084016",NA
149.92,-37.57,1865,8,"084016",23
149.92,-37.57,1865,9,"084016",55.3
149.92,-37.57,1865,10,"084016",16
149.92,-37.57,1865,11,"084016",30
149.92,-37.57,1865,12,"084016",51.9
149.92,-37.57,1866,1,"084016",217.7
149.92,-37.57,1866,2,"084016",NA
149.92,-37.57,1866,3,"084016",NA
149.92,-37.57,1866,4,"084016",NA
149.92,-37.57,1866,5,"084016",14.2
149.92,-37.57,1866,6,"084016",139.9
149.92,-37.57,1866,7,"084016",238.5
149.92,-37.57,1866,8,"084016",61.1
149.92,-37.57,1866,9,"084016",82.3
149.92,-37.57,1866,10,"084016",46.2
149.92,-37.57,1866,11,"084016",102.9
149.92,-37.57,1866,12,"084016",141
149.92,-37.57,1867,1,"084016",42.1
149.92,-37.57,1867,2,"084016",51.3
149.92,-37.57,1867,3,"084016",26.1
149.92,-37.57,1867,4,"084016",121.9
149.92,-37.57,1867,5,"084016",433.9
149.92,-37.57,1867,6,"084016",40.1
149.92,-37.57,1867,7,"084016",70.4
149.92,-37.57,1867,8,"084016",82.9
149.92,-37.57,1867,9,"084016",75.8
149.92,-37.57,1867,10,"084016",24.6
149.92,-37.57,1867,11,"084016",0
149.92,-37.57,1867,12,"084016",13.4
149.92,-37.57,1868,1,"084016",72.5
149.92,-37.57,1868,2,"084016",33.8
149.92,-37.57,1868,3,"084016",16.8
149.92,-37.57,1868,4,"084016",37.3
149.92,-37.57,1868,5,"084016",17.8
149.92,-37.57,1868,6,"084016",68.8
149.92,-37.57,1868,7,"084016",88.2
149.92,-37.57,1868,8,"084016",104.8
149.92,-37.57,1868,9,"084016",39.1
149.92,-37.57,1868,10,"084016",55.3
149.92,-37.57,1868,11,"084016",94.7
149.92,-37.57,1868,12,"084016",38.4
149.92,-37.57,1869,1,"084016",62.2
149.92,-37.57,1869,2,"084016",164
149.92,-37.57,1869,3,"084016",68.6
149.92,-37.57,1869,4,"084016",101.7
149.92,-37.57,1869,5,"084016",374.7
149.92,-37.57,1869,6,"084016",121.1
149.92,-37.57,1869,7,"084016",25.9
149.92,-37.57,1869,8,"084016",48.4
149.92,-37.57,1869,9,"084016",95.4
149.92,-37.57,1869,10,"084016",177.6
149.92,-37.57,1869,11,"084016",128.9
149.92,-37.57,1869,12,"084016",40.9
149.92,-37.57,1870,1,"084016",55.4
149.92,-37.57,1870,2,"084016",14.2
149.92,-37.57,1870,3,"084016",179.3
149.92,-37.57,1870,4,"084016",61
149.92,-37.57,1870,5,"084016",74.7
149.92,-37.57,1870,6,"084016",134.1
149.92,-37.57,1870,7,"084016",79.5
149.92,-37.57,1870,8,"084016",59.1
149.92,-37.57,1870,9,"084016",32.7
149.92,-37.57,1870,10,"084016",83.9
149.92,-37.57,1870,11,"084016",132.4
149.92,-37.57,1870,12,"084016",49.3
149.92,-37.57,1871,1,"084016",66
149.92,-37.57,1871,2,"084016",144.2
149.92,-37.57,1871,3,"084016",81.1
149.92,-37.57,1871,4,"084016",47.1
149.92,-37.57,1871,5,"084016",189.3
149.92,-37.57,1871,6,"084016",109.5
149.92,-37.57,1871,7,"084016",52.3
149.92,-37.57,1871,8,"084016",43
149.92,-37.57,1871,9,"084016",95.5
149.92,-37.57,1871,10,"084016",119.8
149.92,-37.57,1871,11,"084016",77.6
149.92,-37.57,1871,12,"084016",21.8
149.92,-37.57,1872,1,"084016",24.8
149.92,-37.57,1872,2,"084016",97
149.92,-37.57,1872,3,"084016",86.8
149.92,-37.57,1872,4,"084016",101.4
149.92,-37.57,1872,5,"084016",24.3
149.92,-37.57,1872,6,"084016",33.3
149.92,-37.57,1872,7,"084016",144.2
149.92,-37.57,1872,8,"084016",116.4
149.92,-37.57,1872,9,"084016",103.5
149.92,-37.57,1872,10,"084016",70.3
149.92,-37.57,1872,11,"084016",70.1
149.92,-37.57,1872,12,"084016",64
149.92,-37.57,1873,1,"084016",97
149.92,-37.57,1873,2,"084016",221.7
149.92,-37.57,1873,3,"084016",73.1
149.92,-37.57,1873,4,"084016",110
149.92,-37.57,1873,5,"084016",50.5
149.92,-37.57,1873,6,"084016",107.3
149.92,-37.57,1873,7,"084016",97.5
149.92,-37.57,1873,8,"084016",49.8
149.92,-37.57,1873,9,"084016",51.8
149.92,-37.57,1873,10,"084016",48
149.92,-37.57,1873,11,"084016",239.8
149.92,-37.57,1873,12,"084016",9.4
149.92,-37.57,1877,1,"084016",24.4
149.92,-37.57,1877,2,"084016",9.7
149.92,-37.57,1877,3,"084016",32.7
149.92,-37.57,1877,4,"084016",96.2
149.92,-37.57,1877,5,"084016",196.1
149.92,-37.57,1877,6,"084016",44.1
149.92,-37.57,1877,7,"084016",77.5
149.92,-37.57,1877,8,"084016",16.2
149.92,-37.57,1877,9,"084016",134.9
149.92,-37.57,1877,10,"084016",97.2
149.92,-37.57,1877,11,"084016",17.3
149.92,-37.57,1877,12,"084016",22.9
149.92,-37.57,1878,1,"084016",11.9
149.92,-37.57,1878,2,"084016",93
149.92,-37.57,1878,3,"084016",81.1
149.92,-37.57,1878,4,"084016",20.1
149.92,-37.57,1878,5,"084016",16.5
149.92,-37.57,1878,6,"084016",51.2
149.92,-37.57,1878,7,"084016",37.5
149.92,-37.57,1878,8,"084016",46.6
149.92,-37.57,1878,9,"084016",41
149.92,-37.57,1878,10,"084016",33.8
149.92,-37.57,1878,11,"084016",48.2
149.92,-37.57,1878,12,"084016",27.5
149.92,-37.57,1879,1,"084016",163.2
149.92,-37.57,1879,2,"084016",83.5
149.92,-37.57,1879,3,"084016",93.2
149.92,-37.57,1879,4,"084016",53.2
149.92,-37.57,1879,5,"084016",190.5
149.92,-37.57,1879,6,"084016",86.2
149.92,-37.57,1879,7,"084016",65.1
149.92,-37.57,1879,8,"084016",119
149.92,-37.57,1879,9,"084016",158.1
149.92,-37.57,1879,10,"084016",142.7
149.92,-37.57,1879,11,"084016",131
149.92,-37.57,1879,12,"084016",34.2
149.92,-37.57,1880,1,"084016",18.7
149.92,-37.57,1880,2,"084016",151.4
149.92,-37.57,1880,3,"084016",194.2
149.92,-37.57,1880,4,"084016",162
149.92,-37.57,1880,5,"084016",292.3
149.92,-37.57,1880,6,"084016",101.9
149.92,-37.57,1880,7,"084016",90.1
149.92,-37.57,1880,8,"084016",72.7
149.92,-37.57,1880,9,"084016",30.7
149.92,-37.57,1880,10,"084016",126.9
149.92,-37.57,1880,11,"084016",33
149.92,-37.57,1880,12,"084016",38.6
149.92,-37.57,1881,1,"084016",16.3
149.92,-37.57,1881,2,"084016",83.1
149.92,-37.57,1881,3,"084016",118.9
149.92,-37.57,1881,4,"084016",83.4
149.92,-37.57,1881,5,"084016",49.9
149.92,-37.57,1881,6,"084016",154.4
149.92,-37.57,1881,7,"084016",56.2
149.92,-37.57,1881,8,"084016",22.9
149.92,-37.57,1881,9,"084016",25.2
149.92,-37.57,1881,10,"084016",149.4
149.92,-37.57,1881,11,"084016",106.3
149.92,-37.57,1881,12,"084016",66.3
149.92,-37.57,1882,1,"084016",39.8
149.92,-37.57,1882,2,"084016",15
149.92,-37.57,1882,3,"084016",38.7
149.92,-37.57,1882,4,"084016",103.1
149.92,-37.57,1882,5,"084016",121.8
149.92,-37.57,1882,6,"084016",167.7
149.92,-37.57,1882,7,"084016",94.8
149.92,-37.57,1882,8,"084016",96.6
149.92,-37.57,1882,9,"084016",19.3
149.92,-37.57,1882,10,"084016",98.4
149.92,-37.57,1882,11,"084016",42.7
149.92,-37.57,1882,12,"084016",38
149.92,-37.57,1883,1,"084016",66.3
149.92,-37.57,1883,2,"084016",143.9
149.92,-37.57,1883,3,"084016",44.7
149.92,-37.57,1883,4,"084016",61.1
149.92,-37.57,1883,5,"084016",158.6
149.92,-37.57,1883,6,"084016",10.7
149.92,-37.57,1883,7,"084016",101.7
149.92,-37.57,1883,8,"084016",19.3
149.92,-37.57,1883,9,"084016",56
149.92,-37.57,1883,10,"084016",96.5
149.92,-37.57,1883,11,"084016",63.1
149.92,-37.57,1883,12,"084016",20.6
149.92,-37.57,1884,1,"084016",36.7
149.92,-37.57,1884,2,"084016",47.4
149.92,-37.57,1884,3,"084016",69.8
149.92,-37.57,1884,4,"084016",95
149.92,-37.57,1884,5,"084016",48.7
149.92,-37.57,1884,6,"084016",36.3
149.92,-37.57,1884,7,"084016",41.1
149.92,-37.57,1884,8,"084016",102.4
149.92,-37.57,1884,9,"084016",48.3
149.92,-37.57,1884,10,"084016",197.2
149.92,-37.57,1884,11,"084016",49.5
149.92,-37.57,1884,12,"084016",58.2
149.92,-37.57,1885,1,"084016",36.8
149.92,-37.57,1885,2,"084016",56.2
149.92,-37.57,1885,3,"084016",51.2
149.92,-37.57,1885,4,"084016",56.3
149.92,-37.57,1885,5,"084016",28.4
149.92,-37.57,1885,6,"084016",101.8
149.92,-37.57,1885,7,"084016",57.8
149.92,-37.57,1885,8,"084016",11.8
149.92,-37.57,1885,9,"084016",36.3
149.92,-37.57,1885,10,"084016",40.1
149.92,-37.57,1885,11,"084016",82.1
149.92,-37.57,1885,12,"084016",63.6
149.92,-37.57,1886,1,"084016",56.1
149.92,-37.57,1886,2,"084016",139.7
149.92,-37.57,1886,3,"084016",62.5
149.92,-37.57,1886,4,"084016",167.7
149.92,-37.57,1886,5,"084016",72.2
149.92,-37.57,1886,6,"084016",32
149.92,-37.57,1886,7,"084016",109.2
149.92,-37.57,1886,8,"084016",106.8
149.92,-37.57,1886,9,"084016",49.3
149.92,-37.57,1886,10,"084016",76.2
149.92,-37.57,1886,11,"084016",44.5
149.92,-37.57,1886,12,"084016",92.2
149.92,-37.57,1887,1,"084016",80.4
149.92,-37.57,1887,2,"084016",52.5
149.92,-37.57,1887,3,"084016",59.2
149.92,-37.57,1887,4,"084016",54.6
149.92,-37.57,1887,5,"084016",87.7
149.92,-37.57,1887,6,"084016",191
149.92,-37.57,1887,7,"084016",123.8
149.92,-37.57,1887,8,"084016",47.9
149.92,-37.57,1887,9,"084016",111.2
149.92,-37.57,1887,10,"084016",132
149.92,-37.57,1887,11,"084016",140.2
149.92,-37.57,1887,12,"084016",77.3
149.92,-37.57,1888,1,"084016",63.3
149.92,-37.57,1888,2,"084016",58.5
149.92,-37.57,1888,3,"084016",183.9
149.92,-37.57,1888,4,"084016",18.5
149.92,-37.57,1888,5,"084016",122.1
149.92,-37.57,1888,6,"084016",43.7
149.92,-37.57,1888,7,"084016",26.2
149.92,-37.57,1888,8,"084016",65.8
149.92,-37.57,1888,9,"084016",43.8
149.92,-37.57,1888,10,"084016",44.8
149.92,-37.57,1888,11,"084016",10.2
149.92,-37.57,1888,12,"084016",120.8
149.92,-37.57,1889,1,"084016",68.2
149.92,-37.57,1889,2,"084016",162.1
149.92,-37.57,1889,3,"084016",16.8
149.92,-37.57,1889,4,"084016",52.1
149.92,-37.57,1889,5,"084016",109.7
149.92,-37.57,1889,6,"084016",312.8
149.92,-37.57,1889,7,"084016",52.6
149.92,-37.57,1889,8,"084016",53.8
149.92,-37.57,1889,9,"084016",83
149.92,-37.57,1889,10,"084016",95.3
149.92,-37.57,1889,11,"084016",62.9
149.92,-37.57,1889,12,"084016",22.7
149.92,-37.57,1890,1,"084016",14.9
149.92,-37.57,1890,2,"084016",122.6
149.92,-37.57,1890,3,"084016",85.8
149.92,-37.57,1890,4,"084016",73.1
149.92,-37.57,1890,5,"084016",95.6
149.92,-37.57,1890,6,"084016",212.5
149.92,-37.57,1890,7,"084016",168.2
149.92,-37.57,1890,8,"084016",48.8
149.92,-37.57,1890,9,"084016",43.2
149.92,-37.57,1890,10,"084016",94
149.92,-37.57,1890,11,"084016",73.8
149.92,-37.57,1890,12,"084016",55.5
149.92,-37.57,1891,1,"084016",80.6
149.92,-37.57,1891,2,"084016",89.9
149.92,-37.57,1891,3,"084016",8.4
149.92,-37.57,1891,4,"084016",139.8
149.92,-37.57,1891,5,"084016",44.4
149.92,-37.57,1891,6,"084016",300.4
149.92,-37.57,1891,7,"084016",123.9
149.92,-37.57,1891,8,"084016",117.3
149.92,-37.57,1891,9,"084016",93.1
149.92,-37.57,1891,10,"084016",98.6
149.92,-37.57,1891,11,"084016",70.5
149.92,-37.57,1891,12,"084016",50.9
149.92,-37.57,1892,1,"084016",29.4
149.92,-37.57,1892,2,"084016",24.9
149.92,-37.57,1892,3,"084016",67.6
149.92,-37.57,1892,4,"084016",149.3
149.92,-37.57,1892,5,"084016",51.6
149.92,-37.57,1892,6,"084016",123.5
149.92,-37.57,1892,7,"084016",67.8
149.92,-37.57,1892,8,"084016",70.6
149.92,-37.57,1892,9,"084016",167.9
149.92,-37.57,1892,10,"084016",148.6
149.92,-37.57,1892,11,"084016",107.7
149.92,-37.57,1892,12,"084016",65.1
149.92,-37.57,1893,1,"084016",197.3
149.92,-37.57,1893,2,"084016",7.8
149.92,-37.57,1893,3,"084016",22.4
149.92,-37.57,1893,4,"084016",184.3
149.92,-37.57,1893,5,"084016",93.4
149.92,-37.57,1893,6,"084016",59.5
149.92,-37.57,1893,7,"084016",128.2
149.92,-37.57,1893,8,"084016",52.2
149.92,-37.57,1893,9,"084016",109.6
149.92,-37.57,1893,10,"084016",36
149.92,-37.57,1893,11,"084016",149.2
149.92,-37.57,1893,12,"084016",266.8
149.92,-37.57,1894,1,"084016",151.6
149.92,-37.57,1894,2,"084016",51.2
149.92,-37.57,1894,3,"084016",81.2
149.92,-37.57,1894,4,"084016",102.9
149.92,-37.57,1894,5,"084016",35.4
149.92,-37.57,1894,6,"084016",120.2
149.92,-37.57,1894,7,"084016",59
149.92,-37.57,1894,8,"084016",127.5
149.92,-37.57,1894,9,"084016",94.7
149.92,-37.57,1894,10,"084016",46
149.92,-37.57,1894,11,"084016",27
149.92,-37.57,1894,12,"084016",31.6
149.92,-37.57,1895,1,"084016",57.1
149.92,-37.57,1895,2,"084016",43.5
149.92,-37.57,1895,3,"084016",40
149.92,-37.57,1895,4,"084016",48.8
149.92,-37.57,1895,5,"084016",44.3
149.92,-37.57,1895,6,"084016",99.6
149.92,-37.57,1895,7,"084016",125
149.92,-37.57,1895,8,"084016",84
149.92,-37.57,1895,9,"084016",91.1
149.92,-37.57,1895,10,"084016",41.8
149.92,-37.57,1895,11,"084016",11.5
149.92,-37.57,1895,12,"084016",40.7
149.92,-37.57,1896,1,"084016",59.4
149.92,-37.57,1896,2,"084016",54.8
149.92,-37.57,1896,3,"084016",50.1
149.92,-37.57,1896,4,"084016",19.5
149.92,-37.57,1896,5,"084016",120.8
149.92,-37.57,1896,6,"084016",313.6
149.92,-37.57,1896,7,"084016",78.6
149.92,-37.57,1896,8,"084016",251.3
149.92,-37.57,1896,9,"084016",94
149.92,-37.57,1896,10,"084016",95.3
149.92,-37.57,1896,11,"084016",44.2
149.92,-37.57,1896,12,"084016",43.7
149.92,-37.57,1897,1,"084016",160.5
149.92,-37.57,1897,2,"084016",156
149.92,-37.57,1897,3,"084016",73
149.92,-37.57,1897,4,"084016",61.9
149.92,-37.57,1897,5,"084016",72.3
149.92,-37.57,1897,6,"084016",68
149.92,-37.57,1897,7,"084016",33.1
149.92,-37.57,1897,8,"084016",61
149.92,-37.57,1897,9,"084016",42.7
149.92,-37.57,1897,10,"084016",23.6
149.92,-37.57,1897,11,"084016",5.1
149.92,-37.57,1897,12,"084016",29.4
149.92,-37.57,1898,1,"084016",9.9
149.92,-37.57,1898,2,"084016",165.1
149.92,-37.57,1898,3,"084016",19.4
149.92,-37.57,1898,4,"084016",11.8
149.92,-37.57,1898,5,"084016",186.8
149.92,-37.57,1898,6,"084016",32.5
149.92,-37.57,1898,7,"084016",57.4
149.92,-37.57,1898,8,"084016",47.7
149.92,-37.57,1898,9,"084016",25.7
149.92,-37.57,1898,10,"084016",72.1
149.92,-37.57,1898,11,"084016",30.6
149.92,-37.57,1898,12,"084016",53.5
149.92,-37.57,1899,1,"084016",139.2
149.92,-37.57,1899,2,"084016",2.8
149.92,-37.57,1899,3,"084016",17.5
149.92,-37.57,1899,4,"084016",182.9
149.92,-37.57,1899,5,"084016",112.4
149.92,-37.57,1899,6,"084016",82.7
149.92,-37.57,1899,7,"084016",131.7
149.92,-37.57,1899,8,"084016",124.2
149.92,-37.57,1899,9,"084016",59.2
149.92,-37.57,1899,10,"084016",117.6
149.92,-37.57,1899,11,"084016",34.3
149.92,-37.57,1899,12,"084016",17.8
149.92,-37.57,1900,1,"084016",51.3
149.92,-37.57,1900,2,"084016",6.6
149.92,-37.57,1900,3,"084016",68.1
149.92,-37.57,1900,4,"084016",200.8
149.92,-37.57,1900,5,"084016",299.2
149.92,-37.57,1900,6,"084016",84.9
149.92,-37.57,1900,7,"084016",76.9
149.92,-37.57,1900,8,"084016",34.1
149.92,-37.57,1900,9,"084016",142.6
149.92,-37.57,1900,10,"084016",20
149.92,-37.57,1900,11,"084016",14.4
149.92,-37.57,1900,12,"084016",41.6
149.92,-37.57,1901,1,"084016",88.6
149.92,-37.57,1901,2,"084016",6.8
149.92,-37.57,1901,3,"084016",21
149.92,-37.57,1901,4,"084016",120.4
149.92,-37.57,1901,5,"084016",26.7
149.92,-37.57,1901,6,"084016",138.6
149.92,-37.57,1901,7,"084016",62.1
149.92,-37.57,1901,8,"084016",113.9
149.92,-37.57,1901,9,"084016",40
149.92,-37.57,1901,10,"084016",32.3
149.92,-37.57,1901,11,"084016",20.8
149.92,-37.57,1901,12,"084016",16.4
149.92,-37.57,1902,1,"084016",45.4
149.92,-37.57,1902,2,"084016",9.9
149.92,-37.57,1902,3,"084016",50.8
149.92,-37.57,1902,4,"084016",29.4
149.92,-37.57,1902,5,"084016",20
149.92,-37.57,1902,6,"084016",107.2
149.92,-37.57,1902,7,"084016",130
149.92,-37.57,1902,8,"084016",102.7
149.92,-37.57,1902,9,"084016",68.8
149.92,-37.57,1902,10,"084016",87.1
149.92,-37.57,1902,11,"084016",27.1
149.92,-37.57,1902,12,"084016",185
149.92,-37.57,1903,1,"084016",78.8
149.92,-37.57,1903,2,"084016",7.1
149.92,-37.57,1903,3,"084016",39
149.92,-37.57,1903,4,"084016",56.8
149.92,-37.57,1903,5,"084016",209.5
149.92,-37.57,1903,6,"084016",72.2
149.92,-37.57,1903,7,"084016",115.5
149.92,-37.57,1903,8,"084016",22
149.92,-37.57,1903,9,"084016",88.9
149.92,-37.57,1903,10,"084016",31.8
149.92,-37.57,1903,11,"084016",88.5
149.92,-37.57,1903,12,"084016",81.1
149.92,-37.57,1904,1,"084016",75.4
149.92,-37.57,1904,2,"084016",99.8
149.92,-37.57,1904,3,"084016",18.3
149.92,-37.57,1904,4,"084016",26.8
149.92,-37.57,1904,5,"084016",85.2
149.92,-37.57,1904,6,"084016",75.3
149.92,-37.57,1904,7,"084016",94.1
149.92,-37.57,1904,8,"084016",117.5
149.92,-37.57,1904,9,"084016",83.5
149.92,-37.57,1904,10,"084016",78.3
149.92,-37.57,1904,11,"084016",25.4
149.92,-37.57,1904,12,"084016",11.3
149.92,-37.57,1905,1,"084016",102.1
149.92,-37.57,1905,2,"084016",49.3
149.92,-37.57,1905,3,"084016",30.4
149.92,-37.57,1905,4,"084016",73.1
149.92,-37.57,1905,5,"084016",226.3
149.92,-37.57,1905,6,"084016",66.8
149.92,-37.57,1905,7,"084016",55.3
149.92,-37.57,1905,8,"084016",34.5
149.92,-37.57,1905,9,"084016",112
149.92,-37.57,1905,10,"084016",186.1
149.92,-37.57,1905,11,"084016",15.7
149.92,-37.57,1905,12,"084016",86.6
149.92,-37.57,1906,1,"084016",19.3
149.92,-37.57,1906,2,"084016",20.8
149.92,-37.57,1906,3,"084016",211.2
149.92,-37.57,1906,4,"084016",21.1
149.92,-37.57,1906,5,"084016",44.7
149.92,-37.57,1906,6,"084016",28.3
149.92,-37.57,1906,7,"084016",80.3
149.92,-37.57,1906,8,"084016",54.2
149.92,-37.57,1906,9,"084016",39.8
149.92,-37.57,1906,10,"084016",90.4
149.92,-37.57,1906,11,"084016",86.5
149.92,-37.57,1906,12,"084016",63.8
149.92,-37.57,1907,1,"084016",50.3
149.92,-37.57,1907,2,"084016",17.2
149.92,-37.57,1907,3,"084016",46.7
149.92,-37.57,1907,4,"084016",57.2
149.92,-37.57,1907,5,"084016",72.1
149.92,-37.57,1907,6,"084016",147.3
149.92,-37.57,1907,7,"084016",22.7
149.92,-37.57,1907,8,"084016",74.9
149.92,-37.57,1907,9,"084016",36.1
149.92,-37.57,1907,10,"084016",32.9
149.92,-37.57,1907,11,"084016",55.6
149.92,-37.57,1907,12,"084016",135
149.92,-37.57,1908,1,"084016",25.5
149.92,-37.57,1908,2,"084016",40.2
149.92,-37.57,1908,3,"084016",28.7
149.92,-37.57,1908,4,"084016",50
149.92,-37.57,1908,5,"084016",36.4
149.92,-37.57,1908,6,"084016",106.2
149.92,-37.57,1908,7,"084016",54
149.92,-37.57,1908,8,"084016",98.9
149.92,-37.57,1908,9,"084016",239.3
149.92,-37.57,1908,10,"084016",98.5
149.92,-37.57,1908,11,"084016",18.7
149.92,-37.57,1908,12,"084016",15.6
149.92,-37.57,1909,1,"084016",80.3
149.92,-37.57,1909,2,"084016",180.9
149.92,-37.57,1909,3,"084016",41.5
149.92,-37.57,1909,4,"084016",23.9
149.92,-37.57,1909,5,"084016",28.2
149.92,-37.57,1909,6,"084016",244.1
149.92,-37.57,1909,7,"084016",90.7
149.92,-37.57,1909,8,"084016",46.7
149.92,-37.57,1909,9,"084016",121.9
149.92,-37.57,1909,10,"084016",49.3
149.92,-37.57,1909,11,"084016",14
149.92,-37.57,1909,12,"084016",60.1
149.92,-37.57,1910,1,"084016",158.4
149.92,-37.57,1910,2,"084016",41.2
149.92,-37.57,1910,3,"084016",68.6
149.92,-37.57,1910,4,"084016",4.9
149.92,-37.57,1910,5,"084016",34.3
149.92,-37.57,1910,6,"084016",198.5
149.92,-37.57,1910,7,"084016",119.4
149.92,-37.57,1910,8,"084016",27.7
149.92,-37.57,1910,9,"084016",66.2
149.92,-37.57,1910,10,"084016",138.1
149.92,-37.57,1910,11,"084016",110.3
149.92,-37.57,1910,12,"084016",65.4
149.92,-37.57,1911,1,"084016",256
149.92,-37.57,1911,2,"084016",125.4
149.92,-37.57,1911,3,"084016",381.2
149.92,-37.57,1911,4,"084016",44.9
149.92,-37.57,1911,5,"084016",117.5
149.92,-37.57,1911,6,"084016",169
149.92,-37.57,1911,7,"084016",63.8
149.92,-37.57,1911,8,"084016",40.7
149.92,-37.57,1911,9,"084016",49.2
149.92,-37.57,1911,10,"084016",82.7
149.92,-37.57,1911,11,"084016",58.1
149.92,-37.57,1911,12,"084016",68.2
149.92,-37.57,1912,1,"084016",27.1
149.92,-37.57,1912,2,"084016",57
149.92,-37.57,1912,3,"084016",109.1
149.92,-37.57,1912,4,"084016",54.2
149.92,-37.57,1912,5,"084016",47.9
149.92,-37.57,1912,6,"084016",163
149.92,-37.57,1912,7,"084016",134.8
149.92,-37.57,1912,8,"084016",127.9
149.92,-37.57,1912,9,"084016",72.9
149.92,-37.57,1912,10,"084016",37.8
149.92,-37.57,1912,11,"084016",91.4
149.92,-37.57,1912,12,"084016",42.4
149.92,-37.57,1913,1,"084016",40.7
149.92,-37.57,1913,2,"084016",20.6
149.92,-37.57,1913,3,"084016",270.1
149.92,-37.57,1913,4,"084016",112
149.92,-37.57,1913,5,"084016",329.5
149.92,-37.57,1913,6,"084016",225.1
149.92,-37.57,1913,7,"084016",69.2
149.92,-37.57,1913,8,"084016",71.8
149.92,-37.57,1913,9,"084016",84.4
149.92,-37.57,1913,10,"084016",72.8
149.92,-37.57,1913,11,"084016",103.6
149.92,-37.57,1913,12,"084016",30.1
149.92,-37.57,1914,1,"084016",23.9
149.92,-37.57,1914,2,"084016",3.7
149.92,-37.57,1914,3,"084016",85.9
149.92,-37.57,1914,4,"084016",165.7
149.92,-37.57,1914,5,"084016",99.4
149.92,-37.57,1914,6,"084016",25.6
149.92,-37.57,1914,7,"084016",135.4
149.92,-37.57,1914,8,"084016",15.8
149.92,-37.57,1914,9,"084016",131
149.92,-37.57,1914,10,"084016",30
149.92,-37.57,1914,11,"084016",61.7
149.92,-37.57,1914,12,"084016",104
149.92,-37.57,1915,1,"084016",107.4
149.92,-37.57,1915,2,"084016",14.6
149.92,-37.57,1915,3,"084016",26.3
149.92,-37.57,1915,4,"084016",87.8
149.92,-37.57,1915,5,"084016",93.6
149.92,-37.57,1915,6,"084016",30.2
149.92,-37.57,1915,7,"084016",25.8
149.92,-37.57,1915,8,"084016",115.8
149.92,-37.57,1915,9,"084016",110.5
149.92,-37.57,1915,10,"084016",96.7
149.92,-37.57,1915,11,"084016",26.6
149.92,-37.57,1915,12,"084016",47.2
149.92,-37.57,1916,1,"084016",62.1
149.92,-37.57,1916,2,"084016",128.7
149.92,-37.57,1916,3,"084016",54.2
149.92,-37.57,1916,4,"084016",91.9
149.92,-37.57,1916,5,"084016",50.2
149.92,-37.57,1916,6,"084016",60.9
149.92,-37.57,1916,7,"084016",106.4
149.92,-37.57,1916,8,"084016",38.4
149.92,-37.57,1916,9,"084016",85.8
149.92,-37.57,1916,10,"084016",51.5
149.92,-37.57,1916,11,"084016",246.8
149.92,-37.57,1916,12,"084016",132.5
149.92,-37.57,1917,1,"084016",51.3
149.92,-37.57,1917,2,"084016",46.4
149.92,-37.57,1917,3,"084016",117
149.92,-37.57,1917,4,"084016",69.6
149.92,-37.57,1917,5,"084016",26.8
149.92,-37.57,1917,6,"084016",68
149.92,-37.57,1917,7,"084016",25.4
149.92,-37.57,1917,8,"084016",69.4
149.92,-37.57,1917,9,"084016",61.4
149.92,-37.57,1917,10,"084016",53.2
149.92,-37.57,1917,11,"084016",116.5
149.92,-37.57,1917,12,"084016",40.1
149.92,-37.57,1918,1,"084016",104.7
149.92,-37.57,1918,2,"084016",58.1
149.92,-37.57,1918,3,"084016",81.9
149.92,-37.57,1918,4,"084016",89.5
149.92,-37.57,1918,5,"084016",52.7
149.92,-37.57,1918,6,"084016",178.7
149.92,-37.57,1918,7,"084016",151.4
149.92,-37.57,1918,8,"084016",97.5
149.92,-37.57,1918,9,"084016",54.3
149.92,-37.57,1918,10,"084016",81.7
149.92,-37.57,1918,11,"084016",49.5
149.92,-37.57,1918,12,"084016",37.7
149.92,-37.57,1919,1,"084016",2.4
149.92,-37.57,1919,2,"084016",118.5
149.92,-37.57,1919,3,"084016",82.7
149.92,-37.57,1919,4,"084016",82.4
149.92,-37.57,1919,5,"084016",199.9
149.92,-37.57,1919,6,"084016",42.6
149.92,-37.57,1919,7,"084016",81.6
149.92,-37.57,1919,8,"084016",135.8
149.92,-37.57,1919,9,"084016",171.2
149.92,-37.57,1919,10,"084016",31.6
149.92,-37.57,1919,11,"084016",33.6
149.92,-37.57,1919,12,"084016",109.4
149.92,-37.57,1920,1,"084016",152.2
149.92,-37.57,1920,2,"084016",11.9
149.92,-37.57,1920,3,"084016",78.6
149.92,-37.57,1920,4,"084016",83.4
149.92,-37.57,1920,5,"084016",113.6
149.92,-37.57,1920,6,"084016",38.7
149.92,-37.57,1920,7,"084016",31.2
149.92,-37.57,1920,8,"084016",146.2
149.92,-37.57,1920,9,"084016",49
149.92,-37.57,1920,10,"084016",85.4
149.92,-37.57,1920,11,"084016",27
149.92,-37.57,1920,12,"084016",79.7
149.92,-37.57,1921,1,"084016",24
149.92,-37.57,1921,2,"084016",60.5
149.92,-37.57,1921,3,"084016",33.4
149.92,-37.57,1921,4,"084016",84.3
149.92,-37.57,1921,5,"084016",102
149.92,-37.57,1921,6,"084016",64
149.92,-37.57,1921,7,"084016",51.3
149.92,-37.57,1921,8,"084016",110.9
149.92,-37.57,1921,9,"084016",46.1
149.92,-37.57,1921,10,"084016",100.3
149.92,-37.57,1921,11,"084016",47.7
149.92,-37.57,1921,12,"084016",89.4
149.92,-37.57,1922,1,"084016",104
149.92,-37.57,1922,2,"084016",67.3
149.92,-37.57,1922,3,"084016",38.6
149.92,-37.57,1922,4,"084016",17.5
149.92,-37.57,1922,5,"084016",90.7
149.92,-37.57,1922,6,"084016",58.3
149.92,-37.57,1922,7,"084016",82
149.92,-37.57,1922,8,"084016",87
149.92,-37.57,1922,9,"084016",175.2
149.92,-37.57,1922,10,"084016",69.9
149.92,-37.57,1922,11,"084016",15.6
149.92,-37.57,1922,12,"084016",50.2
149.92,-37.57,1923,1,"084016",49.5
149.92,-37.57,1923,2,"084016",4.9
149.92,-37.57,1923,3,"084016",5.5
149.92,-37.57,1923,4,"084016",33.6
149.92,-37.57,1923,5,"084016",37.3
149.92,-37.57,1923,6,"084016",52.9
149.92,-37.57,1923,7,"084016",76.6
149.92,-37.57,1923,8,"084016",53.3
149.92,-37.57,1923,9,"084016",110.9
149.92,-37.57,1923,10,"084016",64.1
149.92,-37.57,1923,11,"084016",135.2
149.92,-37.57,1923,12,"084016",42.2
149.92,-37.57,1924,1,"084016",102.8
149.92,-37.57,1924,2,"084016",63.6
149.92,-37.57,1924,3,"084016",64.4
149.92,-37.57,1924,4,"084016",94.3
149.92,-37.57,1924,5,"084016",71.8
149.92,-37.57,1924,6,"084016",76.3
149.92,-37.57,1924,7,"084016",59
149.92,-37.57,1924,8,"084016",35.6
149.92,-37.57,1924,9,"084016",41.1
149.92,-37.57,1924,10,"084016",26.5
149.92,-37.57,1924,11,"084016",101.7
149.92,-37.57,1924,12,"084016",82.7
149.92,-37.57,1925,1,"084016",70.9
149.92,-37.57,1925,2,"084016",55.4
149.92,-37.57,1925,3,"084016",30.2
149.92,-37.57,1925,4,"084016",114.9
149.92,-37.57,1925,5,"084016",154.8
149.92,-37.57,1925,6,"084016",109.4
149.92,-37.57,1925,7,"084016",147.9
149.92,-37.57,1925,8,"084016",52.3
149.92,-37.57,1925,9,"084016",27.6
149.92,-37.57,1925,10,"084016",40.5
149.92,-37.57,1925,11,"084016",45.8
149.92,-37.57,1925,12,"084016",7
149.92,-37.57,1926,1,"084016",160.1
149.92,-37.57,1926,2,"084016",3.3
149.92,-37.57,1926,3,"084016",77.5
149.92,-37.57,1926,4,"084016",90.9
149.92,-37.57,1926,5,"084016",87.7
149.92,-37.57,1926,6,"084016",71.2
149.92,-37.57,1926,7,"084016",51.8
149.92,-37.57,1926,8,"084016",91.5
149.92,-37.57,1926,9,"084016",64.1
149.92,-37.57,1926,10,"084016",69.4
149.92,-37.57,1926,11,"084016",28.3
149.92,-37.57,1926,12,"084016",69.7
149.92,-37.57,1927,1,"084016",47.3
149.92,-37.57,1927,2,"084016",26.6
149.92,-37.57,1927,3,"084016",41.6
149.92,-37.57,1927,4,"084016",148.4
149.92,-37.57,1927,5,"084016",140.2
149.92,-37.57,1927,6,"084016",38.8
149.92,-37.57,1927,7,"084016",142.1
149.92,-37.57,1927,8,"084016",54.8
149.92,-37.57,1927,9,"084016",75.6
149.92,-37.57,1927,10,"084016",78.9
149.92,-37.57,1927,11,"084016",48.3
149.92,-37.57,1927,12,"084016",32.9
149.92,-37.57,1928,1,"084016",72.4
149.92,-37.57,1928,2,"084016",118
149.92,-37.57,1928,3,"084016",123.5
149.92,-37.57,1928,4,"084016",70
149.92,-37.57,1928,5,"084016",48.2
149.92,-37.57,1928,6,"084016",64.5
149.92,-37.57,1928,7,"084016",33.4
149.92,-37.57,1928,8,"084016",20.5
149.92,-37.57,1928,9,"084016",25.6
149.92,-37.57,1928,10,"084016",75.2
149.92,-37.57,1928,11,"084016",31.1
149.92,-37.57,1928,12,"084016",16.3
149.92,-37.57,1929,1,"084016",13.7
149.92,-37.57,1929,2,"084016",171
149.92,-37.57,1929,3,"084016",34.8
149.92,-37.57,1929,4,"084016",113.6
149.92,-37.57,1929,5,"084016",95.2
149.92,-37.57,1929,6,"084016",57.4
149.92,-37.57,1929,7,"084016",86.7
149.92,-37.57,1929,8,"084016",88.4
149.92,-37.57,1929,9,"084016",42.2
149.92,-37.57,1929,10,"084016",40.4
149.92,-37.57,1929,11,"084016",77.6
149.92,-37.57,1929,12,"084016",91.4
149.92,-37.57,1930,1,"084016",16.5
149.92,-37.57,1930,2,"084016",35.3
149.92,-37.57,1930,3,"084016",43.8
149.92,-37.57,1930,4,"084016",46
149.92,-37.57,1930,5,"084016",60.4
149.92,-37.57,1930,6,"084016",132.1
149.92,-37.57,1930,7,"084016",113.2
149.92,-37.57,1930,8,"084016",64
149.92,-37.57,1930,9,"084016",42.2
149.92,-37.57,1930,10,"084016",99.8
149.92,-37.57,1930,11,"084016",50.3
149.92,-37.57,1930,12,"084016",97.5
149.92,-37.57,1931,1,"084016",38.4
149.92,-37.57,1931,2,"084016",28.2
149.92,-37.57,1931,3,"084016",142.9
149.92,-37.57,1931,4,"084016",99.8
149.92,-37.57,1931,5,"084016",59.6
149.92,-37.57,1931,6,"084016",76.4
149.92,-37.57,1931,7,"084016",108.6
149.92,-37.57,1931,8,"084016",46.4
149.92,-37.57,1931,9,"084016",34.4
149.92,-37.57,1931,10,"084016",78
149.92,-37.57,1931,11,"084016",27.4
149.92,-37.57,1931,12,"084016",53.1
149.92,-37.57,1932,1,"084016",2.8
149.92,-37.57,1932,2,"084016",52.3
149.92,-37.57,1932,3,"084016",106.5
149.92,-37.57,1932,4,"084016",98.2
149.92,-37.57,1932,5,"084016",61.1
149.92,-37.57,1932,6,"084016",42.4
149.92,-37.57,1932,7,"084016",115.3
149.92,-37.57,1932,8,"084016",67.3
149.92,-37.57,1932,9,"084016",54.7
149.92,-37.57,1932,10,"084016",133.1
149.92,-37.57,1932,11,"084016",74
149.92,-37.57,1932,12,"084016",89.4
149.92,-37.57,1933,1,"084016",206.9
149.92,-37.57,1933,2,"084016",19.1
149.92,-37.57,1933,3,"084016",30.7
149.92,-37.57,1933,4,"084016",22.9
149.92,-37.57,1933,5,"084016",118.3
149.92,-37.57,1933,6,"084016",73.9
149.92,-37.57,1933,7,"084016",81.6
149.92,-37.57,1933,8,"084016",48
149.92,-37.57,1933,9,"084016",36
149.92,-37.57,1933,10,"084016",55.4
149.92,-37.57,1933,11,"084016",41.9
149.92,-37.57,1933,12,"084016",114.7
149.92,-37.57,1934,1,"084016",173.8
149.92,-37.57,1934,2,"084016",135.2
149.92,-37.57,1934,3,"084016",14
149.92,-37.57,1934,4,"084016",208.3
149.92,-37.57,1934,5,"084016",112.5
149.92,-37.57,1934,6,"084016",246.9
149.92,-37.57,1934,7,"084016",86.9
149.92,-37.57,1934,8,"084016",93.3
149.92,-37.57,1934,9,"084016",16.5
149.92,-37.57,1934,10,"084016",97.6
149.92,-37.57,1934,11,"084016",58.9
149.92,-37.57,1934,12,"084016",38.8
149.92,-37.57,1935,1,"084016",88.3
149.92,-37.57,1935,2,"084016",134.7
149.92,-37.57,1935,3,"084016",37.2
149.92,-37.57,1935,4,"084016",196.5
149.92,-37.57,1935,5,"084016",46.5
149.92,-37.57,1935,6,"084016",81.7
149.92,-37.57,1935,7,"084016",37.6
149.92,-37.57,1935,8,"084016",35.4
149.92,-37.57,1935,9,"084016",130.6
149.92,-37.57,1935,10,"084016",88.4
149.92,-37.57,1935,11,"084016",17.7
149.92,-37.57,1935,12,"084016",140.5
149.92,-37.57,1936,1,"084016",74.8
149.92,-37.57,1936,2,"084016",56.2
149.92,-37.57,1936,3,"084016",36.9
149.92,-37.57,1936,4,"084016",160.6
149.92,-37.57,1936,5,"084016",42.6
149.92,-37.57,1936,6,"084016",127.5
149.92,-37.57,1936,7,"084016",100.7
149.92,-37.57,1936,8,"084016",24.9
149.92,-37.57,1936,9,"084016",16.6
149.92,-37.57,1936,10,"084016",42.4
149.92,-37.57,1936,11,"084016",59.6
149.92,-37.57,1936,12,"084016",164.7
149.92,-37.57,1937,1,"084016",112.8
149.92,-37.57,1937,2,"084016",11.3
149.92,-37.57,1937,3,"084016",102.4
149.92,-37.57,1937,4,"084016",38.3
149.92,-37.57,1937,5,"084016",31.2
149.92,-37.57,1937,6,"084016",192.1
149.92,-37.57,1937,7,"084016",51.4
149.92,-37.57,1937,8,"084016",66.9
149.92,-37.57,1937,9,"084016",117
149.92,-37.57,1937,10,"084016",153.7
149.92,-37.57,1937,11,"084016",20.5
149.92,-37.57,1937,12,"084016",136.8
149.92,-37.57,1938,1,"084016",110.9
149.92,-37.57,1938,2,"084016",72.6
149.92,-37.57,1938,3,"084016",258.6
149.92,-37.57,1938,4,"084016",52.6
149.92,-37.57,1938,5,"084016",29.4
149.92,-37.57,1938,6,"084016",97.9
149.92,-37.57,1938,7,"084016",79.8
149.92,-37.57,1938,8,"084016",59.1
149.92,-37.57,1938,9,"084016",29
149.92,-37.57,1938,10,"084016",30.1
149.92,-37.57,1938,11,"084016",71.9
149.92,-37.57,1938,12,"084016",8.7
149.92,-37.57,1939,1,"084016",22.7
149.92,-37.57,1939,2,"084016",27.5
149.92,-37.57,1939,3,"084016",106.9
149.92,-37.57,1939,4,"084016",172.3
149.92,-37.57,1939,5,"084016",96.6
149.92,-37.57,1939,6,"084016",72
149.92,-37.57,1939,7,"084016",84.9
149.92,-37.57,1939,8,"084016",165.5
149.92,-37.57,1939,9,"084016",30.8
149.92,-37.57,1939,10,"084016",64.5
149.92,-37.57,1939,11,"084016",79.4
149.92,-37.57,1939,12,"084016",29.8
149.92,-37.57,1940,1,"084016",30.6
149.92,-37.57,1940,2,"084016",15.1
149.92,-37.57,1940,3,"084016",1.5
149.92,-37.57,1940,4,"084016",103.7
149.92,-37.57,1940,5,"084016",203.3
149.92,-37.57,1940,6,"084016",52.7
149.92,-37.57,1940,7,"084016",46.2
149.92,-37.57,1940,8,"084016",25.2
149.92,-37.57,1940,9,"084016",92.9
149.92,-37.57,1940,10,"084016",28.9
149.92,-37.57,1940,11,"084016",47.9
149.92,-37.57,1940,12,"084016",66.9
149.92,-37.57,1941,1,"084016",124.7
149.92,-37.57,1941,2,"084016",22.6
149.92,-37.57,1941,3,"084016",77.7
149.92,-37.57,1941,4,"084016",81.5
149.92,-37.57,1941,5,"084016",25.3
149.92,-37.57,1941,6,"084016",80.9
149.92,-37.57,1941,7,"084016",119.6
149.92,-37.57,1941,8,"084016",89.7
149.92,-37.57,1941,9,"084016",45.7
149.92,-37.57,1941,10,"084016",45.3
149.92,-37.57,1941,11,"084016",47.9
149.92,-37.57,1941,12,"084016",32
149.92,-37.57,1942,1,"084016",9.6
149.92,-37.57,1942,2,"084016",38.2
149.92,-37.57,1942,3,"084016",90.5
149.92,-37.57,1942,4,"084016",13.6
149.92,-37.57,1942,5,"084016",97.8
149.92,-37.57,1942,6,"084016",58.4
149.92,-37.57,1942,7,"084016",50.6
149.92,-37.57,1942,8,"084016",14.7
149.92,-37.57,1942,9,"084016",92.6
149.92,-37.57,1942,10,"084016",78.6
149.92,-37.57,1942,11,"084016",178.5
149.92,-37.57,1942,12,"084016",19.8
149.92,-37.57,1943,1,"084016",75.4
149.92,-37.57,1943,2,"084016",11.7
149.92,-37.57,1943,3,"084016",16.5
149.92,-37.57,1943,4,"084016",43.7
149.92,-37.57,1943,5,"084016",46.6
149.92,-37.57,1943,6,"084016",243.4
149.92,-37.57,1943,7,"084016",11.3
149.92,-37.57,1943,8,"084016",90.5
149.92,-37.57,1943,9,"084016",59.4
149.92,-37.57,1943,10,"084016",45.6
149.92,-37.57,1943,11,"084016",60
149.92,-37.57,1943,12,"084016",56.8
149.92,-37.57,1944,1,"084016",19.5
149.92,-37.57,1944,2,"084016",25.9
149.92,-37.57,1944,3,"084016",57.9
149.92,-37.57,1944,4,"084016",124.9
149.92,-37.57,1944,5,"084016",209.4
149.92,-37.57,1944,6,"084016",29.4
149.92,-37.57,1944,7,"084016",60.5
149.92,-37.57,1944,8,"084016",75.6
149.92,-37.57,1944,9,"084016",30
149.92,-37.57,1944,10,"084016",54.7
149.92,-37.57,1944,11,"084016",19.7
149.92,-37.57,1944,12,"084016",24.1
149.92,-37.57,1945,1,"084016",55.9
149.92,-37.57,1945,2,"084016",35.3
149.92,-37.57,1945,3,"084016",49.3
149.92,-37.57,1945,4,"084016",97.6
149.92,-37.57,1945,5,"084016",70.6
149.92,-37.57,1945,6,"084016",47.6
149.92,-37.57,1945,7,"084016",80.1
149.92,-37.57,1945,8,"084016",71.6
149.92,-37.57,1945,9,"084016",43.8
149.92,-37.57,1945,10,"084016",47.3
149.92,-37.57,1945,11,"084016",62.1
149.92,-37.57,1945,12,"084016",10.1
149.92,-37.57,1946,1,"084016",49
149.92,-37.57,1946,2,"084016",115.3
149.92,-37.57,1946,3,"084016",63.7
149.92,-37.57,1946,4,"084016",91.7
149.92,-37.57,1946,5,"084016",89.4
149.92,-37.57,1946,6,"084016",240.8
149.92,-37.57,1946,7,"084016",54.1
149.92,-37.57,1946,8,"084016",148.9
149.92,-37.57,1946,9,"084016",80.9
149.92,-37.57,1946,10,"084016",69.4
149.92,-37.57,1946,11,"084016",100.8
149.92,-37.57,1946,12,"084016",44.3
149.92,-37.57,1947,1,"084016",12.2
149.92,-37.57,1947,2,"084016",35.2
149.92,-37.57,1947,3,"084016",63.4
149.92,-37.57,1947,4,"084016",236.7
149.92,-37.57,1947,5,"084016",16.3
149.92,-37.57,1947,6,"084016",105.9
149.92,-37.57,1947,7,"084016",60.2
149.92,-37.57,1947,8,"084016",79.9
149.92,-37.57,1947,9,"084016",50.5
149.92,-37.57,1947,10,"084016",38.5
149.92,-37.57,1947,11,"084016",75.1
149.92,-37.57,1947,12,"084016",90
149.92,-37.57,1948,1,"084016",212.2
149.92,-37.57,1948,2,"084016",36.6
149.92,-37.57,1948,3,"084016",4.6
149.92,-37.57,1948,4,"084016",157.9
149.92,-37.57,1948,5,"084016",141.2
149.92,-37.57,1948,6,"084016",54.3
149.92,-37.57,1948,7,"084016",23.8
149.92,-37.57,1948,8,"084016",11.2
149.92,-37.57,1948,9,"084016",19
149.92,-37.57,1948,10,"084016",96.1
149.92,-37.57,1948,11,"084016",32.8
149.92,-37.57,1948,12,"084016",67.6
149.92,-37.57,1949,1,"084016",171.3
149.92,-37.57,1949,2,"084016",115.3
149.92,-37.57,1949,3,"084016",85.3
149.92,-37.57,1949,4,"084016",77
149.92,-37.57,1949,5,"084016",138.5
149.92,-37.57,1949,6,"084016",224.3
149.92,-37.57,1949,7,"084016",51.7
149.92,-37.57,1949,8,"084016",27.8
149.92,-37.57,1949,9,"084016",63.3
149.92,-37.57,1949,10,"084016",80.8
149.92,-37.57,1949,11,"084016",171.9
149.92,-37.57,1949,12,"084016",35.5
149.92,-37.57,1950,1,"084016",42.3
149.92,-37.57,1950,2,"084016",307.4
149.92,-37.57,1950,3,"084016",225.7
149.92,-37.57,1950,4,"084016",121.6
149.92,-37.57,1950,5,"084016",210.6
149.92,-37.57,1950,6,"084016",137.9
149.92,-37.57,1950,7,"084016",93.6
149.92,-37.57,1950,8,"084016",70.2
149.92,-37.57,1950,9,"084016",54.7
149.92,-37.57,1950,10,"084016",149.6
149.92,-37.57,1950,11,"084016",73
149.92,-37.57,1950,12,"084016",50.4
149.92,-37.57,1951,1,"084016",42
149.92,-37.57,1951,2,"084016",84.4
149.92,-37.57,1951,3,"084016",13.3
149.92,-37.57,1951,4,"084016",37.7
149.92,-37.57,1951,5,"084016",42.9
149.92,-37.57,1951,6,"084016",290.2
149.92,-37.57,1951,7,"084016",104.3
149.92,-37.57,1951,8,"084016",192.7
149.92,-37.57,1951,9,"084016",122.1
149.92,-37.57,1951,10,"084016",76.4
149.92,-37.57,1951,11,"084016",54.8
149.92,-37.57,1951,12,"084016",28.8
149.92,-37.57,1952,1,"084016",8.7
149.92,-37.57,1952,2,"084016",24.6
149.92,-37.57,1952,3,"084016",95.4
149.92,-37.57,1952,4,"084016",106
149.92,-37.57,1952,5,"084016",261.6
149.92,-37.57,1952,6,"084016",270.2
149.92,-37.57,1952,7,"084016",95.8
149.92,-37.57,1952,8,"084016",66.5
149.92,-37.57,1952,9,"084016",25.5
149.92,-37.57,1952,10,"084016",134.3
149.92,-37.57,1952,11,"084016",101.1
149.92,-37.57,1952,12,"084016",110.2
149.92,-37.57,1953,1,"084016",46.7
149.92,-37.57,1953,2,"084016",40.8
149.92,-37.57,1953,3,"084016",48.3
149.92,-37.57,1953,4,"084016",16.3
149.92,-37.57,1953,5,"084016",194.8
149.92,-37.57,1953,6,"084016",57.1
149.92,-37.57,1953,7,"084016",41
149.92,-37.57,1953,8,"084016",149.2
149.92,-37.57,1953,9,"084016",18.9
149.92,-37.57,1953,10,"084016",68.9
149.92,-37.57,1953,11,"084016",56.7
149.92,-37.57,1953,12,"084016",34.1
149.92,-37.57,1954,1,"084016",137.3
149.92,-37.57,1954,2,"084016",120.5
149.92,-37.57,1954,3,"084016",11.4
149.92,-37.57,1954,4,"084016",11.8
149.92,-37.57,1954,5,"084016",36.6
149.92,-37.57,1954,6,"084016",154
149.92,-37.57,1954,7,"084016",76.2
149.92,-37.57,1954,8,"084016",45
149.92,-37.57,1954,9,"084016",23.5
149.92,-37.57,1954,10,"084016",46.5
149.92,-37.57,1954,11,"084016",131.5
149.92,-37.57,1954,12,"084016",17.5
149.92,-37.57,1955,1,"084016",18.7
149.92,-37.57,1955,2,"084016",17.7
149.92,-37.57,1955,3,"084016",34.9
149.92,-37.57,1955,4,"084016",9.9
149.92,-37.57,1955,5,"084016",64.2
149.92,-37.57,1955,6,"084016",59
149.92,-37.57,1955,7,"084016",42
149.92,-37.57,1955,8,"084016",52.5
149.92,-37.57,1955,9,"084016",42.6
149.92,-37.57,1955,10,"084016",72.8
149.92,-37.57,1955,11,"084016",57
149.92,-37.57,1955,12,"084016",114.6
149.92,-37.57,1956,1,"084016",175.5
149.92,-37.57,1956,2,"084016",143
149.92,-37.57,1956,3,"084016",121.8
149.92,-37.57,1956,4,"084016",40.6
149.92,-37.57,1956,5,"084016",305.3
149.92,-37.57,1956,6,"084016",151.9
149.92,-37.57,1956,7,"084016",47.5
149.92,-37.57,1956,8,"084016",67.1
149.92,-37.57,1956,9,"084016",47.5
149.92,-37.57,1956,10,"084016",111.2
149.92,-37.57,1956,11,"084016",62.8
149.92,-37.57,1956,12,"084016",30.9
149.92,-37.57,1957,1,"084016",4.3
149.92,-37.57,1957,2,"084016",64.1
149.92,-37.57,1957,3,"084016",36.6
149.92,-37.57,1957,4,"084016",30.1
149.92,-37.57,1957,5,"084016",66.2
149.92,-37.57,1957,6,"084016",52.1
149.92,-37.57,1957,7,"084016",144.8
149.92,-37.57,1957,8,"084016",104
149.92,-37.57,1957,9,"084016",47.2
149.92,-37.57,1957,10,"084016",54.7
149.92,-37.57,1957,11,"084016",60.9
149.92,-37.57,1957,12,"084016",56.3
149.92,-37.57,1958,1,"084016",82
149.92,-37.57,1958,2,"084016",108.1
149.92,-37.57,1958,3,"084016",27.1
149.92,-37.57,1958,4,"084016",24.8
149.92,-37.57,1958,5,"084016",22.8
149.92,-37.57,1958,6,"084016",56.3
149.92,-37.57,1958,7,"084016",39.6
149.92,-37.57,1958,8,"084016",81.5
149.92,-37.57,1958,9,"084016",127.9
149.92,-37.57,1958,10,"084016",116.4
149.92,-37.57,1958,11,"084016",36.9
149.92,-37.57,1958,12,"084016",55
149.92,-37.57,1959,1,"084016",18.3
149.92,-37.57,1959,2,"084016",42.4
149.92,-37.57,1959,3,"084016",150.2
149.92,-37.57,1959,4,"084016",50
149.92,-37.57,1959,5,"084016",71.1
149.92,-37.57,1959,6,"084016",169.7
149.92,-37.57,1959,7,"084016",168.2
149.92,-37.57,1959,8,"084016",23.7
149.92,-37.57,1959,9,"084016",81
149.92,-37.57,1959,10,"084016",122.6
149.92,-37.57,1959,11,"084016",50
149.92,-37.57,1959,12,"084016",152.6
149.92,-37.57,1960,1,"084016",29.3
149.92,-37.57,1960,2,"084016",20.9
149.92,-37.57,1960,3,"084016",137.6
149.92,-37.57,1960,4,"084016",23.4
149.92,-37.57,1960,5,"084016",119.4
149.92,-37.57,1960,6,"084016",106.1
149.92,-37.57,1960,7,"084016",103
149.92,-37.57,1960,8,"084016",47
149.92,-37.57,1960,9,"084016",159.7
149.92,-37.57,1960,10,"084016",74.9
149.92,-37.57,1960,11,"084016",83.9
149.92,-37.57,1960,12,"084016",85.7
149.92,-37.57,1961,1,"084016",36.9
149.92,-37.57,1961,2,"084016",38.4
149.92,-37.57,1961,3,"084016",259
149.92,-37.57,1961,4,"084016",60.9
149.92,-37.57,1961,5,"084016",120.4
149.92,-37.57,1961,6,"084016",62.7
149.92,-37.57,1961,7,"084016",305.3
149.92,-37.57,1961,8,"084016",75.7
149.92,-37.57,1961,9,"084016",171.1
149.92,-37.57,1961,10,"084016",74.6
149.92,-37.57,1961,11,"084016",46.1
149.92,-37.57,1961,12,"084016",125.6
149.92,-37.57,1962,1,"084016",109.3
149.92,-37.57,1962,2,"084016",59.2
149.92,-37.57,1962,3,"084016",8.9
149.92,-37.57,1962,4,"084016",60.8
149.92,-37.57,1962,5,"084016",61.8
149.92,-37.57,1962,6,"084016",28.6
149.92,-37.57,1962,7,"084016",32.1
149.92,-37.57,1962,8,"084016",175.5
149.92,-37.57,1962,9,"084016",53.9
149.92,-37.57,1962,10,"084016",68.8
149.92,-37.57,1962,11,"084016",39.1
149.92,-37.57,1962,12,"084016",208.3
149.92,-37.57,1963,1,"084016",93.8
149.92,-37.57,1963,2,"084016",78.9
149.92,-37.57,1963,3,"084016",29.3
149.92,-37.57,1963,4,"084016",82.6
149.92,-37.57,1963,5,"084016",164.8
149.92,-37.57,1963,6,"084016",179.5
149.92,-37.57,1963,7,"084016",218.4
149.92,-37.57,1963,8,"084016",83.5
149.92,-37.57,1963,9,"084016",105.2
149.92,-37.57,1963,10,"084016",58.4
149.92,-37.57,1963,11,"084016",115.4
149.92,-37.57,1963,12,"084016",68.8
149.92,-37.57,1964,1,"084016",5.6
149.92,-37.57,1964,2,"084016",118.3
149.92,-37.57,1964,3,"084016",25.7
149.92,-37.57,1964,4,"084016",117
149.92,-37.57,1964,5,"084016",50.5
149.92,-37.57,1964,6,"084016",67.3
149.92,-37.57,1964,7,"084016",56.2
149.92,-37.57,1964,8,"084016",90.7
149.92,-37.57,1964,9,"084016",36
149.92,-37.57,1964,10,"084016",83.5
149.92,-37.57,1964,11,"084016",44.9
149.92,-37.57,1964,12,"084016",49.5
149.92,-37.57,1965,1,"084016",23.1
149.92,-37.57,1965,2,"084016",12.3
149.92,-37.57,1965,3,"084016",20.4
149.92,-37.57,1965,4,"084016",70.1
149.92,-37.57,1965,5,"084016",15.4
149.92,-37.57,1965,6,"084016",31.8
149.92,-37.57,1965,7,"084016",76.5
149.92,-37.57,1965,8,"084016",142.1
149.92,-37.57,1965,9,"084016",27
149.92,-37.57,1965,10,"084016",56.7
149.92,-37.57,1965,11,"084016",199.8
149.92,-37.57,1965,12,"084016",31.9
149.92,-37.57,1966,1,"084016",47.1
149.92,-37.57,1966,2,"084016",108.3
149.92,-37.57,1966,3,"084016",59.3
149.92,-37.57,1966,4,"084016",37.7
149.92,-37.57,1966,5,"084016",52.9
149.92,-37.57,1966,6,"084016",104.9
149.92,-37.57,1966,7,"084016",111.8
149.92,-37.57,1966,8,"084016",24.9
149.92,-37.57,1966,9,"084016",92.3
149.92,-37.57,1966,10,"084016",115.9
149.92,-37.57,1966,11,"084016",98.3
149.92,-37.57,1966,12,"084016",264.8
149.92,-37.57,1967,1,"084016",20.3
149.92,-37.57,1967,2,"084016",18.8
149.92,-37.57,1967,3,"084016",35.3
149.92,-37.57,1967,4,"084016",45.3
149.92,-37.57,1967,5,"084016",139
149.92,-37.57,1967,6,"084016",111.7
149.92,-37.57,1967,7,"084016",53.7
149.92,-37.57,1967,8,"084016",119.3
149.92,-37.57,1967,9,"084016",72
149.92,-37.57,1967,10,"084016",28.2
149.92,-37.57,1967,11,"084016",14.8
149.92,-37.57,1967,12,"084016",35.5
149.92,-37.57,1968,1,"084016",47.5
149.92,-37.57,1968,2,"084016",2.5
149.92,-37.57,1968,3,"084016",233.6
149.92,-37.57,1968,4,"084016",45.4
149.92,-37.57,1968,5,"084016",191.9
149.92,-37.57,1968,6,"084016",87.7
149.92,-37.57,1968,7,"084016",80.6
149.92,-37.57,1968,8,"084016",62.7
149.92,-37.57,1968,9,"084016",19.4
149.92,-37.57,1968,10,"084016",17.3
149.92,-37.57,1968,11,"084016",38.2
149.92,-37.57,1968,12,"084016",118.2
149.92,-37.57,1969,1,"084016",49.6
149.92,-37.57,1969,2,"084016",22.3
149.92,-37.57,1969,3,"084016",85
149.92,-37.57,1969,4,"084016",63.9
149.92,-37.57,1969,5,"084016",139.6
149.92,-37.57,1969,6,"084016",92.1
149.92,-37.57,1969,7,"084016",28.3
149.92,-37.57,1969,8,"084016",70.7
149.92,-37.57,1969,9,"084016",69.5
149.92,-37.57,1969,10,"084016",49.9
149.92,-37.57,1969,11,"084016",215.4
149.92,-37.57,1969,12,"084016",56.3
149.92,-37.57,1970,1,"084016",157.3
149.92,-37.57,1970,2,"084016",93.2
149.92,-37.57,1970,3,"084016",141.7
149.92,-37.57,1970,4,"084016",47.1
149.92,-37.57,1970,5,"084016",110.9
149.92,-37.57,1970,6,"084016",93
149.92,-37.57,1970,7,"084016",23.9
149.92,-37.57,1970,8,"084016",117.8
149.92,-37.57,1970,9,"084016",100.2
149.92,-37.57,1970,10,"084016",38.1
149.92,-37.57,1970,11,"084016",95.3
149.92,-37.57,1970,12,"084016",213.7
149.92,-37.57,1971,1,"084016",139.6
149.92,-37.57,1971,2,"084016",169.9
149.92,-37.57,1971,3,"084016",12.7
149.92,-37.57,1971,4,"084016",14.2
149.92,-37.57,1971,5,"084016",50.2
149.92,-37.57,1971,6,"084016",64.3
149.92,-37.57,1971,7,"084016",83
149.92,-37.57,1971,8,"084016",54.9
149.92,-37.57,1971,9,"084016",33.1
149.92,-37.57,1971,10,"084016",41.2
149.92,-37.57,1971,11,"084016",58.3
149.92,-37.57,1971,12,"084016",45.5
149.92,-37.57,1972,1,"084016",69.6
149.92,-37.57,1972,2,"084016",89.6
149.92,-37.57,1972,3,"084016",52
149.92,-37.57,1972,4,"084016",81
149.92,-37.57,1972,5,"084016",47.7
149.92,-37.57,1972,6,"084016",27.7
149.92,-37.57,1972,7,"084016",36.7
149.92,-37.57,1972,8,"084016",103.2
149.92,-37.57,1972,9,"084016",12
149.92,-37.57,1972,10,"084016",61
149.92,-37.57,1972,11,"084016",71.9
149.92,-37.57,1972,12,"084016",6.1
149.92,-37.57,1973,1,"084016",29
149.92,-37.57,1973,2,"084016",50
149.92,-37.57,1973,3,"084016",76.4
149.92,-37.57,1973,4,"084016",17.6
149.92,-37.57,1973,5,"084016",14.9
149.92,-37.57,1973,6,"084016",60
149.92,-37.57,1973,7,"084016",59.7
149.92,-37.57,1973,8,"084016",107.5
149.92,-37.57,1973,9,"084016",33.2
149.92,-37.57,1973,10,"084016",71.3
149.92,-37.57,1973,11,"084016",168
149.92,-37.57,1973,12,"084016",35.1
149.92,-37.57,1974,1,"084016",72.2
149.92,-37.57,1974,2,"084016",66.8
149.92,-37.57,1974,3,"084016",55.8
149.92,-37.57,1974,4,"084016",223.6
149.92,-37.57,1974,5,"084016",124.6
149.92,-37.57,1974,6,"084016",183.1
149.92,-37.57,1974,7,"084016",129.4
149.92,-37.57,1974,8,"084016",69.8
149.92,-37.57,1974,9,"084016",82.1
149.92,-37.57,1974,10,"084016",99.9
149.92,-37.57,1974,11,"084016",97.4
149.92,-37.57,1974,12,"084016",27.8
149.92,-37.57,1975,1,"084016",75.4
149.92,-37.57,1975,2,"084016",71.5
149.92,-37.57,1975,3,"084016",54.9
149.92,-37.57,1975,4,"084016",78.8
149.92,-37.57,1975,5,"084016",15.8
149.92,-37.57,1975,6,"084016",203.1
149.92,-37.57,1975,7,"084016",11
149.92,-37.57,1975,8,"084016",88.9
149.92,-37.57,1975,9,"084016",140
149.92,-37.57,1975,10,"084016",158.3
149.92,-37.57,1975,11,"084016",66.4
149.92,-37.57,1975,12,"084016",88.4
149.92,-37.57,1976,1,"084016",71.2
149.92,-37.57,1976,2,"084016",90.5
149.92,-37.57,1976,3,"084016",140.2
149.92,-37.57,1976,4,"084016",88.3
149.92,-37.57,1976,5,"084016",13.7
149.92,-37.57,1976,6,"084016",79.9
149.92,-37.57,1976,7,"084016",31.3
149.92,-37.57,1976,8,"084016",105.7
149.92,-37.57,1976,9,"084016",181.3
149.92,-37.57,1976,10,"084016",211.7
149.92,-37.57,1976,11,"084016",121.1
149.92,-37.57,1976,12,"084016",38.4
149.92,-37.57,1977,1,"084016",36.9
149.92,-37.57,1977,2,"084016",102.3
149.92,-37.57,1977,3,"084016",100.4
149.92,-37.57,1977,4,"084016",46
149.92,-37.57,1977,5,"084016",37.8
149.92,-37.57,1977,6,"084016",87.6
149.92,-37.57,1977,7,"084016",69
149.92,-37.57,1977,8,"084016",16.4
149.92,-37.57,1977,9,"084016",143.2
149.92,-37.57,1977,10,"084016",26.2
149.92,-37.57,1977,11,"084016",19.4
149.92,-37.57,1977,12,"084016",37.6
149.92,-37.57,1978,1,"084016",120.6
149.92,-37.57,1978,2,"084016",19
149.92,-37.57,1978,3,"084016",80.6
149.92,-37.57,1978,4,"084016",110.6
149.92,-37.57,1978,5,"084016",382.6
149.92,-37.57,1978,6,"084016",297.6
149.92,-37.57,1978,7,"084016",112.8
149.92,-37.57,1978,8,"084016",57.8
149.92,-37.57,1978,9,"084016",62.8
149.92,-37.57,1978,10,"084016",54.6
149.92,-37.57,1978,11,"084016",66
149.92,-37.57,1978,12,"084016",138.2
149.92,-37.57,1979,1,"084016",10
149.92,-37.57,1979,2,"084016",26.6
149.92,-37.57,1979,3,"084016",163
149.92,-37.57,1979,4,"084016",62.2
149.92,-37.57,1979,5,"084016",90.2
149.92,-37.57,1979,6,"084016",16.6
149.92,-37.57,1979,7,"084016",20.6
149.92,-37.57,1979,8,"084016",64
149.92,-37.57,1979,9,"084016",58.4
149.92,-37.57,1979,10,"084016",71.2
149.92,-37.57,1979,11,"084016",35
149.92,-37.57,1979,12,"084016",12.2
149.92,-37.57,1980,1,"084016",89
149.92,-37.57,1980,2,"084016",16.6
149.92,-37.57,1980,3,"084016",46.4
149.92,-37.57,1980,4,"084016",8.6
149.92,-37.57,1980,5,"084016",134.2
149.92,-37.57,1980,6,"084016",49
149.92,-37.57,1980,7,"084016",64
149.92,-37.57,1980,8,"084016",48.8
149.92,-37.57,1980,9,"084016",35.6
149.92,-37.57,1980,10,"084016",74
149.92,-37.57,1980,11,"084016",45.6
149.92,-37.57,1980,12,"084016",131.7
149.92,-37.57,1981,1,"084016",98
149.92,-37.57,1981,2,"084016",67
149.92,-37.57,1981,3,"084016",27.4
149.92,-37.57,1981,4,"084016",12.2
149.92,-37.57,1981,5,"084016",198.9
149.92,-37.57,1981,6,"084016",82.1
149.92,-37.57,1981,7,"084016",106.5
149.92,-37.57,1981,8,"084016",72.3
149.92,-37.57,1981,9,"084016",35
149.92,-37.57,1981,10,"084016",21.4
149.92,-37.57,1981,11,"084016",75.7
149.92,-37.57,1981,12,"084016",90
149.92,-37.57,1982,1,"084016",27.2
149.92,-37.57,1982,2,"084016",2
149.92,-37.57,1982,3,"084016",107.4
149.92,-37.57,1982,4,"084016",41.6
149.92,-37.57,1982,5,"084016",29.4
149.92,-37.57,1982,6,"084016",128.8
149.92,-37.57,1982,7,"084016",114.7
149.92,-37.57,1982,8,"084016",5
149.92,-37.57,1982,9,"084016",44.2
149.92,-37.57,1982,10,"084016",37.6
149.92,-37.57,1982,11,"084016",0.4
149.92,-37.57,1982,12,"084016",45.8
149.92,-37.57,1983,1,"084016",23.4
149.92,-37.57,1983,2,"084016",7.8
149.92,-37.57,1983,3,"084016",63.2
149.92,-37.57,1983,4,"084016",142
149.92,-37.57,1983,5,"084016",97.6
149.92,-37.57,1983,6,"084016",29.4
149.92,-37.57,1983,7,"084016",94.6
149.92,-37.57,1983,8,"084016",79.6
149.92,-37.57,1983,9,"084016",69.9
149.92,-37.57,1983,10,"084016",136.8
149.92,-37.57,1983,11,"084016",53.6
149.92,-37.57,1983,12,"084016",48.4
149.92,-37.57,1984,1,"084016",166.6
149.92,-37.57,1984,2,"084016",49.8
149.92,-37.57,1984,3,"084016",53.8
149.92,-37.57,1984,4,"084016",36.8
149.92,-37.57,1984,5,"084016",65.4
149.92,-37.57,1984,6,"084016",43.2
149.92,-37.57,1984,7,"084016",230
149.92,-37.57,1984,8,"084016",74.8
149.92,-37.57,1984,9,"084016",136.2
149.92,-37.57,1984,10,"084016",23.4
149.92,-37.57,1984,11,"084016",40
149.92,-37.57,1984,12,"084016",90.2
149.92,-37.57,1985,1,"084016",25.6
149.92,-37.57,1985,2,"084016",44
149.92,-37.57,1985,3,"084016",49.2
149.92,-37.57,1985,4,"084016",317.6
149.92,-37.57,1985,5,"084016",85
149.92,-37.57,1985,6,"084016",95
149.92,-37.57,1985,7,"084016",78.2
149.92,-37.57,1985,8,"084016",96.8
149.92,-37.57,1985,9,"084016",95.6
149.92,-37.57,1985,10,"084016",185.2
149.92,-37.57,1985,11,"084016",255.6
149.92,-37.57,1985,12,"084016",146.2
149.92,-37.57,1986,1,"084016",87
149.92,-37.57,1986,2,"084016",14.2
149.92,-37.57,1986,3,"084016",11.2
149.92,-37.57,1986,4,"084016",22.8
149.92,-37.57,1986,5,"084016",52.2
149.92,-37.57,1986,6,"084016",53.2
149.92,-37.57,1986,7,"084016",85.3
149.92,-37.57,1986,8,"084016",56.8
149.92,-37.57,1986,9,"084016",74.8
149.92,-37.57,1986,10,"084016",33.3
149.92,-37.57,1986,11,"084016",131.9
149.92,-37.57,1986,12,"084016",27.8
149.92,-37.57,1987,1,"084016",240.8
149.92,-37.57,1987,2,"084016",28
149.92,-37.57,1987,3,"084016",65
149.92,-37.57,1987,4,"084016",30
149.92,-37.57,1987,5,"084016",70
149.92,-37.57,1987,6,"084016",30.8
149.92,-37.57,1987,7,"084016",107
149.92,-37.57,1987,8,"084016",28.7
149.92,-37.57,1987,9,"084016",23.2
149.92,-37.57,1987,10,"084016",48.4
149.92,-37.57,1987,11,"084016",49
149.92,-37.57,1987,12,"084016",61.2
149.92,-37.57,1988,1,"084016",30.2
149.92,-37.57,1988,2,"084016",38.8
149.92,-37.57,1988,3,"084016",26.6
149.92,-37.57,1988,4,"084016",245
149.92,-37.57,1988,5,"084016",202.8
149.92,-37.57,1988,6,"084016",57.5
149.92,-37.57,1988,7,"084016",88.8
149.92,-37.57,1988,8,"084016",72.8
149.92,-37.57,1988,9,"084016",100.8
149.92,-37.57,1988,10,"084016",20.6
149.92,-37.57,1988,11,"084016",224
149.92,-37.57,1988,12,"084016",86
149.92,-37.57,1989,1,"084016",37.8
149.92,-37.57,1989,2,"084016",60.6
149.92,-37.57,1989,3,"084016",88.4
149.92,-37.57,1989,4,"084016",412.6
149.92,-37.57,1989,5,"084016",52.8
149.92,-37.57,1989,6,"084016",150.4
149.92,-37.57,1989,7,"084016",220
149.92,-37.57,1989,8,"084016",73.1
149.92,-37.57,1989,9,"084016",85
149.92,-37.57,1989,10,"084016",79.7
149.92,-37.57,1989,11,"084016",44.2
149.92,-37.57,1989,12,"084016",66.7
149.92,-37.57,1990,1,"084016",18.2
149.92,-37.57,1990,2,"084016",185.3
149.92,-37.57,1990,3,"084016",70
149.92,-37.57,1990,4,"084016",124.2
149.92,-37.57,1990,5,"084016",99.4
149.92,-37.57,1990,6,"084016",26.8
149.92,-37.57,1990,7,"084016",26
149.92,-37.57,1990,8,"084016",185.9
149.92,-37.57,1990,9,"084016",75.4
149.92,-37.57,1990,10,"084016",87.4
149.92,-37.57,1990,11,"084016",49.6
149.92,-37.57,1990,12,"084016",66.6
149.92,-37.57,1991,1,"084016",113.2
149.92,-37.57,1991,2,"084016",57.4
149.92,-37.57,1991,3,"084016",67.4
149.92,-37.57,1991,4,"084016",57.6
149.92,-37.57,1991,5,"084016",121.2
149.92,-37.57,1991,6,"084016",95.8
149.92,-37.57,1991,7,"084016",295.6
149.92,-37.57,1991,8,"084016",53.4
149.92,-37.57,1991,9,"084016",71.4
149.92,-37.57,1991,10,"084016",40.1
149.92,-37.57,1991,11,"084016",34.5
149.92,-37.57,1991,12,"084016",77
149.92,-37.57,1992,1,"084016",113
149.92,-37.57,1992,2,"084016",122.9
149.92,-37.57,1992,3,"084016",31.8
149.92,-37.57,1992,4,"084016",78
149.92,-37.57,1992,5,"084016",54.2
149.92,-37.57,1992,6,"084016",59.2
149.92,-37.57,1992,7,"084016",52
149.92,-37.57,1992,8,"084016",82.8
149.92,-37.57,1992,9,"084016",177.8
149.92,-37.57,1992,10,"084016",41.8
149.92,-37.57,1992,11,"084016",139.4
149.92,-37.57,1992,12,"084016",138
149.92,-37.57,1993,1,"084016",18
149.92,-37.57,1993,2,"084016",90.6
149.92,-37.57,1993,3,"084016",86.4
149.92,-37.57,1993,4,"084016",29.4
149.92,-37.57,1993,5,"084016",52.4
149.92,-37.57,1993,6,"084016",78
149.92,-37.57,1993,7,"084016",89.8
149.92,-37.57,1993,8,"084016",71.6
149.92,-37.57,1993,9,"084016",106.2
149.92,-37.57,1993,10,"084016",98
149.92,-37.57,1993,11,"084016",57.6
149.92,-37.57,1993,12,"084016",89
149.92,-37.57,1994,1,"084016",25.2
149.92,-37.57,1994,2,"084016",89.3
149.92,-37.57,1994,3,"084016",149
149.92,-37.57,1994,4,"084016",102.6
149.92,-37.57,1994,5,"084016",54
149.92,-37.57,1994,6,"084016",66.1
149.92,-37.57,1994,7,"084016",37.8
149.92,-37.57,1994,8,"084016",28.2
149.92,-37.57,1994,9,"084016",82.1
149.92,-37.57,1994,10,"084016",49.2
149.92,-37.57,1994,11,"084016",93.4
149.92,-37.57,1994,12,"084016",78.4
149.92,-37.57,1995,1,"084016",152.8
149.92,-37.57,1995,2,"084016",31.1
149.92,-37.57,1995,3,"084016",99.6
149.92,-37.57,1995,4,"084016",81.4
149.92,-37.57,1995,5,"084016",143.8
149.92,-37.57,1995,6,"084016",98.6
149.92,-37.57,1995,7,"084016",41.4
149.92,-37.57,1995,8,"084016",57.2
149.92,-37.57,1995,9,"084016",70.6
149.92,-37.57,1995,10,"084016",187.5
149.92,-37.57,1995,11,"084016",139.2
149.92,-37.57,1995,12,"084016",122.9
149.92,-37.57,1996,1,"084016",57.4
149.92,-37.57,1996,2,"084016",107.6
149.92,-37.57,1996,3,"084016",83
149.92,-37.57,1996,4,"084016",43.2
149.92,-37.57,1996,5,"084016",77.8
149.92,-37.57,1996,6,"084016",78.6
149.92,-37.57,1996,7,"084016",117.2
149.92,-37.57,1996,8,"084016",31.6
149.92,-37.57,1996,9,"084016",82
149.92,-37.57,1996,10,"084016",39.2
149.92,-37.57,1996,11,"084016",120.2
149.92,-37.57,1996,12,"084016",44.5
149.92,-37.57,1997,1,"084016",43
149.92,-37.57,1997,2,"084016",37.8
149.92,-37.57,1997,3,"084016",78.2
149.92,-37.57,1997,4,"084016",57.2
149.92,-37.57,1997,5,"084016",83.4
149.92,-37.57,1997,6,"084016",45.2
149.92,-37.57,1997,7,"084016",47.9
149.92,-37.57,1997,8,"084016",20.2
149.92,-37.57,1997,9,"084016",144.2
149.92,-37.57,1997,10,"084016",81
149.92,-37.57,1997,11,"084016",49
149.92,-37.57,1997,12,"084016",53.9
149.92,-37.57,1998,1,"084016",75.2
149.92,-37.57,1998,2,"084016",14
149.92,-37.57,1998,3,"084016",28.2
149.92,-37.57,1998,4,"084016",49.1
149.92,-37.57,1998,5,"084016",67.9
149.92,-37.57,1998,6,"084016",168.8
149.92,-37.57,1998,7,"084016",93
149.92,-37.57,1998,8,"084016",81.4
149.92,-37.57,1998,9,"084016",47.7
149.92,-37.57,1998,10,"084016",59.2
149.92,-37.57,1998,11,"084016",111
149.92,-37.57,1998,12,"084016",81.4
149.92,-37.57,1999,1,"084016",376.8
149.92,-37.57,1999,2,"084016",27.4
149.92,-37.57,1999,3,"084016",63.2
149.92,-37.57,1999,4,"084016",118.8
149.92,-37.57,1999,5,"084016",20.4
149.92,-37.57,1999,6,"084016",42.8
149.92,-37.57,1999,7,"084016",86
149.92,-37.57,1999,8,"084016",21.4
149.92,-37.57,1999,9,"084016",24
149.92,-37.57,1999,10,"084016",55.6
149.92,-37.57,1999,11,"084016",53.8
149.92,-37.57,1999,12,"084016",85.2
149.92,-37.57,2000,1,"084016",74.4
149.92,-37.57,2000,2,"084016",18
149.92,-37.57,2000,3,"084016",105.2
149.92,-37.57,2000,4,"084016",NA
149.92,-37.57,2000,5,"084016",78.4
149.92,-37.57,2000,6,"084016",52.4
149.92,-37.57,2000,7,"084016",58
149.92,-37.57,2000,8,"084016",113.6
149.92,-37.57,2000,9,"084016",92.8
149.92,-37.57,2000,10,"084016",41.8
149.92,-37.57,2000,11,"084016",147
149.92,-37.57,2000,12,"084016",15.6
149.92,-37.57,2001,1,"084016",55.8
149.92,-37.57,2001,2,"084016",99.2
149.92,-37.57,2001,3,"084016",69.4
149.92,-37.57,2001,4,"084016",151.4
149.92,-37.57,2001,5,"084016",67.6
149.92,-37.57,2001,6,"084016",39
149.92,-37.57,2001,7,"084016",126
149.92,-37.57,2001,8,"084016",41.4
149.92,-37.57,2001,9,"084016",50.2
149.92,-37.57,2001,10,"084016",66.6
149.92,-37.57,2001,11,"084016",34
149.92,-37.57,2001,12,"084016",61.8
149.92,-37.57,2002,1,"084016",37.4
149.92,-37.57,2002,2,"084016",190.8
149.92,-37.57,2002,3,"084016",31.6
149.92,-37.57,2002,4,"084016",178.2
149.92,-37.57,2002,5,"084016",109.2
149.92,-37.57,2002,6,"084016",49.6
149.92,-37.57,2002,7,"084016",23.2
149.92,-37.57,2002,8,"084016",45.6
149.92,-37.57,2002,9,"084016",41.4
149.92,-37.57,2002,10,"084016",183.8
149.92,-37.57,2002,11,"084016",44.6
149.92,-37.57,2002,12,"084016",20
149.92,-37.57,2003,1,"084016",8.2
149.92,-37.57,2003,2,"084016",31
149.92,-37.57,2003,3,"084016",57.8
149.92,-37.57,2003,4,"084016",114.2
149.92,-37.57,2003,5,"084016",144
149.92,-37.57,2003,6,"084016",16.4
149.92,-37.57,2003,7,"084016",33.8
149.92,-37.57,2003,8,"084016",85.6
149.92,-37.57,2003,9,"084016",32
149.92,-37.57,2003,10,"084016",NA
149.92,-37.57,2003,11,"084016",55.4
149.92,-37.57,2003,12,"084016",80.6
149.92,-37.57,2004,1,"084016",85
149.92,-37.57,2004,2,"084016",40.2
149.92,-37.57,2004,3,"084016",10
149.92,-37.57,2004,4,"084016",111.7
149.92,-37.57,2004,5,"084016",95.4
149.92,-37.57,2004,6,"084016",23.4
149.92,-37.57,2004,7,"084016",62.4
149.92,-37.57,2004,8,"084016",28.2
149.92,-37.57,2004,9,"084016",86.4
149.92,-37.57,2004,10,"084016",63
149.92,-37.57,2004,11,"084016",59.2
149.92,-37.57,2004,12,"084016",106.2
149.92,-37.57,2005,1,"084016",51.6
149.92,-37.57,2005,2,"084016",63
149.92,-37.57,2005,3,"084016",94.4
149.92,-37.57,2005,4,"084016",32
149.92,-37.57,2005,5,"084016",68.2
149.92,-37.57,2005,6,"084016",38.2
149.92,-37.57,2005,7,"084016",204.2
149.92,-37.57,2005,8,"084016",56
149.92,-37.57,2005,9,"084016",88.8
149.92,-37.57,2005,10,"084016",56.2
149.92,-37.57,2005,11,"084016",85.2
149.92,-37.57,2005,12,"084016",28.8
149.92,-37.57,2006,1,"084016",8.4
149.92,-37.57,2006,2,"084016",6.8
149.92,-37.57,2006,3,"084016",14.3
149.92,-37.57,2006,4,"084016",89.2
149.92,-37.57,2006,5,"084016",215.8
149.92,-37.57,2006,6,"084016",104
149.92,-37.57,2006,7,"084016",136.8
149.92,-37.57,2006,8,"084016",23.2
149.92,-37.57,2006,9,"084016",44.6
149.92,-37.57,2006,10,"084016",22.8
149.92,-37.57,2006,11,"084016",31.2
149.92,-37.57,2006,12,"084016",16.6
149.92,-37.57,2007,1,"084016",7.2
149.92,-37.57,2007,2,"084016",117.4
149.92,-37.57,2007,3,"084016",25.6
149.92,-37.57,2007,4,"084016",160.2
149.92,-37.57,2007,5,"084016",46.4
149.92,-37.57,2007,6,"084016",247
149.92,-37.57,2007,7,"084016",147.6
149.92,-37.57,2007,8,"084016",36
149.92,-37.57,2007,9,"084016",26.4
149.92,-37.57,2007,10,"084016",57.6
149.92,-37.57,2007,11,"084016",127.6
149.92,-37.57,2007,12,"084016",48.8
149.92,-37.57,2008,1,"084016",33.2
149.92,-37.57,2008,2,"084016",165.8
149.92,-37.57,2008,3,"084016",12.2
149.92,-37.57,2008,4,"084016",19
149.92,-37.57,2008,5,"084016",14.2
149.92,-37.57,2008,6,"084016",88.8
149.92,-37.57,2008,7,"084016",52
149.92,-37.57,2008,8,"084016",178.6
149.92,-37.57,2008,9,"084016",25.4
149.92,-37.57,2008,10,"084016",18.4
149.92,-37.57,2008,11,"084016",130.4
149.92,-37.57,2008,12,"084016",57.4
149.92,-37.57,2009,1,"084016",17.2
149.92,-37.57,2009,2,"084016",43.2
149.92,-37.57,2009,3,"084016",14.6
149.92,-37.57,2009,4,"084016",88.9
149.92,-37.57,2009,5,"084016",31.4
149.92,-37.57,2009,6,"084016",85.6
149.92,-37.57,2009,7,"084016",30.4
149.92,-37.57,2009,8,"084016",23.8
149.92,-37.57,2009,9,"084016",69.8
149.92,-37.57,2009,10,"084016",95.6
149.92,-37.57,2009,11,"084016",38.2
149.92,-37.57,2009,12,"084016",23.4
149.92,-37.57,2010,1,"084016",15.2
149.92,-37.57,2010,2,"084016",152.4
149.92,-37.57,2010,3,"084016",20.6
149.92,-37.57,2010,4,"084016",38.6
149.92,-37.57,2010,5,"084016",152.6
149.92,-37.57,2010,6,"084016",53.8
149.92,-37.57,2010,7,"084016",49
149.92,-37.57,2010,8,"084016",47.2
149.92,-37.57,2010,9,"084016",21.6
149.92,-37.57,2010,10,"084016",74.2
149.92,-37.57,2010,11,"084016",54.6
149.92,-37.57,2010,12,"084016",129.4
149.92,-37.57,2011,1,"084016",24.8
149.92,-37.57,2011,2,"084016",65.2
149.92,-37.57,2011,3,"084016",121.4
149.92,-37.57,2011,4,"084016",53.6
149.92,-37.57,2011,5,"084016",108.6
149.92,-37.57,2011,6,"084016",82.9
149.92,-37.57,2011,7,"084016",76.8
149.92,-37.57,2011,8,"084016",76.2
149.92,-37.57,2011,9,"084016",27.6
149.92,-37.57,2011,10,"084016",69.4
149.92,-37.57,2011,11,"084016",94.8
149.92,-37.57,2011,12,"084016",43
149.92,-37.57,2012,1,"084016",43.6
149.92,-37.57,2012,2,"084016",91.2
149.92,-37.57,2012,3,"084016",222.4
149.92,-37.57,2012,4,"084016",163.8
149.92,-37.57,2012,5,"084016",52.6
149.92,-37.57,2012,6,"084016",161.6
149.92,-37.57,2012,7,"084016",45.4
149.92,-37.57,2012,8,"084016",70.6
149.92,-37.57,2012,9,"084016",24.2
149.92,-37.57,2012,10,"084016",37.2
149.92,-37.57,2012,11,"084016",60.8
149.92,-37.57,2012,12,"084016",26.6
149.92,-37.57,2013,1,"084016",64.6
149.92,-37.57,2013,2,"084016",90.4
149.92,-37.57,2013,3,"084016",46
149.92,-37.57,2013,4,"084016",31.6
149.92,-37.57,2013,5,"084016",32.4
149.92,-37.57,2013,6,"084016",176.8
149.92,-37.57,2013,7,"084016",14.2
149.92,-37.57,2013,8,"084016",30.6
149.92,-37.57,2013,9,"084016",90.6
149.92,-37.57,2013,10,"084016",37.6
149.92,-37.57,2013,11,"084016",138.4
149.92,-37.57,2013,12,"084016",49.4
149.92,-37.57,2014,1,"084016",23.2
149.92,-37.57,2014,2,"084016",6.6
149.92,-37.57,2014,3,"084016",61.8
149.92,-37.57,2014,4,"084016",152.8
149.92,-37.57,2014,5,"084016",40.4
149.92,-37.57,2014,6,"084016",195.4
149.92,-37.57,2014,7,"084016",52.2
149.92,-37.57,2014,8,"084016",65.4
149.92,-37.57,2014,9,"084016",83.8
149.92,-37.57,2014,10,"084016",106.6
149.92,-37.57,2014,11,"084016",48.6
149.92,-37.57,2014,12,"084016",94.4
149.92,-37.57,2015,1,"084016",79.8
149.92,-37.57,2015,2,"084016",47.8
149.92,-37.57,2015,3,"084016",24.8
149.92,-37.57,2015,4,"084016",201.2
149.92,-37.57,2015,5,"084016",27
149.92,-37.57,2015,6,"084016",42.6
149.92,-37.57,2015,7,"084016",100
149.92,-37.57,2015,8,"084016",86.4
149.92,-37.57,2015,9,"084016",37.6
149.92,-37.57,2015,10,"084016",39
149.92,-37.57,2015,11,"084016",81.8
149.92,-37.57,2015,12,"084016",22.2
149.92,-37.57,2016,1,"084016",129.4
149.92,-37.57,2016,2,"084016",18
149.92,-37.57,2016,3,"084016",119.8
149.92,-37.57,2016,4,"084016",25.8
149.92,-37.57,2016,5,"084016",85.4
149.92,-37.57,2016,6,"084016",235.4
149.92,-37.57,2016,7,"084016",78.2
149.92,-37.57,2016,8,"084016",40
149.92,-37.57,2016,9,"084016",173.4
149.92,-37.57,2016,10,"084016",39.2
149.92,-37.57,2016,11,"084016",30.4
149.92,-37.57,2016,12,"084016",53.4
149.92,-37.57,2017,1,"084016",20.4
149.92,-37.57,2017,2,"084016",55
149.92,-37.57,2017,3,"084016",37
149.92,-37.57,2017,4,"084016",89.2
149.92,-37.57,2017,5,"084016",82
149.92,-37.57,2017,6,"084016",45.8
149.92,-37.57,2017,7,"084016",24
149.92,-37.57,2017,8,"084016",91.6
149.92,-37.57,2017,9,"084016",26.6
149.92,-37.57,2017,10,"084016",35.8
149.92,-37.57,2017,11,"084016",86
149.92,-37.57,2017,12,"084016",80.8
149.92,-37.57,2018,1,"084016",74.2
149.92,-37.57,2018,2,"084016",29
149.92,-37.57,2018,3,"084016",17.8
149.92,-37.57,2018,4,"084016",0
149.92,-37.57,2018,5,"084016",71.6
149.92,-37.57,2018,6,"084016",108
149.92,-37.57,2018,7,"084016",34.2
149.92,-37.57,2018,8,"084016",49.2
149.92,-37.57,2018,9,"084016",18.6
149.92,-37.57,2018,10,"084016",47.6
149.92,-37.57,2018,11,"084016",108.8
149.92,-37.57,2018,12,"084016",135.4
149.92,-37.57,2019,1,"084016",34.4
149.92,-37.57,2019,2,"084016",56
149.92,-37.57,2019,3,"084016",99.4
149.92,-37.57,2019,4,"084016",50.6
149.92,-37.57,2019,5,"084016",51.9
149.92,-37.57,2019,6,"084016",62.8
149.92,-37.57,2019,7,"084016",20.2
149.92,-37.57,2019,8,"084016",34.4
149.92,-37.57,2019,9,"084016",32.6
149.92,-37.57,2019,10,"084016",42.4
149.92,-37.57,2019,11,"084016",44
149.92,-37.57,2019,12,"084016",6.8
149.92,-37.57,2020,1,"084016",19.2
149.92,-37.57,2020,2,"084016",79.8
149.92,-37.57,2020,3,"084016",67.2
149.92,-37.57,2020,4,"084016",55.8
149.92,-37.57,2020,5,"084016",108.6
149.92,-37.57,2020,6,"084016",20.4
149.92,-37.57,2020,7,"084016",153.8
149.92,-37.57,2020,8,"084016",89.2
149.92,-37.57,2020,9,"084016",24.8
149.92,-37.57,2020,10,"084016",124.2
149.92,-37.57,2020,11,"084016",33
149.92,-37.57,2020,12,"084016",95.4
149.92,-37.57,2021,1,"084016",115.8
149.92,-37.57,2021,2,"084016",76.8
149.92,-37.57,2021,3,"084016",164.8
149.92,-37.57,2021,4,"084016",35.2
149.92,-37.57,2021,5,"084016",135.4
149.92,-37.57,2021,6,"084016",114.4
149.92,-37.57,2021,7,"084016",46.4
149.92,-37.57,2021,8,"084016",173.2
149.92,-37.57,2021,9,"084016",77.8
149.92,-37.57,2021,10,"084016",53.6
149.92,-37.57,2021,11,"084016",142.6
149.92,-37.57,2021,12,"084016",159.6
149.92,-37.57,2022,1,"084016",96.5
149.92,-37.57,2022,2,"084016",90.4
149.92,-37.57,2022,3,"084016",NA
149.92,-37.57,2022,4,"084016",NA
149.92,-37.57,2022,5,"084016",NA
149.92,-37.57,2022,6,"084016",NA
149.92,-37.57,2022,7,"084016",NA
149.92,-37.57,2022,8,"084016",NA
149.92,-37.57,2022,9,"084016",NA
149.92,-37.57,2022,10,"084016",NA
149.92,-37.57,2022,11,"084016",NA
149.92,-37.57,2022,12,"084016",NA
