"Lon","Lat","Year","Month","Station","Rain"
145.49,-35.78,1999,1,"074113",NA
145.49,-35.78,1999,2,"074113",NA
145.49,-35.78,1999,3,"074113",NA
145.49,-35.78,1999,4,"074113",NA
145.49,-35.78,1999,5,"074113",NA
145.49,-35.78,1999,6,"074113",NA
145.49,-35.78,1999,7,"074113",NA
145.49,-35.78,1999,8,"074113",50.2
145.49,-35.78,1999,9,"074113",38.8
145.49,-35.78,1999,10,"074113",46
145.49,-35.78,1999,11,"074113",26.2
145.49,-35.78,1999,12,"074113",57.8
145.49,-35.78,2000,1,"074113",10
145.49,-35.78,2000,2,"074113",27.4
145.49,-35.78,2000,3,"074113",20.6
145.49,-35.78,2000,4,"074113",30.6
145.49,-35.78,2000,5,"074113",40.8
145.49,-35.78,2000,6,"074113",37.8
145.49,-35.78,2000,7,"074113",27.8
145.49,-35.78,2000,8,"074113",50.3
145.49,-35.78,2000,9,"074113",NA
145.49,-35.78,2000,10,"074113",29
145.49,-35.78,2000,11,"074113",NA
145.49,-35.78,2000,12,"074113",9.2
145.49,-35.78,2001,1,"074113",41.8
145.49,-35.78,2001,2,"074113",NA
145.49,-35.78,2001,3,"074113",21.4
145.49,-35.78,2001,4,"074113",26.6
145.49,-35.78,2001,5,"074113",NA
145.49,-35.78,2001,6,"074113",NA
145.49,-35.78,2001,7,"074113",NA
145.49,-35.78,2001,8,"074113",NA
145.49,-35.78,2001,9,"074113",20.4
145.49,-35.78,2001,10,"074113",NA
145.49,-35.78,2001,11,"074113",17.7
145.49,-35.78,2001,12,"074113",4.6
145.49,-35.78,2002,1,"074113",NA
145.49,-35.78,2002,2,"074113",NA
145.49,-35.78,2002,3,"074113",47
145.49,-35.78,2002,4,"074113",8.3
145.49,-35.78,2002,5,"074113",22.8
145.49,-35.78,2002,6,"074113",21.2
145.49,-35.78,2002,7,"074113",7.8
145.49,-35.78,2002,8,"074113",19.2
145.49,-35.78,2002,9,"074113",25.4
145.49,-35.78,2002,10,"074113",7.4
145.49,-35.78,2002,11,"074113",7.8
145.49,-35.78,2002,12,"074113",6.6
145.49,-35.78,2003,1,"074113",20
145.49,-35.78,2003,2,"074113",40
145.49,-35.78,2003,3,"074113",0
145.49,-35.78,2003,4,"074113",26.7
145.49,-35.78,2003,5,"074113",46.2
145.49,-35.78,2003,6,"074113",41.6
145.49,-35.78,2003,7,"074113",70
145.49,-35.78,2003,8,"074113",51.6
145.49,-35.78,2003,9,"074113",34.4
145.49,-35.78,2003,10,"074113",49.2
145.49,-35.78,2003,11,"074113",36
145.49,-35.78,2003,12,"074113",NA
145.49,-35.78,2004,1,"074113",15.1
145.49,-35.78,2004,2,"074113",2
145.49,-35.78,2004,3,"074113",3
145.49,-35.78,2004,4,"074113",33.4
145.49,-35.78,2004,5,"074113",33.6
145.49,-35.78,2004,6,"074113",NA
145.49,-35.78,2004,7,"074113",NA
145.49,-35.78,2004,8,"074113",41.2
145.49,-35.78,2004,9,"074113",37.6
145.49,-35.78,2004,10,"074113",3.6
145.49,-35.78,2004,11,"074113",NA
145.49,-35.78,2004,12,"074113",NA
145.49,-35.78,2005,1,"074113",33.8
145.49,-35.78,2005,2,"074113",113.8
145.49,-35.78,2005,3,"074113",7.6
145.49,-35.78,2005,4,"074113",NA
145.49,-35.78,2005,5,"074113",6.2
145.49,-35.78,2005,6,"074113",66.4
145.49,-35.78,2005,7,"074113",24
145.49,-35.78,2005,8,"074113",58.2
145.49,-35.78,2005,9,"074113",44
145.49,-35.78,2005,10,"074113",NA
145.49,-35.78,2005,11,"074113",NA
145.49,-35.78,2005,12,"074113",NA
145.49,-35.78,2007,1,"074113",11.6
145.49,-35.78,2007,2,"074113",33.8
145.49,-35.78,2007,3,"074113",NA
145.49,-35.78,2007,4,"074113",24.8
145.49,-35.78,2007,5,"074113",54.4
145.49,-35.78,2007,6,"074113",18
145.49,-35.78,2007,7,"074113",44.5
145.49,-35.78,2007,8,"074113",4.8
145.49,-35.78,2007,9,"074113",5
145.49,-35.78,2007,10,"074113",13.2
145.49,-35.78,2007,11,"074113",26.5
145.49,-35.78,2007,12,"074113",59
145.49,-35.78,2008,1,"074113",61
145.49,-35.78,2008,2,"074113",51.3
145.49,-35.78,2008,3,"074113",11.4
145.49,-35.78,2008,4,"074113",7.6
145.49,-35.78,2008,5,"074113",15.4
145.49,-35.78,2008,6,"074113",18
145.49,-35.78,2008,7,"074113",40.5
145.49,-35.78,2008,8,"074113",9.3
145.49,-35.78,2008,9,"074113",12
145.49,-35.78,2008,10,"074113",6.8
145.49,-35.78,2008,11,"074113",91
145.49,-35.78,2008,12,"074113",NA
145.49,-35.78,2009,1,"074113",NA
145.49,-35.78,2009,2,"074113",NA
145.49,-35.78,2009,3,"074113",6
145.49,-35.78,2009,4,"074113",25.5
145.49,-35.78,2009,5,"074113",22
145.49,-35.78,2009,6,"074113",46.2
145.49,-35.78,2009,7,"074113",22.4
145.49,-35.78,2009,8,"074113",21.4
145.49,-35.78,2009,9,"074113",61.4
145.49,-35.78,2009,10,"074113",12.6
145.49,-35.78,2009,11,"074113",76.4
145.49,-35.78,2009,12,"074113",4.4
145.49,-35.78,2010,1,"074113",NA
145.49,-35.78,2010,2,"074113",94.2
145.49,-35.78,2010,3,"074113",NA
145.49,-35.78,2010,4,"074113",25.8
145.49,-35.78,2010,5,"074113",89.2
145.49,-35.78,2010,6,"074113",23.6
145.49,-35.78,2010,7,"074113",27.4
145.49,-35.78,2010,8,"074113",47
145.49,-35.78,2010,9,"074113",62.6
145.49,-35.78,2010,10,"074113",112
145.49,-35.78,2010,11,"074113",47.8
145.49,-35.78,2010,12,"074113",NA
145.49,-35.78,2011,1,"074113",NA
145.49,-35.78,2011,2,"074113",NA
145.49,-35.78,2011,3,"074113",60.8
145.49,-35.78,2011,4,"074113",36
145.49,-35.78,2011,5,"074113",23.6
145.49,-35.78,2011,6,"074113",NA
145.49,-35.78,2011,7,"074113",31.6
145.49,-35.78,2011,8,"074113",42.2
145.49,-35.78,2011,9,"074113",34.2
145.49,-35.78,2011,10,"074113",19.6
145.49,-35.78,2011,11,"074113",81.8
145.49,-35.78,2011,12,"074113",46.8
145.49,-35.78,2012,1,"074113",43.4
145.49,-35.78,2012,2,"074113",122
145.49,-35.78,2012,3,"074113",150.2
145.49,-35.78,2012,4,"074113",12.2
145.49,-35.78,2012,5,"074113",18.2
145.49,-35.78,2012,6,"074113",11
145.49,-35.78,2012,7,"074113",49.2
145.49,-35.78,2012,8,"074113",31.7
145.49,-35.78,2012,9,"074113",12.6
145.49,-35.78,2012,10,"074113",45
145.49,-35.78,2012,11,"074113",8.2
145.49,-35.78,2012,12,"074113",NA
145.49,-35.78,2013,1,"074113",3.2
145.49,-35.78,2013,2,"074113",34.2
145.49,-35.78,2013,3,"074113",19.6
145.49,-35.78,2013,4,"074113",2.4
145.49,-35.78,2013,5,"074113",37.6
145.49,-35.78,2013,6,"074113",67.4
145.49,-35.78,2013,7,"074113",40.2
145.49,-35.78,2013,8,"074113",NA
145.49,-35.78,2013,9,"074113",NA
145.49,-35.78,2013,10,"074113",NA
145.49,-35.78,2013,11,"074113",NA
145.49,-35.78,2013,12,"074113",NA
