"Lon","Lat","Year","Month","Station","Rain"
144.17,-36.27,2011,1,"080130",NA
144.17,-36.27,2011,2,"080130",NA
144.17,-36.27,2011,3,"080130",NA
144.17,-36.27,2011,4,"080130",23.6
144.17,-36.27,2011,5,"080130",14
144.17,-36.27,2011,6,"080130",15.9
144.17,-36.27,2011,7,"080130",38.6
144.17,-36.27,2011,8,"080130",53.2
144.17,-36.27,2011,9,"080130",38.8
144.17,-36.27,2011,10,"080130",18.6
144.17,-36.27,2011,11,"080130",66.5
144.17,-36.27,2011,12,"080130",18.8
144.17,-36.27,2012,1,"080130",21
144.17,-36.27,2012,2,"080130",49.6
144.17,-36.27,2012,3,"080130",85.6
144.17,-36.27,2012,4,"080130",34.1
144.17,-36.27,2012,5,"080130",18.3
144.17,-36.27,2012,6,"080130",33.1
144.17,-36.27,2012,7,"080130",47.5
144.17,-36.27,2012,8,"080130",26.6
144.17,-36.27,2012,9,"080130",29.4
144.17,-36.27,2012,10,"080130",25.5
144.17,-36.27,2012,11,"080130",4.6
144.17,-36.27,2012,12,"080130",6.9
144.17,-36.27,2013,1,"080130",5
144.17,-36.27,2013,2,"080130",48.6
144.17,-36.27,2013,3,"080130",14.8
144.17,-36.27,2013,4,"080130",1.2
144.17,-36.27,2013,5,"080130",21.4
144.17,-36.27,2013,6,"080130",48.4
144.17,-36.27,2013,7,"080130",51.2
144.17,-36.27,2013,8,"080130",54
144.17,-36.27,2013,9,"080130",47.9
144.17,-36.27,2013,10,"080130",17.2
144.17,-36.27,2013,11,"080130",22.8
144.17,-36.27,2013,12,"080130",32.8
144.17,-36.27,2014,1,"080130",4
144.17,-36.27,2014,2,"080130",18
144.17,-36.27,2014,3,"080130",33.3
144.17,-36.27,2014,4,"080130",60.3
144.17,-36.27,2014,5,"080130",53.5
144.17,-36.27,2014,6,"080130",82.4
144.17,-36.27,2014,7,"080130",33
144.17,-36.27,2014,8,"080130",14
144.17,-36.27,2014,9,"080130",34.5
144.17,-36.27,2014,10,"080130",4.7
144.17,-36.27,2014,11,"080130",37.5
144.17,-36.27,2014,12,"080130",25.2
144.17,-36.27,2015,1,"080130",30.8
144.17,-36.27,2015,2,"080130",1.6
144.17,-36.27,2015,3,"080130",4.5
144.17,-36.27,2015,4,"080130",27.2
144.17,-36.27,2015,5,"080130",15.8
144.17,-36.27,2015,6,"080130",40.7
144.17,-36.27,2015,7,"080130",34.6
144.17,-36.27,2015,8,"080130",29.3
144.17,-36.27,2015,9,"080130",27.3
144.17,-36.27,2015,10,"080130",3.3
144.17,-36.27,2015,11,"080130",69.3
144.17,-36.27,2015,12,"080130",10.3
144.17,-36.27,2016,1,"080130",22
144.17,-36.27,2016,2,"080130",11.5
144.17,-36.27,2016,3,"080130",11.5
144.17,-36.27,2016,4,"080130",16.3
144.17,-36.27,2016,5,"080130",95.8
144.17,-36.27,2016,6,"080130",39.6
144.17,-36.27,2016,7,"080130",65.1
144.17,-36.27,2016,8,"080130",53.9
144.17,-36.27,2016,9,"080130",117.9
144.17,-36.27,2016,10,"080130",35.5
144.17,-36.27,2016,11,"080130",38.5
144.17,-36.27,2016,12,"080130",49.5
144.17,-36.27,2017,1,"080130",45.6
144.17,-36.27,2017,2,"080130",37.4
144.17,-36.27,2017,3,"080130",8.6
144.17,-36.27,2017,4,"080130",87
144.17,-36.27,2017,5,"080130",18
144.17,-36.27,2017,6,"080130",0.8
144.17,-36.27,2017,7,"080130",27
144.17,-36.27,2017,8,"080130",51
144.17,-36.27,2017,9,"080130",15.8
144.17,-36.27,2017,10,"080130",14
144.17,-36.27,2017,11,"080130",44.8
144.17,-36.27,2017,12,"080130",62.9
144.17,-36.27,2018,1,"080130",15.6
144.17,-36.27,2018,2,"080130",5.5
144.17,-36.27,2018,3,"080130",4.4
144.17,-36.27,2018,4,"080130",8.4
144.17,-36.27,2018,5,"080130",33.6
144.17,-36.27,2018,6,"080130",29.2
144.17,-36.27,2018,7,"080130",24
144.17,-36.27,2018,8,"080130",31.4
144.17,-36.27,2018,9,"080130",12.4
144.17,-36.27,2018,10,"080130",38.8
144.17,-36.27,2018,11,"080130",25.8
144.17,-36.27,2018,12,"080130",69.8
144.17,-36.27,2019,1,"080130",37.2
144.17,-36.27,2019,2,"080130",9.1
144.17,-36.27,2019,3,"080130",0.5
144.17,-36.27,2019,4,"080130",0.2
144.17,-36.27,2019,5,"080130",64.2
144.17,-36.27,2019,6,"080130",43.7
144.17,-36.27,2019,7,"080130",37.4
144.17,-36.27,2019,8,"080130",19.8
144.17,-36.27,2019,9,"080130",17.4
144.17,-36.27,2019,10,"080130",0.8
144.17,-36.27,2019,11,"080130",26.6
144.17,-36.27,2019,12,"080130",2.4
144.17,-36.27,2020,1,"080130",26.8
144.17,-36.27,2020,2,"080130",22.2
144.17,-36.27,2020,3,"080130",34
144.17,-36.27,2020,4,"080130",95.4
144.17,-36.27,2020,5,"080130",35.9
144.17,-36.27,2020,6,"080130",21.7
144.17,-36.27,2020,7,"080130",14.9
144.17,-36.27,2020,8,"080130",50.6
144.17,-36.27,2020,9,"080130",16.2
144.17,-36.27,2020,10,"080130",56.4
144.17,-36.27,2020,11,"080130",16.6
144.17,-36.27,2020,12,"080130",24.8
144.17,-36.27,2021,1,"080130",40.6
144.17,-36.27,2021,2,"080130",13.2
144.17,-36.27,2021,3,"080130",47.2
144.17,-36.27,2021,4,"080130",4.4
144.17,-36.27,2021,5,"080130",26.4
144.17,-36.27,2021,6,"080130",47
144.17,-36.27,2021,7,"080130",48.3
144.17,-36.27,2021,8,"080130",NA
144.17,-36.27,2021,9,"080130",NA
144.17,-36.27,2021,10,"080130",NA
144.17,-36.27,2021,11,"080130",43
144.17,-36.27,2021,12,"080130",19.4
144.17,-36.27,2022,1,"080130",69.6
144.17,-36.27,2022,2,"080130",0
144.17,-36.27,2022,3,"080130",NA
144.17,-36.27,2022,4,"080130",NA
144.17,-36.27,2022,5,"080130",NA
144.17,-36.27,2022,6,"080130",NA
144.17,-36.27,2022,7,"080130",NA
144.17,-36.27,2022,8,"080130",NA
144.17,-36.27,2022,9,"080130",NA
144.17,-36.27,2022,10,"080130",NA
144.17,-36.27,2022,11,"080130",NA
144.17,-36.27,2022,12,"080130",NA
