"Lon","Lat","Year","Month","Station","Rain"
151.56,-29.58,1958,1,"056095",NA
151.56,-29.58,1958,2,"056095",NA
151.56,-29.58,1958,3,"056095",NA
151.56,-29.58,1958,4,"056095",NA
151.56,-29.58,1958,5,"056095",NA
151.56,-29.58,1958,6,"056095",NA
151.56,-29.58,1958,7,"056095",NA
151.56,-29.58,1958,8,"056095",NA
151.56,-29.58,1958,9,"056095",114.7
151.56,-29.58,1958,10,"056095",65
151.56,-29.58,1958,11,"056095",12
151.56,-29.58,1958,12,"056095",120.5
151.56,-29.58,1959,1,"056095",169.5
151.56,-29.58,1959,2,"056095",47.8
151.56,-29.58,1959,3,"056095",116.8
151.56,-29.58,1959,4,"056095",9.1
151.56,-29.58,1959,5,"056095",43.6
151.56,-29.58,1959,6,"056095",15
151.56,-29.58,1959,7,"056095",86.8
151.56,-29.58,1959,8,"056095",0
151.56,-29.58,1959,9,"056095",75.7
151.56,-29.58,1959,10,"056095",104.6
151.56,-29.58,1959,11,"056095",117.6
151.56,-29.58,1959,12,"056095",210.1
151.56,-29.58,1960,1,"056095",44.4
151.56,-29.58,1960,2,"056095",62.7
151.56,-29.58,1960,3,"056095",8.6
151.56,-29.58,1960,4,"056095",30.9
151.56,-29.58,1960,5,"056095",62.5
151.56,-29.58,1960,6,"056095",32
151.56,-29.58,1960,7,"056095",73
151.56,-29.58,1960,8,"056095",56.6
151.56,-29.58,1960,9,"056095",51.4
151.56,-29.58,1960,10,"056095",75.1
151.56,-29.58,1960,11,"056095",46.5
151.56,-29.58,1960,12,"056095",91.5
151.56,-29.58,1961,1,"056095",62.8
151.56,-29.58,1961,2,"056095",120
151.56,-29.58,1961,3,"056095",38.1
151.56,-29.58,1961,4,"056095",19.3
151.56,-29.58,1961,5,"056095",18.3
151.56,-29.58,1961,6,"056095",52.9
151.56,-29.58,1961,7,"056095",35.6
151.56,-29.58,1961,8,"056095",50.3
151.56,-29.58,1961,9,"056095",38
151.56,-29.58,1961,10,"056095",42.7
151.56,-29.58,1961,11,"056095",138.4
151.56,-29.58,1961,12,"056095",115.8
151.56,-29.58,1962,1,"056095",209.4
151.56,-29.58,1962,2,"056095",124.7
151.56,-29.58,1962,3,"056095",81.4
151.56,-29.58,1962,4,"056095",30.7
151.56,-29.58,1962,5,"056095",46
151.56,-29.58,1962,6,"056095",5.3
151.56,-29.58,1962,7,"056095",74
151.56,-29.58,1962,8,"056095",81.5
151.56,-29.58,1962,9,"056095",49.8
151.56,-29.58,1962,10,"056095",50
151.56,-29.58,1962,11,"056095",40.9
151.56,-29.58,1962,12,"056095",83.8
151.56,-29.58,1963,1,"056095",53.6
151.56,-29.58,1963,2,"056095",35.9
151.56,-29.58,1963,3,"056095",65.6
151.56,-29.58,1963,4,"056095",33.5
151.56,-29.58,1963,5,"056095",176.6
151.56,-29.58,1963,6,"056095",61.4
151.56,-29.58,1963,7,"056095",14.5
151.56,-29.58,1963,8,"056095",82.1
151.56,-29.58,1963,9,"056095",26.6
151.56,-29.58,1963,10,"056095",23.9
151.56,-29.58,1963,11,"056095",134.9
151.56,-29.58,1963,12,"056095",66.4
151.56,-29.58,1964,1,"056095",100.9
151.56,-29.58,1964,2,"056095",26.3
151.56,-29.58,1964,3,"056095",112
151.56,-29.58,1964,4,"056095",49.3
151.56,-29.58,1964,5,"056095",55.7
151.56,-29.58,1964,6,"056095",19.6
151.56,-29.58,1964,7,"056095",76.2
151.56,-29.58,1964,8,"056095",30.2
151.56,-29.58,1964,9,"056095",72.1
151.56,-29.58,1964,10,"056095",147.6
151.56,-29.58,1964,11,"056095",23.2
151.56,-29.58,1964,12,"056095",42.2
151.56,-29.58,1965,1,"056095",25.5
151.56,-29.58,1965,2,"056095",39.1
151.56,-29.58,1965,3,"056095",6.6
151.56,-29.58,1965,4,"056095",18.6
151.56,-29.58,1965,5,"056095",19.5
151.56,-29.58,1965,6,"056095",32.6
151.56,-29.58,1965,7,"056095",28.9
151.56,-29.58,1965,8,"056095",29.3
151.56,-29.58,1965,9,"056095",20.8
151.56,-29.58,1965,10,"056095",27.3
151.56,-29.58,1965,11,"056095",50.8
151.56,-29.58,1965,12,"056095",255.4
151.56,-29.58,1966,1,"056095",19
151.56,-29.58,1966,2,"056095",81
151.56,-29.58,1966,3,"056095",91
151.56,-29.58,1966,4,"056095",30.2
151.56,-29.58,1966,5,"056095",20.5
151.56,-29.58,1966,6,"056095",33.9
151.56,-29.58,1966,7,"056095",14.5
151.56,-29.58,1966,8,"056095",131.6
151.56,-29.58,1966,9,"056095",49.8
151.56,-29.58,1966,10,"056095",150.1
151.56,-29.58,1966,11,"056095",141.8
151.56,-29.58,1966,12,"056095",46.1
151.56,-29.58,1967,1,"056095",70.9
151.56,-29.58,1967,2,"056095",20.1
151.56,-29.58,1967,3,"056095",126.1
151.56,-29.58,1967,4,"056095",25.8
151.56,-29.58,1967,5,"056095",41.7
151.56,-29.58,1967,6,"056095",69.3
151.56,-29.58,1967,7,"056095",27.2
151.56,-29.58,1967,8,"056095",27.5
151.56,-29.58,1967,9,"056095",23.9
151.56,-29.58,1967,10,"056095",157.6
151.56,-29.58,1967,11,"056095",7.8
151.56,-29.58,1967,12,"056095",54.2
151.56,-29.58,1968,1,"056095",91.6
151.56,-29.58,1968,2,"056095",23.2
151.56,-29.58,1968,3,"056095",85.9
151.56,-29.58,1968,4,"056095",17.8
151.56,-29.58,1968,5,"056095",86.3
151.56,-29.58,1968,6,"056095",14.7
151.56,-29.58,1968,7,"056095",36.5
151.56,-29.58,1968,8,"056095",92.7
151.56,-29.58,1968,9,"056095",29.9
151.56,-29.58,1968,10,"056095",52.4
151.56,-29.58,1968,11,"056095",56.7
151.56,-29.58,1968,12,"056095",122
151.56,-29.58,1969,1,"056095",137
151.56,-29.58,1969,2,"056095",34.2
151.56,-29.58,1969,3,"056095",21.9
151.56,-29.58,1969,4,"056095",15.8
151.56,-29.58,1969,5,"056095",107.6
151.56,-29.58,1969,6,"056095",47.7
151.56,-29.58,1969,7,"056095",48.3
151.56,-29.58,1969,8,"056095",54.7
151.56,-29.58,1969,9,"056095",79.5
151.56,-29.58,1969,10,"056095",92.9
151.56,-29.58,1969,11,"056095",94
151.56,-29.58,1969,12,"056095",120.9
151.56,-29.58,1970,1,"056095",118.6
151.56,-29.58,1970,2,"056095",46
151.56,-29.58,1970,3,"056095",27.4
151.56,-29.58,1970,4,"056095",65.5
151.56,-29.58,1970,5,"056095",31
151.56,-29.58,1970,6,"056095",30.5
151.56,-29.58,1970,7,"056095",1
151.56,-29.58,1970,8,"056095",33.1
151.56,-29.58,1970,9,"056095",298.3
151.56,-29.58,1970,10,"056095",78.6
151.56,-29.58,1970,11,"056095",69.5
151.56,-29.58,1970,12,"056095",239.3
151.56,-29.58,1971,1,"056095",189.2
151.56,-29.58,1971,2,"056095",96.4
151.56,-29.58,1971,3,"056095",7.9
151.56,-29.58,1971,4,"056095",14.7
151.56,-29.58,1971,5,"056095",9.3
151.56,-29.58,1971,6,"056095",25.7
151.56,-29.58,1971,7,"056095",126
151.56,-29.58,1971,8,"056095",117.9
151.56,-29.58,1971,9,"056095",49.8
151.56,-29.58,1971,10,"056095",69.8
151.56,-29.58,1971,11,"056095",132.9
151.56,-29.58,1971,12,"056095",68.7
151.56,-29.58,1972,1,"056095",128.7
151.56,-29.58,1972,2,"056095",27.7
151.56,-29.58,1972,3,"056095",23.9
151.56,-29.58,1972,4,"056095",29.7
151.56,-29.58,1972,5,"056095",15.2
151.56,-29.58,1972,6,"056095",4.1
151.56,-29.58,1972,7,"056095",8.4
151.56,-29.58,1972,8,"056095",83.1
151.56,-29.58,1972,9,"056095",52.5
151.56,-29.58,1972,10,"056095",226.6
151.56,-29.58,1972,11,"056095",179.1
151.56,-29.58,1972,12,"056095",112.1
151.56,-29.58,1973,1,"056095",120.7
151.56,-29.58,1973,2,"056095",128.3
151.56,-29.58,1973,3,"056095",17.8
151.56,-29.58,1973,4,"056095",39.5
151.56,-29.58,1973,5,"056095",30.9
151.56,-29.58,1973,6,"056095",37.5
151.56,-29.58,1973,7,"056095",60.3
151.56,-29.58,1973,8,"056095",56.9
151.56,-29.58,1973,9,"056095",93.1
151.56,-29.58,1973,10,"056095",56.4
151.56,-29.58,1973,11,"056095",102.5
151.56,-29.58,1973,12,"056095",114.1
151.56,-29.58,1974,1,"056095",69.4
151.56,-29.58,1974,2,"056095",5.6
151.56,-29.58,1974,3,"056095",92.4
151.56,-29.58,1974,4,"056095",42.2
151.56,-29.58,1974,5,"056095",2
151.56,-29.58,1974,6,"056095",30.6
151.56,-29.58,1974,7,"056095",29.1
151.56,-29.58,1974,8,"056095",61
151.56,-29.58,1974,9,"056095",32.8
151.56,-29.58,1974,10,"056095",88.6
151.56,-29.58,1974,11,"056095",100.2
151.56,-29.58,1974,12,"056095",43.4
151.56,-29.58,1975,1,"056095",82.8
151.56,-29.58,1975,2,"056095",130.7
151.56,-29.58,1975,3,"056095",134.5
151.56,-29.58,1975,4,"056095",46.6
151.56,-29.58,1975,5,"056095",2.2
151.56,-29.58,1975,6,"056095",90
151.56,-29.58,1975,7,"056095",45.8
151.56,-29.58,1975,8,"056095",67.2
151.56,-29.58,1975,9,"056095",62.8
151.56,-29.58,1975,10,"056095",169.6
151.56,-29.58,1975,11,"056095",65.6
151.56,-29.58,1975,12,"056095",71
151.56,-29.58,1976,1,"056095",112.4
151.56,-29.58,1976,2,"056095",199.2
151.56,-29.58,1976,3,"056095",59.8
151.56,-29.58,1976,4,"056095",45
151.56,-29.58,1976,5,"056095",30
151.56,-29.58,1976,6,"056095",74.3
151.56,-29.58,1976,7,"056095",51.4
151.56,-29.58,1976,8,"056095",10.1
151.56,-29.58,1976,9,"056095",45
151.56,-29.58,1976,10,"056095",69
151.56,-29.58,1976,11,"056095",64.8
151.56,-29.58,1976,12,"056095",90.6
151.56,-29.58,1977,1,"056095",104.4
151.56,-29.58,1977,2,"056095",148
151.56,-29.58,1977,3,"056095",144
151.56,-29.58,1977,4,"056095",85
151.56,-29.58,1977,5,"056095",165.3
151.56,-29.58,1977,6,"056095",42.8
151.56,-29.58,1977,7,"056095",4.9
151.56,-29.58,1977,8,"056095",23.4
151.56,-29.58,1977,9,"056095",48.2
151.56,-29.58,1977,10,"056095",12.4
151.56,-29.58,1977,11,"056095",36
151.56,-29.58,1977,12,"056095",69
151.56,-29.58,1978,1,"056095",336.8
151.56,-29.58,1978,2,"056095",36.6
151.56,-29.58,1978,3,"056095",116.6
151.56,-29.58,1978,4,"056095",35
151.56,-29.58,1978,5,"056095",144.4
151.56,-29.58,1978,6,"056095",75.8
151.56,-29.58,1978,7,"056095",92.2
151.56,-29.58,1978,8,"056095",34.4
151.56,-29.58,1978,9,"056095",98
151.56,-29.58,1978,10,"056095",35.9
151.56,-29.58,1978,11,"056095",100.2
151.56,-29.58,1978,12,"056095",177.5
151.56,-29.58,1979,1,"056095",15.4
151.56,-29.58,1979,2,"056095",1
151.56,-29.58,1979,3,"056095",102.8
151.56,-29.58,1979,4,"056095",19.6
151.56,-29.58,1979,5,"056095",63.8
151.56,-29.58,1979,6,"056095",45.4
151.56,-29.58,1979,7,"056095",9.2
151.56,-29.58,1979,8,"056095",28.8
151.56,-29.58,1979,9,"056095",77.8
151.56,-29.58,1979,10,"056095",91.2
151.56,-29.58,1979,11,"056095",103
151.56,-29.58,1979,12,"056095",23.6
151.56,-29.58,1980,1,"056095",111.2
151.56,-29.58,1980,2,"056095",25.6
151.56,-29.58,1980,3,"056095",6.4
151.56,-29.58,1980,4,"056095",7
151.56,-29.58,1980,5,"056095",89.8
151.56,-29.58,1980,6,"056095",31.8
151.56,-29.58,1980,7,"056095",32.4
151.56,-29.58,1980,8,"056095",7.4
151.56,-29.58,1980,9,"056095",51.7
151.56,-29.58,1980,10,"056095",29.6
151.56,-29.58,1980,11,"056095",54.6
151.56,-29.58,1980,12,"056095",92.9
151.56,-29.58,1981,1,"056095",5.6
151.56,-29.58,1981,2,"056095",132.2
151.56,-29.58,1981,3,"056095",1.5
151.56,-29.58,1981,4,"056095",25.2
151.56,-29.58,1981,5,"056095",61.6
151.56,-29.58,1981,6,"056095",113
151.56,-29.58,1981,7,"056095",86
151.56,-29.58,1981,8,"056095",14.6
151.56,-29.58,1981,9,"056095",51.7
151.56,-29.58,1981,10,"056095",47.2
151.56,-29.58,1981,11,"056095",97.2
151.56,-29.58,1981,12,"056095",95.2
151.56,-29.58,1982,1,"056095",100.9
151.56,-29.58,1982,2,"056095",91.6
151.56,-29.58,1982,3,"056095",172.7
151.56,-29.58,1982,4,"056095",47.7
151.56,-29.58,1982,5,"056095",13.5
151.56,-29.58,1982,6,"056095",2
151.56,-29.58,1982,7,"056095",32.7
151.56,-29.58,1982,8,"056095",1.4
151.56,-29.58,1982,9,"056095",41
151.56,-29.58,1982,10,"056095",52.2
151.56,-29.58,1982,11,"056095",12.9
151.56,-29.58,1982,12,"056095",200.9
151.56,-29.58,1983,1,"056095",93.8
151.56,-29.58,1983,2,"056095",38.6
151.56,-29.58,1983,3,"056095",40
151.56,-29.58,1983,4,"056095",164.4
151.56,-29.58,1983,5,"056095",147.9
151.56,-29.58,1983,6,"056095",61.4
151.56,-29.58,1983,7,"056095",57
151.56,-29.58,1983,8,"056095",55.6
151.56,-29.58,1983,9,"056095",99
151.56,-29.58,1983,10,"056095",161.5
151.56,-29.58,1983,11,"056095",82.4
151.56,-29.58,1983,12,"056095",96.2
151.56,-29.58,1984,1,"056095",174.4
151.56,-29.58,1984,2,"056095",126.8
151.56,-29.58,1984,3,"056095",49.6
151.56,-29.58,1984,4,"056095",29
151.56,-29.58,1984,5,"056095",8.2
151.56,-29.58,1984,6,"056095",27.4
151.56,-29.58,1984,7,"056095",182
151.56,-29.58,1984,8,"056095",74.4
151.56,-29.58,1984,9,"056095",32.4
151.56,-29.58,1984,10,"056095",34.7
151.56,-29.58,1984,11,"056095",83.4
151.56,-29.58,1984,12,"056095",153.9
151.56,-29.58,1985,1,"056095",27.6
151.56,-29.58,1985,2,"056095",58
151.56,-29.58,1985,3,"056095",19.4
151.56,-29.58,1985,4,"056095",43.8
151.56,-29.58,1985,5,"056095",23.6
151.56,-29.58,1985,6,"056095",37.8
151.56,-29.58,1985,7,"056095",52
151.56,-29.58,1985,8,"056095",74.1
151.56,-29.58,1985,9,"056095",56.8
151.56,-29.58,1985,10,"056095",46.4
151.56,-29.58,1985,11,"056095",78.6
151.56,-29.58,1985,12,"056095",125.1
151.56,-29.58,1986,1,"056095",69.1
151.56,-29.58,1986,2,"056095",77.4
151.56,-29.58,1986,3,"056095",40
151.56,-29.58,1986,4,"056095",1.8
151.56,-29.58,1986,5,"056095",50.8
151.56,-29.58,1986,6,"056095",1
151.56,-29.58,1986,7,"056095",83.6
151.56,-29.58,1986,8,"056095",50.1
151.56,-29.58,1986,9,"056095",43.2
151.56,-29.58,1986,10,"056095",65
151.56,-29.58,1986,11,"056095",89.5
151.56,-29.58,1986,12,"056095",59
151.56,-29.58,1987,1,"056095",185.4
151.56,-29.58,1987,2,"056095",23.4
151.56,-29.58,1987,3,"056095",108.3
151.56,-29.58,1987,4,"056095",11.4
151.56,-29.58,1987,5,"056095",50.3
151.56,-29.58,1987,6,"056095",42
151.56,-29.58,1987,7,"056095",41
151.56,-29.58,1987,8,"056095",91.2
151.56,-29.58,1987,9,"056095",32.4
151.56,-29.58,1987,10,"056095",52
151.56,-29.58,1987,11,"056095",56
151.56,-29.58,1987,12,"056095",120.8
151.56,-29.58,1988,1,"056095",129
151.56,-29.58,1988,2,"056095",121.6
151.56,-29.58,1988,3,"056095",9
151.56,-29.58,1988,4,"056095",203.8
151.56,-29.58,1988,5,"056095",45.8
151.56,-29.58,1988,6,"056095",24.4
151.56,-29.58,1988,7,"056095",58.1
151.56,-29.58,1988,8,"056095",82
151.56,-29.58,1988,9,"056095",74
151.56,-29.58,1988,10,"056095",31.8
151.56,-29.58,1988,11,"056095",85.6
151.56,-29.58,1988,12,"056095",43.5
151.56,-29.58,1989,1,"056095",50.3
151.56,-29.58,1989,2,"056095",35.6
151.56,-29.58,1989,3,"056095",NA
151.56,-29.58,1989,4,"056095",NA
151.56,-29.58,1989,5,"056095",NA
151.56,-29.58,1989,6,"056095",NA
151.56,-29.58,1989,7,"056095",NA
151.56,-29.58,1989,8,"056095",NA
151.56,-29.58,1989,9,"056095",NA
151.56,-29.58,1989,10,"056095",NA
151.56,-29.58,1989,11,"056095",NA
151.56,-29.58,1989,12,"056095",NA
151.56,-29.58,1992,1,"056095",82.3
151.56,-29.58,1992,2,"056095",94.5
151.56,-29.58,1992,3,"056095",29
151.56,-29.58,1992,4,"056095",34.3
151.56,-29.58,1992,5,"056095",82.4
151.56,-29.58,1992,6,"056095",30
151.56,-29.58,1992,7,"056095",29.1
151.56,-29.58,1992,8,"056095",84
151.56,-29.58,1992,9,"056095",38.8
151.56,-29.58,1992,10,"056095",71.5
151.56,-29.58,1992,11,"056095",141.9
151.56,-29.58,1992,12,"056095",98.6
151.56,-29.58,1993,1,"056095",77.6
151.56,-29.58,1993,2,"056095",38
151.56,-29.58,1993,3,"056095",38.1
151.56,-29.58,1993,4,"056095",1.6
151.56,-29.58,1993,5,"056095",18.9
151.56,-29.58,1993,6,"056095",42
151.56,-29.58,1993,7,"056095",84.8
151.56,-29.58,1993,8,"056095",40.3
151.56,-29.58,1993,9,"056095",68.8
151.56,-29.58,1993,10,"056095",117.8
151.56,-29.58,1993,11,"056095",27.8
151.56,-29.58,1993,12,"056095",91
151.56,-29.58,1994,1,"056095",117.4
151.56,-29.58,1994,2,"056095",101.7
151.56,-29.58,1994,3,"056095",73.4
151.56,-29.58,1994,4,"056095",26.4
151.56,-29.58,1994,5,"056095",5.8
151.56,-29.58,1994,6,"056095",31.8
151.56,-29.58,1994,7,"056095",8.8
151.56,-29.58,1994,8,"056095",20
151.56,-29.58,1994,9,"056095",NA
151.56,-29.58,1994,10,"056095",23
151.56,-29.58,1994,11,"056095",23
151.56,-29.58,1994,12,"056095",100
151.56,-29.58,1995,1,"056095",118.9
151.56,-29.58,1995,2,"056095",77
151.56,-29.58,1995,3,"056095",10
151.56,-29.58,1995,4,"056095",4
151.56,-29.58,1995,5,"056095",47
151.56,-29.58,1995,6,"056095",89
151.56,-29.58,1995,7,"056095",24
151.56,-29.58,1995,8,"056095",0
151.56,-29.58,1995,9,"056095",80
151.56,-29.58,1995,10,"056095",48
151.56,-29.58,1995,11,"056095",179
151.56,-29.58,1995,12,"056095",100.2
151.56,-29.58,1996,1,"056095",241
151.56,-29.58,1996,2,"056095",108
151.56,-29.58,1996,3,"056095",26
151.56,-29.58,1996,4,"056095",19
151.56,-29.58,1996,5,"056095",113
151.56,-29.58,1996,6,"056095",28
151.56,-29.58,1996,7,"056095",15.4
151.56,-29.58,1996,8,"056095",0
151.56,-29.58,1996,9,"056095",203
151.56,-29.58,1996,10,"056095",28
151.56,-29.58,1996,11,"056095",5.8
151.56,-29.58,1996,12,"056095",14.7
151.56,-29.58,1997,1,"056095",69
151.56,-29.58,1997,2,"056095",223
151.56,-29.58,1997,3,"056095",29
151.56,-29.58,1997,4,"056095",0
151.56,-29.58,1997,5,"056095",84
151.56,-29.58,1997,6,"056095",37
151.56,-29.58,1997,7,"056095",12
151.56,-29.58,1997,8,"056095",16
151.56,-29.58,1997,9,"056095",71
151.56,-29.58,1997,10,"056095",104
151.56,-29.58,1997,11,"056095",NA
151.56,-29.58,1997,12,"056095",77
151.56,-29.58,1998,1,"056095",111
151.56,-29.58,1998,2,"056095",161
151.56,-29.58,1998,3,"056095",0
151.56,-29.58,1998,4,"056095",34
151.56,-29.58,1998,5,"056095",240
151.56,-29.58,1998,6,"056095",134
151.56,-29.58,1998,7,"056095",NA
151.56,-29.58,1998,8,"056095",NA
151.56,-29.58,1998,9,"056095",106
151.56,-29.58,1998,10,"056095",99
151.56,-29.58,1998,11,"056095",107
151.56,-29.58,1998,12,"056095",62
151.56,-29.58,1999,1,"056095",92
151.56,-29.58,1999,2,"056095",50
151.56,-29.58,1999,3,"056095",121
151.56,-29.58,1999,4,"056095",53.7
151.56,-29.58,1999,5,"056095",5
151.56,-29.58,1999,6,"056095",30
151.56,-29.58,1999,7,"056095",35.3
151.56,-29.58,1999,8,"056095",NA
151.56,-29.58,1999,9,"056095",40.6
151.56,-29.58,1999,10,"056095",132
151.56,-29.58,1999,11,"056095",107.2
151.56,-29.58,1999,12,"056095",98.2
151.56,-29.58,2000,1,"056095",39.7
151.56,-29.58,2000,2,"056095",28.8
151.56,-29.58,2000,3,"056095",112.2
151.56,-29.58,2000,4,"056095",21.2
151.56,-29.58,2000,5,"056095",55.1
151.56,-29.58,2000,6,"056095",14.2
151.56,-29.58,2000,7,"056095",35.9
151.56,-29.58,2000,8,"056095",24.4
151.56,-29.58,2000,9,"056095",23.2
151.56,-29.58,2000,10,"056095",115.2
151.56,-29.58,2000,11,"056095",251.8
151.56,-29.58,2000,12,"056095",90.8
151.56,-29.58,2001,1,"056095",104.5
151.56,-29.58,2001,2,"056095",93
151.56,-29.58,2001,3,"056095",172.8
151.56,-29.58,2001,4,"056095",39.2
151.56,-29.58,2001,5,"056095",34.2
151.56,-29.58,2001,6,"056095",15
151.56,-29.58,2001,7,"056095",59.5
151.56,-29.58,2001,8,"056095",44.8
151.56,-29.58,2001,9,"056095",28.4
151.56,-29.58,2001,10,"056095",NA
151.56,-29.58,2001,11,"056095",200.6
151.56,-29.58,2001,12,"056095",73.8
151.56,-29.58,2002,1,"056095",108.4
151.56,-29.58,2002,2,"056095",63.2
151.56,-29.58,2002,3,"056095",105.4
151.56,-29.58,2002,4,"056095",1.8
151.56,-29.58,2002,5,"056095",11.6
151.56,-29.58,2002,6,"056095",16
151.56,-29.58,2002,7,"056095",4
151.56,-29.58,2002,8,"056095",28
151.56,-29.58,2002,9,"056095",36.8
151.56,-29.58,2002,10,"056095",27.8
151.56,-29.58,2002,11,"056095",90.2
151.56,-29.58,2002,12,"056095",127.3
151.56,-29.58,2003,1,"056095",36.2
151.56,-29.58,2003,2,"056095",117.2
151.56,-29.58,2003,3,"056095",64.6
151.56,-29.58,2003,4,"056095",79.2
151.56,-29.58,2003,5,"056095",4.2
151.56,-29.58,2003,6,"056095",47.8
151.56,-29.58,2003,7,"056095",35.7
151.56,-29.58,2003,8,"056095",38.2
151.56,-29.58,2003,9,"056095",6.8
151.56,-29.58,2003,10,"056095",169.2
151.56,-29.58,2003,11,"056095",114.8
151.56,-29.58,2003,12,"056095",110.8
151.56,-29.58,2004,1,"056095",213.8
151.56,-29.58,2004,2,"056095",101
151.56,-29.58,2004,3,"056095",52
151.56,-29.58,2004,4,"056095",36
151.56,-29.58,2004,5,"056095",16.8
151.56,-29.58,2004,6,"056095",23.2
151.56,-29.58,2004,7,"056095",28.8
151.56,-29.58,2004,8,"056095",54
151.56,-29.58,2004,9,"056095",91.6
151.56,-29.58,2004,10,"056095",NA
151.56,-29.58,2004,11,"056095",68
151.56,-29.58,2004,12,"056095",196
151.56,-29.58,2005,1,"056095",56
151.56,-29.58,2005,2,"056095",63
151.56,-29.58,2005,3,"056095",NA
151.56,-29.58,2005,4,"056095",4
151.56,-29.58,2005,5,"056095",15
151.56,-29.58,2005,6,"056095",99.4
151.56,-29.58,2005,7,"056095",51
151.56,-29.58,2005,8,"056095",22.2
151.56,-29.58,2005,9,"056095",NA
151.56,-29.58,2005,10,"056095",78.6
151.56,-29.58,2005,11,"056095",NA
151.56,-29.58,2005,12,"056095",NA
151.56,-29.58,2006,1,"056095",165.2
151.56,-29.58,2006,2,"056095",132.8
151.56,-29.58,2006,3,"056095",72.8
151.56,-29.58,2006,4,"056095",26
151.56,-29.58,2006,5,"056095",NA
151.56,-29.58,2006,6,"056095",78
151.56,-29.58,2006,7,"056095",52
151.56,-29.58,2006,8,"056095",32.6
151.56,-29.58,2006,9,"056095",NA
151.56,-29.58,2006,10,"056095",NA
151.56,-29.58,2006,11,"056095",NA
151.56,-29.58,2006,12,"056095",NA
151.56,-29.58,2010,1,"056095",167.9
151.56,-29.58,2010,2,"056095",63.2
151.56,-29.58,2010,3,"056095",84.2
151.56,-29.58,2010,4,"056095",0
151.56,-29.58,2010,5,"056095",NA
151.56,-29.58,2010,6,"056095",40.6
151.56,-29.58,2010,7,"056095",NA
151.56,-29.58,2010,8,"056095",NA
151.56,-29.58,2010,9,"056095",166.2
151.56,-29.58,2010,10,"056095",79.7
151.56,-29.58,2010,11,"056095",85
151.56,-29.58,2010,12,"056095",88.6
151.56,-29.58,2011,1,"056095",NA
151.56,-29.58,2011,2,"056095",56.6
151.56,-29.58,2011,3,"056095",120.5
151.56,-29.58,2011,4,"056095",52
151.56,-29.58,2011,5,"056095",88
151.56,-29.58,2011,6,"056095",41.4
151.56,-29.58,2011,7,"056095",0
151.56,-29.58,2011,8,"056095",91
151.56,-29.58,2011,9,"056095",91
151.56,-29.58,2011,10,"056095",NA
151.56,-29.58,2011,11,"056095",176
151.56,-29.58,2011,12,"056095",92.8
151.56,-29.58,2012,1,"056095",81
151.56,-29.58,2012,2,"056095",111
151.56,-29.58,2012,3,"056095",33
151.56,-29.58,2012,4,"056095",57
151.56,-29.58,2012,5,"056095",34.5
151.56,-29.58,2012,6,"056095",NA
151.56,-29.58,2012,7,"056095",NA
151.56,-29.58,2012,8,"056095",7
151.56,-29.58,2012,9,"056095",48
151.56,-29.58,2012,10,"056095",44
151.56,-29.58,2012,11,"056095",92
151.56,-29.58,2012,12,"056095",NA
151.56,-29.58,2013,1,"056095",125.2
151.56,-29.58,2013,2,"056095",106.3
151.56,-29.58,2013,3,"056095",29.6
151.56,-29.58,2013,4,"056095",NA
151.56,-29.58,2013,5,"056095",NA
151.56,-29.58,2013,6,"056095",NA
151.56,-29.58,2013,7,"056095",29
151.56,-29.58,2013,8,"056095",13
151.56,-29.58,2013,9,"056095",30
151.56,-29.58,2013,10,"056095",29
151.56,-29.58,2013,11,"056095",99.9
151.56,-29.58,2013,12,"056095",36
151.56,-29.58,2014,1,"056095",46
151.56,-29.58,2014,2,"056095",36
151.56,-29.58,2014,3,"056095",142
151.56,-29.58,2014,4,"056095",NA
151.56,-29.58,2014,5,"056095",8
151.56,-29.58,2014,6,"056095",33
151.56,-29.58,2014,7,"056095",32
151.56,-29.58,2014,8,"056095",68
151.56,-29.58,2014,9,"056095",54
151.56,-29.58,2014,10,"056095",19.3
151.56,-29.58,2014,11,"056095",50.9
151.56,-29.58,2014,12,"056095",124.7
151.56,-29.58,2015,1,"056095",110.8
151.56,-29.58,2015,2,"056095",75.8
151.56,-29.58,2015,3,"056095",124.4
151.56,-29.58,2015,4,"056095",NA
151.56,-29.58,2015,5,"056095",NA
151.56,-29.58,2015,6,"056095",NA
151.56,-29.58,2015,7,"056095",NA
151.56,-29.58,2015,8,"056095",NA
151.56,-29.58,2015,9,"056095",NA
151.56,-29.58,2015,10,"056095",NA
151.56,-29.58,2015,11,"056095",NA
151.56,-29.58,2015,12,"056095",NA
151.56,-29.58,2016,1,"056095",NA
151.56,-29.58,2016,2,"056095",20
151.56,-29.58,2016,3,"056095",21
151.56,-29.58,2016,4,"056095",14.8
151.56,-29.58,2016,5,"056095",42.2
151.56,-29.58,2016,6,"056095",126.8
151.56,-29.58,2016,7,"056095",56.2
151.56,-29.58,2016,8,"056095",112.7
151.56,-29.58,2016,9,"056095",NA
151.56,-29.58,2016,10,"056095",108.2
151.56,-29.58,2016,11,"056095",54.9
151.56,-29.58,2016,12,"056095",70.3
151.56,-29.58,2017,1,"056095",190.2
151.56,-29.58,2017,2,"056095",48
151.56,-29.58,2017,3,"056095",304.7
151.56,-29.58,2017,4,"056095",45.4
151.56,-29.58,2017,5,"056095",54.6
151.56,-29.58,2017,6,"056095",43.2
151.56,-29.58,2017,7,"056095",31.8
151.56,-29.58,2017,8,"056095",10.5
151.56,-29.58,2017,9,"056095",5.8
151.56,-29.58,2017,10,"056095",143.1
151.56,-29.58,2017,11,"056095",45.8
151.56,-29.58,2017,12,"056095",159.3
151.56,-29.58,2018,1,"056095",36.1
151.56,-29.58,2018,2,"056095",94.1
151.56,-29.58,2018,3,"056095",27.3
151.56,-29.58,2018,4,"056095",46
151.56,-29.58,2018,5,"056095",3
151.56,-29.58,2018,6,"056095",4.9
151.56,-29.58,2018,7,"056095",60.6
151.56,-29.58,2018,8,"056095",42.3
151.56,-29.58,2018,9,"056095",61.9
151.56,-29.58,2018,10,"056095",51
151.56,-29.58,2018,11,"056095",89
151.56,-29.58,2018,12,"056095",58.8
151.56,-29.58,2019,1,"056095",90.2
151.56,-29.58,2019,2,"056095",3.8
151.56,-29.58,2019,3,"056095",78.2
151.56,-29.58,2019,4,"056095",0
151.56,-29.58,2019,5,"056095",13
151.56,-29.58,2019,6,"056095",14.6
151.56,-29.58,2019,7,"056095",1.4
151.56,-29.58,2019,8,"056095",12.6
151.56,-29.58,2019,9,"056095",11
151.56,-29.58,2019,10,"056095",46
151.56,-29.58,2019,11,"056095",95
151.56,-29.58,2019,12,"056095",40.9
151.56,-29.58,2020,1,"056095",66.8
151.56,-29.58,2020,2,"056095",180.4
151.56,-29.58,2020,3,"056095",NA
151.56,-29.58,2020,4,"056095",NA
151.56,-29.58,2020,5,"056095",NA
151.56,-29.58,2020,6,"056095",NA
151.56,-29.58,2020,7,"056095",NA
151.56,-29.58,2020,8,"056095",NA
151.56,-29.58,2020,9,"056095",NA
151.56,-29.58,2020,10,"056095",NA
151.56,-29.58,2020,11,"056095",NA
151.56,-29.58,2020,12,"056095",NA
