"Lon","Lat","Year","Month","Station","Rain"
150.75,-29.25,1901,1,"054012",NA
150.75,-29.25,1901,2,"054012",NA
150.75,-29.25,1901,3,"054012",NA
150.75,-29.25,1901,4,"054012",NA
150.75,-29.25,1901,5,"054012",NA
150.75,-29.25,1901,6,"054012",91.9
150.75,-29.25,1901,7,"054012",29.5
150.75,-29.25,1901,8,"054012",82.5
150.75,-29.25,1901,9,"054012",39.4
150.75,-29.25,1901,10,"054012",67.9
150.75,-29.25,1901,11,"054012",45.3
150.75,-29.25,1901,12,"054012",26.2
150.75,-29.25,1902,1,"054012",23.4
150.75,-29.25,1902,2,"054012",25.4
150.75,-29.25,1902,3,"054012",35.6
150.75,-29.25,1902,4,"054012",2.3
150.75,-29.25,1902,5,"054012",3.6
150.75,-29.25,1902,6,"054012",20.9
150.75,-29.25,1902,7,"054012",1
150.75,-29.25,1902,8,"054012",87.4
150.75,-29.25,1902,9,"054012",18.4
150.75,-29.25,1902,10,"054012",32.2
150.75,-29.25,1902,11,"054012",16.8
150.75,-29.25,1902,12,"054012",90.7
150.75,-29.25,1903,1,"054012",30.2
150.75,-29.25,1903,2,"054012",19.6
150.75,-29.25,1903,3,"054012",74.8
150.75,-29.25,1903,4,"054012",45
150.75,-29.25,1903,5,"054012",50.6
150.75,-29.25,1903,6,"054012",58
150.75,-29.25,1903,7,"054012",165.3
150.75,-29.25,1903,8,"054012",72.8
150.75,-29.25,1903,9,"054012",137.5
150.75,-29.25,1903,10,"054012",57.9
150.75,-29.25,1903,11,"054012",149.2
150.75,-29.25,1903,12,"054012",68.8
150.75,-29.25,1904,1,"054012",66.9
150.75,-29.25,1904,2,"054012",107.8
150.75,-29.25,1904,3,"054012",167.6
150.75,-29.25,1904,4,"054012",13
150.75,-29.25,1904,5,"054012",112
150.75,-29.25,1904,6,"054012",12
150.75,-29.25,1904,7,"054012",60.5
150.75,-29.25,1904,8,"054012",34
150.75,-29.25,1904,9,"054012",39.4
150.75,-29.25,1904,10,"054012",76.3
150.75,-29.25,1904,11,"054012",12.8
150.75,-29.25,1904,12,"054012",35.8
150.75,-29.25,1905,1,"054012",76.7
150.75,-29.25,1905,2,"054012",44.3
150.75,-29.25,1905,3,"054012",62.5
150.75,-29.25,1905,4,"054012",121.1
150.75,-29.25,1905,5,"054012",79.7
150.75,-29.25,1905,6,"054012",10.7
150.75,-29.25,1905,7,"054012",23.4
150.75,-29.25,1905,8,"054012",24.6
150.75,-29.25,1905,9,"054012",5
150.75,-29.25,1905,10,"054012",65.7
150.75,-29.25,1905,11,"054012",44.7
150.75,-29.25,1905,12,"054012",65.1
150.75,-29.25,1906,1,"054012",83.3
150.75,-29.25,1906,2,"054012",92.4
150.75,-29.25,1906,3,"054012",75.5
150.75,-29.25,1906,4,"054012",27.7
150.75,-29.25,1906,5,"054012",28.9
150.75,-29.25,1906,6,"054012",27.4
150.75,-29.25,1906,7,"054012",14.9
150.75,-29.25,1906,8,"054012",65
150.75,-29.25,1906,9,"054012",83.8
150.75,-29.25,1906,10,"054012",124
150.75,-29.25,1906,11,"054012",48.3
150.75,-29.25,1906,12,"054012",56.4
150.75,-29.25,1907,1,"054012",113.1
150.75,-29.25,1907,2,"054012",60.2
150.75,-29.25,1907,3,"054012",191.8
150.75,-29.25,1907,4,"054012",17
150.75,-29.25,1907,5,"054012",19.7
150.75,-29.25,1907,6,"054012",67.1
150.75,-29.25,1907,7,"054012",37.5
150.75,-29.25,1907,8,"054012",49.5
150.75,-29.25,1907,9,"054012",2.8
150.75,-29.25,1907,10,"054012",36.4
150.75,-29.25,1907,11,"054012",102.8
150.75,-29.25,1907,12,"054012",45.3
150.75,-29.25,1908,1,"054012",27.4
150.75,-29.25,1908,2,"054012",136.4
150.75,-29.25,1908,3,"054012",101.6
150.75,-29.25,1908,4,"054012",73.5
150.75,-29.25,1908,5,"054012",12.2
150.75,-29.25,1908,6,"054012",44.7
150.75,-29.25,1908,7,"054012",18.3
150.75,-29.25,1908,8,"054012",83.4
150.75,-29.25,1908,9,"054012",41.4
150.75,-29.25,1908,10,"054012",43.7
150.75,-29.25,1908,11,"054012",39.9
150.75,-29.25,1908,12,"054012",59.9
150.75,-29.25,1909,1,"054012",17.8
150.75,-29.25,1909,2,"054012",88.3
150.75,-29.25,1909,3,"054012",8.6
150.75,-29.25,1909,4,"054012",64
150.75,-29.25,1909,5,"054012",38.9
150.75,-29.25,1909,6,"054012",91.7
150.75,-29.25,1909,7,"054012",28.5
150.75,-29.25,1909,8,"054012",156
150.75,-29.25,1909,9,"054012",38.1
150.75,-29.25,1909,10,"054012",38.9
150.75,-29.25,1909,11,"054012",77
150.75,-29.25,1909,12,"054012",62
150.75,-29.25,1910,1,"054012",257.4
150.75,-29.25,1910,2,"054012",82.8
150.75,-29.25,1910,3,"054012",231.3
150.75,-29.25,1910,4,"054012",31.3
150.75,-29.25,1910,5,"054012",8.6
150.75,-29.25,1910,6,"054012",98.7
150.75,-29.25,1910,7,"054012",63.2
150.75,-29.25,1910,8,"054012",11.2
150.75,-29.25,1910,9,"054012",4.1
150.75,-29.25,1910,10,"054012",81.5
150.75,-29.25,1910,11,"054012",49
150.75,-29.25,1910,12,"054012",118.7
150.75,-29.25,1911,1,"054012",170.4
150.75,-29.25,1911,2,"054012",119.5
150.75,-29.25,1911,3,"054012",57.4
150.75,-29.25,1911,4,"054012",23.6
150.75,-29.25,1911,5,"054012",66.2
150.75,-29.25,1911,6,"054012",9.1
150.75,-29.25,1911,7,"054012",36.3
150.75,-29.25,1911,8,"054012",27.4
150.75,-29.25,1911,9,"054012",72.3
150.75,-29.25,1911,10,"054012",52.3
150.75,-29.25,1911,11,"054012",18.8
150.75,-29.25,1911,12,"054012",42.9
150.75,-29.25,1912,1,"054012",59.5
150.75,-29.25,1912,2,"054012",52.9
150.75,-29.25,1912,3,"054012",90.7
150.75,-29.25,1912,4,"054012",0
150.75,-29.25,1912,5,"054012",17.5
150.75,-29.25,1912,6,"054012",145.3
150.75,-29.25,1912,7,"054012",73.8
150.75,-29.25,1912,8,"054012",25.7
150.75,-29.25,1912,9,"054012",32.2
150.75,-29.25,1912,10,"054012",67.9
150.75,-29.25,1912,11,"054012",49.2
150.75,-29.25,1912,12,"054012",16.5
150.75,-29.25,1913,1,"054012",91.5
150.75,-29.25,1913,2,"054012",56.6
150.75,-29.25,1913,3,"054012",67.3
150.75,-29.25,1913,4,"054012",21.6
150.75,-29.25,1913,5,"054012",170.3
150.75,-29.25,1913,6,"054012",85.9
150.75,-29.25,1913,7,"054012",21.5
150.75,-29.25,1913,8,"054012",5
150.75,-29.25,1913,9,"054012",30.3
150.75,-29.25,1913,10,"054012",56.4
150.75,-29.25,1913,11,"054012",28.2
150.75,-29.25,1913,12,"054012",97.5
150.75,-29.25,1914,1,"054012",61.9
150.75,-29.25,1914,2,"054012",102.9
150.75,-29.25,1914,3,"054012",109.4
150.75,-29.25,1914,4,"054012",38.1
150.75,-29.25,1914,5,"054012",79.4
150.75,-29.25,1914,6,"054012",17.4
150.75,-29.25,1914,7,"054012",51.4
150.75,-29.25,1914,8,"054012",8.4
150.75,-29.25,1914,9,"054012",2.8
150.75,-29.25,1914,10,"054012",73.2
150.75,-29.25,1914,11,"054012",32.9
150.75,-29.25,1914,12,"054012",78.4
150.75,-29.25,1915,1,"054012",16.7
150.75,-29.25,1915,2,"054012",18
150.75,-29.25,1915,3,"054012",5.4
150.75,-29.25,1915,4,"054012",12.7
150.75,-29.25,1915,5,"054012",81.6
150.75,-29.25,1915,6,"054012",23.1
150.75,-29.25,1915,7,"054012",49.6
150.75,-29.25,1915,8,"054012",63.7
150.75,-29.25,1915,9,"054012",25
150.75,-29.25,1915,10,"054012",22.3
150.75,-29.25,1915,11,"054012",2.8
150.75,-29.25,1915,12,"054012",63
150.75,-29.25,1916,1,"054012",55.4
150.75,-29.25,1916,2,"054012",124.8
150.75,-29.25,1916,3,"054012",63.2
150.75,-29.25,1916,4,"054012",63.5
150.75,-29.25,1916,5,"054012",8.9
150.75,-29.25,1916,6,"054012",84.1
150.75,-29.25,1916,7,"054012",107.9
150.75,-29.25,1916,8,"054012",63.7
150.75,-29.25,1916,9,"054012",55.2
150.75,-29.25,1916,10,"054012",37
150.75,-29.25,1916,11,"054012",134.1
150.75,-29.25,1916,12,"054012",353.3
150.75,-29.25,1917,1,"054012",219.7
150.75,-29.25,1917,2,"054012",125
150.75,-29.25,1917,3,"054012",67.4
150.75,-29.25,1917,4,"054012",8.7
150.75,-29.25,1917,5,"054012",4.3
150.75,-29.25,1917,6,"054012",28.6
150.75,-29.25,1917,7,"054012",20.3
150.75,-29.25,1917,8,"054012",24.2
150.75,-29.25,1917,9,"054012",141.6
150.75,-29.25,1917,10,"054012",40.4
150.75,-29.25,1917,11,"054012",188.2
150.75,-29.25,1917,12,"054012",106.7
150.75,-29.25,1918,1,"054012",145.6
150.75,-29.25,1918,2,"054012",16.2
150.75,-29.25,1918,3,"054012",0
150.75,-29.25,1918,4,"054012",43.7
150.75,-29.25,1918,5,"054012",10.2
150.75,-29.25,1918,6,"054012",5.6
150.75,-29.25,1918,7,"054012",40.7
150.75,-29.25,1918,8,"054012",85.6
150.75,-29.25,1918,9,"054012",6.3
150.75,-29.25,1918,10,"054012",19.1
150.75,-29.25,1918,11,"054012",36.6
150.75,-29.25,1918,12,"054012",19.6
150.75,-29.25,1919,1,"054012",25.3
150.75,-29.25,1919,2,"054012",30.2
150.75,-29.25,1919,3,"054012",24.9
150.75,-29.25,1919,4,"054012",28.6
150.75,-29.25,1919,5,"054012",44.5
150.75,-29.25,1919,6,"054012",25.7
150.75,-29.25,1919,7,"054012",5.1
150.75,-29.25,1919,8,"054012",15.3
150.75,-29.25,1919,9,"054012",0
150.75,-29.25,1919,10,"054012",17
150.75,-29.25,1919,11,"054012",14.2
150.75,-29.25,1919,12,"054012",44
150.75,-29.25,1920,1,"054012",48.8
150.75,-29.25,1920,2,"054012",29
150.75,-29.25,1920,3,"054012",19.1
150.75,-29.25,1920,4,"054012",25.9
150.75,-29.25,1920,5,"054012",29.7
150.75,-29.25,1920,6,"054012",134.7
150.75,-29.25,1920,7,"054012",86.2
150.75,-29.25,1920,8,"054012",46
150.75,-29.25,1920,9,"054012",57.9
150.75,-29.25,1920,10,"054012",75.9
150.75,-29.25,1920,11,"054012",68.3
150.75,-29.25,1920,12,"054012",90.7
150.75,-29.25,1921,1,"054012",4.3
150.75,-29.25,1921,2,"054012",17.5
150.75,-29.25,1921,3,"054012",93.7
150.75,-29.25,1921,4,"054012",31.7
150.75,-29.25,1921,5,"054012",140.3
150.75,-29.25,1921,6,"054012",167.5
150.75,-29.25,1921,7,"054012",160.3
150.75,-29.25,1921,8,"054012",16.5
150.75,-29.25,1921,9,"054012",86.9
150.75,-29.25,1921,10,"054012",95
150.75,-29.25,1921,11,"054012",53.5
150.75,-29.25,1921,12,"054012",144.8
150.75,-29.25,1922,1,"054012",67.8
150.75,-29.25,1922,2,"054012",14.2
150.75,-29.25,1922,3,"054012",35.3
150.75,-29.25,1922,4,"054012",0
150.75,-29.25,1922,5,"054012",0
150.75,-29.25,1922,6,"054012",32.8
150.75,-29.25,1922,7,"054012",55.9
150.75,-29.25,1922,8,"054012",9.9
150.75,-29.25,1922,9,"054012",83.9
150.75,-29.25,1922,10,"054012",40.6
150.75,-29.25,1922,11,"054012",31
150.75,-29.25,1922,12,"054012",72.7
150.75,-29.25,1923,1,"054012",30.3
150.75,-29.25,1923,2,"054012",101.1
150.75,-29.25,1923,3,"054012",55.8
150.75,-29.25,1923,4,"054012",2.5
150.75,-29.25,1923,5,"054012",6.6
150.75,-29.25,1923,6,"054012",90
150.75,-29.25,1923,7,"054012",35
150.75,-29.25,1923,8,"054012",12.7
150.75,-29.25,1923,9,"054012",42
150.75,-29.25,1923,10,"054012",NA
150.75,-29.25,1923,11,"054012",NA
150.75,-29.25,1923,12,"054012",NA
150.75,-29.25,1924,1,"054012",77
150.75,-29.25,1924,2,"054012",138.7
150.75,-29.25,1924,3,"054012",12.4
150.75,-29.25,1924,4,"054012",53.9
150.75,-29.25,1924,5,"054012",NA
150.75,-29.25,1924,6,"054012",NA
150.75,-29.25,1924,7,"054012",NA
150.75,-29.25,1924,8,"054012",NA
150.75,-29.25,1924,9,"054012",NA
150.75,-29.25,1924,10,"054012",NA
150.75,-29.25,1924,11,"054012",NA
150.75,-29.25,1924,12,"054012",NA
150.75,-29.25,1925,1,"054012",155.3
150.75,-29.25,1925,2,"054012",32.3
150.75,-29.25,1925,3,"054012",25.9
150.75,-29.25,1925,4,"054012",0
150.75,-29.25,1925,5,"054012",62.3
150.75,-29.25,1925,6,"054012",10.2
150.75,-29.25,1925,7,"054012",NA
150.75,-29.25,1925,8,"054012",66.9
150.75,-29.25,1925,9,"054012",7.4
150.75,-29.25,1925,10,"054012",18.2
150.75,-29.25,1925,11,"054012",160.7
150.75,-29.25,1925,12,"054012",87.8
150.75,-29.25,1926,1,"054012",NA
150.75,-29.25,1926,2,"054012",28.9
150.75,-29.25,1926,3,"054012",27.9
150.75,-29.25,1926,4,"054012",NA
150.75,-29.25,1926,5,"054012",NA
150.75,-29.25,1926,6,"054012",NA
150.75,-29.25,1926,7,"054012",NA
150.75,-29.25,1926,8,"054012",NA
150.75,-29.25,1926,9,"054012",NA
150.75,-29.25,1926,10,"054012",NA
150.75,-29.25,1926,11,"054012",NA
150.75,-29.25,1926,12,"054012",136
150.75,-29.25,1927,1,"054012",65.8
150.75,-29.25,1927,2,"054012",6.6
150.75,-29.25,1927,3,"054012",61.4
150.75,-29.25,1927,4,"054012",49.5
150.75,-29.25,1927,5,"054012",1.8
150.75,-29.25,1927,6,"054012",26.5
150.75,-29.25,1927,7,"054012",4
150.75,-29.25,1927,8,"054012",33.5
150.75,-29.25,1927,9,"054012",9.2
150.75,-29.25,1927,10,"054012",56.6
150.75,-29.25,1927,11,"054012",114.8
150.75,-29.25,1927,12,"054012",107.3
150.75,-29.25,1928,1,"054012",57.5
150.75,-29.25,1928,2,"054012",67.7
150.75,-29.25,1928,3,"054012",56.5
150.75,-29.25,1928,4,"054012",88.6
150.75,-29.25,1928,5,"054012",67.1
150.75,-29.25,1928,6,"054012",88.6
150.75,-29.25,1928,7,"054012",NA
150.75,-29.25,1928,8,"054012",NA
150.75,-29.25,1928,9,"054012",NA
150.75,-29.25,1928,10,"054012",NA
150.75,-29.25,1928,11,"054012",NA
150.75,-29.25,1928,12,"054012",NA
150.75,-29.25,1931,1,"054012",42.7
150.75,-29.25,1931,2,"054012",25.4
150.75,-29.25,1931,3,"054012",73.6
150.75,-29.25,1931,4,"054012",38.1
150.75,-29.25,1931,5,"054012",52.6
150.75,-29.25,1931,6,"054012",84.6
150.75,-29.25,1931,7,"054012",67.6
150.75,-29.25,1931,8,"054012",17.8
150.75,-29.25,1931,9,"054012",37.9
150.75,-29.25,1931,10,"054012",40.9
150.75,-29.25,1931,11,"054012",64.7
150.75,-29.25,1931,12,"054012",146.7
150.75,-29.25,1933,1,"054012",190
150.75,-29.25,1933,2,"054012",7.6
150.75,-29.25,1933,3,"054012",20.3
150.75,-29.25,1933,4,"054012",8.4
150.75,-29.25,1933,5,"054012",43.9
150.75,-29.25,1933,6,"054012",64.8
150.75,-29.25,1933,7,"054012",87.4
150.75,-29.25,1933,8,"054012",56.2
150.75,-29.25,1933,9,"054012",53.4
150.75,-29.25,1933,10,"054012",131
150.75,-29.25,1933,11,"054012",80.2
150.75,-29.25,1933,12,"054012",37.4
150.75,-29.25,1934,1,"054012",68.6
150.75,-29.25,1934,2,"054012",148.8
150.75,-29.25,1934,3,"054012",9.4
150.75,-29.25,1934,4,"054012",36.1
150.75,-29.25,1934,5,"054012",55
150.75,-29.25,1934,6,"054012",41.4
150.75,-29.25,1934,7,"054012",58.9
150.75,-29.25,1934,8,"054012",41.1
150.75,-29.25,1934,9,"054012",43.2
150.75,-29.25,1934,10,"054012",103.4
150.75,-29.25,1934,11,"054012",54
150.75,-29.25,1934,12,"054012",144.1
150.75,-29.25,1937,1,"054012",NA
150.75,-29.25,1937,2,"054012",NA
150.75,-29.25,1937,3,"054012",NA
150.75,-29.25,1937,4,"054012",NA
150.75,-29.25,1937,5,"054012",NA
150.75,-29.25,1937,6,"054012",NA
150.75,-29.25,1937,7,"054012",NA
150.75,-29.25,1937,8,"054012",NA
150.75,-29.25,1937,9,"054012",26
150.75,-29.25,1937,10,"054012",9.7
150.75,-29.25,1937,11,"054012",140.9
150.75,-29.25,1937,12,"054012",70.7
150.75,-29.25,1938,1,"054012",81.9
150.75,-29.25,1938,2,"054012",85.1
150.75,-29.25,1938,3,"054012",6.6
150.75,-29.25,1938,4,"054012",8.2
150.75,-29.25,1938,5,"054012",133.6
150.75,-29.25,1938,6,"054012",41.1
150.75,-29.25,1938,7,"054012",25.1
150.75,-29.25,1938,8,"054012",69.7
150.75,-29.25,1938,9,"054012",9.7
150.75,-29.25,1938,10,"054012",140.9
150.75,-29.25,1938,11,"054012",188.4
150.75,-29.25,1938,12,"054012",11.2
150.75,-29.25,1939,1,"054012",76.7
150.75,-29.25,1939,2,"054012",4.6
150.75,-29.25,1939,3,"054012",103.2
150.75,-29.25,1939,4,"054012",57.5
150.75,-29.25,1939,5,"054012",10.2
150.75,-29.25,1939,6,"054012",53.8
150.75,-29.25,1939,7,"054012",35.5
150.75,-29.25,1939,8,"054012",58.7
150.75,-29.25,1939,9,"054012",25.6
150.75,-29.25,1939,10,"054012",33.6
150.75,-29.25,1939,11,"054012",28.2
150.75,-29.25,1939,12,"054012",23.3
150.75,-29.25,1940,1,"054012",26.7
150.75,-29.25,1940,2,"054012",88.8
150.75,-29.25,1940,3,"054012",96.1
150.75,-29.25,1940,4,"054012",32
150.75,-29.25,1940,5,"054012",7.4
150.75,-29.25,1940,6,"054012",13.5
150.75,-29.25,1940,7,"054012",2.5
150.75,-29.25,1940,8,"054012",4.8
150.75,-29.25,1940,9,"054012",23.3
150.75,-29.25,1940,10,"054012",24.6
150.75,-29.25,1940,11,"054012",52.3
150.75,-29.25,1940,12,"054012",119.8
150.75,-29.25,1941,1,"054012",156.8
150.75,-29.25,1941,2,"054012",77.5
150.75,-29.25,1941,3,"054012",77
150.75,-29.25,1941,4,"054012",2.5
150.75,-29.25,1941,5,"054012",7.4
150.75,-29.25,1941,6,"054012",50.2
150.75,-29.25,1941,7,"054012",10.7
150.75,-29.25,1941,8,"054012",0
150.75,-29.25,1941,9,"054012",4.5
150.75,-29.25,1941,10,"054012",46.6
150.75,-29.25,1941,11,"054012",62
150.75,-29.25,1941,12,"054012",0
150.75,-29.25,1942,1,"054012",56.4
150.75,-29.25,1942,2,"054012",69.9
150.75,-29.25,1942,3,"054012",9.7
150.75,-29.25,1942,4,"054012",0
150.75,-29.25,1942,5,"054012",36.7
150.75,-29.25,1942,6,"054012",43.7
150.75,-29.25,1942,7,"054012",108.5
150.75,-29.25,1942,8,"054012",9.4
150.75,-29.25,1942,9,"054012",9.9
150.75,-29.25,1942,10,"054012",150.9
150.75,-29.25,1942,11,"054012",70.2
150.75,-29.25,1942,12,"054012",199.7
150.75,-29.25,1943,1,"054012",39.9
150.75,-29.25,1943,2,"054012",29.5
150.75,-29.25,1943,3,"054012",19.6
150.75,-29.25,1943,4,"054012",47.8
150.75,-29.25,1943,5,"054012",24.9
150.75,-29.25,1943,6,"054012",46
150.75,-29.25,1943,7,"054012",33.3
150.75,-29.25,1943,8,"054012",28.2
150.75,-29.25,1943,9,"054012",25.2
150.75,-29.25,1943,10,"054012",77.2
150.75,-29.25,1943,11,"054012",153.8
150.75,-29.25,1943,12,"054012",67.7
150.75,-29.25,1944,1,"054012",72.9
150.75,-29.25,1944,2,"054012",39.6
150.75,-29.25,1944,3,"054012",2.8
150.75,-29.25,1944,4,"054012",12.7
150.75,-29.25,1944,5,"054012",18.8
150.75,-29.25,1944,6,"054012",11.9
150.75,-29.25,1944,7,"054012",53.9
150.75,-29.25,1944,8,"054012",102.1
150.75,-29.25,1944,9,"054012",18
150.75,-29.25,1944,10,"054012",8.1
150.75,-29.25,1944,11,"054012",12.9
150.75,-29.25,1944,12,"054012",34.6
150.75,-29.25,1945,1,"054012",80
150.75,-29.25,1945,2,"054012",146.1
150.75,-29.25,1945,3,"054012",6.1
150.75,-29.25,1945,4,"054012",27.7
150.75,-29.25,1945,5,"054012",58.9
150.75,-29.25,1945,6,"054012",106.6
150.75,-29.25,1945,7,"054012",47.7
150.75,-29.25,1945,8,"054012",17.9
150.75,-29.25,1945,9,"054012",0
150.75,-29.25,1945,10,"054012",0
150.75,-29.25,1945,11,"054012",26.2
150.75,-29.25,1945,12,"054012",27.1
150.75,-29.25,1946,1,"054012",188
150.75,-29.25,1946,2,"054012",27.9
150.75,-29.25,1946,3,"054012",19.6
150.75,-29.25,1946,4,"054012",36.6
150.75,-29.25,1946,5,"054012",0
150.75,-29.25,1946,6,"054012",0
150.75,-29.25,1946,7,"054012",7.4
150.75,-29.25,1946,8,"054012",0
150.75,-29.25,1946,9,"054012",143.1
150.75,-29.25,1946,10,"054012",8.9
150.75,-29.25,1946,11,"054012",54.8
150.75,-29.25,1946,12,"054012",45.7
150.75,-29.25,1947,1,"054012",41.9
150.75,-29.25,1947,2,"054012",129.4
150.75,-29.25,1947,3,"054012",127.5
150.75,-29.25,1947,4,"054012",71.3
150.75,-29.25,1947,5,"054012",25.6
150.75,-29.25,1947,6,"054012",16.5
150.75,-29.25,1947,7,"054012",27.8
150.75,-29.25,1947,8,"054012",63.2
150.75,-29.25,1947,9,"054012",63.5
150.75,-29.25,1947,10,"054012",37.6
150.75,-29.25,1947,11,"054012",98.7
150.75,-29.25,1947,12,"054012",136.6
150.75,-29.25,1948,1,"054012",118.9
150.75,-29.25,1948,2,"054012",65.9
150.75,-29.25,1948,3,"054012",38.1
150.75,-29.25,1948,4,"054012",25.7
150.75,-29.25,1948,5,"054012",60.9
150.75,-29.25,1948,6,"054012",104.2
150.75,-29.25,1948,7,"054012",44
150.75,-29.25,1948,8,"054012",23.4
150.75,-29.25,1948,9,"054012",45
150.75,-29.25,1948,10,"054012",26.1
150.75,-29.25,1948,11,"054012",68.6
150.75,-29.25,1948,12,"054012",98.4
150.75,-29.25,1949,1,"054012",97.8
150.75,-29.25,1949,2,"054012",138.4
150.75,-29.25,1949,3,"054012",9.1
150.75,-29.25,1949,4,"054012",18.8
150.75,-29.25,1949,5,"054012",12.2
150.75,-29.25,1949,6,"054012",59.4
150.75,-29.25,1949,7,"054012",24.4
150.75,-29.25,1949,8,"054012",22.3
150.75,-29.25,1949,9,"054012",49.8
150.75,-29.25,1949,10,"054012",158.3
150.75,-29.25,1949,11,"054012",91.7
150.75,-29.25,1949,12,"054012",8.4
150.75,-29.25,1950,1,"054012",36.8
150.75,-29.25,1950,2,"054012",142.7
150.75,-29.25,1950,3,"054012",66.8
150.75,-29.25,1950,4,"054012",44.7
150.75,-29.25,1950,5,"054012",34.1
150.75,-29.25,1950,6,"054012",122.7
150.75,-29.25,1950,7,"054012",147.4
150.75,-29.25,1950,8,"054012",6.3
150.75,-29.25,1950,9,"054012",53.3
150.75,-29.25,1950,10,"054012",155.5
150.75,-29.25,1950,11,"054012",185.1
150.75,-29.25,1950,12,"054012",19.8
150.75,-29.25,1951,1,"054012",207
150.75,-29.25,1951,2,"054012",40.9
150.75,-29.25,1951,3,"054012",29.7
150.75,-29.25,1951,4,"054012",19.3
150.75,-29.25,1951,5,"054012",25.9
150.75,-29.25,1951,6,"054012",83.9
150.75,-29.25,1951,7,"054012",0
150.75,-29.25,1951,8,"054012",32.8
150.75,-29.25,1951,9,"054012",23.1
150.75,-29.25,1951,10,"054012",24.7
150.75,-29.25,1951,11,"054012",25.2
150.75,-29.25,1951,12,"054012",11.7
150.75,-29.25,1952,1,"054012",8.8
150.75,-29.25,1952,2,"054012",135.9
150.75,-29.25,1952,3,"054012",64.7
150.75,-29.25,1952,4,"054012",49
150.75,-29.25,1952,5,"054012",70.8
150.75,-29.25,1952,6,"054012",0
150.75,-29.25,1952,7,"054012",67.2
150.75,-29.25,1952,8,"054012",105.4
150.75,-29.25,1952,9,"054012",17.8
150.75,-29.25,1952,10,"054012",179
150.75,-29.25,1952,11,"054012",0
150.75,-29.25,1952,12,"054012",30.4
150.75,-29.25,1953,1,"054012",16.2
150.75,-29.25,1953,2,"054012",275.1
150.75,-29.25,1953,3,"054012",47.2
150.75,-29.25,1953,4,"054012",9.9
150.75,-29.25,1953,5,"054012",60.7
150.75,-29.25,1953,6,"054012",1.5
150.75,-29.25,1953,7,"054012",9.7
150.75,-29.25,1953,8,"054012",81.8
150.75,-29.25,1953,9,"054012",12.7
150.75,-29.25,1953,10,"054012",39.5
150.75,-29.25,1953,11,"054012",33.6
150.75,-29.25,1953,12,"054012",6.9
150.75,-29.25,1954,1,"054012",72.1
150.75,-29.25,1954,2,"054012",158.4
150.75,-29.25,1954,3,"054012",1.8
150.75,-29.25,1954,4,"054012",0
150.75,-29.25,1954,5,"054012",21.6
150.75,-29.25,1954,6,"054012",26.9
150.75,-29.25,1954,7,"054012",47.2
150.75,-29.25,1954,8,"054012",51.1
150.75,-29.25,1954,9,"054012",27.5
150.75,-29.25,1954,10,"054012",251
150.75,-29.25,1954,11,"054012",144.7
150.75,-29.25,1954,12,"054012",60.8
150.75,-29.25,1955,1,"054012",52.2
150.75,-29.25,1955,2,"054012",305.1
150.75,-29.25,1955,3,"054012",7.4
150.75,-29.25,1955,4,"054012",20.6
150.75,-29.25,1955,5,"054012",38.1
150.75,-29.25,1955,6,"054012",17.5
150.75,-29.25,1955,7,"054012",49.8
150.75,-29.25,1955,8,"054012",31.5
150.75,-29.25,1955,9,"054012",16.8
150.75,-29.25,1955,10,"054012",99.1
150.75,-29.25,1955,11,"054012",26.7
150.75,-29.25,1955,12,"054012",76.6
150.75,-29.25,1956,1,"054012",134.9
150.75,-29.25,1956,2,"054012",308.6
150.75,-29.25,1956,3,"054012",18.3
150.75,-29.25,1956,4,"054012",39.1
150.75,-29.25,1956,5,"054012",116.9
150.75,-29.25,1956,6,"054012",96.5
150.75,-29.25,1956,7,"054012",61.8
150.75,-29.25,1956,8,"054012",2.8
150.75,-29.25,1956,9,"054012",42.4
150.75,-29.25,1956,10,"054012",59.4
150.75,-29.25,1956,11,"054012",32.7
150.75,-29.25,1956,12,"054012",37.1
150.75,-29.25,1957,1,"054012",74.8
150.75,-29.25,1957,2,"054012",72.7
150.75,-29.25,1957,3,"054012",54.4
150.75,-29.25,1957,4,"054012",26.5
150.75,-29.25,1957,5,"054012",0
150.75,-29.25,1957,6,"054012",47.5
150.75,-29.25,1957,7,"054012",5.6
150.75,-29.25,1957,8,"054012",45.2
150.75,-29.25,1957,9,"054012",6.1
150.75,-29.25,1957,10,"054012",37.4
150.75,-29.25,1957,11,"054012",10.9
150.75,-29.25,1957,12,"054012",65.7
150.75,-29.25,1958,1,"054012",30
150.75,-29.25,1958,2,"054012",118.1
150.75,-29.25,1958,3,"054012",141.6
150.75,-29.25,1958,4,"054012",32
150.75,-29.25,1958,5,"054012",29.8
150.75,-29.25,1958,6,"054012",55.9
150.75,-29.25,1958,7,"054012",13.5
150.75,-29.25,1958,8,"054012",32.1
150.75,-29.25,1958,9,"054012",84.2
150.75,-29.25,1958,10,"054012",42.4
150.75,-29.25,1958,11,"054012",30.8
150.75,-29.25,1958,12,"054012",156.5
150.75,-29.25,1959,1,"054012",234.4
150.75,-29.25,1959,2,"054012",110.5
150.75,-29.25,1959,3,"054012",55.6
150.75,-29.25,1959,4,"054012",0
150.75,-29.25,1959,5,"054012",34.2
150.75,-29.25,1959,6,"054012",0
150.75,-29.25,1959,7,"054012",72.3
150.75,-29.25,1959,8,"054012",0
150.75,-29.25,1959,9,"054012",28.9
150.75,-29.25,1959,10,"054012",64.5
150.75,-29.25,1959,11,"054012",149
150.75,-29.25,1959,12,"054012",170.1
150.75,-29.25,1960,1,"054012",71.9
150.75,-29.25,1960,2,"054012",53.6
150.75,-29.25,1960,3,"054012",17.8
150.75,-29.25,1960,4,"054012",8.9
150.75,-29.25,1960,5,"054012",56.7
150.75,-29.25,1960,6,"054012",35
150.75,-29.25,1960,7,"054012",42.4
150.75,-29.25,1960,8,"054012",43
150.75,-29.25,1960,9,"054012",51.6
150.75,-29.25,1960,10,"054012",39
150.75,-29.25,1960,11,"054012",54.8
150.75,-29.25,1960,12,"054012",68
150.75,-29.25,1961,1,"054012",59.3
150.75,-29.25,1961,2,"054012",62.5
150.75,-29.25,1961,3,"054012",64
150.75,-29.25,1961,4,"054012",24.9
150.75,-29.25,1961,5,"054012",36.6
150.75,-29.25,1961,6,"054012",50.5
150.75,-29.25,1961,7,"054012",48.8
150.75,-29.25,1961,8,"054012",35.6
150.75,-29.25,1961,9,"054012",5.1
150.75,-29.25,1961,10,"054012",62.5
150.75,-29.25,1961,11,"054012",179.3
150.75,-29.25,1961,12,"054012",54.7
150.75,-29.25,1962,1,"054012",243.1
150.75,-29.25,1962,2,"054012",65.9
150.75,-29.25,1962,3,"054012",59.6
150.75,-29.25,1962,4,"054012",60
150.75,-29.25,1962,5,"054012",29.3
150.75,-29.25,1962,6,"054012",2.3
150.75,-29.25,1962,7,"054012",46
150.75,-29.25,1962,8,"054012",49
150.75,-29.25,1962,9,"054012",29.4
150.75,-29.25,1962,10,"054012",30.7
150.75,-29.25,1962,11,"054012",38.4
150.75,-29.25,1962,12,"054012",153.8
150.75,-29.25,1963,1,"054012",53.9
150.75,-29.25,1963,2,"054012",28.9
150.75,-29.25,1963,3,"054012",95.4
150.75,-29.25,1963,4,"054012",18.5
150.75,-29.25,1963,5,"054012",94
150.75,-29.25,1963,6,"054012",45.5
150.75,-29.25,1963,7,"054012",6.9
150.75,-29.25,1963,8,"054012",65.2
150.75,-29.25,1963,9,"054012",10.7
150.75,-29.25,1963,10,"054012",26
150.75,-29.25,1963,11,"054012",105.7
150.75,-29.25,1963,12,"054012",154.9
150.75,-29.25,1964,1,"054012",45.8
150.75,-29.25,1964,2,"054012",20.9
150.75,-29.25,1964,3,"054012",100.3
150.75,-29.25,1964,4,"054012",80.6
150.75,-29.25,1964,5,"054012",46.9
150.75,-29.25,1964,6,"054012",17.5
150.75,-29.25,1964,7,"054012",64
150.75,-29.25,1964,8,"054012",30.2
150.75,-29.25,1964,9,"054012",65
150.75,-29.25,1964,10,"054012",111.2
150.75,-29.25,1964,11,"054012",35.8
150.75,-29.25,1964,12,"054012",35.5
150.75,-29.25,1965,1,"054012",52.3
150.75,-29.25,1965,2,"054012",46.1
150.75,-29.25,1965,3,"054012",0
150.75,-29.25,1965,4,"054012",31
150.75,-29.25,1965,5,"054012",7.3
150.75,-29.25,1965,6,"054012",14
150.75,-29.25,1965,7,"054012",25.9
150.75,-29.25,1965,8,"054012",28.5
150.75,-29.25,1965,9,"054012",28.9
150.75,-29.25,1965,10,"054012",19.8
150.75,-29.25,1965,11,"054012",36.6
150.75,-29.25,1965,12,"054012",131.7
150.75,-29.25,1966,1,"054012",7.4
150.75,-29.25,1966,2,"054012",77
150.75,-29.25,1966,3,"054012",54.9
150.75,-29.25,1966,4,"054012",41.1
150.75,-29.25,1966,5,"054012",4.8
150.75,-29.25,1966,6,"054012",50.1
150.75,-29.25,1966,7,"054012",16.3
150.75,-29.25,1966,8,"054012",161.8
150.75,-29.25,1966,9,"054012",31.8
150.75,-29.25,1966,10,"054012",70.6
150.75,-29.25,1966,11,"054012",86.8
150.75,-29.25,1966,12,"054012",49.8
150.75,-29.25,1967,1,"054012",18.6
150.75,-29.25,1967,2,"054012",20.5
150.75,-29.25,1967,3,"054012",172.4
150.75,-29.25,1967,4,"054012",0.8
150.75,-29.25,1967,5,"054012",46.5
150.75,-29.25,1967,6,"054012",57
150.75,-29.25,1967,7,"054012",34.3
150.75,-29.25,1967,8,"054012",28.5
150.75,-29.25,1967,9,"054012",8.9
150.75,-29.25,1967,10,"054012",75.4
150.75,-29.25,1967,11,"054012",6.1
150.75,-29.25,1967,12,"054012",66.3
150.75,-29.25,1968,1,"054012",135.4
150.75,-29.25,1968,2,"054012",65.5
150.75,-29.25,1968,3,"054012",42.6
150.75,-29.25,1968,4,"054012",24.2
150.75,-29.25,1968,5,"054012",91.8
150.75,-29.25,1968,6,"054012",14.2
150.75,-29.25,1968,7,"054012",45.7
150.75,-29.25,1968,8,"054012",49.2
150.75,-29.25,1968,9,"054012",27.7
150.75,-29.25,1968,10,"054012",35.9
150.75,-29.25,1968,11,"054012",13
150.75,-29.25,1968,12,"054012",110
150.75,-29.25,1969,1,"054012",152.7
150.75,-29.25,1969,2,"054012",16.4
150.75,-29.25,1969,3,"054012",23.9
150.75,-29.25,1969,4,"054012",38.1
150.75,-29.25,1969,5,"054012",101.2
150.75,-29.25,1969,6,"054012",46.3
150.75,-29.25,1969,7,"054012",27.9
150.75,-29.25,1969,8,"054012",28.6
150.75,-29.25,1969,9,"054012",70.6
150.75,-29.25,1969,10,"054012",133.6
150.75,-29.25,1969,11,"054012",122.4
150.75,-29.25,1969,12,"054012",32.5
150.75,-29.25,1970,1,"054012",140
150.75,-29.25,1970,2,"054012",63.7
150.75,-29.25,1970,3,"054012",21.3
150.75,-29.25,1970,4,"054012",66.8
150.75,-29.25,1970,5,"054012",20.9
150.75,-29.25,1970,6,"054012",20.8
150.75,-29.25,1970,7,"054012",0
150.75,-29.25,1970,8,"054012",30
150.75,-29.25,1970,9,"054012",171.1
150.75,-29.25,1970,10,"054012",38.4
150.75,-29.25,1970,11,"054012",60.4
150.75,-29.25,1970,12,"054012",347.4
150.75,-29.25,1971,1,"054012",212.4
150.75,-29.25,1971,2,"054012",173
150.75,-29.25,1971,3,"054012",7.4
150.75,-29.25,1971,4,"054012",19.9
150.75,-29.25,1971,5,"054012",4.8
150.75,-29.25,1971,6,"054012",10.4
150.75,-29.25,1971,7,"054012",145.9
150.75,-29.25,1971,8,"054012",78.1
150.75,-29.25,1971,9,"054012",42.4
150.75,-29.25,1971,10,"054012",14.8
150.75,-29.25,1971,11,"054012",62.4
150.75,-29.25,1971,12,"054012",81.5
150.75,-29.25,1972,1,"054012",58.4
150.75,-29.25,1972,2,"054012",18.7
150.75,-29.25,1972,3,"054012",14.7
150.75,-29.25,1972,4,"054012",54.4
150.75,-29.25,1972,5,"054012",21.1
150.75,-29.25,1972,6,"054012",6.1
150.75,-29.25,1972,7,"054012",7.1
150.75,-29.25,1972,8,"054012",61.3
150.75,-29.25,1972,9,"054012",57.7
150.75,-29.25,1972,10,"054012",136.9
150.75,-29.25,1972,11,"054012",94.9
150.75,-29.25,1972,12,"054012",74.9
150.75,-29.25,1973,1,"054012",95.2
150.75,-29.25,1973,2,"054012",177.8
150.75,-29.25,1973,3,"054012",38.4
150.75,-29.25,1973,4,"054012",0.5
150.75,-29.25,1973,5,"054012",23.9
150.75,-29.25,1973,6,"054012",29.6
150.75,-29.25,1973,7,"054012",68.1
150.75,-29.25,1973,8,"054012",44
150.75,-29.25,1973,9,"054012",72.9
150.75,-29.25,1973,10,"054012",51.9
150.75,-29.25,1973,11,"054012",92.2
150.75,-29.25,1973,12,"054012",140.6
150.75,-29.25,1974,1,"054012",73.4
150.75,-29.25,1974,2,"054012",17.8
150.75,-29.25,1974,3,"054012",6.4
150.75,-29.25,1974,4,"054012",43.6
150.75,-29.25,1974,5,"054012",30.6
150.75,-29.25,1974,6,"054012",39.8
150.75,-29.25,1974,7,"054012",9.8
150.75,-29.25,1974,8,"054012",44.2
150.75,-29.25,1974,9,"054012",28.4
150.75,-29.25,1974,10,"054012",59.4
150.75,-29.25,1974,11,"054012",146.4
150.75,-29.25,1974,12,"054012",24.6
150.75,-29.25,1975,1,"054012",55
150.75,-29.25,1975,2,"054012",151.6
150.75,-29.25,1975,3,"054012",335.2
150.75,-29.25,1975,4,"054012",25
150.75,-29.25,1975,5,"054012",5.4
150.75,-29.25,1975,6,"054012",70
150.75,-29.25,1975,7,"054012",55.8
150.75,-29.25,1975,8,"054012",35.1
150.75,-29.25,1975,9,"054012",33.5
150.75,-29.25,1975,10,"054012",80.4
150.75,-29.25,1975,11,"054012",70.2
150.75,-29.25,1975,12,"054012",79
150.75,-29.25,1976,1,"054012",143.4
150.75,-29.25,1976,2,"054012",354.6
150.75,-29.25,1976,3,"054012",64.2
150.75,-29.25,1976,4,"054012",0.4
150.75,-29.25,1976,5,"054012",31.2
150.75,-29.25,1976,6,"054012",63.8
150.75,-29.25,1976,7,"054012",66.6
150.75,-29.25,1976,8,"054012",21
150.75,-29.25,1976,9,"054012",75.2
150.75,-29.25,1976,10,"054012",47.2
150.75,-29.25,1976,11,"054012",60.6
150.75,-29.25,1976,12,"054012",19.9
150.75,-29.25,1977,1,"054012",83.9
150.75,-29.25,1977,2,"054012",190.3
150.75,-29.25,1977,3,"054012",142.2
150.75,-29.25,1977,4,"054012",70.2
150.75,-29.25,1977,5,"054012",108.2
150.75,-29.25,1977,6,"054012",27
150.75,-29.25,1977,7,"054012",4.4
150.75,-29.25,1977,8,"054012",15.2
150.75,-29.25,1977,9,"054012",37
150.75,-29.25,1977,10,"054012",51.8
150.75,-29.25,1977,11,"054012",52.9
150.75,-29.25,1977,12,"054012",40.6
150.75,-29.25,1978,1,"054012",186.4
150.75,-29.25,1978,2,"054012",22.6
150.75,-29.25,1978,3,"054012",82.4
150.75,-29.25,1978,4,"054012",21.8
150.75,-29.25,1978,5,"054012",90
150.75,-29.25,1978,6,"054012",92.2
150.75,-29.25,1978,7,"054012",70.4
150.75,-29.25,1978,8,"054012",46
150.75,-29.25,1978,9,"054012",113.2
150.75,-29.25,1978,10,"054012",35.2
150.75,-29.25,1978,11,"054012",117.2
150.75,-29.25,1978,12,"054012",140.8
150.75,-29.25,1979,1,"054012",26.6
150.75,-29.25,1979,2,"054012",9.2
150.75,-29.25,1979,3,"054012",171.2
150.75,-29.25,1979,4,"054012",45.6
150.75,-29.25,1979,5,"054012",63.6
150.75,-29.25,1979,6,"054012",29
150.75,-29.25,1979,7,"054012",21.2
150.75,-29.25,1979,8,"054012",19.6
150.75,-29.25,1979,9,"054012",48.2
150.75,-29.25,1979,10,"054012",74.2
150.75,-29.25,1979,11,"054012",108
150.75,-29.25,1979,12,"054012",6.2
150.75,-29.25,1980,1,"054012",120
150.75,-29.25,1980,2,"054012",65.8
150.75,-29.25,1980,3,"054012",13
150.75,-29.25,1980,4,"054012",3.6
150.75,-29.25,1980,5,"054012",112.6
150.75,-29.25,1980,6,"054012",15
150.75,-29.25,1980,7,"054012",21.8
150.75,-29.25,1980,8,"054012",19.8
150.75,-29.25,1980,9,"054012",1.2
150.75,-29.25,1980,10,"054012",118
150.75,-29.25,1980,11,"054012",29
150.75,-29.25,1980,12,"054012",128.2
150.75,-29.25,1981,1,"054012",7.6
150.75,-29.25,1981,2,"054012",55.4
150.75,-29.25,1981,3,"054012",16.6
150.75,-29.25,1981,4,"054012",58.2
150.75,-29.25,1981,5,"054012",68
150.75,-29.25,1981,6,"054012",104
150.75,-29.25,1981,7,"054012",105.4
150.75,-29.25,1981,8,"054012",88.2
150.75,-29.25,1981,9,"054012",16.4
150.75,-29.25,1981,10,"054012",68
150.75,-29.25,1981,11,"054012",92.4
150.75,-29.25,1981,12,"054012",98.4
150.75,-29.25,1982,1,"054012",91.8
150.75,-29.25,1982,2,"054012",46.6
150.75,-29.25,1982,3,"054012",210.2
150.75,-29.25,1982,4,"054012",14
150.75,-29.25,1982,5,"054012",21.4
150.75,-29.25,1982,6,"054012",4.6
150.75,-29.25,1982,7,"054012",12.8
150.75,-29.25,1982,8,"054012",0.4
150.75,-29.25,1982,9,"054012",50.6
150.75,-29.25,1982,10,"054012",58.4
150.75,-29.25,1982,11,"054012",4.6
150.75,-29.25,1982,12,"054012",77
150.75,-29.25,1983,1,"054012",108.8
150.75,-29.25,1983,2,"054012",55.8
150.75,-29.25,1983,3,"054012",42.6
150.75,-29.25,1983,4,"054012",134.8
150.75,-29.25,1983,5,"054012",207.2
150.75,-29.25,1983,6,"054012",68.4
150.75,-29.25,1983,7,"054012",56.2
150.75,-29.25,1983,8,"054012",88.2
150.75,-29.25,1983,9,"054012",83.6
150.75,-29.25,1983,10,"054012",120.8
150.75,-29.25,1983,11,"054012",64
150.75,-29.25,1983,12,"054012",45.4
150.75,-29.25,1984,1,"054012",208
150.75,-29.25,1984,2,"054012",94
150.75,-29.25,1984,3,"054012",35.8
150.75,-29.25,1984,4,"054012",112.6
150.75,-29.25,1984,5,"054012",4.2
150.75,-29.25,1984,6,"054012",23.8
150.75,-29.25,1984,7,"054012",195.4
150.75,-29.25,1984,8,"054012",26.8
150.75,-29.25,1984,9,"054012",45
150.75,-29.25,1984,10,"054012",57.6
150.75,-29.25,1984,11,"054012",99.6
150.75,-29.25,1984,12,"054012",88
150.75,-29.25,1985,1,"054012",17.4
150.75,-29.25,1985,2,"054012",125.4
150.75,-29.25,1985,3,"054012",49
150.75,-29.25,1985,4,"054012",50
150.75,-29.25,1985,5,"054012",30.6
150.75,-29.25,1985,6,"054012",23.4
150.75,-29.25,1985,7,"054012",76.9
150.75,-29.25,1985,8,"054012",69.8
150.75,-29.25,1985,9,"054012",36.8
150.75,-29.25,1985,10,"054012",52
150.75,-29.25,1985,11,"054012",106.8
150.75,-29.25,1985,12,"054012",117.3
150.75,-29.25,1986,1,"054012",105.4
150.75,-29.25,1986,2,"054012",38.8
150.75,-29.25,1986,3,"054012",8.8
150.75,-29.25,1986,4,"054012",4.8
150.75,-29.25,1986,5,"054012",61.2
150.75,-29.25,1986,6,"054012",2
150.75,-29.25,1986,7,"054012",84
150.75,-29.25,1986,8,"054012",65
150.75,-29.25,1986,9,"054012",54.3
150.75,-29.25,1986,10,"054012",80.6
150.75,-29.25,1986,11,"054012",178.8
150.75,-29.25,1986,12,"054012",36.4
150.75,-29.25,1987,1,"054012",175.6
150.75,-29.25,1987,2,"054012",37.4
150.75,-29.25,1987,3,"054012",90.4
150.75,-29.25,1987,4,"054012",2.6
150.75,-29.25,1987,5,"054012",64.6
150.75,-29.25,1987,6,"054012",26.2
150.75,-29.25,1987,7,"054012",31.4
150.75,-29.25,1987,8,"054012",79.2
150.75,-29.25,1987,9,"054012",15.2
150.75,-29.25,1987,10,"054012",64.8
150.75,-29.25,1987,11,"054012",61
150.75,-29.25,1987,12,"054012",113.8
150.75,-29.25,1988,1,"054012",164.6
150.75,-29.25,1988,2,"054012",109.4
150.75,-29.25,1988,3,"054012",16.2
150.75,-29.25,1988,4,"054012",263.4
150.75,-29.25,1988,5,"054012",62.4
150.75,-29.25,1988,6,"054012",20.2
150.75,-29.25,1988,7,"054012",65.8
150.75,-29.25,1988,8,"054012",66
150.75,-29.25,1988,9,"054012",70.2
150.75,-29.25,1988,10,"054012",21.6
150.75,-29.25,1988,11,"054012",44.4
150.75,-29.25,1988,12,"054012",38.8
150.75,-29.25,1989,1,"054012",67.4
150.75,-29.25,1989,2,"054012",17.8
150.75,-29.25,1989,3,"054012",140.8
150.75,-29.25,1989,4,"054012",68.1
150.75,-29.25,1989,5,"054012",40.6
150.75,-29.25,1989,6,"054012",58
150.75,-29.25,1989,7,"054012",62.6
150.75,-29.25,1989,8,"054012",6.2
150.75,-29.25,1989,9,"054012",4
150.75,-29.25,1989,10,"054012",56.2
150.75,-29.25,1989,11,"054012",108.5
150.75,-29.25,1989,12,"054012",106.5
150.75,-29.25,1990,1,"054012",75.4
150.75,-29.25,1990,2,"054012",79.4
150.75,-29.25,1990,3,"054012",5.2
150.75,-29.25,1990,4,"054012",195.8
150.75,-29.25,1990,5,"054012",63.7
150.75,-29.25,1990,6,"054012",45.8
150.75,-29.25,1990,7,"054012",52.4
150.75,-29.25,1990,8,"054012",15.2
150.75,-29.25,1990,9,"054012",29.6
150.75,-29.25,1990,10,"054012",25.4
150.75,-29.25,1990,11,"054012",13.8
150.75,-29.25,1990,12,"054012",48.5
150.75,-29.25,1991,1,"054012",233.7
150.75,-29.25,1991,2,"054012",124.6
150.75,-29.25,1991,3,"054012",36.6
150.75,-29.25,1991,4,"054012",0
150.75,-29.25,1991,5,"054012",60.3
150.75,-29.25,1991,6,"054012",38.9
150.75,-29.25,1991,7,"054012",58.9
150.75,-29.25,1991,8,"054012",0
150.75,-29.25,1991,9,"054012",2.7
150.75,-29.25,1991,10,"054012",6
150.75,-29.25,1991,11,"054012",50.2
150.75,-29.25,1991,12,"054012",163.8
150.75,-29.25,1992,1,"054012",34.7
150.75,-29.25,1992,2,"054012",141.9
150.75,-29.25,1992,3,"054012",10
150.75,-29.25,1992,4,"054012",49
150.75,-29.25,1992,5,"054012",24.5
150.75,-29.25,1992,6,"054012",8.2
150.75,-29.25,1992,7,"054012",30
150.75,-29.25,1992,8,"054012",64.6
150.75,-29.25,1992,9,"054012",22.4
150.75,-29.25,1992,10,"054012",32.3
150.75,-29.25,1992,11,"054012",61.2
150.75,-29.25,1992,12,"054012",85
150.75,-29.25,1993,1,"054012",67.3
150.75,-29.25,1993,2,"054012",104.4
150.75,-29.25,1993,3,"054012",31.1
150.75,-29.25,1993,4,"054012",0
150.75,-29.25,1993,5,"054012",21.2
150.75,-29.25,1993,6,"054012",39.2
150.75,-29.25,1993,7,"054012",66.3
150.75,-29.25,1993,8,"054012",38.9
150.75,-29.25,1993,9,"054012",53.1
150.75,-29.25,1993,10,"054012",133.9
150.75,-29.25,1993,11,"054012",10.5
150.75,-29.25,1993,12,"054012",100.8
150.75,-29.25,1994,1,"054012",47.5
150.75,-29.25,1994,2,"054012",283.4
150.75,-29.25,1994,3,"054012",93.8
150.75,-29.25,1994,4,"054012",7.2
150.75,-29.25,1994,5,"054012",8
150.75,-29.25,1994,6,"054012",26.8
150.75,-29.25,1994,7,"054012",2.4
150.75,-29.25,1994,8,"054012",30.6
150.75,-29.25,1994,9,"054012",23.4
150.75,-29.25,1994,10,"054012",16.4
150.75,-29.25,1994,11,"054012",48.5
150.75,-29.25,1994,12,"054012",53.7
150.75,-29.25,1995,1,"054012",173.9
150.75,-29.25,1995,2,"054012",159
150.75,-29.25,1995,3,"054012",27.5
150.75,-29.25,1995,4,"054012",3.6
150.75,-29.25,1995,5,"054012",33.5
150.75,-29.25,1995,6,"054012",62.8
150.75,-29.25,1995,7,"054012",9.2
150.75,-29.25,1995,8,"054012",0
150.75,-29.25,1995,9,"054012",67.5
150.75,-29.25,1995,10,"054012",51.2
150.75,-29.25,1995,11,"054012",167.4
150.75,-29.25,1995,12,"054012",91.9
150.75,-29.25,1996,1,"054012",405.9
150.75,-29.25,1996,2,"054012",29.3
150.75,-29.25,1996,3,"054012",20.9
150.75,-29.25,1996,4,"054012",18.2
150.75,-29.25,1996,5,"054012",95.3
150.75,-29.25,1996,6,"054012",20.6
150.75,-29.25,1996,7,"054012",62.9
150.75,-29.25,1996,8,"054012",51.9
150.75,-29.25,1996,9,"054012",108.9
150.75,-29.25,1996,10,"054012",19.2
150.75,-29.25,1996,11,"054012",42.4
150.75,-29.25,1996,12,"054012",168.4
150.75,-29.25,1997,1,"054012",112.5
150.75,-29.25,1997,2,"054012",119.7
150.75,-29.25,1997,3,"054012",68.7
150.75,-29.25,1997,4,"054012",0
150.75,-29.25,1997,5,"054012",115.5
150.75,-29.25,1997,6,"054012",24.8
150.75,-29.25,1997,7,"054012",12.2
150.75,-29.25,1997,8,"054012",7.6
150.75,-29.25,1997,9,"054012",49.3
150.75,-29.25,1997,10,"054012",85.8
150.75,-29.25,1997,11,"054012",50.4
150.75,-29.25,1997,12,"054012",96.2
150.75,-29.25,1998,1,"054012",67.5
150.75,-29.25,1998,2,"054012",91.9
150.75,-29.25,1998,3,"054012",30
150.75,-29.25,1998,4,"054012",66.2
150.75,-29.25,1998,5,"054012",81
150.75,-29.25,1998,6,"054012",75.7
150.75,-29.25,1998,7,"054012",168.7
150.75,-29.25,1998,8,"054012",132.2
150.75,-29.25,1998,9,"054012",58.1
150.75,-29.25,1998,10,"054012",69.2
150.75,-29.25,1998,11,"054012",65.5
150.75,-29.25,1998,12,"054012",17.1
150.75,-29.25,1999,1,"054012",56.4
150.75,-29.25,1999,2,"054012",51
150.75,-29.25,1999,3,"054012",172.1
150.75,-29.25,1999,4,"054012",34
150.75,-29.25,1999,5,"054012",14.3
150.75,-29.25,1999,6,"054012",47
150.75,-29.25,1999,7,"054012",38.2
150.75,-29.25,1999,8,"054012",51.5
150.75,-29.25,1999,9,"054012",NA
150.75,-29.25,1999,10,"054012",115.4
150.75,-29.25,1999,11,"054012",115
150.75,-29.25,1999,12,"054012",90.4
150.75,-29.25,2000,1,"054012",37.9
150.75,-29.25,2000,2,"054012",32.5
150.75,-29.25,2000,3,"054012",155.2
150.75,-29.25,2000,4,"054012",20.2
150.75,-29.25,2000,5,"054012",54.1
150.75,-29.25,2000,6,"054012",7.4
150.75,-29.25,2000,7,"054012",35.3
150.75,-29.25,2000,8,"054012",19.9
150.75,-29.25,2000,9,"054012",12.2
150.75,-29.25,2000,10,"054012",85
150.75,-29.25,2000,11,"054012",274
150.75,-29.25,2000,12,"054012",114.2
150.75,-29.25,2001,1,"054012",150
150.75,-29.25,2001,2,"054012",120.5
150.75,-29.25,2001,3,"054012",96.3
150.75,-29.25,2001,4,"054012",12.3
150.75,-29.25,2001,5,"054012",39.9
150.75,-29.25,2001,6,"054012",26.8
150.75,-29.25,2001,7,"054012",76.7
150.75,-29.25,2001,8,"054012",16
150.75,-29.25,2001,9,"054012",NA
150.75,-29.25,2001,10,"054012",NA
150.75,-29.25,2001,11,"054012",159.5
150.75,-29.25,2001,12,"054012",33.3
150.75,-29.25,2002,1,"054012",32.2
150.75,-29.25,2002,2,"054012",17.5
150.75,-29.25,2002,3,"054012",109.5
150.75,-29.25,2002,4,"054012",3.4
150.75,-29.25,2002,5,"054012",5.2
150.75,-29.25,2002,6,"054012",9.8
150.75,-29.25,2002,7,"054012",2.7
150.75,-29.25,2002,8,"054012",36.2
150.75,-29.25,2002,9,"054012",19.4
150.75,-29.25,2002,10,"054012",28.1
150.75,-29.25,2002,11,"054012",34.7
150.75,-29.25,2002,12,"054012",115.6
150.75,-29.25,2003,1,"054012",9.8
150.75,-29.25,2003,2,"054012",101.6
150.75,-29.25,2003,3,"054012",97.3
150.75,-29.25,2003,4,"054012",79.2
150.75,-29.25,2003,5,"054012",0
150.75,-29.25,2003,6,"054012",20.8
150.75,-29.25,2003,7,"054012",NA
150.75,-29.25,2003,8,"054012",26.3
150.75,-29.25,2003,9,"054012",2.8
150.75,-29.25,2003,10,"054012",123.5
150.75,-29.25,2003,11,"054012",NA
150.75,-29.25,2003,12,"054012",96.4
150.75,-29.25,2004,1,"054012",167.9
150.75,-29.25,2004,2,"054012",24
150.75,-29.25,2004,3,"054012",93.3
150.75,-29.25,2004,4,"054012",27.6
150.75,-29.25,2004,5,"054012",26
150.75,-29.25,2004,6,"054012",10.4
150.75,-29.25,2004,7,"054012",24.6
150.75,-29.25,2004,8,"054012",30
150.75,-29.25,2004,9,"054012",66.7
150.75,-29.25,2004,10,"054012",39.4
150.75,-29.25,2004,11,"054012",90.2
150.75,-29.25,2004,12,"054012",232.4
150.75,-29.25,2005,1,"054012",39.8
150.75,-29.25,2005,2,"054012",8.2
150.75,-29.25,2005,3,"054012",50.5
150.75,-29.25,2005,4,"054012",7
150.75,-29.25,2005,5,"054012",20.4
150.75,-29.25,2005,6,"054012",128.7
150.75,-29.25,2005,7,"054012",38.2
150.75,-29.25,2005,8,"054012",15.2
150.75,-29.25,2005,9,"054012",45.3
150.75,-29.25,2005,10,"054012",64.6
150.75,-29.25,2005,11,"054012",113.3
150.75,-29.25,2005,12,"054012",100.9
150.75,-29.25,2006,1,"054012",111.9
150.75,-29.25,2006,2,"054012",93.2
150.75,-29.25,2006,3,"054012",NA
150.75,-29.25,2006,4,"054012",17
150.75,-29.25,2006,5,"054012",0
150.75,-29.25,2006,6,"054012",46.9
150.75,-29.25,2006,7,"054012",53.2
150.75,-29.25,2006,8,"054012",8
150.75,-29.25,2006,9,"054012",38.3
150.75,-29.25,2006,10,"054012",20.2
150.75,-29.25,2006,11,"054012",77.6
150.75,-29.25,2006,12,"054012",8
150.75,-29.25,2007,1,"054012",43.7
150.75,-29.25,2007,2,"054012",67.2
150.75,-29.25,2007,3,"054012",NA
150.75,-29.25,2007,4,"054012",57.7
150.75,-29.25,2007,5,"054012",29.5
150.75,-29.25,2007,6,"054012",88.3
150.75,-29.25,2007,7,"054012",5.6
150.75,-29.25,2007,8,"054012",64.4
150.75,-29.25,2007,9,"054012",2
150.75,-29.25,2007,10,"054012",49.7
150.75,-29.25,2007,11,"054012",NA
150.75,-29.25,2007,12,"054012",125.1
150.75,-29.25,2008,1,"054012",113.3
150.75,-29.25,2008,2,"054012",NA
150.75,-29.25,2008,3,"054012",0
150.75,-29.25,2008,4,"054012",5.1
150.75,-29.25,2008,5,"054012",18.3
150.75,-29.25,2008,6,"054012",52.7
150.75,-29.25,2008,7,"054012",39.6
150.75,-29.25,2008,8,"054012",5.1
150.75,-29.25,2008,9,"054012",NA
150.75,-29.25,2008,10,"054012",17.9
150.75,-29.25,2008,11,"054012",200.2
150.75,-29.25,2008,12,"054012",85.5
150.75,-29.25,2009,1,"054012",48.1
150.75,-29.25,2009,2,"054012",134.4
150.75,-29.25,2009,3,"054012",3.8
150.75,-29.25,2009,4,"054012",28.6
150.75,-29.25,2009,5,"054012",53.1
150.75,-29.25,2009,6,"054012",26.2
150.75,-29.25,2009,7,"054012",19.5
150.75,-29.25,2009,8,"054012",7.8
150.75,-29.25,2009,9,"054012",44.5
150.75,-29.25,2009,10,"054012",17.8
150.75,-29.25,2009,11,"054012",31
150.75,-29.25,2009,12,"054012",159.8
150.75,-29.25,2010,1,"054012",107.4
150.75,-29.25,2010,2,"054012",26.2
150.75,-29.25,2010,3,"054012",43.1
150.75,-29.25,2010,4,"054012",1
150.75,-29.25,2010,5,"054012",65.9
150.75,-29.25,2010,6,"054012",21.6
150.75,-29.25,2010,7,"054012",100.8
150.75,-29.25,2010,8,"054012",85.3
150.75,-29.25,2010,9,"054012",121.4
150.75,-29.25,2010,10,"054012",97.9
150.75,-29.25,2010,11,"054012",122.6
150.75,-29.25,2010,12,"054012",71
150.75,-29.25,2011,1,"054012",84.1
150.75,-29.25,2011,2,"054012",82.6
150.75,-29.25,2011,3,"054012",83.4
150.75,-29.25,2011,4,"054012",68.9
150.75,-29.25,2011,5,"054012",33.4
150.75,-29.25,2011,6,"054012",41
150.75,-29.25,2011,7,"054012",10.8
150.75,-29.25,2011,8,"054012",46
150.75,-29.25,2011,9,"054012",81.6
150.75,-29.25,2011,10,"054012",65.9
150.75,-29.25,2011,11,"054012",115.7
150.75,-29.25,2011,12,"054012",148.6
150.75,-29.25,2012,1,"054012",NA
150.75,-29.25,2012,2,"054012",46.6
150.75,-29.25,2012,3,"054012",6
150.75,-29.25,2012,4,"054012",37
150.75,-29.25,2012,5,"054012",48.6
150.75,-29.25,2012,6,"054012",14.6
150.75,-29.25,2012,7,"054012",47.5
150.75,-29.25,2012,8,"054012",NA
150.75,-29.25,2012,9,"054012",48.3
150.75,-29.25,2012,10,"054012",9.3
150.75,-29.25,2012,11,"054012",39.4
150.75,-29.25,2012,12,"054012",153.3
150.75,-29.25,2013,1,"054012",154.7
150.75,-29.25,2013,2,"054012",60.6
150.75,-29.25,2013,3,"054012",81.6
150.75,-29.25,2013,4,"054012",55.4
150.75,-29.25,2013,5,"054012",16.4
150.75,-29.25,2013,6,"054012",86
150.75,-29.25,2013,7,"054012",26.4
150.75,-29.25,2013,8,"054012",9.2
150.75,-29.25,2013,9,"054012",29.6
150.75,-29.25,2013,10,"054012",15.8
150.75,-29.25,2013,11,"054012",71.1
150.75,-29.25,2013,12,"054012",6.8
150.75,-29.25,2014,1,"054012",29.5
150.75,-29.25,2014,2,"054012",35.9
150.75,-29.25,2014,3,"054012",NA
150.75,-29.25,2014,4,"054012",12.3
150.75,-29.25,2014,5,"054012",19
150.75,-29.25,2014,6,"054012",55.6
150.75,-29.25,2014,7,"054012",13.6
150.75,-29.25,2014,8,"054012",36
150.75,-29.25,2014,9,"054012",20.2
150.75,-29.25,2014,10,"054012",11.6
150.75,-29.25,2014,11,"054012",32
150.75,-29.25,2014,12,"054012",144.6
150.75,-29.25,2015,1,"054012",165.7
150.75,-29.25,2015,2,"054012",58.1
150.75,-29.25,2015,3,"054012",34.9
150.75,-29.25,2015,4,"054012",93.2
150.75,-29.25,2015,5,"054012",48.6
150.75,-29.25,2015,6,"054012",40.2
150.75,-29.25,2015,7,"054012",63.5
150.75,-29.25,2015,8,"054012",9.9
150.75,-29.25,2015,9,"054012",24.1
150.75,-29.25,2015,10,"054012",55
150.75,-29.25,2015,11,"054012",71.5
150.75,-29.25,2015,12,"054012",144.9
150.75,-29.25,2016,1,"054012",232.7
150.75,-29.25,2016,2,"054012",12.2
150.75,-29.25,2016,3,"054012",9.2
150.75,-29.25,2016,4,"054012",15.4
150.75,-29.25,2016,5,"054012",27.6
150.75,-29.25,2016,6,"054012",96.8
150.75,-29.25,2016,7,"054012",50
150.75,-29.25,2016,8,"054012",59.8
150.75,-29.25,2016,9,"054012",137.8
150.75,-29.25,2016,10,"054012",56.8
150.75,-29.25,2016,11,"054012",9.8
150.75,-29.25,2016,12,"054012",60.6
150.75,-29.25,2017,1,"054012",53.8
150.75,-29.25,2017,2,"054012",60.7
150.75,-29.25,2017,3,"054012",NA
150.75,-29.25,2017,4,"054012",54
150.75,-29.25,2017,5,"054012",41.1
150.75,-29.25,2017,6,"054012",41.2
150.75,-29.25,2017,7,"054012",13.8
150.75,-29.25,2017,8,"054012",14
150.75,-29.25,2017,9,"054012",0
150.75,-29.25,2017,10,"054012",112.5
150.75,-29.25,2017,11,"054012",23.9
150.75,-29.25,2017,12,"054012",88.1
150.75,-29.25,2018,1,"054012",7.8
150.75,-29.25,2018,2,"054012",25.7
150.75,-29.25,2018,3,"054012",48
150.75,-29.25,2018,4,"054012",NA
150.75,-29.25,2018,5,"054012",NA
150.75,-29.25,2018,6,"054012",NA
150.75,-29.25,2018,7,"054012",NA
150.75,-29.25,2018,8,"054012",NA
150.75,-29.25,2018,9,"054012",NA
150.75,-29.25,2018,10,"054012",NA
150.75,-29.25,2018,11,"054012",NA
150.75,-29.25,2018,12,"054012",NA
