"Lon","Lat","Year","Month","Station","Rain"
146,-17.81,1972,1,"032108",NA
146,-17.81,1972,2,"032108",NA
146,-17.81,1972,3,"032108",NA
146,-17.81,1972,4,"032108",NA
146,-17.81,1972,5,"032108",NA
146,-17.81,1972,6,"032108",NA
146,-17.81,1972,7,"032108",NA
146,-17.81,1972,8,"032108",NA
146,-17.81,1972,9,"032108",NA
146,-17.81,1972,10,"032108",NA
146,-17.81,1972,11,"032108",177.5
146,-17.81,1972,12,"032108",119.2
146,-17.81,1973,1,"032108",436.5
146,-17.81,1973,2,"032108",600.8
146,-17.81,1973,3,"032108",1068.6
146,-17.81,1973,4,"032108",658.3
146,-17.81,1973,5,"032108",399.8
146,-17.81,1973,6,"032108",199
146,-17.81,1973,7,"032108",78.4
146,-17.81,1973,8,"032108",35.9
146,-17.81,1973,9,"032108",140.1
146,-17.81,1973,10,"032108",121.6
146,-17.81,1973,11,"032108",404.8
146,-17.81,1973,12,"032108",1114.4
146,-17.81,1974,1,"032108",763.2
146,-17.81,1974,2,"032108",772.6
146,-17.81,1974,3,"032108",732
146,-17.81,1974,4,"032108",224.6
146,-17.81,1974,5,"032108",675.2
146,-17.81,1974,6,"032108",41.8
146,-17.81,1974,7,"032108",0
146,-17.81,1974,8,"032108",73.8
146,-17.81,1974,9,"032108",99
146,-17.81,1974,10,"032108",82.2
146,-17.81,1974,11,"032108",44.8
146,-17.81,1974,12,"032108",172.6
146,-17.81,1975,1,"032108",601.6
146,-17.81,1975,2,"032108",884.4
146,-17.81,1975,3,"032108",433.8
146,-17.81,1975,4,"032108",497.2
146,-17.81,1975,5,"032108",368.8
146,-17.81,1975,6,"032108",129.4
146,-17.81,1975,7,"032108",189.4
146,-17.81,1975,8,"032108",187
146,-17.81,1975,9,"032108",346.6
146,-17.81,1975,10,"032108",161.4
146,-17.81,1975,11,"032108",91.2
146,-17.81,1975,12,"032108",705
146,-17.81,1976,1,"032108",385.6
146,-17.81,1976,2,"032108",378
146,-17.81,1976,3,"032108",502
146,-17.81,1976,4,"032108",549.4
146,-17.81,1976,5,"032108",266.2
146,-17.81,1976,6,"032108",140.8
146,-17.81,1976,7,"032108",81
146,-17.81,1976,8,"032108",25.4
146,-17.81,1976,9,"032108",7.9
146,-17.81,1976,10,"032108",19.4
146,-17.81,1976,11,"032108",110.4
146,-17.81,1976,12,"032108",111
146,-17.81,1977,1,"032108",251.2
146,-17.81,1977,2,"032108",1614.6
146,-17.81,1977,3,"032108",700.6
146,-17.81,1977,4,"032108",1137.6
146,-17.81,1977,5,"032108",349.4
146,-17.81,1977,6,"032108",84.2
146,-17.81,1977,7,"032108",60.2
146,-17.81,1977,8,"032108",32.5
146,-17.81,1977,9,"032108",74.8
146,-17.81,1977,10,"032108",50.4
146,-17.81,1977,11,"032108",228.4
146,-17.81,1977,12,"032108",202
146,-17.81,1978,1,"032108",750.8
146,-17.81,1978,2,"032108",447.6
146,-17.81,1978,3,"032108",301.4
146,-17.81,1978,4,"032108",660.2
146,-17.81,1978,5,"032108",433.2
146,-17.81,1978,6,"032108",26
146,-17.81,1978,7,"032108",21
146,-17.81,1978,8,"032108",173.4
146,-17.81,1978,9,"032108",28.4
146,-17.81,1978,10,"032108",344.8
146,-17.81,1978,11,"032108",199
146,-17.81,1978,12,"032108",51.5
146,-17.81,1979,1,"032108",1521.4
146,-17.81,1979,2,"032108",1085.4
146,-17.81,1979,3,"032108",557
146,-17.81,1979,4,"032108",383.6
146,-17.81,1979,5,"032108",276.6
146,-17.81,1979,6,"032108",337.8
146,-17.81,1979,7,"032108",97
146,-17.81,1979,8,"032108",44.4
146,-17.81,1979,9,"032108",35
146,-17.81,1979,10,"032108",68.8
146,-17.81,1979,11,"032108",122.2
146,-17.81,1979,12,"032108",374
146,-17.81,1980,1,"032108",180
146,-17.81,1980,2,"032108",336.4
146,-17.81,1980,3,"032108",443.2
146,-17.81,1980,4,"032108",306.2
146,-17.81,1980,5,"032108",262.9
146,-17.81,1980,6,"032108",182.6
146,-17.81,1980,7,"032108",97.4
146,-17.81,1980,8,"032108",276
146,-17.81,1980,9,"032108",4
146,-17.81,1980,10,"032108",35.8
146,-17.81,1980,11,"032108",183.6
146,-17.81,1980,12,"032108",195.8
146,-17.81,1981,1,"032108",2671.9
146,-17.81,1981,2,"032108",860.9
146,-17.81,1981,3,"032108",368.4
146,-17.81,1981,4,"032108",289.6
146,-17.81,1981,5,"032108",408.5
146,-17.81,1981,6,"032108",7.6
146,-17.81,1981,7,"032108",200.2
146,-17.81,1981,8,"032108",3
146,-17.81,1981,9,"032108",357.5
146,-17.81,1981,10,"032108",244.3
146,-17.81,1981,11,"032108",312.6
146,-17.81,1981,12,"032108",121.6
146,-17.81,1982,1,"032108",480.2
146,-17.81,1982,2,"032108",211.8
146,-17.81,1982,3,"032108",645.4
146,-17.81,1982,4,"032108",915.4
146,-17.81,1982,5,"032108",166
146,-17.81,1982,6,"032108",124.4
146,-17.81,1982,7,"032108",45.7
146,-17.81,1982,8,"032108",178.2
146,-17.81,1982,9,"032108",66
146,-17.81,1982,10,"032108",14.7
146,-17.81,1982,11,"032108",169.2
146,-17.81,1982,12,"032108",118.6
146,-17.81,1983,1,"032108",134.8
146,-17.81,1983,2,"032108",117.2
146,-17.81,1983,3,"032108",1005.6
146,-17.81,1983,4,"032108",215.3
146,-17.81,1983,5,"032108",535.9
146,-17.81,1983,6,"032108",83
146,-17.81,1983,7,"032108",81.8
146,-17.81,1983,8,"032108",132.4
146,-17.81,1983,9,"032108",71.5
146,-17.81,1983,10,"032108",24.8
146,-17.81,1983,11,"032108",273.5
146,-17.81,1983,12,"032108",142
146,-17.81,1984,1,"032108",575.8
146,-17.81,1984,2,"032108",1739.4
146,-17.81,1984,3,"032108",215.2
146,-17.81,1984,4,"032108",235
146,-17.81,1984,5,"032108",201.8
146,-17.81,1984,6,"032108",146.8
146,-17.81,1984,7,"032108",86.4
146,-17.81,1984,8,"032108",11
146,-17.81,1984,9,"032108",0.2
146,-17.81,1984,10,"032108",93.4
146,-17.81,1984,11,"032108",237.9
146,-17.81,1984,12,"032108",78
146,-17.81,1985,1,"032108",178
146,-17.81,1985,2,"032108",756.4
146,-17.81,1985,3,"032108",922.2
146,-17.81,1985,4,"032108",261.8
146,-17.81,1985,5,"032108",335.4
146,-17.81,1985,6,"032108",25.8
146,-17.81,1985,7,"032108",48.6
146,-17.81,1985,8,"032108",18.5
146,-17.81,1985,9,"032108",45
146,-17.81,1985,10,"032108",157.4
146,-17.81,1985,11,"032108",299.4
146,-17.81,1985,12,"032108",61.8
146,-17.81,1986,1,"032108",790.8
146,-17.81,1986,2,"032108",293.2
146,-17.81,1986,3,"032108",549.6
146,-17.81,1986,4,"032108",481.4
146,-17.81,1986,5,"032108",283.8
146,-17.81,1986,6,"032108",182.8
146,-17.81,1986,7,"032108",69
146,-17.81,1986,8,"032108",79.8
146,-17.81,1986,9,"032108",143.8
146,-17.81,1986,10,"032108",46.4
146,-17.81,1986,11,"032108",78.8
146,-17.81,1986,12,"032108",88.8
146,-17.81,1987,1,"032108",20.2
146,-17.81,1987,2,"032108",612.8
146,-17.81,1987,3,"032108",321.2
146,-17.81,1987,4,"032108",476
146,-17.81,1987,5,"032108",354.8
146,-17.81,1987,6,"032108",536
146,-17.81,1987,7,"032108",166.4
146,-17.81,1987,8,"032108",62.8
146,-17.81,1987,9,"032108",199.5
146,-17.81,1987,10,"032108",29.2
146,-17.81,1987,11,"032108",125.7
146,-17.81,1987,12,"032108",150.6
146,-17.81,1988,1,"032108",213.6
146,-17.81,1988,2,"032108",540.6
146,-17.81,1988,3,"032108",755.8
146,-17.81,1988,4,"032108",514
146,-17.81,1988,5,"032108",170.4
146,-17.81,1988,6,"032108",113.4
146,-17.81,1988,7,"032108",136.8
146,-17.81,1988,8,"032108",252.4
146,-17.81,1988,9,"032108",93.9
146,-17.81,1988,10,"032108",74.2
146,-17.81,1988,11,"032108",392.6
146,-17.81,1988,12,"032108",419.4
146,-17.81,1989,1,"032108",362
146,-17.81,1989,2,"032108",329.4
146,-17.81,1989,3,"032108",588.6
146,-17.81,1989,4,"032108",546.8
146,-17.81,1989,5,"032108",554.6
146,-17.81,1989,6,"032108",68
146,-17.81,1989,7,"032108",93.4
146,-17.81,1989,8,"032108",53.4
146,-17.81,1989,9,"032108",29.9
146,-17.81,1989,10,"032108",85
146,-17.81,1989,11,"032108",542.4
146,-17.81,1989,12,"032108",224.6
146,-17.81,1990,1,"032108",189.4
146,-17.81,1990,2,"032108",242.8
146,-17.81,1990,3,"032108",990.3
146,-17.81,1990,4,"032108",599.4
146,-17.81,1990,5,"032108",504.4
146,-17.81,1990,6,"032108",207.8
146,-17.81,1990,7,"032108",65
146,-17.81,1990,8,"032108",5
146,-17.81,1990,9,"032108",160.8
146,-17.81,1990,10,"032108",16.8
146,-17.81,1990,11,"032108",27.2
146,-17.81,1990,12,"032108",333.5
146,-17.81,1991,1,"032108",1250.8
146,-17.81,1991,2,"032108",1290.4
146,-17.81,1991,3,"032108",85.8
146,-17.81,1991,4,"032108",576
146,-17.81,1991,5,"032108",283.4
146,-17.81,1991,6,"032108",32.6
146,-17.81,1991,7,"032108",87.6
146,-17.81,1991,8,"032108",46.3
146,-17.81,1991,9,"032108",0
146,-17.81,1991,10,"032108",6.4
146,-17.81,1991,11,"032108",135
146,-17.81,1991,12,"032108",129.8
146,-17.81,1992,1,"032108",49
146,-17.81,1992,2,"032108",710.8
146,-17.81,1992,3,"032108",171.8
146,-17.81,1992,4,"032108",491.6
146,-17.81,1992,5,"032108",353.8
146,-17.81,1992,6,"032108",34.4
146,-17.81,1992,7,"032108",137.4
146,-17.81,1992,8,"032108",47.8
146,-17.81,1992,9,"032108",32.6
146,-17.81,1992,10,"032108",32.8
146,-17.81,1992,11,"032108",25.8
146,-17.81,1992,12,"032108",346.4
146,-17.81,1993,1,"032108",599.4
146,-17.81,1993,2,"032108",518.4
146,-17.81,1993,3,"032108",119.8
146,-17.81,1993,4,"032108",297.4
146,-17.81,1993,5,"032108",312
146,-17.81,1993,6,"032108",134.2
146,-17.81,1993,7,"032108",248
146,-17.81,1993,8,"032108",124
146,-17.81,1993,9,"032108",143.6
146,-17.81,1993,10,"032108",40.2
146,-17.81,1993,11,"032108",71.2
146,-17.81,1993,12,"032108",180.8
146,-17.81,1994,1,"032108",614.2
146,-17.81,1994,2,"032108",1251.4
146,-17.81,1994,3,"032108",349.6
146,-17.81,1994,4,"032108",487.7
146,-17.81,1994,5,"032108",0
146,-17.81,1994,6,"032108",105.5
146,-17.81,1994,7,"032108",287.1
146,-17.81,1994,8,"032108",82.4
146,-17.81,1994,9,"032108",41
146,-17.81,1994,10,"032108",111.2
146,-17.81,1994,11,"032108",84.4
146,-17.81,1994,12,"032108",229.2
146,-17.81,1995,1,"032108",211.7
146,-17.81,1995,2,"032108",1072.6
146,-17.81,1995,3,"032108",469.2
146,-17.81,1995,4,"032108",160.3
146,-17.81,1995,5,"032108",236.8
146,-17.81,1995,6,"032108",290.6
146,-17.81,1995,7,"032108",35.7
146,-17.81,1995,8,"032108",351.4
146,-17.81,1995,9,"032108",39.3
146,-17.81,1995,10,"032108",297.3
146,-17.81,1995,11,"032108",121.9
146,-17.81,1995,12,"032108",123.5
146,-17.81,1996,1,"032108",365.3
146,-17.81,1996,2,"032108",466.8
146,-17.81,1996,3,"032108",847.8
146,-17.81,1996,4,"032108",244.7
146,-17.81,1996,5,"032108",447.5
146,-17.81,1996,6,"032108",248.7
146,-17.81,1996,7,"032108",119
146,-17.81,1996,8,"032108",49.8
146,-17.81,1996,9,"032108",17.6
146,-17.81,1996,10,"032108",194.4
146,-17.81,1996,11,"032108",61
146,-17.81,1996,12,"032108",270.2
146,-17.81,1997,1,"032108",499.6
146,-17.81,1997,2,"032108",637.3
146,-17.81,1997,3,"032108",861.4
146,-17.81,1997,4,"032108",407
146,-17.81,1997,5,"032108",113.5
146,-17.81,1997,6,"032108",178
146,-17.81,1997,7,"032108",162
146,-17.81,1997,8,"032108",114.8
146,-17.81,1997,9,"032108",67.3
146,-17.81,1997,10,"032108",60.8
146,-17.81,1997,11,"032108",79.2
146,-17.81,1997,12,"032108",411.4
146,-17.81,1998,1,"032108",987.6
146,-17.81,1998,2,"032108",408.6
146,-17.81,1998,3,"032108",340.5
146,-17.81,1998,4,"032108",378.1
146,-17.81,1998,5,"032108",370.7
146,-17.81,1998,6,"032108",94.6
146,-17.81,1998,7,"032108",126.2
146,-17.81,1998,8,"032108",74.6
146,-17.81,1998,9,"032108",NA
146,-17.81,1998,10,"032108",126.6
146,-17.81,1998,11,"032108",357.8
146,-17.81,1998,12,"032108",492.6
146,-17.81,1999,1,"032108",583.6
146,-17.81,1999,2,"032108",1054.8
146,-17.81,1999,3,"032108",1404.4
146,-17.81,1999,4,"032108",737.4
146,-17.81,1999,5,"032108",145.2
146,-17.81,1999,6,"032108",173.8
146,-17.81,1999,7,"032108",133.5
146,-17.81,1999,8,"032108",212.2
146,-17.81,1999,9,"032108",NA
146,-17.81,1999,10,"032108",92
146,-17.81,1999,11,"032108",470.2
146,-17.81,1999,12,"032108",482.9
146,-17.81,2000,1,"032108",394.9
146,-17.81,2000,2,"032108",1437.6
146,-17.81,2000,3,"032108",690.4
146,-17.81,2000,4,"032108",1095.1
146,-17.81,2000,5,"032108",240.2
146,-17.81,2000,6,"032108",140.8
146,-17.81,2000,7,"032108",30.2
146,-17.81,2000,8,"032108",171.1
146,-17.81,2000,9,"032108",16.4
146,-17.81,2000,10,"032108",266.7
146,-17.81,2000,11,"032108",902.7
146,-17.81,2000,12,"032108",643.6
146,-17.81,2001,1,"032108",NA
146,-17.81,2001,2,"032108",758.5
146,-17.81,2001,3,"032108",326.8
146,-17.81,2001,4,"032108",554.5
146,-17.81,2001,5,"032108",26.4
146,-17.81,2001,6,"032108",191.8
146,-17.81,2001,7,"032108",39.4
146,-17.81,2001,8,"032108",54.8
146,-17.81,2001,9,"032108",90.8
146,-17.81,2001,10,"032108",126.2
146,-17.81,2001,11,"032108",235.4
146,-17.81,2001,12,"032108",86.5
146,-17.81,2002,1,"032108",230
146,-17.81,2002,2,"032108",528.4
146,-17.81,2002,3,"032108",334.8
146,-17.81,2002,4,"032108",409.2
146,-17.81,2002,5,"032108",320.4
146,-17.81,2002,6,"032108",43.8
146,-17.81,2002,7,"032108",45.7
146,-17.81,2002,8,"032108",89.5
146,-17.81,2002,9,"032108",43.2
146,-17.81,2002,10,"032108",5.6
146,-17.81,2002,11,"032108",46.2
146,-17.81,2002,12,"032108",79
146,-17.81,2003,1,"032108",257.6
146,-17.81,2003,2,"032108",244.3
146,-17.81,2003,3,"032108",430.8
146,-17.81,2003,4,"032108",432.6
146,-17.81,2003,5,"032108",355
146,-17.81,2003,6,"032108",NA
146,-17.81,2003,7,"032108",181.8
146,-17.81,2003,8,"032108",44.8
146,-17.81,2003,9,"032108",9.2
146,-17.81,2003,10,"032108",59
146,-17.81,2003,11,"032108",58.2
146,-17.81,2003,12,"032108",326.2
146,-17.81,2004,1,"032108",366.4
146,-17.81,2004,2,"032108",620.2
146,-17.81,2004,3,"032108",NA
146,-17.81,2004,4,"032108",566.7
146,-17.81,2004,5,"032108",107.8
146,-17.81,2004,6,"032108",109.4
146,-17.81,2004,7,"032108",NA
146,-17.81,2004,8,"032108",14.4
146,-17.81,2004,9,"032108",72.6
146,-17.81,2004,10,"032108",50.6
146,-17.81,2004,11,"032108",NA
146,-17.81,2004,12,"032108",NA
146,-17.81,2005,1,"032108",559.2
146,-17.81,2005,2,"032108",105.9
146,-17.81,2005,3,"032108",496.5
146,-17.81,2005,4,"032108",NA
146,-17.81,2005,5,"032108",NA
146,-17.81,2005,6,"032108",167.8
146,-17.81,2005,7,"032108",256.3
146,-17.81,2005,8,"032108",320.4
146,-17.81,2005,9,"032108",NA
146,-17.81,2005,10,"032108",56.1
146,-17.81,2005,11,"032108",24.7
146,-17.81,2005,12,"032108",NA
146,-17.81,2006,1,"032108",406.7
146,-17.81,2006,2,"032108",286.6
146,-17.81,2006,3,"032108",951.2
146,-17.81,2006,4,"032108",682.7
146,-17.81,2006,5,"032108",274.4
146,-17.81,2006,6,"032108",247.2
146,-17.81,2006,7,"032108",237.5
146,-17.81,2006,8,"032108",NA
146,-17.81,2006,9,"032108",312.8
146,-17.81,2006,10,"032108",NA
146,-17.81,2006,11,"032108",12.9
146,-17.81,2006,12,"032108",416.3
146,-17.81,2007,1,"032108",383
146,-17.81,2007,2,"032108",1396.2
146,-17.81,2007,3,"032108",471.3
146,-17.81,2007,4,"032108",245.8
146,-17.81,2007,5,"032108",419.4
146,-17.81,2007,6,"032108",NA
146,-17.81,2007,7,"032108",73.4
146,-17.81,2007,8,"032108",89.9
146,-17.81,2007,9,"032108",27
146,-17.81,2007,10,"032108",71.5
146,-17.81,2007,11,"032108",213.2
146,-17.81,2007,12,"032108",493.5
146,-17.81,2008,1,"032108",NA
146,-17.81,2008,2,"032108",660.6
146,-17.81,2008,3,"032108",1298.8
146,-17.81,2008,4,"032108",132.8
146,-17.81,2008,5,"032108",287.4
146,-17.81,2008,6,"032108",120.5
146,-17.81,2008,7,"032108",183.6
146,-17.81,2008,8,"032108",28.5
146,-17.81,2008,9,"032108",111.2
146,-17.81,2008,10,"032108",NA
146,-17.81,2008,11,"032108",288.8
146,-17.81,2008,12,"032108",271.2
146,-17.81,2009,1,"032108",1311
146,-17.81,2009,2,"032108",943.3
146,-17.81,2009,3,"032108",313
146,-17.81,2009,4,"032108",423.8
146,-17.81,2009,5,"032108",NA
146,-17.81,2009,6,"032108",NA
146,-17.81,2009,7,"032108",NA
146,-17.81,2009,8,"032108",NA
146,-17.81,2009,9,"032108",NA
146,-17.81,2009,10,"032108",NA
146,-17.81,2009,11,"032108",NA
146,-17.81,2009,12,"032108",NA
