"Lon","Lat","Year","Month","Station","Rain"
146.64,-31.78,1891,1,"051017",91.9
146.64,-31.78,1891,2,"051017",7.4
146.64,-31.78,1891,3,"051017",23.1
146.64,-31.78,1891,4,"051017",59.7
146.64,-31.78,1891,5,"051017",67.1
146.64,-31.78,1891,6,"051017",122.2
146.64,-31.78,1891,7,"051017",123.2
146.64,-31.78,1891,8,"051017",45.2
146.64,-31.78,1891,9,"051017",40.4
146.64,-31.78,1891,10,"051017",50.1
146.64,-31.78,1891,11,"051017",23.3
146.64,-31.78,1891,12,"051017",41.9
146.64,-31.78,1892,1,"051017",13.9
146.64,-31.78,1892,2,"051017",6.6
146.64,-31.78,1892,3,"051017",46
146.64,-31.78,1892,4,"051017",0
146.64,-31.78,1892,5,"051017",23.9
146.64,-31.78,1892,6,"051017",59.7
146.64,-31.78,1892,7,"051017",67.8
146.64,-31.78,1892,8,"051017",5.3
146.64,-31.78,1892,9,"051017",46
146.64,-31.78,1892,10,"051017",127.5
146.64,-31.78,1892,11,"051017",6.9
146.64,-31.78,1892,12,"051017",0
146.64,-31.78,1893,1,"051017",9.9
146.64,-31.78,1893,2,"051017",3.8
146.64,-31.78,1893,3,"051017",120.9
146.64,-31.78,1893,4,"051017",40.7
146.64,-31.78,1893,5,"051017",77.8
146.64,-31.78,1893,6,"051017",64.7
146.64,-31.78,1893,7,"051017",14.2
146.64,-31.78,1893,8,"051017",28.5
146.64,-31.78,1893,9,"051017",19.8
146.64,-31.78,1893,10,"051017",21.6
146.64,-31.78,1893,11,"051017",98.4
146.64,-31.78,1893,12,"051017",15.5
146.64,-31.78,1894,1,"051017",78.5
146.64,-31.78,1894,2,"051017",34.9
146.64,-31.78,1894,3,"051017",40
146.64,-31.78,1894,4,"051017",97.3
146.64,-31.78,1894,5,"051017",0
146.64,-31.78,1894,6,"051017",42.9
146.64,-31.78,1894,7,"051017",2.5
146.64,-31.78,1894,8,"051017",40.9
146.64,-31.78,1894,9,"051017",49.3
146.64,-31.78,1894,10,"051017",96
146.64,-31.78,1894,11,"051017",5.1
146.64,-31.78,1894,12,"051017",32.7
146.64,-31.78,1895,1,"051017",75
146.64,-31.78,1895,2,"051017",24.1
146.64,-31.78,1895,3,"051017",0
146.64,-31.78,1895,4,"051017",15.3
146.64,-31.78,1895,5,"051017",26.2
146.64,-31.78,1895,6,"051017",24.1
146.64,-31.78,1895,7,"051017",8.9
146.64,-31.78,1895,8,"051017",22.9
146.64,-31.78,1895,9,"051017",16.3
146.64,-31.78,1895,10,"051017",53.6
146.64,-31.78,1895,11,"051017",21.8
146.64,-31.78,1895,12,"051017",2
146.64,-31.78,1896,1,"051017",5
146.64,-31.78,1896,2,"051017",288.5
146.64,-31.78,1896,3,"051017",11.7
146.64,-31.78,1896,4,"051017",NA
146.64,-31.78,1896,5,"051017",67.7
146.64,-31.78,1896,6,"051017",11.6
146.64,-31.78,1896,7,"051017",6
146.64,-31.78,1896,8,"051017",18
146.64,-31.78,1896,9,"051017",14.7
146.64,-31.78,1896,10,"051017",3.3
146.64,-31.78,1896,11,"051017",53.4
146.64,-31.78,1896,12,"051017",34.8
146.64,-31.78,1897,1,"051017",66.3
146.64,-31.78,1897,2,"051017",10.2
146.64,-31.78,1897,3,"051017",12.7
146.64,-31.78,1897,4,"051017",0
146.64,-31.78,1897,5,"051017",25.4
146.64,-31.78,1897,6,"051017",98.3
146.64,-31.78,1897,7,"051017",58.9
146.64,-31.78,1897,8,"051017",9.4
146.64,-31.78,1897,9,"051017",7.6
146.64,-31.78,1897,10,"051017",12.7
146.64,-31.78,1897,11,"051017",0
146.64,-31.78,1897,12,"051017",12.7
146.64,-31.78,1898,1,"051017",51.8
146.64,-31.78,1898,2,"051017",47.4
146.64,-31.78,1898,3,"051017",6.1
146.64,-31.78,1898,4,"051017",0
146.64,-31.78,1898,5,"051017",0
146.64,-31.78,1898,6,"051017",0
146.64,-31.78,1898,7,"051017",6.4
146.64,-31.78,1898,8,"051017",35.3
146.64,-31.78,1898,9,"051017",6.1
146.64,-31.78,1898,10,"051017",26.7
146.64,-31.78,1898,11,"051017",0
146.64,-31.78,1898,12,"051017",0
146.64,-31.78,1899,1,"051017",NA
146.64,-31.78,1899,2,"051017",6.4
146.64,-31.78,1899,3,"051017",6.4
146.64,-31.78,1899,4,"051017",NA
146.64,-31.78,1899,5,"051017",NA
146.64,-31.78,1899,6,"051017",NA
146.64,-31.78,1899,7,"051017",NA
146.64,-31.78,1899,8,"051017",NA
146.64,-31.78,1899,9,"051017",NA
146.64,-31.78,1899,10,"051017",NA
146.64,-31.78,1899,11,"051017",NA
146.64,-31.78,1899,12,"051017",NA
146.64,-31.78,1915,1,"051017",10.7
146.64,-31.78,1915,2,"051017",10.2
146.64,-31.78,1915,3,"051017",0.8
146.64,-31.78,1915,4,"051017",6.9
146.64,-31.78,1915,5,"051017",79.9
146.64,-31.78,1915,6,"051017",15.7
146.64,-31.78,1915,7,"051017",16.9
146.64,-31.78,1915,8,"051017",13.5
146.64,-31.78,1915,9,"051017",21.2
146.64,-31.78,1915,10,"051017",66.7
146.64,-31.78,1915,11,"051017",0
146.64,-31.78,1915,12,"051017",35.3
146.64,-31.78,1916,1,"051017",30
146.64,-31.78,1916,2,"051017",43.7
146.64,-31.78,1916,3,"051017",0
146.64,-31.78,1916,4,"051017",59.2
146.64,-31.78,1916,5,"051017",6.6
146.64,-31.78,1916,6,"051017",97.4
146.64,-31.78,1916,7,"051017",49.4
146.64,-31.78,1916,8,"051017",30.9
146.64,-31.78,1916,9,"051017",33.3
146.64,-31.78,1916,10,"051017",108
146.64,-31.78,1916,11,"051017",84.9
146.64,-31.78,1916,12,"051017",64.2
146.64,-31.78,1917,1,"051017",33.8
146.64,-31.78,1917,2,"051017",83.7
146.64,-31.78,1917,3,"051017",0
146.64,-31.78,1917,4,"051017",2.1
146.64,-31.78,1917,5,"051017",7.4
146.64,-31.78,1917,6,"051017",59.7
146.64,-31.78,1917,7,"051017",54.5
146.64,-31.78,1917,8,"051017",24.9
146.64,-31.78,1917,9,"051017",52.3
146.64,-31.78,1917,10,"051017",39.3
146.64,-31.78,1917,11,"051017",152.4
146.64,-31.78,1917,12,"051017",35.3
146.64,-31.78,1918,1,"051017",125.8
146.64,-31.78,1918,2,"051017",26.4
146.64,-31.78,1918,3,"051017",4.6
146.64,-31.78,1918,4,"051017",15.9
146.64,-31.78,1918,5,"051017",5.6
146.64,-31.78,1918,6,"051017",39.6
146.64,-31.78,1918,7,"051017",17.3
146.64,-31.78,1918,8,"051017",54.2
146.64,-31.78,1918,9,"051017",7.1
146.64,-31.78,1918,10,"051017",7.6
146.64,-31.78,1918,11,"051017",6.3
146.64,-31.78,1918,12,"051017",8.6
146.64,-31.78,1919,1,"051017",0
146.64,-31.78,1919,2,"051017",83.3
146.64,-31.78,1919,3,"051017",5.1
146.64,-31.78,1919,4,"051017",9.4
146.64,-31.78,1919,5,"051017",58.4
146.64,-31.78,1919,6,"051017",0
146.64,-31.78,1919,7,"051017",3
146.64,-31.78,1919,8,"051017",37.1
146.64,-31.78,1919,9,"051017",3
146.64,-31.78,1919,10,"051017",0
146.64,-31.78,1919,11,"051017",1.8
146.64,-31.78,1919,12,"051017",50.3
146.64,-31.78,1920,1,"051017",15.2
146.64,-31.78,1920,2,"051017",0
146.64,-31.78,1920,3,"051017",7.9
146.64,-31.78,1920,4,"051017",11.4
146.64,-31.78,1920,5,"051017",1.3
146.64,-31.78,1920,6,"051017",150.4
146.64,-31.78,1920,7,"051017",26.9
146.64,-31.78,1920,8,"051017",24.5
146.64,-31.78,1920,9,"051017",63
146.64,-31.78,1920,10,"051017",95
146.64,-31.78,1920,11,"051017",54.1
146.64,-31.78,1920,12,"051017",49.5
146.64,-31.78,1921,1,"051017",52.6
146.64,-31.78,1921,2,"051017",46
146.64,-31.78,1921,3,"051017",37.6
146.64,-31.78,1921,4,"051017",93.7
146.64,-31.78,1921,5,"051017",26.9
146.64,-31.78,1921,6,"051017",99.6
146.64,-31.78,1921,7,"051017",44.9
146.64,-31.78,1921,8,"051017",27.9
146.64,-31.78,1921,9,"051017",27.4
146.64,-31.78,1921,10,"051017",5.5
146.64,-31.78,1921,11,"051017",14
146.64,-31.78,1921,12,"051017",112.2
146.64,-31.78,1922,1,"051017",24.8
146.64,-31.78,1922,2,"051017",69.6
146.64,-31.78,1922,3,"051017",0
146.64,-31.78,1922,4,"051017",20.1
146.64,-31.78,1922,5,"051017",6.4
146.64,-31.78,1922,6,"051017",27.1
146.64,-31.78,1922,7,"051017",23.5
146.64,-31.78,1922,8,"051017",15.3
146.64,-31.78,1922,9,"051017",9.1
146.64,-31.78,1922,10,"051017",7.1
146.64,-31.78,1922,11,"051017",0
146.64,-31.78,1922,12,"051017",62.5
146.64,-31.78,1923,1,"051017",8.4
146.64,-31.78,1923,2,"051017",7.9
146.64,-31.78,1923,3,"051017",3.3
146.64,-31.78,1923,4,"051017",0
146.64,-31.78,1923,5,"051017",3.3
146.64,-31.78,1923,6,"051017",90.3
146.64,-31.78,1923,7,"051017",19.5
146.64,-31.78,1923,8,"051017",22.3
146.64,-31.78,1923,9,"051017",0
146.64,-31.78,1923,10,"051017",13
146.64,-31.78,1923,11,"051017",20.3
146.64,-31.78,1923,12,"051017",98.2
146.64,-31.78,1924,1,"051017",12.4
146.64,-31.78,1924,2,"051017",31.2
146.64,-31.78,1924,3,"051017",7.7
146.64,-31.78,1924,4,"051017",35.4
146.64,-31.78,1924,5,"051017",2.3
146.64,-31.78,1924,6,"051017",27.6
146.64,-31.78,1924,7,"051017",16.7
146.64,-31.78,1924,8,"051017",40.9
146.64,-31.78,1924,9,"051017",79.3
146.64,-31.78,1924,10,"051017",17
146.64,-31.78,1924,11,"051017",84.8
146.64,-31.78,1924,12,"051017",23.6
146.64,-31.78,1925,1,"051017",49.4
146.64,-31.78,1925,2,"051017",36.8
146.64,-31.78,1925,3,"051017",10.7
146.64,-31.78,1925,4,"051017",2.8
146.64,-31.78,1925,5,"051017",65
146.64,-31.78,1925,6,"051017",82.1
146.64,-31.78,1925,7,"051017",34.1
146.64,-31.78,1925,8,"051017",26.6
146.64,-31.78,1925,9,"051017",10.2
146.64,-31.78,1925,10,"051017",7.4
146.64,-31.78,1925,11,"051017",94.3
146.64,-31.78,1925,12,"051017",30.3
146.64,-31.78,1926,1,"051017",24.1
146.64,-31.78,1926,2,"051017",6.9
146.64,-31.78,1926,3,"051017",98.1
146.64,-31.78,1926,4,"051017",78.3
146.64,-31.78,1926,5,"051017",36.6
146.64,-31.78,1926,6,"051017",38.3
146.64,-31.78,1926,7,"051017",8.1
146.64,-31.78,1926,8,"051017",18.8
146.64,-31.78,1926,9,"051017",40.8
146.64,-31.78,1926,10,"051017",2.5
146.64,-31.78,1926,11,"051017",1.8
146.64,-31.78,1926,12,"051017",35.6
146.64,-31.78,1927,1,"051017",21.3
146.64,-31.78,1927,2,"051017",0
146.64,-31.78,1927,3,"051017",37.8
146.64,-31.78,1927,4,"051017",13.2
146.64,-31.78,1927,5,"051017",6.1
146.64,-31.78,1927,6,"051017",25.4
146.64,-31.78,1927,7,"051017",0
146.64,-31.78,1927,8,"051017",24.2
146.64,-31.78,1927,9,"051017",44.2
146.64,-31.78,1927,10,"051017",10.5
146.64,-31.78,1927,11,"051017",46.9
146.64,-31.78,1927,12,"051017",54.6
146.64,-31.78,1928,1,"051017",90.5
146.64,-31.78,1928,2,"051017",210.8
146.64,-31.78,1928,3,"051017",22.9
146.64,-31.78,1928,4,"051017",47.5
146.64,-31.78,1928,5,"051017",17.7
146.64,-31.78,1928,6,"051017",36.1
146.64,-31.78,1928,7,"051017",24.5
146.64,-31.78,1928,8,"051017",3.3
146.64,-31.78,1928,9,"051017",0
146.64,-31.78,1928,10,"051017",32.5
146.64,-31.78,1928,11,"051017",20.6
146.64,-31.78,1928,12,"051017",5.1
146.64,-31.78,1929,1,"051017",0
146.64,-31.78,1929,2,"051017",50.1
146.64,-31.78,1929,3,"051017",64
146.64,-31.78,1929,4,"051017",27.3
146.64,-31.78,1929,5,"051017",0
146.64,-31.78,1929,6,"051017",7.9
146.64,-31.78,1929,7,"051017",18
146.64,-31.78,1929,8,"051017",30.1
146.64,-31.78,1929,9,"051017",32.7
146.64,-31.78,1929,10,"051017",14
146.64,-31.78,1929,11,"051017",20.9
146.64,-31.78,1929,12,"051017",47.8
146.64,-31.78,1930,1,"051017",9.9
146.64,-31.78,1930,2,"051017",24.9
146.64,-31.78,1930,3,"051017",6.6
146.64,-31.78,1930,4,"051017",10.2
146.64,-31.78,1930,5,"051017",29.7
146.64,-31.78,1930,6,"051017",116.9
146.64,-31.78,1930,7,"051017",44.2
146.64,-31.78,1930,8,"051017",40.9
146.64,-31.78,1930,9,"051017",6.4
146.64,-31.78,1930,10,"051017",52.2
146.64,-31.78,1930,11,"051017",34.8
146.64,-31.78,1930,12,"051017",88.5
146.64,-31.78,1931,1,"051017",12.2
146.64,-31.78,1931,2,"051017",8.7
146.64,-31.78,1931,3,"051017",139.1
146.64,-31.78,1931,4,"051017",70.4
146.64,-31.78,1931,5,"051017",89.4
146.64,-31.78,1931,6,"051017",44.4
146.64,-31.78,1931,7,"051017",9.4
146.64,-31.78,1931,8,"051017",7.9
146.64,-31.78,1931,9,"051017",7.6
146.64,-31.78,1931,10,"051017",0
146.64,-31.78,1931,11,"051017",47.5
146.64,-31.78,1931,12,"051017",97.6
146.64,-31.78,1932,1,"051017",3
146.64,-31.78,1932,2,"051017",35.1
146.64,-31.78,1932,3,"051017",48.5
146.64,-31.78,1932,4,"051017",39.1
146.64,-31.78,1932,5,"051017",46.7
146.64,-31.78,1932,6,"051017",11.2
146.64,-31.78,1932,7,"051017",23.6
146.64,-31.78,1932,8,"051017",30.5
146.64,-31.78,1932,9,"051017",30.7
146.64,-31.78,1932,10,"051017",6.4
146.64,-31.78,1932,11,"051017",34.5
146.64,-31.78,1932,12,"051017",16.5
146.64,-31.78,1933,1,"051017",3.8
146.64,-31.78,1933,2,"051017",0
146.64,-31.78,1933,3,"051017",12.5
146.64,-31.78,1933,4,"051017",17.3
146.64,-31.78,1933,5,"051017",9.7
146.64,-31.78,1933,6,"051017",11.4
146.64,-31.78,1933,7,"051017",32.4
146.64,-31.78,1933,8,"051017",9.9
146.64,-31.78,1933,9,"051017",48.3
146.64,-31.78,1933,10,"051017",20.3
146.64,-31.78,1933,11,"051017",132.1
146.64,-31.78,1933,12,"051017",67.5
146.64,-31.78,1934,1,"051017",6.1
146.64,-31.78,1934,2,"051017",53.6
146.64,-31.78,1934,3,"051017",0
146.64,-31.78,1934,4,"051017",17
146.64,-31.78,1934,5,"051017",0
146.64,-31.78,1934,6,"051017",21.6
146.64,-31.78,1934,7,"051017",46.4
146.64,-31.78,1934,8,"051017",70.1
146.64,-31.78,1934,9,"051017",17.6
146.64,-31.78,1934,10,"051017",109.9
146.64,-31.78,1934,11,"051017",58.6
146.64,-31.78,1934,12,"051017",3.3
146.64,-31.78,1935,1,"051017",38.6
146.64,-31.78,1935,2,"051017",8.3
146.64,-31.78,1935,3,"051017",0
146.64,-31.78,1935,4,"051017",47.8
146.64,-31.78,1935,5,"051017",2.3
146.64,-31.78,1935,6,"051017",16.8
146.64,-31.78,1935,7,"051017",25.9
146.64,-31.78,1935,8,"051017",24.3
146.64,-31.78,1935,9,"051017",45.5
146.64,-31.78,1935,10,"051017",27.4
146.64,-31.78,1935,11,"051017",4.3
146.64,-31.78,1935,12,"051017",9.1
146.64,-31.78,1936,1,"051017",169.8
146.64,-31.78,1936,2,"051017",131.6
146.64,-31.78,1936,3,"051017",117.3
146.64,-31.78,1936,4,"051017",0
146.64,-31.78,1936,5,"051017",20.8
146.64,-31.78,1936,6,"051017",52.1
146.64,-31.78,1936,7,"051017",54.3
146.64,-31.78,1936,8,"051017",42.2
146.64,-31.78,1936,9,"051017",14.3
146.64,-31.78,1936,10,"051017",15.5
146.64,-31.78,1936,11,"051017",2
146.64,-31.78,1936,12,"051017",121.9
146.64,-31.78,1937,1,"051017",38.7
146.64,-31.78,1937,2,"051017",25.5
146.64,-31.78,1937,3,"051017",3.6
146.64,-31.78,1937,4,"051017",0
146.64,-31.78,1937,5,"051017",23.7
146.64,-31.78,1937,6,"051017",42.1
146.64,-31.78,1937,7,"051017",0
146.64,-31.78,1937,8,"051017",33.8
146.64,-31.78,1937,9,"051017",1.5
146.64,-31.78,1937,10,"051017",12.2
146.64,-31.78,1937,11,"051017",24.9
146.64,-31.78,1937,12,"051017",6.6
146.64,-31.78,1938,1,"051017",19.3
146.64,-31.78,1938,2,"051017",0
146.64,-31.78,1938,3,"051017",1.8
146.64,-31.78,1938,4,"051017",23.1
146.64,-31.78,1938,5,"051017",17.7
146.64,-31.78,1938,6,"051017",38.8
146.64,-31.78,1938,7,"051017",29.7
146.64,-31.78,1938,8,"051017",18.2
146.64,-31.78,1938,9,"051017",14.8
146.64,-31.78,1938,10,"051017",45.9
146.64,-31.78,1938,11,"051017",19.8
146.64,-31.78,1938,12,"051017",0
146.64,-31.78,1939,1,"051017",26.1
146.64,-31.78,1939,2,"051017",82.2
146.64,-31.78,1939,3,"051017",87.9
146.64,-31.78,1939,4,"051017",45.9
146.64,-31.78,1939,5,"051017",0
146.64,-31.78,1939,6,"051017",54.8
146.64,-31.78,1939,7,"051017",23.4
146.64,-31.78,1939,8,"051017",79.3
146.64,-31.78,1939,9,"051017",13.9
146.64,-31.78,1939,10,"051017",24.6
146.64,-31.78,1939,11,"051017",52.3
146.64,-31.78,1939,12,"051017",4.6
146.64,-31.78,1940,1,"051017",12.8
146.64,-31.78,1940,2,"051017",0
146.64,-31.78,1940,3,"051017",0
146.64,-31.78,1940,4,"051017",101.1
146.64,-31.78,1940,5,"051017",2.5
146.64,-31.78,1940,6,"051017",0
146.64,-31.78,1940,7,"051017",0
146.64,-31.78,1940,8,"051017",11.4
146.64,-31.78,1940,9,"051017",29.2
146.64,-31.78,1940,10,"051017",4
146.64,-31.78,1940,11,"051017",0
146.64,-31.78,1940,12,"051017",86.4
146.64,-31.78,1941,1,"051017",193.2
146.64,-31.78,1941,2,"051017",0
146.64,-31.78,1941,3,"051017",45.3
146.64,-31.78,1941,4,"051017",0
146.64,-31.78,1941,5,"051017",2.5
146.64,-31.78,1941,6,"051017",72.2
146.64,-31.78,1941,7,"051017",3.8
146.64,-31.78,1941,8,"051017",0
146.64,-31.78,1941,9,"051017",4.5
146.64,-31.78,1941,10,"051017",7.3
146.64,-31.78,1941,11,"051017",22.8
146.64,-31.78,1941,12,"051017",31.3
146.64,-31.78,1942,1,"051017",35.6
146.64,-31.78,1942,2,"051017",70.3
146.64,-31.78,1942,3,"051017",0
146.64,-31.78,1942,4,"051017",1.5
146.64,-31.78,1942,5,"051017",83.7
146.64,-31.78,1942,6,"051017",31.3
146.64,-31.78,1942,7,"051017",13
146.64,-31.78,1942,8,"051017",3.6
146.64,-31.78,1942,9,"051017",16.8
146.64,-31.78,1942,10,"051017",14.9
146.64,-31.78,1942,11,"051017",34.4
146.64,-31.78,1942,12,"051017",77.3
146.64,-31.78,1943,1,"051017",47.5
146.64,-31.78,1943,2,"051017",10.9
146.64,-31.78,1943,3,"051017",1.3
146.64,-31.78,1943,4,"051017",15.7
146.64,-31.78,1943,5,"051017",41.2
146.64,-31.78,1943,6,"051017",6.2
146.64,-31.78,1943,7,"051017",13.4
146.64,-31.78,1943,8,"051017",18.3
146.64,-31.78,1943,9,"051017",27.7
146.64,-31.78,1943,10,"051017",3.3
146.64,-31.78,1943,11,"051017",90.1
146.64,-31.78,1943,12,"051017",5.1
146.64,-31.78,1944,1,"051017",0.8
146.64,-31.78,1944,2,"051017",84.1
146.64,-31.78,1944,3,"051017",34.6
146.64,-31.78,1944,4,"051017",7.9
146.64,-31.78,1944,5,"051017",28.9
146.64,-31.78,1944,6,"051017",7.1
146.64,-31.78,1944,7,"051017",11.2
146.64,-31.78,1944,8,"051017",37.8
146.64,-31.78,1944,9,"051017",6.6
146.64,-31.78,1944,10,"051017",3.6
146.64,-31.78,1944,11,"051017",6.1
146.64,-31.78,1944,12,"051017",5.8
146.64,-31.78,1945,1,"051017",37.9
146.64,-31.78,1945,2,"051017",76.7
146.64,-31.78,1945,3,"051017",5.1
146.64,-31.78,1945,4,"051017",29.5
146.64,-31.78,1945,5,"051017",41.6
146.64,-31.78,1945,6,"051017",60.5
146.64,-31.78,1945,7,"051017",46.5
146.64,-31.78,1945,8,"051017",45.4
146.64,-31.78,1945,9,"051017",1
146.64,-31.78,1945,10,"051017",21.1
146.64,-31.78,1945,11,"051017",3.8
146.64,-31.78,1945,12,"051017",2.8
146.64,-31.78,1946,1,"051017",44.5
146.64,-31.78,1946,2,"051017",37.8
146.64,-31.78,1946,3,"051017",16.2
146.64,-31.78,1946,4,"051017",3.8
146.64,-31.78,1946,5,"051017",9.2
146.64,-31.78,1946,6,"051017",14
146.64,-31.78,1946,7,"051017",11.5
146.64,-31.78,1946,8,"051017",0.8
146.64,-31.78,1946,9,"051017",24.1
146.64,-31.78,1946,10,"051017",19.8
146.64,-31.78,1946,11,"051017",6.6
146.64,-31.78,1946,12,"051017",14.1
146.64,-31.78,1947,1,"051017",3.8
146.64,-31.78,1947,2,"051017",157.1
146.64,-31.78,1947,3,"051017",70.8
146.64,-31.78,1947,4,"051017",20.3
146.64,-31.78,1947,5,"051017",33.8
146.64,-31.78,1947,6,"051017",16
146.64,-31.78,1947,7,"051017",44.7
146.64,-31.78,1947,8,"051017",19.7
146.64,-31.78,1947,9,"051017",44.5
146.64,-31.78,1947,10,"051017",45
146.64,-31.78,1947,11,"051017",52.9
146.64,-31.78,1947,12,"051017",37.3
146.64,-31.78,1948,1,"051017",9.7
146.64,-31.78,1948,2,"051017",77.1
146.64,-31.78,1948,3,"051017",7.6
146.64,-31.78,1948,4,"051017",45.9
146.64,-31.78,1948,5,"051017",58.4
146.64,-31.78,1948,6,"051017",88.2
146.64,-31.78,1948,7,"051017",0
146.64,-31.78,1948,8,"051017",28.1
146.64,-31.78,1948,9,"051017",16.8
146.64,-31.78,1948,10,"051017",6.6
146.64,-31.78,1948,11,"051017",20.6
146.64,-31.78,1948,12,"051017",11.9
146.64,-31.78,1949,1,"051017",21.6
146.64,-31.78,1949,2,"051017",42.5
146.64,-31.78,1949,3,"051017",124.9
146.64,-31.78,1949,4,"051017",15.2
146.64,-31.78,1949,5,"051017",33.8
146.64,-31.78,1949,6,"051017",14.9
146.64,-31.78,1949,7,"051017",5.9
146.64,-31.78,1949,8,"051017",6.6
146.64,-31.78,1949,9,"051017",85.2
146.64,-31.78,1949,10,"051017",95.2
146.64,-31.78,1949,11,"051017",40.7
146.64,-31.78,1949,12,"051017",13.7
146.64,-31.78,1950,1,"051017",34
146.64,-31.78,1950,2,"051017",126.3
146.64,-31.78,1950,3,"051017",200.6
146.64,-31.78,1950,4,"051017",22.3
146.64,-31.78,1950,5,"051017",13.8
146.64,-31.78,1950,6,"051017",36.4
146.64,-31.78,1950,7,"051017",35.4
146.64,-31.78,1950,8,"051017",25.9
146.64,-31.78,1950,9,"051017",37.5
146.64,-31.78,1950,10,"051017",133
146.64,-31.78,1950,11,"051017",104.1
146.64,-31.78,1950,12,"051017",50.3
146.64,-31.78,1951,1,"051017",4.8
146.64,-31.78,1951,2,"051017",6.3
146.64,-31.78,1951,3,"051017",0
146.64,-31.78,1951,4,"051017",6.4
146.64,-31.78,1951,5,"051017",54.3
146.64,-31.78,1951,6,"051017",45.8
146.64,-31.78,1951,7,"051017",22.1
146.64,-31.78,1951,8,"051017",38
146.64,-31.78,1951,9,"051017",20
146.64,-31.78,1951,10,"051017",5.1
146.64,-31.78,1951,11,"051017",16.5
146.64,-31.78,1951,12,"051017",14.5
146.64,-31.78,1952,1,"051017",8.1
146.64,-31.78,1952,2,"051017",17.8
146.64,-31.78,1952,3,"051017",57.1
146.64,-31.78,1952,4,"051017",47.3
146.64,-31.78,1952,5,"051017",29.9
146.64,-31.78,1952,6,"051017",12.7
146.64,-31.78,1952,7,"051017",32.5
146.64,-31.78,1952,8,"051017",84.1
146.64,-31.78,1952,9,"051017",8.4
146.64,-31.78,1952,10,"051017",17.3
146.64,-31.78,1952,11,"051017",31.8
146.64,-31.78,1952,12,"051017",58.3
146.64,-31.78,1953,1,"051017",60.2
146.64,-31.78,1953,2,"051017",21.2
146.64,-31.78,1953,3,"051017",14.4
146.64,-31.78,1953,4,"051017",34.9
146.64,-31.78,1953,5,"051017",50
146.64,-31.78,1953,6,"051017",0
146.64,-31.78,1953,7,"051017",0
146.64,-31.78,1953,8,"051017",37.5
146.64,-31.78,1953,9,"051017",21.8
146.64,-31.78,1953,10,"051017",101.4
146.64,-31.78,1953,11,"051017",35.8
146.64,-31.78,1953,12,"051017",6.8
146.64,-31.78,1954,1,"051017",47
146.64,-31.78,1954,2,"051017",138.7
146.64,-31.78,1954,3,"051017",0
146.64,-31.78,1954,4,"051017",19.5
146.64,-31.78,1954,5,"051017",0
146.64,-31.78,1954,6,"051017",32.8
146.64,-31.78,1954,7,"051017",9.7
146.64,-31.78,1954,8,"051017",27
146.64,-31.78,1954,9,"051017",8.9
146.64,-31.78,1954,10,"051017",52.8
146.64,-31.78,1954,11,"051017",45.1
146.64,-31.78,1954,12,"051017",52.3
146.64,-31.78,1955,1,"051017",38.9
146.64,-31.78,1955,2,"051017",214.9
146.64,-31.78,1955,3,"051017",7.6
146.64,-31.78,1955,4,"051017",66
146.64,-31.78,1955,5,"051017",44.5
146.64,-31.78,1955,6,"051017",22.3
146.64,-31.78,1955,7,"051017",25.9
146.64,-31.78,1955,8,"051017",36.4
146.64,-31.78,1955,9,"051017",38.4
146.64,-31.78,1955,10,"051017",79.4
146.64,-31.78,1955,11,"051017",26.7
146.64,-31.78,1955,12,"051017",18
146.64,-31.78,1956,1,"051017",63.5
146.64,-31.78,1956,2,"051017",99.7
146.64,-31.78,1956,3,"051017",199.6
146.64,-31.78,1956,4,"051017",33.3
146.64,-31.78,1956,5,"051017",105.7
146.64,-31.78,1956,6,"051017",61
146.64,-31.78,1956,7,"051017",97.7
146.64,-31.78,1956,8,"051017",1.3
146.64,-31.78,1956,9,"051017",28.7
146.64,-31.78,1956,10,"051017",71.1
146.64,-31.78,1956,11,"051017",0
146.64,-31.78,1956,12,"051017",22.4
146.64,-31.78,2007,1,"051017",65.6
146.64,-31.78,2007,2,"051017",47
146.64,-31.78,2007,3,"051017",NA
146.64,-31.78,2007,4,"051017",15
146.64,-31.78,2007,5,"051017",37.4
146.64,-31.78,2007,6,"051017",NA
146.64,-31.78,2007,7,"051017",6.7
146.64,-31.78,2007,8,"051017",14
146.64,-31.78,2007,9,"051017",0
146.64,-31.78,2007,10,"051017",7.8
146.64,-31.78,2007,11,"051017",58.9
146.64,-31.78,2007,12,"051017",111.8
146.64,-31.78,2008,1,"051017",76.2
146.64,-31.78,2008,2,"051017",51
146.64,-31.78,2008,3,"051017",25.6
146.64,-31.78,2008,4,"051017",0
146.64,-31.78,2008,5,"051017",NA
146.64,-31.78,2008,6,"051017",NA
146.64,-31.78,2008,7,"051017",0
146.64,-31.78,2008,8,"051017",NA
146.64,-31.78,2008,9,"051017",11
146.64,-31.78,2008,10,"051017",NA
146.64,-31.78,2008,11,"051017",NA
146.64,-31.78,2008,12,"051017",NA
