"Lon","Lat","Year","Month","Station","Rain"
140.23,-23.05,1951,1,"038072",75.4
140.23,-23.05,1951,2,"038072",0
140.23,-23.05,1951,3,"038072",0
140.23,-23.05,1951,4,"038072",0
140.23,-23.05,1951,5,"038072",0
140.23,-23.05,1951,6,"038072",31
140.23,-23.05,1951,7,"038072",0
140.23,-23.05,1951,8,"038072",0
140.23,-23.05,1951,9,"038072",0.8
140.23,-23.05,1951,10,"038072",0
140.23,-23.05,1951,11,"038072",0
140.23,-23.05,1951,12,"038072",0
140.23,-23.05,1952,1,"038072",36.1
140.23,-23.05,1952,2,"038072",17.3
140.23,-23.05,1952,3,"038072",0
140.23,-23.05,1952,4,"038072",56.1
140.23,-23.05,1952,5,"038072",15.2
140.23,-23.05,1952,6,"038072",0
140.23,-23.05,1952,7,"038072",0
140.23,-23.05,1952,8,"038072",4.6
140.23,-23.05,1952,9,"038072",1.8
140.23,-23.05,1952,10,"038072",59.4
140.23,-23.05,1952,11,"038072",1
140.23,-23.05,1952,12,"038072",17.5
140.23,-23.05,1953,1,"038072",132.1
140.23,-23.05,1953,2,"038072",229.6
140.23,-23.05,1953,3,"038072",0
140.23,-23.05,1953,4,"038072",39.4
140.23,-23.05,1953,5,"038072",1.3
140.23,-23.05,1953,6,"038072",0
140.23,-23.05,1953,7,"038072",0
140.23,-23.05,1953,8,"038072",25.4
140.23,-23.05,1953,9,"038072",9.1
140.23,-23.05,1953,10,"038072",3.3
140.23,-23.05,1953,11,"038072",2.5
140.23,-23.05,1953,12,"038072",15.2
140.23,-23.05,1954,1,"038072",113.8
140.23,-23.05,1954,2,"038072",57.9
140.23,-23.05,1954,3,"038072",7.6
140.23,-23.05,1954,4,"038072",11.9
140.23,-23.05,1954,5,"038072",0
140.23,-23.05,1954,6,"038072",0
140.23,-23.05,1954,7,"038072",1.5
140.23,-23.05,1954,8,"038072",8.1
140.23,-23.05,1954,9,"038072",0
140.23,-23.05,1954,10,"038072",33.5
140.23,-23.05,1954,11,"038072",0
140.23,-23.05,1954,12,"038072",19.6
140.23,-23.05,1955,1,"038072",36.8
140.23,-23.05,1955,2,"038072",92.2
140.23,-23.05,1955,3,"038072",15
140.23,-23.05,1955,4,"038072",9.7
140.23,-23.05,1955,5,"038072",45.2
140.23,-23.05,1955,6,"038072",0
140.23,-23.05,1955,7,"038072",46.5
140.23,-23.05,1955,8,"038072",14.7
140.23,-23.05,1955,9,"038072",0
140.23,-23.05,1955,10,"038072",79.8
140.23,-23.05,1955,11,"038072",0
140.23,-23.05,1955,12,"038072",0
140.23,-23.05,1956,1,"038072",39.1
140.23,-23.05,1956,2,"038072",83.8
140.23,-23.05,1956,3,"038072",94.2
140.23,-23.05,1956,4,"038072",11.9
140.23,-23.05,1956,5,"038072",5.8
140.23,-23.05,1956,6,"038072",15.5
140.23,-23.05,1956,7,"038072",65
140.23,-23.05,1956,8,"038072",0
140.23,-23.05,1956,9,"038072",17.3
140.23,-23.05,1956,10,"038072",33.8
140.23,-23.05,1956,11,"038072",19.3
140.23,-23.05,1956,12,"038072",29
140.23,-23.05,1957,1,"038072",244.1
140.23,-23.05,1957,2,"038072",132.8
140.23,-23.05,1957,3,"038072",23.9
140.23,-23.05,1957,4,"038072",27.9
140.23,-23.05,1957,5,"038072",0
140.23,-23.05,1957,6,"038072",37.8
140.23,-23.05,1957,7,"038072",5.1
140.23,-23.05,1957,8,"038072",0
140.23,-23.05,1957,9,"038072",0
140.23,-23.05,1957,10,"038072",11.4
140.23,-23.05,1957,11,"038072",0
140.23,-23.05,1957,12,"038072",3
140.23,-23.05,1958,1,"038072",23.1
140.23,-23.05,1958,2,"038072",7.1
140.23,-23.05,1958,3,"038072",34.5
140.23,-23.05,1958,4,"038072",8.4
140.23,-23.05,1958,5,"038072",52.3
140.23,-23.05,1958,6,"038072",13.7
140.23,-23.05,1958,7,"038072",0
140.23,-23.05,1958,8,"038072",1.3
140.23,-23.05,1958,9,"038072",1.5
140.23,-23.05,1958,10,"038072",50.3
140.23,-23.05,1958,11,"038072",25.4
140.23,-23.05,1958,12,"038072",0
140.23,-23.05,1959,1,"038072",12.7
140.23,-23.05,1959,2,"038072",1.5
140.23,-23.05,1959,3,"038072",80
140.23,-23.05,1959,4,"038072",1.8
140.23,-23.05,1959,5,"038072",77.7
140.23,-23.05,1959,6,"038072",0
140.23,-23.05,1959,7,"038072",0
140.23,-23.05,1959,8,"038072",13
140.23,-23.05,1959,9,"038072",22.6
140.23,-23.05,1959,10,"038072",0
140.23,-23.05,1959,11,"038072",0
140.23,-23.05,1959,12,"038072",2.3
140.23,-23.05,1960,1,"038072",19.6
140.23,-23.05,1960,2,"038072",29.7
140.23,-23.05,1960,3,"038072",23.6
140.23,-23.05,1960,4,"038072",35.6
140.23,-23.05,1960,5,"038072",1.8
140.23,-23.05,1960,6,"038072",0
140.23,-23.05,1960,7,"038072",0
140.23,-23.05,1960,8,"038072",0
140.23,-23.05,1960,9,"038072",12.2
140.23,-23.05,1960,10,"038072",0.8
140.23,-23.05,1960,11,"038072",0
140.23,-23.05,1960,12,"038072",37.3
140.23,-23.05,1961,1,"038072",40.9
140.23,-23.05,1961,2,"038072",105.9
140.23,-23.05,1961,3,"038072",0
140.23,-23.05,1961,4,"038072",25.7
140.23,-23.05,1961,5,"038072",0
140.23,-23.05,1961,6,"038072",0
140.23,-23.05,1961,7,"038072",11.4
140.23,-23.05,1961,8,"038072",0
140.23,-23.05,1961,9,"038072",0
140.23,-23.05,1961,10,"038072",0
140.23,-23.05,1961,11,"038072",9.4
140.23,-23.05,1961,12,"038072",15.7
140.23,-23.05,1962,1,"038072",86.9
140.23,-23.05,1962,2,"038072",0
140.23,-23.05,1962,3,"038072",27.2
140.23,-23.05,1962,4,"038072",0
140.23,-23.05,1962,5,"038072",5.8
140.23,-23.05,1962,6,"038072",28.4
140.23,-23.05,1962,7,"038072",0
140.23,-23.05,1962,8,"038072",0
140.23,-23.05,1962,9,"038072",0
140.23,-23.05,1962,10,"038072",11.2
140.23,-23.05,1962,11,"038072",16
140.23,-23.05,1962,12,"038072",19.3
140.23,-23.05,1963,1,"038072",11.7
140.23,-23.05,1963,2,"038072",30.7
140.23,-23.05,1963,3,"038072",101.3
140.23,-23.05,1963,4,"038072",4.6
140.23,-23.05,1963,5,"038072",0
140.23,-23.05,1963,6,"038072",0
140.23,-23.05,1963,7,"038072",0
140.23,-23.05,1963,8,"038072",0
140.23,-23.05,1963,9,"038072",0
140.23,-23.05,1963,10,"038072",3
140.23,-23.05,1963,11,"038072",0
140.23,-23.05,1963,12,"038072",25.4
140.23,-23.05,1964,1,"038072",35.8
140.23,-23.05,1964,2,"038072",6.4
140.23,-23.05,1964,3,"038072",45.5
140.23,-23.05,1964,4,"038072",0
140.23,-23.05,1964,5,"038072",0
140.23,-23.05,1964,6,"038072",1.3
140.23,-23.05,1964,7,"038072",0
140.23,-23.05,1964,8,"038072",0
140.23,-23.05,1964,9,"038072",44.5
140.23,-23.05,1964,10,"038072",67.1
140.23,-23.05,1964,11,"038072",0
140.23,-23.05,1964,12,"038072",25.4
140.23,-23.05,1965,1,"038072",0
140.23,-23.05,1965,2,"038072",8.4
140.23,-23.05,1965,3,"038072",73.2
140.23,-23.05,1965,4,"038072",0
140.23,-23.05,1965,5,"038072",0
140.23,-23.05,1965,6,"038072",17
140.23,-23.05,1965,7,"038072",0
140.23,-23.05,1965,8,"038072",21.1
140.23,-23.05,1965,9,"038072",0
140.23,-23.05,1965,10,"038072",0
140.23,-23.05,1965,11,"038072",0
140.23,-23.05,1965,12,"038072",49.3
140.23,-23.05,1966,1,"038072",103.9
140.23,-23.05,1966,2,"038072",0
140.23,-23.05,1966,3,"038072",2.5
140.23,-23.05,1966,4,"038072",0
140.23,-23.05,1966,5,"038072",24.4
140.23,-23.05,1966,6,"038072",0
140.23,-23.05,1966,7,"038072",0
140.23,-23.05,1966,8,"038072",27.2
140.23,-23.05,1966,9,"038072",0
140.23,-23.05,1966,10,"038072",0
140.23,-23.05,1966,11,"038072",30
140.23,-23.05,1966,12,"038072",6.4
140.23,-23.05,1967,1,"038072",3.8
140.23,-23.05,1967,2,"038072",32
140.23,-23.05,1967,3,"038072",14.5
140.23,-23.05,1967,4,"038072",0
140.23,-23.05,1967,5,"038072",12.2
140.23,-23.05,1967,6,"038072",60.7
140.23,-23.05,1967,7,"038072",0
140.23,-23.05,1967,8,"038072",0
140.23,-23.05,1967,9,"038072",0
140.23,-23.05,1967,10,"038072",0
140.23,-23.05,1967,11,"038072",0
140.23,-23.05,1967,12,"038072",13.7
140.23,-23.05,1968,1,"038072",32
140.23,-23.05,1968,2,"038072",12.7
140.23,-23.05,1968,3,"038072",8.9
140.23,-23.05,1968,4,"038072",40.9
140.23,-23.05,1968,5,"038072",7.9
140.23,-23.05,1968,6,"038072",0
140.23,-23.05,1968,7,"038072",12.7
140.23,-23.05,1968,8,"038072",6.6
140.23,-23.05,1968,9,"038072",0
140.23,-23.05,1968,10,"038072",1.5
140.23,-23.05,1968,11,"038072",4.1
140.23,-23.05,1968,12,"038072",24.6
140.23,-23.05,1969,1,"038072",0
140.23,-23.05,1969,2,"038072",10.7
140.23,-23.05,1969,3,"038072",11.4
140.23,-23.05,1969,4,"038072",0
140.23,-23.05,1969,5,"038072",0
140.23,-23.05,1969,6,"038072",5.6
140.23,-23.05,1969,7,"038072",2.5
140.23,-23.05,1969,8,"038072",0
140.23,-23.05,1969,9,"038072",0
140.23,-23.05,1969,10,"038072",11.7
140.23,-23.05,1969,11,"038072",0
140.23,-23.05,1969,12,"038072",78.2
140.23,-23.05,1970,1,"038072",14.7
140.23,-23.05,1970,2,"038072",56.1
140.23,-23.05,1970,3,"038072",8.1
140.23,-23.05,1970,4,"038072",14
140.23,-23.05,1970,5,"038072",0
140.23,-23.05,1970,6,"038072",0
140.23,-23.05,1970,7,"038072",0
140.23,-23.05,1970,8,"038072",0
140.23,-23.05,1970,9,"038072",18.5
140.23,-23.05,1970,10,"038072",16
140.23,-23.05,1970,11,"038072",0
140.23,-23.05,1970,12,"038072",3
140.23,-23.05,1971,1,"038072",0
140.23,-23.05,1971,2,"038072",6.9
140.23,-23.05,1971,3,"038072",240.2
140.23,-23.05,1971,4,"038072",28.9
140.23,-23.05,1971,5,"038072",0
140.23,-23.05,1971,6,"038072",32
140.23,-23.05,1971,7,"038072",20.3
140.23,-23.05,1971,8,"038072",15.5
140.23,-23.05,1971,9,"038072",0
140.23,-23.05,1971,10,"038072",0
140.23,-23.05,1971,11,"038072",42.7
140.23,-23.05,1971,12,"038072",7.1
140.23,-23.05,1972,1,"038072",74.2
140.23,-23.05,1972,2,"038072",16.5
140.23,-23.05,1972,3,"038072",67.6
140.23,-23.05,1972,4,"038072",0
140.23,-23.05,1972,5,"038072",0
140.23,-23.05,1972,6,"038072",8.4
140.23,-23.05,1972,7,"038072",0
140.23,-23.05,1972,8,"038072",0
140.23,-23.05,1972,9,"038072",0
140.23,-23.05,1972,10,"038072",0
140.23,-23.05,1972,11,"038072",6.9
140.23,-23.05,1972,12,"038072",0
140.23,-23.05,1973,1,"038072",32
140.23,-23.05,1973,2,"038072",368.3
140.23,-23.05,1973,3,"038072",299.7
140.23,-23.05,1973,4,"038072",5.6
140.23,-23.05,1973,5,"038072",0
140.23,-23.05,1973,6,"038072",0
140.23,-23.05,1973,7,"038072",0
140.23,-23.05,1973,8,"038072",8.6
140.23,-23.05,1973,9,"038072",0
140.23,-23.05,1973,10,"038072",0
140.23,-23.05,1973,11,"038072",62.5
140.23,-23.05,1973,12,"038072",60.2
140.23,-23.05,1974,1,"038072",618.9
140.23,-23.05,1974,2,"038072",86.9
140.23,-23.05,1974,3,"038072",38.1
140.23,-23.05,1974,4,"038072",0
140.23,-23.05,1974,5,"038072",13.5
140.23,-23.05,1974,6,"038072",0
140.23,-23.05,1974,7,"038072",0
140.23,-23.05,1974,8,"038072",27.7
140.23,-23.05,1974,9,"038072",11.2
140.23,-23.05,1974,10,"038072",6.4
140.23,-23.05,1974,11,"038072",0
140.23,-23.05,1974,12,"038072",46.5
140.23,-23.05,1975,1,"038072",58.5
140.23,-23.05,1975,2,"038072",123.4
140.23,-23.05,1975,3,"038072",80
140.23,-23.05,1975,4,"038072",0
140.23,-23.05,1975,5,"038072",0
140.23,-23.05,1975,6,"038072",0
140.23,-23.05,1975,7,"038072",NA
140.23,-23.05,1975,8,"038072",NA
140.23,-23.05,1975,9,"038072",NA
140.23,-23.05,1975,10,"038072",NA
140.23,-23.05,1975,11,"038072",NA
140.23,-23.05,1975,12,"038072",NA
140.23,-23.05,1990,1,"038072",35
140.23,-23.05,1990,2,"038072",0
140.23,-23.05,1990,3,"038072",5
140.23,-23.05,1990,4,"038072",68.4
140.23,-23.05,1990,5,"038072",66
140.23,-23.05,1990,6,"038072",0
140.23,-23.05,1990,7,"038072",0
140.23,-23.05,1990,8,"038072",6
140.23,-23.05,1990,9,"038072",0
140.23,-23.05,1990,10,"038072",8.5
140.23,-23.05,1990,11,"038072",0
140.23,-23.05,1990,12,"038072",6.2
140.23,-23.05,1991,1,"038072",109.3
140.23,-23.05,1991,2,"038072",212.5
140.23,-23.05,1991,3,"038072",0
140.23,-23.05,1991,4,"038072",0
140.23,-23.05,1991,5,"038072",0
140.23,-23.05,1991,6,"038072",20.8
140.23,-23.05,1991,7,"038072",0
140.23,-23.05,1991,8,"038072",0
140.23,-23.05,1991,9,"038072",0
140.23,-23.05,1991,10,"038072",0
140.23,-23.05,1991,11,"038072",0
140.23,-23.05,1991,12,"038072",18.7
140.23,-23.05,1992,1,"038072",20
140.23,-23.05,1992,2,"038072",139.7
140.23,-23.05,1992,3,"038072",11.2
140.23,-23.05,1992,4,"038072",NA
140.23,-23.05,1992,5,"038072",32
140.23,-23.05,1992,6,"038072",NA
140.23,-23.05,1992,7,"038072",NA
140.23,-23.05,1992,8,"038072",NA
140.23,-23.05,1992,9,"038072",NA
140.23,-23.05,1992,10,"038072",NA
140.23,-23.05,1992,11,"038072",40
140.23,-23.05,1992,12,"038072",19.2
140.23,-23.05,1993,1,"038072",0
140.23,-23.05,1993,2,"038072",71
140.23,-23.05,1993,3,"038072",NA
140.23,-23.05,1993,4,"038072",NA
140.23,-23.05,1993,5,"038072",NA
140.23,-23.05,1993,6,"038072",NA
140.23,-23.05,1993,7,"038072",NA
140.23,-23.05,1993,8,"038072",NA
140.23,-23.05,1993,9,"038072",NA
140.23,-23.05,1993,10,"038072",NA
140.23,-23.05,1993,11,"038072",NA
140.23,-23.05,1993,12,"038072",NA
140.23,-23.05,1997,1,"038072",97.8
140.23,-23.05,1997,2,"038072",80.5
140.23,-23.05,1997,3,"038072",80
140.23,-23.05,1997,4,"038072",0
140.23,-23.05,1997,5,"038072",8.5
140.23,-23.05,1997,6,"038072",7
140.23,-23.05,1997,7,"038072",2.5
140.23,-23.05,1997,8,"038072",0
140.23,-23.05,1997,9,"038072",11.2
140.23,-23.05,1997,10,"038072",4.6
140.23,-23.05,1997,11,"038072",26
140.23,-23.05,1997,12,"038072",22.8
140.23,-23.05,1998,1,"038072",46.5
140.23,-23.05,1998,2,"038072",25.8
140.23,-23.05,1998,3,"038072",0
140.23,-23.05,1998,4,"038072",19.2
140.23,-23.05,1998,5,"038072",0
140.23,-23.05,1998,6,"038072",15
140.23,-23.05,1998,7,"038072",21.2
140.23,-23.05,1998,8,"038072",4.2
140.23,-23.05,1998,9,"038072",75.5
140.23,-23.05,1998,10,"038072",5
140.23,-23.05,1998,11,"038072",25
140.23,-23.05,1998,12,"038072",50
140.23,-23.05,1999,1,"038072",69
140.23,-23.05,1999,2,"038072",33.4
140.23,-23.05,1999,3,"038072",15.2
140.23,-23.05,1999,4,"038072",11.6
140.23,-23.05,1999,5,"038072",16
140.23,-23.05,1999,6,"038072",10
140.23,-23.05,1999,7,"038072",0
140.23,-23.05,1999,8,"038072",0
140.23,-23.05,1999,9,"038072",0
140.23,-23.05,1999,10,"038072",3.6
140.23,-23.05,1999,11,"038072",51.2
140.23,-23.05,1999,12,"038072",68.8
140.23,-23.05,2000,1,"038072",12
140.23,-23.05,2000,2,"038072",76.6
140.23,-23.05,2000,3,"038072",27.4
140.23,-23.05,2000,4,"038072",120.8
140.23,-23.05,2000,5,"038072",0
140.23,-23.05,2000,6,"038072",4.4
140.23,-23.05,2000,7,"038072",0
140.23,-23.05,2000,8,"038072",0
140.23,-23.05,2000,9,"038072",0
140.23,-23.05,2000,10,"038072",48.2
140.23,-23.05,2000,11,"038072",123.5
140.23,-23.05,2000,12,"038072",234.2
140.23,-23.05,2001,1,"038072",17.6
140.23,-23.05,2001,2,"038072",NA
140.23,-23.05,2001,3,"038072",10.8
140.23,-23.05,2001,4,"038072",0
140.23,-23.05,2001,5,"038072",0
140.23,-23.05,2001,6,"038072",7
140.23,-23.05,2001,7,"038072",5
140.23,-23.05,2001,8,"038072",0
140.23,-23.05,2001,9,"038072",0
140.23,-23.05,2001,10,"038072",64.2
140.23,-23.05,2001,11,"038072",64.2
140.23,-23.05,2001,12,"038072",14.6
140.23,-23.05,2002,1,"038072",30.6
140.23,-23.05,2002,2,"038072",3
140.23,-23.05,2002,3,"038072",0
140.23,-23.05,2002,4,"038072",0
140.23,-23.05,2002,5,"038072",1.3
140.23,-23.05,2002,6,"038072",0
140.23,-23.05,2002,7,"038072",0
140.23,-23.05,2002,8,"038072",0
140.23,-23.05,2002,9,"038072",2
140.23,-23.05,2002,10,"038072",0
140.23,-23.05,2002,11,"038072",6.8
140.23,-23.05,2002,12,"038072",29.4
140.23,-23.05,2003,1,"038072",45.4
140.23,-23.05,2003,2,"038072",85.2
140.23,-23.05,2003,3,"038072",0
140.23,-23.05,2003,4,"038072",55.4
140.23,-23.05,2003,5,"038072",36
140.23,-23.05,2003,6,"038072",0
140.23,-23.05,2003,7,"038072",0
140.23,-23.05,2003,8,"038072",8
140.23,-23.05,2003,9,"038072",0
140.23,-23.05,2003,10,"038072",0
140.23,-23.05,2003,11,"038072",7
140.23,-23.05,2003,12,"038072",14.4
140.23,-23.05,2004,1,"038072",115.6
140.23,-23.05,2004,2,"038072",39.4
140.23,-23.05,2004,3,"038072",0
140.23,-23.05,2004,4,"038072",21.4
140.23,-23.05,2004,5,"038072",1.6
140.23,-23.05,2004,6,"038072",0
140.23,-23.05,2004,7,"038072",0
140.23,-23.05,2004,8,"038072",3.4
140.23,-23.05,2004,9,"038072",0
140.23,-23.05,2004,10,"038072",0
140.23,-23.05,2004,11,"038072",14.6
140.23,-23.05,2004,12,"038072",52.6
140.23,-23.05,2005,1,"038072",74.5
140.23,-23.05,2005,2,"038072",22
140.23,-23.05,2005,3,"038072",0
140.23,-23.05,2005,4,"038072",0
140.23,-23.05,2005,5,"038072",1.2
140.23,-23.05,2005,6,"038072",61.6
140.23,-23.05,2005,7,"038072",0
140.23,-23.05,2005,8,"038072",0
140.23,-23.05,2005,9,"038072",1
140.23,-23.05,2005,10,"038072",12
140.23,-23.05,2005,11,"038072",40.5
140.23,-23.05,2005,12,"038072",10
140.23,-23.05,2006,1,"038072",18.8
140.23,-23.05,2006,2,"038072",8
140.23,-23.05,2006,3,"038072",60.6
140.23,-23.05,2006,4,"038072",0
140.23,-23.05,2006,5,"038072",0
140.23,-23.05,2006,6,"038072",0
140.23,-23.05,2006,7,"038072",18.2
140.23,-23.05,2006,8,"038072",0
140.23,-23.05,2006,9,"038072",1
140.23,-23.05,2006,10,"038072",0
140.23,-23.05,2006,11,"038072",0
140.23,-23.05,2006,12,"038072",0
140.23,-23.05,2007,1,"038072",155.1
140.23,-23.05,2007,2,"038072",0
140.23,-23.05,2007,3,"038072",10.4
140.23,-23.05,2007,4,"038072",0
140.23,-23.05,2007,5,"038072",6.4
140.23,-23.05,2007,6,"038072",13.4
140.23,-23.05,2007,7,"038072",0
140.23,-23.05,2007,8,"038072",0
140.23,-23.05,2007,9,"038072",0
140.23,-23.05,2007,10,"038072",0
140.23,-23.05,2007,11,"038072",13.6
140.23,-23.05,2007,12,"038072",37
140.23,-23.05,2008,1,"038072",NA
140.23,-23.05,2008,2,"038072",NA
140.23,-23.05,2008,3,"038072",NA
140.23,-23.05,2008,4,"038072",NA
140.23,-23.05,2008,5,"038072",NA
140.23,-23.05,2008,6,"038072",NA
140.23,-23.05,2008,7,"038072",NA
140.23,-23.05,2008,8,"038072",NA
140.23,-23.05,2008,9,"038072",NA
140.23,-23.05,2008,10,"038072",NA
140.23,-23.05,2008,11,"038072",44.6
140.23,-23.05,2008,12,"038072",20.4
140.23,-23.05,2009,1,"038072",147.5
140.23,-23.05,2009,2,"038072",NA
140.23,-23.05,2009,3,"038072",NA
140.23,-23.05,2009,4,"038072",50
140.23,-23.05,2009,5,"038072",NA
140.23,-23.05,2009,6,"038072",NA
140.23,-23.05,2009,7,"038072",NA
140.23,-23.05,2009,8,"038072",NA
140.23,-23.05,2009,9,"038072",NA
140.23,-23.05,2009,10,"038072",NA
140.23,-23.05,2009,11,"038072",NA
140.23,-23.05,2009,12,"038072",NA
140.23,-23.05,2010,1,"038072",NA
140.23,-23.05,2010,2,"038072",NA
140.23,-23.05,2010,3,"038072",NA
140.23,-23.05,2010,4,"038072",NA
140.23,-23.05,2010,5,"038072",NA
140.23,-23.05,2010,6,"038072",NA
140.23,-23.05,2010,7,"038072",NA
140.23,-23.05,2010,8,"038072",NA
140.23,-23.05,2010,9,"038072",NA
140.23,-23.05,2010,10,"038072",46
140.23,-23.05,2010,11,"038072",NA
140.23,-23.05,2010,12,"038072",155.8
140.23,-23.05,2011,1,"038072",NA
140.23,-23.05,2011,2,"038072",NA
140.23,-23.05,2011,3,"038072",NA
140.23,-23.05,2011,4,"038072",NA
140.23,-23.05,2011,5,"038072",NA
140.23,-23.05,2011,6,"038072",NA
140.23,-23.05,2011,7,"038072",NA
140.23,-23.05,2011,8,"038072",NA
140.23,-23.05,2011,9,"038072",NA
140.23,-23.05,2011,10,"038072",NA
140.23,-23.05,2011,11,"038072",NA
140.23,-23.05,2011,12,"038072",59.2
140.23,-23.05,2012,1,"038072",19.8
140.23,-23.05,2012,2,"038072",0
140.23,-23.05,2012,3,"038072",181.6
140.23,-23.05,2012,4,"038072",0
140.23,-23.05,2012,5,"038072",6
140.23,-23.05,2012,6,"038072",0
140.23,-23.05,2012,7,"038072",55.2
140.23,-23.05,2012,8,"038072",0
140.23,-23.05,2012,9,"038072",NA
140.23,-23.05,2012,10,"038072",0
140.23,-23.05,2012,11,"038072",42.5
140.23,-23.05,2012,12,"038072",11
140.23,-23.05,2013,1,"038072",0
140.23,-23.05,2013,2,"038072",NA
140.23,-23.05,2013,3,"038072",26
140.23,-23.05,2013,4,"038072",NA
140.23,-23.05,2013,5,"038072",NA
140.23,-23.05,2013,6,"038072",NA
140.23,-23.05,2013,7,"038072",NA
140.23,-23.05,2013,8,"038072",NA
140.23,-23.05,2013,9,"038072",NA
140.23,-23.05,2013,10,"038072",NA
140.23,-23.05,2013,11,"038072",NA
140.23,-23.05,2013,12,"038072",NA
