"Lon","Lat","Year","Month","Station","Rain"
117.18,-33.9,1975,1,"010875",NA
117.18,-33.9,1975,2,"010875",NA
117.18,-33.9,1975,3,"010875",NA
117.18,-33.9,1975,4,"010875",NA
117.18,-33.9,1975,5,"010875",NA
117.18,-33.9,1975,6,"010875",69.6
117.18,-33.9,1975,7,"010875",112.4
117.18,-33.9,1975,8,"010875",67.6
117.18,-33.9,1975,9,"010875",53
117.18,-33.9,1975,10,"010875",45.8
117.18,-33.9,1975,11,"010875",32
117.18,-33.9,1975,12,"010875",3
117.18,-33.9,1976,1,"010875",44.8
117.18,-33.9,1976,2,"010875",29.6
117.18,-33.9,1976,3,"010875",13.6
117.18,-33.9,1976,4,"010875",56.4
117.18,-33.9,1976,5,"010875",72.8
117.18,-33.9,1976,6,"010875",34.8
117.18,-33.9,1976,7,"010875",45
117.18,-33.9,1976,8,"010875",95.6
117.18,-33.9,1976,9,"010875",23.6
117.18,-33.9,1976,10,"010875",45.8
117.18,-33.9,1976,11,"010875",31.2
117.18,-33.9,1976,12,"010875",3.8
117.18,-33.9,1977,1,"010875",6.6
117.18,-33.9,1977,2,"010875",0
117.18,-33.9,1977,3,"010875",3.2
117.18,-33.9,1977,4,"010875",17.2
117.18,-33.9,1977,5,"010875",82.8
117.18,-33.9,1977,6,"010875",59
117.18,-33.9,1977,7,"010875",53.2
117.18,-33.9,1977,8,"010875",105
117.18,-33.9,1977,9,"010875",47.6
117.18,-33.9,1977,10,"010875",107
117.18,-33.9,1977,11,"010875",21
117.18,-33.9,1977,12,"010875",3.4
117.18,-33.9,1978,1,"010875",16.8
117.18,-33.9,1978,2,"010875",26
117.18,-33.9,1978,3,"010875",3.4
117.18,-33.9,1978,4,"010875",7.2
117.18,-33.9,1978,5,"010875",81.6
117.18,-33.9,1978,6,"010875",97.4
117.18,-33.9,1978,7,"010875",92.2
117.18,-33.9,1978,8,"010875",32.2
117.18,-33.9,1978,9,"010875",45.4
117.18,-33.9,1978,10,"010875",39.8
117.18,-33.9,1978,11,"010875",22.4
117.18,-33.9,1978,12,"010875",8.7
117.18,-33.9,1979,1,"010875",13.4
117.18,-33.9,1979,2,"010875",19
117.18,-33.9,1979,3,"010875",7.2
117.18,-33.9,1979,4,"010875",15.6
117.18,-33.9,1979,5,"010875",48
117.18,-33.9,1979,6,"010875",51.4
117.18,-33.9,1979,7,"010875",80.8
117.18,-33.9,1979,8,"010875",42
117.18,-33.9,1979,9,"010875",46.2
117.18,-33.9,1979,10,"010875",26.8
117.18,-33.9,1979,11,"010875",46.6
117.18,-33.9,1979,12,"010875",1.2
117.18,-33.9,1980,1,"010875",4.6
117.18,-33.9,1980,2,"010875",55.4
117.18,-33.9,1980,3,"010875",5
117.18,-33.9,1980,4,"010875",55
117.18,-33.9,1980,5,"010875",48.6
117.18,-33.9,1980,6,"010875",108
117.18,-33.9,1980,7,"010875",48.4
117.18,-33.9,1980,8,"010875",73.1
117.18,-33.9,1980,9,"010875",37.9
117.18,-33.9,1980,10,"010875",93.8
117.18,-33.9,1980,11,"010875",16.6
117.18,-33.9,1980,12,"010875",30.4
117.18,-33.9,1981,1,"010875",7.4
117.18,-33.9,1981,2,"010875",6.4
117.18,-33.9,1981,3,"010875",4.6
117.18,-33.9,1981,4,"010875",20.6
117.18,-33.9,1981,5,"010875",72
117.18,-33.9,1981,6,"010875",80.8
117.18,-33.9,1981,7,"010875",76.6
117.18,-33.9,1981,8,"010875",78.4
117.18,-33.9,1981,9,"010875",29.2
117.18,-33.9,1981,10,"010875",23.8
117.18,-33.9,1981,11,"010875",43.4
117.18,-33.9,1981,12,"010875",10.4
117.18,-33.9,1982,1,"010875",213.8
117.18,-33.9,1982,2,"010875",8
117.18,-33.9,1982,3,"010875",8.2
117.18,-33.9,1982,4,"010875",2
117.18,-33.9,1982,5,"010875",21
117.18,-33.9,1982,6,"010875",59
117.18,-33.9,1982,7,"010875",50.2
117.18,-33.9,1982,8,"010875",72.6
117.18,-33.9,1982,9,"010875",39.6
117.18,-33.9,1982,10,"010875",24.6
117.18,-33.9,1982,11,"010875",43
117.18,-33.9,1982,12,"010875",6.4
117.18,-33.9,1983,1,"010875",1.8
117.18,-33.9,1983,2,"010875",44.8
117.18,-33.9,1983,3,"010875",9.2
117.18,-33.9,1983,4,"010875",73
117.18,-33.9,1983,5,"010875",51.8
117.18,-33.9,1983,6,"010875",157
117.18,-33.9,1983,7,"010875",87
117.18,-33.9,1983,8,"010875",115.9
117.18,-33.9,1983,9,"010875",77.7
117.18,-33.9,1983,10,"010875",14.6
117.18,-33.9,1983,11,"010875",39.4
117.18,-33.9,1983,12,"010875",36.6
117.18,-33.9,1984,1,"010875",0
117.18,-33.9,1984,2,"010875",5.6
117.18,-33.9,1984,3,"010875",16.8
117.18,-33.9,1984,4,"010875",26.4
117.18,-33.9,1984,5,"010875",114.4
117.18,-33.9,1984,6,"010875",72.4
117.18,-33.9,1984,7,"010875",54.4
117.18,-33.9,1984,8,"010875",72.8
117.18,-33.9,1984,9,"010875",69.2
117.18,-33.9,1984,10,"010875",20.8
117.18,-33.9,1984,11,"010875",121.8
117.18,-33.9,1984,12,"010875",12.6
117.18,-33.9,1985,1,"010875",8.2
117.18,-33.9,1985,2,"010875",11.4
117.18,-33.9,1985,3,"010875",4.4
117.18,-33.9,1985,4,"010875",79.3
117.18,-33.9,1985,5,"010875",37
117.18,-33.9,1985,6,"010875",74.9
117.18,-33.9,1985,7,"010875",81.6
117.18,-33.9,1985,8,"010875",95.8
117.18,-33.9,1985,9,"010875",23
117.18,-33.9,1985,10,"010875",19
117.18,-33.9,1985,11,"010875",22.9
117.18,-33.9,1985,12,"010875",9.3
117.18,-33.9,1986,1,"010875",0
117.18,-33.9,1986,2,"010875",79
117.18,-33.9,1986,3,"010875",19.4
117.18,-33.9,1986,4,"010875",3.6
117.18,-33.9,1986,5,"010875",43.8
117.18,-33.9,1986,6,"010875",84.6
117.18,-33.9,1986,7,"010875",71.6
117.18,-33.9,1986,8,"010875",43.9
117.18,-33.9,1986,9,"010875",52
117.18,-33.9,1986,10,"010875",30
117.18,-33.9,1986,11,"010875",11.4
117.18,-33.9,1986,12,"010875",1.2
117.18,-33.9,1987,1,"010875",1.6
117.18,-33.9,1987,2,"010875",0
117.18,-33.9,1987,3,"010875",18.4
117.18,-33.9,1987,4,"010875",48.6
117.18,-33.9,1987,5,"010875",42
117.18,-33.9,1987,6,"010875",49.2
117.18,-33.9,1987,7,"010875",62.4
117.18,-33.9,1987,8,"010875",32.8
117.18,-33.9,1987,9,"010875",25.2
117.18,-33.9,1987,10,"010875",10.4
117.18,-33.9,1987,11,"010875",56.8
117.18,-33.9,1987,12,"010875",25.6
117.18,-33.9,1988,1,"010875",3.2
117.18,-33.9,1988,2,"010875",0
117.18,-33.9,1988,3,"010875",19.4
117.18,-33.9,1988,4,"010875",15
117.18,-33.9,1988,5,"010875",137.9
117.18,-33.9,1988,6,"010875",123.4
117.18,-33.9,1988,7,"010875",97.2
117.18,-33.9,1988,8,"010875",67.5
117.18,-33.9,1988,9,"010875",60.3
117.18,-33.9,1988,10,"010875",38.6
117.18,-33.9,1988,11,"010875",14.8
117.18,-33.9,1988,12,"010875",11.6
117.18,-33.9,1989,1,"010875",60.8
117.18,-33.9,1989,2,"010875",25.8
117.18,-33.9,1989,3,"010875",5.6
117.18,-33.9,1989,4,"010875",49.2
117.18,-33.9,1989,5,"010875",65.2
117.18,-33.9,1989,6,"010875",51.8
117.18,-33.9,1989,7,"010875",107.8
117.18,-33.9,1989,8,"010875",72.4
117.18,-33.9,1989,9,"010875",47.4
117.18,-33.9,1989,10,"010875",58.2
117.18,-33.9,1989,11,"010875",8.8
117.18,-33.9,1989,12,"010875",9.4
117.18,-33.9,1990,1,"010875",35.4
117.18,-33.9,1990,2,"010875",16.6
117.18,-33.9,1990,3,"010875",18.9
117.18,-33.9,1990,4,"010875",42.7
117.18,-33.9,1990,5,"010875",32.2
117.18,-33.9,1990,6,"010875",45.1
117.18,-33.9,1990,7,"010875",150.5
117.18,-33.9,1990,8,"010875",45.7
117.18,-33.9,1990,9,"010875",56.1
117.18,-33.9,1990,10,"010875",22.9
117.18,-33.9,1990,11,"010875",8.1
117.18,-33.9,1990,12,"010875",4.7
117.18,-33.9,1991,1,"010875",2.1
117.18,-33.9,1991,2,"010875",23
117.18,-33.9,1991,3,"010875",0.8
117.18,-33.9,1991,4,"010875",24.8
117.18,-33.9,1991,5,"010875",78.1
117.18,-33.9,1991,6,"010875",65.8
117.18,-33.9,1991,7,"010875",94.3
117.18,-33.9,1991,8,"010875",82.3
117.18,-33.9,1991,9,"010875",63
117.18,-33.9,1991,10,"010875",18.8
117.18,-33.9,1991,11,"010875",32.1
117.18,-33.9,1991,12,"010875",13.6
117.18,-33.9,1992,1,"010875",0
117.18,-33.9,1992,2,"010875",19.8
117.18,-33.9,1992,3,"010875",21.5
117.18,-33.9,1992,4,"010875",17.3
117.18,-33.9,1992,5,"010875",66.8
117.18,-33.9,1992,6,"010875",118.9
117.18,-33.9,1992,7,"010875",60.3
117.18,-33.9,1992,8,"010875",88.4
117.18,-33.9,1992,9,"010875",62.2
117.18,-33.9,1992,10,"010875",28.2
117.18,-33.9,1992,11,"010875",45.8
117.18,-33.9,1992,12,"010875",7.8
117.18,-33.9,1993,1,"010875",0.2
117.18,-33.9,1993,2,"010875",2.2
117.18,-33.9,1993,3,"010875",77.7
117.18,-33.9,1993,4,"010875",18
117.18,-33.9,1993,5,"010875",73.1
117.18,-33.9,1993,6,"010875",36.7
117.18,-33.9,1993,7,"010875",97.4
117.18,-33.9,1993,8,"010875",82.5
117.18,-33.9,1993,9,"010875",38.1
117.18,-33.9,1993,10,"010875",31.4
117.18,-33.9,1993,11,"010875",27.6
117.18,-33.9,1993,12,"010875",6.5
117.18,-33.9,1994,1,"010875",0.3
117.18,-33.9,1994,2,"010875",1.5
117.18,-33.9,1994,3,"010875",1.3
117.18,-33.9,1994,4,"010875",3
117.18,-33.9,1994,5,"010875",89.5
117.18,-33.9,1994,6,"010875",48
117.18,-33.9,1994,7,"010875",53.8
117.18,-33.9,1994,8,"010875",70.1
117.18,-33.9,1994,9,"010875",41
117.18,-33.9,1994,10,"010875",28.8
117.18,-33.9,1994,11,"010875",6
117.18,-33.9,1994,12,"010875",0
117.18,-33.9,1995,1,"010875",5.6
117.18,-33.9,1995,2,"010875",9.8
117.18,-33.9,1995,3,"010875",3.6
117.18,-33.9,1995,4,"010875",8
117.18,-33.9,1995,5,"010875",76.9
117.18,-33.9,1995,6,"010875",69.7
117.18,-33.9,1995,7,"010875",99
117.18,-33.9,1995,8,"010875",60.8
117.18,-33.9,1995,9,"010875",51.2
117.18,-33.9,1995,10,"010875",40.1
117.18,-33.9,1995,11,"010875",16.8
117.18,-33.9,1995,12,"010875",33.8
117.18,-33.9,1996,1,"010875",5
117.18,-33.9,1996,2,"010875",0
117.18,-33.9,1996,3,"010875",1.4
117.18,-33.9,1996,4,"010875",14.2
117.18,-33.9,1996,5,"010875",43.2
117.18,-33.9,1996,6,"010875",98.7
117.18,-33.9,1996,7,"010875",141.5
117.18,-33.9,1996,8,"010875",46.9
117.18,-33.9,1996,9,"010875",123
117.18,-33.9,1996,10,"010875",22.9
117.18,-33.9,1996,11,"010875",17.5
117.18,-33.9,1996,12,"010875",41
117.18,-33.9,1998,1,"010875",1.2
117.18,-33.9,1998,2,"010875",0.2
117.18,-33.9,1998,3,"010875",NA
117.18,-33.9,1998,4,"010875",NA
117.18,-33.9,1998,5,"010875",NA
117.18,-33.9,1998,6,"010875",NA
117.18,-33.9,1998,7,"010875",NA
117.18,-33.9,1998,8,"010875",NA
117.18,-33.9,1998,9,"010875",NA
117.18,-33.9,1998,10,"010875",NA
117.18,-33.9,1998,11,"010875",NA
117.18,-33.9,1998,12,"010875",NA
117.18,-33.9,2000,1,"010875",NA
117.18,-33.9,2000,2,"010875",9.2
117.18,-33.9,2000,3,"010875",20.6
117.18,-33.9,2000,4,"010875",11.2
117.18,-33.9,2000,5,"010875",25.2
117.18,-33.9,2000,6,"010875",64.3
117.18,-33.9,2000,7,"010875",116.3
117.18,-33.9,2000,8,"010875",NA
117.18,-33.9,2000,9,"010875",34.3
117.18,-33.9,2000,10,"010875",7.4
117.18,-33.9,2000,11,"010875",13.4
117.18,-33.9,2000,12,"010875",0
117.18,-33.9,2002,1,"010875",NA
117.18,-33.9,2002,2,"010875",18
117.18,-33.9,2002,3,"010875",7
117.18,-33.9,2002,4,"010875",NA
117.18,-33.9,2002,5,"010875",85.4
117.18,-33.9,2002,6,"010875",NA
117.18,-33.9,2002,7,"010875",NA
117.18,-33.9,2002,8,"010875",77.2
117.18,-33.9,2002,9,"010875",NA
117.18,-33.9,2002,10,"010875",NA
117.18,-33.9,2002,11,"010875",NA
117.18,-33.9,2002,12,"010875",NA
117.18,-33.9,2003,1,"010875",0
117.18,-33.9,2003,2,"010875",8.2
117.18,-33.9,2003,3,"010875",37
117.18,-33.9,2003,4,"010875",52
117.18,-33.9,2003,5,"010875",NA
117.18,-33.9,2003,6,"010875",57.2
117.18,-33.9,2003,7,"010875",NA
117.18,-33.9,2003,8,"010875",NA
117.18,-33.9,2003,9,"010875",74
117.18,-33.9,2003,10,"010875",NA
117.18,-33.9,2003,11,"010875",37.6
117.18,-33.9,2003,12,"010875",7
117.18,-33.9,2005,1,"010875",NA
117.18,-33.9,2005,2,"010875",NA
117.18,-33.9,2005,3,"010875",NA
117.18,-33.9,2005,4,"010875",141.4
117.18,-33.9,2005,5,"010875",164.8
117.18,-33.9,2005,6,"010875",NA
117.18,-33.9,2005,7,"010875",28
117.18,-33.9,2005,8,"010875",NA
117.18,-33.9,2005,9,"010875",NA
117.18,-33.9,2005,10,"010875",NA
117.18,-33.9,2005,11,"010875",26.6
117.18,-33.9,2005,12,"010875",NA
117.18,-33.9,2006,1,"010875",NA
117.18,-33.9,2006,2,"010875",0
117.18,-33.9,2006,3,"010875",5.8
117.18,-33.9,2006,4,"010875",32.4
117.18,-33.9,2006,5,"010875",15.4
117.18,-33.9,2006,6,"010875",25.2
117.18,-33.9,2006,7,"010875",70.2
117.18,-33.9,2006,8,"010875",117
117.18,-33.9,2006,9,"010875",31
117.18,-33.9,2006,10,"010875",21
117.18,-33.9,2006,11,"010875",6.4
117.18,-33.9,2006,12,"010875",7
117.18,-33.9,2007,1,"010875",9.2
117.18,-33.9,2007,2,"010875",3
117.18,-33.9,2007,3,"010875",15.8
117.18,-33.9,2007,4,"010875",52.8
117.18,-33.9,2007,5,"010875",34
117.18,-33.9,2007,6,"010875",58
117.18,-33.9,2007,7,"010875",100.8
117.18,-33.9,2007,8,"010875",62.4
117.18,-33.9,2007,9,"010875",68.2
117.18,-33.9,2007,10,"010875",80
117.18,-33.9,2007,11,"010875",5.4
117.18,-33.9,2007,12,"010875",NA
117.18,-33.9,2008,1,"010875",1.4
117.18,-33.9,2008,2,"010875",0
117.18,-33.9,2008,3,"010875",4.4
117.18,-33.9,2008,4,"010875",84.6
117.18,-33.9,2008,5,"010875",65.4
117.18,-33.9,2008,6,"010875",58
117.18,-33.9,2008,7,"010875",127.6
117.18,-33.9,2008,8,"010875",14.8
117.18,-33.9,2008,9,"010875",38.6
117.18,-33.9,2008,10,"010875",42.8
117.18,-33.9,2008,11,"010875",NA
117.18,-33.9,2008,12,"010875",18.2
117.18,-33.9,2009,1,"010875",14.8
117.18,-33.9,2009,2,"010875",14.8
117.18,-33.9,2009,3,"010875",25
117.18,-33.9,2009,4,"010875",1.6
117.18,-33.9,2009,5,"010875",21
117.18,-33.9,2009,6,"010875",147.8
117.18,-33.9,2009,7,"010875",85.8
117.18,-33.9,2009,8,"010875",57.4
117.18,-33.9,2009,9,"010875",66
117.18,-33.9,2009,10,"010875",5.2
117.18,-33.9,2009,11,"010875",NA
117.18,-33.9,2009,12,"010875",0
117.18,-33.9,2010,1,"010875",NA
117.18,-33.9,2010,2,"010875",15.2
117.18,-33.9,2010,3,"010875",33.2
117.18,-33.9,2010,4,"010875",20
117.18,-33.9,2010,5,"010875",33
117.18,-33.9,2010,6,"010875",28.4
117.18,-33.9,2010,7,"010875",68.6
117.18,-33.9,2010,8,"010875",44.8
117.18,-33.9,2010,9,"010875",17.6
117.18,-33.9,2010,10,"010875",29.8
117.18,-33.9,2010,11,"010875",33.2
117.18,-33.9,2010,12,"010875",5.8
117.18,-33.9,2011,1,"010875",83.8
117.18,-33.9,2011,2,"010875",2
117.18,-33.9,2011,3,"010875",20
117.18,-33.9,2011,4,"010875",35.4
117.18,-33.9,2011,5,"010875",37
117.18,-33.9,2011,6,"010875",91.6
117.18,-33.9,2011,7,"010875",88
117.18,-33.9,2011,8,"010875",55.2
117.18,-33.9,2011,9,"010875",63.4
117.18,-33.9,2011,10,"010875",47.6
117.18,-33.9,2011,11,"010875",72.2
117.18,-33.9,2011,12,"010875",41.4
117.18,-33.9,2013,1,"010875",NA
117.18,-33.9,2013,2,"010875",NA
117.18,-33.9,2013,3,"010875",46.4
117.18,-33.9,2013,4,"010875",12
117.18,-33.9,2013,5,"010875",58
117.18,-33.9,2013,6,"010875",30.4
117.18,-33.9,2013,7,"010875",64.6
117.18,-33.9,2013,8,"010875",102.8
117.18,-33.9,2013,9,"010875",105.6
117.18,-33.9,2013,10,"010875",26.6
117.18,-33.9,2013,11,"010875",10.4
117.18,-33.9,2013,12,"010875",15.2
117.18,-33.9,2014,1,"010875",NA
117.18,-33.9,2014,2,"010875",NA
117.18,-33.9,2014,3,"010875",2.6
117.18,-33.9,2014,4,"010875",10.8
117.18,-33.9,2014,5,"010875",120.8
117.18,-33.9,2014,6,"010875",41.6
117.18,-33.9,2014,7,"010875",106
117.18,-33.9,2014,8,"010875",67.8
117.18,-33.9,2014,9,"010875",52.2
117.18,-33.9,2014,10,"010875",47.8
117.18,-33.9,2014,11,"010875",17.2
117.18,-33.9,2014,12,"010875",1
117.18,-33.9,2016,1,"010875",76.4
117.18,-33.9,2016,2,"010875",14.6
117.18,-33.9,2016,3,"010875",66.2
117.18,-33.9,2016,4,"010875",53.2
117.18,-33.9,2016,5,"010875",65.8
117.18,-33.9,2016,6,"010875",63.4
117.18,-33.9,2016,7,"010875",46.6
117.18,-33.9,2016,8,"010875",90
117.18,-33.9,2016,9,"010875",51.2
117.18,-33.9,2016,10,"010875",43.8
117.18,-33.9,2016,11,"010875",5
117.18,-33.9,2016,12,"010875",64.8
117.18,-33.9,2017,1,"010875",0
117.18,-33.9,2017,2,"010875",65.8
117.18,-33.9,2017,3,"010875",23.4
117.18,-33.9,2017,4,"010875",1.6
117.18,-33.9,2017,5,"010875",34.2
117.18,-33.9,2017,6,"010875",6
117.18,-33.9,2017,7,"010875",110.6
117.18,-33.9,2017,8,"010875",83
117.18,-33.9,2017,9,"010875",83
117.18,-33.9,2017,10,"010875",20.4
117.18,-33.9,2017,11,"010875",10.8
117.18,-33.9,2017,12,"010875",36.4
117.18,-33.9,2018,1,"010875",NA
117.18,-33.9,2018,2,"010875",NA
117.18,-33.9,2018,3,"010875",9.2
117.18,-33.9,2018,4,"010875",11.4
117.18,-33.9,2018,5,"010875",25.8
117.18,-33.9,2018,6,"010875",68
117.18,-33.9,2018,7,"010875",73.2
117.18,-33.9,2018,8,"010875",89
117.18,-33.9,2018,9,"010875",17.2
117.18,-33.9,2018,10,"010875",31.6
117.18,-33.9,2018,11,"010875",35.8
117.18,-33.9,2018,12,"010875",16.6
117.18,-33.9,2019,1,"010875",0
117.18,-33.9,2019,2,"010875",0
117.18,-33.9,2019,3,"010875",33.8
117.18,-33.9,2019,4,"010875",19.4
117.18,-33.9,2019,5,"010875",17.8
117.18,-33.9,2019,6,"010875",82.6
117.18,-33.9,2019,7,"010875",52.8
117.18,-33.9,2019,8,"010875",82.4
117.18,-33.9,2019,9,"010875",22.8
117.18,-33.9,2019,10,"010875",24.2
117.18,-33.9,2019,11,"010875",2.8
117.18,-33.9,2019,12,"010875",5.2
117.18,-33.9,2020,1,"010875",2.4
117.18,-33.9,2020,2,"010875",19.4
117.18,-33.9,2020,3,"010875",18.6
117.18,-33.9,2020,4,"010875",13.6
117.18,-33.9,2020,5,"010875",66.6
117.18,-33.9,2020,6,"010875",48.6
117.18,-33.9,2020,7,"010875",59
117.18,-33.9,2020,8,"010875",63.6
117.18,-33.9,2020,9,"010875",69.8
117.18,-33.9,2020,10,"010875",12.2
117.18,-33.9,2020,11,"010875",72
117.18,-33.9,2020,12,"010875",0
