"Lon","Lat","Year","Month","Station","Rain"
140.92,-32.45,1887,1,"020017",0
140.92,-32.45,1887,2,"020017",0
140.92,-32.45,1887,3,"020017",25.3
140.92,-32.45,1887,4,"020017",68
140.92,-32.45,1887,5,"020017",31.1
140.92,-32.45,1887,6,"020017",24.9
140.92,-32.45,1887,7,"020017",36.6
140.92,-32.45,1887,8,"020017",4.3
140.92,-32.45,1887,9,"020017",7.9
140.92,-32.45,1887,10,"020017",9.4
140.92,-32.45,1887,11,"020017",27.4
140.92,-32.45,1887,12,"020017",78.6
140.92,-32.45,1888,1,"020017",3.6
140.92,-32.45,1888,2,"020017",3
140.92,-32.45,1888,3,"020017",0
140.92,-32.45,1888,4,"020017",1.8
140.92,-32.45,1888,5,"020017",19.3
140.92,-32.45,1888,6,"020017",0
140.92,-32.45,1888,7,"020017",6.1
140.92,-32.45,1888,8,"020017",0
140.92,-32.45,1888,9,"020017",8.4
140.92,-32.45,1888,10,"020017",0
140.92,-32.45,1888,11,"020017",0
140.92,-32.45,1888,12,"020017",2
140.92,-32.45,1889,1,"020017",86.6
140.92,-32.45,1889,2,"020017",10.2
140.92,-32.45,1889,3,"020017",0
140.92,-32.45,1889,4,"020017",98.4
140.92,-32.45,1889,5,"020017",74.2
140.92,-32.45,1889,6,"020017",28.5
140.92,-32.45,1889,7,"020017",0
140.92,-32.45,1889,8,"020017",12.5
140.92,-32.45,1889,9,"020017",22.4
140.92,-32.45,1889,10,"020017",49.3
140.92,-32.45,1889,11,"020017",0
140.92,-32.45,1889,12,"020017",0
140.92,-32.45,1890,1,"020017",8.4
140.92,-32.45,1890,2,"020017",0
140.92,-32.45,1890,3,"020017",5.1
140.92,-32.45,1890,4,"020017",17.8
140.92,-32.45,1890,5,"020017",42.9
140.92,-32.45,1890,6,"020017",7.6
140.92,-32.45,1890,7,"020017",47.3
140.92,-32.45,1890,8,"020017",0
140.92,-32.45,1890,9,"020017",0
140.92,-32.45,1890,10,"020017",20.1
140.92,-32.45,1890,11,"020017",18.3
140.92,-32.45,1890,12,"020017",0
140.92,-32.45,1891,1,"020017",0
140.92,-32.45,1891,2,"020017",0
140.92,-32.45,1891,3,"020017",39.8
140.92,-32.45,1891,4,"020017",75.2
140.92,-32.45,1891,5,"020017",3.6
140.92,-32.45,1891,6,"020017",6.4
140.92,-32.45,1891,7,"020017",0
140.92,-32.45,1891,8,"020017",63.5
140.92,-32.45,1891,9,"020017",6.6
140.92,-32.45,1891,10,"020017",28.4
140.92,-32.45,1891,11,"020017",0
140.92,-32.45,1891,12,"020017",0
140.92,-32.45,1892,1,"020017",5.1
140.92,-32.45,1892,2,"020017",3.8
140.92,-32.45,1892,3,"020017",0
140.92,-32.45,1892,4,"020017",0
140.92,-32.45,1892,5,"020017",73.2
140.92,-32.45,1892,6,"020017",3.6
140.92,-32.45,1892,7,"020017",0
140.92,-32.45,1892,8,"020017",27.1
140.92,-32.45,1892,9,"020017",20.3
140.92,-32.45,1892,10,"020017",40.9
140.92,-32.45,1892,11,"020017",42.4
140.92,-32.45,1892,12,"020017",0
140.92,-32.45,1893,1,"020017",0
140.92,-32.45,1893,2,"020017",0
140.92,-32.45,1893,3,"020017",21.6
140.92,-32.45,1893,4,"020017",27.9
140.92,-32.45,1893,5,"020017",28.9
140.92,-32.45,1893,6,"020017",23.3
140.92,-32.45,1893,7,"020017",30.5
140.92,-32.45,1893,8,"020017",15.2
140.92,-32.45,1893,9,"020017",0
140.92,-32.45,1893,10,"020017",5.8
140.92,-32.45,1893,11,"020017",24.1
140.92,-32.45,1893,12,"020017",4.8
140.92,-32.45,1894,1,"020017",24.1
140.92,-32.45,1894,2,"020017",14.5
140.92,-32.45,1894,3,"020017",30.3
140.92,-32.45,1894,4,"020017",5.1
140.92,-32.45,1894,5,"020017",6.1
140.92,-32.45,1894,6,"020017",44
140.92,-32.45,1894,7,"020017",10.3
140.92,-32.45,1894,8,"020017",12.4
140.92,-32.45,1894,9,"020017",23.2
140.92,-32.45,1894,10,"020017",43.7
140.92,-32.45,1894,11,"020017",4.1
140.92,-32.45,1894,12,"020017",49.9
140.92,-32.45,1895,1,"020017",54.4
140.92,-32.45,1895,2,"020017",0
140.92,-32.45,1895,3,"020017",18.6
140.92,-32.45,1895,4,"020017",25.9
140.92,-32.45,1895,5,"020017",12
140.92,-32.45,1895,6,"020017",19.5
140.92,-32.45,1895,7,"020017",6.4
140.92,-32.45,1895,8,"020017",5.6
140.92,-32.45,1895,9,"020017",8.1
140.92,-32.45,1895,10,"020017",0
140.92,-32.45,1895,11,"020017",54.4
140.92,-32.45,1895,12,"020017",13.2
140.92,-32.45,1896,1,"020017",0
140.92,-32.45,1896,2,"020017",14.5
140.92,-32.45,1896,3,"020017",1.5
140.92,-32.45,1896,4,"020017",85.9
140.92,-32.45,1896,5,"020017",10.2
140.92,-32.45,1896,6,"020017",10
140.92,-32.45,1896,7,"020017",12.2
140.92,-32.45,1896,8,"020017",10.9
140.92,-32.45,1896,9,"020017",4.3
140.92,-32.45,1896,10,"020017",12
140.92,-32.45,1896,11,"020017",31.2
140.92,-32.45,1896,12,"020017",0
140.92,-32.45,1897,1,"020017",36.9
140.92,-32.45,1897,2,"020017",4.6
140.92,-32.45,1897,3,"020017",3.8
140.92,-32.45,1897,4,"020017",2.3
140.92,-32.45,1897,5,"020017",3
140.92,-32.45,1897,6,"020017",19.3
140.92,-32.45,1897,7,"020017",25.1
140.92,-32.45,1897,8,"020017",13.2
140.92,-32.45,1897,9,"020017",14.7
140.92,-32.45,1897,10,"020017",2.3
140.92,-32.45,1897,11,"020017",0
140.92,-32.45,1897,12,"020017",9.5
140.92,-32.45,1898,1,"020017",0
140.92,-32.45,1898,2,"020017",64.6
140.92,-32.45,1898,3,"020017",0
140.92,-32.45,1898,4,"020017",13.2
140.92,-32.45,1898,5,"020017",1.5
140.92,-32.45,1898,6,"020017",47.3
140.92,-32.45,1898,7,"020017",6.3
140.92,-32.45,1898,8,"020017",28.7
140.92,-32.45,1898,9,"020017",4.3
140.92,-32.45,1898,10,"020017",9.4
140.92,-32.45,1898,11,"020017",0.5
140.92,-32.45,1898,12,"020017",4.6
140.92,-32.45,1899,1,"020017",10.7
140.92,-32.45,1899,2,"020017",15.2
140.92,-32.45,1899,3,"020017",8.6
140.92,-32.45,1899,4,"020017",9.9
140.92,-32.45,1899,5,"020017",4.8
140.92,-32.45,1899,6,"020017",19.3
140.92,-32.45,1899,7,"020017",3
140.92,-32.45,1899,8,"020017",3.5
140.92,-32.45,1899,9,"020017",17.2
140.92,-32.45,1899,10,"020017",10.7
140.92,-32.45,1899,11,"020017",8.1
140.92,-32.45,1899,12,"020017",0
140.92,-32.45,1900,1,"020017",26.9
140.92,-32.45,1900,2,"020017",0.5
140.92,-32.45,1900,3,"020017",37.1
140.92,-32.45,1900,4,"020017",4.4
140.92,-32.45,1900,5,"020017",11.7
140.92,-32.45,1900,6,"020017",21.8
140.92,-32.45,1900,7,"020017",3.8
140.92,-32.45,1900,8,"020017",9.4
140.92,-32.45,1900,9,"020017",6.4
140.92,-32.45,1900,10,"020017",3.5
140.92,-32.45,1900,11,"020017",0
140.92,-32.45,1900,12,"020017",11.1
140.92,-32.45,1901,1,"020017",5.8
140.92,-32.45,1901,2,"020017",44.9
140.92,-32.45,1901,3,"020017",15.7
140.92,-32.45,1901,4,"020017",2
140.92,-32.45,1901,5,"020017",0
140.92,-32.45,1901,6,"020017",5.1
140.92,-32.45,1901,7,"020017",27.1
140.92,-32.45,1901,8,"020017",67.1
140.92,-32.45,1901,9,"020017",1.8
140.92,-32.45,1901,10,"020017",28.7
140.92,-32.45,1901,11,"020017",0
140.92,-32.45,1901,12,"020017",3.1
140.92,-32.45,1902,1,"020017",0
140.92,-32.45,1902,2,"020017",0
140.92,-32.45,1902,3,"020017",2.5
140.92,-32.45,1902,4,"020017",0
140.92,-32.45,1902,5,"020017",0
140.92,-32.45,1902,6,"020017",3.8
140.92,-32.45,1902,7,"020017",5.3
140.92,-32.45,1902,8,"020017",4.6
140.92,-32.45,1902,9,"020017",4.1
140.92,-32.45,1902,10,"020017",15.2
140.92,-32.45,1902,11,"020017",0
140.92,-32.45,1902,12,"020017",24.7
140.92,-32.45,1903,1,"020017",0
140.92,-32.45,1903,2,"020017",9.2
140.92,-32.45,1903,3,"020017",17
140.92,-32.45,1903,4,"020017",17.3
140.92,-32.45,1903,5,"020017",19.3
140.92,-32.45,1903,6,"020017",12.5
140.92,-32.45,1903,7,"020017",1.8
140.92,-32.45,1903,8,"020017",44.2
140.92,-32.45,1903,9,"020017",48
140.92,-32.45,1903,10,"020017",47.5
140.92,-32.45,1903,11,"020017",72.1
140.92,-32.45,1903,12,"020017",69.3
140.92,-32.45,1904,1,"020017",9.6
140.92,-32.45,1904,2,"020017",26.9
140.92,-32.45,1904,3,"020017",0
140.92,-32.45,1904,4,"020017",13.7
140.92,-32.45,1904,5,"020017",20.4
140.92,-32.45,1904,6,"020017",13.2
140.92,-32.45,1904,7,"020017",27.7
140.92,-32.45,1904,8,"020017",13.3
140.92,-32.45,1904,9,"020017",44.5
140.92,-32.45,1904,10,"020017",64.6
140.92,-32.45,1904,11,"020017",4.3
140.92,-32.45,1904,12,"020017",13.2
140.92,-32.45,1905,1,"020017",35
140.92,-32.45,1905,2,"020017",0
140.92,-32.45,1905,3,"020017",2.8
140.92,-32.45,1905,4,"020017",21.6
140.92,-32.45,1905,5,"020017",14.6
140.92,-32.45,1905,6,"020017",20.7
140.92,-32.45,1905,7,"020017",25.4
140.92,-32.45,1905,8,"020017",0
140.92,-32.45,1905,9,"020017",4.1
140.92,-32.45,1905,10,"020017",14.8
140.92,-32.45,1905,11,"020017",0
140.92,-32.45,1905,12,"020017",3.6
140.92,-32.45,1906,1,"020017",0
140.92,-32.45,1906,2,"020017",0
140.92,-32.45,1906,3,"020017",14.3
140.92,-32.45,1906,4,"020017",3
140.92,-32.45,1906,5,"020017",19.8
140.92,-32.45,1906,6,"020017",35.3
140.92,-32.45,1906,7,"020017",4.1
140.92,-32.45,1906,8,"020017",17.1
140.92,-32.45,1906,9,"020017",47.2
140.92,-32.45,1906,10,"020017",11.5
140.92,-32.45,1906,11,"020017",1.3
140.92,-32.45,1906,12,"020017",14.6
140.92,-32.45,1907,1,"020017",7.3
140.92,-32.45,1907,2,"020017",0
140.92,-32.45,1907,3,"020017",5.1
140.92,-32.45,1907,4,"020017",24.7
140.92,-32.45,1907,5,"020017",9.7
140.92,-32.45,1907,6,"020017",60.7
140.92,-32.45,1907,7,"020017",11.7
140.92,-32.45,1907,8,"020017",53.9
140.92,-32.45,1907,9,"020017",11.9
140.92,-32.45,1907,10,"020017",5.3
140.92,-32.45,1907,11,"020017",24.4
140.92,-32.45,1907,12,"020017",29
140.92,-32.45,1908,1,"020017",1.5
140.92,-32.45,1908,2,"020017",16.3
140.92,-32.45,1908,3,"020017",7.4
140.92,-32.45,1908,4,"020017",2.1
140.92,-32.45,1908,5,"020017",8.7
140.92,-32.45,1908,6,"020017",7.7
140.92,-32.45,1908,7,"020017",0
140.92,-32.45,1908,8,"020017",49
140.92,-32.45,1908,9,"020017",23.9
140.92,-32.45,1908,10,"020017",33.8
140.92,-32.45,1908,11,"020017",10.6
140.92,-32.45,1908,12,"020017",10.2
140.92,-32.45,1909,1,"020017",9.1
140.92,-32.45,1909,2,"020017",2
140.92,-32.45,1909,3,"020017",25.4
140.92,-32.45,1909,4,"020017",3.6
140.92,-32.45,1909,5,"020017",61.7
140.92,-32.45,1909,6,"020017",56.1
140.92,-32.45,1909,7,"020017",5.3
140.92,-32.45,1909,8,"020017",15
140.92,-32.45,1909,9,"020017",3.3
140.92,-32.45,1909,10,"020017",25.2
140.92,-32.45,1909,11,"020017",13.2
140.92,-32.45,1909,12,"020017",0
140.92,-32.45,1910,1,"020017",14.5
140.92,-32.45,1910,2,"020017",2.8
140.92,-32.45,1910,3,"020017",79.3
140.92,-32.45,1910,4,"020017",1.3
140.92,-32.45,1910,5,"020017",29.4
140.92,-32.45,1910,6,"020017",67.9
140.92,-32.45,1910,7,"020017",9.7
140.92,-32.45,1910,8,"020017",8.2
140.92,-32.45,1910,9,"020017",19.8
140.92,-32.45,1910,10,"020017",15.8
140.92,-32.45,1910,11,"020017",0
140.92,-32.45,1910,12,"020017",5.6
140.92,-32.45,1911,1,"020017",42.4
140.92,-32.45,1911,2,"020017",94.2
140.92,-32.45,1911,3,"020017",33.8
140.92,-32.45,1911,4,"020017",0
140.92,-32.45,1911,5,"020017",42.9
140.92,-32.45,1911,6,"020017",4.8
140.92,-32.45,1911,7,"020017",19.1
140.92,-32.45,1911,8,"020017",8.4
140.92,-32.45,1911,9,"020017",4.1
140.92,-32.45,1911,10,"020017",31.8
140.92,-32.45,1911,11,"020017",12.7
140.92,-32.45,1911,12,"020017",63.8
140.92,-32.45,1912,1,"020017",0
140.92,-32.45,1912,2,"020017",15.8
140.92,-32.45,1912,3,"020017",12.4
140.92,-32.45,1912,4,"020017",0
140.92,-32.45,1912,5,"020017",0
140.92,-32.45,1912,6,"020017",71.1
140.92,-32.45,1912,7,"020017",17.8
140.92,-32.45,1912,8,"020017",15.9
140.92,-32.45,1912,9,"020017",4.8
140.92,-32.45,1912,10,"020017",26.8
140.92,-32.45,1912,11,"020017",60.8
140.92,-32.45,1912,12,"020017",0
140.92,-32.45,1913,1,"020017",0.8
140.92,-32.45,1913,2,"020017",41.3
140.92,-32.45,1913,3,"020017",66.3
140.92,-32.45,1913,4,"020017",0
140.92,-32.45,1913,5,"020017",10.7
140.92,-32.45,1913,6,"020017",0
140.92,-32.45,1913,7,"020017",0
140.92,-32.45,1913,8,"020017",0
140.92,-32.45,1913,9,"020017",16.8
140.92,-32.45,1913,10,"020017",48.5
140.92,-32.45,1913,11,"020017",5.1
140.92,-32.45,1913,12,"020017",6.4
140.92,-32.45,1914,1,"020017",2.1
140.92,-32.45,1914,2,"020017",2
140.92,-32.45,1914,3,"020017",7.3
140.92,-32.45,1914,4,"020017",14.5
140.92,-32.45,1914,5,"020017",10.9
140.92,-32.45,1914,6,"020017",0
140.92,-32.45,1914,7,"020017",0.8
140.92,-32.45,1914,8,"020017",0
140.92,-32.45,1914,9,"020017",4.3
140.92,-32.45,1914,10,"020017",21.3
140.92,-32.45,1914,11,"020017",19.5
140.92,-32.45,1914,12,"020017",88.9
140.92,-32.45,1915,1,"020017",5.8
140.92,-32.45,1915,2,"020017",0
140.92,-32.45,1915,3,"020017",0
140.92,-32.45,1915,4,"020017",8.4
140.92,-32.45,1915,5,"020017",22.4
140.92,-32.45,1915,6,"020017",7.1
140.92,-32.45,1915,7,"020017",9.9
140.92,-32.45,1915,8,"020017",7.9
140.92,-32.45,1915,9,"020017",25.4
140.92,-32.45,1915,10,"020017",17
140.92,-32.45,1915,11,"020017",0
140.92,-32.45,1915,12,"020017",2.6
140.92,-32.45,1916,1,"020017",4
140.92,-32.45,1916,2,"020017",0
140.92,-32.45,1916,3,"020017",0
140.92,-32.45,1916,4,"020017",0
140.92,-32.45,1916,5,"020017",7.1
140.92,-32.45,1916,6,"020017",25.7
140.92,-32.45,1916,7,"020017",67.6
140.92,-32.45,1916,8,"020017",16.5
140.92,-32.45,1916,9,"020017",40.6
140.92,-32.45,1916,10,"020017",23.4
140.92,-32.45,1916,11,"020017",7.6
140.92,-32.45,1916,12,"020017",13.7
140.92,-32.45,1917,1,"020017",79.5
140.92,-32.45,1917,2,"020017",38.4
140.92,-32.45,1917,3,"020017",4.9
140.92,-32.45,1917,4,"020017",1.5
140.92,-32.45,1917,5,"020017",7.9
140.92,-32.45,1917,6,"020017",19.8
140.92,-32.45,1917,7,"020017",26.1
140.92,-32.45,1917,8,"020017",10.4
140.92,-32.45,1917,9,"020017",25.9
140.92,-32.45,1917,10,"020017",14.7
140.92,-32.45,1917,11,"020017",52.3
140.92,-32.45,1917,12,"020017",12.4
140.92,-32.45,1918,1,"020017",11.2
140.92,-32.45,1918,2,"020017",0
140.92,-32.45,1918,3,"020017",24.7
140.92,-32.45,1918,4,"020017",31.7
140.92,-32.45,1918,5,"020017",85.9
140.92,-32.45,1918,6,"020017",25.4
140.92,-32.45,1918,7,"020017",6.6
140.92,-32.45,1918,8,"020017",10.4
140.92,-32.45,1918,9,"020017",0
140.92,-32.45,1918,10,"020017",16.8
140.92,-32.45,1918,11,"020017",0
140.92,-32.45,1918,12,"020017",0
140.92,-32.45,1919,1,"020017",4.6
140.92,-32.45,1919,2,"020017",32.8
140.92,-32.45,1919,3,"020017",4.1
140.92,-32.45,1919,4,"020017",21.6
140.92,-32.45,1919,5,"020017",78.2
140.92,-32.45,1919,6,"020017",1.5
140.92,-32.45,1919,7,"020017",0
140.92,-32.45,1919,8,"020017",0
140.92,-32.45,1919,9,"020017",0
140.92,-32.45,1919,10,"020017",12.7
140.92,-32.45,1919,11,"020017",4.8
140.92,-32.45,1919,12,"020017",26.9
140.92,-32.45,1920,1,"020017",32.3
140.92,-32.45,1920,2,"020017",0
140.92,-32.45,1920,3,"020017",0
140.92,-32.45,1920,4,"020017",26.4
140.92,-32.45,1920,5,"020017",4.1
140.92,-32.45,1920,6,"020017",29.5
140.92,-32.45,1920,7,"020017",5.3
140.92,-32.45,1920,8,"020017",39.4
140.92,-32.45,1920,9,"020017",73.2
140.92,-32.45,1920,10,"020017",41.1
140.92,-32.45,1920,11,"020017",55.6
140.92,-32.45,1920,12,"020017",0
140.92,-32.45,1921,1,"020017",26.4
140.92,-32.45,1921,2,"020017",95
140.92,-32.45,1921,3,"020017",98.8
140.92,-32.45,1921,4,"020017",33.5
140.92,-32.45,1921,5,"020017",31
140.92,-32.45,1921,6,"020017",42.9
140.92,-32.45,1921,7,"020017",0
140.92,-32.45,1921,8,"020017",13.7
140.92,-32.45,1921,9,"020017",14.5
140.92,-32.45,1921,10,"020017",10.2
140.92,-32.45,1921,11,"020017",16.3
140.92,-32.45,1921,12,"020017",0
140.92,-32.45,1922,1,"020017",7.4
140.92,-32.45,1922,2,"020017",9.4
140.92,-32.45,1922,3,"020017",0
140.92,-32.45,1922,4,"020017",2.3
140.92,-32.45,1922,5,"020017",9.7
140.92,-32.45,1922,6,"020017",14.5
140.92,-32.45,1922,7,"020017",12.6
140.92,-32.45,1922,8,"020017",0
140.92,-32.45,1922,9,"020017",15.2
140.92,-32.45,1922,10,"020017",5.3
140.92,-32.45,1922,11,"020017",0
140.92,-32.45,1922,12,"020017",33.8
140.92,-32.45,1923,1,"020017",0
140.92,-32.45,1923,2,"020017",0
140.92,-32.45,1923,3,"020017",7.1
140.92,-32.45,1923,4,"020017",0
140.92,-32.45,1923,5,"020017",19.3
140.92,-32.45,1923,6,"020017",55.9
140.92,-32.45,1923,7,"020017",20.1
140.92,-32.45,1923,8,"020017",8.9
140.92,-32.45,1923,9,"020017",4.1
140.92,-32.45,1923,10,"020017",1.8
140.92,-32.45,1923,11,"020017",0
140.92,-32.45,1923,12,"020017",52.3
140.92,-32.45,1924,1,"020017",22.9
140.92,-32.45,1924,2,"020017",15
140.92,-32.45,1924,3,"020017",3.6
140.92,-32.45,1924,4,"020017",4.6
140.92,-32.45,1924,5,"020017",0
140.92,-32.45,1924,6,"020017",15.7
140.92,-32.45,1924,7,"020017",0
140.92,-32.45,1924,8,"020017",16.3
140.92,-32.45,1924,9,"020017",16
140.92,-32.45,1924,10,"020017",9.4
140.92,-32.45,1924,11,"020017",28.2
140.92,-32.45,1924,12,"020017",15.2
140.92,-32.45,1925,1,"020017",7.4
140.92,-32.45,1925,2,"020017",9.1
140.92,-32.45,1925,3,"020017",21.3
140.92,-32.45,1925,4,"020017",2
140.92,-32.45,1925,5,"020017",30.2
140.92,-32.45,1925,6,"020017",0
140.92,-32.45,1925,7,"020017",33.8
140.92,-32.45,1925,8,"020017",10.7
140.92,-32.45,1925,9,"020017",12.2
140.92,-32.45,1925,10,"020017",0
140.92,-32.45,1925,11,"020017",2
140.92,-32.45,1925,12,"020017",0
140.92,-32.45,1926,1,"020017",8.4
140.92,-32.45,1926,2,"020017",0
140.92,-32.45,1926,3,"020017",14
140.92,-32.45,1926,4,"020017",19.8
140.92,-32.45,1926,5,"020017",50.2
140.92,-32.45,1926,6,"020017",22.1
140.92,-32.45,1926,7,"020017",0
140.92,-32.45,1926,8,"020017",17.5
140.92,-32.45,1926,9,"020017",33
140.92,-32.45,1926,10,"020017",0
140.92,-32.45,1926,11,"020017",0
140.92,-32.45,1926,12,"020017",2.8
140.92,-32.45,1927,1,"020017",8.3
140.92,-32.45,1927,2,"020017",7.4
140.92,-32.45,1927,3,"020017",3.8
140.92,-32.45,1927,4,"020017",0
140.92,-32.45,1927,5,"020017",1.3
140.92,-32.45,1927,6,"020017",9.4
140.92,-32.45,1927,7,"020017",4.1
140.92,-32.45,1927,8,"020017",0
140.92,-32.45,1927,9,"020017",17.3
140.92,-32.45,1927,10,"020017",8.1
140.92,-32.45,1927,11,"020017",18
140.92,-32.45,1927,12,"020017",1.3
140.92,-32.45,1928,1,"020017",20.8
140.92,-32.45,1928,2,"020017",38.8
140.92,-32.45,1928,3,"020017",16.8
140.92,-32.45,1928,4,"020017",3
140.92,-32.45,1928,5,"020017",0
140.92,-32.45,1928,6,"020017",20.8
140.92,-32.45,1928,7,"020017",29
140.92,-32.45,1928,8,"020017",2.8
140.92,-32.45,1928,9,"020017",2.5
140.92,-32.45,1928,10,"020017",1.8
140.92,-32.45,1928,11,"020017",0
140.92,-32.45,1928,12,"020017",0
140.92,-32.45,1929,1,"020017",0
140.92,-32.45,1929,2,"020017",10.2
140.92,-32.45,1929,3,"020017",4.6
140.92,-32.45,1929,4,"020017",9.1
140.92,-32.45,1929,5,"020017",0
140.92,-32.45,1929,6,"020017",4.5
140.92,-32.45,1929,7,"020017",1
140.92,-32.45,1929,8,"020017",4.1
140.92,-32.45,1929,9,"020017",7.1
140.92,-32.45,1929,10,"020017",0
140.92,-32.45,1929,11,"020017",19.1
140.92,-32.45,1929,12,"020017",66.9
140.92,-32.45,1930,1,"020017",2.5
140.92,-32.45,1930,2,"020017",2
140.92,-32.45,1930,3,"020017",0
140.92,-32.45,1930,4,"020017",5.3
140.92,-32.45,1930,5,"020017",26.4
140.92,-32.45,1930,6,"020017",0
140.92,-32.45,1930,7,"020017",9.9
140.92,-32.45,1930,8,"020017",4.1
140.92,-32.45,1930,9,"020017",17.5
140.92,-32.45,1930,10,"020017",38.4
140.92,-32.45,1930,11,"020017",14.2
140.92,-32.45,1930,12,"020017",45.2
140.92,-32.45,1931,1,"020017",0
140.92,-32.45,1931,2,"020017",0
140.92,-32.45,1931,3,"020017",13.5
140.92,-32.45,1931,4,"020017",51.6
140.92,-32.45,1931,5,"020017",47.2
140.92,-32.45,1931,6,"020017",28.4
140.92,-32.45,1931,7,"020017",18.5
140.92,-32.45,1931,8,"020017",7.9
140.92,-32.45,1931,9,"020017",5.8
140.92,-32.45,1931,10,"020017",21.3
140.92,-32.45,1931,11,"020017",0
140.92,-32.45,1931,12,"020017",0
140.92,-32.45,1932,1,"020017",0
140.92,-32.45,1932,2,"020017",16
140.92,-32.45,1932,3,"020017",10.1
140.92,-32.45,1932,4,"020017",17.8
140.92,-32.45,1932,5,"020017",25.9
140.92,-32.45,1932,6,"020017",11.2
140.92,-32.45,1932,7,"020017",0.8
140.92,-32.45,1932,8,"020017",13.2
140.92,-32.45,1932,9,"020017",12.9
140.92,-32.45,1932,10,"020017",0
140.92,-32.45,1932,11,"020017",32.3
140.92,-32.45,1932,12,"020017",0
140.92,-32.45,1933,1,"020017",0
140.92,-32.45,1933,2,"020017",4.8
140.92,-32.45,1933,3,"020017",5.8
140.92,-32.45,1933,4,"020017",9.6
140.92,-32.45,1933,5,"020017",7.7
140.92,-32.45,1933,6,"020017",0
140.92,-32.45,1933,7,"020017",17.1
140.92,-32.45,1933,8,"020017",16.8
140.92,-32.45,1933,9,"020017",10.9
140.92,-32.45,1933,10,"020017",4.1
140.92,-32.45,1933,11,"020017",83
140.92,-32.45,1933,12,"020017",1.8
140.92,-32.45,1934,1,"020017",7.1
140.92,-32.45,1934,2,"020017",0
140.92,-32.45,1934,3,"020017",11.6
140.92,-32.45,1934,4,"020017",6.9
140.92,-32.45,1934,5,"020017",0
140.92,-32.45,1934,6,"020017",6.6
140.92,-32.45,1934,7,"020017",18.3
140.92,-32.45,1934,8,"020017",4.3
140.92,-32.45,1934,9,"020017",5.6
140.92,-32.45,1934,10,"020017",24.6
140.92,-32.45,1934,11,"020017",41.7
140.92,-32.45,1934,12,"020017",0
140.92,-32.45,1935,1,"020017",2.3
140.92,-32.45,1935,2,"020017",2.8
140.92,-32.45,1935,3,"020017",8.1
140.92,-32.45,1935,4,"020017",28.7
140.92,-32.45,1935,5,"020017",0.8
140.92,-32.45,1935,6,"020017",8.6
140.92,-32.45,1935,7,"020017",0
140.92,-32.45,1935,8,"020017",2
140.92,-32.45,1935,9,"020017",15.7
140.92,-32.45,1935,10,"020017",34.3
140.92,-32.45,1935,11,"020017",2.8
140.92,-32.45,1935,12,"020017",3.6
140.92,-32.45,1936,1,"020017",76.4
140.92,-32.45,1936,2,"020017",0
140.92,-32.45,1936,3,"020017",2.3
140.92,-32.45,1936,4,"020017",0
140.92,-32.45,1936,5,"020017",29
140.92,-32.45,1936,6,"020017",11
140.92,-32.45,1936,7,"020017",12.2
140.92,-32.45,1936,8,"020017",21.1
140.92,-32.45,1936,9,"020017",5.6
140.92,-32.45,1936,10,"020017",13.3
140.92,-32.45,1936,11,"020017",19.3
140.92,-32.45,1936,12,"020017",29.4
140.92,-32.45,1937,1,"020017",101.9
140.92,-32.45,1937,2,"020017",10.2
140.92,-32.45,1937,3,"020017",1.3
140.92,-32.45,1937,4,"020017",1
140.92,-32.45,1937,5,"020017",14.7
140.92,-32.45,1937,6,"020017",47.3
140.92,-32.45,1937,7,"020017",2.8
140.92,-32.45,1937,8,"020017",27.6
140.92,-32.45,1937,9,"020017",0.5
140.92,-32.45,1937,10,"020017",23.4
140.92,-32.45,1937,11,"020017",6.9
140.92,-32.45,1937,12,"020017",12.9
140.92,-32.45,1938,1,"020017",5.1
140.92,-32.45,1938,2,"020017",5.6
140.92,-32.45,1938,3,"020017",0
140.92,-32.45,1938,4,"020017",2.3
140.92,-32.45,1938,5,"020017",6.1
140.92,-32.45,1938,6,"020017",0.8
140.92,-32.45,1938,7,"020017",16
140.92,-32.45,1938,8,"020017",16.8
140.92,-32.45,1938,9,"020017",4.6
140.92,-32.45,1938,10,"020017",142.8
140.92,-32.45,1938,11,"020017",15.5
140.92,-32.45,1938,12,"020017",0
140.92,-32.45,1939,1,"020017",0
140.92,-32.45,1939,2,"020017",45.2
140.92,-32.45,1939,3,"020017",42.6
140.92,-32.45,1939,4,"020017",12.2
140.92,-32.45,1939,5,"020017",2.5
140.92,-32.45,1939,6,"020017",19.9
140.92,-32.45,1939,7,"020017",1
140.92,-32.45,1939,8,"020017",9.5
140.92,-32.45,1939,9,"020017",2.8
140.92,-32.45,1939,10,"020017",17.6
140.92,-32.45,1939,11,"020017",28
140.92,-32.45,1939,12,"020017",0
140.92,-32.45,1940,1,"020017",3.1
140.92,-32.45,1940,2,"020017",0
140.92,-32.45,1940,3,"020017",0
140.92,-32.45,1940,4,"020017",0
140.92,-32.45,1940,5,"020017",10.4
140.92,-32.45,1940,6,"020017",0
140.92,-32.45,1940,7,"020017",5.1
140.92,-32.45,1940,8,"020017",0
140.92,-32.45,1940,9,"020017",1.8
140.92,-32.45,1940,10,"020017",1.8
140.92,-32.45,1940,11,"020017",0
140.92,-32.45,1940,12,"020017",2
140.92,-32.45,1941,1,"020017",94.9
140.92,-32.45,1941,2,"020017",0
140.92,-32.45,1941,3,"020017",8.9
140.92,-32.45,1941,4,"020017",0
140.92,-32.45,1941,5,"020017",11.4
140.92,-32.45,1941,6,"020017",8.6
140.92,-32.45,1941,7,"020017",19.1
140.92,-32.45,1941,8,"020017",15
140.92,-32.45,1941,9,"020017",5.8
140.92,-32.45,1941,10,"020017",1.8
140.92,-32.45,1941,11,"020017",8.7
140.92,-32.45,1941,12,"020017",4.1
140.92,-32.45,1942,1,"020017",5.8
140.92,-32.45,1942,2,"020017",41.1
140.92,-32.45,1942,3,"020017",0
140.92,-32.45,1942,4,"020017",25.1
140.92,-32.45,1942,5,"020017",40.6
140.92,-32.45,1942,6,"020017",15
140.92,-32.45,1942,7,"020017",12.4
140.92,-32.45,1942,8,"020017",13.5
140.92,-32.45,1942,9,"020017",4.1
140.92,-32.45,1942,10,"020017",81.5
140.92,-32.45,1942,11,"020017",1
140.92,-32.45,1942,12,"020017",5.3
140.92,-32.45,1943,1,"020017",0
140.92,-32.45,1943,2,"020017",6.6
140.92,-32.45,1943,3,"020017",0
140.92,-32.45,1943,4,"020017",33.1
140.92,-32.45,1943,5,"020017",3
140.92,-32.45,1943,6,"020017",14.2
140.92,-32.45,1943,7,"020017",3
140.92,-32.45,1943,8,"020017",20.2
140.92,-32.45,1943,9,"020017",14.7
140.92,-32.45,1943,10,"020017",20.3
140.92,-32.45,1943,11,"020017",22.4
140.92,-32.45,1943,12,"020017",0
140.92,-32.45,1944,1,"020017",1.3
140.92,-32.45,1944,2,"020017",9.7
140.92,-32.45,1944,3,"020017",1.3
140.92,-32.45,1944,4,"020017",3.3
140.92,-32.45,1944,5,"020017",6.1
140.92,-32.45,1944,6,"020017",0
140.92,-32.45,1944,7,"020017",6.4
140.92,-32.45,1944,8,"020017",14.7
140.92,-32.45,1944,9,"020017",0
140.92,-32.45,1944,10,"020017",10.4
140.92,-32.45,1944,11,"020017",6.4
140.92,-32.45,1944,12,"020017",18.3
140.92,-32.45,1945,1,"020017",0
140.92,-32.45,1945,2,"020017",6.6
140.92,-32.45,1945,3,"020017",2
140.92,-32.45,1945,4,"020017",0
140.92,-32.45,1945,5,"020017",6.3
140.92,-32.45,1945,6,"020017",24.6
140.92,-32.45,1945,7,"020017",29.8
140.92,-32.45,1945,8,"020017",5.6
140.92,-32.45,1945,9,"020017",0
140.92,-32.45,1945,10,"020017",15.3
140.92,-32.45,1945,11,"020017",24.1
140.92,-32.45,1945,12,"020017",34.8
140.92,-32.45,1946,1,"020017",91.2
140.92,-32.45,1946,2,"020017",35
140.92,-32.45,1946,3,"020017",0
140.92,-32.45,1946,4,"020017",0
140.92,-32.45,1946,5,"020017",3.8
140.92,-32.45,1946,6,"020017",20.8
140.92,-32.45,1946,7,"020017",6.5
140.92,-32.45,1946,8,"020017",0
140.92,-32.45,1946,9,"020017",7.4
140.92,-32.45,1946,10,"020017",7.6
140.92,-32.45,1946,11,"020017",21
140.92,-32.45,1946,12,"020017",36.4
140.92,-32.45,1947,1,"020017",3.8
140.92,-32.45,1947,2,"020017",122.9
140.92,-32.45,1947,3,"020017",69.3
140.92,-32.45,1947,4,"020017",7.4
140.92,-32.45,1947,5,"020017",6.6
140.92,-32.45,1947,6,"020017",10.4
140.92,-32.45,1947,7,"020017",14.7
140.92,-32.45,1947,8,"020017",16.3
140.92,-32.45,1947,9,"020017",15
140.92,-32.45,1947,10,"020017",72.9
140.92,-32.45,1947,11,"020017",11.5
140.92,-32.45,1947,12,"020017",21.6
140.92,-32.45,1948,1,"020017",0
140.92,-32.45,1948,2,"020017",2.5
140.92,-32.45,1948,3,"020017",0
140.92,-32.45,1948,4,"020017",18.8
140.92,-32.45,1948,5,"020017",0
140.92,-32.45,1948,6,"020017",5.3
140.92,-32.45,1948,7,"020017",0
140.92,-32.45,1948,8,"020017",4.3
140.92,-32.45,1948,9,"020017",6.9
140.92,-32.45,1948,10,"020017",13.7
140.92,-32.45,1948,11,"020017",13.7
140.92,-32.45,1948,12,"020017",40.4
140.92,-32.45,1949,1,"020017",0
140.92,-32.45,1949,2,"020017",23.8
140.92,-32.45,1949,3,"020017",16.1
140.92,-32.45,1949,4,"020017",0
140.92,-32.45,1949,5,"020017",43.6
140.92,-32.45,1949,6,"020017",0
140.92,-32.45,1949,7,"020017",3.6
140.92,-32.45,1949,8,"020017",4.8
140.92,-32.45,1949,9,"020017",54.2
140.92,-32.45,1949,10,"020017",46.7
140.92,-32.45,1949,11,"020017",19.1
140.92,-32.45,1949,12,"020017",6.6
140.92,-32.45,1950,1,"020017",0
140.92,-32.45,1950,2,"020017",175.5
140.92,-32.45,1950,3,"020017",108.5
140.92,-32.45,1950,4,"020017",2.3
140.92,-32.45,1950,5,"020017",39.7
140.92,-32.45,1950,6,"020017",16
140.92,-32.45,1950,7,"020017",14
140.92,-32.45,1950,8,"020017",0
140.92,-32.45,1950,9,"020017",0
140.92,-32.45,1950,10,"020017",8.7
140.92,-32.45,1950,11,"020017",0
140.92,-32.45,1950,12,"020017",18.5
140.92,-32.45,1951,1,"020017",11.2
140.92,-32.45,1951,2,"020017",8.4
140.92,-32.45,1951,3,"020017",0
140.92,-32.45,1951,4,"020017",0
140.92,-32.45,1951,5,"020017",4.1
140.92,-32.45,1951,6,"020017",57.9
140.92,-32.45,1951,7,"020017",0
140.92,-32.45,1951,8,"020017",5.1
140.92,-32.45,1951,9,"020017",16.5
140.92,-32.45,1951,10,"020017",25.9
140.92,-32.45,1951,11,"020017",0
140.92,-32.45,1951,12,"020017",6.4
140.92,-32.45,1952,1,"020017",17
140.92,-32.45,1952,2,"020017",2
140.92,-32.45,1952,3,"020017",13.2
140.92,-32.45,1952,4,"020017",22.6
140.92,-32.45,1952,5,"020017",43.7
140.92,-32.45,1952,6,"020017",0
140.92,-32.45,1952,7,"020017",36.1
140.92,-32.45,1952,8,"020017",6.4
140.92,-32.45,1952,9,"020017",5.1
140.92,-32.45,1952,10,"020017",45.3
140.92,-32.45,1952,11,"020017",0
140.92,-32.45,1952,12,"020017",0
140.92,-32.45,1953,1,"020017",85.4
140.92,-32.45,1953,2,"020017",20.8
140.92,-32.45,1953,3,"020017",0
140.92,-32.45,1953,4,"020017",0
140.92,-32.45,1953,5,"020017",0
140.92,-32.45,1953,6,"020017",0
140.92,-32.45,1953,7,"020017",5.6
140.92,-32.45,1953,8,"020017",4.3
140.92,-32.45,1953,9,"020017",15.5
140.92,-32.45,1953,10,"020017",20.9
140.92,-32.45,1953,11,"020017",17.3
140.92,-32.45,1953,12,"020017",14.8
140.92,-32.45,1954,1,"020017",9.9
140.92,-32.45,1954,2,"020017",0
140.92,-32.45,1954,3,"020017",0
140.92,-32.45,1954,4,"020017",50.4
140.92,-32.45,1954,5,"020017",1
140.92,-32.45,1954,6,"020017",5.3
140.92,-32.45,1954,7,"020017",2.5
140.92,-32.45,1954,8,"020017",11.7
140.92,-32.45,1954,9,"020017",5.8
140.92,-32.45,1954,10,"020017",21.6
140.92,-32.45,1954,11,"020017",28.2
140.92,-32.45,1954,12,"020017",62.5
140.92,-32.45,1955,1,"020017",1.5
140.92,-32.45,1955,2,"020017",87.6
140.92,-32.45,1955,3,"020017",33.9
140.92,-32.45,1955,4,"020017",6.1
140.92,-32.45,1955,5,"020017",61
140.92,-32.45,1955,6,"020017",15
140.92,-32.45,1955,7,"020017",5.8
140.92,-32.45,1955,8,"020017",26.4
140.92,-32.45,1955,9,"020017",20.3
140.92,-32.45,1955,10,"020017",9.1
140.92,-32.45,1955,11,"020017",21.8
140.92,-32.45,1955,12,"020017",0
140.92,-32.45,1956,1,"020017",24.1
140.92,-32.45,1956,2,"020017",8.6
140.92,-32.45,1956,3,"020017",84
140.92,-32.45,1956,4,"020017",10.2
140.92,-32.45,1956,5,"020017",29.2
140.92,-32.45,1956,6,"020017",20.4
140.92,-32.45,1956,7,"020017",54.7
140.92,-32.45,1956,8,"020017",0.5
140.92,-32.45,1956,9,"020017",13.1
140.92,-32.45,1956,10,"020017",15.3
140.92,-32.45,1956,11,"020017",5.1
140.92,-32.45,1956,12,"020017",0
140.92,-32.45,1957,1,"020017",0
140.92,-32.45,1957,2,"020017",9.7
140.92,-32.45,1957,3,"020017",24.7
140.92,-32.45,1957,4,"020017",5.1
140.92,-32.45,1957,5,"020017",0.5
140.92,-32.45,1957,6,"020017",31.6
140.92,-32.45,1957,7,"020017",10.4
140.92,-32.45,1957,8,"020017",4.6
140.92,-32.45,1957,9,"020017",0
140.92,-32.45,1957,10,"020017",2
140.92,-32.45,1957,11,"020017",1.3
140.92,-32.45,1957,12,"020017",35.8
140.92,-32.45,1958,1,"020017",57.9
140.92,-32.45,1958,2,"020017",0
140.92,-32.45,1958,3,"020017",51.6
140.92,-32.45,1958,4,"020017",20.3
140.92,-32.45,1958,5,"020017",4.8
140.92,-32.45,1958,6,"020017",0
140.92,-32.45,1958,7,"020017",1.8
140.92,-32.45,1958,8,"020017",48
140.92,-32.45,1958,9,"020017",6.1
140.92,-32.45,1958,10,"020017",82
140.92,-32.45,1958,11,"020017",127.6
140.92,-32.45,1958,12,"020017",3
140.92,-32.45,1959,1,"020017",24.6
140.92,-32.45,1959,2,"020017",11.2
140.92,-32.45,1959,3,"020017",32.2
140.92,-32.45,1959,4,"020017",0
140.92,-32.45,1959,5,"020017",16.5
140.92,-32.45,1959,6,"020017",0
140.92,-32.45,1959,7,"020017",20.2
140.92,-32.45,1959,8,"020017",32.4
140.92,-32.45,1959,9,"020017",7.4
140.92,-32.45,1959,10,"020017",24.2
140.92,-32.45,1959,11,"020017",0
140.92,-32.45,1959,12,"020017",6.4
140.92,-32.45,1960,1,"020017",36.7
140.92,-32.45,1960,2,"020017",24.7
140.92,-32.45,1960,3,"020017",1.3
140.92,-32.45,1960,4,"020017",14
140.92,-32.45,1960,5,"020017",32.8
140.92,-32.45,1960,6,"020017",2.5
140.92,-32.45,1960,7,"020017",39.7
140.92,-32.45,1960,8,"020017",6.1
140.92,-32.45,1960,9,"020017",28.4
140.92,-32.45,1960,10,"020017",0
140.92,-32.45,1960,11,"020017",34.3
140.92,-32.45,1960,12,"020017",26.2
140.92,-32.45,1961,1,"020017",46.7
140.92,-32.45,1961,2,"020017",2.3
140.92,-32.45,1961,3,"020017",35.6
140.92,-32.45,1961,4,"020017",39.6
140.92,-32.45,1961,5,"020017",0.8
140.92,-32.45,1961,6,"020017",0.5
140.92,-32.45,1961,7,"020017",16
140.92,-32.45,1961,8,"020017",12.2
140.92,-32.45,1961,9,"020017",8.9
140.92,-32.45,1961,10,"020017",0
140.92,-32.45,1961,11,"020017",73.6
140.92,-32.45,1961,12,"020017",23.3
140.92,-32.45,1962,1,"020017",43.4
140.92,-32.45,1962,2,"020017",0
140.92,-32.45,1962,3,"020017",4.8
140.92,-32.45,1962,4,"020017",0
140.92,-32.45,1962,5,"020017",26.4
140.92,-32.45,1962,6,"020017",0
140.92,-32.45,1962,7,"020017",7.4
140.92,-32.45,1962,8,"020017",8.9
140.92,-32.45,1962,9,"020017",0
140.92,-32.45,1962,10,"020017",10.2
140.92,-32.45,1962,11,"020017",0
140.92,-32.45,1962,12,"020017",109.2
140.92,-32.45,1963,1,"020017",23.1
140.92,-32.45,1963,2,"020017",0
140.92,-32.45,1963,3,"020017",16.5
140.92,-32.45,1963,4,"020017",6.6
140.92,-32.45,1963,5,"020017",27.7
140.92,-32.45,1963,6,"020017",41.1
140.92,-32.45,1963,7,"020017",0.8
140.92,-32.45,1963,8,"020017",16.8
140.92,-32.45,1963,9,"020017",6.1
140.92,-32.45,1963,10,"020017",17.8
140.92,-32.45,1963,11,"020017",0
140.92,-32.45,1963,12,"020017",5.3
140.92,-32.45,1964,1,"020017",3.3
140.92,-32.45,1964,2,"020017",12
140.92,-32.45,1964,3,"020017",0
140.92,-32.45,1964,4,"020017",40.4
140.92,-32.45,1964,5,"020017",0
140.92,-32.45,1964,6,"020017",2.5
140.92,-32.45,1964,7,"020017",2.3
140.92,-32.45,1964,8,"020017",14.3
140.92,-32.45,1964,9,"020017",62.7
140.92,-32.45,1964,10,"020017",13.7
140.92,-32.45,1964,11,"020017",0
140.92,-32.45,1964,12,"020017",10.7
140.92,-32.45,1965,1,"020017",0
140.92,-32.45,1965,2,"020017",0
140.92,-32.45,1965,3,"020017",0
140.92,-32.45,1965,4,"020017",0
140.92,-32.45,1965,5,"020017",11
140.92,-32.45,1965,6,"020017",17.3
140.92,-32.45,1965,7,"020017",8.7
140.92,-32.45,1965,8,"020017",41.6
140.92,-32.45,1965,9,"020017",6.9
140.92,-32.45,1965,10,"020017",3.6
140.92,-32.45,1965,11,"020017",4.6
140.92,-32.45,1965,12,"020017",22.9
140.92,-32.45,1966,1,"020017",19.6
140.92,-32.45,1966,2,"020017",31
140.92,-32.45,1966,3,"020017",16.5
140.92,-32.45,1966,4,"020017",0
140.92,-32.45,1966,5,"020017",11.2
140.92,-32.45,1966,6,"020017",10.6
140.92,-32.45,1966,7,"020017",5.3
140.92,-32.45,1966,8,"020017",4.3
140.92,-32.45,1966,9,"020017",4.8
140.92,-32.45,1966,10,"020017",17.6
140.92,-32.45,1966,11,"020017",11.4
140.92,-32.45,1966,12,"020017",34.5
140.92,-32.45,1967,1,"020017",8.9
140.92,-32.45,1967,2,"020017",41.4
140.92,-32.45,1967,3,"020017",5
140.92,-32.45,1967,4,"020017",0
140.92,-32.45,1967,5,"020017",5.6
140.92,-32.45,1967,6,"020017",4.6
140.92,-32.45,1967,7,"020017",0
140.92,-32.45,1967,8,"020017",3.8
140.92,-32.45,1967,9,"020017",0
140.92,-32.45,1967,10,"020017",9.9
140.92,-32.45,1967,11,"020017",0
140.92,-32.45,1967,12,"020017",0
140.92,-32.45,1968,1,"020017",96.3
140.92,-32.45,1968,2,"020017",0
140.92,-32.45,1968,3,"020017",3.8
140.92,-32.45,1968,4,"020017",30.7
140.92,-32.45,1968,5,"020017",62.2
140.92,-32.45,1968,6,"020017",17.8
140.92,-32.45,1968,7,"020017",18.9
140.92,-32.45,1968,8,"020017",6.9
140.92,-32.45,1968,9,"020017",2.5
140.92,-32.45,1968,10,"020017",1.5
140.92,-32.45,1968,11,"020017",7.4
140.92,-32.45,1968,12,"020017",16.3
140.92,-32.45,1969,1,"020017",11.2
140.92,-32.45,1969,2,"020017",46.5
140.92,-32.45,1969,3,"020017",27.4
140.92,-32.45,1969,4,"020017",6.3
140.92,-32.45,1969,5,"020017",15.1
140.92,-32.45,1969,6,"020017",17.3
140.92,-32.45,1969,7,"020017",16.8
140.92,-32.45,1969,8,"020017",4.8
140.92,-32.45,1969,9,"020017",9.1
140.92,-32.45,1969,10,"020017",15.7
140.92,-32.45,1969,11,"020017",4.1
140.92,-32.45,1969,12,"020017",0
140.92,-32.45,1970,1,"020017",14.7
140.92,-32.45,1970,2,"020017",0
140.92,-32.45,1970,3,"020017",3.6
140.92,-32.45,1970,4,"020017",22.4
140.92,-32.45,1970,5,"020017",2.3
140.92,-32.45,1970,6,"020017",2
140.92,-32.45,1970,7,"020017",0
140.92,-32.45,1970,8,"020017",15.3
140.92,-32.45,1970,9,"020017",57.3
140.92,-32.45,1970,10,"020017",12.7
140.92,-32.45,1970,11,"020017",12.5
140.92,-32.45,1970,12,"020017",8.1
140.92,-32.45,1971,1,"020017",0
140.92,-32.45,1971,2,"020017",25
140.92,-32.45,1971,3,"020017",84.9
140.92,-32.45,1971,4,"020017",52.1
140.92,-32.45,1971,5,"020017",37.1
140.92,-32.45,1971,6,"020017",14.2
140.92,-32.45,1971,7,"020017",19.5
140.92,-32.45,1971,8,"020017",6.9
140.92,-32.45,1971,9,"020017",24.2
140.92,-32.45,1971,10,"020017",0
140.92,-32.45,1971,11,"020017",28.7
140.92,-32.45,1971,12,"020017",16
140.92,-32.45,1972,1,"020017",95.5
140.92,-32.45,1972,2,"020017",13
140.92,-32.45,1972,3,"020017",NA
140.92,-32.45,1972,4,"020017",NA
140.92,-32.45,1972,5,"020017",11.2
140.92,-32.45,1972,6,"020017",0
140.92,-32.45,1972,7,"020017",0
140.92,-32.45,1972,8,"020017",19
140.92,-32.45,1972,9,"020017",0
140.92,-32.45,1972,10,"020017",26.7
140.92,-32.45,1972,11,"020017",2.5
140.92,-32.45,1972,12,"020017",2.3
140.92,-32.45,1973,1,"020017",8.9
140.92,-32.45,1973,2,"020017",69.4
140.92,-32.45,1973,3,"020017",67.6
140.92,-32.45,1973,4,"020017",19
140.92,-32.45,1973,5,"020017",2.5
140.92,-32.45,1973,6,"020017",24.4
140.92,-32.45,1973,7,"020017",26.7
140.92,-32.45,1973,8,"020017",58.4
140.92,-32.45,1973,9,"020017",6.1
140.92,-32.45,1973,10,"020017",84.2
140.92,-32.45,1973,11,"020017",10.2
140.92,-32.45,1973,12,"020017",36.6
140.92,-32.45,1974,1,"020017",146
140.92,-32.45,1974,2,"020017",31.2
140.92,-32.45,1974,3,"020017",10
140.92,-32.45,1974,4,"020017",147.4
140.92,-32.45,1974,5,"020017",82
140.92,-32.45,1974,6,"020017",7.4
140.92,-32.45,1974,7,"020017",1
140.92,-32.45,1974,8,"020017",12
140.92,-32.45,1974,9,"020017",29.6
140.92,-32.45,1974,10,"020017",48
140.92,-32.45,1974,11,"020017",16.6
140.92,-32.45,1974,12,"020017",8.4
140.92,-32.45,1975,1,"020017",15
140.92,-32.45,1975,2,"020017",31.6
140.92,-32.45,1975,3,"020017",12.4
140.92,-32.45,1975,4,"020017",0
140.92,-32.45,1975,5,"020017",7
140.92,-32.45,1975,6,"020017",0
140.92,-32.45,1975,7,"020017",0
140.92,-32.45,1975,8,"020017",21.4
140.92,-32.45,1975,9,"020017",62.8
140.92,-32.45,1975,10,"020017",67.1
140.92,-32.45,1975,11,"020017",0
140.92,-32.45,1975,12,"020017",106.2
140.92,-32.45,1976,1,"020017",39
140.92,-32.45,1976,2,"020017",45.4
140.92,-32.45,1976,3,"020017",0
140.92,-32.45,1976,4,"020017",66.6
140.92,-32.45,1976,5,"020017",0
140.92,-32.45,1976,6,"020017",7
140.92,-32.45,1976,7,"020017",41
140.92,-32.45,1976,8,"020017",5.4
140.92,-32.45,1976,9,"020017",4
140.92,-32.45,1976,10,"020017",67.6
140.92,-32.45,1976,11,"020017",22.4
140.92,-32.45,1976,12,"020017",8.6
140.92,-32.45,1977,1,"020017",0
140.92,-32.45,1977,2,"020017",9.6
140.92,-32.45,1977,3,"020017",0
140.92,-32.45,1977,4,"020017",0
140.92,-32.45,1977,5,"020017",3
140.92,-32.45,1977,6,"020017",18
140.92,-32.45,1977,7,"020017",0
140.92,-32.45,1977,8,"020017",0
140.92,-32.45,1977,9,"020017",8.8
140.92,-32.45,1977,10,"020017",10
140.92,-32.45,1977,11,"020017",15
140.92,-32.45,1977,12,"020017",2
140.92,-32.45,1978,1,"020017",7.5
140.92,-32.45,1978,2,"020017",0
140.92,-32.45,1978,3,"020017",13.3
140.92,-32.45,1978,4,"020017",0
140.92,-32.45,1978,5,"020017",22.6
140.92,-32.45,1978,6,"020017",34.4
140.92,-32.45,1978,7,"020017",18.6
140.92,-32.45,1978,8,"020017",37
140.92,-32.45,1978,9,"020017",57
140.92,-32.45,1978,10,"020017",48
140.92,-32.45,1978,11,"020017",39
140.92,-32.45,1978,12,"020017",0
140.92,-32.45,1979,1,"020017",30
140.92,-32.45,1979,2,"020017",64
140.92,-32.45,1979,3,"020017",0
140.92,-32.45,1979,4,"020017",17
140.92,-32.45,1979,5,"020017",16
140.92,-32.45,1979,6,"020017",7.6
140.92,-32.45,1979,7,"020017",2
140.92,-32.45,1979,8,"020017",16.4
140.92,-32.45,1979,9,"020017",58.5
140.92,-32.45,1979,10,"020017",10.5
140.92,-32.45,1979,11,"020017",12.5
140.92,-32.45,1979,12,"020017",5
140.92,-32.45,1980,1,"020017",0
140.92,-32.45,1980,2,"020017",10.5
140.92,-32.45,1980,3,"020017",0
140.92,-32.45,1980,4,"020017",79
140.92,-32.45,1980,5,"020017",15
140.92,-32.45,1980,6,"020017",14
140.92,-32.45,1980,7,"020017",9
140.92,-32.45,1980,8,"020017",16.5
140.92,-32.45,1980,9,"020017",0
140.92,-32.45,1980,10,"020017",23.5
140.92,-32.45,1980,11,"020017",0
140.92,-32.45,1980,12,"020017",5
140.92,-32.45,1981,1,"020017",10
140.92,-32.45,1981,2,"020017",19
140.92,-32.45,1981,3,"020017",0
140.92,-32.45,1981,4,"020017",0
140.92,-32.45,1981,5,"020017",39
140.92,-32.45,1981,6,"020017",5
140.92,-32.45,1981,7,"020017",48
140.92,-32.45,1981,8,"020017",1.5
140.92,-32.45,1981,9,"020017",20
140.92,-32.45,1981,10,"020017",4.5
140.92,-32.45,1981,11,"020017",14.5
140.92,-32.45,1981,12,"020017",9
140.92,-32.45,1982,1,"020017",57.5
140.92,-32.45,1982,2,"020017",21
140.92,-32.45,1982,3,"020017",10.9
140.92,-32.45,1982,4,"020017",0
140.92,-32.45,1982,5,"020017",0
140.92,-32.45,1982,6,"020017",6
140.92,-32.45,1982,7,"020017",0
140.92,-32.45,1982,8,"020017",0
140.92,-32.45,1982,9,"020017",17.8
140.92,-32.45,1982,10,"020017",0
140.92,-32.45,1982,11,"020017",0
140.92,-32.45,1982,12,"020017",0
140.92,-32.45,1983,1,"020017",0
140.92,-32.45,1983,2,"020017",3.2
140.92,-32.45,1983,3,"020017",12.4
140.92,-32.45,1983,4,"020017",13.8
140.92,-32.45,1983,5,"020017",26.5
140.92,-32.45,1983,6,"020017",0
140.92,-32.45,1983,7,"020017",27.6
140.92,-32.45,1983,8,"020017",20.4
140.92,-32.45,1983,9,"020017",18.7
140.92,-32.45,1983,10,"020017",17.6
140.92,-32.45,1983,11,"020017",47.8
140.92,-32.45,1983,12,"020017",69.6
140.92,-32.45,1984,1,"020017",67.4
140.92,-32.45,1984,2,"020017",0
140.92,-32.45,1984,3,"020017",20
140.92,-32.45,1984,4,"020017",44.5
140.92,-32.45,1984,5,"020017",0
140.92,-32.45,1984,6,"020017",1.6
140.92,-32.45,1984,7,"020017",34.2
140.92,-32.45,1984,8,"020017",15.8
140.92,-32.45,1984,9,"020017",20.3
140.92,-32.45,1984,10,"020017",12
140.92,-32.45,1984,11,"020017",1
140.92,-32.45,1984,12,"020017",0.6
140.92,-32.45,1985,1,"020017",3.2
140.92,-32.45,1985,2,"020017",12.8
140.92,-32.45,1985,3,"020017",0.6
140.92,-32.45,1985,4,"020017",0
140.92,-32.45,1985,5,"020017",28.7
140.92,-32.45,1985,6,"020017",12
140.92,-32.45,1985,7,"020017",3.8
140.92,-32.45,1985,8,"020017",35.2
140.92,-32.45,1985,9,"020017",1
140.92,-32.45,1985,10,"020017",16.8
140.92,-32.45,1985,11,"020017",15.4
140.92,-32.45,1985,12,"020017",11
140.92,-32.45,1986,1,"020017",0
140.92,-32.45,1986,2,"020017",5.2
140.92,-32.45,1986,3,"020017",0
140.92,-32.45,1986,4,"020017",1.6
140.92,-32.45,1986,5,"020017",24.4
140.92,-32.45,1986,6,"020017",3.8
140.92,-32.45,1986,7,"020017",16.4
140.92,-32.45,1986,8,"020017",34.6
140.92,-32.45,1986,9,"020017",16.9
140.92,-32.45,1986,10,"020017",53.2
140.92,-32.45,1986,11,"020017",7.3
140.92,-32.45,1986,12,"020017",53.5
140.92,-32.45,1987,1,"020017",17.2
140.92,-32.45,1987,2,"020017",42.2
140.92,-32.45,1987,3,"020017",12.4
140.92,-32.45,1987,4,"020017",7.4
140.92,-32.45,1987,5,"020017",7.8
140.92,-32.45,1987,6,"020017",30.2
140.92,-32.45,1987,7,"020017",8.2
140.92,-32.45,1987,8,"020017",23.7
140.92,-32.45,1987,9,"020017",13.6
140.92,-32.45,1987,10,"020017",15.8
140.92,-32.45,1987,11,"020017",3.8
140.92,-32.45,1987,12,"020017",39.7
140.92,-32.45,1988,1,"020017",4.2
140.92,-32.45,1988,2,"020017",3.8
140.92,-32.45,1988,3,"020017",33
140.92,-32.45,1988,4,"020017",14.8
140.92,-32.45,1988,5,"020017",60.4
140.92,-32.45,1988,6,"020017",25.8
140.92,-32.45,1988,7,"020017",19
140.92,-32.45,1988,8,"020017",1
140.92,-32.45,1988,9,"020017",5
140.92,-32.45,1988,10,"020017",2
140.92,-32.45,1988,11,"020017",10.2
140.92,-32.45,1988,12,"020017",32.4
140.92,-32.45,1989,1,"020017",2
140.92,-32.45,1989,2,"020017",0
140.92,-32.45,1989,3,"020017",202
140.92,-32.45,1989,4,"020017",91.8
140.92,-32.45,1989,5,"020017",91
140.92,-32.45,1989,6,"020017",22.4
140.92,-32.45,1989,7,"020017",36
140.92,-32.45,1989,8,"020017",4.8
140.92,-32.45,1989,9,"020017",3.5
140.92,-32.45,1989,10,"020017",8.6
140.92,-32.45,1989,11,"020017",31.6
140.92,-32.45,1989,12,"020017",9
140.92,-32.45,1990,1,"020017",24.6
140.92,-32.45,1990,2,"020017",7.4
140.92,-32.45,1990,3,"020017",4
140.92,-32.45,1990,4,"020017",20.2
140.92,-32.45,1990,5,"020017",52.2
140.92,-32.45,1990,6,"020017",12.2
140.92,-32.45,1990,7,"020017",55.8
140.92,-32.45,1990,8,"020017",10.8
140.92,-32.45,1990,9,"020017",21.2
140.92,-32.45,1990,10,"020017",10.6
140.92,-32.45,1990,11,"020017",0
140.92,-32.45,1990,12,"020017",0
140.92,-32.45,1991,1,"020017",49.6
140.92,-32.45,1991,2,"020017",0
140.92,-32.45,1991,3,"020017",0
140.92,-32.45,1991,4,"020017",8.1
140.92,-32.45,1991,5,"020017",0
140.92,-32.45,1991,6,"020017",67
140.92,-32.45,1991,7,"020017",21.4
140.92,-32.45,1991,8,"020017",4.4
140.92,-32.45,1991,9,"020017",9
140.92,-32.45,1991,10,"020017",6.6
140.92,-32.45,1991,11,"020017",16
140.92,-32.45,1991,12,"020017",0
140.92,-32.45,1992,1,"020017",2.5
140.92,-32.45,1992,2,"020017",34.6
140.92,-32.45,1992,3,"020017",0
140.92,-32.45,1992,4,"020017",8.6
140.92,-32.45,1992,5,"020017",28
140.92,-32.45,1992,6,"020017",15.6
140.92,-32.45,1992,7,"020017",0
140.92,-32.45,1992,8,"020017",24.5
140.92,-32.45,1992,9,"020017",40.8
140.92,-32.45,1992,10,"020017",59.2
140.92,-32.45,1992,11,"020017",47.3
140.92,-32.45,1992,12,"020017",156
140.92,-32.45,1993,1,"020017",123.4
140.92,-32.45,1993,2,"020017",16.6
140.92,-32.45,1993,3,"020017",11.2
140.92,-32.45,1993,4,"020017",1.6
140.92,-32.45,1993,5,"020017",15.4
140.92,-32.45,1993,6,"020017",4.4
140.92,-32.45,1993,7,"020017",31
140.92,-32.45,1993,8,"020017",4.4
140.92,-32.45,1993,9,"020017",45.2
140.92,-32.45,1993,10,"020017",67.2
140.92,-32.45,1993,11,"020017",2.2
140.92,-32.45,1993,12,"020017",104.2
140.92,-32.45,1994,1,"020017",2.6
140.92,-32.45,1994,2,"020017",75.8
140.92,-32.45,1994,3,"020017",0
140.92,-32.45,1994,4,"020017",0
140.92,-32.45,1994,5,"020017",0.6
140.92,-32.45,1994,6,"020017",23.2
140.92,-32.45,1994,7,"020017",3.8
140.92,-32.45,1994,8,"020017",0
140.92,-32.45,1994,9,"020017",15.4
140.92,-32.45,1994,10,"020017",6
140.92,-32.45,1994,11,"020017",1
140.92,-32.45,1994,12,"020017",0
140.92,-32.45,1995,1,"020017",44.8
140.92,-32.45,1995,2,"020017",24.6
140.92,-32.45,1995,3,"020017",3.8
140.92,-32.45,1995,4,"020017",4
140.92,-32.45,1995,5,"020017",31.8
140.92,-32.45,1995,6,"020017",47.4
140.92,-32.45,1995,7,"020017",14.6
140.92,-32.45,1995,8,"020017",0
140.92,-32.45,1995,9,"020017",27.6
140.92,-32.45,1995,10,"020017",56.2
140.92,-32.45,1995,11,"020017",8.2
140.92,-32.45,1995,12,"020017",6
140.92,-32.45,1996,1,"020017",25.2
140.92,-32.45,1996,2,"020017",9.6
140.92,-32.45,1996,3,"020017",47.4
140.92,-32.45,1996,4,"020017",0
140.92,-32.45,1996,5,"020017",3.2
140.92,-32.45,1996,6,"020017",25.4
140.92,-32.45,1996,7,"020017",25.3
140.92,-32.45,1996,8,"020017",26.2
140.92,-32.45,1996,9,"020017",28.1
140.92,-32.45,1996,10,"020017",12.2
140.92,-32.45,1996,11,"020017",13.4
140.92,-32.45,1996,12,"020017",8.4
140.92,-32.45,1997,1,"020017",27.6
140.92,-32.45,1997,2,"020017",146.6
140.92,-32.45,1997,3,"020017",0
140.92,-32.45,1997,4,"020017",0
140.92,-32.45,1997,5,"020017",31.4
140.92,-32.45,1997,6,"020017",1.2
140.92,-32.45,1997,7,"020017",0
140.92,-32.45,1997,8,"020017",25.2
140.92,-32.45,1997,9,"020017",28.6
140.92,-32.45,1997,10,"020017",12.2
140.92,-32.45,1997,11,"020017",18.2
140.92,-32.45,1997,12,"020017",6.8
140.92,-32.45,1998,1,"020017",51.2
140.92,-32.45,1998,2,"020017",10
140.92,-32.45,1998,3,"020017",0.4
140.92,-32.45,1998,4,"020017",5
140.92,-32.45,1998,5,"020017",1.8
140.92,-32.45,1998,6,"020017",4.6
140.92,-32.45,1998,7,"020017",21.4
140.92,-32.45,1998,8,"020017",8.9
140.92,-32.45,1998,9,"020017",43.6
140.92,-32.45,1998,10,"020017",6.8
140.92,-32.45,1998,11,"020017",26.8
140.92,-32.45,1998,12,"020017",4
140.92,-32.45,1999,1,"020017",1.4
140.92,-32.45,1999,2,"020017",34.2
140.92,-32.45,1999,3,"020017",16.6
140.92,-32.45,1999,4,"020017",2.4
140.92,-32.45,1999,5,"020017",7.6
140.92,-32.45,1999,6,"020017",10.5
140.92,-32.45,1999,7,"020017",34.2
140.92,-32.45,1999,8,"020017",4.2
140.92,-32.45,1999,9,"020017",8
140.92,-32.45,1999,10,"020017",58.2
140.92,-32.45,1999,11,"020017",34
140.92,-32.45,1999,12,"020017",34.8
140.92,-32.45,2000,1,"020017",7.4
140.92,-32.45,2000,2,"020017",83
140.92,-32.45,2000,3,"020017",8
140.92,-32.45,2000,4,"020017",48.5
140.92,-32.45,2000,5,"020017",12.9
140.92,-32.45,2000,6,"020017",5.2
140.92,-32.45,2000,7,"020017",21.4
140.92,-32.45,2000,8,"020017",18.5
140.92,-32.45,2000,9,"020017",15.6
140.92,-32.45,2000,10,"020017",45.8
140.92,-32.45,2000,11,"020017",18.6
140.92,-32.45,2000,12,"020017",19
140.92,-32.45,2001,1,"020017",0
140.92,-32.45,2001,2,"020017",13.4
140.92,-32.45,2001,3,"020017",2.4
140.92,-32.45,2001,4,"020017",0
140.92,-32.45,2001,5,"020017",7.2
140.92,-32.45,2001,6,"020017",30.7
140.92,-32.45,2001,7,"020017",23.8
140.92,-32.45,2001,8,"020017",7.4
140.92,-32.45,2001,9,"020017",32.7
140.92,-32.45,2001,10,"020017",31.6
140.92,-32.45,2001,11,"020017",0
140.92,-32.45,2001,12,"020017",1.8
140.92,-32.45,2002,1,"020017",3.6
140.92,-32.45,2002,2,"020017",2
140.92,-32.45,2002,3,"020017",0
140.92,-32.45,2002,4,"020017",8.2
140.92,-32.45,2002,5,"020017",17.6
140.92,-32.45,2002,6,"020017",4.6
140.92,-32.45,2002,7,"020017",4
140.92,-32.45,2002,8,"020017",2.2
140.92,-32.45,2002,9,"020017",7
140.92,-32.45,2002,10,"020017",0
140.92,-32.45,2002,11,"020017",12.2
140.92,-32.45,2002,12,"020017",30
140.92,-32.45,2003,1,"020017",0
140.92,-32.45,2003,2,"020017",19
140.92,-32.45,2003,3,"020017",0
140.92,-32.45,2003,4,"020017",0
140.92,-32.45,2003,5,"020017",29.2
140.92,-32.45,2003,6,"020017",5.6
140.92,-32.45,2003,7,"020017",15
140.92,-32.45,2003,8,"020017",34.4
140.92,-32.45,2003,9,"020017",1.6
140.92,-32.45,2003,10,"020017",35.5
140.92,-32.45,2003,11,"020017",25.8
140.92,-32.45,2003,12,"020017",16
140.92,-32.45,2004,1,"020017",5.6
140.92,-32.45,2004,2,"020017",5
140.92,-32.45,2004,3,"020017",0
140.92,-32.45,2004,4,"020017",0
140.92,-32.45,2004,5,"020017",8.2
140.92,-32.45,2004,6,"020017",26.6
140.92,-32.45,2004,7,"020017",4.9
140.92,-32.45,2004,8,"020017",45.3
140.92,-32.45,2004,9,"020017",3
140.92,-32.45,2004,10,"020017",24.8
140.92,-32.45,2004,11,"020017",17.2
140.92,-32.45,2004,12,"020017",43.2
140.92,-32.45,2005,1,"020017",22.2
140.92,-32.45,2005,2,"020017",1.1
140.92,-32.45,2005,3,"020017",3.6
140.92,-32.45,2005,4,"020017",0.8
140.92,-32.45,2005,5,"020017",5.8
140.92,-32.45,2005,6,"020017",28.6
140.92,-32.45,2005,7,"020017",36.4
140.92,-32.45,2005,8,"020017",2.6
140.92,-32.45,2005,9,"020017",45.5
140.92,-32.45,2005,10,"020017",27.8
140.92,-32.45,2005,11,"020017",26.4
140.92,-32.45,2005,12,"020017",6.2
140.92,-32.45,2006,1,"020017",2
140.92,-32.45,2006,2,"020017",13.6
140.92,-32.45,2006,3,"020017",8.7
140.92,-32.45,2006,4,"020017",19.2
140.92,-32.45,2006,5,"020017",2.8
140.92,-32.45,2006,6,"020017",18.2
140.92,-32.45,2006,7,"020017",28
140.92,-32.45,2006,8,"020017",0
140.92,-32.45,2006,9,"020017",3.4
140.92,-32.45,2006,10,"020017",0
140.92,-32.45,2006,11,"020017",8.2
140.92,-32.45,2006,12,"020017",8.4
140.92,-32.45,2007,1,"020017",38.2
140.92,-32.45,2007,2,"020017",7
140.92,-32.45,2007,3,"020017",21
140.92,-32.45,2007,4,"020017",17.8
140.92,-32.45,2007,5,"020017",61.8
140.92,-32.45,2007,6,"020017",8.2
140.92,-32.45,2007,7,"020017",2.6
140.92,-32.45,2007,8,"020017",0
140.92,-32.45,2007,9,"020017",0
140.92,-32.45,2007,10,"020017",13.9
140.92,-32.45,2007,11,"020017",56.6
140.92,-32.45,2007,12,"020017",5.3
140.92,-32.45,2008,1,"020017",2
140.92,-32.45,2008,2,"020017",0
140.92,-32.45,2008,3,"020017",2.7
140.92,-32.45,2008,4,"020017",4.2
140.92,-32.45,2008,5,"020017",6.8
140.92,-32.45,2008,6,"020017",55.6
140.92,-32.45,2008,7,"020017",5.4
140.92,-32.45,2008,8,"020017",12.6
140.92,-32.45,2008,9,"020017",13.8
140.92,-32.45,2008,10,"020017",9.6
140.92,-32.45,2008,11,"020017",NA
140.92,-32.45,2008,12,"020017",17.2
140.92,-32.45,2009,1,"020017",1.2
140.92,-32.45,2009,2,"020017",3
140.92,-32.45,2009,3,"020017",6.2
140.92,-32.45,2009,4,"020017",11.8
140.92,-32.45,2009,5,"020017",6.2
140.92,-32.45,2009,6,"020017",15.4
140.92,-32.45,2009,7,"020017",22
140.92,-32.45,2009,8,"020017",6.4
140.92,-32.45,2009,9,"020017",9
140.92,-32.45,2009,10,"020017",4
140.92,-32.45,2009,11,"020017",71.8
140.92,-32.45,2009,12,"020017",3.6
140.92,-32.45,2010,1,"020017",6
140.92,-32.45,2010,2,"020017",54.3
140.92,-32.45,2010,3,"020017",70
140.92,-32.45,2010,4,"020017",15.4
140.92,-32.45,2010,5,"020017",30
140.92,-32.45,2010,6,"020017",18.4
140.92,-32.45,2010,7,"020017",8.6
140.92,-32.45,2010,8,"020017",14
140.92,-32.45,2010,9,"020017",41.4
140.92,-32.45,2010,10,"020017",88.6
140.92,-32.45,2010,11,"020017",66.8
140.92,-32.45,2010,12,"020017",41
140.92,-32.45,2011,1,"020017",248.6
140.92,-32.45,2011,2,"020017",70.8
140.92,-32.45,2011,3,"020017",43.6
140.92,-32.45,2011,4,"020017",8.4
140.92,-32.45,2011,5,"020017",13.8
140.92,-32.45,2011,6,"020017",1.8
140.92,-32.45,2011,7,"020017",15.8
140.92,-32.45,2011,8,"020017",15
140.92,-32.45,2011,9,"020017",0
140.92,-32.45,2011,10,"020017",32.8
140.92,-32.45,2011,11,"020017",53.2
140.92,-32.45,2011,12,"020017",34.4
140.92,-32.45,2012,1,"020017",94.4
140.92,-32.45,2012,2,"020017",35
140.92,-32.45,2012,3,"020017",69
140.92,-32.45,2012,4,"020017",4
140.92,-32.45,2012,5,"020017",0
140.92,-32.45,2012,6,"020017",4.4
140.92,-32.45,2012,7,"020017",24.8
140.92,-32.45,2012,8,"020017",1.2
140.92,-32.45,2012,9,"020017",0
140.92,-32.45,2012,10,"020017",2.2
140.92,-32.45,2012,11,"020017",11
140.92,-32.45,2012,12,"020017",16
140.92,-32.45,2013,1,"020017",0
140.92,-32.45,2013,2,"020017",27.6
140.92,-32.45,2013,3,"020017",11.4
140.92,-32.45,2013,4,"020017",7
140.92,-32.45,2013,5,"020017",14.8
140.92,-32.45,2013,6,"020017",26.4
140.92,-32.45,2013,7,"020017",17.6
140.92,-32.45,2013,8,"020017",2.4
140.92,-32.45,2013,9,"020017",5
140.92,-32.45,2013,10,"020017",7.8
140.92,-32.45,2013,11,"020017",4.2
140.92,-32.45,2013,12,"020017",19.6
140.92,-32.45,2014,1,"020017",4.4
140.92,-32.45,2014,2,"020017",58.4
140.92,-32.45,2014,3,"020017",11.2
140.92,-32.45,2014,4,"020017",36.6
140.92,-32.45,2014,5,"020017",32.6
140.92,-32.45,2014,6,"020017",16
140.92,-32.45,2014,7,"020017",6
140.92,-32.45,2014,8,"020017",20.6
140.92,-32.45,2014,9,"020017",13.8
140.92,-32.45,2014,10,"020017",0
140.92,-32.45,2014,11,"020017",10.2
140.92,-32.45,2014,12,"020017",8.4
140.92,-32.45,2015,1,"020017",89.4
140.92,-32.45,2015,2,"020017",0
140.92,-32.45,2015,3,"020017",0
140.92,-32.45,2015,4,"020017",31.8
140.92,-32.45,2015,5,"020017",1.8
140.92,-32.45,2015,6,"020017",22.4
140.92,-32.45,2015,7,"020017",9.2
140.92,-32.45,2015,8,"020017",30.8
140.92,-32.45,2015,9,"020017",10
140.92,-32.45,2015,10,"020017",2.8
140.92,-32.45,2015,11,"020017",25.8
140.92,-32.45,2015,12,"020017",0
140.92,-32.45,2016,1,"020017",24.6
140.92,-32.45,2016,2,"020017",0
140.92,-32.45,2016,3,"020017",34.8
140.92,-32.45,2016,4,"020017",4.2
140.92,-32.45,2016,5,"020017",33.6
140.92,-32.45,2016,6,"020017",32.8
140.92,-32.45,2016,7,"020017",22.4
140.92,-32.45,2016,8,"020017",34.6
140.92,-32.45,2016,9,"020017",119
140.92,-32.45,2016,10,"020017",13.4
140.92,-32.45,2016,11,"020017",4.6
140.92,-32.45,2016,12,"020017",25.6
140.92,-32.45,2017,1,"020017",20.2
140.92,-32.45,2017,2,"020017",0
140.92,-32.45,2017,3,"020017",0
140.92,-32.45,2017,4,"020017",27.8
140.92,-32.45,2017,5,"020017",5.4
140.92,-32.45,2017,6,"020017",0
140.92,-32.45,2017,7,"020017",1
140.92,-32.45,2017,8,"020017",13.4
140.92,-32.45,2017,9,"020017",0
140.92,-32.45,2017,10,"020017",22
140.92,-32.45,2017,11,"020017",23.2
140.92,-32.45,2017,12,"020017",58.8
140.92,-32.45,2018,1,"020017",17.6
140.92,-32.45,2018,2,"020017",0
140.92,-32.45,2018,3,"020017",0
140.92,-32.45,2018,4,"020017",2
140.92,-32.45,2018,5,"020017",0
140.92,-32.45,2018,6,"020017",10
140.92,-32.45,2018,7,"020017",5.4
140.92,-32.45,2018,8,"020017",10.4
140.92,-32.45,2018,9,"020017",0
140.92,-32.45,2018,10,"020017",11.2
140.92,-32.45,2018,11,"020017",12.2
140.92,-32.45,2018,12,"020017",2.8
140.92,-32.45,2019,1,"020017",3.2
140.92,-32.45,2019,2,"020017",0
140.92,-32.45,2019,3,"020017",9.4
140.92,-32.45,2019,4,"020017",0
140.92,-32.45,2019,5,"020017",4.6
140.92,-32.45,2019,6,"020017",7.4
140.92,-32.45,2019,7,"020017",0.6
140.92,-32.45,2019,8,"020017",0.4
140.92,-32.45,2019,9,"020017",3
140.92,-32.45,2019,10,"020017",0.6
140.92,-32.45,2019,11,"020017",5.4
140.92,-32.45,2019,12,"020017",0
140.92,-32.45,2020,1,"020017",0
140.92,-32.45,2020,2,"020017",13.2
140.92,-32.45,2020,3,"020017",13.8
140.92,-32.45,2020,4,"020017",37.4
140.92,-32.45,2020,5,"020017",12.4
140.92,-32.45,2020,6,"020017",3.2
140.92,-32.45,2020,7,"020017",0
140.92,-32.45,2020,8,"020017",33.6
140.92,-32.45,2020,9,"020017",59.6
140.92,-32.45,2020,10,"020017",52.8
140.92,-32.45,2020,11,"020017",NA
140.92,-32.45,2020,12,"020017",NA
140.92,-32.45,2021,1,"020017",37.4
140.92,-32.45,2021,2,"020017",0.2
140.92,-32.45,2021,3,"020017",3.8
140.92,-32.45,2021,4,"020017",0
140.92,-32.45,2021,5,"020017",5.4
140.92,-32.45,2021,6,"020017",27.8
140.92,-32.45,2021,7,"020017",NA
140.92,-32.45,2021,8,"020017",7.6
140.92,-32.45,2021,9,"020017",22
140.92,-32.45,2021,10,"020017",24
140.92,-32.45,2021,11,"020017",101
140.92,-32.45,2021,12,"020017",5.6
140.92,-32.45,2022,1,"020017",19.6
140.92,-32.45,2022,2,"020017",2.4
140.92,-32.45,2022,3,"020017",NA
140.92,-32.45,2022,4,"020017",NA
140.92,-32.45,2022,5,"020017",NA
140.92,-32.45,2022,6,"020017",NA
140.92,-32.45,2022,7,"020017",NA
140.92,-32.45,2022,8,"020017",NA
140.92,-32.45,2022,9,"020017",NA
140.92,-32.45,2022,10,"020017",NA
140.92,-32.45,2022,11,"020017",NA
140.92,-32.45,2022,12,"020017",NA
