"Lon","Lat","Year","Month","Station","Rain"
153.03,-28.06,1934,1,"040407",135.6
153.03,-28.06,1934,2,"040407",183.4
153.03,-28.06,1934,3,"040407",0
153.03,-28.06,1934,4,"040407",155.2
153.03,-28.06,1934,5,"040407",43.4
153.03,-28.06,1934,6,"040407",20.1
153.03,-28.06,1934,7,"040407",111.8
153.03,-28.06,1934,8,"040407",27.2
153.03,-28.06,1934,9,"040407",30.2
153.03,-28.06,1934,10,"040407",82.6
153.03,-28.06,1934,11,"040407",36.3
153.03,-28.06,1934,12,"040407",160.3
153.03,-28.06,1935,1,"040407",122.9
153.03,-28.06,1935,2,"040407",146.6
153.03,-28.06,1935,3,"040407",66.5
153.03,-28.06,1935,4,"040407",41.7
153.03,-28.06,1935,5,"040407",21.6
153.03,-28.06,1935,6,"040407",0
153.03,-28.06,1935,7,"040407",37.1
153.03,-28.06,1935,8,"040407",7.6
153.03,-28.06,1935,9,"040407",76.5
153.03,-28.06,1935,10,"040407",112.3
153.03,-28.06,1935,11,"040407",112.3
153.03,-28.06,1935,12,"040407",179.3
153.03,-28.06,1940,1,"040407",90.9
153.03,-28.06,1940,2,"040407",136.7
153.03,-28.06,1940,3,"040407",108.5
153.03,-28.06,1940,4,"040407",9.4
153.03,-28.06,1940,5,"040407",18.5
153.03,-28.06,1940,6,"040407",27.4
153.03,-28.06,1940,7,"040407",0
153.03,-28.06,1940,8,"040407",9.7
153.03,-28.06,1940,9,"040407",44.7
153.03,-28.06,1940,10,"040407",33.8
153.03,-28.06,1940,11,"040407",52.3
153.03,-28.06,1940,12,"040407",147.8
153.03,-28.06,1941,1,"040407",249.2
153.03,-28.06,1941,2,"040407",55.9
153.03,-28.06,1941,3,"040407",131.6
153.03,-28.06,1941,4,"040407",16
153.03,-28.06,1941,5,"040407",33
153.03,-28.06,1941,6,"040407",25.4
153.03,-28.06,1941,7,"040407",0
153.03,-28.06,1941,8,"040407",2.5
153.03,-28.06,1941,9,"040407",14
153.03,-28.06,1941,10,"040407",5.6
153.03,-28.06,1941,11,"040407",19.6
153.03,-28.06,1941,12,"040407",77.5
153.03,-28.06,1943,1,"040407",128.3
153.03,-28.06,1943,2,"040407",59.7
153.03,-28.06,1943,3,"040407",12.2
153.03,-28.06,1943,4,"040407",16
153.03,-28.06,1943,5,"040407",25.1
153.03,-28.06,1943,6,"040407",27.2
153.03,-28.06,1943,7,"040407",0
153.03,-28.06,1943,8,"040407",22.6
153.03,-28.06,1943,9,"040407",54.4
153.03,-28.06,1943,10,"040407",137.7
153.03,-28.06,1943,11,"040407",138.7
153.03,-28.06,1943,12,"040407",249.4
153.03,-28.06,1947,1,"040407",426.2
153.03,-28.06,1947,2,"040407",142.7
153.03,-28.06,1947,3,"040407",253
153.03,-28.06,1947,4,"040407",16
153.03,-28.06,1947,5,"040407",28.4
153.03,-28.06,1947,6,"040407",15.2
153.03,-28.06,1947,7,"040407",5.1
153.03,-28.06,1947,8,"040407",0
153.03,-28.06,1947,9,"040407",79.2
153.03,-28.06,1947,10,"040407",21.6
153.03,-28.06,1947,11,"040407",117.3
153.03,-28.06,1947,12,"040407",262.4
153.03,-28.06,1948,1,"040407",100.3
153.03,-28.06,1948,2,"040407",48.3
153.03,-28.06,1948,3,"040407",79.5
153.03,-28.06,1948,4,"040407",55.6
153.03,-28.06,1948,5,"040407",157.7
153.03,-28.06,1948,6,"040407",230.6
153.03,-28.06,1948,7,"040407",26.4
153.03,-28.06,1948,8,"040407",5.8
153.03,-28.06,1948,9,"040407",82.3
153.03,-28.06,1948,10,"040407",0
153.03,-28.06,1948,11,"040407",40.6
153.03,-28.06,1948,12,"040407",80
153.03,-28.06,1949,1,"040407",79.5
153.03,-28.06,1949,2,"040407",0
153.03,-28.06,1949,3,"040407",178.3
153.03,-28.06,1949,4,"040407",0
153.03,-28.06,1949,5,"040407",22.1
153.03,-28.06,1949,6,"040407",91.4
153.03,-28.06,1949,7,"040407",24.9
153.03,-28.06,1949,8,"040407",5.1
153.03,-28.06,1949,9,"040407",31.5
153.03,-28.06,1949,10,"040407",281.9
153.03,-28.06,1949,11,"040407",86.1
153.03,-28.06,1949,12,"040407",130.3
153.03,-28.06,1951,1,"040407",282.2
153.03,-28.06,1951,2,"040407",40.4
153.03,-28.06,1951,3,"040407",77.5
153.03,-28.06,1951,4,"040407",37.3
153.03,-28.06,1951,5,"040407",8.9
153.03,-28.06,1951,6,"040407",115.3
153.03,-28.06,1951,7,"040407",0
153.03,-28.06,1951,8,"040407",4.6
153.03,-28.06,1951,9,"040407",31
153.03,-28.06,1951,10,"040407",33.3
153.03,-28.06,1951,11,"040407",20.8
153.03,-28.06,1951,12,"040407",100.3
153.03,-28.06,1953,1,"040407",203.2
153.03,-28.06,1953,2,"040407",148.8
153.03,-28.06,1953,3,"040407",288.8
153.03,-28.06,1953,4,"040407",12.4
153.03,-28.06,1953,5,"040407",30.5
153.03,-28.06,1953,6,"040407",0
153.03,-28.06,1953,7,"040407",0
153.03,-28.06,1953,8,"040407",46.2
153.03,-28.06,1953,9,"040407",19.1
153.03,-28.06,1953,10,"040407",79.2
153.03,-28.06,1953,11,"040407",49
153.03,-28.06,1953,12,"040407",96.8
153.03,-28.06,1957,1,"040407",93.2
153.03,-28.06,1957,2,"040407",63.5
153.03,-28.06,1957,3,"040407",49.3
153.03,-28.06,1957,4,"040407",37.8
153.03,-28.06,1957,5,"040407",2.5
153.03,-28.06,1957,6,"040407",36.8
153.03,-28.06,1957,7,"040407",64
153.03,-28.06,1957,8,"040407",30
153.03,-28.06,1957,9,"040407",10.2
153.03,-28.06,1957,10,"040407",0
153.03,-28.06,1957,11,"040407",18.8
153.03,-28.06,1957,12,"040407",41.1
153.03,-28.06,1958,1,"040407",41.4
153.03,-28.06,1958,2,"040407",154.4
153.03,-28.06,1958,3,"040407",99.6
153.03,-28.06,1958,4,"040407",0
153.03,-28.06,1958,5,"040407",0
153.03,-28.06,1958,6,"040407",144.8
153.03,-28.06,1958,7,"040407",11.4
153.03,-28.06,1958,8,"040407",41.4
153.03,-28.06,1958,9,"040407",50.8
153.03,-28.06,1958,10,"040407",30.7
153.03,-28.06,1958,11,"040407",26.7
153.03,-28.06,1958,12,"040407",110
153.03,-28.06,1959,1,"040407",176
153.03,-28.06,1959,2,"040407",101.1
153.03,-28.06,1959,3,"040407",139.2
153.03,-28.06,1959,4,"040407",18
153.03,-28.06,1959,5,"040407",21.4
153.03,-28.06,1959,6,"040407",6.9
153.03,-28.06,1959,7,"040407",50.3
153.03,-28.06,1959,8,"040407",7.9
153.03,-28.06,1959,9,"040407",80.1
153.03,-28.06,1959,10,"040407",161.9
153.03,-28.06,1959,11,"040407",206.3
153.03,-28.06,1959,12,"040407",144
153.03,-28.06,1960,1,"040407",46.5
153.03,-28.06,1960,2,"040407",92.7
153.03,-28.06,1960,3,"040407",13
153.03,-28.06,1960,4,"040407",23.5
153.03,-28.06,1960,5,"040407",24.6
153.03,-28.06,1960,6,"040407",27.7
153.03,-28.06,1960,7,"040407",27.5
153.03,-28.06,1960,8,"040407",16
153.03,-28.06,1960,9,"040407",2.8
153.03,-28.06,1960,10,"040407",54.7
153.03,-28.06,1960,11,"040407",130.8
153.03,-28.06,1960,12,"040407",129.3
153.03,-28.06,1961,1,"040407",37.4
153.03,-28.06,1961,2,"040407",155.9
153.03,-28.06,1961,3,"040407",38.8
153.03,-28.06,1961,4,"040407",59.2
153.03,-28.06,1961,5,"040407",41.1
153.03,-28.06,1961,6,"040407",37.1
153.03,-28.06,1961,7,"040407",62.2
153.03,-28.06,1961,8,"040407",33.1
153.03,-28.06,1961,9,"040407",35.8
153.03,-28.06,1961,10,"040407",177.2
153.03,-28.06,1961,11,"040407",246.2
153.03,-28.06,1961,12,"040407",239
153.03,-28.06,1962,1,"040407",81.5
153.03,-28.06,1962,2,"040407",22.9
153.03,-28.06,1962,3,"040407",130.4
153.03,-28.06,1962,4,"040407",25.7
153.03,-28.06,1962,5,"040407",14
153.03,-28.06,1962,6,"040407",0
153.03,-28.06,1962,7,"040407",116.6
153.03,-28.06,1962,8,"040407",48.3
153.03,-28.06,1962,9,"040407",45
153.03,-28.06,1962,10,"040407",10.2
153.03,-28.06,1962,11,"040407",17.5
153.03,-28.06,1962,12,"040407",264.9
153.03,-28.06,1963,1,"040407",66.3
153.03,-28.06,1963,2,"040407",55.8
153.03,-28.06,1963,3,"040407",268.4
153.03,-28.06,1963,4,"040407",37.1
153.03,-28.06,1963,5,"040407",260.1
153.03,-28.06,1963,6,"040407",0
153.03,-28.06,1963,7,"040407",0
153.03,-28.06,1963,8,"040407",62.3
153.03,-28.06,1963,9,"040407",18
153.03,-28.06,1963,10,"040407",59.9
153.03,-28.06,1963,11,"040407",118.6
153.03,-28.06,1963,12,"040407",175.2
153.03,-28.06,1964,1,"040407",96.6
153.03,-28.06,1964,2,"040407",101.7
153.03,-28.06,1964,3,"040407",128.9
153.03,-28.06,1964,4,"040407",78.5
153.03,-28.06,1964,5,"040407",78
153.03,-28.06,1964,6,"040407",3
153.03,-28.06,1964,7,"040407",39.9
153.03,-28.06,1964,8,"040407",25.9
153.03,-28.06,1964,9,"040407",82.3
153.03,-28.06,1964,10,"040407",69.9
153.03,-28.06,1964,11,"040407",46.7
153.03,-28.06,1964,12,"040407",79.1
153.03,-28.06,1965,1,"040407",92.3
153.03,-28.06,1965,2,"040407",17.8
153.03,-28.06,1965,3,"040407",0
153.03,-28.06,1965,4,"040407",40.1
153.03,-28.06,1965,5,"040407",5.6
153.03,-28.06,1965,6,"040407",48
153.03,-28.06,1965,7,"040407",179.4
153.03,-28.06,1965,8,"040407",43.1
153.03,-28.06,1965,9,"040407",53
153.03,-28.06,1965,10,"040407",57
153.03,-28.06,1965,11,"040407",8.6
153.03,-28.06,1965,12,"040407",113.4
153.03,-28.06,1966,1,"040407",6.4
153.03,-28.06,1966,2,"040407",106.3
153.03,-28.06,1966,3,"040407",129.3
153.03,-28.06,1966,4,"040407",52.9
153.03,-28.06,1966,5,"040407",7.1
153.03,-28.06,1966,6,"040407",123
153.03,-28.06,1966,7,"040407",0
153.03,-28.06,1966,8,"040407",132
153.03,-28.06,1966,9,"040407",49.9
153.03,-28.06,1966,10,"040407",56.6
153.03,-28.06,1966,11,"040407",87.6
153.03,-28.06,1966,12,"040407",66.1
153.03,-28.06,1967,1,"040407",49.8
153.03,-28.06,1967,2,"040407",108
153.03,-28.06,1967,3,"040407",128.9
153.03,-28.06,1967,4,"040407",25.7
153.03,-28.06,1967,5,"040407",51.3
153.03,-28.06,1967,6,"040407",352.4
153.03,-28.06,1967,7,"040407",16.7
153.03,-28.06,1967,8,"040407",35.8
153.03,-28.06,1967,9,"040407",10.5
153.03,-28.06,1967,10,"040407",100.7
153.03,-28.06,1967,11,"040407",21.7
153.03,-28.06,1967,12,"040407",107.1
153.03,-28.06,1968,1,"040407",183.7
153.03,-28.06,1968,2,"040407",45
153.03,-28.06,1968,3,"040407",63
153.03,-28.06,1968,4,"040407",50.6
153.03,-28.06,1968,5,"040407",53.6
153.03,-28.06,1968,6,"040407",2.5
153.03,-28.06,1968,7,"040407",77.7
153.03,-28.06,1968,8,"040407",72.1
153.03,-28.06,1968,9,"040407",24.4
153.03,-28.06,1968,10,"040407",17.8
153.03,-28.06,1968,11,"040407",35
153.03,-28.06,1968,12,"040407",163.3
153.03,-28.06,1969,1,"040407",40.1
153.03,-28.06,1969,2,"040407",32.5
153.03,-28.06,1969,3,"040407",29.5
153.03,-28.06,1969,4,"040407",15.7
153.03,-28.06,1969,5,"040407",168.8
153.03,-28.06,1969,6,"040407",19.6
153.03,-28.06,1969,7,"040407",23.9
153.03,-28.06,1969,8,"040407",106.2
153.03,-28.06,1969,9,"040407",33.4
153.03,-28.06,1969,10,"040407",151
153.03,-28.06,1969,11,"040407",116.3
153.03,-28.06,1969,12,"040407",134.1
153.03,-28.06,1970,1,"040407",244.4
153.03,-28.06,1970,2,"040407",117
153.03,-28.06,1970,3,"040407",116.1
153.03,-28.06,1970,4,"040407",16.3
153.03,-28.06,1970,5,"040407",10.9
153.03,-28.06,1970,6,"040407",11.4
153.03,-28.06,1970,7,"040407",19.5
153.03,-28.06,1970,8,"040407",7.6
153.03,-28.06,1970,9,"040407",86.4
153.03,-28.06,1970,10,"040407",88.9
153.03,-28.06,1970,11,"040407",113.4
153.03,-28.06,1970,12,"040407",257.8
153.03,-28.06,1971,1,"040407",276.1
153.03,-28.06,1971,2,"040407",389.6
153.03,-28.06,1971,3,"040407",57.7
153.03,-28.06,1971,4,"040407",13.2
153.03,-28.06,1971,5,"040407",22.1
153.03,-28.06,1971,6,"040407",0
153.03,-28.06,1971,7,"040407",43.5
153.03,-28.06,1971,8,"040407",60.7
153.03,-28.06,1971,9,"040407",37.9
153.03,-28.06,1971,10,"040407",34.3
153.03,-28.06,1971,11,"040407",53.9
153.03,-28.06,1971,12,"040407",102.5
153.03,-28.06,1972,1,"040407",200.4
153.03,-28.06,1972,2,"040407",92
153.03,-28.06,1972,3,"040407",59.5
153.03,-28.06,1972,4,"040407",81.5
153.03,-28.06,1972,5,"040407",53
153.03,-28.06,1972,6,"040407",25.7
153.03,-28.06,1972,7,"040407",8.6
153.03,-28.06,1972,8,"040407",24.8
153.03,-28.06,1972,9,"040407",17
153.03,-28.06,1972,10,"040407",346.1
153.03,-28.06,1972,11,"040407",99.3
153.03,-28.06,1972,12,"040407",83.7
153.03,-28.06,1973,1,"040407",142.4
153.03,-28.06,1973,2,"040407",295.8
153.03,-28.06,1973,3,"040407",39
153.03,-28.06,1973,4,"040407",9.4
153.03,-28.06,1973,5,"040407",34.6
153.03,-28.06,1973,6,"040407",19.2
153.03,-28.06,1973,7,"040407",176.8
153.03,-28.06,1973,8,"040407",44.2
153.03,-28.06,1973,9,"040407",31.6
153.03,-28.06,1973,10,"040407",52.9
153.03,-28.06,1973,11,"040407",137.7
153.03,-28.06,1973,12,"040407",96.1
153.03,-28.06,1974,1,"040407",439.3
153.03,-28.06,1974,2,"040407",55.7
153.03,-28.06,1974,3,"040407",342.3
153.03,-28.06,1974,4,"040407",129.7
153.03,-28.06,1974,5,"040407",26.9
153.03,-28.06,1974,6,"040407",71
153.03,-28.06,1974,7,"040407",6.2
153.03,-28.06,1974,8,"040407",69.3
153.03,-28.06,1974,9,"040407",29.2
153.03,-28.06,1974,10,"040407",52.1
153.03,-28.06,1974,11,"040407",172.6
153.03,-28.06,1974,12,"040407",45
153.03,-28.06,1975,1,"040407",105.2
153.03,-28.06,1975,2,"040407",246.4
153.03,-28.06,1975,3,"040407",136.2
153.03,-28.06,1975,4,"040407",49.2
153.03,-28.06,1975,5,"040407",0
153.03,-28.06,1975,6,"040407",43.4
153.03,-28.06,1975,7,"040407",46.2
153.03,-28.06,1975,8,"040407",8.4
153.03,-28.06,1975,9,"040407",69
153.03,-28.06,1975,10,"040407",86
153.03,-28.06,1975,11,"040407",97.2
153.03,-28.06,1975,12,"040407",139.4
153.03,-28.06,1976,1,"040407",99.6
153.03,-28.06,1976,2,"040407",62
153.03,-28.06,1976,3,"040407",91.4
153.03,-28.06,1976,4,"040407",24
153.03,-28.06,1976,5,"040407",48.6
153.03,-28.06,1976,6,"040407",25.8
153.03,-28.06,1976,7,"040407",70.8
153.03,-28.06,1976,8,"040407",10.2
153.03,-28.06,1976,9,"040407",57.6
153.03,-28.06,1976,10,"040407",38.6
153.03,-28.06,1976,11,"040407",144.8
153.03,-28.06,1976,12,"040407",81
153.03,-28.06,1977,1,"040407",21.6
153.03,-28.06,1977,2,"040407",108.8
153.03,-28.06,1977,3,"040407",117.8
153.03,-28.06,1977,4,"040407",107.8
153.03,-28.06,1977,5,"040407",121.6
153.03,-28.06,1977,6,"040407",14.6
153.03,-28.06,1977,7,"040407",0
153.03,-28.06,1977,8,"040407",17.2
153.03,-28.06,1977,9,"040407",4.2
153.03,-28.06,1977,10,"040407",36.6
153.03,-28.06,1977,11,"040407",61.8
153.03,-28.06,1977,12,"040407",41.4
153.03,-28.06,1978,1,"040407",77.8
153.03,-28.06,1978,2,"040407",49.8
153.03,-28.06,1978,3,"040407",197.7
153.03,-28.06,1978,4,"040407",64.4
153.03,-28.06,1978,5,"040407",69.8
153.03,-28.06,1978,6,"040407",13.6
153.03,-28.06,1978,7,"040407",49
153.03,-28.06,1978,8,"040407",33
153.03,-28.06,1978,9,"040407",120.2
153.03,-28.06,1978,10,"040407",26.4
153.03,-28.06,1978,11,"040407",100.4
153.03,-28.06,1978,12,"040407",268.6
153.03,-28.06,1979,1,"040407",158.4
153.03,-28.06,1979,2,"040407",66.2
153.03,-28.06,1979,3,"040407",83.6
153.03,-28.06,1979,4,"040407",54
153.03,-28.06,1979,5,"040407",8.6
153.03,-28.06,1979,6,"040407",104.1
153.03,-28.06,1979,7,"040407",33.8
153.03,-28.06,1979,8,"040407",3
153.03,-28.06,1979,9,"040407",4
153.03,-28.06,1979,10,"040407",40.4
153.03,-28.06,1979,11,"040407",164
153.03,-28.06,1979,12,"040407",207.9
153.03,-28.06,1980,1,"040407",62.6
153.03,-28.06,1980,2,"040407",116.6
153.03,-28.06,1980,3,"040407",9.8
153.03,-28.06,1980,4,"040407",5.4
153.03,-28.06,1980,5,"040407",354.6
153.03,-28.06,1980,6,"040407",8.4
153.03,-28.06,1980,7,"040407",31.6
153.03,-28.06,1980,8,"040407",20.6
153.03,-28.06,1980,9,"040407",0
153.03,-28.06,1980,10,"040407",52.8
153.03,-28.06,1980,11,"040407",48
153.03,-28.06,1980,12,"040407",101.2
153.03,-28.06,1981,1,"040407",52.4
153.03,-28.06,1981,2,"040407",263.8
153.03,-28.06,1981,3,"040407",7.6
153.03,-28.06,1981,4,"040407",93
153.03,-28.06,1981,5,"040407",60
153.03,-28.06,1981,6,"040407",31.6
153.03,-28.06,1981,7,"040407",44.8
153.03,-28.06,1981,8,"040407",32.4
153.03,-28.06,1981,9,"040407",0
153.03,-28.06,1981,10,"040407",38.4
153.03,-28.06,1981,11,"040407",192.5
153.03,-28.06,1981,12,"040407",122.2
153.03,-28.06,1982,1,"040407",204.4
153.03,-28.06,1982,2,"040407",80.4
153.03,-28.06,1982,3,"040407",114.2
153.03,-28.06,1982,4,"040407",27.2
153.03,-28.06,1982,5,"040407",62
153.03,-28.06,1982,6,"040407",13.2
153.03,-28.06,1982,7,"040407",6.6
153.03,-28.06,1982,8,"040407",2.6
153.03,-28.06,1982,9,"040407",98
153.03,-28.06,1982,10,"040407",107.8
153.03,-28.06,1982,11,"040407",17
153.03,-28.06,1982,12,"040407",128.6
153.03,-28.06,1983,1,"040407",49.4
153.03,-28.06,1983,2,"040407",36.8
153.03,-28.06,1983,3,"040407",95.3
153.03,-28.06,1983,4,"040407",87.8
153.03,-28.06,1983,5,"040407",176.4
153.03,-28.06,1983,6,"040407",116.4
153.03,-28.06,1983,7,"040407",60
153.03,-28.06,1983,8,"040407",74.2
153.03,-28.06,1983,9,"040407",23
153.03,-28.06,1983,10,"040407",114.6
153.03,-28.06,1983,11,"040407",217.4
153.03,-28.06,1983,12,"040407",118.6
153.03,-28.06,1984,1,"040407",99.8
153.03,-28.06,1984,2,"040407",61.6
153.03,-28.06,1984,3,"040407",16
153.03,-28.06,1984,4,"040407",103.6
153.03,-28.06,1984,5,"040407",15.2
153.03,-28.06,1984,6,"040407",74.6
153.03,-28.06,1984,7,"040407",101.3
153.03,-28.06,1984,8,"040407",46
153.03,-28.06,1984,9,"040407",35.2
153.03,-28.06,1984,10,"040407",59.2
153.03,-28.06,1984,11,"040407",92
153.03,-28.06,1984,12,"040407",25.4
153.03,-28.06,1985,1,"040407",95
153.03,-28.06,1985,2,"040407",119
153.03,-28.06,1985,3,"040407",109.4
153.03,-28.06,1985,4,"040407",57
153.03,-28.06,1985,5,"040407",57.4
153.03,-28.06,1985,6,"040407",34.4
153.03,-28.06,1985,7,"040407",54.2
153.03,-28.06,1985,8,"040407",33.2
153.03,-28.06,1985,9,"040407",39.9
153.03,-28.06,1985,10,"040407",85.6
153.03,-28.06,1985,11,"040407",36.2
153.03,-28.06,1985,12,"040407",71
153.03,-28.06,1986,1,"040407",100.2
153.03,-28.06,1986,2,"040407",53.4
153.03,-28.06,1986,3,"040407",30.4
153.03,-28.06,1986,4,"040407",0
153.03,-28.06,1986,5,"040407",61.2
153.03,-28.06,1986,6,"040407",6
153.03,-28.06,1986,7,"040407",42.2
153.03,-28.06,1986,8,"040407",69.8
153.03,-28.06,1986,9,"040407",20.4
153.03,-28.06,1986,10,"040407",170.8
153.03,-28.06,1986,11,"040407",123.6
153.03,-28.06,1986,12,"040407",71
153.03,-28.06,1987,1,"040407",116.4
153.03,-28.06,1987,2,"040407",6.8
153.03,-28.06,1987,3,"040407",111.2
153.03,-28.06,1987,4,"040407",16.3
153.03,-28.06,1987,5,"040407",106.6
153.03,-28.06,1987,6,"040407",27
153.03,-28.06,1987,7,"040407",33
153.03,-28.06,1987,8,"040407",46.4
153.03,-28.06,1987,9,"040407",7.2
153.03,-28.06,1987,10,"040407",104.8
153.03,-28.06,1987,11,"040407",88.4
153.03,-28.06,1987,12,"040407",184.4
153.03,-28.06,1988,1,"040407",86.8
153.03,-28.06,1988,2,"040407",35
153.03,-28.06,1988,3,"040407",60.8
153.03,-28.06,1988,4,"040407",312
153.03,-28.06,1988,5,"040407",0
153.03,-28.06,1988,6,"040407",165.6
153.03,-28.06,1988,7,"040407",138.4
153.03,-28.06,1988,8,"040407",84
153.03,-28.06,1988,9,"040407",66
153.03,-28.06,1988,10,"040407",23
153.03,-28.06,1988,11,"040407",22.4
153.03,-28.06,1988,12,"040407",264.6
153.03,-28.06,1989,1,"040407",79.6
153.03,-28.06,1989,2,"040407",86.6
153.03,-28.06,1989,3,"040407",111
153.03,-28.06,1989,4,"040407",504.2
153.03,-28.06,1989,5,"040407",119.4
153.03,-28.06,1989,6,"040407",8.9
153.03,-28.06,1989,7,"040407",63.2
153.03,-28.06,1989,8,"040407",51.6
153.03,-28.06,1989,9,"040407",9.2
153.03,-28.06,1989,10,"040407",64
153.03,-28.06,1989,11,"040407",189
153.03,-28.06,1989,12,"040407",116.6
153.03,-28.06,1990,1,"040407",142.4
153.03,-28.06,1990,2,"040407",146.4
153.03,-28.06,1990,3,"040407",121.2
153.03,-28.06,1990,4,"040407",298.6
153.03,-28.06,1990,5,"040407",123
153.03,-28.06,1990,6,"040407",13.2
153.03,-28.06,1990,7,"040407",15
153.03,-28.06,1990,8,"040407",2.2
153.03,-28.06,1990,9,"040407",23.2
153.03,-28.06,1990,10,"040407",39.4
153.03,-28.06,1990,11,"040407",38.4
153.03,-28.06,1990,12,"040407",45.8
153.03,-28.06,1991,1,"040407",144.8
153.03,-28.06,1991,2,"040407",199
153.03,-28.06,1991,3,"040407",4
153.03,-28.06,1991,4,"040407",0
153.03,-28.06,1991,5,"040407",40
153.03,-28.06,1991,6,"040407",16.4
153.03,-28.06,1991,7,"040407",52.2
153.03,-28.06,1991,8,"040407",0
153.03,-28.06,1991,9,"040407",9
153.03,-28.06,1991,10,"040407",19.1
153.03,-28.06,1991,11,"040407",78.2
153.03,-28.06,1991,12,"040407",234
153.03,-28.06,1992,1,"040407",98
153.03,-28.06,1992,2,"040407",196.1
153.03,-28.06,1992,3,"040407",94.3
153.03,-28.06,1992,4,"040407",52.6
153.03,-28.06,1992,5,"040407",96.2
153.03,-28.06,1992,6,"040407",17.2
153.03,-28.06,1992,7,"040407",53
153.03,-28.06,1992,8,"040407",17
153.03,-28.06,1992,9,"040407",16.2
153.03,-28.06,1992,10,"040407",7
153.03,-28.06,1992,11,"040407",111.9
153.03,-28.06,1992,12,"040407",71.2
153.03,-28.06,1993,1,"040407",122
153.03,-28.06,1993,2,"040407",79
153.03,-28.06,1993,3,"040407",15
153.03,-28.06,1993,4,"040407",0
153.03,-28.06,1993,5,"040407",55
153.03,-28.06,1993,6,"040407",0.5
153.03,-28.06,1993,7,"040407",71
153.03,-28.06,1993,8,"040407",21.7
153.03,-28.06,1993,9,"040407",38.8
153.03,-28.06,1993,10,"040407",NA
153.03,-28.06,1993,11,"040407",39.4
153.03,-28.06,1993,12,"040407",94.8
153.03,-28.06,1994,1,"040407",61.8
153.03,-28.06,1994,2,"040407",111
153.03,-28.06,1994,3,"040407",158.9
153.03,-28.06,1994,4,"040407",19.5
153.03,-28.06,1994,5,"040407",12.7
153.03,-28.06,1994,6,"040407",5.4
153.03,-28.06,1994,7,"040407",26.1
153.03,-28.06,1994,8,"040407",5.2
153.03,-28.06,1994,9,"040407",40.6
153.03,-28.06,1994,10,"040407",45.5
153.03,-28.06,1994,11,"040407",20
153.03,-28.06,1994,12,"040407",67.4
153.03,-28.06,1995,1,"040407",63.1
153.03,-28.06,1995,2,"040407",247.5
153.03,-28.06,1995,3,"040407",37.5
153.03,-28.06,1995,4,"040407",16.4
153.03,-28.06,1995,5,"040407",22
153.03,-28.06,1995,6,"040407",26.4
153.03,-28.06,1995,7,"040407",4.2
153.03,-28.06,1995,8,"040407",18.6
153.03,-28.06,1995,9,"040407",37.4
153.03,-28.06,1995,10,"040407",45.5
153.03,-28.06,1995,11,"040407",NA
153.03,-28.06,1995,12,"040407",257
153.03,-28.06,1996,1,"040407",190.9
153.03,-28.06,1996,2,"040407",56
153.03,-28.06,1996,3,"040407",10.8
153.03,-28.06,1996,4,"040407",28.8
153.03,-28.06,1996,5,"040407",294.4
153.03,-28.06,1996,6,"040407",32
153.03,-28.06,1996,7,"040407",39
153.03,-28.06,1996,8,"040407",48.8
153.03,-28.06,1996,9,"040407",24.8
153.03,-28.06,1996,10,"040407",61.8
153.03,-28.06,1996,11,"040407",130
153.03,-28.06,1996,12,"040407",176.4
153.03,-28.06,1997,1,"040407",42.8
153.03,-28.06,1997,2,"040407",93.2
153.03,-28.06,1997,3,"040407",5.4
153.03,-28.06,1997,4,"040407",5.6
153.03,-28.06,1997,5,"040407",140.2
153.03,-28.06,1997,6,"040407",9
153.03,-28.06,1997,7,"040407",24.4
153.03,-28.06,1997,8,"040407",3.2
153.03,-28.06,1997,9,"040407",78.4
153.03,-28.06,1997,10,"040407",102.6
153.03,-28.06,1997,11,"040407",143.3
153.03,-28.06,1997,12,"040407",178.4
153.03,-28.06,1998,1,"040407",54
153.03,-28.06,1998,2,"040407",79.2
153.03,-28.06,1998,3,"040407",31
153.03,-28.06,1998,4,"040407",53.6
153.03,-28.06,1998,5,"040407",64.6
153.03,-28.06,1998,6,"040407",22.2
153.03,-28.06,1998,7,"040407",49
153.03,-28.06,1998,8,"040407",56.6
153.03,-28.06,1998,9,"040407",158.4
153.03,-28.06,1998,10,"040407",NA
153.03,-28.06,1998,11,"040407",62
153.03,-28.06,1998,12,"040407",NA
153.03,-28.06,1999,1,"040407",229
153.03,-28.06,1999,2,"040407",117.9
153.03,-28.06,1999,3,"040407",NA
153.03,-28.06,1999,4,"040407",NA
153.03,-28.06,1999,5,"040407",NA
153.03,-28.06,1999,6,"040407",87.4
153.03,-28.06,1999,7,"040407",49.2
153.03,-28.06,1999,8,"040407",35.2
153.03,-28.06,1999,9,"040407",25.8
153.03,-28.06,1999,10,"040407",136.8
153.03,-28.06,1999,11,"040407",117.8
153.03,-28.06,1999,12,"040407",148.2
153.03,-28.06,2000,1,"040407",100.6
153.03,-28.06,2000,2,"040407",25
153.03,-28.06,2000,3,"040407",42
153.03,-28.06,2000,4,"040407",15
153.03,-28.06,2000,5,"040407",34
153.03,-28.06,2000,6,"040407",18.2
153.03,-28.06,2000,7,"040407",17.2
153.03,-28.06,2000,8,"040407",4.8
153.03,-28.06,2000,9,"040407",7
153.03,-28.06,2000,10,"040407",70.8
153.03,-28.06,2000,11,"040407",71.5
153.03,-28.06,2000,12,"040407",126.8
153.03,-28.06,2001,1,"040407",53
153.03,-28.06,2001,2,"040407",NA
153.03,-28.06,2001,3,"040407",89.4
153.03,-28.06,2001,4,"040407",NA
153.03,-28.06,2001,5,"040407",42.2
153.03,-28.06,2001,6,"040407",NA
153.03,-28.06,2001,7,"040407",27
153.03,-28.06,2001,8,"040407",26.2
153.03,-28.06,2001,9,"040407",12.2
153.03,-28.06,2001,10,"040407",79
153.03,-28.06,2001,11,"040407",158
153.03,-28.06,2001,12,"040407",NA
153.03,-28.06,2002,1,"040407",11.8
153.03,-28.06,2002,2,"040407",9.8
153.03,-28.06,2002,3,"040407",109.8
153.03,-28.06,2002,4,"040407",18.8
153.03,-28.06,2002,5,"040407",NA
153.03,-28.06,2002,6,"040407",62
153.03,-28.06,2002,7,"040407",13.4
153.03,-28.06,2002,8,"040407",65.4
153.03,-28.06,2002,9,"040407",6.4
153.03,-28.06,2002,10,"040407",26.4
153.03,-28.06,2002,11,"040407",NA
153.03,-28.06,2002,12,"040407",94.6
153.03,-28.06,2003,1,"040407",31.2
153.03,-28.06,2003,2,"040407",116
153.03,-28.06,2003,3,"040407",76
153.03,-28.06,2003,4,"040407",67.8
153.03,-28.06,2003,5,"040407",58
153.03,-28.06,2003,6,"040407",35
153.03,-28.06,2003,7,"040407",10.6
153.03,-28.06,2003,8,"040407",3.4
153.03,-28.06,2003,9,"040407",12.2
153.03,-28.06,2003,10,"040407",164.4
153.03,-28.06,2003,11,"040407",22.8
153.03,-28.06,2003,12,"040407",115.2
153.03,-28.06,2004,1,"040407",246
153.03,-28.06,2004,2,"040407",236.4
153.03,-28.06,2004,3,"040407",115
153.03,-28.06,2004,4,"040407",26.4
153.03,-28.06,2004,5,"040407",8.8
153.03,-28.06,2004,6,"040407",3
153.03,-28.06,2004,7,"040407",2
153.03,-28.06,2004,8,"040407",NA
153.03,-28.06,2004,9,"040407",34.2
153.03,-28.06,2004,10,"040407",NA
153.03,-28.06,2004,11,"040407",162.4
153.03,-28.06,2004,12,"040407",191.2
153.03,-28.06,2005,1,"040407",NA
153.03,-28.06,2005,2,"040407",27.2
153.03,-28.06,2005,3,"040407",53
153.03,-28.06,2005,4,"040407",0
153.03,-28.06,2005,5,"040407",33.8
153.03,-28.06,2005,6,"040407",154.4
153.03,-28.06,2005,7,"040407",20.4
153.03,-28.06,2005,8,"040407",NA
153.03,-28.06,2005,9,"040407",38.4
153.03,-28.06,2005,10,"040407",101.2
153.03,-28.06,2005,11,"040407",NA
153.03,-28.06,2005,12,"040407",143.8
153.03,-28.06,2006,1,"040407",165.8
153.03,-28.06,2006,2,"040407",96.6
153.03,-28.06,2006,3,"040407",54.6
153.03,-28.06,2006,4,"040407",53.6
153.03,-28.06,2006,5,"040407",28.4
153.03,-28.06,2006,6,"040407",33.8
153.03,-28.06,2006,7,"040407",45.6
153.03,-28.06,2006,8,"040407",62.4
153.03,-28.06,2006,9,"040407",35.6
153.03,-28.06,2006,10,"040407",34.6
153.03,-28.06,2006,11,"040407",67.2
153.03,-28.06,2006,12,"040407",56.4
153.03,-28.06,2007,1,"040407",82.8
153.03,-28.06,2007,2,"040407",49.6
153.03,-28.06,2007,3,"040407",42.2
153.03,-28.06,2007,4,"040407",9.2
153.03,-28.06,2007,5,"040407",19.6
153.03,-28.06,2007,6,"040407",73.8
153.03,-28.06,2007,7,"040407",0
153.03,-28.06,2007,8,"040407",56
153.03,-28.06,2007,9,"040407",12.2
153.03,-28.06,2007,10,"040407",151.2
153.03,-28.06,2007,11,"040407",76
153.03,-28.06,2007,12,"040407",96.2
153.03,-28.06,2008,1,"040407",215.4
153.03,-28.06,2008,2,"040407",107.2
153.03,-28.06,2008,3,"040407",51.8
153.03,-28.06,2008,4,"040407",28
153.03,-28.06,2008,5,"040407",19
153.03,-28.06,2008,6,"040407",59
153.03,-28.06,2008,7,"040407",47.6
153.03,-28.06,2008,8,"040407",4.8
153.03,-28.06,2008,9,"040407",51.2
153.03,-28.06,2008,10,"040407",19.8
153.03,-28.06,2008,11,"040407",183.6
153.03,-28.06,2008,12,"040407",121.8
153.03,-28.06,2009,1,"040407",49.8
153.03,-28.06,2009,2,"040407",72.2
153.03,-28.06,2009,3,"040407",36
153.03,-28.06,2009,4,"040407",115.4
153.03,-28.06,2009,5,"040407",148
153.03,-28.06,2009,6,"040407",79
153.03,-28.06,2009,7,"040407",4.8
153.03,-28.06,2009,8,"040407",0
153.03,-28.06,2009,9,"040407",18.2
153.03,-28.06,2009,10,"040407",28.2
153.03,-28.06,2009,11,"040407",NA
153.03,-28.06,2009,12,"040407",81.2
153.03,-28.06,2010,1,"040407",51
153.03,-28.06,2010,2,"040407",269.4
153.03,-28.06,2010,3,"040407",76.8
153.03,-28.06,2010,4,"040407",50.4
153.03,-28.06,2010,5,"040407",37.2
153.03,-28.06,2010,6,"040407",3
153.03,-28.06,2010,7,"040407",48
153.03,-28.06,2010,8,"040407",59.4
153.03,-28.06,2010,9,"040407",87.6
153.03,-28.06,2010,10,"040407",149.8
153.03,-28.06,2010,11,"040407",27.4
153.03,-28.06,2010,12,"040407",307.8
153.03,-28.06,2011,1,"040407",236.2
153.03,-28.06,2011,2,"040407",87.8
153.03,-28.06,2011,3,"040407",116.6
153.03,-28.06,2011,4,"040407",31.8
153.03,-28.06,2011,5,"040407",62.6
153.03,-28.06,2011,6,"040407",12.2
153.03,-28.06,2011,7,"040407",5
153.03,-28.06,2011,8,"040407",95
153.03,-28.06,2011,9,"040407",12
153.03,-28.06,2011,10,"040407",129.6
153.03,-28.06,2011,11,"040407",134.6
153.03,-28.06,2011,12,"040407",111.4
153.03,-28.06,2012,1,"040407",354
153.03,-28.06,2012,2,"040407",138.8
153.03,-28.06,2012,3,"040407",108.6
153.03,-28.06,2012,4,"040407",106.2
153.03,-28.06,2012,5,"040407",13.2
153.03,-28.06,2012,6,"040407",83.2
153.03,-28.06,2012,7,"040407",42.4
153.03,-28.06,2012,8,"040407",2.6
153.03,-28.06,2012,9,"040407",8.4
153.03,-28.06,2012,10,"040407",12.6
153.03,-28.06,2012,11,"040407",35.8
153.03,-28.06,2012,12,"040407",61.6
153.03,-28.06,2013,1,"040407",208.4
153.03,-28.06,2013,2,"040407",140.6
153.03,-28.06,2013,3,"040407",101.6
153.03,-28.06,2013,4,"040407",49.2
153.03,-28.06,2013,5,"040407",17.6
153.03,-28.06,2013,6,"040407",94
153.03,-28.06,2013,7,"040407",25.4
153.03,-28.06,2013,8,"040407",9
153.03,-28.06,2013,9,"040407",34.4
153.03,-28.06,2013,10,"040407",33.6
153.03,-28.06,2013,11,"040407",129.8
153.03,-28.06,2013,12,"040407",65.2
153.03,-28.06,2014,1,"040407",20.6
153.03,-28.06,2014,2,"040407",22
153.03,-28.06,2014,3,"040407",231
153.03,-28.06,2014,4,"040407",13.6
153.03,-28.06,2014,5,"040407",19.2
153.03,-28.06,2014,6,"040407",29
153.03,-28.06,2014,7,"040407",11.6
153.03,-28.06,2014,8,"040407",61.2
153.03,-28.06,2014,9,"040407",32
153.03,-28.06,2014,10,"040407",5
153.03,-28.06,2014,11,"040407",84.4
153.03,-28.06,2014,12,"040407",192
153.03,-28.06,2015,1,"040407",135
153.03,-28.06,2015,2,"040407",NA
153.03,-28.06,2015,3,"040407",55.8
153.03,-28.06,2015,4,"040407",NA
153.03,-28.06,2015,5,"040407",120
153.03,-28.06,2015,6,"040407",17
153.03,-28.06,2015,7,"040407",17.2
153.03,-28.06,2015,8,"040407",46.2
153.03,-28.06,2015,9,"040407",NA
153.03,-28.06,2015,10,"040407",70
153.03,-28.06,2015,11,"040407",176.6
153.03,-28.06,2015,12,"040407",41
153.03,-28.06,2016,1,"040407",133.8
153.03,-28.06,2016,2,"040407",40.2
153.03,-28.06,2016,3,"040407",146.2
153.03,-28.06,2016,4,"040407",7
153.03,-28.06,2016,5,"040407",13.6
153.03,-28.06,2016,6,"040407",144.2
153.03,-28.06,2016,7,"040407",21
153.03,-28.06,2016,8,"040407",61.8
153.03,-28.06,2016,9,"040407",55.2
153.03,-28.06,2016,10,"040407",39
153.03,-28.06,2016,11,"040407",32
153.03,-28.06,2016,12,"040407",68.8
153.03,-28.06,2017,1,"040407",74.2
153.03,-28.06,2017,2,"040407",NA
153.03,-28.06,2017,3,"040407",523.4
153.03,-28.06,2017,4,"040407",7
153.03,-28.06,2017,5,"040407",32
153.03,-28.06,2017,6,"040407",60.6
153.03,-28.06,2017,7,"040407",17.6
153.03,-28.06,2017,8,"040407",5.6
153.03,-28.06,2017,9,"040407",16
153.03,-28.06,2017,10,"040407",109.4
153.03,-28.06,2017,11,"040407",70.8
153.03,-28.06,2017,12,"040407",NA
153.03,-28.06,2018,1,"040407",82.8
153.03,-28.06,2018,2,"040407",230
153.03,-28.06,2018,3,"040407",NA
153.03,-28.06,2018,4,"040407",11
153.03,-28.06,2018,5,"040407",NA
153.03,-28.06,2018,6,"040407",12
153.03,-28.06,2018,7,"040407",10
153.03,-28.06,2018,8,"040407",21
153.03,-28.06,2018,9,"040407",29
153.03,-28.06,2018,10,"040407",131
153.03,-28.06,2018,11,"040407",54
153.03,-28.06,2018,12,"040407",81
153.03,-28.06,2019,1,"040407",0
153.03,-28.06,2019,2,"040407",0
153.03,-28.06,2019,3,"040407",151.8
153.03,-28.06,2019,4,"040407",8.4
153.03,-28.06,2019,5,"040407",0
153.03,-28.06,2019,6,"040407",0
153.03,-28.06,2019,7,"040407",0
153.03,-28.06,2019,8,"040407",0
153.03,-28.06,2019,9,"040407",16.6
153.03,-28.06,2019,10,"040407",9.8
153.03,-28.06,2019,11,"040407",0
153.03,-28.06,2019,12,"040407",54.8
153.03,-28.06,2020,1,"040407",156
153.03,-28.06,2020,2,"040407",239.4
153.03,-28.06,2020,3,"040407",40.5
153.03,-28.06,2020,4,"040407",20
153.03,-28.06,2020,5,"040407",7.6
153.03,-28.06,2020,6,"040407",21
153.03,-28.06,2020,7,"040407",22
153.03,-28.06,2020,8,"040407",19.6
153.03,-28.06,2020,9,"040407",2.2
153.03,-28.06,2020,10,"040407",50.4
153.03,-28.06,2020,11,"040407",0
153.03,-28.06,2020,12,"040407",175.4
153.03,-28.06,2021,1,"040407",129
153.03,-28.06,2021,2,"040407",54
153.03,-28.06,2021,3,"040407",298.8
153.03,-28.06,2021,4,"040407",0
153.03,-28.06,2021,5,"040407",53.4
153.03,-28.06,2021,6,"040407",2
153.03,-28.06,2021,7,"040407",89.6
153.03,-28.06,2021,8,"040407",8.6
153.03,-28.06,2021,9,"040407",15
153.03,-28.06,2021,10,"040407",59
153.03,-28.06,2021,11,"040407",111.4
153.03,-28.06,2021,12,"040407",112.6
153.03,-28.06,2022,1,"040407",25
153.03,-28.06,2022,2,"040407",293
153.03,-28.06,2022,3,"040407",NA
153.03,-28.06,2022,4,"040407",NA
153.03,-28.06,2022,5,"040407",NA
153.03,-28.06,2022,6,"040407",NA
153.03,-28.06,2022,7,"040407",NA
153.03,-28.06,2022,8,"040407",NA
153.03,-28.06,2022,9,"040407",NA
153.03,-28.06,2022,10,"040407",NA
153.03,-28.06,2022,11,"040407",NA
153.03,-28.06,2022,12,"040407",NA
