"Lon","Lat","Year","Month","Station","Rain"
135.7,-34.63,1897,1,"018017",NA
135.7,-34.63,1897,2,"018017",NA
135.7,-34.63,1897,3,"018017",NA
135.7,-34.63,1897,4,"018017",NA
135.7,-34.63,1897,5,"018017",47
135.7,-34.63,1897,6,"018017",56.1
135.7,-34.63,1897,7,"018017",74.5
135.7,-34.63,1897,8,"018017",100.7
135.7,-34.63,1897,9,"018017",39.9
135.7,-34.63,1897,10,"018017",16.3
135.7,-34.63,1897,11,"018017",5.9
135.7,-34.63,1897,12,"018017",0
135.7,-34.63,1898,1,"018017",2.5
135.7,-34.63,1898,2,"018017",16.8
135.7,-34.63,1898,3,"018017",3.3
135.7,-34.63,1898,4,"018017",56.3
135.7,-34.63,1898,5,"018017",74.3
135.7,-34.63,1898,6,"018017",162.7
135.7,-34.63,1898,7,"018017",65.4
135.7,-34.63,1898,8,"018017",NA
135.7,-34.63,1898,9,"018017",19.5
135.7,-34.63,1898,10,"018017",37.6
135.7,-34.63,1898,11,"018017",16
135.7,-34.63,1898,12,"018017",0
135.7,-34.63,1899,1,"018017",15.2
135.7,-34.63,1899,2,"018017",24.5
135.7,-34.63,1899,3,"018017",53.6
135.7,-34.63,1899,4,"018017",34.3
135.7,-34.63,1899,5,"018017",56.9
135.7,-34.63,1899,6,"018017",94.5
135.7,-34.63,1899,7,"018017",30.2
135.7,-34.63,1899,8,"018017",68.3
135.7,-34.63,1899,9,"018017",69.7
135.7,-34.63,1899,10,"018017",15
135.7,-34.63,1899,11,"018017",9.7
135.7,-34.63,1899,12,"018017",16.5
135.7,-34.63,1900,1,"018017",9.9
135.7,-34.63,1900,2,"018017",0
135.7,-34.63,1900,3,"018017",48.2
135.7,-34.63,1900,4,"018017",54.1
135.7,-34.63,1900,5,"018017",60.1
135.7,-34.63,1900,6,"018017",129
135.7,-34.63,1900,7,"018017",61.8
135.7,-34.63,1900,8,"018017",155.4
135.7,-34.63,1900,9,"018017",50
135.7,-34.63,1900,10,"018017",15.6
135.7,-34.63,1900,11,"018017",24.7
135.7,-34.63,1900,12,"018017",9.1
135.7,-34.63,1901,1,"018017",3.6
135.7,-34.63,1901,2,"018017",23.7
135.7,-34.63,1901,3,"018017",12
135.7,-34.63,1901,4,"018017",61.7
135.7,-34.63,1901,5,"018017",63
135.7,-34.63,1901,6,"018017",113.3
135.7,-34.63,1901,7,"018017",77.2
135.7,-34.63,1901,8,"018017",81.5
135.7,-34.63,1901,9,"018017",78
135.7,-34.63,1901,10,"018017",59.1
135.7,-34.63,1901,11,"018017",22.6
135.7,-34.63,1901,12,"018017",11.5
135.7,-34.63,1902,1,"018017",7.7
135.7,-34.63,1902,2,"018017",21.1
135.7,-34.63,1902,3,"018017",24.2
135.7,-34.63,1902,4,"018017",3.8
135.7,-34.63,1902,5,"018017",39
135.7,-34.63,1902,6,"018017",100.7
135.7,-34.63,1902,7,"018017",55.2
135.7,-34.63,1902,8,"018017",28.5
135.7,-34.63,1902,9,"018017",51.2
135.7,-34.63,1902,10,"018017",72.3
135.7,-34.63,1902,11,"018017",14.9
135.7,-34.63,1902,12,"018017",51.8
135.7,-34.63,1903,1,"018017",15.2
135.7,-34.63,1903,2,"018017",29.7
135.7,-34.63,1903,3,"018017",18.8
135.7,-34.63,1903,4,"018017",71.7
135.7,-34.63,1903,5,"018017",47
135.7,-34.63,1903,6,"018017",111.2
135.7,-34.63,1903,7,"018017",78.7
135.7,-34.63,1903,8,"018017",80
135.7,-34.63,1903,9,"018017",40.3
135.7,-34.63,1903,10,"018017",27.9
135.7,-34.63,1903,11,"018017",15.5
135.7,-34.63,1903,12,"018017",20.1
135.7,-34.63,1904,1,"018017",30.5
135.7,-34.63,1904,2,"018017",44.6
135.7,-34.63,1904,3,"018017",13.2
135.7,-34.63,1904,4,"018017",60
135.7,-34.63,1904,5,"018017",72.9
135.7,-34.63,1904,6,"018017",106.7
135.7,-34.63,1904,7,"018017",70.9
135.7,-34.63,1904,8,"018017",90.1
135.7,-34.63,1904,9,"018017",27.7
135.7,-34.63,1904,10,"018017",24.6
135.7,-34.63,1904,11,"018017",2.3
135.7,-34.63,1904,12,"018017",0
135.7,-34.63,1905,1,"018017",32.8
135.7,-34.63,1905,2,"018017",8.3
135.7,-34.63,1905,3,"018017",23.4
135.7,-34.63,1905,4,"018017",71.9
135.7,-34.63,1905,5,"018017",93.4
135.7,-34.63,1905,6,"018017",120.1
135.7,-34.63,1905,7,"018017",71.4
135.7,-34.63,1905,8,"018017",52.1
135.7,-34.63,1905,9,"018017",65.1
135.7,-34.63,1905,10,"018017",62.9
135.7,-34.63,1905,11,"018017",5.6
135.7,-34.63,1905,12,"018017",0
135.7,-34.63,1906,1,"018017",14.3
135.7,-34.63,1906,2,"018017",9.1
135.7,-34.63,1906,3,"018017",20.5
135.7,-34.63,1906,4,"018017",18.1
135.7,-34.63,1906,5,"018017",46.2
135.7,-34.63,1906,6,"018017",99
135.7,-34.63,1906,7,"018017",138
135.7,-34.63,1906,8,"018017",84.8
135.7,-34.63,1906,9,"018017",91.2
135.7,-34.63,1906,10,"018017",19.3
135.7,-34.63,1906,11,"018017",116.7
135.7,-34.63,1906,12,"018017",3.1
135.7,-34.63,1907,1,"018017",3.8
135.7,-34.63,1907,2,"018017",0
135.7,-34.63,1907,3,"018017",13.5
135.7,-34.63,1907,4,"018017",103.4
135.7,-34.63,1907,5,"018017",22.6
135.7,-34.63,1907,6,"018017",53.1
135.7,-34.63,1907,7,"018017",113.8
135.7,-34.63,1907,8,"018017",84
135.7,-34.63,1907,9,"018017",19.4
135.7,-34.63,1907,10,"018017",41.4
135.7,-34.63,1907,11,"018017",31.5
135.7,-34.63,1907,12,"018017",8.1
135.7,-34.63,1908,1,"018017",3.8
135.7,-34.63,1908,2,"018017",1.3
135.7,-34.63,1908,3,"018017",27
135.7,-34.63,1908,4,"018017",28.4
135.7,-34.63,1908,5,"018017",73
135.7,-34.63,1908,6,"018017",194.6
135.7,-34.63,1908,7,"018017",45.3
135.7,-34.63,1908,8,"018017",58.1
135.7,-34.63,1908,9,"018017",92.8
135.7,-34.63,1908,10,"018017",21.7
135.7,-34.63,1908,11,"018017",2.5
135.7,-34.63,1908,12,"018017",19.1
135.7,-34.63,1909,1,"018017",18.1
135.7,-34.63,1909,2,"018017",18
135.7,-34.63,1909,3,"018017",20.3
135.7,-34.63,1909,4,"018017",57.5
135.7,-34.63,1909,5,"018017",47.1
135.7,-34.63,1909,6,"018017",79.2
135.7,-34.63,1909,7,"018017",131
135.7,-34.63,1909,8,"018017",119.2
135.7,-34.63,1909,9,"018017",21.5
135.7,-34.63,1909,10,"018017",34.1
135.7,-34.63,1909,11,"018017",62.9
135.7,-34.63,1909,12,"018017",12.2
135.7,-34.63,1910,1,"018017",4.6
135.7,-34.63,1910,2,"018017",0
135.7,-34.63,1910,3,"018017",23.9
135.7,-34.63,1910,4,"018017",6.6
135.7,-34.63,1910,5,"018017",100.5
135.7,-34.63,1910,6,"018017",120.2
135.7,-34.63,1910,7,"018017",241.4
135.7,-34.63,1910,8,"018017",55.7
135.7,-34.63,1910,9,"018017",80.1
135.7,-34.63,1910,10,"018017",77.9
135.7,-34.63,1910,11,"018017",53
135.7,-34.63,1910,12,"018017",24.7
135.7,-34.63,1911,1,"018017",0
135.7,-34.63,1911,2,"018017",57.6
135.7,-34.63,1911,3,"018017",15.3
135.7,-34.63,1911,4,"018017",10.9
135.7,-34.63,1911,5,"018017",75.6
135.7,-34.63,1911,6,"018017",135.5
135.7,-34.63,1911,7,"018017",98.2
135.7,-34.63,1911,8,"018017",45.3
135.7,-34.63,1911,9,"018017",59.3
135.7,-34.63,1911,10,"018017",49.8
135.7,-34.63,1911,11,"018017",10.7
135.7,-34.63,1911,12,"018017",41.2
135.7,-34.63,1912,1,"018017",0
135.7,-34.63,1912,2,"018017",25.7
135.7,-34.63,1912,3,"018017",93.9
135.7,-34.63,1912,4,"018017",13.7
135.7,-34.63,1912,5,"018017",13.4
135.7,-34.63,1912,6,"018017",84.9
135.7,-34.63,1912,7,"018017",157.8
135.7,-34.63,1912,8,"018017",58.3
135.7,-34.63,1912,9,"018017",91.3
135.7,-34.63,1912,10,"018017",37.8
135.7,-34.63,1912,11,"018017",53.5
135.7,-34.63,1912,12,"018017",23.2
135.7,-34.63,1913,1,"018017",3.8
135.7,-34.63,1913,2,"018017",14.3
135.7,-34.63,1913,3,"018017",44.5
135.7,-34.63,1913,4,"018017",20.5
135.7,-34.63,1913,5,"018017",34
135.7,-34.63,1913,6,"018017",29.9
135.7,-34.63,1913,7,"018017",83.6
135.7,-34.63,1913,8,"018017",81.5
135.7,-34.63,1913,9,"018017",59.3
135.7,-34.63,1913,10,"018017",35.7
135.7,-34.63,1913,11,"018017",20.6
135.7,-34.63,1913,12,"018017",26.7
135.7,-34.63,1914,1,"018017",5.1
135.7,-34.63,1914,2,"018017",0
135.7,-34.63,1914,3,"018017",27.9
135.7,-34.63,1914,4,"018017",84.5
135.7,-34.63,1914,5,"018017",46.9
135.7,-34.63,1914,6,"018017",32.7
135.7,-34.63,1914,7,"018017",81.2
135.7,-34.63,1914,8,"018017",29.6
135.7,-34.63,1914,9,"018017",21.6
135.7,-34.63,1914,10,"018017",12.7
135.7,-34.63,1914,11,"018017",24.9
135.7,-34.63,1914,12,"018017",33.1
135.7,-34.63,1915,1,"018017",6.8
135.7,-34.63,1915,2,"018017",1.8
135.7,-34.63,1915,3,"018017",16.8
135.7,-34.63,1915,4,"018017",52.7
135.7,-34.63,1915,5,"018017",50.5
135.7,-34.63,1915,6,"018017",131.8
135.7,-34.63,1915,7,"018017",105.4
135.7,-34.63,1915,8,"018017",96.1
135.7,-34.63,1915,9,"018017",87.6
135.7,-34.63,1915,10,"018017",23.9
135.7,-34.63,1915,11,"018017",8.1
135.7,-34.63,1915,12,"018017",0
135.7,-34.63,1916,1,"018017",9.1
135.7,-34.63,1916,2,"018017",0
135.7,-34.63,1916,3,"018017",9.1
135.7,-34.63,1916,4,"018017",48.3
135.7,-34.63,1916,5,"018017",56
135.7,-34.63,1916,6,"018017",250.1
135.7,-34.63,1916,7,"018017",129.7
135.7,-34.63,1916,8,"018017",94.9
135.7,-34.63,1916,9,"018017",21.8
135.7,-34.63,1916,10,"018017",65.4
135.7,-34.63,1916,11,"018017",54.9
135.7,-34.63,1916,12,"018017",23.6
135.7,-34.63,1917,1,"018017",14
135.7,-34.63,1917,2,"018017",24.1
135.7,-34.63,1917,3,"018017",38.9
135.7,-34.63,1917,4,"018017",6.9
135.7,-34.63,1917,5,"018017",112.8
135.7,-34.63,1917,6,"018017",108.8
135.7,-34.63,1917,7,"018017",122.3
135.7,-34.63,1917,8,"018017",121.1
135.7,-34.63,1917,9,"018017",93.7
135.7,-34.63,1917,10,"018017",61.3
135.7,-34.63,1917,11,"018017",26.7
135.7,-34.63,1917,12,"018017",39.4
135.7,-34.63,1918,1,"018017",5.1
135.7,-34.63,1918,2,"018017",0
135.7,-34.63,1918,3,"018017",17.5
135.7,-34.63,1918,4,"018017",11.4
135.7,-34.63,1918,5,"018017",78.9
135.7,-34.63,1918,6,"018017",86
135.7,-34.63,1918,7,"018017",90.3
135.7,-34.63,1918,8,"018017",116.7
135.7,-34.63,1918,9,"018017",15
135.7,-34.63,1918,10,"018017",43
135.7,-34.63,1918,11,"018017",2.6
135.7,-34.63,1918,12,"018017",35.5
135.7,-34.63,1919,1,"018017",20.3
135.7,-34.63,1919,2,"018017",26.2
135.7,-34.63,1919,3,"018017",3.8
135.7,-34.63,1919,4,"018017",9.4
135.7,-34.63,1919,5,"018017",67.6
135.7,-34.63,1919,6,"018017",57.7
135.7,-34.63,1919,7,"018017",68.4
135.7,-34.63,1919,8,"018017",70.1
135.7,-34.63,1919,9,"018017",100.6
135.7,-34.63,1919,10,"018017",38.4
135.7,-34.63,1919,11,"018017",0
135.7,-34.63,1919,12,"018017",19.1
135.7,-34.63,1920,1,"018017",2
135.7,-34.63,1920,2,"018017",0
135.7,-34.63,1920,3,"018017",4.3
135.7,-34.63,1920,4,"018017",28
135.7,-34.63,1920,5,"018017",62.1
135.7,-34.63,1920,6,"018017",235.9
135.7,-34.63,1920,7,"018017",123.1
135.7,-34.63,1920,8,"018017",100.3
135.7,-34.63,1920,9,"018017",44.3
135.7,-34.63,1920,10,"018017",42.4
135.7,-34.63,1920,11,"018017",58.8
135.7,-34.63,1920,12,"018017",18.5
135.7,-34.63,1921,1,"018017",0
135.7,-34.63,1921,2,"018017",64.8
135.7,-34.63,1921,3,"018017",14
135.7,-34.63,1921,4,"018017",10.2
135.7,-34.63,1921,5,"018017",36.8
135.7,-34.63,1921,6,"018017",90.7
135.7,-34.63,1921,7,"018017",87.5
135.7,-34.63,1921,8,"018017",87.2
135.7,-34.63,1921,9,"018017",66.2
135.7,-34.63,1921,10,"018017",30.8
135.7,-34.63,1921,11,"018017",59.9
135.7,-34.63,1921,12,"018017",4.6
135.7,-34.63,1922,1,"018017",54.6
135.7,-34.63,1922,2,"018017",0
135.7,-34.63,1922,3,"018017",19.3
135.7,-34.63,1922,4,"018017",37.7
135.7,-34.63,1922,5,"018017",81.1
135.7,-34.63,1922,6,"018017",95.1
135.7,-34.63,1922,7,"018017",86
135.7,-34.63,1922,8,"018017",84.6
135.7,-34.63,1922,9,"018017",37
135.7,-34.63,1922,10,"018017",24.1
135.7,-34.63,1922,11,"018017",1.3
135.7,-34.63,1922,12,"018017",60.1
135.7,-34.63,1923,1,"018017",9.4
135.7,-34.63,1923,2,"018017",1.5
135.7,-34.63,1923,3,"018017",1.3
135.7,-34.63,1923,4,"018017",1.8
135.7,-34.63,1923,5,"018017",145.2
135.7,-34.63,1923,6,"018017",145.8
135.7,-34.63,1923,7,"018017",117.5
135.7,-34.63,1923,8,"018017",82.4
135.7,-34.63,1923,9,"018017",114.7
135.7,-34.63,1923,10,"018017",46.6
135.7,-34.63,1923,11,"018017",10.1
135.7,-34.63,1923,12,"018017",104
135.7,-34.63,1924,1,"018017",12.2
135.7,-34.63,1924,2,"018017",33.9
135.7,-34.63,1924,3,"018017",25.9
135.7,-34.63,1924,4,"018017",29
135.7,-34.63,1924,5,"018017",68.6
135.7,-34.63,1924,6,"018017",69.7
135.7,-34.63,1924,7,"018017",41.9
135.7,-34.63,1924,8,"018017",45.9
135.7,-34.63,1924,9,"018017",67.1
135.7,-34.63,1924,10,"018017",89.2
135.7,-34.63,1924,11,"018017",20.8
135.7,-34.63,1924,12,"018017",0
135.7,-34.63,1925,1,"018017",5.6
135.7,-34.63,1925,2,"018017",13.6
135.7,-34.63,1925,3,"018017",2.5
135.7,-34.63,1925,4,"018017",60
135.7,-34.63,1925,5,"018017",110.3
135.7,-34.63,1925,6,"018017",49.2
135.7,-34.63,1925,7,"018017",102.6
135.7,-34.63,1925,8,"018017",86.2
135.7,-34.63,1925,9,"018017",107
135.7,-34.63,1925,10,"018017",7.4
135.7,-34.63,1925,11,"018017",30.4
135.7,-34.63,1925,12,"018017",0
135.7,-34.63,1926,1,"018017",0
135.7,-34.63,1926,2,"018017",1
135.7,-34.63,1926,3,"018017",12.4
135.7,-34.63,1926,4,"018017",53.9
135.7,-34.63,1926,5,"018017",116
135.7,-34.63,1926,6,"018017",83.7
135.7,-34.63,1926,7,"018017",71.7
135.7,-34.63,1926,8,"018017",80.3
135.7,-34.63,1926,9,"018017",41.4
135.7,-34.63,1926,10,"018017",36.1
135.7,-34.63,1926,11,"018017",10.6
135.7,-34.63,1926,12,"018017",71.4
135.7,-34.63,1927,1,"018017",5.3
135.7,-34.63,1927,2,"018017",65.1
135.7,-34.63,1927,3,"018017",35.1
135.7,-34.63,1927,4,"018017",5.3
135.7,-34.63,1927,5,"018017",66.8
135.7,-34.63,1927,6,"018017",70.5
135.7,-34.63,1927,7,"018017",154.9
135.7,-34.63,1927,8,"018017",117.7
135.7,-34.63,1927,9,"018017",27.1
135.7,-34.63,1927,10,"018017",2.8
135.7,-34.63,1927,11,"018017",26.4
135.7,-34.63,1927,12,"018017",29.4
135.7,-34.63,1928,1,"018017",19.8
135.7,-34.63,1928,2,"018017",21.8
135.7,-34.63,1928,3,"018017",15
135.7,-34.63,1928,4,"018017",23.6
135.7,-34.63,1928,5,"018017",51.2
135.7,-34.63,1928,6,"018017",134.7
135.7,-34.63,1928,7,"018017",70
135.7,-34.63,1928,8,"018017",17.3
135.7,-34.63,1928,9,"018017",42.5
135.7,-34.63,1928,10,"018017",83.4
135.7,-34.63,1928,11,"018017",15.5
135.7,-34.63,1928,12,"018017",0
135.7,-34.63,1929,1,"018017",6.4
135.7,-34.63,1929,2,"018017",1.8
135.7,-34.63,1929,3,"018017",6
135.7,-34.63,1929,4,"018017",21.4
135.7,-34.63,1929,5,"018017",25.6
135.7,-34.63,1929,6,"018017",104.9
135.7,-34.63,1929,7,"018017",77.7
135.7,-34.63,1929,8,"018017",102
135.7,-34.63,1929,9,"018017",40.8
135.7,-34.63,1929,10,"018017",37.6
135.7,-34.63,1929,11,"018017",68.3
135.7,-34.63,1929,12,"018017",19.8
135.7,-34.63,1930,1,"018017",0
135.7,-34.63,1930,2,"018017",29
135.7,-34.63,1930,3,"018017",3.3
135.7,-34.63,1930,4,"018017",21.3
135.7,-34.63,1930,5,"018017",22.8
135.7,-34.63,1930,6,"018017",7.2
135.7,-34.63,1930,7,"018017",111.7
135.7,-34.63,1930,8,"018017",164.6
135.7,-34.63,1930,9,"018017",68.2
135.7,-34.63,1930,10,"018017",26.7
135.7,-34.63,1930,11,"018017",8.4
135.7,-34.63,1930,12,"018017",10.2
135.7,-34.63,1931,1,"018017",1
135.7,-34.63,1931,2,"018017",0
135.7,-34.63,1931,3,"018017",22.3
135.7,-34.63,1931,4,"018017",33
135.7,-34.63,1931,5,"018017",79.9
135.7,-34.63,1931,6,"018017",116.7
135.7,-34.63,1931,7,"018017",100.2
135.7,-34.63,1931,8,"018017",80.1
135.7,-34.63,1931,9,"018017",80.4
135.7,-34.63,1931,10,"018017",12.9
135.7,-34.63,1931,11,"018017",30.2
135.7,-34.63,1931,12,"018017",3.3
135.7,-34.63,1932,1,"018017",3
135.7,-34.63,1932,2,"018017",65.4
135.7,-34.63,1932,3,"018017",33.3
135.7,-34.63,1932,4,"018017",119.7
135.7,-34.63,1932,5,"018017",57.6
135.7,-34.63,1932,6,"018017",160.7
135.7,-34.63,1932,7,"018017",95.5
135.7,-34.63,1932,8,"018017",122.7
135.7,-34.63,1932,9,"018017",83.1
135.7,-34.63,1932,10,"018017",47.9
135.7,-34.63,1932,11,"018017",9.1
135.7,-34.63,1932,12,"018017",3.8
135.7,-34.63,1933,1,"018017",16.5
135.7,-34.63,1933,2,"018017",0
135.7,-34.63,1933,3,"018017",3.8
135.7,-34.63,1933,4,"018017",26.2
135.7,-34.63,1933,5,"018017",124.8
135.7,-34.63,1933,6,"018017",63.8
135.7,-34.63,1933,7,"018017",105
135.7,-34.63,1933,8,"018017",87.4
135.7,-34.63,1933,9,"018017",65.7
135.7,-34.63,1933,10,"018017",0
135.7,-34.63,1933,11,"018017",26.6
135.7,-34.63,1933,12,"018017",8.1
135.7,-34.63,1934,1,"018017",3.8
135.7,-34.63,1934,2,"018017",22.8
135.7,-34.63,1934,3,"018017",63.2
135.7,-34.63,1934,4,"018017",84.5
135.7,-34.63,1934,5,"018017",9
135.7,-34.63,1934,6,"018017",50.3
135.7,-34.63,1934,7,"018017",36.6
135.7,-34.63,1934,8,"018017",101.2
135.7,-34.63,1934,9,"018017",98.2
135.7,-34.63,1934,10,"018017",47.4
135.7,-34.63,1934,11,"018017",53.4
135.7,-34.63,1934,12,"018017",2.3
135.7,-34.63,1935,1,"018017",6.3
135.7,-34.63,1935,2,"018017",0
135.7,-34.63,1935,3,"018017",54.6
135.7,-34.63,1935,4,"018017",48.5
135.7,-34.63,1935,5,"018017",102.1
135.7,-34.63,1935,6,"018017",114
135.7,-34.63,1935,7,"018017",98
135.7,-34.63,1935,8,"018017",80.8
135.7,-34.63,1935,9,"018017",41.1
135.7,-34.63,1935,10,"018017",61.2
135.7,-34.63,1935,11,"018017",15.8
135.7,-34.63,1935,12,"018017",30.2
135.7,-34.63,1936,1,"018017",6.6
135.7,-34.63,1936,2,"018017",6.9
135.7,-34.63,1936,3,"018017",0
135.7,-34.63,1936,4,"018017",22.5
135.7,-34.63,1936,5,"018017",45.2
135.7,-34.63,1936,6,"018017",61.6
135.7,-34.63,1936,7,"018017",107.1
135.7,-34.63,1936,8,"018017",65.6
135.7,-34.63,1936,9,"018017",20.5
135.7,-34.63,1936,10,"018017",54.8
135.7,-34.63,1936,11,"018017",15.3
135.7,-34.63,1936,12,"018017",26.7
135.7,-34.63,1937,1,"018017",24.1
135.7,-34.63,1937,2,"018017",10.9
135.7,-34.63,1937,3,"018017",13.2
135.7,-34.63,1937,4,"018017",38.3
135.7,-34.63,1937,5,"018017",82.9
135.7,-34.63,1937,6,"018017",81.4
135.7,-34.63,1937,7,"018017",105.6
135.7,-34.63,1937,8,"018017",86.1
135.7,-34.63,1937,9,"018017",118.8
135.7,-34.63,1937,10,"018017",33.8
135.7,-34.63,1937,11,"018017",29.6
135.7,-34.63,1937,12,"018017",45
135.7,-34.63,1938,1,"018017",7.1
135.7,-34.63,1938,2,"018017",115.3
135.7,-34.63,1938,3,"018017",0
135.7,-34.63,1938,4,"018017",96.2
135.7,-34.63,1938,5,"018017",48.5
135.7,-34.63,1938,6,"018017",90.5
135.7,-34.63,1938,7,"018017",96.6
135.7,-34.63,1938,8,"018017",90.6
135.7,-34.63,1938,9,"018017",17.5
135.7,-34.63,1938,10,"018017",7.6
135.7,-34.63,1938,11,"018017",0
135.7,-34.63,1938,12,"018017",16
135.7,-34.63,1939,1,"018017",22.3
135.7,-34.63,1939,2,"018017",9.8
135.7,-34.63,1939,3,"018017",30.5
135.7,-34.63,1939,4,"018017",32.9
135.7,-34.63,1939,5,"018017",36.6
135.7,-34.63,1939,6,"018017",161.7
135.7,-34.63,1939,7,"018017",86.7
135.7,-34.63,1939,8,"018017",106
135.7,-34.63,1939,9,"018017",12
135.7,-34.63,1939,10,"018017",44
135.7,-34.63,1939,11,"018017",62.4
135.7,-34.63,1939,12,"018017",6.9
135.7,-34.63,1940,1,"018017",26.9
135.7,-34.63,1940,2,"018017",0
135.7,-34.63,1940,3,"018017",12.7
135.7,-34.63,1940,4,"018017",55.6
135.7,-34.63,1940,5,"018017",60.9
135.7,-34.63,1940,6,"018017",54
135.7,-34.63,1940,7,"018017",151.6
135.7,-34.63,1940,8,"018017",34.2
135.7,-34.63,1940,9,"018017",33.9
135.7,-34.63,1940,10,"018017",26.4
135.7,-34.63,1940,11,"018017",45.5
135.7,-34.63,1940,12,"018017",3.5
135.7,-34.63,1941,1,"018017",26.5
135.7,-34.63,1941,2,"018017",6.1
135.7,-34.63,1941,3,"018017",58.2
135.7,-34.63,1941,4,"018017",22.4
135.7,-34.63,1941,5,"018017",28
135.7,-34.63,1941,6,"018017",41.1
135.7,-34.63,1941,7,"018017",77.5
135.7,-34.63,1941,8,"018017",59.6
135.7,-34.63,1941,9,"018017",90.6
135.7,-34.63,1941,10,"018017",16.5
135.7,-34.63,1941,11,"018017",3
135.7,-34.63,1941,12,"018017",4.3
135.7,-34.63,1942,1,"018017",13.5
135.7,-34.63,1942,2,"018017",17.8
135.7,-34.63,1942,3,"018017",9.6
135.7,-34.63,1942,4,"018017",14.5
135.7,-34.63,1942,5,"018017",101.2
135.7,-34.63,1942,6,"018017",137.4
135.7,-34.63,1942,7,"018017",72.9
135.7,-34.63,1942,8,"018017",63.3
135.7,-34.63,1942,9,"018017",98
135.7,-34.63,1942,10,"018017",30.2
135.7,-34.63,1942,11,"018017",16.8
135.7,-34.63,1942,12,"018017",17.8
135.7,-34.63,1943,1,"018017",15
135.7,-34.63,1943,2,"018017",53.2
135.7,-34.63,1943,3,"018017",0
135.7,-34.63,1943,4,"018017",52
135.7,-34.63,1943,5,"018017",34.3
135.7,-34.63,1943,6,"018017",92.8
135.7,-34.63,1943,7,"018017",163.3
135.7,-34.63,1943,8,"018017",72.2
135.7,-34.63,1943,9,"018017",41.1
135.7,-34.63,1943,10,"018017",36.3
135.7,-34.63,1943,11,"018017",8.6
135.7,-34.63,1943,12,"018017",18
135.7,-34.63,1944,1,"018017",0
135.7,-34.63,1944,2,"018017",9.1
135.7,-34.63,1944,3,"018017",8.1
135.7,-34.63,1944,4,"018017",66.1
135.7,-34.63,1944,5,"018017",117.6
135.7,-34.63,1944,6,"018017",18.4
135.7,-34.63,1944,7,"018017",94.3
135.7,-34.63,1944,8,"018017",8.8
135.7,-34.63,1944,9,"018017",21.2
135.7,-34.63,1944,10,"018017",54.1
135.7,-34.63,1944,11,"018017",35.3
135.7,-34.63,1944,12,"018017",20.5
135.7,-34.63,1945,1,"018017",14.2
135.7,-34.63,1945,2,"018017",13.4
135.7,-34.63,1945,3,"018017",0
135.7,-34.63,1945,4,"018017",13.2
135.7,-34.63,1945,5,"018017",56.1
135.7,-34.63,1945,6,"018017",78.4
135.7,-34.63,1945,7,"018017",40.3
135.7,-34.63,1945,8,"018017",87
135.7,-34.63,1945,9,"018017",71.1
135.7,-34.63,1945,10,"018017",20
135.7,-34.63,1945,11,"018017",46.2
135.7,-34.63,1945,12,"018017",36.9
135.7,-34.63,1946,1,"018017",38.6
135.7,-34.63,1946,2,"018017",46.8
135.7,-34.63,1946,3,"018017",21.7
135.7,-34.63,1946,4,"018017",33.6
135.7,-34.63,1946,5,"018017",43
135.7,-34.63,1946,6,"018017",80.9
135.7,-34.63,1946,7,"018017",141.9
135.7,-34.63,1946,8,"018017",39
135.7,-34.63,1946,9,"018017",28
135.7,-34.63,1946,10,"018017",24.2
135.7,-34.63,1946,11,"018017",26.5
135.7,-34.63,1946,12,"018017",73
135.7,-34.63,1947,1,"018017",1
135.7,-34.63,1947,2,"018017",6.1
135.7,-34.63,1947,3,"018017",13.5
135.7,-34.63,1947,4,"018017",30
135.7,-34.63,1947,5,"018017",35.7
135.7,-34.63,1947,6,"018017",69
135.7,-34.63,1947,7,"018017",139.3
135.7,-34.63,1947,8,"018017",62.1
135.7,-34.63,1947,9,"018017",79
135.7,-34.63,1947,10,"018017",70.6
135.7,-34.63,1947,11,"018017",66.2
135.7,-34.63,1947,12,"018017",29
135.7,-34.63,1948,1,"018017",0
135.7,-34.63,1948,2,"018017",11.2
135.7,-34.63,1948,3,"018017",1
135.7,-34.63,1948,4,"018017",41.3
135.7,-34.63,1948,5,"018017",53.9
135.7,-34.63,1948,6,"018017",30.5
135.7,-34.63,1948,7,"018017",99.1
135.7,-34.63,1948,8,"018017",76.1
135.7,-34.63,1948,9,"018017",17
135.7,-34.63,1948,10,"018017",56.1
135.7,-34.63,1948,11,"018017",41.4
135.7,-34.63,1948,12,"018017",23.9
135.7,-34.63,1949,1,"018017",6.3
135.7,-34.63,1949,2,"018017",18.1
135.7,-34.63,1949,3,"018017",0
135.7,-34.63,1949,4,"018017",9.4
135.7,-34.63,1949,5,"018017",52.8
135.7,-34.63,1949,6,"018017",20.6
135.7,-34.63,1949,7,"018017",74.8
135.7,-34.63,1949,8,"018017",42.9
135.7,-34.63,1949,9,"018017",41.3
135.7,-34.63,1949,10,"018017",85.1
135.7,-34.63,1949,11,"018017",76.9
135.7,-34.63,1949,12,"018017",9.7
135.7,-34.63,1950,1,"018017",2.3
135.7,-34.63,1950,2,"018017",5.8
135.7,-34.63,1950,3,"018017",0
135.7,-34.63,1950,4,"018017",7.2
135.7,-34.63,1950,5,"018017",60.5
135.7,-34.63,1950,6,"018017",86.4
135.7,-34.63,1950,7,"018017",56.9
135.7,-34.63,1950,8,"018017",81.2
135.7,-34.63,1950,9,"018017",32.5
135.7,-34.63,1950,10,"018017",76.4
135.7,-34.63,1950,11,"018017",7.4
135.7,-34.63,1950,12,"018017",5.8
135.7,-34.63,1951,1,"018017",15.5
135.7,-34.63,1951,2,"018017",19.1
135.7,-34.63,1951,3,"018017",4.3
135.7,-34.63,1951,4,"018017",34.3
135.7,-34.63,1951,5,"018017",97.9
135.7,-34.63,1951,6,"018017",41
135.7,-34.63,1951,7,"018017",163
135.7,-34.63,1951,8,"018017",128.4
135.7,-34.63,1951,9,"018017",18.8
135.7,-34.63,1951,10,"018017",44.3
135.7,-34.63,1951,11,"018017",4.3
135.7,-34.63,1951,12,"018017",28.4
135.7,-34.63,1952,1,"018017",4.1
135.7,-34.63,1952,2,"018017",9.9
135.7,-34.63,1952,3,"018017",3.3
135.7,-34.63,1952,4,"018017",56.4
135.7,-34.63,1952,5,"018017",114.3
135.7,-34.63,1952,6,"018017",72.5
135.7,-34.63,1952,7,"018017",45.4
135.7,-34.63,1952,8,"018017",66.8
135.7,-34.63,1952,9,"018017",76.8
135.7,-34.63,1952,10,"018017",28.9
135.7,-34.63,1952,11,"018017",41
135.7,-34.63,1952,12,"018017",17.2
135.7,-34.63,1953,1,"018017",3.3
135.7,-34.63,1953,2,"018017",20.8
135.7,-34.63,1953,3,"018017",2.8
135.7,-34.63,1953,4,"018017",24.1
135.7,-34.63,1953,5,"018017",40.2
135.7,-34.63,1953,6,"018017",136.2
135.7,-34.63,1953,7,"018017",74.6
135.7,-34.63,1953,8,"018017",58.1
135.7,-34.63,1953,9,"018017",29.5
135.7,-34.63,1953,10,"018017",18.1
135.7,-34.63,1953,11,"018017",37.7
135.7,-34.63,1953,12,"018017",28.9
135.7,-34.63,1954,1,"018017",16.8
135.7,-34.63,1954,2,"018017",1.8
135.7,-34.63,1954,3,"018017",12.1
135.7,-34.63,1954,4,"018017",94.4
135.7,-34.63,1954,5,"018017",48.3
135.7,-34.63,1954,6,"018017",81.1
135.7,-34.63,1954,7,"018017",80.3
135.7,-34.63,1954,8,"018017",37.7
135.7,-34.63,1954,9,"018017",32.5
135.7,-34.63,1954,10,"018017",36
135.7,-34.63,1954,11,"018017",25.7
135.7,-34.63,1954,12,"018017",35.1
135.7,-34.63,1955,1,"018017",12
135.7,-34.63,1955,2,"018017",26.4
135.7,-34.63,1955,3,"018017",7.7
135.7,-34.63,1955,4,"018017",31.6
135.7,-34.63,1955,5,"018017",56.9
135.7,-34.63,1955,6,"018017",145.4
135.7,-34.63,1955,7,"018017",55.4
135.7,-34.63,1955,8,"018017",73.1
135.7,-34.63,1955,9,"018017",39.4
135.7,-34.63,1955,10,"018017",52.4
135.7,-34.63,1955,11,"018017",41.7
135.7,-34.63,1955,12,"018017",9.2
135.7,-34.63,1956,1,"018017",6.1
135.7,-34.63,1956,2,"018017",6.3
135.7,-34.63,1956,3,"018017",29.3
135.7,-34.63,1956,4,"018017",31.6
135.7,-34.63,1956,5,"018017",93.8
135.7,-34.63,1956,6,"018017",163.8
135.7,-34.63,1956,7,"018017",80.2
135.7,-34.63,1956,8,"018017",82.1
135.7,-34.63,1956,9,"018017",64.4
135.7,-34.63,1956,10,"018017",37.6
135.7,-34.63,1956,11,"018017",1.3
135.7,-34.63,1956,12,"018017",15.4
135.7,-34.63,1957,1,"018017",0
135.7,-34.63,1957,2,"018017",0
135.7,-34.63,1957,3,"018017",14.7
135.7,-34.63,1957,4,"018017",22.3
135.7,-34.63,1957,5,"018017",22.3
135.7,-34.63,1957,6,"018017",72.5
135.7,-34.63,1957,7,"018017",102.9
135.7,-34.63,1957,8,"018017",64.4
135.7,-34.63,1957,9,"018017",18.8
135.7,-34.63,1957,10,"018017",4.9
135.7,-34.63,1957,11,"018017",14.2
135.7,-34.63,1957,12,"018017",15.2
135.7,-34.63,1958,1,"018017",0
135.7,-34.63,1958,2,"018017",2.3
135.7,-34.63,1958,3,"018017",38.6
135.7,-34.63,1958,4,"018017",2.5
135.7,-34.63,1958,5,"018017",71.9
135.7,-34.63,1958,6,"018017",25.5
135.7,-34.63,1958,7,"018017",118.6
135.7,-34.63,1958,8,"018017",54.1
135.7,-34.63,1958,9,"018017",61.2
135.7,-34.63,1958,10,"018017",78
135.7,-34.63,1958,11,"018017",15
135.7,-34.63,1958,12,"018017",8.9
135.7,-34.63,1959,1,"018017",0
135.7,-34.63,1959,2,"018017",32.2
135.7,-34.63,1959,3,"018017",19.3
135.7,-34.63,1959,4,"018017",4.6
135.7,-34.63,1959,5,"018017",39.8
135.7,-34.63,1959,6,"018017",18.7
135.7,-34.63,1959,7,"018017",56
135.7,-34.63,1959,8,"018017",35.4
135.7,-34.63,1959,9,"018017",74.8
135.7,-34.63,1959,10,"018017",29.8
135.7,-34.63,1959,11,"018017",17
135.7,-34.63,1959,12,"018017",29.1
135.7,-34.63,1960,1,"018017",30.7
135.7,-34.63,1960,2,"018017",61.1
135.7,-34.63,1960,3,"018017",19
135.7,-34.63,1960,4,"018017",57.8
135.7,-34.63,1960,5,"018017",154.3
135.7,-34.63,1960,6,"018017",45.6
135.7,-34.63,1960,7,"018017",69
135.7,-34.63,1960,8,"018017",63.8
135.7,-34.63,1960,9,"018017",61
135.7,-34.63,1960,10,"018017",17.8
135.7,-34.63,1960,11,"018017",26
135.7,-34.63,1960,12,"018017",8.1
135.7,-34.63,1961,1,"018017",2.8
135.7,-34.63,1961,2,"018017",11.5
135.7,-34.63,1961,3,"018017",2.8
135.7,-34.63,1961,4,"018017",112.6
135.7,-34.63,1961,5,"018017",41.2
135.7,-34.63,1961,6,"018017",43.4
135.7,-34.63,1961,7,"018017",104.2
135.7,-34.63,1961,8,"018017",82.1
135.7,-34.63,1961,9,"018017",41.5
135.7,-34.63,1961,10,"018017",21.2
135.7,-34.63,1961,11,"018017",17.6
135.7,-34.63,1961,12,"018017",2.5
135.7,-34.63,1962,1,"018017",3.6
135.7,-34.63,1962,2,"018017",NA
135.7,-34.63,1962,3,"018017",33.5
135.7,-34.63,1962,4,"018017",10.9
135.7,-34.63,1962,5,"018017",66.4
135.7,-34.63,1962,6,"018017",72.2
135.7,-34.63,1962,7,"018017",60.8
135.7,-34.63,1962,8,"018017",51.3
135.7,-34.63,1962,9,"018017",18.3
135.7,-34.63,1962,10,"018017",73.9
135.7,-34.63,1962,11,"018017",13.9
135.7,-34.63,1962,12,"018017",25.4
135.7,-34.63,1963,1,"018017",22.9
135.7,-34.63,1963,2,"018017",13.2
135.7,-34.63,1963,3,"018017",1.8
135.7,-34.63,1963,4,"018017",33
135.7,-34.63,1963,5,"018017",62.8
135.7,-34.63,1963,6,"018017",121.7
135.7,-34.63,1963,7,"018017",144.3
135.7,-34.63,1963,8,"018017",85.3
135.7,-34.63,1963,9,"018017",43.4
135.7,-34.63,1963,10,"018017",5
135.7,-34.63,1963,11,"018017",8.7
135.7,-34.63,1963,12,"018017",2.1
135.7,-34.63,1964,1,"018017",8.2
135.7,-34.63,1964,2,"018017",21.1
135.7,-34.63,1964,3,"018017",4
135.7,-34.63,1964,4,"018017",53.5
135.7,-34.63,1964,5,"018017",51.5
135.7,-34.63,1964,6,"018017",121.5
135.7,-34.63,1964,7,"018017",166.5
135.7,-34.63,1964,8,"018017",50.6
135.7,-34.63,1964,9,"018017",55.2
135.7,-34.63,1964,10,"018017",51.7
135.7,-34.63,1964,11,"018017",72.4
135.7,-34.63,1964,12,"018017",12.8
135.7,-34.63,1965,1,"018017",1.1
135.7,-34.63,1965,2,"018017",0.5
135.7,-34.63,1965,3,"018017",6.2
135.7,-34.63,1965,4,"018017",21.4
135.7,-34.63,1965,5,"018017",96.8
135.7,-34.63,1965,6,"018017",55.1
135.7,-34.63,1965,7,"018017",90.4
135.7,-34.63,1965,8,"018017",93.5
135.7,-34.63,1965,9,"018017",24.2
135.7,-34.63,1965,10,"018017",8.1
135.7,-34.63,1965,11,"018017",26.8
135.7,-34.63,1965,12,"018017",14.5
135.7,-34.63,1966,1,"018017",5
135.7,-34.63,1966,2,"018017",16.6
135.7,-34.63,1966,3,"018017",47.9
135.7,-34.63,1966,4,"018017",10.5
135.7,-34.63,1966,5,"018017",60.5
135.7,-34.63,1966,6,"018017",87.5
135.7,-34.63,1966,7,"018017",144.2
135.7,-34.63,1966,8,"018017",62.5
135.7,-34.63,1966,9,"018017",107.7
135.7,-34.63,1966,10,"018017",42.9
135.7,-34.63,1966,11,"018017",15
135.7,-34.63,1966,12,"018017",69.7
135.7,-34.63,1967,1,"018017",4.3
135.7,-34.63,1967,2,"018017",23.6
135.7,-34.63,1967,3,"018017",4.6
135.7,-34.63,1967,4,"018017",18
135.7,-34.63,1967,5,"018017",33.4
135.7,-34.63,1967,6,"018017",28.6
135.7,-34.63,1967,7,"018017",120.1
135.7,-34.63,1967,8,"018017",97.3
135.7,-34.63,1967,9,"018017",60.4
135.7,-34.63,1967,10,"018017",9.9
135.7,-34.63,1967,11,"018017",0.8
135.7,-34.63,1967,12,"018017",21.3
135.7,-34.63,1968,1,"018017",15
135.7,-34.63,1968,2,"018017",7.6
135.7,-34.63,1968,3,"018017",136.3
135.7,-34.63,1968,4,"018017",175.8
135.7,-34.63,1968,5,"018017",73
135.7,-34.63,1968,6,"018017",80.3
135.7,-34.63,1968,7,"018017",184.3
135.7,-34.63,1968,8,"018017",101.2
135.7,-34.63,1968,9,"018017",47.1
135.7,-34.63,1968,10,"018017",44.4
135.7,-34.63,1968,11,"018017",41.6
135.7,-34.63,1968,12,"018017",18.6
135.7,-34.63,1969,1,"018017",13
135.7,-34.63,1969,2,"018017",52.8
135.7,-34.63,1969,3,"018017",18.6
135.7,-34.63,1969,4,"018017",45.1
135.7,-34.63,1969,5,"018017",83.9
135.7,-34.63,1969,6,"018017",58.5
135.7,-34.63,1969,7,"018017",75.1
135.7,-34.63,1969,8,"018017",31
135.7,-34.63,1969,9,"018017",66.5
135.7,-34.63,1969,10,"018017",5.1
135.7,-34.63,1969,11,"018017",21.1
135.7,-34.63,1969,12,"018017",9.1
135.7,-34.63,1970,1,"018017",26.2
135.7,-34.63,1970,2,"018017",2.6
135.7,-34.63,1970,3,"018017",8.1
135.7,-34.63,1970,4,"018017",45.3
135.7,-34.63,1970,5,"018017",38.4
135.7,-34.63,1970,6,"018017",58
135.7,-34.63,1970,7,"018017",58
135.7,-34.63,1970,8,"018017",133.3
135.7,-34.63,1970,9,"018017",63.5
135.7,-34.63,1970,10,"018017",13.2
135.7,-34.63,1970,11,"018017",19
135.7,-34.63,1970,12,"018017",7.5
135.7,-34.63,1971,1,"018017",1.5
135.7,-34.63,1971,2,"018017",5.9
135.7,-34.63,1971,3,"018017",42.5
135.7,-34.63,1971,4,"018017",99
135.7,-34.63,1971,5,"018017",129.8
135.7,-34.63,1971,6,"018017",79.4
135.7,-34.63,1971,7,"018017",64.1
135.7,-34.63,1971,8,"018017",133.7
135.7,-34.63,1971,9,"018017",97
135.7,-34.63,1971,10,"018017",31.8
135.7,-34.63,1971,11,"018017",38.5
135.7,-34.63,1971,12,"018017",40.5
135.7,-34.63,1972,1,"018017",62.1
135.7,-34.63,1972,2,"018017",15.4
135.7,-34.63,1972,3,"018017",0
135.7,-34.63,1972,4,"018017",36.4
135.7,-34.63,1972,5,"018017",20
135.7,-34.63,1972,6,"018017",57.9
135.7,-34.63,1972,7,"018017",111.7
135.7,-34.63,1972,8,"018017",98.9
135.7,-34.63,1972,9,"018017",21.3
135.7,-34.63,1972,10,"018017",31.2
135.7,-34.63,1972,11,"018017",13.4
135.7,-34.63,1972,12,"018017",13.7
135.7,-34.63,1973,1,"018017",10.7
135.7,-34.63,1973,2,"018017",1.8
135.7,-34.63,1973,3,"018017",34
135.7,-34.63,1973,4,"018017",26.3
135.7,-34.63,1973,5,"018017",71.7
135.7,-34.63,1973,6,"018017",87.5
135.7,-34.63,1973,7,"018017",65.8
135.7,-34.63,1973,8,"018017",94.2
135.7,-34.63,1973,9,"018017",57.7
135.7,-34.63,1973,10,"018017",41.5
135.7,-34.63,1973,11,"018017",6.1
135.7,-34.63,1973,12,"018017",18.6
135.7,-34.63,1974,1,"018017",28.8
135.7,-34.63,1974,2,"018017",1
135.7,-34.63,1974,3,"018017",6.6
135.7,-34.63,1974,4,"018017",28.8
135.7,-34.63,1974,5,"018017",94.2
135.7,-34.63,1974,6,"018017",25.8
135.7,-34.63,1974,7,"018017",107
135.7,-34.63,1974,8,"018017",75
135.7,-34.63,1974,9,"018017",58
135.7,-34.63,1974,10,"018017",84.4
135.7,-34.63,1974,11,"018017",20.2
135.7,-34.63,1974,12,"018017",9.2
135.7,-34.63,1975,1,"018017",11.4
135.7,-34.63,1975,2,"018017",1.8
135.7,-34.63,1975,3,"018017",45.6
135.7,-34.63,1975,4,"018017",22.6
135.7,-34.63,1975,5,"018017",121.4
135.7,-34.63,1975,6,"018017",45.4
135.7,-34.63,1975,7,"018017",89
135.7,-34.63,1975,8,"018017",80.7
135.7,-34.63,1975,9,"018017",65.4
135.7,-34.63,1975,10,"018017",122.8
135.7,-34.63,1975,11,"018017",32.4
135.7,-34.63,1975,12,"018017",12.8
135.7,-34.63,1976,1,"018017",16.2
135.7,-34.63,1976,2,"018017",80.2
135.7,-34.63,1976,3,"018017",4.2
135.7,-34.63,1976,4,"018017",21.8
135.7,-34.63,1976,5,"018017",35.8
135.7,-34.63,1976,6,"018017",111
135.7,-34.63,1976,7,"018017",64.4
135.7,-34.63,1976,8,"018017",69.8
135.7,-34.63,1976,9,"018017",60.8
135.7,-34.63,1976,10,"018017",38.2
135.7,-34.63,1976,11,"018017",30.2
135.7,-34.63,1976,12,"018017",13
135.7,-34.63,1977,1,"018017",25
135.7,-34.63,1977,2,"018017",16.6
135.7,-34.63,1977,3,"018017",12.2
135.7,-34.63,1977,4,"018017",11.6
135.7,-34.63,1977,5,"018017",71.4
135.7,-34.63,1977,6,"018017",48.6
135.7,-34.63,1977,7,"018017",52.9
135.7,-34.63,1977,8,"018017",56.6
135.7,-34.63,1977,9,"018017",63.6
135.7,-34.63,1977,10,"018017",18
135.7,-34.63,1977,11,"018017",32
135.7,-34.63,1977,12,"018017",6
135.7,-34.63,1978,1,"018017",11
135.7,-34.63,1978,2,"018017",2.8
135.7,-34.63,1978,3,"018017",3.6
135.7,-34.63,1978,4,"018017",23.6
135.7,-34.63,1978,5,"018017",59.6
135.7,-34.63,1978,6,"018017",165.4
135.7,-34.63,1978,7,"018017",167.7
135.7,-34.63,1978,8,"018017",70.8
135.7,-34.63,1978,9,"018017",105.2
135.7,-34.63,1978,10,"018017",19.6
135.7,-34.63,1978,11,"018017",13.6
135.7,-34.63,1978,12,"018017",30.4
135.7,-34.63,1979,1,"018017",7.6
135.7,-34.63,1979,2,"018017",30.4
135.7,-34.63,1979,3,"018017",19.2
135.7,-34.63,1979,4,"018017",55.4
135.7,-34.63,1979,5,"018017",70.8
135.7,-34.63,1979,6,"018017",42.8
135.7,-34.63,1979,7,"018017",76.2
135.7,-34.63,1979,8,"018017",82.8
135.7,-34.63,1979,9,"018017",143
135.7,-34.63,1979,10,"018017",58.4
135.7,-34.63,1979,11,"018017",30.6
135.7,-34.63,1979,12,"018017",18.2
135.7,-34.63,1980,1,"018017",6.2
135.7,-34.63,1980,2,"018017",3.2
135.7,-34.63,1980,3,"018017",3.4
135.7,-34.63,1980,4,"018017",45.8
135.7,-34.63,1980,5,"018017",70.6
135.7,-34.63,1980,6,"018017",105.8
135.7,-34.63,1980,7,"018017",88
135.7,-34.63,1980,8,"018017",59.4
135.7,-34.63,1980,9,"018017",21
135.7,-34.63,1980,10,"018017",62
135.7,-34.63,1980,11,"018017",31.4
135.7,-34.63,1980,12,"018017",24.6
135.7,-34.63,1981,1,"018017",9
135.7,-34.63,1981,2,"018017",33.4
135.7,-34.63,1981,3,"018017",51
135.7,-34.63,1981,4,"018017",10
135.7,-34.63,1981,5,"018017",86
135.7,-34.63,1981,6,"018017",210.8
135.7,-34.63,1981,7,"018017",104
135.7,-34.63,1981,8,"018017",102
135.7,-34.63,1981,9,"018017",22.8
135.7,-34.63,1981,10,"018017",34.8
135.7,-34.63,1981,11,"018017",17.6
135.7,-34.63,1981,12,"018017",13.2
135.7,-34.63,1982,1,"018017",6
135.7,-34.63,1982,2,"018017",18
135.7,-34.63,1982,3,"018017",48.2
135.7,-34.63,1982,4,"018017",60.8
135.7,-34.63,1982,5,"018017",59.4
135.7,-34.63,1982,6,"018017",107.4
135.7,-34.63,1982,7,"018017",68.4
135.7,-34.63,1982,8,"018017",30.2
135.7,-34.63,1982,9,"018017",25.4
135.7,-34.63,1982,10,"018017",17
135.7,-34.63,1982,11,"018017",0
135.7,-34.63,1982,12,"018017",11
135.7,-34.63,1983,1,"018017",3.2
135.7,-34.63,1983,2,"018017",4.2
135.7,-34.63,1983,3,"018017",76.8
135.7,-34.63,1983,4,"018017",178.4
135.7,-34.63,1983,5,"018017",53.6
135.7,-34.63,1983,6,"018017",43.8
135.7,-34.63,1983,7,"018017",184.8
135.7,-34.63,1983,8,"018017",76
135.7,-34.63,1983,9,"018017",50.4
135.7,-34.63,1983,10,"018017",15.4
135.7,-34.63,1983,11,"018017",20.8
135.7,-34.63,1983,12,"018017",37.4
135.7,-34.63,1984,1,"018017",4
135.7,-34.63,1984,2,"018017",2.6
135.7,-34.63,1984,3,"018017",40
135.7,-34.63,1984,4,"018017",29.4
135.7,-34.63,1984,5,"018017",48.6
135.7,-34.63,1984,6,"018017",34.8
135.7,-34.63,1984,7,"018017",152.4
135.7,-34.63,1984,8,"018017",152
135.7,-34.63,1984,9,"018017",128
135.7,-34.63,1984,10,"018017",15
135.7,-34.63,1984,11,"018017",25.2
135.7,-34.63,1984,12,"018017",21.4
135.7,-34.63,1985,1,"018017",4.4
135.7,-34.63,1985,2,"018017",2.6
135.7,-34.63,1985,3,"018017",11.8
135.7,-34.63,1985,4,"018017",56.8
135.7,-34.63,1985,5,"018017",43
135.7,-34.63,1985,6,"018017",101
135.7,-34.63,1985,7,"018017",46.4
135.7,-34.63,1985,8,"018017",144.4
135.7,-34.63,1985,9,"018017",40.8
135.7,-34.63,1985,10,"018017",42
135.7,-34.63,1985,11,"018017",15.4
135.7,-34.63,1985,12,"018017",30
135.7,-34.63,1986,1,"018017",5.6
135.7,-34.63,1986,2,"018017",1.2
135.7,-34.63,1986,3,"018017",3
135.7,-34.63,1986,4,"018017",47.2
135.7,-34.63,1986,5,"018017",43.4
135.7,-34.63,1986,6,"018017",48.2
135.7,-34.63,1986,7,"018017",151.2
135.7,-34.63,1986,8,"018017",121
135.7,-34.63,1986,9,"018017",57.4
135.7,-34.63,1986,10,"018017",52
135.7,-34.63,1986,11,"018017",16
135.7,-34.63,1986,12,"018017",44.4
135.7,-34.63,1987,1,"018017",5.6
135.7,-34.63,1987,2,"018017",10.6
135.7,-34.63,1987,3,"018017",1.8
135.7,-34.63,1987,4,"018017",24.6
135.7,-34.63,1987,5,"018017",88.2
135.7,-34.63,1987,6,"018017",67.2
135.7,-34.63,1987,7,"018017",99
135.7,-34.63,1987,8,"018017",60.2
135.7,-34.63,1987,9,"018017",22.4
135.7,-34.63,1987,10,"018017",21
135.7,-34.63,1987,11,"018017",7
135.7,-34.63,1987,12,"018017",39
135.7,-34.63,1988,1,"018017",28.2
135.7,-34.63,1988,2,"018017",12
135.7,-34.63,1988,3,"018017",23.4
135.7,-34.63,1988,4,"018017",8.4
135.7,-34.63,1988,5,"018017",98.4
135.7,-34.63,1988,6,"018017",64.8
135.7,-34.63,1988,7,"018017",102.8
135.7,-34.63,1988,8,"018017",40.4
135.7,-34.63,1988,9,"018017",50.2
135.7,-34.63,1988,10,"018017",14.2
135.7,-34.63,1988,11,"018017",48
135.7,-34.63,1988,12,"018017",7
135.7,-34.63,1989,1,"018017",8.6
135.7,-34.63,1989,2,"018017",1.2
135.7,-34.63,1989,3,"018017",20.2
135.7,-34.63,1989,4,"018017",42.4
135.7,-34.63,1989,5,"018017",97
135.7,-34.63,1989,6,"018017",123
135.7,-34.63,1989,7,"018017",165
135.7,-34.63,1989,8,"018017",88.4
135.7,-34.63,1989,9,"018017",64.4
135.7,-34.63,1989,10,"018017",28.4
135.7,-34.63,1989,11,"018017",17
135.7,-34.63,1989,12,"018017",2.8
135.7,-34.63,1990,1,"018017",11
135.7,-34.63,1990,2,"018017",18.2
135.7,-34.63,1990,3,"018017",2.6
135.7,-34.63,1990,4,"018017",24.6
135.7,-34.63,1990,5,"018017",30.4
135.7,-34.63,1990,6,"018017",122
135.7,-34.63,1990,7,"018017",175.4
135.7,-34.63,1990,8,"018017",110.7
135.7,-34.63,1990,9,"018017",33.8
135.7,-34.63,1990,10,"018017",46.6
135.7,-34.63,1990,11,"018017",6
135.7,-34.63,1990,12,"018017",84.6
135.7,-34.63,1991,1,"018017",10.4
135.7,-34.63,1991,2,"018017",0
135.7,-34.63,1991,3,"018017",8.6
135.7,-34.63,1991,4,"018017",33.8
135.7,-34.63,1991,5,"018017",30.4
135.7,-34.63,1991,6,"018017",91.8
135.7,-34.63,1991,7,"018017",51.6
135.7,-34.63,1991,8,"018017",97.2
135.7,-34.63,1991,9,"018017",62.6
135.7,-34.63,1991,10,"018017",13.4
135.7,-34.63,1991,11,"018017",14.4
135.7,-34.63,1991,12,"018017",1.8
135.7,-34.63,1992,1,"018017",3.8
135.7,-34.63,1992,2,"018017",10.2
135.7,-34.63,1992,3,"018017",48
135.7,-34.63,1992,4,"018017",47
135.7,-34.63,1992,5,"018017",95.4
135.7,-34.63,1992,6,"018017",96.6
135.7,-34.63,1992,7,"018017",70
135.7,-34.63,1992,8,"018017",152.2
135.7,-34.63,1992,9,"018017",99.4
135.7,-34.63,1992,10,"018017",95
135.7,-34.63,1992,11,"018017",55
135.7,-34.63,1992,12,"018017",101.2
135.7,-34.63,1993,1,"018017",16
135.7,-34.63,1993,2,"018017",9.8
135.7,-34.63,1993,3,"018017",11.6
135.7,-34.63,1993,4,"018017",2.4
135.7,-34.63,1993,5,"018017",48
135.7,-34.63,1993,6,"018017",45
135.7,-34.63,1993,7,"018017",80.8
135.7,-34.63,1993,8,"018017",86.6
135.7,-34.63,1993,9,"018017",50.8
135.7,-34.63,1993,10,"018017",65.4
135.7,-34.63,1993,11,"018017",22
135.7,-34.63,1993,12,"018017",17.2
135.7,-34.63,1994,1,"018017",28
135.7,-34.63,1994,2,"018017",14.5
135.7,-34.63,1994,3,"018017",0
135.7,-34.63,1994,4,"018017",6
135.7,-34.63,1994,5,"018017",49.3
135.7,-34.63,1994,6,"018017",122.3
135.7,-34.63,1994,7,"018017",42.4
135.7,-34.63,1994,8,"018017",46
135.7,-34.63,1994,9,"018017",26.6
135.7,-34.63,1994,10,"018017",50
135.7,-34.63,1994,11,"018017",17.2
135.7,-34.63,1994,12,"018017",10.8
135.7,-34.63,1995,1,"018017",NA
135.7,-34.63,1995,2,"018017",NA
135.7,-34.63,1995,3,"018017",NA
135.7,-34.63,1995,4,"018017",24.3
135.7,-34.63,1995,5,"018017",80.4
135.7,-34.63,1995,6,"018017",88.2
135.7,-34.63,1995,7,"018017",134.6
135.7,-34.63,1995,8,"018017",28.6
135.7,-34.63,1995,9,"018017",55
135.7,-34.63,1995,10,"018017",23.2
135.7,-34.63,1995,11,"018017",39.8
135.7,-34.63,1995,12,"018017",2.6
135.7,-34.63,1996,1,"018017",NA
135.7,-34.63,1996,2,"018017",NA
135.7,-34.63,1996,3,"018017",17.2
135.7,-34.63,1996,4,"018017",0
135.7,-34.63,1996,5,"018017",31.8
135.7,-34.63,1996,6,"018017",NA
135.7,-34.63,1996,7,"018017",108.2
135.7,-34.63,1996,8,"018017",85.2
135.7,-34.63,1996,9,"018017",79
135.7,-34.63,1996,10,"018017",37.8
135.7,-34.63,1996,11,"018017",2
135.7,-34.63,1996,12,"018017",2.4
135.7,-34.63,1997,1,"018017",18.2
135.7,-34.63,1997,2,"018017",8
135.7,-34.63,1997,3,"018017",5.6
135.7,-34.63,1997,4,"018017",2.8
135.7,-34.63,1997,5,"018017",87.8
135.7,-34.63,1997,6,"018017",73.6
135.7,-34.63,1997,7,"018017",50.4
135.7,-34.63,1997,8,"018017",79.9
135.7,-34.63,1997,9,"018017",71.8
135.7,-34.63,1997,10,"018017",NA
135.7,-34.63,1997,11,"018017",NA
135.7,-34.63,1997,12,"018017",29.4
135.7,-34.63,1998,1,"018017",4
135.7,-34.63,1998,2,"018017",5
135.7,-34.63,1998,3,"018017",7.6
135.7,-34.63,1998,4,"018017",72.8
135.7,-34.63,1998,5,"018017",26
135.7,-34.63,1998,6,"018017",117.6
135.7,-34.63,1998,7,"018017",72.3
135.7,-34.63,1998,8,"018017",41.1
135.7,-34.63,1998,9,"018017",21.6
135.7,-34.63,1998,10,"018017",29.3
135.7,-34.63,1998,11,"018017",14.3
135.7,-34.63,1998,12,"018017",21.6
135.7,-34.63,1999,1,"018017",28.4
135.7,-34.63,1999,2,"018017",3.6
135.7,-34.63,1999,3,"018017",42
135.7,-34.63,1999,4,"018017",3.5
135.7,-34.63,1999,5,"018017",81.2
135.7,-34.63,1999,6,"018017",58.2
135.7,-34.63,1999,7,"018017",67.3
135.7,-34.63,1999,8,"018017",67.4
135.7,-34.63,1999,9,"018017",51.8
135.7,-34.63,1999,10,"018017",51.9
135.7,-34.63,1999,11,"018017",23.2
135.7,-34.63,1999,12,"018017",28.4
135.7,-34.63,2000,1,"018017",7.6
135.7,-34.63,2000,2,"018017",40.6
135.7,-34.63,2000,3,"018017",18.3
135.7,-34.63,2000,4,"018017",42.7
135.7,-34.63,2000,5,"018017",88.5
135.7,-34.63,2000,6,"018017",118.7
135.7,-34.63,2000,7,"018017",109.3
135.7,-34.63,2000,8,"018017",91.3
135.7,-34.63,2000,9,"018017",49.1
135.7,-34.63,2000,10,"018017",80.7
135.7,-34.63,2000,11,"018017",7.9
135.7,-34.63,2000,12,"018017",0
135.7,-34.63,2001,1,"018017",3.8
135.7,-34.63,2001,2,"018017",51.6
135.7,-34.63,2001,3,"018017",66.2
135.7,-34.63,2001,4,"018017",5.8
135.7,-34.63,2001,5,"018017",NA
135.7,-34.63,2001,6,"018017",79.4
135.7,-34.63,2001,7,"018017",61.8
135.7,-34.63,2001,8,"018017",78.3
135.7,-34.63,2001,9,"018017",NA
135.7,-34.63,2001,10,"018017",NA
135.7,-34.63,2001,11,"018017",44.2
135.7,-34.63,2001,12,"018017",36.2
135.7,-34.63,2002,1,"018017",8.4
135.7,-34.63,2002,2,"018017",0.8
135.7,-34.63,2002,3,"018017",18.4
135.7,-34.63,2002,4,"018017",16.4
135.7,-34.63,2002,5,"018017",70.5
135.7,-34.63,2002,6,"018017",78.7
135.7,-34.63,2002,7,"018017",74.4
135.7,-34.63,2002,8,"018017",60.5
135.7,-34.63,2002,9,"018017",57.1
135.7,-34.63,2002,10,"018017",NA
135.7,-34.63,2002,11,"018017",19.7
135.7,-34.63,2002,12,"018017",19.9
135.7,-34.63,2003,1,"018017",42.6
135.7,-34.63,2003,2,"018017",28.3
135.7,-34.63,2003,3,"018017",5
135.7,-34.63,2003,4,"018017",7.7
135.7,-34.63,2003,5,"018017",88.4
135.7,-34.63,2003,6,"018017",109
135.7,-34.63,2003,7,"018017",70.8
135.7,-34.63,2003,8,"018017",NA
135.7,-34.63,2003,9,"018017",48.1
135.7,-34.63,2003,10,"018017",54.4
135.7,-34.63,2003,11,"018017",25.1
135.7,-34.63,2003,12,"018017",16.8
135.7,-34.63,2004,1,"018017",15.6
135.7,-34.63,2004,2,"018017",10
135.7,-34.63,2004,3,"018017",22.4
135.7,-34.63,2004,4,"018017",27.5
135.7,-34.63,2004,5,"018017",71.1
135.7,-34.63,2004,6,"018017",99.9
135.7,-34.63,2004,7,"018017",NA
135.7,-34.63,2004,8,"018017",NA
135.7,-34.63,2004,9,"018017",NA
135.7,-34.63,2004,10,"018017",7.5
135.7,-34.63,2004,11,"018017",43.8
135.7,-34.63,2004,12,"018017",20.3
135.7,-34.63,2005,1,"018017",0
135.7,-34.63,2005,2,"018017",3.7
135.7,-34.63,2005,3,"018017",17.6
135.7,-34.63,2005,4,"018017",NA
135.7,-34.63,2005,5,"018017",16.2
135.7,-34.63,2005,6,"018017",NA
135.7,-34.63,2005,7,"018017",53.5
135.7,-34.63,2005,8,"018017",NA
135.7,-34.63,2005,9,"018017",90.3
135.7,-34.63,2005,10,"018017",71.7
135.7,-34.63,2005,11,"018017",50.4
135.7,-34.63,2005,12,"018017",29
135.7,-34.63,2006,1,"018017",NA
135.7,-34.63,2006,2,"018017",38.6
135.7,-34.63,2006,3,"018017",66.4
135.7,-34.63,2006,4,"018017",46.6
135.7,-34.63,2006,5,"018017",39.9
135.7,-34.63,2006,6,"018017",71.2
135.7,-34.63,2006,7,"018017",86
135.7,-34.63,2006,8,"018017",16.4
135.7,-34.63,2006,9,"018017",18
135.7,-34.63,2006,10,"018017",2.6
135.7,-34.63,2006,11,"018017",3.6
135.7,-34.63,2006,12,"018017",24.3
135.7,-34.63,2007,1,"018017",21.5
135.7,-34.63,2007,2,"018017",0.6
135.7,-34.63,2007,3,"018017",66.3
135.7,-34.63,2007,4,"018017",NA
135.7,-34.63,2007,5,"018017",82.8
135.7,-34.63,2007,6,"018017",68.5
135.7,-34.63,2007,7,"018017",86
135.7,-34.63,2007,8,"018017",22.2
135.7,-34.63,2007,9,"018017",36.4
135.7,-34.63,2007,10,"018017",NA
135.7,-34.63,2007,11,"018017",12.4
135.7,-34.63,2007,12,"018017",34
135.7,-34.63,2008,1,"018017",2.6
135.7,-34.63,2008,2,"018017",8.6
135.7,-34.63,2008,3,"018017",13.7
135.7,-34.63,2008,4,"018017",39.6
135.7,-34.63,2008,5,"018017",73.4
135.7,-34.63,2008,6,"018017",40
135.7,-34.63,2008,7,"018017",103.3
135.7,-34.63,2008,8,"018017",90.6
135.7,-34.63,2008,9,"018017",26.3
135.7,-34.63,2008,10,"018017",4.6
135.7,-34.63,2008,11,"018017",40.2
135.7,-34.63,2008,12,"018017",28.2
135.7,-34.63,2009,1,"018017",2
135.7,-34.63,2009,2,"018017",0
135.7,-34.63,2009,3,"018017",37.1
135.7,-34.63,2009,4,"018017",63
135.7,-34.63,2009,5,"018017",22.4
135.7,-34.63,2009,6,"018017",165.2
135.7,-34.63,2009,7,"018017",113.8
135.7,-34.63,2009,8,"018017",58.6
135.7,-34.63,2009,9,"018017",NA
135.7,-34.63,2009,10,"018017",NA
135.7,-34.63,2009,11,"018017",18.8
135.7,-34.63,2009,12,"018017",11.4
135.7,-34.63,2010,1,"018017",42.7
135.7,-34.63,2010,2,"018017",14.8
135.7,-34.63,2010,3,"018017",42.4
135.7,-34.63,2010,4,"018017",32.8
135.7,-34.63,2010,5,"018017",45.5
135.7,-34.63,2010,6,"018017",70
135.7,-34.63,2010,7,"018017",58
135.7,-34.63,2010,8,"018017",126
135.7,-34.63,2010,9,"018017",106.8
135.7,-34.63,2010,10,"018017",40.9
135.7,-34.63,2010,11,"018017",38.9
135.7,-34.63,2010,12,"018017",37.4
135.7,-34.63,2011,1,"018017",4.8
135.7,-34.63,2011,2,"018017",48.2
135.7,-34.63,2011,3,"018017",39
135.7,-34.63,2011,4,"018017",30.2
135.7,-34.63,2011,5,"018017",63
135.7,-34.63,2011,6,"018017",68.5
135.7,-34.63,2011,7,"018017",124.2
135.7,-34.63,2011,8,"018017",86.1
135.7,-34.63,2011,9,"018017",52.2
135.7,-34.63,2011,10,"018017",52.1
135.7,-34.63,2011,11,"018017",13.2
135.7,-34.63,2011,12,"018017",30.4
135.7,-34.63,2012,1,"018017",2.6
135.7,-34.63,2012,2,"018017",15.8
135.7,-34.63,2012,3,"018017",7.4
135.7,-34.63,2012,4,"018017",32.5
135.7,-34.63,2012,5,"018017",71.5
135.7,-34.63,2012,6,"018017",97.6
135.7,-34.63,2012,7,"018017",67.4
135.7,-34.63,2012,8,"018017",70.6
135.7,-34.63,2012,9,"018017",NA
135.7,-34.63,2012,10,"018017",12.4
135.7,-34.63,2012,11,"018017",8.4
135.7,-34.63,2012,12,"018017",4.2
135.7,-34.63,2013,1,"018017",8
135.7,-34.63,2013,2,"018017",4.2
135.7,-34.63,2013,3,"018017",15
135.7,-34.63,2013,4,"018017",29
135.7,-34.63,2013,5,"018017",49
135.7,-34.63,2013,6,"018017",141.4
135.7,-34.63,2013,7,"018017",111.6
135.7,-34.63,2013,8,"018017",116.7
135.7,-34.63,2013,9,"018017",77.6
135.7,-34.63,2013,10,"018017",31.4
135.7,-34.63,2013,11,"018017",31.2
135.7,-34.63,2013,12,"018017",15.6
135.7,-34.63,2014,1,"018017",14.9
135.7,-34.63,2014,2,"018017",37
135.7,-34.63,2014,3,"018017",9.2
135.7,-34.63,2014,4,"018017",54.4
135.7,-34.63,2014,5,"018017",113.2
135.7,-34.63,2014,6,"018017",169
135.7,-34.63,2014,7,"018017",83.4
135.7,-34.63,2014,8,"018017",23
135.7,-34.63,2014,9,"018017",28.5
135.7,-34.63,2014,10,"018017",0.9
135.7,-34.63,2014,11,"018017",11.2
135.7,-34.63,2014,12,"018017",14
135.7,-34.63,2015,1,"018017",20
135.7,-34.63,2015,2,"018017",0
135.7,-34.63,2015,3,"018017",8.3
135.7,-34.63,2015,4,"018017",76.4
135.7,-34.63,2015,5,"018017",34.9
135.7,-34.63,2015,6,"018017",44.9
135.7,-34.63,2015,7,"018017",49
135.7,-34.63,2015,8,"018017",89.2
135.7,-34.63,2015,9,"018017",50.7
135.7,-34.63,2015,10,"018017",5.4
135.7,-34.63,2015,11,"018017",29.8
135.7,-34.63,2015,12,"018017",5.6
135.7,-34.63,2016,1,"018017",18.8
135.7,-34.63,2016,2,"018017",97.3
135.7,-34.63,2016,3,"018017",9.8
135.7,-34.63,2016,4,"018017",24.4
135.7,-34.63,2016,5,"018017",79
135.7,-34.63,2016,6,"018017",121.8
135.7,-34.63,2016,7,"018017",84.2
135.7,-34.63,2016,8,"018017",53.6
135.7,-34.63,2016,9,"018017",81.7
135.7,-34.63,2016,10,"018017",48.4
135.7,-34.63,2016,11,"018017",13
135.7,-34.63,2016,12,"018017",38.3
135.7,-34.63,2017,1,"018017",NA
135.7,-34.63,2017,2,"018017",NA
135.7,-34.63,2017,3,"018017",NA
135.7,-34.63,2017,4,"018017",NA
135.7,-34.63,2017,5,"018017",NA
135.7,-34.63,2017,6,"018017",NA
135.7,-34.63,2017,7,"018017",NA
135.7,-34.63,2017,8,"018017",105.8
135.7,-34.63,2017,9,"018017",58.9
135.7,-34.63,2017,10,"018017",20
135.7,-34.63,2017,11,"018017",61.2
135.7,-34.63,2017,12,"018017",36.8
135.7,-34.63,2018,1,"018017",7.4
135.7,-34.63,2018,2,"018017",17.4
135.7,-34.63,2018,3,"018017",2.7
135.7,-34.63,2018,4,"018017",22.3
135.7,-34.63,2018,5,"018017",41
135.7,-34.63,2018,6,"018017",49
135.7,-34.63,2018,7,"018017",62.4
135.7,-34.63,2018,8,"018017",165.6
135.7,-34.63,2018,9,"018017",12.8
135.7,-34.63,2018,10,"018017",39.4
135.7,-34.63,2018,11,"018017",39.4
135.7,-34.63,2018,12,"018017",14
135.7,-34.63,2019,1,"018017",0
135.7,-34.63,2019,2,"018017",7.2
135.7,-34.63,2019,3,"018017",5.3
135.7,-34.63,2019,4,"018017",10
135.7,-34.63,2019,5,"018017",142.7
135.7,-34.63,2019,6,"018017",65.4
135.7,-34.63,2019,7,"018017",47
135.7,-34.63,2019,8,"018017",63
135.7,-34.63,2019,9,"018017",33.6
135.7,-34.63,2019,10,"018017",12.4
135.7,-34.63,2019,11,"018017",13.5
135.7,-34.63,2019,12,"018017",1.2
135.7,-34.63,2020,1,"018017",47.5
135.7,-34.63,2020,2,"018017",1.2
135.7,-34.63,2020,3,"018017",10.2
135.7,-34.63,2020,4,"018017",84.5
135.7,-34.63,2020,5,"018017",71.5
135.7,-34.63,2020,6,"018017",72
135.7,-34.63,2020,7,"018017",41
135.7,-34.63,2020,8,"018017",92.5
135.7,-34.63,2020,9,"018017",67.2
135.7,-34.63,2020,10,"018017",87.4
135.7,-34.63,2020,11,"018017",15.8
135.7,-34.63,2020,12,"018017",13.6
135.7,-34.63,2021,1,"018017",14.7
135.7,-34.63,2021,2,"018017",30.4
135.7,-34.63,2021,3,"018017",4.4
135.7,-34.63,2021,4,"018017",19
135.7,-34.63,2021,5,"018017",43
135.7,-34.63,2021,6,"018017",94.7
135.7,-34.63,2021,7,"018017",NA
135.7,-34.63,2021,8,"018017",NA
135.7,-34.63,2021,9,"018017",NA
135.7,-34.63,2021,10,"018017",NA
135.7,-34.63,2021,11,"018017",NA
135.7,-34.63,2021,12,"018017",NA
