"Lon","Lat","Year","Month","Station","Rain"
149.12,-28.23,1934,1,"042003",NA
149.12,-28.23,1934,2,"042003",NA
149.12,-28.23,1934,3,"042003",NA
149.12,-28.23,1934,4,"042003",24.9
149.12,-28.23,1934,5,"042003",43.6
149.12,-28.23,1934,6,"042003",15.8
149.12,-28.23,1934,7,"042003",31.5
149.12,-28.23,1934,8,"042003",28.9
149.12,-28.23,1934,9,"042003",16.2
149.12,-28.23,1934,10,"042003",116
149.12,-28.23,1934,11,"042003",53.6
149.12,-28.23,1934,12,"042003",25.8
149.12,-28.23,1935,1,"042003",54.9
149.12,-28.23,1935,2,"042003",1.8
149.12,-28.23,1935,3,"042003",0
149.12,-28.23,1935,4,"042003",6.1
149.12,-28.23,1935,5,"042003",1
149.12,-28.23,1935,6,"042003",10.9
149.12,-28.23,1935,7,"042003",23.4
149.12,-28.23,1935,8,"042003",9.1
149.12,-28.23,1935,9,"042003",77.4
149.12,-28.23,1935,10,"042003",21.2
149.12,-28.23,1935,11,"042003",14.5
149.12,-28.23,1935,12,"042003",26.6
149.12,-28.23,1936,1,"042003",59.4
149.12,-28.23,1936,2,"042003",52.8
149.12,-28.23,1936,3,"042003",37.2
149.12,-28.23,1936,4,"042003",3
149.12,-28.23,1936,5,"042003",19.6
149.12,-28.23,1936,6,"042003",14
149.12,-28.23,1936,7,"042003",56.7
149.12,-28.23,1936,8,"042003",22.6
149.12,-28.23,1936,9,"042003",11.6
149.12,-28.23,1936,10,"042003",18.1
149.12,-28.23,1936,11,"042003",5.1
149.12,-28.23,1936,12,"042003",141.6
149.12,-28.23,1937,1,"042003",49.2
149.12,-28.23,1937,2,"042003",90
149.12,-28.23,1937,3,"042003",186.7
149.12,-28.23,1937,4,"042003",1.8
149.12,-28.23,1937,5,"042003",1
149.12,-28.23,1937,6,"042003",29.5
149.12,-28.23,1937,7,"042003",19.3
149.12,-28.23,1937,8,"042003",5.1
149.12,-28.23,1937,9,"042003",12.1
149.12,-28.23,1937,10,"042003",19.3
149.12,-28.23,1937,11,"042003",81.1
149.12,-28.23,1937,12,"042003",5.6
149.12,-28.23,1938,1,"042003",24.8
149.12,-28.23,1938,2,"042003",18.5
149.12,-28.23,1938,3,"042003",4.8
149.12,-28.23,1938,4,"042003",25.4
149.12,-28.23,1938,5,"042003",47.5
149.12,-28.23,1938,6,"042003",32.7
149.12,-28.23,1938,7,"042003",4.5
149.12,-28.23,1938,8,"042003",27.2
149.12,-28.23,1938,9,"042003",28.7
149.12,-28.23,1938,10,"042003",47
149.12,-28.23,1938,11,"042003",81.3
149.12,-28.23,1938,12,"042003",0
149.12,-28.23,1939,1,"042003",51.9
149.12,-28.23,1939,2,"042003",5.3
149.12,-28.23,1939,3,"042003",131.5
149.12,-28.23,1939,4,"042003",40.5
149.12,-28.23,1939,5,"042003",11.9
149.12,-28.23,1939,6,"042003",30.9
149.12,-28.23,1939,7,"042003",29.2
149.12,-28.23,1939,8,"042003",37.9
149.12,-28.23,1939,9,"042003",11.4
149.12,-28.23,1939,10,"042003",10.4
149.12,-28.23,1939,11,"042003",39
149.12,-28.23,1939,12,"042003",13.7
149.12,-28.23,1940,1,"042003",9.9
149.12,-28.23,1940,2,"042003",92.4
149.12,-28.23,1940,3,"042003",87.7
149.12,-28.23,1940,4,"042003",9.4
149.12,-28.23,1940,5,"042003",17
149.12,-28.23,1940,6,"042003",3.3
149.12,-28.23,1940,7,"042003",0
149.12,-28.23,1940,8,"042003",1.8
149.12,-28.23,1940,9,"042003",28.5
149.12,-28.23,1940,10,"042003",15.2
149.12,-28.23,1940,11,"042003",6.1
149.12,-28.23,1940,12,"042003",132.2
149.12,-28.23,1941,1,"042003",289.3
149.12,-28.23,1941,2,"042003",10.6
149.12,-28.23,1941,3,"042003",178.4
149.12,-28.23,1941,4,"042003",3.3
149.12,-28.23,1941,5,"042003",8.4
149.12,-28.23,1941,6,"042003",18.7
149.12,-28.23,1941,7,"042003",4.1
149.12,-28.23,1941,8,"042003",3.8
149.12,-28.23,1941,9,"042003",2.8
149.12,-28.23,1941,10,"042003",26.4
149.12,-28.23,1941,11,"042003",51.6
149.12,-28.23,1941,12,"042003",3.8
149.12,-28.23,1942,1,"042003",50.6
149.12,-28.23,1942,2,"042003",24.7
149.12,-28.23,1942,3,"042003",14.7
149.12,-28.23,1942,4,"042003",3.5
149.12,-28.23,1942,5,"042003",15.2
149.12,-28.23,1942,6,"042003",9.9
149.12,-28.23,1942,7,"042003",34.3
149.12,-28.23,1942,8,"042003",5.1
149.12,-28.23,1942,9,"042003",3.9
149.12,-28.23,1942,10,"042003",44
149.12,-28.23,1942,11,"042003",58.7
149.12,-28.23,1942,12,"042003",220.8
149.12,-28.23,1943,1,"042003",55.1
149.12,-28.23,1943,2,"042003",6.4
149.12,-28.23,1943,3,"042003",9.1
149.12,-28.23,1943,4,"042003",31.7
149.12,-28.23,1943,5,"042003",19.3
149.12,-28.23,1943,6,"042003",16.5
149.12,-28.23,1943,7,"042003",17
149.12,-28.23,1943,8,"042003",41.4
149.12,-28.23,1943,9,"042003",20
149.12,-28.23,1943,10,"042003",17
149.12,-28.23,1943,11,"042003",54
149.12,-28.23,1943,12,"042003",32.8
149.12,-28.23,1944,1,"042003",31.3
149.12,-28.23,1944,2,"042003",3.6
149.12,-28.23,1944,3,"042003",12.7
149.12,-28.23,1944,4,"042003",0
149.12,-28.23,1944,5,"042003",17.8
149.12,-28.23,1944,6,"042003",18.3
149.12,-28.23,1944,7,"042003",49.7
149.12,-28.23,1944,8,"042003",56.1
149.12,-28.23,1944,9,"042003",15.7
149.12,-28.23,1944,10,"042003",5.8
149.12,-28.23,1944,11,"042003",14
149.12,-28.23,1944,12,"042003",2
149.12,-28.23,1945,1,"042003",78.6
149.12,-28.23,1945,2,"042003",106
149.12,-28.23,1945,3,"042003",1.8
149.12,-28.23,1945,4,"042003",15.5
149.12,-28.23,1945,5,"042003",37.6
149.12,-28.23,1945,6,"042003",40.7
149.12,-28.23,1945,7,"042003",38.4
149.12,-28.23,1945,8,"042003",36.6
149.12,-28.23,1945,9,"042003",0.8
149.12,-28.23,1945,10,"042003",5.1
149.12,-28.23,1945,11,"042003",20.4
149.12,-28.23,1945,12,"042003",37.9
149.12,-28.23,1946,1,"042003",71.8
149.12,-28.23,1946,2,"042003",8.4
149.12,-28.23,1946,3,"042003",14.8
149.12,-28.23,1946,4,"042003",27
149.12,-28.23,1946,5,"042003",0
149.12,-28.23,1946,6,"042003",2.5
149.12,-28.23,1946,7,"042003",1
149.12,-28.23,1946,8,"042003",0
149.12,-28.23,1946,9,"042003",81.3
149.12,-28.23,1946,10,"042003",3.8
149.12,-28.23,1946,11,"042003",60.4
149.12,-28.23,1946,12,"042003",67
149.12,-28.23,1947,1,"042003",26.9
149.12,-28.23,1947,2,"042003",170.3
149.12,-28.23,1947,3,"042003",197.8
149.12,-28.23,1947,4,"042003",12.7
149.12,-28.23,1947,5,"042003",24.9
149.12,-28.23,1947,6,"042003",15.7
149.12,-28.23,1947,7,"042003",10.7
149.12,-28.23,1947,8,"042003",95.7
149.12,-28.23,1947,9,"042003",46.6
149.12,-28.23,1947,10,"042003",58.9
149.12,-28.23,1947,11,"042003",163.2
149.12,-28.23,1947,12,"042003",122.9
149.12,-28.23,1948,1,"042003",62.3
149.12,-28.23,1948,2,"042003",10.7
149.12,-28.23,1948,3,"042003",85.8
149.12,-28.23,1948,4,"042003",10.4
149.12,-28.23,1948,5,"042003",87.1
149.12,-28.23,1948,6,"042003",65.3
149.12,-28.23,1948,7,"042003",29.2
149.12,-28.23,1948,8,"042003",4.1
149.12,-28.23,1948,9,"042003",28.1
149.12,-28.23,1948,10,"042003",5.1
149.12,-28.23,1948,11,"042003",18.1
149.12,-28.23,1948,12,"042003",65.8
149.12,-28.23,1949,1,"042003",32.3
149.12,-28.23,1949,2,"042003",92.5
149.12,-28.23,1949,3,"042003",50.1
149.12,-28.23,1949,4,"042003",22.4
149.12,-28.23,1949,5,"042003",4.3
149.12,-28.23,1949,6,"042003",43.2
149.12,-28.23,1949,7,"042003",0
149.12,-28.23,1949,8,"042003",6.9
149.12,-28.23,1949,9,"042003",94.2
149.12,-28.23,1949,10,"042003",106.2
149.12,-28.23,1949,11,"042003",71.6
149.12,-28.23,1949,12,"042003",12.2
149.12,-28.23,1950,1,"042003",50.3
149.12,-28.23,1950,2,"042003",83.2
149.12,-28.23,1950,3,"042003",40.7
149.12,-28.23,1950,4,"042003",72.2
149.12,-28.23,1950,5,"042003",28.9
149.12,-28.23,1950,6,"042003",72.1
149.12,-28.23,1950,7,"042003",254
149.12,-28.23,1950,8,"042003",10.7
149.12,-28.23,1950,9,"042003",34.6
149.12,-28.23,1950,10,"042003",100.2
149.12,-28.23,1950,11,"042003",196.1
149.12,-28.23,1950,12,"042003",13.5
149.12,-28.23,1951,1,"042003",138.5
149.12,-28.23,1951,2,"042003",27.1
149.12,-28.23,1951,3,"042003",53.5
149.12,-28.23,1951,4,"042003",11.9
149.12,-28.23,1951,5,"042003",18.8
149.12,-28.23,1951,6,"042003",31.8
149.12,-28.23,1951,7,"042003",0
149.12,-28.23,1951,8,"042003",25.7
149.12,-28.23,1951,9,"042003",28.4
149.12,-28.23,1951,10,"042003",32.5
149.12,-28.23,1951,11,"042003",17.5
149.12,-28.23,1951,12,"042003",29.7
149.12,-28.23,1952,1,"042003",7.1
149.12,-28.23,1952,2,"042003",86.1
149.12,-28.23,1952,3,"042003",81.8
149.12,-28.23,1952,4,"042003",31.7
149.12,-28.23,1952,5,"042003",61.3
149.12,-28.23,1952,6,"042003",25.2
149.12,-28.23,1952,7,"042003",45
149.12,-28.23,1952,8,"042003",29.2
149.12,-28.23,1952,9,"042003",8.4
149.12,-28.23,1952,10,"042003",136.3
149.12,-28.23,1952,11,"042003",9.4
149.12,-28.23,1952,12,"042003",20
149.12,-28.23,1953,1,"042003",21
149.12,-28.23,1953,2,"042003",342.2
149.12,-28.23,1953,3,"042003",31
149.12,-28.23,1953,4,"042003",33
149.12,-28.23,1953,5,"042003",65.4
149.12,-28.23,1953,6,"042003",0
149.12,-28.23,1953,7,"042003",9.9
149.12,-28.23,1953,8,"042003",57
149.12,-28.23,1953,9,"042003",1
149.12,-28.23,1953,10,"042003",82.5
149.12,-28.23,1953,11,"042003",60.4
149.12,-28.23,1953,12,"042003",1.3
149.12,-28.23,1954,1,"042003",66.9
149.12,-28.23,1954,2,"042003",119.2
149.12,-28.23,1954,3,"042003",0
149.12,-28.23,1954,4,"042003",0.5
149.12,-28.23,1954,5,"042003",3.1
149.12,-28.23,1954,6,"042003",20.5
149.12,-28.23,1954,7,"042003",146.4
149.12,-28.23,1954,8,"042003",12.8
149.12,-28.23,1954,9,"042003",30.3
149.12,-28.23,1954,10,"042003",215.6
149.12,-28.23,1954,11,"042003",98.6
149.12,-28.23,1954,12,"042003",42.6
149.12,-28.23,1955,1,"042003",207.6
149.12,-28.23,1955,2,"042003",73
149.12,-28.23,1955,3,"042003",21.6
149.12,-28.23,1955,4,"042003",98.1
149.12,-28.23,1955,5,"042003",40.4
149.12,-28.23,1955,6,"042003",4.1
149.12,-28.23,1955,7,"042003",50.1
149.12,-28.23,1955,8,"042003",29.1
149.12,-28.23,1955,9,"042003",10.7
149.12,-28.23,1955,10,"042003",47.3
149.12,-28.23,1955,11,"042003",22.7
149.12,-28.23,1955,12,"042003",64.5
149.12,-28.23,1956,1,"042003",115.4
149.12,-28.23,1956,2,"042003",101.8
149.12,-28.23,1956,3,"042003",110.2
149.12,-28.23,1956,4,"042003",64.7
149.12,-28.23,1956,5,"042003",61.9
149.12,-28.23,1956,6,"042003",76.5
149.12,-28.23,1956,7,"042003",35.7
149.12,-28.23,1956,8,"042003",0
149.12,-28.23,1956,9,"042003",35.2
149.12,-28.23,1956,10,"042003",23.3
149.12,-28.23,1956,11,"042003",36.6
149.12,-28.23,1956,12,"042003",81.6
149.12,-28.23,1957,1,"042003",73
149.12,-28.23,1957,2,"042003",25.3
149.12,-28.23,1957,3,"042003",44.3
149.12,-28.23,1957,4,"042003",36.3
149.12,-28.23,1957,5,"042003",0
149.12,-28.23,1957,6,"042003",48.6
149.12,-28.23,1957,7,"042003",6.3
149.12,-28.23,1957,8,"042003",1.3
149.12,-28.23,1957,9,"042003",0.5
149.12,-28.23,1957,10,"042003",19.6
149.12,-28.23,1957,11,"042003",11.6
149.12,-28.23,1957,12,"042003",14.2
149.12,-28.23,1958,1,"042003",62.7
149.12,-28.23,1958,2,"042003",59.9
149.12,-28.23,1958,3,"042003",104.6
149.12,-28.23,1958,4,"042003",53.7
149.12,-28.23,1958,5,"042003",3.8
149.12,-28.23,1958,6,"042003",145.2
149.12,-28.23,1958,7,"042003",1.5
149.12,-28.23,1958,8,"042003",35
149.12,-28.23,1958,9,"042003",30.7
149.12,-28.23,1958,10,"042003",23
149.12,-28.23,1958,11,"042003",17.2
149.12,-28.23,1958,12,"042003",74.8
149.12,-28.23,1959,1,"042003",172.1
149.12,-28.23,1959,2,"042003",162.6
149.12,-28.23,1959,3,"042003",35.6
149.12,-28.23,1959,4,"042003",4.9
149.12,-28.23,1959,5,"042003",34
149.12,-28.23,1959,6,"042003",5.6
149.12,-28.23,1959,7,"042003",58.2
149.12,-28.23,1959,8,"042003",0.8
149.12,-28.23,1959,9,"042003",7.2
149.12,-28.23,1959,10,"042003",74.9
149.12,-28.23,1959,11,"042003",65.3
149.12,-28.23,1959,12,"042003",31
149.12,-28.23,1960,1,"042003",52.8
149.12,-28.23,1960,2,"042003",43.5
149.12,-28.23,1960,3,"042003",49.3
149.12,-28.23,1960,4,"042003",16.9
149.12,-28.23,1960,5,"042003",38.6
149.12,-28.23,1960,6,"042003",15
149.12,-28.23,1960,7,"042003",31.5
149.12,-28.23,1960,8,"042003",28.4
149.12,-28.23,1960,9,"042003",18.5
149.12,-28.23,1960,10,"042003",28.2
149.12,-28.23,1960,11,"042003",38.3
149.12,-28.23,1960,12,"042003",30.5
149.12,-28.23,1961,1,"042003",29.8
149.12,-28.23,1961,2,"042003",74.2
149.12,-28.23,1961,3,"042003",41.5
149.12,-28.23,1961,4,"042003",31.5
149.12,-28.23,1961,5,"042003",48.5
149.12,-28.23,1961,6,"042003",22.6
149.12,-28.23,1961,7,"042003",32.2
149.12,-28.23,1961,8,"042003",21.3
149.12,-28.23,1961,9,"042003",1.8
149.12,-28.23,1961,10,"042003",102.3
149.12,-28.23,1961,11,"042003",129.1
149.12,-28.23,1961,12,"042003",45
149.12,-28.23,1962,1,"042003",193.7
149.12,-28.23,1962,2,"042003",18.8
149.12,-28.23,1962,3,"042003",152.5
149.12,-28.23,1962,4,"042003",58.9
149.12,-28.23,1962,5,"042003",14.5
149.12,-28.23,1962,6,"042003",14.8
149.12,-28.23,1962,7,"042003",21.9
149.12,-28.23,1962,8,"042003",41.7
149.12,-28.23,1962,9,"042003",31.7
149.12,-28.23,1962,10,"042003",16.4
149.12,-28.23,1962,11,"042003",32.5
149.12,-28.23,1962,12,"042003",95.7
149.12,-28.23,1963,1,"042003",160.3
149.12,-28.23,1963,2,"042003",8.9
149.12,-28.23,1963,3,"042003",200.9
149.12,-28.23,1963,4,"042003",6.4
149.12,-28.23,1963,5,"042003",81.1
149.12,-28.23,1963,6,"042003",12.9
149.12,-28.23,1963,7,"042003",0
149.12,-28.23,1963,8,"042003",51.8
149.12,-28.23,1963,9,"042003",49.4
149.12,-28.23,1963,10,"042003",3.3
149.12,-28.23,1963,11,"042003",41.9
149.12,-28.23,1963,12,"042003",63.4
149.12,-28.23,1964,1,"042003",34
149.12,-28.23,1964,2,"042003",31.3
149.12,-28.23,1964,3,"042003",13.2
149.12,-28.23,1964,4,"042003",43.9
149.12,-28.23,1964,5,"042003",55.6
149.12,-28.23,1964,6,"042003",10.9
149.12,-28.23,1964,7,"042003",31.2
149.12,-28.23,1964,8,"042003",15.7
149.12,-28.23,1964,9,"042003",86.2
149.12,-28.23,1964,10,"042003",54.4
149.12,-28.23,1964,11,"042003",28.8
149.12,-28.23,1964,12,"042003",57.1
149.12,-28.23,1965,1,"042003",25.5
149.12,-28.23,1965,2,"042003",37.6
149.12,-28.23,1965,3,"042003",2.8
149.12,-28.23,1965,4,"042003",2
149.12,-28.23,1965,5,"042003",1.8
149.12,-28.23,1965,6,"042003",9.7
149.12,-28.23,1965,7,"042003",33.2
149.12,-28.23,1965,8,"042003",8.7
149.12,-28.23,1965,9,"042003",28.7
149.12,-28.23,1965,10,"042003",11.7
149.12,-28.23,1965,11,"042003",4.1
149.12,-28.23,1965,12,"042003",164
149.12,-28.23,1966,1,"042003",52.3
149.12,-28.23,1966,2,"042003",9.1
149.12,-28.23,1966,3,"042003",13.2
149.12,-28.23,1966,4,"042003",0.8
149.12,-28.23,1966,5,"042003",3.3
149.12,-28.23,1966,6,"042003",45.5
149.12,-28.23,1966,7,"042003",14.2
149.12,-28.23,1966,8,"042003",157.3
149.12,-28.23,1966,9,"042003",2
149.12,-28.23,1966,10,"042003",32.1
149.12,-28.23,1966,11,"042003",27.2
149.12,-28.23,1966,12,"042003",26.6
149.12,-28.23,1967,1,"042003",14.5
149.12,-28.23,1967,2,"042003",29.7
149.12,-28.23,1967,3,"042003",104.4
149.12,-28.23,1967,4,"042003",0
149.12,-28.23,1967,5,"042003",14
149.12,-28.23,1967,6,"042003",64.1
149.12,-28.23,1967,7,"042003",18.3
149.12,-28.23,1967,8,"042003",20.3
149.12,-28.23,1967,9,"042003",0
149.12,-28.23,1967,10,"042003",27.5
149.12,-28.23,1967,11,"042003",6.4
149.12,-28.23,1967,12,"042003",29.8
149.12,-28.23,1968,1,"042003",97.7
149.12,-28.23,1968,2,"042003",16.3
149.12,-28.23,1968,3,"042003",88.1
149.12,-28.23,1968,4,"042003",31
149.12,-28.23,1968,5,"042003",42.7
149.12,-28.23,1968,6,"042003",7.6
149.12,-28.23,1968,7,"042003",42.3
149.12,-28.23,1968,8,"042003",73.7
149.12,-28.23,1968,9,"042003",24.2
149.12,-28.23,1968,10,"042003",9.7
149.12,-28.23,1968,11,"042003",1.6
149.12,-28.23,1968,12,"042003",86.8
149.12,-28.23,1969,1,"042003",23.6
149.12,-28.23,1969,2,"042003",4.1
149.12,-28.23,1969,3,"042003",112.3
149.12,-28.23,1969,4,"042003",32
149.12,-28.23,1969,5,"042003",119.9
149.12,-28.23,1969,6,"042003",36
149.12,-28.23,1969,7,"042003",10.8
149.12,-28.23,1969,8,"042003",13.2
149.12,-28.23,1969,9,"042003",37.6
149.12,-28.23,1969,10,"042003",220.8
149.12,-28.23,1969,11,"042003",117.3
149.12,-28.23,1969,12,"042003",13.3
149.12,-28.23,1970,1,"042003",118.4
149.12,-28.23,1970,2,"042003",65.3
149.12,-28.23,1970,3,"042003",12.2
149.12,-28.23,1970,4,"042003",28.9
149.12,-28.23,1970,5,"042003",15.2
149.12,-28.23,1970,6,"042003",6.5
149.12,-28.23,1970,7,"042003",0
149.12,-28.23,1970,8,"042003",10.4
149.12,-28.23,1970,9,"042003",122.2
149.12,-28.23,1970,10,"042003",6.3
149.12,-28.23,1970,11,"042003",82.5
149.12,-28.23,1970,12,"042003",135.9
149.12,-28.23,1971,1,"042003",160
149.12,-28.23,1971,2,"042003",22.6
149.12,-28.23,1971,3,"042003",17
149.12,-28.23,1971,4,"042003",20.6
149.12,-28.23,1971,5,"042003",24.9
149.12,-28.23,1971,6,"042003",5.3
149.12,-28.23,1971,7,"042003",72.8
149.12,-28.23,1971,8,"042003",77.3
149.12,-28.23,1971,9,"042003",53.4
149.12,-28.23,1971,10,"042003",21.1
149.12,-28.23,1971,11,"042003",32.5
149.12,-28.23,1971,12,"042003",50.3
149.12,-28.23,1972,1,"042003",36.9
149.12,-28.23,1972,2,"042003",22
149.12,-28.23,1972,3,"042003",4.1
149.12,-28.23,1972,4,"042003",80.7
149.12,-28.23,1972,5,"042003",7.9
149.12,-28.23,1972,6,"042003",22.9
149.12,-28.23,1972,7,"042003",0
149.12,-28.23,1972,8,"042003",36.8
149.12,-28.23,1972,9,"042003",22.6
149.12,-28.23,1972,10,"042003",74.2
149.12,-28.23,1972,11,"042003",88
149.12,-28.23,1972,12,"042003",16.3
149.12,-28.23,1973,1,"042003",73.7
149.12,-28.23,1973,2,"042003",148.9
149.12,-28.23,1973,3,"042003",6.1
149.12,-28.23,1973,4,"042003",0
149.12,-28.23,1973,5,"042003",18.3
149.12,-28.23,1973,6,"042003",13.7
149.12,-28.23,1973,7,"042003",86.6
149.12,-28.23,1973,8,"042003",34.7
149.12,-28.23,1973,9,"042003",29.7
149.12,-28.23,1973,10,"042003",47.5
149.12,-28.23,1973,11,"042003",94.1
149.12,-28.23,1973,12,"042003",86
149.12,-28.23,1974,1,"042003",357.4
149.12,-28.23,1974,2,"042003",27.9
149.12,-28.23,1974,3,"042003",54.8
149.12,-28.23,1974,4,"042003",23.4
149.12,-28.23,1974,5,"042003",11.6
149.12,-28.23,1974,6,"042003",21
149.12,-28.23,1974,7,"042003",4.6
149.12,-28.23,1974,8,"042003",28.8
149.12,-28.23,1974,9,"042003",21.8
149.12,-28.23,1974,10,"042003",49.4
149.12,-28.23,1974,11,"042003",79.6
149.12,-28.23,1974,12,"042003",50.2
149.12,-28.23,1975,1,"042003",39.8
149.12,-28.23,1975,2,"042003",47.6
149.12,-28.23,1975,3,"042003",87.2
149.12,-28.23,1975,4,"042003",6.2
149.12,-28.23,1975,5,"042003",0
149.12,-28.23,1975,6,"042003",38.8
149.12,-28.23,1975,7,"042003",50.4
149.12,-28.23,1975,8,"042003",30.4
149.12,-28.23,1975,9,"042003",15.8
149.12,-28.23,1975,10,"042003",37
149.12,-28.23,1975,11,"042003",46.2
149.12,-28.23,1975,12,"042003",110.8
149.12,-28.23,1976,1,"042003",84.4
149.12,-28.23,1976,2,"042003",338.6
149.12,-28.23,1976,3,"042003",125.8
149.12,-28.23,1976,4,"042003",2.2
149.12,-28.23,1976,5,"042003",49
149.12,-28.23,1976,6,"042003",36.4
149.12,-28.23,1976,7,"042003",26.2
149.12,-28.23,1976,8,"042003",3.6
149.12,-28.23,1976,9,"042003",24.2
149.12,-28.23,1976,10,"042003",26.8
149.12,-28.23,1976,11,"042003",46.6
149.12,-28.23,1976,12,"042003",34.6
149.12,-28.23,1977,1,"042003",84.4
149.12,-28.23,1977,2,"042003",85.2
149.12,-28.23,1977,3,"042003",77.6
149.12,-28.23,1977,4,"042003",42.8
149.12,-28.23,1977,5,"042003",106.4
149.12,-28.23,1977,6,"042003",20.4
149.12,-28.23,1977,7,"042003",4.8
149.12,-28.23,1977,8,"042003",7.2
149.12,-28.23,1977,9,"042003",6.8
149.12,-28.23,1977,10,"042003",14.8
149.12,-28.23,1977,11,"042003",7.2
149.12,-28.23,1977,12,"042003",21.4
149.12,-28.23,1978,1,"042003",146.8
149.12,-28.23,1978,2,"042003",12.8
149.12,-28.23,1978,3,"042003",38.6
149.12,-28.23,1978,4,"042003",5.8
149.12,-28.23,1978,5,"042003",68.8
149.12,-28.23,1978,6,"042003",55.8
149.12,-28.23,1978,7,"042003",32.6
149.12,-28.23,1978,8,"042003",41.4
149.12,-28.23,1978,9,"042003",63
149.12,-28.23,1978,10,"042003",38.8
149.12,-28.23,1978,11,"042003",99.6
149.12,-28.23,1978,12,"042003",128.2
149.12,-28.23,1979,1,"042003",2.8
149.12,-28.23,1979,2,"042003",8.8
149.12,-28.23,1979,3,"042003",61.6
149.12,-28.23,1979,4,"042003",21.8
149.12,-28.23,1979,5,"042003",54.4
149.12,-28.23,1979,6,"042003",54.4
149.12,-28.23,1979,7,"042003",7.8
149.12,-28.23,1979,8,"042003",10.2
149.12,-28.23,1979,9,"042003",31.2
149.12,-28.23,1979,10,"042003",78.4
149.12,-28.23,1979,11,"042003",19.2
149.12,-28.23,1979,12,"042003",13.6
149.12,-28.23,1980,1,"042003",101.8
149.12,-28.23,1980,2,"042003",45.6
149.12,-28.23,1980,3,"042003",24.4
149.12,-28.23,1980,4,"042003",5.6
149.12,-28.23,1980,5,"042003",35.8
149.12,-28.23,1980,6,"042003",3.2
149.12,-28.23,1980,7,"042003",7
149.12,-28.23,1980,8,"042003",10.2
149.12,-28.23,1980,9,"042003",0
149.12,-28.23,1980,10,"042003",60.4
149.12,-28.23,1980,11,"042003",5.8
149.12,-28.23,1980,12,"042003",79.4
149.12,-28.23,1981,1,"042003",3.6
149.12,-28.23,1981,2,"042003",7.6
149.12,-28.23,1981,3,"042003",3
149.12,-28.23,1981,4,"042003",13.8
149.12,-28.23,1981,5,"042003",61.4
149.12,-28.23,1981,6,"042003",69.6
149.12,-28.23,1981,7,"042003",57.8
149.12,-28.23,1981,8,"042003",14.4
149.12,-28.23,1981,9,"042003",4
149.12,-28.23,1981,10,"042003",47.2
149.12,-28.23,1981,11,"042003",94.6
149.12,-28.23,1981,12,"042003",33.6
149.12,-28.23,1982,1,"042003",190.6
149.12,-28.23,1982,2,"042003",34.8
149.12,-28.23,1982,3,"042003",170
149.12,-28.23,1982,4,"042003",16.4
149.12,-28.23,1982,5,"042003",9.8
149.12,-28.23,1982,6,"042003",1
149.12,-28.23,1982,7,"042003",35
149.12,-28.23,1982,8,"042003",0
149.12,-28.23,1982,9,"042003",16.4
149.12,-28.23,1982,10,"042003",44.2
149.12,-28.23,1982,11,"042003",0
149.12,-28.23,1982,12,"042003",26.8
149.12,-28.23,1983,1,"042003",70.8
149.12,-28.23,1983,2,"042003",9.8
149.12,-28.23,1983,3,"042003",35.8
149.12,-28.23,1983,4,"042003",165.4
149.12,-28.23,1983,5,"042003",162.6
149.12,-28.23,1983,6,"042003",57.4
149.12,-28.23,1983,7,"042003",18.8
149.12,-28.23,1983,8,"042003",30.2
149.12,-28.23,1983,9,"042003",33
149.12,-28.23,1983,10,"042003",33.4
149.12,-28.23,1983,11,"042003",160.6
149.12,-28.23,1983,12,"042003",28.2
149.12,-28.23,1984,1,"042003",151.6
149.12,-28.23,1984,2,"042003",37.4
149.12,-28.23,1984,3,"042003",13.8
149.12,-28.23,1984,4,"042003",62.4
149.12,-28.23,1984,5,"042003",0
149.12,-28.23,1984,6,"042003",50.8
149.12,-28.23,1984,7,"042003",136.8
149.12,-28.23,1984,8,"042003",12
149.12,-28.23,1984,9,"042003",46.4
149.12,-28.23,1984,10,"042003",45
149.12,-28.23,1984,11,"042003",35.6
149.12,-28.23,1984,12,"042003",67.4
149.12,-28.23,1985,1,"042003",4.4
149.12,-28.23,1985,2,"042003",40
149.12,-28.23,1985,3,"042003",44.8
149.12,-28.23,1985,4,"042003",33
149.12,-28.23,1985,5,"042003",24.4
149.12,-28.23,1985,6,"042003",9.4
149.12,-28.23,1985,7,"042003",90.4
149.12,-28.23,1985,8,"042003",53.8
149.12,-28.23,1985,9,"042003",6
149.12,-28.23,1985,10,"042003",88
149.12,-28.23,1985,11,"042003",72.4
149.12,-28.23,1985,12,"042003",53.6
149.12,-28.23,1986,1,"042003",41.4
149.12,-28.23,1986,2,"042003",36.8
149.12,-28.23,1986,3,"042003",0
149.12,-28.23,1986,4,"042003",6.2
149.12,-28.23,1986,5,"042003",66
149.12,-28.23,1986,6,"042003",0
149.12,-28.23,1986,7,"042003",55
149.12,-28.23,1986,8,"042003",36.4
149.12,-28.23,1986,9,"042003",48.2
149.12,-28.23,1986,10,"042003",32.8
149.12,-28.23,1986,11,"042003",109.4
149.12,-28.23,1986,12,"042003",8.2
149.12,-28.23,1987,1,"042003",66.8
149.12,-28.23,1987,2,"042003",17
149.12,-28.23,1987,3,"042003",10
149.12,-28.23,1987,4,"042003",0
149.12,-28.23,1987,5,"042003",72.4
149.12,-28.23,1987,6,"042003",19
149.12,-28.23,1987,7,"042003",26.4
149.12,-28.23,1987,8,"042003",58
149.12,-28.23,1987,9,"042003",1.8
149.12,-28.23,1987,10,"042003",72.8
149.12,-28.23,1987,11,"042003",36.4
149.12,-28.23,1987,12,"042003",54.8
149.12,-28.23,1988,1,"042003",55.6
149.12,-28.23,1988,2,"042003",124
149.12,-28.23,1988,3,"042003",11.3
149.12,-28.23,1988,4,"042003",243.6
149.12,-28.23,1988,5,"042003",4.8
149.12,-28.23,1988,6,"042003",9.4
149.12,-28.23,1988,7,"042003",66.9
149.12,-28.23,1988,8,"042003",25.2
149.12,-28.23,1988,9,"042003",80
149.12,-28.23,1988,10,"042003",12.4
149.12,-28.23,1988,11,"042003",48.6
149.12,-28.23,1988,12,"042003",33
149.12,-28.23,1989,1,"042003",31.6
149.12,-28.23,1989,2,"042003",0
149.12,-28.23,1989,3,"042003",87.8
149.12,-28.23,1989,4,"042003",82.8
149.12,-28.23,1989,5,"042003",40
149.12,-28.23,1989,6,"042003",45.4
149.12,-28.23,1989,7,"042003",25
149.12,-28.23,1989,8,"042003",2.8
149.12,-28.23,1989,9,"042003",0
149.12,-28.23,1989,10,"042003",24.8
149.12,-28.23,1989,11,"042003",55
149.12,-28.23,1989,12,"042003",17.4
149.12,-28.23,1990,1,"042003",38.2
149.12,-28.23,1990,2,"042003",13.2
149.12,-28.23,1990,3,"042003",106.8
149.12,-28.23,1990,4,"042003",111.6
149.12,-28.23,1990,5,"042003",61
149.12,-28.23,1990,6,"042003",27
149.12,-28.23,1990,7,"042003",19.2
149.12,-28.23,1990,8,"042003",23.2
149.12,-28.23,1990,9,"042003",19.4
149.12,-28.23,1990,10,"042003",13.2
149.12,-28.23,1990,11,"042003",0
149.12,-28.23,1990,12,"042003",13
149.12,-28.23,1991,1,"042003",141.2
149.12,-28.23,1991,2,"042003",85.8
149.12,-28.23,1991,3,"042003",6.2
149.12,-28.23,1991,4,"042003",2
149.12,-28.23,1991,5,"042003",69
149.12,-28.23,1991,6,"042003",2.8
149.12,-28.23,1991,7,"042003",40.8
149.12,-28.23,1991,8,"042003",0.4
149.12,-28.23,1991,9,"042003",1
149.12,-28.23,1991,10,"042003",7.2
149.12,-28.23,1991,11,"042003",96.4
149.12,-28.23,1991,12,"042003",88.8
149.12,-28.23,1992,1,"042003",6.4
149.12,-28.23,1992,2,"042003",52
149.12,-28.23,1992,3,"042003",0.8
149.12,-28.23,1992,4,"042003",15.8
149.12,-28.23,1992,5,"042003",41.2
149.12,-28.23,1992,6,"042003",3
149.12,-28.23,1992,7,"042003",15.4
149.12,-28.23,1992,8,"042003",66.4
149.12,-28.23,1992,9,"042003",9.6
149.12,-28.23,1992,10,"042003",21.2
149.12,-28.23,1992,11,"042003",43.2
149.12,-28.23,1992,12,"042003",69
149.12,-28.23,1993,1,"042003",47
149.12,-28.23,1993,2,"042003",43.8
149.12,-28.23,1993,3,"042003",0
149.12,-28.23,1993,4,"042003",0
149.12,-28.23,1993,5,"042003",7.2
149.12,-28.23,1993,6,"042003",51
149.12,-28.23,1993,7,"042003",70
149.12,-28.23,1993,8,"042003",31.2
149.12,-28.23,1993,9,"042003",46.6
149.12,-28.23,1993,10,"042003",43.8
149.12,-28.23,1993,11,"042003",57
149.12,-28.23,1993,12,"042003",132.2
149.12,-28.23,1994,1,"042003",11.8
149.12,-28.23,1994,2,"042003",175.4
149.12,-28.23,1994,3,"042003",53
149.12,-28.23,1994,4,"042003",0
149.12,-28.23,1994,5,"042003",5
149.12,-28.23,1994,6,"042003",6.2
149.12,-28.23,1994,7,"042003",5.8
149.12,-28.23,1994,8,"042003",7.4
149.12,-28.23,1994,9,"042003",13.8
149.12,-28.23,1994,10,"042003",41.2
149.12,-28.23,1994,11,"042003",56.2
149.12,-28.23,1994,12,"042003",83.4
149.12,-28.23,1995,1,"042003",113
149.12,-28.23,1995,2,"042003",97.4
149.12,-28.23,1995,3,"042003",19
149.12,-28.23,1995,4,"042003",5.6
149.12,-28.23,1995,5,"042003",33.4
149.12,-28.23,1995,6,"042003",43.4
149.12,-28.23,1995,7,"042003",5.8
149.12,-28.23,1995,8,"042003",2.2
149.12,-28.23,1995,9,"042003",31.2
149.12,-28.23,1995,10,"042003",35.2
149.12,-28.23,1995,11,"042003",89.4
149.12,-28.23,1995,12,"042003",51.2
149.12,-28.23,1996,1,"042003",279.4
149.12,-28.23,1996,2,"042003",58.8
149.12,-28.23,1996,3,"042003",15
149.12,-28.23,1996,4,"042003",39.6
149.12,-28.23,1996,5,"042003",78
149.12,-28.23,1996,6,"042003",22.6
149.12,-28.23,1996,7,"042003",27.4
149.12,-28.23,1996,8,"042003",36.4
149.12,-28.23,1996,9,"042003",24.8
149.12,-28.23,1996,10,"042003",33
149.12,-28.23,1996,11,"042003",20.2
149.12,-28.23,1996,12,"042003",55.6
149.12,-28.23,1997,1,"042003",147.4
149.12,-28.23,1997,2,"042003",187.2
149.12,-28.23,1997,3,"042003",23.2
149.12,-28.23,1997,4,"042003",0
149.12,-28.23,1997,5,"042003",36.8
149.12,-28.23,1997,6,"042003",11
149.12,-28.23,1997,7,"042003",9.6
149.12,-28.23,1997,8,"042003",1.6
149.12,-28.23,1997,9,"042003",19.4
149.12,-28.23,1997,10,"042003",43.6
149.12,-28.23,1997,11,"042003",74.2
149.12,-28.23,1997,12,"042003",217
149.12,-28.23,1998,1,"042003",28
149.12,-28.23,1998,2,"042003",9
149.12,-28.23,1998,3,"042003",0
149.12,-28.23,1998,4,"042003",31.8
149.12,-28.23,1998,5,"042003",47.8
149.12,-28.23,1998,6,"042003",64.4
149.12,-28.23,1998,7,"042003",113.8
149.12,-28.23,1998,8,"042003",107.2
149.12,-28.23,1998,9,"042003",53.6
149.12,-28.23,1998,10,"042003",105.2
149.12,-28.23,1998,11,"042003",89.2
149.12,-28.23,1998,12,"042003",49.8
149.12,-28.23,1999,1,"042003",108.8
149.12,-28.23,1999,2,"042003",31.8
149.12,-28.23,1999,3,"042003",119
149.12,-28.23,1999,4,"042003",16
149.12,-28.23,1999,5,"042003",11.2
149.12,-28.23,1999,6,"042003",72
149.12,-28.23,1999,7,"042003",24.4
149.12,-28.23,1999,8,"042003",26
149.12,-28.23,1999,9,"042003",28.6
149.12,-28.23,1999,10,"042003",46
149.12,-28.23,1999,11,"042003",105
149.12,-28.23,1999,12,"042003",87.4
149.12,-28.23,2000,1,"042003",35
149.12,-28.23,2000,2,"042003",58
149.12,-28.23,2000,3,"042003",111.6
149.12,-28.23,2000,4,"042003",13.6
149.12,-28.23,2000,5,"042003",25.6
149.12,-28.23,2000,6,"042003",23.8
149.12,-28.23,2000,7,"042003",15.8
149.12,-28.23,2000,8,"042003",4.4
149.12,-28.23,2000,9,"042003",NA
149.12,-28.23,2000,10,"042003",96.8
149.12,-28.23,2000,11,"042003",182.6
149.12,-28.23,2000,12,"042003",54
149.12,-28.23,2001,1,"042003",47
149.12,-28.23,2001,2,"042003",53.6
149.12,-28.23,2001,3,"042003",72.4
149.12,-28.23,2001,4,"042003",0
149.12,-28.23,2001,5,"042003",20.8
149.12,-28.23,2001,6,"042003",41.6
149.12,-28.23,2001,7,"042003",85.6
149.12,-28.23,2001,8,"042003",4.4
149.12,-28.23,2001,9,"042003",3
149.12,-28.23,2001,10,"042003",45.4
149.12,-28.23,2001,11,"042003",84.2
149.12,-28.23,2001,12,"042003",23.2
149.12,-28.23,2002,1,"042003",14
149.12,-28.23,2002,2,"042003",77.6
149.12,-28.23,2002,3,"042003",23.8
149.12,-28.23,2002,4,"042003",17
149.12,-28.23,2002,5,"042003",3.4
149.12,-28.23,2002,6,"042003",15.8
149.12,-28.23,2002,7,"042003",3.2
149.12,-28.23,2002,8,"042003",43.4
149.12,-28.23,2002,9,"042003",9.2
149.12,-28.23,2002,10,"042003",28.8
149.12,-28.23,2002,11,"042003",6.2
149.12,-28.23,2002,12,"042003",34.1
149.12,-28.23,2003,1,"042003",30.2
149.12,-28.23,2003,2,"042003",53.8
149.12,-28.23,2003,3,"042003",17
149.12,-28.23,2003,4,"042003",65.4
149.12,-28.23,2003,5,"042003",0.2
149.12,-28.23,2003,6,"042003",59.8
149.12,-28.23,2003,7,"042003",NA
149.12,-28.23,2003,8,"042003",37.4
149.12,-28.23,2003,9,"042003",0
149.12,-28.23,2003,10,"042003",45.6
149.12,-28.23,2003,11,"042003",18.2
149.12,-28.23,2003,12,"042003",NA
149.12,-28.23,2005,1,"042003",97
149.12,-28.23,2005,2,"042003",0
149.12,-28.23,2005,3,"042003",27
149.12,-28.23,2005,4,"042003",0
149.12,-28.23,2005,5,"042003",NA
149.12,-28.23,2005,6,"042003",128.9
149.12,-28.23,2005,7,"042003",4.7
149.12,-28.23,2005,8,"042003",9
149.12,-28.23,2005,9,"042003",11.5
149.12,-28.23,2005,10,"042003",NA
149.12,-28.23,2005,11,"042003",76.4
149.12,-28.23,2005,12,"042003",32
149.12,-28.23,2006,1,"042003",58.5
149.12,-28.23,2006,2,"042003",74.8
149.12,-28.23,2006,3,"042003",63.8
149.12,-28.23,2006,4,"042003",22
149.12,-28.23,2006,5,"042003",0
149.12,-28.23,2006,6,"042003",27.2
149.12,-28.23,2006,7,"042003",30.9
149.12,-28.23,2006,8,"042003",0
149.12,-28.23,2006,9,"042003",9.8
149.12,-28.23,2006,10,"042003",5
149.12,-28.23,2006,11,"042003",24.2
149.12,-28.23,2006,12,"042003",22.8
149.12,-28.23,2007,1,"042003",54.6
149.12,-28.23,2007,2,"042003",128.5
149.12,-28.23,2007,3,"042003",14.6
149.12,-28.23,2007,4,"042003",11
149.12,-28.23,2007,5,"042003",11.8
149.12,-28.23,2007,6,"042003",16.6
149.12,-28.23,2007,7,"042003",0
149.12,-28.23,2007,8,"042003",46.6
149.12,-28.23,2007,9,"042003",2
149.12,-28.23,2007,10,"042003",28.6
149.12,-28.23,2007,11,"042003",130
149.12,-28.23,2007,12,"042003",123.6
149.12,-28.23,2008,1,"042003",72.3
149.12,-28.23,2008,2,"042003",63.4
149.12,-28.23,2008,3,"042003",0.4
149.12,-28.23,2008,4,"042003",1.8
149.12,-28.23,2008,5,"042003",58.2
149.12,-28.23,2008,6,"042003",54
149.12,-28.23,2008,7,"042003",60.4
149.12,-28.23,2008,8,"042003",2
149.12,-28.23,2008,9,"042003",73.2
149.12,-28.23,2008,10,"042003",28.5
149.12,-28.23,2008,11,"042003",62.2
149.12,-28.23,2008,12,"042003",45.2
149.12,-28.23,2009,1,"042003",105.8
149.12,-28.23,2009,2,"042003",132.8
149.12,-28.23,2009,3,"042003",0
149.12,-28.23,2009,4,"042003",26.2
149.12,-28.23,2009,5,"042003",120.8
149.12,-28.23,2009,6,"042003",16.9
149.12,-28.23,2009,7,"042003",7.5
149.12,-28.23,2009,8,"042003",1.6
149.12,-28.23,2009,9,"042003",12.9
149.12,-28.23,2009,10,"042003",16.8
149.12,-28.23,2009,11,"042003",11.4
149.12,-28.23,2009,12,"042003",105.1
149.12,-28.23,2010,1,"042003",19.4
149.12,-28.23,2010,2,"042003",154
149.12,-28.23,2010,3,"042003",242.8
149.12,-28.23,2010,4,"042003",0
149.12,-28.23,2010,5,"042003",19.1
149.12,-28.23,2010,6,"042003",16.2
149.12,-28.23,2010,7,"042003",56.4
149.12,-28.23,2010,8,"042003",44.4
149.12,-28.23,2010,9,"042003",62.6
149.12,-28.23,2010,10,"042003",91.4
149.12,-28.23,2010,11,"042003",107.8
149.12,-28.23,2010,12,"042003",83.7
149.12,-28.23,2011,1,"042003",59.6
149.12,-28.23,2011,2,"042003",NA
149.12,-28.23,2011,3,"042003",NA
149.12,-28.23,2011,4,"042003",NA
149.12,-28.23,2011,5,"042003",NA
149.12,-28.23,2011,6,"042003",NA
149.12,-28.23,2011,7,"042003",NA
149.12,-28.23,2011,8,"042003",NA
149.12,-28.23,2011,9,"042003",NA
149.12,-28.23,2011,10,"042003",NA
149.12,-28.23,2011,11,"042003",NA
149.12,-28.23,2011,12,"042003",NA
