"Lon","Lat","Year","Month","Station","Rain"
138.56,-32.54,1882,1,"019013",0
138.56,-32.54,1882,2,"019013",0
138.56,-32.54,1882,3,"019013",1.3
138.56,-32.54,1882,4,"019013",73.7
138.56,-32.54,1882,5,"019013",32.8
138.56,-32.54,1882,6,"019013",11.7
138.56,-32.54,1882,7,"019013",31
138.56,-32.54,1882,8,"019013",60.5
138.56,-32.54,1882,9,"019013",2.5
138.56,-32.54,1882,10,"019013",46.7
138.56,-32.54,1882,11,"019013",121.2
138.56,-32.54,1882,12,"019013",17.3
138.56,-32.54,1883,1,"019013",0
138.56,-32.54,1883,2,"019013",6.4
138.56,-32.54,1883,3,"019013",11.9
138.56,-32.54,1883,4,"019013",25.7
138.56,-32.54,1883,5,"019013",107.2
138.56,-32.54,1883,6,"019013",30.7
138.56,-32.54,1883,7,"019013",38.1
138.56,-32.54,1883,8,"019013",47
138.56,-32.54,1883,9,"019013",70.6
138.56,-32.54,1883,10,"019013",12.2
138.56,-32.54,1883,11,"019013",26.4
138.56,-32.54,1883,12,"019013",12.7
138.56,-32.54,1884,1,"019013",13.4
138.56,-32.54,1884,2,"019013",2.1
138.56,-32.54,1884,3,"019013",91
138.56,-32.54,1884,4,"019013",11.6
138.56,-32.54,1884,5,"019013",128.3
138.56,-32.54,1884,6,"019013",52.8
138.56,-32.54,1884,7,"019013",1.8
138.56,-32.54,1884,8,"019013",18.1
138.56,-32.54,1884,9,"019013",59.7
138.56,-32.54,1884,10,"019013",28.5
138.56,-32.54,1884,11,"019013",26.6
138.56,-32.54,1884,12,"019013",19.3
138.56,-32.54,1885,1,"019013",18.8
138.56,-32.54,1885,2,"019013",26.7
138.56,-32.54,1885,3,"019013",25.2
138.56,-32.54,1885,4,"019013",23.4
138.56,-32.54,1885,5,"019013",10.7
138.56,-32.54,1885,6,"019013",30.5
138.56,-32.54,1885,7,"019013",13.8
138.56,-32.54,1885,8,"019013",19.2
138.56,-32.54,1885,9,"019013",29.3
138.56,-32.54,1885,10,"019013",12.6
138.56,-32.54,1885,11,"019013",1.3
138.56,-32.54,1885,12,"019013",63.2
138.56,-32.54,1886,1,"019013",30.7
138.56,-32.54,1886,2,"019013",0
138.56,-32.54,1886,3,"019013",0
138.56,-32.54,1886,4,"019013",12
138.56,-32.54,1886,5,"019013",4
138.56,-32.54,1886,6,"019013",9.4
138.56,-32.54,1886,7,"019013",49.2
138.56,-32.54,1886,8,"019013",111.9
138.56,-32.54,1886,9,"019013",21.1
138.56,-32.54,1886,10,"019013",11.1
138.56,-32.54,1886,11,"019013",50.1
138.56,-32.54,1886,12,"019013",31.8
138.56,-32.54,1887,1,"019013",5.4
138.56,-32.54,1887,2,"019013",10.9
138.56,-32.54,1887,3,"019013",11.7
138.56,-32.54,1887,4,"019013",28.2
138.56,-32.54,1887,5,"019013",23.4
138.56,-32.54,1887,6,"019013",58.2
138.56,-32.54,1887,7,"019013",39
138.56,-32.54,1887,8,"019013",67.4
138.56,-32.54,1887,9,"019013",18.3
138.56,-32.54,1887,10,"019013",59
138.56,-32.54,1887,11,"019013",35.6
138.56,-32.54,1887,12,"019013",69.4
138.56,-32.54,1888,1,"019013",3.4
138.56,-32.54,1888,2,"019013",0
138.56,-32.54,1888,3,"019013",15.3
138.56,-32.54,1888,4,"019013",19.8
138.56,-32.54,1888,5,"019013",21.6
138.56,-32.54,1888,6,"019013",33.7
138.56,-32.54,1888,7,"019013",22.4
138.56,-32.54,1888,8,"019013",18.6
138.56,-32.54,1888,9,"019013",24.9
138.56,-32.54,1888,10,"019013",3.9
138.56,-32.54,1888,11,"019013",5.8
138.56,-32.54,1888,12,"019013",3.6
138.56,-32.54,1889,1,"019013",77.5
138.56,-32.54,1889,2,"019013",11.2
138.56,-32.54,1889,3,"019013",1.5
138.56,-32.54,1889,4,"019013",64.4
138.56,-32.54,1889,5,"019013",93.1
138.56,-32.54,1889,6,"019013",75.1
138.56,-32.54,1889,7,"019013",8
138.56,-32.54,1889,8,"019013",63.1
138.56,-32.54,1889,9,"019013",43.1
138.56,-32.54,1889,10,"019013",71.8
138.56,-32.54,1889,11,"019013",21.6
138.56,-32.54,1889,12,"019013",4.1
138.56,-32.54,1890,1,"019013",57.4
138.56,-32.54,1890,2,"019013",67.3
138.56,-32.54,1890,3,"019013",0.8
138.56,-32.54,1890,4,"019013",25
138.56,-32.54,1890,5,"019013",44.6
138.56,-32.54,1890,6,"019013",48.5
138.56,-32.54,1890,7,"019013",92.6
138.56,-32.54,1890,8,"019013",59.6
138.56,-32.54,1890,9,"019013",12.5
138.56,-32.54,1890,10,"019013",25.4
138.56,-32.54,1890,11,"019013",45.4
138.56,-32.54,1890,12,"019013",0
138.56,-32.54,1891,1,"019013",21.9
138.56,-32.54,1891,2,"019013",0
138.56,-32.54,1891,3,"019013",21.1
138.56,-32.54,1891,4,"019013",122.9
138.56,-32.54,1891,5,"019013",5.1
138.56,-32.54,1891,6,"019013",33.6
138.56,-32.54,1891,7,"019013",17.5
138.56,-32.54,1891,8,"019013",73.8
138.56,-32.54,1891,9,"019013",11.9
138.56,-32.54,1891,10,"019013",21.5
138.56,-32.54,1891,11,"019013",1.3
138.56,-32.54,1891,12,"019013",13.4
138.56,-32.54,1892,1,"019013",34.3
138.56,-32.54,1892,2,"019013",1
138.56,-32.54,1892,3,"019013",1
138.56,-32.54,1892,4,"019013",7.4
138.56,-32.54,1892,5,"019013",15.5
138.56,-32.54,1892,6,"019013",14.4
138.56,-32.54,1892,7,"019013",14.5
138.56,-32.54,1892,8,"019013",51.2
138.56,-32.54,1892,9,"019013",127
138.56,-32.54,1892,10,"019013",82.3
138.56,-32.54,1892,11,"019013",42.4
138.56,-32.54,1892,12,"019013",9.7
138.56,-32.54,1893,1,"019013",6.3
138.56,-32.54,1893,2,"019013",0
138.56,-32.54,1893,3,"019013",0
138.56,-32.54,1893,4,"019013",64.3
138.56,-32.54,1893,5,"019013",106
138.56,-32.54,1893,6,"019013",38.9
138.56,-32.54,1893,7,"019013",30.4
138.56,-32.54,1893,8,"019013",33.8
138.56,-32.54,1893,9,"019013",22.7
138.56,-32.54,1893,10,"019013",9.6
138.56,-32.54,1893,11,"019013",29.5
138.56,-32.54,1893,12,"019013",16
138.56,-32.54,1894,1,"019013",6.4
138.56,-32.54,1894,2,"019013",4.3
138.56,-32.54,1894,3,"019013",3.9
138.56,-32.54,1894,4,"019013",3.8
138.56,-32.54,1894,5,"019013",13.3
138.56,-32.54,1894,6,"019013",51.6
138.56,-32.54,1894,7,"019013",28.8
138.56,-32.54,1894,8,"019013",38.2
138.56,-32.54,1894,9,"019013",30.2
138.56,-32.54,1894,10,"019013",80.8
138.56,-32.54,1894,11,"019013",22.9
138.56,-32.54,1894,12,"019013",90.4
138.56,-32.54,1895,1,"019013",21.6
138.56,-32.54,1895,2,"019013",0
138.56,-32.54,1895,3,"019013",2.5
138.56,-32.54,1895,4,"019013",67.8
138.56,-32.54,1895,5,"019013",3.9
138.56,-32.54,1895,6,"019013",35.9
138.56,-32.54,1895,7,"019013",38.1
138.56,-32.54,1895,8,"019013",21.7
138.56,-32.54,1895,9,"019013",27.5
138.56,-32.54,1895,10,"019013",0.5
138.56,-32.54,1895,11,"019013",14
138.56,-32.54,1895,12,"019013",11.5
138.56,-32.54,1896,1,"019013",23.1
138.56,-32.54,1896,2,"019013",6.1
138.56,-32.54,1896,3,"019013",11
138.56,-32.54,1896,4,"019013",8.2
138.56,-32.54,1896,5,"019013",15.8
138.56,-32.54,1896,6,"019013",33.5
138.56,-32.54,1896,7,"019013",27.3
138.56,-32.54,1896,8,"019013",23
138.56,-32.54,1896,9,"019013",19.8
138.56,-32.54,1896,10,"019013",6.4
138.56,-32.54,1896,11,"019013",9.4
138.56,-32.54,1896,12,"019013",6.9
138.56,-32.54,1897,1,"019013",19.3
138.56,-32.54,1897,2,"019013",16.8
138.56,-32.54,1897,3,"019013",1.3
138.56,-32.54,1897,4,"019013",4.3
138.56,-32.54,1897,5,"019013",4.9
138.56,-32.54,1897,6,"019013",27.4
138.56,-32.54,1897,7,"019013",65.5
138.56,-32.54,1897,8,"019013",20.2
138.56,-32.54,1897,9,"019013",33.3
138.56,-32.54,1897,10,"019013",13.7
138.56,-32.54,1897,11,"019013",4.1
138.56,-32.54,1897,12,"019013",2.5
138.56,-32.54,1898,1,"019013",0
138.56,-32.54,1898,2,"019013",21.6
138.56,-32.54,1898,3,"019013",0
138.56,-32.54,1898,4,"019013",25.1
138.56,-32.54,1898,5,"019013",18.8
138.56,-32.54,1898,6,"019013",115.2
138.56,-32.54,1898,7,"019013",16
138.56,-32.54,1898,8,"019013",84.1
138.56,-32.54,1898,9,"019013",3.4
138.56,-32.54,1898,10,"019013",19.6
138.56,-32.54,1898,11,"019013",4.8
138.56,-32.54,1898,12,"019013",2.3
138.56,-32.54,1899,1,"019013",1.1
138.56,-32.54,1899,2,"019013",24.9
138.56,-32.54,1899,3,"019013",32.6
138.56,-32.54,1899,4,"019013",10
138.56,-32.54,1899,5,"019013",21.7
138.56,-32.54,1899,6,"019013",89.7
138.56,-32.54,1899,7,"019013",12.3
138.56,-32.54,1899,8,"019013",21.6
138.56,-32.54,1899,9,"019013",60.2
138.56,-32.54,1899,10,"019013",8.4
138.56,-32.54,1899,11,"019013",8.9
138.56,-32.54,1899,12,"019013",0
138.56,-32.54,1900,1,"019013",23.1
138.56,-32.54,1900,2,"019013",4.6
138.56,-32.54,1900,3,"019013",37
138.56,-32.54,1900,4,"019013",35.7
138.56,-32.54,1900,5,"019013",14.8
138.56,-32.54,1900,6,"019013",54.7
138.56,-32.54,1900,7,"019013",28.3
138.56,-32.54,1900,8,"019013",58.3
138.56,-32.54,1900,9,"019013",31.6
138.56,-32.54,1900,10,"019013",10.7
138.56,-32.54,1900,11,"019013",2
138.56,-32.54,1900,12,"019013",7.9
138.56,-32.54,1901,1,"019013",0
138.56,-32.54,1901,2,"019013",7.5
138.56,-32.54,1901,3,"019013",3.6
138.56,-32.54,1901,4,"019013",12.7
138.56,-32.54,1901,5,"019013",1.1
138.56,-32.54,1901,6,"019013",29.2
138.56,-32.54,1901,7,"019013",44.3
138.56,-32.54,1901,8,"019013",65
138.56,-32.54,1901,9,"019013",29.1
138.56,-32.54,1901,10,"019013",36.3
138.56,-32.54,1901,11,"019013",8.7
138.56,-32.54,1901,12,"019013",2.3
138.56,-32.54,1902,1,"019013",4
138.56,-32.54,1902,2,"019013",9.4
138.56,-32.54,1902,3,"019013",3.5
138.56,-32.54,1902,4,"019013",2.4
138.56,-32.54,1902,5,"019013",9.5
138.56,-32.54,1902,6,"019013",23.4
138.56,-32.54,1902,7,"019013",4.6
138.56,-32.54,1902,8,"019013",21.6
138.56,-32.54,1902,9,"019013",11
138.56,-32.54,1902,10,"019013",23.6
138.56,-32.54,1902,11,"019013",3.6
138.56,-32.54,1902,12,"019013",49.5
138.56,-32.54,1903,1,"019013",10.7
138.56,-32.54,1903,2,"019013",13.7
138.56,-32.54,1903,3,"019013",34.3
138.56,-32.54,1903,4,"019013",42.8
138.56,-32.54,1903,5,"019013",20.8
138.56,-32.54,1903,6,"019013",28.5
138.56,-32.54,1903,7,"019013",22.7
138.56,-32.54,1903,8,"019013",23.8
138.56,-32.54,1903,9,"019013",58.4
138.56,-32.54,1903,10,"019013",15.7
138.56,-32.54,1903,11,"019013",68.3
138.56,-32.54,1903,12,"019013",22.9
138.56,-32.54,1904,1,"019013",60.2
138.56,-32.54,1904,2,"019013",64.3
138.56,-32.54,1904,3,"019013",8.8
138.56,-32.54,1904,4,"019013",7.3
138.56,-32.54,1904,5,"019013",25.5
138.56,-32.54,1904,6,"019013",24.8
138.56,-32.54,1904,7,"019013",46.5
138.56,-32.54,1904,8,"019013",20.1
138.56,-32.54,1904,9,"019013",2.6
138.56,-32.54,1904,10,"019013",54.4
138.56,-32.54,1904,11,"019013",6.9
138.56,-32.54,1904,12,"019013",22.9
138.56,-32.54,1905,1,"019013",29.4
138.56,-32.54,1905,2,"019013",3.9
138.56,-32.54,1905,3,"019013",1.5
138.56,-32.54,1905,4,"019013",37.1
138.56,-32.54,1905,5,"019013",66.8
138.56,-32.54,1905,6,"019013",21.9
138.56,-32.54,1905,7,"019013",45.7
138.56,-32.54,1905,8,"019013",8.1
138.56,-32.54,1905,9,"019013",6.5
138.56,-32.54,1905,10,"019013",39.6
138.56,-32.54,1905,11,"019013",0
138.56,-32.54,1905,12,"019013",0
138.56,-32.54,1906,1,"019013",1.6
138.56,-32.54,1906,2,"019013",6.6
138.56,-32.54,1906,3,"019013",40.3
138.56,-32.54,1906,4,"019013",0
138.56,-32.54,1906,5,"019013",47.8
138.56,-32.54,1906,6,"019013",102.8
138.56,-32.54,1906,7,"019013",22.1
138.56,-32.54,1906,8,"019013",18.5
138.56,-32.54,1906,9,"019013",42.1
138.56,-32.54,1906,10,"019013",36.4
138.56,-32.54,1906,11,"019013",39.9
138.56,-32.54,1906,12,"019013",21.1
138.56,-32.54,1907,1,"019013",2
138.56,-32.54,1907,2,"019013",0
138.56,-32.54,1907,3,"019013",6.6
138.56,-32.54,1907,4,"019013",21.1
138.56,-32.54,1907,5,"019013",27.4
138.56,-32.54,1907,6,"019013",92.5
138.56,-32.54,1907,7,"019013",50.2
138.56,-32.54,1907,8,"019013",27.1
138.56,-32.54,1907,9,"019013",4.5
138.56,-32.54,1907,10,"019013",10.4
138.56,-32.54,1907,11,"019013",36.6
138.56,-32.54,1907,12,"019013",18
138.56,-32.54,1908,1,"019013",35.6
138.56,-32.54,1908,2,"019013",17.8
138.56,-32.54,1908,3,"019013",58.5
138.56,-32.54,1908,4,"019013",12.7
138.56,-32.54,1908,5,"019013",50.1
138.56,-32.54,1908,6,"019013",39.4
138.56,-32.54,1908,7,"019013",10.7
138.56,-32.54,1908,8,"019013",52.6
138.56,-32.54,1908,9,"019013",87.5
138.56,-32.54,1908,10,"019013",70.5
138.56,-32.54,1908,11,"019013",7.6
138.56,-32.54,1908,12,"019013",23.6
138.56,-32.54,1909,1,"019013",6.8
138.56,-32.54,1909,2,"019013",2.5
138.56,-32.54,1909,3,"019013",3.8
138.56,-32.54,1909,4,"019013",13.4
138.56,-32.54,1909,5,"019013",66.1
138.56,-32.54,1909,6,"019013",108.1
138.56,-32.54,1909,7,"019013",40.7
138.56,-32.54,1909,8,"019013",60.2
138.56,-32.54,1909,9,"019013",12.5
138.56,-32.54,1909,10,"019013",15.6
138.56,-32.54,1909,11,"019013",16.6
138.56,-32.54,1909,12,"019013",3
138.56,-32.54,1910,1,"019013",67.6
138.56,-32.54,1910,2,"019013",3.8
138.56,-32.54,1910,3,"019013",66.1
138.56,-32.54,1910,4,"019013",4.6
138.56,-32.54,1910,5,"019013",47
138.56,-32.54,1910,6,"019013",79.2
138.56,-32.54,1910,7,"019013",45.7
138.56,-32.54,1910,8,"019013",70.7
138.56,-32.54,1910,9,"019013",62
138.56,-32.54,1910,10,"019013",22.2
138.56,-32.54,1910,11,"019013",6.9
138.56,-32.54,1910,12,"019013",22
138.56,-32.54,1911,1,"019013",0
138.56,-32.54,1911,2,"019013",25.2
138.56,-32.54,1911,3,"019013",14.7
138.56,-32.54,1911,4,"019013",0
138.56,-32.54,1911,5,"019013",52
138.56,-32.54,1911,6,"019013",19.9
138.56,-32.54,1911,7,"019013",31.5
138.56,-32.54,1911,8,"019013",28
138.56,-32.54,1911,9,"019013",47.3
138.56,-32.54,1911,10,"019013",2.8
138.56,-32.54,1911,11,"019013",7.4
138.56,-32.54,1911,12,"019013",28.7
138.56,-32.54,1912,1,"019013",0.5
138.56,-32.54,1912,2,"019013",21.8
138.56,-32.54,1912,3,"019013",26.9
138.56,-32.54,1912,4,"019013",0
138.56,-32.54,1912,5,"019013",0
138.56,-32.54,1912,6,"019013",73
138.56,-32.54,1912,7,"019013",29.5
138.56,-32.54,1912,8,"019013",62.4
138.56,-32.54,1912,9,"019013",22.3
138.56,-32.54,1912,10,"019013",27.9
138.56,-32.54,1912,11,"019013",44.8
138.56,-32.54,1912,12,"019013",8.9
138.56,-32.54,1913,1,"019013",8.9
138.56,-32.54,1913,2,"019013",10.9
138.56,-32.54,1913,3,"019013",22.6
138.56,-32.54,1913,4,"019013",7.8
138.56,-32.54,1913,5,"019013",2
138.56,-32.54,1913,6,"019013",5.9
138.56,-32.54,1913,7,"019013",7.1
138.56,-32.54,1913,8,"019013",28.1
138.56,-32.54,1913,9,"019013",18.8
138.56,-32.54,1913,10,"019013",43.5
138.56,-32.54,1913,11,"019013",29.7
138.56,-32.54,1913,12,"019013",21.1
138.56,-32.54,1914,1,"019013",5.6
138.56,-32.54,1914,2,"019013",3
138.56,-32.54,1914,3,"019013",7.6
138.56,-32.54,1914,4,"019013",16.2
138.56,-32.54,1914,5,"019013",8.2
138.56,-32.54,1914,6,"019013",7.6
138.56,-32.54,1914,7,"019013",4.8
138.56,-32.54,1914,8,"019013",0.5
138.56,-32.54,1914,9,"019013",8.9
138.56,-32.54,1914,10,"019013",47.8
138.56,-32.54,1914,11,"019013",49.5
138.56,-32.54,1914,12,"019013",48
138.56,-32.54,1915,1,"019013",11.2
138.56,-32.54,1915,2,"019013",0
138.56,-32.54,1915,3,"019013",3.6
138.56,-32.54,1915,4,"019013",19.5
138.56,-32.54,1915,5,"019013",39.7
138.56,-32.54,1915,6,"019013",39.4
138.56,-32.54,1915,7,"019013",42.1
138.56,-32.54,1915,8,"019013",41.4
138.56,-32.54,1915,9,"019013",49.8
138.56,-32.54,1915,10,"019013",16.8
138.56,-32.54,1915,11,"019013",0
138.56,-32.54,1915,12,"019013",2.5
138.56,-32.54,1916,1,"019013",18.3
138.56,-32.54,1916,2,"019013",0
138.56,-32.54,1916,3,"019013",0
138.56,-32.54,1916,4,"019013",0
138.56,-32.54,1916,5,"019013",20.9
138.56,-32.54,1916,6,"019013",83.6
138.56,-32.54,1916,7,"019013",107.9
138.56,-32.54,1916,8,"019013",52
138.56,-32.54,1916,9,"019013",38.6
138.56,-32.54,1916,10,"019013",40.7
138.56,-32.54,1916,11,"019013",59.2
138.56,-32.54,1916,12,"019013",20.8
138.56,-32.54,1918,1,"019013",28.2
138.56,-32.54,1918,2,"019013",1
138.56,-32.54,1918,3,"019013",12.2
138.56,-32.54,1918,4,"019013",23.4
138.56,-32.54,1918,5,"019013",43.1
138.56,-32.54,1918,6,"019013",16.6
138.56,-32.54,1918,7,"019013",18.6
138.56,-32.54,1918,8,"019013",67.7
138.56,-32.54,1918,9,"019013",0
138.56,-32.54,1918,10,"019013",14.5
138.56,-32.54,1918,11,"019013",0
138.56,-32.54,1918,12,"019013",0
138.56,-32.54,1919,1,"019013",0
138.56,-32.54,1919,2,"019013",136.1
138.56,-32.54,1919,3,"019013",2.3
138.56,-32.54,1919,4,"019013",19.5
138.56,-32.54,1919,5,"019013",47.6
138.56,-32.54,1919,6,"019013",19.4
138.56,-32.54,1919,7,"019013",3.3
138.56,-32.54,1919,8,"019013",13.4
138.56,-32.54,1919,9,"019013",29
138.56,-32.54,1919,10,"019013",17.7
138.56,-32.54,1919,11,"019013",39.4
138.56,-32.54,1919,12,"019013",55.6
138.56,-32.54,1920,1,"019013",0
138.56,-32.54,1920,2,"019013",0
138.56,-32.54,1920,3,"019013",7.9
138.56,-32.54,1920,4,"019013",39.6
138.56,-32.54,1920,5,"019013",11.9
138.56,-32.54,1920,6,"019013",102.4
138.56,-32.54,1920,7,"019013",14.2
138.56,-32.54,1920,8,"019013",60.9
138.56,-32.54,1920,9,"019013",91.5
138.56,-32.54,1920,10,"019013",28.2
138.56,-32.54,1920,11,"019013",166.2
138.56,-32.54,1920,12,"019013",34
138.56,-32.54,1921,1,"019013",80.3
138.56,-32.54,1921,2,"019013",87.1
138.56,-32.54,1921,3,"019013",109.2
138.56,-32.54,1921,4,"019013",29
138.56,-32.54,1921,5,"019013",70.5
138.56,-32.54,1921,6,"019013",33.5
138.56,-32.54,1921,7,"019013",25.2
138.56,-32.54,1921,8,"019013",24.4
138.56,-32.54,1921,9,"019013",30
138.56,-32.54,1921,10,"019013",15.7
138.56,-32.54,1921,11,"019013",6.1
138.56,-32.54,1921,12,"019013",20.1
138.56,-32.54,1922,1,"019013",14.3
138.56,-32.54,1922,2,"019013",3.8
138.56,-32.54,1922,3,"019013",0
138.56,-32.54,1922,4,"019013",20.8
138.56,-32.54,1922,5,"019013",88.7
138.56,-32.54,1922,6,"019013",28.5
138.56,-32.54,1922,7,"019013",35.6
138.56,-32.54,1922,8,"019013",27.4
138.56,-32.54,1922,9,"019013",28.9
138.56,-32.54,1922,10,"019013",5.8
138.56,-32.54,1922,11,"019013",0
138.56,-32.54,1922,12,"019013",71.3
138.56,-32.54,1923,1,"019013",2.3
138.56,-32.54,1923,2,"019013",2
138.56,-32.54,1923,3,"019013",2.3
138.56,-32.54,1923,4,"019013",1.8
138.56,-32.54,1923,5,"019013",45.4
138.56,-32.54,1923,6,"019013",75.2
138.56,-32.54,1923,7,"019013",60.5
138.56,-32.54,1923,8,"019013",37.7
138.56,-32.54,1923,9,"019013",25.9
138.56,-32.54,1923,10,"019013",28.4
138.56,-32.54,1923,11,"019013",9.4
138.56,-32.54,1923,12,"019013",128.3
138.56,-32.54,1924,1,"019013",17.8
138.56,-32.54,1924,2,"019013",21.1
138.56,-32.54,1924,3,"019013",5.8
138.56,-32.54,1924,4,"019013",5.8
138.56,-32.54,1924,5,"019013",6.1
138.56,-32.54,1924,6,"019013",29.2
138.56,-32.54,1924,7,"019013",0
138.56,-32.54,1924,8,"019013",33.5
138.56,-32.54,1924,9,"019013",33.1
138.56,-32.54,1924,10,"019013",28.3
138.56,-32.54,1924,11,"019013",37.6
138.56,-32.54,1924,12,"019013",29.5
138.56,-32.54,1925,1,"019013",35.8
138.56,-32.54,1925,2,"019013",4.1
138.56,-32.54,1925,3,"019013",0
138.56,-32.54,1925,4,"019013",23.4
138.56,-32.54,1925,5,"019013",48.4
138.56,-32.54,1925,6,"019013",10.4
138.56,-32.54,1925,7,"019013",40.8
138.56,-32.54,1925,8,"019013",5.6
138.56,-32.54,1925,9,"019013",40
138.56,-32.54,1925,10,"019013",7.4
138.56,-32.54,1925,11,"019013",5.1
138.56,-32.54,1925,12,"019013",2.3
138.56,-32.54,1926,1,"019013",0
138.56,-32.54,1926,2,"019013",2.3
138.56,-32.54,1926,3,"019013",0
138.56,-32.54,1926,4,"019013",15.5
138.56,-32.54,1926,5,"019013",59.4
138.56,-32.54,1926,6,"019013",18.5
138.56,-32.54,1926,7,"019013",34.8
138.56,-32.54,1926,8,"019013",46.4
138.56,-32.54,1926,9,"019013",54.9
138.56,-32.54,1926,10,"019013",7.4
138.56,-32.54,1926,11,"019013",10.2
138.56,-32.54,1926,12,"019013",0
138.56,-32.54,1927,1,"019013",7.1
138.56,-32.54,1927,2,"019013",1.5
138.56,-32.54,1927,3,"019013",3.6
138.56,-32.54,1927,4,"019013",0
138.56,-32.54,1927,5,"019013",11.4
138.56,-32.54,1927,6,"019013",25.7
138.56,-32.54,1927,7,"019013",25.9
138.56,-32.54,1927,8,"019013",36.8
138.56,-32.54,1927,9,"019013",14.7
138.56,-32.54,1927,10,"019013",4.6
138.56,-32.54,1927,11,"019013",23.1
138.56,-32.54,1927,12,"019013",9.1
138.56,-32.54,1928,1,"019013",4.6
138.56,-32.54,1928,2,"019013",60.2
138.56,-32.54,1928,3,"019013",11.2
138.56,-32.54,1928,4,"019013",4.8
138.56,-32.54,1928,5,"019013",9.7
138.56,-32.54,1928,6,"019013",46.5
138.56,-32.54,1928,7,"019013",41.2
138.56,-32.54,1928,8,"019013",11.9
138.56,-32.54,1928,9,"019013",37.9
138.56,-32.54,1928,10,"019013",12.9
138.56,-32.54,1928,11,"019013",0
138.56,-32.54,1928,12,"019013",0.3
138.56,-32.54,1929,1,"019013",34.8
138.56,-32.54,1929,2,"019013",8.4
138.56,-32.54,1929,3,"019013",0
138.56,-32.54,1929,4,"019013",2.8
138.56,-32.54,1929,5,"019013",2.1
138.56,-32.54,1929,6,"019013",16.2
138.56,-32.54,1929,7,"019013",14.5
138.56,-32.54,1929,8,"019013",13.1
138.56,-32.54,1929,9,"019013",24.9
138.56,-32.54,1929,10,"019013",0
138.56,-32.54,1929,11,"019013",18
138.56,-32.54,1929,12,"019013",58.5
138.56,-32.54,1930,1,"019013",0
138.56,-32.54,1930,2,"019013",12.2
138.56,-32.54,1930,3,"019013",0
138.56,-32.54,1930,4,"019013",17.3
138.56,-32.54,1930,5,"019013",6.1
138.56,-32.54,1930,6,"019013",2.5
138.56,-32.54,1930,7,"019013",40.2
138.56,-32.54,1930,8,"019013",67.9
138.56,-32.54,1930,9,"019013",13.5
138.56,-32.54,1930,10,"019013",27
138.56,-32.54,1930,11,"019013",7.8
138.56,-32.54,1930,12,"019013",29.9
138.56,-32.54,1931,1,"019013",2.3
138.56,-32.54,1931,2,"019013",0.8
138.56,-32.54,1931,3,"019013",24.2
138.56,-32.54,1931,4,"019013",45.5
138.56,-32.54,1931,5,"019013",37.9
138.56,-32.54,1931,6,"019013",51.6
138.56,-32.54,1931,7,"019013",28.1
138.56,-32.54,1931,8,"019013",25.5
138.56,-32.54,1931,9,"019013",22
138.56,-32.54,1931,10,"019013",4.8
138.56,-32.54,1931,11,"019013",16
138.56,-32.54,1931,12,"019013",16.7
138.56,-32.54,1932,1,"019013",0
138.56,-32.54,1932,2,"019013",34.5
138.56,-32.54,1932,3,"019013",20.6
138.56,-32.54,1932,4,"019013",29
138.56,-32.54,1932,5,"019013",23.6
138.56,-32.54,1932,6,"019013",29.2
138.56,-32.54,1932,7,"019013",21.3
138.56,-32.54,1932,8,"019013",53.3
138.56,-32.54,1932,9,"019013",71.9
138.56,-32.54,1932,10,"019013",20.3
138.56,-32.54,1932,11,"019013",1.3
138.56,-32.54,1932,12,"019013",0
138.56,-32.54,1933,1,"019013",0
138.56,-32.54,1933,2,"019013",0
138.56,-32.54,1933,3,"019013",3.3
138.56,-32.54,1933,4,"019013",4.8
138.56,-32.54,1933,5,"019013",22.3
138.56,-32.54,1933,6,"019013",6.1
138.56,-32.54,1933,7,"019013",23
138.56,-32.54,1933,8,"019013",63.2
138.56,-32.54,1933,9,"019013",30.4
138.56,-32.54,1933,10,"019013",11.1
138.56,-32.54,1933,11,"019013",49
138.56,-32.54,1933,12,"019013",32.7
138.56,-32.54,1934,1,"019013",4.5
138.56,-32.54,1934,2,"019013",17.2
138.56,-32.54,1934,3,"019013",8.6
138.56,-32.54,1934,4,"019013",11.5
138.56,-32.54,1934,5,"019013",0
138.56,-32.54,1934,6,"019013",19.5
138.56,-32.54,1934,7,"019013",20.9
138.56,-32.54,1934,8,"019013",46
138.56,-32.54,1934,9,"019013",43.4
138.56,-32.54,1934,10,"019013",39.1
138.56,-32.54,1934,11,"019013",63.7
138.56,-32.54,1934,12,"019013",5.3
138.56,-32.54,1935,1,"019013",14.2
138.56,-32.54,1935,2,"019013",0
138.56,-32.54,1935,3,"019013",19.1
138.56,-32.54,1935,4,"019013",14.7
138.56,-32.54,1935,5,"019013",2.3
138.56,-32.54,1935,6,"019013",13.8
138.56,-32.54,1935,7,"019013",8.7
138.56,-32.54,1935,8,"019013",26.2
138.56,-32.54,1935,9,"019013",28.2
138.56,-32.54,1935,10,"019013",49.6
138.56,-32.54,1935,11,"019013",1.8
138.56,-32.54,1935,12,"019013",7.6
138.56,-32.54,1936,1,"019013",49.8
138.56,-32.54,1936,2,"019013",19.8
138.56,-32.54,1936,3,"019013",15
138.56,-32.54,1936,4,"019013",7.9
138.56,-32.54,1936,5,"019013",28
138.56,-32.54,1936,6,"019013",18.5
138.56,-32.54,1936,7,"019013",32.3
138.56,-32.54,1936,8,"019013",19.5
138.56,-32.54,1936,9,"019013",7.4
138.56,-32.54,1936,10,"019013",29.2
138.56,-32.54,1936,11,"019013",1.8
138.56,-32.54,1936,12,"019013",24.4
138.56,-32.54,1937,1,"019013",90
138.56,-32.54,1937,2,"019013",26.7
138.56,-32.54,1937,3,"019013",3
138.56,-32.54,1937,4,"019013",11
138.56,-32.54,1937,5,"019013",20.4
138.56,-32.54,1937,6,"019013",34
138.56,-32.54,1937,7,"019013",17.6
138.56,-32.54,1937,8,"019013",65.5
138.56,-32.54,1937,9,"019013",28.3
138.56,-32.54,1937,10,"019013",13.7
138.56,-32.54,1937,11,"019013",59.2
138.56,-32.54,1937,12,"019013",11.7
138.56,-32.54,1938,1,"019013",32.3
138.56,-32.54,1938,2,"019013",69.1
138.56,-32.54,1938,3,"019013",0
138.56,-32.54,1938,4,"019013",22.3
138.56,-32.54,1938,5,"019013",0
138.56,-32.54,1938,6,"019013",24.6
138.56,-32.54,1938,7,"019013",43.4
138.56,-32.54,1938,8,"019013",27.2
138.56,-32.54,1938,9,"019013",2.5
138.56,-32.54,1938,10,"019013",84.9
138.56,-32.54,1938,11,"019013",10.6
138.56,-32.54,1938,12,"019013",0
138.56,-32.54,1939,1,"019013",13.3
138.56,-32.54,1939,2,"019013",68.1
138.56,-32.54,1939,3,"019013",21
138.56,-32.54,1939,4,"019013",17.2
138.56,-32.54,1939,5,"019013",20.1
138.56,-32.54,1939,6,"019013",72.5
138.56,-32.54,1939,7,"019013",51.3
138.56,-32.54,1939,8,"019013",53.9
138.56,-32.54,1939,9,"019013",12.7
138.56,-32.54,1939,10,"019013",7.9
138.56,-32.54,1939,11,"019013",58.5
138.56,-32.54,1939,12,"019013",2.8
138.56,-32.54,1940,1,"019013",19
138.56,-32.54,1940,2,"019013",4.3
138.56,-32.54,1940,3,"019013",0
138.56,-32.54,1940,4,"019013",22.1
138.56,-32.54,1940,5,"019013",9.4
138.56,-32.54,1940,6,"019013",2.8
138.56,-32.54,1940,7,"019013",19.3
138.56,-32.54,1940,8,"019013",17.1
138.56,-32.54,1940,9,"019013",18.3
138.56,-32.54,1940,10,"019013",6.1
138.56,-32.54,1940,11,"019013",2.6
138.56,-32.54,1940,12,"019013",4.6
138.56,-32.54,1941,1,"019013",110.1
138.56,-32.54,1941,2,"019013",3.8
138.56,-32.54,1941,3,"019013",27.6
138.56,-32.54,1941,4,"019013",9.4
138.56,-32.54,1941,5,"019013",4.8
138.56,-32.54,1941,6,"019013",31.5
138.56,-32.54,1941,7,"019013",40
138.56,-32.54,1941,8,"019013",23.8
138.56,-32.54,1941,9,"019013",11.4
138.56,-32.54,1941,10,"019013",21.6
138.56,-32.54,1941,11,"019013",30
138.56,-32.54,1941,12,"019013",2.5
138.56,-32.54,1942,1,"019013",7.9
138.56,-32.54,1942,2,"019013",19.1
138.56,-32.54,1942,3,"019013",1.5
138.56,-32.54,1942,4,"019013",18.3
138.56,-32.54,1942,5,"019013",38.6
138.56,-32.54,1942,6,"019013",47.5
138.56,-32.54,1942,7,"019013",40.6
138.56,-32.54,1942,8,"019013",54.1
138.56,-32.54,1942,9,"019013",35.2
138.56,-32.54,1942,10,"019013",52.8
138.56,-32.54,1942,11,"019013",14.1
138.56,-32.54,1942,12,"019013",10.7
138.56,-32.54,1943,1,"019013",5.1
138.56,-32.54,1943,2,"019013",77.2
138.56,-32.54,1943,3,"019013",0
138.56,-32.54,1943,4,"019013",19
138.56,-32.54,1943,5,"019013",0
138.56,-32.54,1943,6,"019013",18.3
138.56,-32.54,1943,7,"019013",41.4
138.56,-32.54,1943,8,"019013",36.2
138.56,-32.54,1943,9,"019013",28.2
138.56,-32.54,1943,10,"019013",24.6
138.56,-32.54,1943,11,"019013",17.3
138.56,-32.54,1943,12,"019013",8.1
138.56,-32.54,1944,1,"019013",12.7
138.56,-32.54,1944,2,"019013",11.2
138.56,-32.54,1944,3,"019013",0
138.56,-32.54,1944,4,"019013",29.4
138.56,-32.54,1944,5,"019013",31.3
138.56,-32.54,1944,6,"019013",5.3
138.56,-32.54,1944,7,"019013",17
138.56,-32.54,1944,8,"019013",14.2
138.56,-32.54,1944,9,"019013",2.8
138.56,-32.54,1944,10,"019013",6.6
138.56,-32.54,1944,11,"019013",24.8
138.56,-32.54,1944,12,"019013",42.8
138.56,-32.54,1945,1,"019013",5.8
138.56,-32.54,1945,2,"019013",3.3
138.56,-32.54,1945,3,"019013",2.8
138.56,-32.54,1945,4,"019013",1
138.56,-32.54,1945,5,"019013",26.1
138.56,-32.54,1945,6,"019013",68.4
138.56,-32.54,1945,7,"019013",33.5
138.56,-32.54,1945,8,"019013",30
138.56,-32.54,1945,9,"019013",14.6
138.56,-32.54,1945,10,"019013",20.4
138.56,-32.54,1945,11,"019013",25
138.56,-32.54,1945,12,"019013",29.2
138.56,-32.54,1946,1,"019013",117.4
138.56,-32.54,1946,2,"019013",97
138.56,-32.54,1946,3,"019013",31.5
138.56,-32.54,1946,4,"019013",7.4
138.56,-32.54,1946,5,"019013",36
138.56,-32.54,1946,6,"019013",15.2
138.56,-32.54,1946,7,"019013",48.5
138.56,-32.54,1946,8,"019013",7.3
138.56,-32.54,1946,9,"019013",5.3
138.56,-32.54,1946,10,"019013",13
138.56,-32.54,1946,11,"019013",38.2
138.56,-32.54,1946,12,"019013",34.7
138.56,-32.54,1947,1,"019013",7.1
138.56,-32.54,1947,2,"019013",37.4
138.56,-32.54,1947,3,"019013",47.8
138.56,-32.54,1947,4,"019013",24.8
138.56,-32.54,1947,5,"019013",2.8
138.56,-32.54,1947,6,"019013",19.9
138.56,-32.54,1947,7,"019013",62.9
138.56,-32.54,1947,8,"019013",24.2
138.56,-32.54,1947,9,"019013",38.8
138.56,-32.54,1947,10,"019013",53.9
138.56,-32.54,1947,11,"019013",21.6
138.56,-32.54,1947,12,"019013",13.7
138.56,-32.54,1948,1,"019013",2.8
138.56,-32.54,1948,2,"019013",7.6
138.56,-32.54,1948,3,"019013",0
138.56,-32.54,1948,4,"019013",19.8
138.56,-32.54,1948,5,"019013",15.3
138.56,-32.54,1948,6,"019013",19.4
138.56,-32.54,1948,7,"019013",12.7
138.56,-32.54,1948,8,"019013",25.7
138.56,-32.54,1948,9,"019013",5.8
138.56,-32.54,1948,10,"019013",42.2
138.56,-32.54,1948,11,"019013",22
138.56,-32.54,1948,12,"019013",68.8
138.56,-32.54,1949,1,"019013",1.3
138.56,-32.54,1949,2,"019013",39.7
138.56,-32.54,1949,3,"019013",0
138.56,-32.54,1949,4,"019013",2
138.56,-32.54,1949,5,"019013",51.5
138.56,-32.54,1949,6,"019013",6
138.56,-32.54,1949,7,"019013",47.3
138.56,-32.54,1949,8,"019013",15.4
138.56,-32.54,1949,9,"019013",52.3
138.56,-32.54,1949,10,"019013",69.5
138.56,-32.54,1949,11,"019013",26.8
138.56,-32.54,1949,12,"019013",8.5
138.56,-32.54,1950,1,"019013",2.3
138.56,-32.54,1950,2,"019013",119.6
138.56,-32.54,1950,3,"019013",56.2
138.56,-32.54,1950,4,"019013",15.6
138.56,-32.54,1950,5,"019013",62.2
138.56,-32.54,1950,6,"019013",26.2
138.56,-32.54,1950,7,"019013",18.8
138.56,-32.54,1950,8,"019013",25
138.56,-32.54,1950,9,"019013",13.8
138.56,-32.54,1950,10,"019013",29.5
138.56,-32.54,1950,11,"019013",56.1
138.56,-32.54,1950,12,"019013",16
138.56,-32.54,1951,1,"019013",3.3
138.56,-32.54,1951,2,"019013",0.8
138.56,-32.54,1951,3,"019013",18.9
138.56,-32.54,1951,4,"019013",27.3
138.56,-32.54,1951,5,"019013",50.8
138.56,-32.54,1951,6,"019013",63.5
138.56,-32.54,1951,7,"019013",49.1
138.56,-32.54,1951,8,"019013",52.6
138.56,-32.54,1951,9,"019013",11.1
138.56,-32.54,1951,10,"019013",35.3
138.56,-32.54,1951,11,"019013",0.8
138.56,-32.54,1951,12,"019013",15
138.56,-32.54,1952,1,"019013",60.4
138.56,-32.54,1952,2,"019013",0
138.56,-32.54,1952,3,"019013",25.4
138.56,-32.54,1952,4,"019013",62.3
138.56,-32.54,1952,5,"019013",91.3
138.56,-32.54,1952,6,"019013",23.9
138.56,-32.54,1952,7,"019013",17.9
138.56,-32.54,1952,8,"019013",31.6
138.56,-32.54,1952,9,"019013",21.8
138.56,-32.54,1952,10,"019013",50.3
138.56,-32.54,1952,11,"019013",43
138.56,-32.54,1952,12,"019013",5.6
138.56,-32.54,1953,1,"019013",31.2
138.56,-32.54,1953,2,"019013",14
138.56,-32.54,1953,3,"019013",1.5
138.56,-32.54,1953,4,"019013",2.3
138.56,-32.54,1953,5,"019013",20.6
138.56,-32.54,1953,6,"019013",35.8
138.56,-32.54,1953,7,"019013",19.1
138.56,-32.54,1953,8,"019013",64.9
138.56,-32.54,1953,9,"019013",60.8
138.56,-32.54,1953,10,"019013",48.3
138.56,-32.54,1953,11,"019013",19.7
138.56,-32.54,1953,12,"019013",36.1
138.56,-32.54,1954,1,"019013",15
138.56,-32.54,1954,2,"019013",0
138.56,-32.54,1954,3,"019013",0
138.56,-32.54,1954,4,"019013",52.6
138.56,-32.54,1954,5,"019013",5.1
138.56,-32.54,1954,6,"019013",24.3
138.56,-32.54,1954,7,"019013",13.7
138.56,-32.54,1954,8,"019013",49.6
138.56,-32.54,1954,9,"019013",3.9
138.56,-32.54,1954,10,"019013",12.7
138.56,-32.54,1954,11,"019013",19.6
138.56,-32.54,1954,12,"019013",29.7
138.56,-32.54,1955,1,"019013",0.8
138.56,-32.54,1955,2,"019013",59.7
138.56,-32.54,1955,3,"019013",46.8
138.56,-32.54,1955,4,"019013",11
138.56,-32.54,1955,5,"019013",54
138.56,-32.54,1955,6,"019013",48.5
138.56,-32.54,1955,7,"019013",23.4
138.56,-32.54,1955,8,"019013",65.9
138.56,-32.54,1955,9,"019013",30.3
138.56,-32.54,1955,10,"019013",15.2
138.56,-32.54,1955,11,"019013",20.6
138.56,-32.54,1955,12,"019013",3.8
138.56,-32.54,1956,1,"019013",11.7
138.56,-32.54,1956,2,"019013",19.8
138.56,-32.54,1956,3,"019013",116.1
138.56,-32.54,1956,4,"019013",31.9
138.56,-32.54,1956,5,"019013",50.6
138.56,-32.54,1956,6,"019013",57.5
138.56,-32.54,1956,7,"019013",100
138.56,-32.54,1956,8,"019013",20.3
138.56,-32.54,1956,9,"019013",37.9
138.56,-32.54,1956,10,"019013",52.1
138.56,-32.54,1956,11,"019013",18.3
138.56,-32.54,1956,12,"019013",0
138.56,-32.54,1957,1,"019013",0
138.56,-32.54,1957,2,"019013",0.5
138.56,-32.54,1957,3,"019013",19.5
138.56,-32.54,1957,4,"019013",3
138.56,-32.54,1957,5,"019013",8.5
138.56,-32.54,1957,6,"019013",55.7
138.56,-32.54,1957,7,"019013",19.6
138.56,-32.54,1957,8,"019013",37.1
138.56,-32.54,1957,9,"019013",15.1
138.56,-32.54,1957,10,"019013",16.7
138.56,-32.54,1957,11,"019013",2.8
138.56,-32.54,1957,12,"019013",46.5
138.56,-32.54,1958,1,"019013",3.3
138.56,-32.54,1958,2,"019013",0
138.56,-32.54,1958,3,"019013",25.6
138.56,-32.54,1958,4,"019013",17.3
138.56,-32.54,1958,5,"019013",25.7
138.56,-32.54,1958,6,"019013",0
138.56,-32.54,1958,7,"019013",41.4
138.56,-32.54,1958,8,"019013",76
138.56,-32.54,1958,9,"019013",56.8
138.56,-32.54,1958,10,"019013",62.2
138.56,-32.54,1958,11,"019013",62.1
138.56,-32.54,1958,12,"019013",7.6
138.56,-32.54,1959,1,"019013",17
138.56,-32.54,1959,2,"019013",19.1
138.56,-32.54,1959,3,"019013",12.7
138.56,-32.54,1959,4,"019013",0.5
138.56,-32.54,1959,5,"019013",9.4
138.56,-32.54,1959,6,"019013",3.9
138.56,-32.54,1959,7,"019013",41.9
138.56,-32.54,1959,8,"019013",13.8
138.56,-32.54,1959,9,"019013",30
138.56,-32.54,1959,10,"019013",14.2
138.56,-32.54,1959,11,"019013",12.7
138.56,-32.54,1959,12,"019013",12.8
138.56,-32.54,1960,1,"019013",16.7
138.56,-32.54,1960,2,"019013",18.3
138.56,-32.54,1960,3,"019013",3.3
138.56,-32.54,1960,4,"019013",16.8
138.56,-32.54,1960,5,"019013",104
138.56,-32.54,1960,6,"019013",10.6
138.56,-32.54,1960,7,"019013",54.9
138.56,-32.54,1960,8,"019013",50
138.56,-32.54,1960,9,"019013",82.7
138.56,-32.54,1960,10,"019013",6.4
138.56,-32.54,1960,11,"019013",30.6
138.56,-32.54,1960,12,"019013",26.7
138.56,-32.54,1961,1,"019013",12.2
138.56,-32.54,1961,2,"019013",5.1
138.56,-32.54,1961,3,"019013",4.8
138.56,-32.54,1961,4,"019013",58.4
138.56,-32.54,1961,5,"019013",2.5
138.56,-32.54,1961,6,"019013",11.4
138.56,-32.54,1961,7,"019013",22.3
138.56,-32.54,1961,8,"019013",40.3
138.56,-32.54,1961,9,"019013",27.5
138.56,-32.54,1961,10,"019013",2
138.56,-32.54,1961,11,"019013",43.8
138.56,-32.54,1961,12,"019013",14.5
138.56,-32.54,1962,1,"019013",55.4
138.56,-32.54,1962,2,"019013",0
138.56,-32.54,1962,3,"019013",46.3
138.56,-32.54,1962,4,"019013",10.5
138.56,-32.54,1962,5,"019013",67.4
138.56,-32.54,1962,6,"019013",19.2
138.56,-32.54,1962,7,"019013",13.9
138.56,-32.54,1962,8,"019013",28.2
138.56,-32.54,1962,9,"019013",19
138.56,-32.54,1962,10,"019013",49.9
138.56,-32.54,1962,11,"019013",4.5
138.56,-32.54,1962,12,"019013",27.1
138.56,-32.54,1963,1,"019013",16
138.56,-32.54,1963,2,"019013",1.8
138.56,-32.54,1963,3,"019013",6.1
138.56,-32.54,1963,4,"019013",14.5
138.56,-32.54,1963,5,"019013",73.4
138.56,-32.54,1963,6,"019013",78.2
138.56,-32.54,1963,7,"019013",44.4
138.56,-32.54,1963,8,"019013",45.1
138.56,-32.54,1963,9,"019013",7.9
138.56,-32.54,1963,10,"019013",5.6
138.56,-32.54,1963,11,"019013",3.8
138.56,-32.54,1963,12,"019013",11.1
138.56,-32.54,1964,1,"019013",16.8
138.56,-32.54,1964,2,"019013",2.8
138.56,-32.54,1964,3,"019013",0
138.56,-32.54,1964,4,"019013",17.7
138.56,-32.54,1964,5,"019013",25.5
138.56,-32.54,1964,6,"019013",24.1
138.56,-32.54,1964,7,"019013",57.6
138.56,-32.54,1964,8,"019013",38.6
138.56,-32.54,1964,9,"019013",96.3
138.56,-32.54,1964,10,"019013",24.9
138.56,-32.54,1964,11,"019013",6.8
138.56,-32.54,1964,12,"019013",26
138.56,-32.54,1965,1,"019013",0
138.56,-32.54,1965,2,"019013",0
138.56,-32.54,1965,3,"019013",0.5
138.56,-32.54,1965,4,"019013",0
138.56,-32.54,1965,5,"019013",37.8
138.56,-32.54,1965,6,"019013",17
138.56,-32.54,1965,7,"019013",53.9
138.56,-32.54,1965,8,"019013",37.4
138.56,-32.54,1965,9,"019013",17.3
138.56,-32.54,1965,10,"019013",2.1
138.56,-32.54,1965,11,"019013",22.1
138.56,-32.54,1965,12,"019013",14.4
138.56,-32.54,1966,1,"019013",5
138.56,-32.54,1966,2,"019013",54.8
138.56,-32.54,1966,3,"019013",27.1
138.56,-32.54,1966,4,"019013",1.3
138.56,-32.54,1966,5,"019013",33
138.56,-32.54,1966,6,"019013",63.6
138.56,-32.54,1966,7,"019013",24.9
138.56,-32.54,1966,8,"019013",8.6
138.56,-32.54,1966,9,"019013",21.7
138.56,-32.54,1966,10,"019013",11.2
138.56,-32.54,1966,11,"019013",16.3
138.56,-32.54,1966,12,"019013",88.7
138.56,-32.54,1967,1,"019013",22.1
138.56,-32.54,1967,2,"019013",12.9
138.56,-32.54,1967,3,"019013",0.5
138.56,-32.54,1967,4,"019013",0
138.56,-32.54,1967,5,"019013",8.1
138.56,-32.54,1967,6,"019013",4
138.56,-32.54,1967,7,"019013",19.1
138.56,-32.54,1967,8,"019013",45.2
138.56,-32.54,1967,9,"019013",15.3
138.56,-32.54,1967,10,"019013",12.7
138.56,-32.54,1967,11,"019013",0
138.56,-32.54,1967,12,"019013",3
138.56,-32.54,1968,1,"019013",95.4
138.56,-32.54,1968,2,"019013",36.8
138.56,-32.54,1968,3,"019013",8.9
138.56,-32.54,1968,4,"019013",68.2
138.56,-32.54,1968,5,"019013",48.3
138.56,-32.54,1968,6,"019013",53
138.56,-32.54,1968,7,"019013",66.1
138.56,-32.54,1968,8,"019013",41.3
138.56,-32.54,1968,9,"019013",16.6
138.56,-32.54,1968,10,"019013",27.7
138.56,-32.54,1968,11,"019013",48.3
138.56,-32.54,1968,12,"019013",12.7
138.56,-32.54,1969,1,"019013",46.3
138.56,-32.54,1969,2,"019013",36.8
138.56,-32.54,1969,3,"019013",32.7
138.56,-32.54,1969,4,"019013",16.3
138.56,-32.54,1969,5,"019013",61
138.56,-32.54,1969,6,"019013",53.8
138.56,-32.54,1969,7,"019013",51.7
138.56,-32.54,1969,8,"019013",5.9
138.56,-32.54,1969,9,"019013",53
138.56,-32.54,1969,10,"019013",16.5
138.56,-32.54,1969,11,"019013",8.4
138.56,-32.54,1969,12,"019013",0
138.56,-32.54,1970,1,"019013",13
138.56,-32.54,1970,2,"019013",0
138.56,-32.54,1970,3,"019013",7.6
138.56,-32.54,1970,4,"019013",22.3
138.56,-32.54,1970,5,"019013",7.4
138.56,-32.54,1970,6,"019013",15.8
138.56,-32.54,1970,7,"019013",10.7
138.56,-32.54,1970,8,"019013",69.5
138.56,-32.54,1970,9,"019013",54
138.56,-32.54,1970,10,"019013",30.6
138.56,-32.54,1970,11,"019013",58.4
138.56,-32.54,1970,12,"019013",14.8
138.56,-32.54,1971,1,"019013",0.5
138.56,-32.54,1971,2,"019013",3
138.56,-32.54,1971,3,"019013",37.5
138.56,-32.54,1971,4,"019013",49.4
138.56,-32.54,1971,5,"019013",13.3
138.56,-32.54,1971,6,"019013",39.6
138.56,-32.54,1971,7,"019013",47.3
138.56,-32.54,1971,8,"019013",29.9
138.56,-32.54,1971,9,"019013",39.1
138.56,-32.54,1971,10,"019013",2.8
138.56,-32.54,1971,11,"019013",64.8
138.56,-32.54,1971,12,"019013",32.8
138.56,-32.54,1972,1,"019013",58.5
138.56,-32.54,1972,2,"019013",27.5
138.56,-32.54,1972,3,"019013",0
138.56,-32.54,1972,4,"019013",12
138.56,-32.54,1972,5,"019013",4.5
138.56,-32.54,1972,6,"019013",3.8
138.56,-32.54,1972,7,"019013",36.8
138.56,-32.54,1972,8,"019013",70.9
138.56,-32.54,1972,9,"019013",8.9
138.56,-32.54,1972,10,"019013",16.8
138.56,-32.54,1972,11,"019013",11.7
138.56,-32.54,1972,12,"019013",10.6
138.56,-32.54,1973,1,"019013",63.8
138.56,-32.54,1973,2,"019013",84.3
138.56,-32.54,1973,3,"019013",13
138.56,-32.54,1973,4,"019013",20.6
138.56,-32.54,1973,5,"019013",21.9
138.56,-32.54,1973,6,"019013",55.1
138.56,-32.54,1973,7,"019013",28
138.56,-32.54,1973,8,"019013",65.1
138.56,-32.54,1973,9,"019013",34.1
138.56,-32.54,1973,10,"019013",83.1
138.56,-32.54,1973,11,"019013",37.8
138.56,-32.54,1973,12,"019013",0
138.56,-32.54,1974,1,"019013",163.6
138.56,-32.54,1974,2,"019013",59.8
138.56,-32.54,1974,3,"019013",48.8
138.56,-32.54,1974,4,"019013",119.4
138.56,-32.54,1974,5,"019013",91.4
138.56,-32.54,1974,6,"019013",28
138.56,-32.54,1974,7,"019013",80.5
138.56,-32.54,1974,8,"019013",24.6
138.56,-32.54,1974,9,"019013",42.4
138.56,-32.54,1974,10,"019013",67.2
138.56,-32.54,1974,11,"019013",1.2
138.56,-32.54,1974,12,"019013",0
138.56,-32.54,1975,1,"019013",0
138.56,-32.54,1975,2,"019013",15.6
138.56,-32.54,1975,3,"019013",23.6
138.56,-32.54,1975,4,"019013",0
138.56,-32.54,1975,5,"019013",25.6
138.56,-32.54,1975,6,"019013",0
138.56,-32.54,1975,7,"019013",41.1
138.56,-32.54,1975,8,"019013",24.4
138.56,-32.54,1975,9,"019013",43.6
138.56,-32.54,1975,10,"019013",103.2
138.56,-32.54,1975,11,"019013",80
138.56,-32.54,1975,12,"019013",0
138.56,-32.54,1976,1,"019013",14.4
138.56,-32.54,1976,2,"019013",80.6
138.56,-32.54,1976,3,"019013",7
138.56,-32.54,1976,4,"019013",0
138.56,-32.54,1976,5,"019013",2.5
138.56,-32.54,1976,6,"019013",14.5
138.56,-32.54,1976,7,"019013",16.4
138.56,-32.54,1976,8,"019013",16.2
138.56,-32.54,1976,9,"019013",46.1
138.56,-32.54,1976,10,"019013",113.6
138.56,-32.54,1976,11,"019013",22.8
138.56,-32.54,1976,12,"019013",10
138.56,-32.54,1977,1,"019013",3
138.56,-32.54,1977,2,"019013",1
138.56,-32.54,1977,3,"019013",9.6
138.56,-32.54,1977,4,"019013",2
138.56,-32.54,1977,5,"019013",27.6
138.56,-32.54,1977,6,"019013",43.8
138.56,-32.54,1977,7,"019013",12
138.56,-32.54,1977,8,"019013",12.4
138.56,-32.54,1977,9,"019013",19
138.56,-32.54,1977,10,"019013",16.2
138.56,-32.54,1977,11,"019013",91
138.56,-32.54,1977,12,"019013",12
138.56,-32.54,1978,1,"019013",10.6
138.56,-32.54,1978,2,"019013",0
138.56,-32.54,1978,3,"019013",20.2
138.56,-32.54,1978,4,"019013",9.9
138.56,-32.54,1978,5,"019013",31
138.56,-32.54,1978,6,"019013",92.4
138.56,-32.54,1978,7,"019013",52.7
138.56,-32.54,1978,8,"019013",48
138.56,-32.54,1978,9,"019013",61.2
138.56,-32.54,1978,10,"019013",28.8
138.56,-32.54,1978,11,"019013",45.6
138.56,-32.54,1978,12,"019013",2.2
138.56,-32.54,1979,1,"019013",12.3
138.56,-32.54,1979,2,"019013",54.4
138.56,-32.54,1979,3,"019013",0
138.56,-32.54,1979,4,"019013",26.2
138.56,-32.54,1979,5,"019013",102.6
138.56,-32.54,1979,6,"019013",8.8
138.56,-32.54,1979,7,"019013",9
138.56,-32.54,1979,8,"019013",37.7
138.56,-32.54,1979,9,"019013",65.1
138.56,-32.54,1979,10,"019013",33
138.56,-32.54,1979,11,"019013",25
138.56,-32.54,1979,12,"019013",23
138.56,-32.54,1980,1,"019013",10
138.56,-32.54,1980,2,"019013",0
138.56,-32.54,1980,3,"019013",0
138.56,-32.54,1980,4,"019013",41.6
138.56,-32.54,1980,5,"019013",46.6
138.56,-32.54,1980,6,"019013",54.8
138.56,-32.54,1980,7,"019013",43.2
138.56,-32.54,1980,8,"019013",4.8
138.56,-32.54,1980,9,"019013",20.2
138.56,-32.54,1980,10,"019013",61.9
138.56,-32.54,1980,11,"019013",2.2
138.56,-32.54,1980,12,"019013",9.4
138.56,-32.54,1981,1,"019013",39.8
138.56,-32.54,1981,2,"019013",23.6
138.56,-32.54,1981,3,"019013",4
138.56,-32.54,1981,4,"019013",0.2
138.56,-32.54,1981,5,"019013",59.2
138.56,-32.54,1981,6,"019013",62.8
138.56,-32.54,1981,7,"019013",60.4
138.56,-32.54,1981,8,"019013",44.2
138.56,-32.54,1981,9,"019013",27.6
138.56,-32.54,1981,10,"019013",18.2
138.56,-32.54,1981,11,"019013",21.2
138.56,-32.54,1981,12,"019013",4.6
138.56,-32.54,1982,1,"019013",6.6
138.56,-32.54,1982,2,"019013",7.8
138.56,-32.54,1982,3,"019013",24.4
138.56,-32.54,1982,4,"019013",13.8
138.56,-32.54,1982,5,"019013",6.8
138.56,-32.54,1982,6,"019013",26.1
138.56,-32.54,1982,7,"019013",1.8
138.56,-32.54,1982,8,"019013",1.6
138.56,-32.54,1982,9,"019013",13.6
138.56,-32.54,1982,10,"019013",5.6
138.56,-32.54,1982,11,"019013",0.4
138.56,-32.54,1982,12,"019013",5.2
138.56,-32.54,1983,1,"019013",0.2
138.56,-32.54,1983,2,"019013",4.7
138.56,-32.54,1983,3,"019013",9.6
138.56,-32.54,1983,4,"019013",39.4
138.56,-32.54,1983,5,"019013",35
138.56,-32.54,1983,6,"019013",11.4
138.56,-32.54,1983,7,"019013",51.2
138.56,-32.54,1983,8,"019013",36.8
138.56,-32.54,1983,9,"019013",43.4
138.56,-32.54,1983,10,"019013",36.3
138.56,-32.54,1983,11,"019013",24.2
138.56,-32.54,1983,12,"019013",29.6
138.56,-32.54,1984,1,"019013",40
138.56,-32.54,1984,2,"019013",23
138.56,-32.54,1984,3,"019013",9.2
138.56,-32.54,1984,4,"019013",39
138.56,-32.54,1984,5,"019013",13.6
138.56,-32.54,1984,6,"019013",18
138.56,-32.54,1984,7,"019013",77.9
138.56,-32.54,1984,8,"019013",61.2
138.56,-32.54,1984,9,"019013",43.8
138.56,-32.54,1984,10,"019013",27.8
138.56,-32.54,1984,11,"019013",12
138.56,-32.54,1984,12,"019013",1.4
138.56,-32.54,1985,1,"019013",5
138.56,-32.54,1985,2,"019013",5
138.56,-32.54,1985,3,"019013",25.5
138.56,-32.54,1985,4,"019013",11.8
138.56,-32.54,1985,5,"019013",29.4
138.56,-32.54,1985,6,"019013",19.2
138.56,-32.54,1985,7,"019013",16.4
138.56,-32.54,1985,8,"019013",140.5
138.56,-32.54,1985,9,"019013",20.2
138.56,-32.54,1985,10,"019013",54.8
138.56,-32.54,1985,11,"019013",15.6
138.56,-32.54,1985,12,"019013",18.4
138.56,-32.54,1986,1,"019013",0
138.56,-32.54,1986,2,"019013",8.8
138.56,-32.54,1986,3,"019013",0
138.56,-32.54,1986,4,"019013",2.7
138.56,-32.54,1986,5,"019013",20.6
138.56,-32.54,1986,6,"019013",9.4
138.56,-32.54,1986,7,"019013",91
138.56,-32.54,1986,8,"019013",58.5
138.56,-32.54,1986,9,"019013",23.6
138.56,-32.54,1986,10,"019013",64.6
138.56,-32.54,1986,11,"019013",20.6
138.56,-32.54,1986,12,"019013",33.8
138.56,-32.54,1987,1,"019013",37.8
138.56,-32.54,1987,2,"019013",52.6
138.56,-32.54,1987,3,"019013",53.8
138.56,-32.54,1987,4,"019013",6.6
138.56,-32.54,1987,5,"019013",46.6
138.56,-32.54,1987,6,"019013",33.4
138.56,-32.54,1987,7,"019013",26.2
138.56,-32.54,1987,8,"019013",33.4
138.56,-32.54,1987,9,"019013",35.8
138.56,-32.54,1987,10,"019013",39.6
138.56,-32.54,1987,11,"019013",12
138.56,-32.54,1987,12,"019013",12.4
138.56,-32.54,1988,1,"019013",5.8
138.56,-32.54,1988,2,"019013",1.1
138.56,-32.54,1988,3,"019013",53.8
138.56,-32.54,1988,4,"019013",9.2
138.56,-32.54,1988,5,"019013",22.8
138.56,-32.54,1988,6,"019013",47.2
138.56,-32.54,1988,7,"019013",29
138.56,-32.54,1988,8,"019013",6
138.56,-32.54,1988,9,"019013",28.6
138.56,-32.54,1988,10,"019013",7
138.56,-32.54,1988,11,"019013",22.2
138.56,-32.54,1988,12,"019013",40.6
138.56,-32.54,1989,1,"019013",0.4
138.56,-32.54,1989,2,"019013",0
138.56,-32.54,1989,3,"019013",152.5
138.56,-32.54,1989,4,"019013",28.4
138.56,-32.54,1989,5,"019013",46.8
138.56,-32.54,1989,6,"019013",51.9
138.56,-32.54,1989,7,"019013",78.7
138.56,-32.54,1989,8,"019013",18
138.56,-32.54,1989,9,"019013",22.6
138.56,-32.54,1989,10,"019013",2
138.56,-32.54,1989,11,"019013",45.4
138.56,-32.54,1989,12,"019013",43.3
138.56,-32.54,1990,1,"019013",41.9
138.56,-32.54,1990,2,"019013",2.6
138.56,-32.54,1990,3,"019013",5
138.56,-32.54,1990,4,"019013",30.8
138.56,-32.54,1990,5,"019013",85.7
138.56,-32.54,1990,6,"019013",36.2
138.56,-32.54,1990,7,"019013",65
138.56,-32.54,1990,8,"019013",50.7
138.56,-32.54,1990,9,"019013",13.8
138.56,-32.54,1990,10,"019013",9.6
138.56,-32.54,1990,11,"019013",0
138.56,-32.54,1990,12,"019013",23.4
138.56,-32.54,1991,1,"019013",49.8
138.56,-32.54,1991,2,"019013",0
138.56,-32.54,1991,3,"019013",1.2
138.56,-32.54,1991,4,"019013",16.8
138.56,-32.54,1991,5,"019013",0
138.56,-32.54,1991,6,"019013",66.5
138.56,-32.54,1991,7,"019013",40.2
138.56,-32.54,1991,8,"019013",32.3
138.56,-32.54,1991,9,"019013",41.2
138.56,-32.54,1991,10,"019013",5.6
138.56,-32.54,1991,11,"019013",47.2
138.56,-32.54,1991,12,"019013",0
138.56,-32.54,1992,1,"019013",2.6
138.56,-32.54,1992,2,"019013",27.2
138.56,-32.54,1992,3,"019013",29.2
138.56,-32.54,1992,4,"019013",19.3
138.56,-32.54,1992,5,"019013",53.3
138.56,-32.54,1992,6,"019013",23.8
138.56,-32.54,1992,7,"019013",8.2
138.56,-32.54,1992,8,"019013",72.6
138.56,-32.54,1992,9,"019013",82
138.56,-32.54,1992,10,"019013",138.3
138.56,-32.54,1992,11,"019013",58.8
138.56,-32.54,1992,12,"019013",116
138.56,-32.54,1993,1,"019013",90.4
138.56,-32.54,1993,2,"019013",7.4
138.56,-32.54,1993,3,"019013",4.2
138.56,-32.54,1993,4,"019013",0
138.56,-32.54,1993,5,"019013",32.9
138.56,-32.54,1993,6,"019013",25.6
138.56,-32.54,1993,7,"019013",47.6
138.56,-32.54,1993,8,"019013",40.5
138.56,-32.54,1993,9,"019013",31.4
138.56,-32.54,1993,10,"019013",63
138.56,-32.54,1993,11,"019013",2.8
138.56,-32.54,1993,12,"019013",95.5
138.56,-32.54,1994,1,"019013",4
138.56,-32.54,1994,2,"019013",48
138.56,-32.54,1994,3,"019013",0
138.56,-32.54,1994,4,"019013",0
138.56,-32.54,1994,5,"019013",0.2
138.56,-32.54,1994,6,"019013",57.4
138.56,-32.54,1994,7,"019013",12.6
138.56,-32.54,1994,8,"019013",5.2
138.56,-32.54,1994,9,"019013",6
138.56,-32.54,1994,10,"019013",11
138.56,-32.54,1994,11,"019013",5.8
138.56,-32.54,1994,12,"019013",6
138.56,-32.54,1995,1,"019013",55.4
138.56,-32.54,1995,2,"019013",20.4
138.56,-32.54,1995,3,"019013",23
138.56,-32.54,1995,4,"019013",42.2
138.56,-32.54,1995,5,"019013",50.8
138.56,-32.54,1995,6,"019013",41.6
138.56,-32.54,1995,7,"019013",57.4
138.56,-32.54,1995,8,"019013",24.6
138.56,-32.54,1995,9,"019013",33.2
138.56,-32.54,1995,10,"019013",43.4
138.56,-32.54,1995,11,"019013",8.4
138.56,-32.54,1995,12,"019013",0
138.56,-32.54,1996,1,"019013",26.6
138.56,-32.54,1996,2,"019013",11.7
138.56,-32.54,1996,3,"019013",2.6
138.56,-32.54,1996,4,"019013",2.8
138.56,-32.54,1996,5,"019013",0.4
138.56,-32.54,1996,6,"019013",35
138.56,-32.54,1996,7,"019013",79.8
138.56,-32.54,1996,8,"019013",57.4
138.56,-32.54,1996,9,"019013",60.8
138.56,-32.54,1996,10,"019013",16
138.56,-32.54,1996,11,"019013",9.2
138.56,-32.54,1996,12,"019013",24
138.56,-32.54,1997,1,"019013",43
138.56,-32.54,1997,2,"019013",79.6
138.56,-32.54,1997,3,"019013",0
138.56,-32.54,1997,4,"019013",0
138.56,-32.54,1997,5,"019013",15.2
138.56,-32.54,1997,6,"019013",5
138.56,-32.54,1997,7,"019013",3.6
138.56,-32.54,1997,8,"019013",37
138.56,-32.54,1997,9,"019013",78.5
138.56,-32.54,1997,10,"019013",48.2
138.56,-32.54,1997,11,"019013",13
138.56,-32.54,1997,12,"019013",51
138.56,-32.54,1998,1,"019013",8.8
138.56,-32.54,1998,2,"019013",37.4
138.56,-32.54,1998,3,"019013",12.8
138.56,-32.54,1998,4,"019013",36.8
138.56,-32.54,1998,5,"019013",1.6
138.56,-32.54,1998,6,"019013",18.2
138.56,-32.54,1998,7,"019013",46.2
138.56,-32.54,1998,8,"019013",43
138.56,-32.54,1998,9,"019013",20.4
138.56,-32.54,1998,10,"019013",14
138.56,-32.54,1998,11,"019013",52.4
138.56,-32.54,1998,12,"019013",13
138.56,-32.54,1999,1,"019013",12
138.56,-32.54,1999,2,"019013",14.4
138.56,-32.54,1999,3,"019013",NA
138.56,-32.54,1999,4,"019013",10
138.56,-32.54,1999,5,"019013",35.6
138.56,-32.54,1999,6,"019013",23
138.56,-32.54,1999,7,"019013",19.4
138.56,-32.54,1999,8,"019013",23.4
138.56,-32.54,1999,9,"019013",18
138.56,-32.54,1999,10,"019013",20.6
138.56,-32.54,1999,11,"019013",47.8
138.56,-32.54,1999,12,"019013",15.6
138.56,-32.54,2000,1,"019013",0
138.56,-32.54,2000,2,"019013",31.6
138.56,-32.54,2000,3,"019013",22
138.56,-32.54,2000,4,"019013",18
138.56,-32.54,2000,5,"019013",32.4
138.56,-32.54,2000,6,"019013",NA
138.56,-32.54,2000,7,"019013",NA
138.56,-32.54,2000,8,"019013",NA
138.56,-32.54,2000,9,"019013",NA
138.56,-32.54,2000,10,"019013",25.4
138.56,-32.54,2000,11,"019013",47.6
138.56,-32.54,2000,12,"019013",58
138.56,-32.54,2001,1,"019013",25.8
138.56,-32.54,2001,2,"019013",17
138.56,-32.54,2001,3,"019013",NA
138.56,-32.54,2001,4,"019013",9.2
138.56,-32.54,2001,5,"019013",26.4
138.56,-32.54,2001,6,"019013",57.2
138.56,-32.54,2001,7,"019013",44
138.56,-32.54,2001,8,"019013",27.1
138.56,-32.54,2001,9,"019013",70.6
138.56,-32.54,2001,10,"019013",63.4
138.56,-32.54,2001,11,"019013",11
138.56,-32.54,2001,12,"019013",20
138.56,-32.54,2002,1,"019013",3.6
138.56,-32.54,2002,2,"019013",0
138.56,-32.54,2002,3,"019013",1
138.56,-32.54,2002,4,"019013",11
138.56,-32.54,2002,5,"019013",23.7
138.56,-32.54,2002,6,"019013",21.6
138.56,-32.54,2002,7,"019013",24.4
138.56,-32.54,2002,8,"019013",10.6
138.56,-32.54,2002,9,"019013",8
138.56,-32.54,2002,10,"019013",0
138.56,-32.54,2002,11,"019013",20
138.56,-32.54,2002,12,"019013",19.2
138.56,-32.54,2003,1,"019013",1.6
138.56,-32.54,2003,2,"019013",52
138.56,-32.54,2003,3,"019013",0
138.56,-32.54,2003,4,"019013",NA
138.56,-32.54,2003,5,"019013",21
138.56,-32.54,2003,6,"019013",24.2
138.56,-32.54,2003,7,"019013",13.6
138.56,-32.54,2003,8,"019013",54.4
138.56,-32.54,2003,9,"019013",0.4
138.56,-32.54,2003,10,"019013",52.1
138.56,-32.54,2003,11,"019013",NA
138.56,-32.54,2003,12,"019013",44.5
138.56,-32.54,2004,1,"019013",7.8
138.56,-32.54,2004,2,"019013",13.2
138.56,-32.54,2004,3,"019013",4.2
138.56,-32.54,2004,4,"019013",2
138.56,-32.54,2004,5,"019013",NA
138.56,-32.54,2004,6,"019013",70.4
138.56,-32.54,2004,7,"019013",17.2
138.56,-32.54,2004,8,"019013",48.8
138.56,-32.54,2004,9,"019013",23.8
138.56,-32.54,2004,10,"019013",14.4
138.56,-32.54,2004,11,"019013",25.4
138.56,-32.54,2004,12,"019013",37.8
138.56,-32.54,2005,1,"019013",20.8
138.56,-32.54,2005,2,"019013",0
138.56,-32.54,2005,3,"019013",0
138.56,-32.54,2005,4,"019013",6
138.56,-32.54,2005,5,"019013",NA
138.56,-32.54,2005,6,"019013",NA
138.56,-32.54,2005,7,"019013",27.6
138.56,-32.54,2005,8,"019013",31.8
138.56,-32.54,2005,9,"019013",59.2
138.56,-32.54,2005,10,"019013",46.2
138.56,-32.54,2005,11,"019013",55
138.56,-32.54,2005,12,"019013",13.8
138.56,-32.54,2006,1,"019013",10.6
138.56,-32.54,2006,2,"019013",66.3
138.56,-32.54,2006,3,"019013",16.6
138.56,-32.54,2006,4,"019013",33
138.56,-32.54,2006,5,"019013",11
138.56,-32.54,2006,6,"019013",16.8
138.56,-32.54,2006,7,"019013",28.9
138.56,-32.54,2006,8,"019013",NA
138.56,-32.54,2006,9,"019013",NA
138.56,-32.54,2006,10,"019013",NA
138.56,-32.54,2006,11,"019013",NA
138.56,-32.54,2006,12,"019013",NA
138.56,-32.54,2008,1,"019013",NA
138.56,-32.54,2008,2,"019013",NA
138.56,-32.54,2008,3,"019013",NA
138.56,-32.54,2008,4,"019013",NA
138.56,-32.54,2008,5,"019013",NA
138.56,-32.54,2008,6,"019013",NA
138.56,-32.54,2008,7,"019013",NA
138.56,-32.54,2008,8,"019013",NA
138.56,-32.54,2008,9,"019013",NA
138.56,-32.54,2008,10,"019013",NA
138.56,-32.54,2008,11,"019013",47.8
138.56,-32.54,2008,12,"019013",50
138.56,-32.54,2009,1,"019013",0
138.56,-32.54,2009,2,"019013",0
138.56,-32.54,2009,3,"019013",22
138.56,-32.54,2009,4,"019013",20.6
138.56,-32.54,2009,5,"019013",14.6
138.56,-32.54,2009,6,"019013",44.8
138.56,-32.54,2009,7,"019013",23.2
138.56,-32.54,2009,8,"019013",24.6
138.56,-32.54,2009,9,"019013",46.4
138.56,-32.54,2009,10,"019013",33
138.56,-32.54,2009,11,"019013",57.4
138.56,-32.54,2009,12,"019013",6.4
138.56,-32.54,2010,1,"019013",9
138.56,-32.54,2010,2,"019013",24.6
138.56,-32.54,2010,3,"019013",16.6
138.56,-32.54,2010,4,"019013",18.4
138.56,-32.54,2010,5,"019013",63.4
138.56,-32.54,2010,6,"019013",11.4
138.56,-32.54,2010,7,"019013",24.8
138.56,-32.54,2010,8,"019013",47.8
138.56,-32.54,2010,9,"019013",54
138.56,-32.54,2010,10,"019013",58.8
138.56,-32.54,2010,11,"019013",13.2
138.56,-32.54,2010,12,"019013",39
138.56,-32.54,2011,1,"019013",9.4
138.56,-32.54,2011,2,"019013",117.6
138.56,-32.54,2011,3,"019013",49.6
138.56,-32.54,2011,4,"019013",5.4
138.56,-32.54,2011,5,"019013",32.4
138.56,-32.54,2011,6,"019013",9.8
138.56,-32.54,2011,7,"019013",31.8
138.56,-32.54,2011,8,"019013",22.6
138.56,-32.54,2011,9,"019013",0.6
138.56,-32.54,2011,10,"019013",29
138.56,-32.54,2011,11,"019013",43
138.56,-32.54,2011,12,"019013",NA
138.56,-32.54,2012,1,"019013",32
138.56,-32.54,2012,2,"019013",6.4
138.56,-32.54,2012,3,"019013",44.4
138.56,-32.54,2012,4,"019013",0.8
138.56,-32.54,2012,5,"019013",5.8
138.56,-32.54,2012,6,"019013",21
138.56,-32.54,2012,7,"019013",41
138.56,-32.54,2012,8,"019013",16.4
138.56,-32.54,2012,9,"019013",3.6
138.56,-32.54,2012,10,"019013",12.2
138.56,-32.54,2012,11,"019013",8.2
138.56,-32.54,2012,12,"019013",25
138.56,-32.54,2013,1,"019013",0
138.56,-32.54,2013,2,"019013",39.6
138.56,-32.54,2013,3,"019013",7.4
138.56,-32.54,2013,4,"019013",32.6
138.56,-32.54,2013,5,"019013",21.6
138.56,-32.54,2013,6,"019013",114.2
138.56,-32.54,2013,7,"019013",63
138.56,-32.54,2013,8,"019013",19.6
138.56,-32.54,2013,9,"019013",15.4
138.56,-32.54,2013,10,"019013",22.4
138.56,-32.54,2013,11,"019013",2.2
138.56,-32.54,2013,12,"019013",14.6
138.56,-32.54,2014,1,"019013",16
138.56,-32.54,2014,2,"019013",43.2
138.56,-32.54,2014,3,"019013",15.6
138.56,-32.54,2014,4,"019013",85.4
138.56,-32.54,2014,5,"019013",75
138.56,-32.54,2014,6,"019013",31.6
138.56,-32.54,2014,7,"019013",17.2
138.56,-32.54,2014,8,"019013",21
138.56,-32.54,2014,9,"019013",30.8
138.56,-32.54,2014,10,"019013",0.2
138.56,-32.54,2014,11,"019013",10.4
138.56,-32.54,2014,12,"019013",18.4
138.56,-32.54,2015,1,"019013",96.6
138.56,-32.54,2015,2,"019013",0
138.56,-32.54,2015,3,"019013",1
138.56,-32.54,2015,4,"019013",68.4
138.56,-32.54,2015,5,"019013",18.8
138.56,-32.54,2015,6,"019013",41
138.56,-32.54,2015,7,"019013",35
138.56,-32.54,2015,8,"019013",33.8
138.56,-32.54,2015,9,"019013",22
138.56,-32.54,2015,10,"019013",5.2
138.56,-32.54,2015,11,"019013",60.4
138.56,-32.54,2015,12,"019013",2.4
138.56,-32.54,2016,1,"019013",21.4
138.56,-32.54,2016,2,"019013",3.4
138.56,-32.54,2016,3,"019013",34
138.56,-32.54,2016,4,"019013",4
138.56,-32.54,2016,5,"019013",45
138.56,-32.54,2016,6,"019013",69.2
138.56,-32.54,2016,7,"019013",21.4
138.56,-32.54,2016,8,"019013",48
138.56,-32.54,2016,9,"019013",87.6
138.56,-32.54,2016,10,"019013",10.4
138.56,-32.54,2016,11,"019013",7
138.56,-32.54,2016,12,"019013",106.4
138.56,-32.54,2017,1,"019013",36.2
138.56,-32.54,2017,2,"019013",5.4
138.56,-32.54,2017,3,"019013",0.2
138.56,-32.54,2017,4,"019013",57.2
138.56,-32.54,2017,5,"019013",23.4
138.56,-32.54,2017,6,"019013",4.8
138.56,-32.54,2017,7,"019013",15.8
138.56,-32.54,2017,8,"019013",38.8
138.56,-32.54,2017,9,"019013",2.4
138.56,-32.54,2017,10,"019013",25
138.56,-32.54,2017,11,"019013",36
138.56,-32.54,2017,12,"019013",23
138.56,-32.54,2018,1,"019013",39.6
138.56,-32.54,2018,2,"019013",4.6
138.56,-32.54,2018,3,"019013",0
138.56,-32.54,2018,4,"019013",2.2
138.56,-32.54,2018,5,"019013",10
138.56,-32.54,2018,6,"019013",27.2
138.56,-32.54,2018,7,"019013",11
138.56,-32.54,2018,8,"019013",30
138.56,-32.54,2018,9,"019013",9.6
138.56,-32.54,2018,10,"019013",14.6
138.56,-32.54,2018,11,"019013",19
138.56,-32.54,2018,12,"019013",9.2
138.56,-32.54,2019,1,"019013",3.6
138.56,-32.54,2019,2,"019013",3
138.56,-32.54,2019,3,"019013",3
138.56,-32.54,2019,4,"019013",2.8
138.56,-32.54,2019,5,"019013",28.4
138.56,-32.54,2019,6,"019013",39.6
138.56,-32.54,2019,7,"019013",19.4
138.56,-32.54,2019,8,"019013",13.4
138.56,-32.54,2019,9,"019013",5.6
138.56,-32.54,2019,10,"019013",1.2
138.56,-32.54,2019,11,"019013",9.2
138.56,-32.54,2019,12,"019013",15
138.56,-32.54,2020,1,"019013",24.8
138.56,-32.54,2020,2,"019013",58.4
138.56,-32.54,2020,3,"019013",3
138.56,-32.54,2020,4,"019013",35.4
138.56,-32.54,2020,5,"019013",21.6
138.56,-32.54,2020,6,"019013",14
138.56,-32.54,2020,7,"019013",9.4
138.56,-32.54,2020,8,"019013",50
138.56,-32.54,2020,9,"019013",84.6
138.56,-32.54,2020,10,"019013",112.6
138.56,-32.54,2020,11,"019013",4.2
138.56,-32.54,2020,12,"019013",31.6
138.56,-32.54,2021,1,"019013",7
138.56,-32.54,2021,2,"019013",0.6
138.56,-32.54,2021,3,"019013",10.6
138.56,-32.54,2021,4,"019013",0
138.56,-32.54,2021,5,"019013",22.4
138.56,-32.54,2021,6,"019013",39.4
138.56,-32.54,2021,7,"019013",72.8
138.56,-32.54,2021,8,"019013",16.6
138.56,-32.54,2021,9,"019013",5.2
138.56,-32.54,2021,10,"019013",17.2
138.56,-32.54,2021,11,"019013",78.6
138.56,-32.54,2021,12,"019013",6.4
138.56,-32.54,2022,1,"019013",31.2
138.56,-32.54,2022,2,"019013",6
138.56,-32.54,2022,3,"019013",NA
138.56,-32.54,2022,4,"019013",NA
138.56,-32.54,2022,5,"019013",NA
138.56,-32.54,2022,6,"019013",NA
138.56,-32.54,2022,7,"019013",NA
138.56,-32.54,2022,8,"019013",NA
138.56,-32.54,2022,9,"019013",NA
138.56,-32.54,2022,10,"019013",NA
138.56,-32.54,2022,11,"019013",NA
138.56,-32.54,2022,12,"019013",NA
