"Lon","Lat","Year","Month","Station","Rain"
142.64,-12.45,1888,1,"027015",467.2
142.64,-12.45,1888,2,"027015",248.8
142.64,-12.45,1888,3,"027015",197.7
142.64,-12.45,1888,4,"027015",38.3
142.64,-12.45,1888,5,"027015",15.8
142.64,-12.45,1888,6,"027015",12.2
142.64,-12.45,1888,7,"027015",1
142.64,-12.45,1888,8,"027015",0
142.64,-12.45,1888,9,"027015",7.9
142.64,-12.45,1888,10,"027015",0
142.64,-12.45,1888,11,"027015",2.6
142.64,-12.45,1888,12,"027015",125.2
142.64,-12.45,1889,1,"027015",191.4
142.64,-12.45,1889,2,"027015",413
142.64,-12.45,1889,3,"027015",213
142.64,-12.45,1889,4,"027015",75.1
142.64,-12.45,1889,5,"027015",16.5
142.64,-12.45,1889,6,"027015",4.9
142.64,-12.45,1889,7,"027015",2.6
142.64,-12.45,1889,8,"027015",5.6
142.64,-12.45,1889,9,"027015",2.6
142.64,-12.45,1889,10,"027015",34.3
142.64,-12.45,1889,11,"027015",211.1
142.64,-12.45,1889,12,"027015",290.3
142.64,-12.45,1890,1,"027015",588.9
142.64,-12.45,1890,2,"027015",397.8
142.64,-12.45,1890,3,"027015",218.6
142.64,-12.45,1890,4,"027015",135.7
142.64,-12.45,1890,5,"027015",24.8
142.64,-12.45,1890,6,"027015",9.2
142.64,-12.45,1890,7,"027015",5.1
142.64,-12.45,1890,8,"027015",2.8
142.64,-12.45,1890,9,"027015",0.3
142.64,-12.45,1890,10,"027015",0
142.64,-12.45,1890,11,"027015",56.2
142.64,-12.45,1890,12,"027015",48
142.64,-12.45,1891,1,"027015",456
142.64,-12.45,1891,2,"027015",441.8
142.64,-12.45,1891,3,"027015",146.1
142.64,-12.45,1891,4,"027015",138.2
142.64,-12.45,1891,5,"027015",7.8
142.64,-12.45,1891,6,"027015",2.1
142.64,-12.45,1891,7,"027015",16.3
142.64,-12.45,1891,8,"027015",4
142.64,-12.45,1891,9,"027015",0
142.64,-12.45,1891,10,"027015",1.5
142.64,-12.45,1891,11,"027015",92.7
142.64,-12.45,1891,12,"027015",163.5
142.64,-12.45,1892,1,"027015",379.8
142.64,-12.45,1892,2,"027015",36.6
142.64,-12.45,1892,3,"027015",236.1
142.64,-12.45,1892,4,"027015",39.1
142.64,-12.45,1892,5,"027015",26.5
142.64,-12.45,1892,6,"027015",17.8
142.64,-12.45,1892,7,"027015",2.8
142.64,-12.45,1892,8,"027015",0
142.64,-12.45,1892,9,"027015",4.1
142.64,-12.45,1892,10,"027015",153.7
142.64,-12.45,1892,11,"027015",36.6
142.64,-12.45,1892,12,"027015",316.2
142.64,-12.45,1893,1,"027015",332.2
142.64,-12.45,1893,2,"027015",351.9
142.64,-12.45,1893,3,"027015",323.7
142.64,-12.45,1893,4,"027015",40.3
142.64,-12.45,1893,5,"027015",19.4
142.64,-12.45,1893,6,"027015",2.5
142.64,-12.45,1893,7,"027015",8.6
142.64,-12.45,1893,8,"027015",9.1
142.64,-12.45,1893,9,"027015",0
142.64,-12.45,1893,10,"027015",0
142.64,-12.45,1893,11,"027015",77.9
142.64,-12.45,1893,12,"027015",89.9
142.64,-12.45,1894,1,"027015",404.8
142.64,-12.45,1894,2,"027015",589.6
142.64,-12.45,1894,3,"027015",332.2
142.64,-12.45,1894,4,"027015",283.4
142.64,-12.45,1894,5,"027015",32
142.64,-12.45,1894,6,"027015",4
142.64,-12.45,1894,7,"027015",1.6
142.64,-12.45,1894,8,"027015",1.6
142.64,-12.45,1894,9,"027015",2.1
142.64,-12.45,1894,10,"027015",3.8
142.64,-12.45,1894,11,"027015",207.8
142.64,-12.45,1894,12,"027015",233.9
142.64,-12.45,1895,1,"027015",257.1
142.64,-12.45,1895,2,"027015",294.4
142.64,-12.45,1895,3,"027015",267.2
142.64,-12.45,1895,4,"027015",232.2
142.64,-12.45,1895,5,"027015",13.9
142.64,-12.45,1895,6,"027015",3.8
142.64,-12.45,1895,7,"027015",1.3
142.64,-12.45,1895,8,"027015",0
142.64,-12.45,1895,9,"027015",0
142.64,-12.45,1895,10,"027015",2
142.64,-12.45,1895,11,"027015",13.5
142.64,-12.45,1895,12,"027015",197.9
142.64,-12.45,1896,1,"027015",321.4
142.64,-12.45,1896,2,"027015",410.8
142.64,-12.45,1896,3,"027015",271.4
142.64,-12.45,1896,4,"027015",97.8
142.64,-12.45,1896,5,"027015",3.8
142.64,-12.45,1896,6,"027015",2.8
142.64,-12.45,1896,7,"027015",20.6
142.64,-12.45,1896,8,"027015",6.8
142.64,-12.45,1896,9,"027015",1
142.64,-12.45,1896,10,"027015",0
142.64,-12.45,1896,11,"027015",1.5
142.64,-12.45,1896,12,"027015",56.1
142.64,-12.45,1897,1,"027015",144.8
142.64,-12.45,1897,2,"027015",361.2
142.64,-12.45,1897,3,"027015",106.2
142.64,-12.45,1897,4,"027015",34.8
142.64,-12.45,1897,5,"027015",5.2
142.64,-12.45,1897,6,"027015",2.5
142.64,-12.45,1897,7,"027015",2.6
142.64,-12.45,1897,8,"027015",3.3
142.64,-12.45,1897,9,"027015",35.8
142.64,-12.45,1897,10,"027015",0
142.64,-12.45,1897,11,"027015",21.6
142.64,-12.45,1897,12,"027015",323.5
142.64,-12.45,1898,1,"027015",292.6
142.64,-12.45,1898,2,"027015",234.1
142.64,-12.45,1898,3,"027015",410
142.64,-12.45,1898,4,"027015",84.9
142.64,-12.45,1898,5,"027015",6.1
142.64,-12.45,1898,6,"027015",14.5
142.64,-12.45,1898,7,"027015",1.7
142.64,-12.45,1898,8,"027015",3.1
142.64,-12.45,1898,9,"027015",1.9
142.64,-12.45,1898,10,"027015",1.9
142.64,-12.45,1898,11,"027015",4.6
142.64,-12.45,1898,12,"027015",274
142.64,-12.45,1899,1,"027015",341.7
142.64,-12.45,1899,2,"027015",212.7
142.64,-12.45,1899,3,"027015",516.2
142.64,-12.45,1899,4,"027015",132.7
142.64,-12.45,1899,5,"027015",4.7
142.64,-12.45,1899,6,"027015",0.3
142.64,-12.45,1899,7,"027015",16.4
142.64,-12.45,1899,8,"027015",0.5
142.64,-12.45,1899,9,"027015",0
142.64,-12.45,1899,10,"027015",0.8
142.64,-12.45,1899,11,"027015",45.2
142.64,-12.45,1899,12,"027015",18.3
142.64,-12.45,1900,1,"027015",426
142.64,-12.45,1900,2,"027015",118.2
142.64,-12.45,1900,3,"027015",48.2
142.64,-12.45,1900,4,"027015",3.2
142.64,-12.45,1900,5,"027015",16.2
142.64,-12.45,1900,6,"027015",3
142.64,-12.45,1900,7,"027015",4.2
142.64,-12.45,1900,8,"027015",4.5
142.64,-12.45,1900,9,"027015",2.1
142.64,-12.45,1900,10,"027015",8.4
142.64,-12.45,1900,11,"027015",15.3
142.64,-12.45,1900,12,"027015",129.7
142.64,-12.45,1901,1,"027015",320.8
142.64,-12.45,1901,2,"027015",342.1
142.64,-12.45,1901,3,"027015",355.3
142.64,-12.45,1901,4,"027015",40.4
142.64,-12.45,1901,5,"027015",23.8
142.64,-12.45,1901,6,"027015",7.9
142.64,-12.45,1901,7,"027015",0.6
142.64,-12.45,1901,8,"027015",1.9
142.64,-12.45,1901,9,"027015",0
142.64,-12.45,1901,10,"027015",34.4
142.64,-12.45,1901,11,"027015",14.7
142.64,-12.45,1901,12,"027015",31.3
142.64,-12.45,1902,1,"027015",140.4
142.64,-12.45,1902,2,"027015",240.3
142.64,-12.45,1902,3,"027015",163.1
142.64,-12.45,1902,4,"027015",9.6
142.64,-12.45,1902,5,"027015",4.3
142.64,-12.45,1902,6,"027015",13.8
142.64,-12.45,1902,7,"027015",2.4
142.64,-12.45,1902,8,"027015",1.5
142.64,-12.45,1902,9,"027015",0
142.64,-12.45,1902,10,"027015",15.7
142.64,-12.45,1902,11,"027015",0
142.64,-12.45,1902,12,"027015",130.5
142.64,-12.45,1903,1,"027015",295.4
142.64,-12.45,1903,2,"027015",320.7
142.64,-12.45,1903,3,"027015",471.8
142.64,-12.45,1903,4,"027015",264.7
142.64,-12.45,1903,5,"027015",40.6
142.64,-12.45,1903,6,"027015",26
142.64,-12.45,1903,7,"027015",9.1
142.64,-12.45,1903,8,"027015",5.3
142.64,-12.45,1903,9,"027015",0
142.64,-12.45,1903,10,"027015",2
142.64,-12.45,1903,11,"027015",183.5
142.64,-12.45,1903,12,"027015",257.1
142.64,-12.45,1904,1,"027015",257.3
142.64,-12.45,1904,2,"027015",425.9
142.64,-12.45,1904,3,"027015",226.2
142.64,-12.45,1904,4,"027015",185.7
142.64,-12.45,1904,5,"027015",12.7
142.64,-12.45,1904,6,"027015",0.3
142.64,-12.45,1904,7,"027015",2.6
142.64,-12.45,1904,8,"027015",0.8
142.64,-12.45,1904,9,"027015",2.1
142.64,-12.45,1904,10,"027015",3.9
142.64,-12.45,1904,11,"027015",1.8
142.64,-12.45,1904,12,"027015",343.8
142.64,-12.45,1905,1,"027015",290.4
142.64,-12.45,1905,2,"027015",231.4
142.64,-12.45,1905,3,"027015",47.9
142.64,-12.45,1905,4,"027015",53.5
142.64,-12.45,1905,5,"027015",32.6
142.64,-12.45,1905,6,"027015",39
142.64,-12.45,1905,7,"027015",6.5
142.64,-12.45,1905,8,"027015",5.1
142.64,-12.45,1905,9,"027015",9.7
142.64,-12.45,1905,10,"027015",43.7
142.64,-12.45,1905,11,"027015",44.5
142.64,-12.45,1905,12,"027015",175.3
142.64,-12.45,1906,1,"027015",169.9
142.64,-12.45,1906,2,"027015",337.3
142.64,-12.45,1906,3,"027015",219.3
142.64,-12.45,1906,4,"027015",16
142.64,-12.45,1906,5,"027015",12.2
142.64,-12.45,1906,6,"027015",7.6
142.64,-12.45,1906,7,"027015",5.6
142.64,-12.45,1906,8,"027015",0
142.64,-12.45,1906,9,"027015",0
142.64,-12.45,1906,10,"027015",0
142.64,-12.45,1906,11,"027015",182.9
142.64,-12.45,1906,12,"027015",40.5
142.64,-12.45,1907,1,"027015",416.2
142.64,-12.45,1907,2,"027015",316.7
142.64,-12.45,1907,3,"027015",244.3
142.64,-12.45,1907,4,"027015",92.7
142.64,-12.45,1907,5,"027015",43.2
142.64,-12.45,1907,6,"027015",36.5
142.64,-12.45,1907,7,"027015",3.9
142.64,-12.45,1907,8,"027015",2.1
142.64,-12.45,1907,9,"027015",6.1
142.64,-12.45,1907,10,"027015",13.8
142.64,-12.45,1907,11,"027015",74.2
142.64,-12.45,1907,12,"027015",217.9
142.64,-12.45,1908,1,"027015",500.2
142.64,-12.45,1908,2,"027015",215.8
142.64,-12.45,1908,3,"027015",362.9
142.64,-12.45,1908,4,"027015",112.1
142.64,-12.45,1908,5,"027015",13.5
142.64,-12.45,1908,6,"027015",2.6
142.64,-12.45,1908,7,"027015",12.9
142.64,-12.45,1908,8,"027015",1.5
142.64,-12.45,1908,9,"027015",0.5
142.64,-12.45,1908,10,"027015",2.3
142.64,-12.45,1908,11,"027015",156.7
142.64,-12.45,1908,12,"027015",121.6
142.64,-12.45,1909,1,"027015",313.2
142.64,-12.45,1909,2,"027015",138.4
142.64,-12.45,1909,3,"027015",369.8
142.64,-12.45,1909,4,"027015",15.6
142.64,-12.45,1909,5,"027015",77.7
142.64,-12.45,1909,6,"027015",5.6
142.64,-12.45,1909,7,"027015",21.3
142.64,-12.45,1909,8,"027015",6.4
142.64,-12.45,1909,9,"027015",0
142.64,-12.45,1909,10,"027015",95.1
142.64,-12.45,1909,11,"027015",513
142.64,-12.45,1909,12,"027015",274.7
142.64,-12.45,1910,1,"027015",489.4
142.64,-12.45,1910,2,"027015",266.3
142.64,-12.45,1910,3,"027015",230.1
142.64,-12.45,1910,4,"027015",196.2
142.64,-12.45,1910,5,"027015",25.8
142.64,-12.45,1910,6,"027015",1.3
142.64,-12.45,1910,7,"027015",5.1
142.64,-12.45,1910,8,"027015",7.1
142.64,-12.45,1910,9,"027015",43.5
142.64,-12.45,1910,10,"027015",50.7
142.64,-12.45,1910,11,"027015",21.3
142.64,-12.45,1910,12,"027015",353.8
142.64,-12.45,1911,1,"027015",324.9
142.64,-12.45,1911,2,"027015",517.6
142.64,-12.45,1911,3,"027015",247.2
142.64,-12.45,1911,4,"027015",123.3
142.64,-12.45,1911,5,"027015",1.8
142.64,-12.45,1911,6,"027015",0.8
142.64,-12.45,1911,7,"027015",3.8
142.64,-12.45,1911,8,"027015",2.4
142.64,-12.45,1911,9,"027015",0
142.64,-12.45,1911,10,"027015",0
142.64,-12.45,1911,11,"027015",7.6
142.64,-12.45,1911,12,"027015",213.4
142.64,-12.45,1912,1,"027015",207.9
142.64,-12.45,1912,2,"027015",101.6
142.64,-12.45,1912,3,"027015",278.4
142.64,-12.45,1912,4,"027015",79.5
142.64,-12.45,1912,5,"027015",19.2
142.64,-12.45,1912,6,"027015",20.7
142.64,-12.45,1912,7,"027015",6.7
142.64,-12.45,1912,8,"027015",2.3
142.64,-12.45,1912,9,"027015",3.5
142.64,-12.45,1912,10,"027015",1
142.64,-12.45,1912,11,"027015",16.5
142.64,-12.45,1912,12,"027015",139.2
142.64,-12.45,1913,1,"027015",268.8
142.64,-12.45,1913,2,"027015",318.3
142.64,-12.45,1913,3,"027015",355.3
142.64,-12.45,1913,4,"027015",74.7
142.64,-12.45,1913,5,"027015",50.1
142.64,-12.45,1913,6,"027015",5.1
142.64,-12.45,1913,7,"027015",11.9
142.64,-12.45,1913,8,"027015",0
142.64,-12.45,1913,9,"027015",0
142.64,-12.45,1913,10,"027015",0
142.64,-12.45,1913,11,"027015",20.3
142.64,-12.45,1913,12,"027015",381.7
142.64,-12.45,1914,1,"027015",271.7
142.64,-12.45,1914,2,"027015",396.7
142.64,-12.45,1914,3,"027015",340
142.64,-12.45,1914,4,"027015",147.5
142.64,-12.45,1914,5,"027015",26.4
142.64,-12.45,1914,6,"027015",20.4
142.64,-12.45,1914,7,"027015",8.4
142.64,-12.45,1914,8,"027015",3.8
142.64,-12.45,1914,9,"027015",6.3
142.64,-12.45,1914,10,"027015",1.3
142.64,-12.45,1914,11,"027015",12.7
142.64,-12.45,1914,12,"027015",187.6
142.64,-12.45,1915,1,"027015",268.6
142.64,-12.45,1915,2,"027015",207.2
142.64,-12.45,1915,3,"027015",325.9
142.64,-12.45,1915,4,"027015",3.8
142.64,-12.45,1915,5,"027015",6.1
142.64,-12.45,1915,6,"027015",2.5
142.64,-12.45,1915,7,"027015",3.8
142.64,-12.45,1915,8,"027015",0
142.64,-12.45,1915,9,"027015",0.5
142.64,-12.45,1915,10,"027015",0
142.64,-12.45,1915,11,"027015",184.1
142.64,-12.45,1915,12,"027015",210.9
142.64,-12.45,1916,1,"027015",414.2
142.64,-12.45,1916,2,"027015",160
142.64,-12.45,1916,3,"027015",233.7
142.64,-12.45,1916,4,"027015",167.8
142.64,-12.45,1916,5,"027015",69
142.64,-12.45,1916,6,"027015",8.9
142.64,-12.45,1916,7,"027015",19.8
142.64,-12.45,1916,8,"027015",0
142.64,-12.45,1916,9,"027015",2.5
142.64,-12.45,1916,10,"027015",19.8
142.64,-12.45,1916,11,"027015",40.4
142.64,-12.45,1916,12,"027015",321.4
142.64,-12.45,1917,1,"027015",272.7
142.64,-12.45,1917,2,"027015",353.8
142.64,-12.45,1917,3,"027015",214.9
142.64,-12.45,1917,4,"027015",32.2
142.64,-12.45,1917,5,"027015",114.3
142.64,-12.45,1917,6,"027015",14.1
142.64,-12.45,1917,7,"027015",2.5
142.64,-12.45,1917,8,"027015",6.4
142.64,-12.45,1917,9,"027015",30.5
142.64,-12.45,1917,10,"027015",11
142.64,-12.45,1917,11,"027015",203.2
142.64,-12.45,1917,12,"027015",296.5
142.64,-12.45,1918,1,"027015",210.6
142.64,-12.45,1918,2,"027015",398.3
142.64,-12.45,1918,3,"027015",161.3
142.64,-12.45,1918,4,"027015",69.8
142.64,-12.45,1918,5,"027015",26.7
142.64,-12.45,1918,6,"027015",7.7
142.64,-12.45,1918,7,"027015",7.9
142.64,-12.45,1918,8,"027015",0
142.64,-12.45,1918,9,"027015",0
142.64,-12.45,1918,10,"027015",0
142.64,-12.45,1918,11,"027015",64
142.64,-12.45,1918,12,"027015",172.4
142.64,-12.45,1919,1,"027015",352.5
142.64,-12.45,1919,2,"027015",189.4
142.64,-12.45,1919,3,"027015",181
142.64,-12.45,1919,4,"027015",79.7
142.64,-12.45,1919,5,"027015",3.8
142.64,-12.45,1919,6,"027015",1.3
142.64,-12.45,1919,7,"027015",0
142.64,-12.45,1919,8,"027015",3.8
142.64,-12.45,1919,9,"027015",2.8
142.64,-12.45,1919,10,"027015",2.5
142.64,-12.45,1919,11,"027015",0
142.64,-12.45,1919,12,"027015",71.8
142.64,-12.45,1920,1,"027015",406.5
142.64,-12.45,1920,2,"027015",93.6
142.64,-12.45,1920,3,"027015",155.1
142.64,-12.45,1920,4,"027015",26.7
142.64,-12.45,1920,5,"027015",51.1
142.64,-12.45,1920,6,"027015",7.4
142.64,-12.45,1920,7,"027015",7.9
142.64,-12.45,1920,8,"027015",12.7
142.64,-12.45,1920,9,"027015",0
142.64,-12.45,1920,10,"027015",3
142.64,-12.45,1920,11,"027015",0
142.64,-12.45,1920,12,"027015",576.5
142.64,-12.45,1921,1,"027015",500.2
142.64,-12.45,1921,2,"027015",286.1
142.64,-12.45,1921,3,"027015",168.2
142.64,-12.45,1921,4,"027015",50.3
142.64,-12.45,1921,5,"027015",8.6
142.64,-12.45,1921,6,"027015",6.1
142.64,-12.45,1921,7,"027015",13
142.64,-12.45,1921,8,"027015",2.5
142.64,-12.45,1921,9,"027015",5.5
142.64,-12.45,1921,10,"027015",19.5
142.64,-12.45,1921,11,"027015",50.7
142.64,-12.45,1921,12,"027015",169.5
142.64,-12.45,1922,1,"027015",347.1
142.64,-12.45,1922,2,"027015",408.7
142.64,-12.45,1922,3,"027015",240.9
142.64,-12.45,1922,4,"027015",141.8
142.64,-12.45,1922,5,"027015",8.9
142.64,-12.45,1922,6,"027015",4.1
142.64,-12.45,1922,7,"027015",9.2
142.64,-12.45,1922,8,"027015",0
142.64,-12.45,1922,9,"027015",0
142.64,-12.45,1922,10,"027015",67.3
142.64,-12.45,1922,11,"027015",33.5
142.64,-12.45,1922,12,"027015",176.7
142.64,-12.45,1923,1,"027015",320.9
142.64,-12.45,1923,2,"027015",355
142.64,-12.45,1923,3,"027015",655.6
142.64,-12.45,1923,4,"027015",17.2
142.64,-12.45,1923,5,"027015",6.1
142.64,-12.45,1923,6,"027015",2.8
142.64,-12.45,1923,7,"027015",0
142.64,-12.45,1923,8,"027015",0
142.64,-12.45,1923,9,"027015",0
142.64,-12.45,1923,10,"027015",3.8
142.64,-12.45,1923,11,"027015",47
142.64,-12.45,1923,12,"027015",124.5
142.64,-12.45,1924,1,"027015",337.8
142.64,-12.45,1924,2,"027015",152.1
142.64,-12.45,1924,3,"027015",219.1
142.64,-12.45,1924,4,"027015",136
142.64,-12.45,1924,5,"027015",53.6
142.64,-12.45,1924,6,"027015",11.8
142.64,-12.45,1924,7,"027015",14.5
142.64,-12.45,1924,8,"027015",4.3
142.64,-12.45,1924,9,"027015",14.4
142.64,-12.45,1924,10,"027015",18.3
142.64,-12.45,1924,11,"027015",101.3
142.64,-12.45,1924,12,"027015",236.3
142.64,-12.45,1925,1,"027015",249.7
142.64,-12.45,1925,2,"027015",393.9
142.64,-12.45,1925,3,"027015",388
142.64,-12.45,1925,4,"027015",237.7
142.64,-12.45,1925,5,"027015",11.1
142.64,-12.45,1925,6,"027015",4.6
142.64,-12.45,1925,7,"027015",4
142.64,-12.45,1925,8,"027015",1.5
142.64,-12.45,1925,9,"027015",9.9
142.64,-12.45,1925,10,"027015",0
142.64,-12.45,1925,11,"027015",8.9
142.64,-12.45,1925,12,"027015",186.6
142.64,-12.45,1926,1,"027015",280.2
142.64,-12.45,1926,2,"027015",216.3
142.64,-12.45,1926,3,"027015",107.3
142.64,-12.45,1926,4,"027015",47.1
142.64,-12.45,1926,5,"027015",8.6
142.64,-12.45,1926,6,"027015",2.8
142.64,-12.45,1926,7,"027015",1.5
142.64,-12.45,1926,8,"027015",3.3
142.64,-12.45,1926,9,"027015",17
142.64,-12.45,1926,10,"027015",1.5
142.64,-12.45,1926,11,"027015",3.3
142.64,-12.45,1926,12,"027015",196.6
142.64,-12.45,1927,1,"027015",442
142.64,-12.45,1927,2,"027015",295.2
142.64,-12.45,1927,3,"027015",248.1
142.64,-12.45,1927,4,"027015",248.9
142.64,-12.45,1927,5,"027015",42
142.64,-12.45,1927,6,"027015",35.1
142.64,-12.45,1927,7,"027015",5.4
142.64,-12.45,1927,8,"027015",0
142.64,-12.45,1927,9,"027015",2.9
142.64,-12.45,1927,10,"027015",6.4
142.64,-12.45,1927,11,"027015",2.6
142.64,-12.45,1927,12,"027015",262.7
142.64,-12.45,1928,1,"027015",139.6
142.64,-12.45,1928,2,"027015",308
142.64,-12.45,1928,3,"027015",548
142.64,-12.45,1928,4,"027015",54.9
142.64,-12.45,1928,5,"027015",4.4
142.64,-12.45,1928,6,"027015",0
142.64,-12.45,1928,7,"027015",7.5
142.64,-12.45,1928,8,"027015",2
142.64,-12.45,1928,9,"027015",0
142.64,-12.45,1928,10,"027015",7.6
142.64,-12.45,1928,11,"027015",148.7
142.64,-12.45,1928,12,"027015",181.3
142.64,-12.45,1929,1,"027015",351.5
142.64,-12.45,1929,2,"027015",316.8
142.64,-12.45,1929,3,"027015",293.6
142.64,-12.45,1929,4,"027015",97.3
142.64,-12.45,1929,5,"027015",1.5
142.64,-12.45,1929,6,"027015",0.8
142.64,-12.45,1929,7,"027015",1.5
142.64,-12.45,1929,8,"027015",1.8
142.64,-12.45,1929,9,"027015",0
142.64,-12.45,1929,10,"027015",0
142.64,-12.45,1929,11,"027015",62.7
142.64,-12.45,1929,12,"027015",220
142.64,-12.45,1930,1,"027015",306.6
142.64,-12.45,1930,2,"027015",395.7
142.64,-12.45,1930,3,"027015",218.8
142.64,-12.45,1930,4,"027015",8.6
142.64,-12.45,1930,5,"027015",9.6
142.64,-12.45,1930,6,"027015",26.7
142.64,-12.45,1930,7,"027015",16.3
142.64,-12.45,1930,8,"027015",11.1
142.64,-12.45,1930,9,"027015",6.8
142.64,-12.45,1930,10,"027015",3.8
142.64,-12.45,1930,11,"027015",16.7
142.64,-12.45,1930,12,"027015",64.2
142.64,-12.45,1931,1,"027015",244.5
142.64,-12.45,1931,2,"027015",153.6
142.64,-12.45,1931,3,"027015",155.4
142.64,-12.45,1931,4,"027015",106
142.64,-12.45,1931,5,"027015",9.3
142.64,-12.45,1931,6,"027015",3.8
142.64,-12.45,1931,7,"027015",8.4
142.64,-12.45,1931,8,"027015",0.8
142.64,-12.45,1931,9,"027015",2.8
142.64,-12.45,1931,10,"027015",0
142.64,-12.45,1931,11,"027015",209.4
142.64,-12.45,1931,12,"027015",197.6
142.64,-12.45,1932,1,"027015",347.8
142.64,-12.45,1932,2,"027015",265.1
142.64,-12.45,1932,3,"027015",305.7
142.64,-12.45,1932,4,"027015",52.6
142.64,-12.45,1932,5,"027015",7.7
142.64,-12.45,1932,6,"027015",4.9
142.64,-12.45,1932,7,"027015",3.4
142.64,-12.45,1932,8,"027015",2.3
142.64,-12.45,1932,9,"027015",6.4
142.64,-12.45,1932,10,"027015",0
142.64,-12.45,1932,11,"027015",4.3
142.64,-12.45,1932,12,"027015",396.6
142.64,-12.45,1933,1,"027015",266.8
142.64,-12.45,1933,2,"027015",415.5
142.64,-12.45,1933,3,"027015",233
142.64,-12.45,1933,4,"027015",190.7
142.64,-12.45,1933,5,"027015",0
142.64,-12.45,1933,6,"027015",10.8
142.64,-12.45,1933,7,"027015",3.6
142.64,-12.45,1933,8,"027015",11.2
142.64,-12.45,1933,9,"027015",0
142.64,-12.45,1933,10,"027015",43.6
142.64,-12.45,1933,11,"027015",93.8
142.64,-12.45,1933,12,"027015",243.3
142.64,-12.45,1934,1,"027015",161.3
142.64,-12.45,1934,2,"027015",337.8
142.64,-12.45,1934,3,"027015",265.7
142.64,-12.45,1934,4,"027015",400.2
142.64,-12.45,1934,5,"027015",27.7
142.64,-12.45,1934,6,"027015",6.1
142.64,-12.45,1934,7,"027015",4.7
142.64,-12.45,1934,8,"027015",1.3
142.64,-12.45,1934,9,"027015",1.5
142.64,-12.45,1934,10,"027015",0
142.64,-12.45,1934,11,"027015",67
142.64,-12.45,1934,12,"027015",27.7
142.64,-12.45,1935,1,"027015",249.8
142.64,-12.45,1935,2,"027015",189.8
142.64,-12.45,1935,3,"027015",366.2
142.64,-12.45,1935,4,"027015",32.5
142.64,-12.45,1935,5,"027015",29.7
142.64,-12.45,1935,6,"027015",12.2
142.64,-12.45,1935,7,"027015",11.6
142.64,-12.45,1935,8,"027015",0
142.64,-12.45,1935,9,"027015",0
142.64,-12.45,1935,10,"027015",8
142.64,-12.45,1935,11,"027015",14.5
142.64,-12.45,1935,12,"027015",106.7
142.64,-12.45,1936,1,"027015",129.9
142.64,-12.45,1936,2,"027015",317
142.64,-12.45,1936,3,"027015",215.7
142.64,-12.45,1936,4,"027015",350.1
142.64,-12.45,1936,5,"027015",47.8
142.64,-12.45,1936,6,"027015",11.8
142.64,-12.45,1936,7,"027015",11.4
142.64,-12.45,1936,8,"027015",1.8
142.64,-12.45,1936,9,"027015",3.6
142.64,-12.45,1936,10,"027015",49.3
142.64,-12.45,1936,11,"027015",37.8
142.64,-12.45,1936,12,"027015",253.4
142.64,-12.45,1937,1,"027015",280.6
142.64,-12.45,1937,2,"027015",195.5
142.64,-12.45,1937,3,"027015",201.2
142.64,-12.45,1937,4,"027015",23.6
142.64,-12.45,1937,5,"027015",2.1
142.64,-12.45,1937,6,"027015",0.8
142.64,-12.45,1937,7,"027015",1.5
142.64,-12.45,1937,8,"027015",3.5
142.64,-12.45,1937,9,"027015",5.1
142.64,-12.45,1937,10,"027015",9.9
142.64,-12.45,1937,11,"027015",81.8
142.64,-12.45,1937,12,"027015",74.9
142.64,-12.45,1938,1,"027015",341.1
142.64,-12.45,1938,2,"027015",399.7
142.64,-12.45,1938,3,"027015",119
142.64,-12.45,1938,4,"027015",86.5
142.64,-12.45,1938,5,"027015",13.8
142.64,-12.45,1938,6,"027015",7.9
142.64,-12.45,1938,7,"027015",20.5
142.64,-12.45,1938,8,"027015",3
142.64,-12.45,1938,9,"027015",0
142.64,-12.45,1938,10,"027015",65.6
142.64,-12.45,1938,11,"027015",58.3
142.64,-12.45,1938,12,"027015",198.6
142.64,-12.45,1939,1,"027015",583.6
142.64,-12.45,1939,2,"027015",319.5
142.64,-12.45,1939,3,"027015",481.7
142.64,-12.45,1939,4,"027015",165.9
142.64,-12.45,1939,5,"027015",11.4
142.64,-12.45,1939,6,"027015",52.5
142.64,-12.45,1939,7,"027015",10.1
142.64,-12.45,1939,8,"027015",0
142.64,-12.45,1939,9,"027015",0
142.64,-12.45,1939,10,"027015",1.3
142.64,-12.45,1939,11,"027015",39.1
142.64,-12.45,1939,12,"027015",271
142.64,-12.45,1940,1,"027015",411.9
142.64,-12.45,1940,2,"027015",343.2
142.64,-12.45,1940,3,"027015",566.6
142.64,-12.45,1940,4,"027015",47.1
142.64,-12.45,1940,5,"027015",11.6
142.64,-12.45,1940,6,"027015",6.1
142.64,-12.45,1940,7,"027015",7.5
142.64,-12.45,1940,8,"027015",1.8
142.64,-12.45,1940,9,"027015",0
142.64,-12.45,1940,10,"027015",0
142.64,-12.45,1940,11,"027015",49.5
142.64,-12.45,1940,12,"027015",59
142.64,-12.45,1941,1,"027015",249.7
142.64,-12.45,1941,2,"027015",394.7
142.64,-12.45,1941,3,"027015",163.3
142.64,-12.45,1941,4,"027015",83.6
142.64,-12.45,1941,5,"027015",27.6
142.64,-12.45,1941,6,"027015",2
142.64,-12.45,1941,7,"027015",5.8
142.64,-12.45,1941,8,"027015",19.5
142.64,-12.45,1941,9,"027015",0
142.64,-12.45,1941,10,"027015",0
142.64,-12.45,1941,11,"027015",101.7
142.64,-12.45,1941,12,"027015",90.2
142.64,-12.45,1942,1,"027015",120.1
142.64,-12.45,1942,2,"027015",558.3
142.64,-12.45,1942,3,"027015",56.1
142.64,-12.45,1942,4,"027015",69.1
142.64,-12.45,1942,5,"027015",17.7
142.64,-12.45,1942,6,"027015",13.9
142.64,-12.45,1942,7,"027015",14.2
142.64,-12.45,1942,8,"027015",0
142.64,-12.45,1942,9,"027015",0
142.64,-12.45,1942,10,"027015",51.5
142.64,-12.45,1942,11,"027015",12.9
142.64,-12.45,1942,12,"027015",473.9
142.64,-12.45,1943,1,"027015",129.4
142.64,-12.45,1943,2,"027015",363.8
142.64,-12.45,1943,3,"027015",314.9
142.64,-12.45,1943,4,"027015",106.1
142.64,-12.45,1943,5,"027015",6.1
142.64,-12.45,1943,6,"027015",12
142.64,-12.45,1943,7,"027015",10.3
142.64,-12.45,1943,8,"027015",0
142.64,-12.45,1943,9,"027015",23.9
142.64,-12.45,1943,10,"027015",0
142.64,-12.45,1943,11,"027015",24.8
142.64,-12.45,1943,12,"027015",425
142.64,-12.45,1944,1,"027015",350.5
142.64,-12.45,1944,2,"027015",451.9
142.64,-12.45,1944,3,"027015",371.6
142.64,-12.45,1944,4,"027015",90
142.64,-12.45,1944,5,"027015",7.9
142.64,-12.45,1944,6,"027015",6.8
142.64,-12.45,1944,7,"027015",30.2
142.64,-12.45,1944,8,"027015",2
142.64,-12.45,1944,9,"027015",5.8
142.64,-12.45,1944,10,"027015",14.2
142.64,-12.45,1944,11,"027015",0
142.64,-12.45,1944,12,"027015",214.8
142.64,-12.45,1945,1,"027015",301.8
142.64,-12.45,1945,2,"027015",224.1
142.64,-12.45,1945,3,"027015",462.7
142.64,-12.45,1945,4,"027015",141.4
142.64,-12.45,1945,5,"027015",73
142.64,-12.45,1945,6,"027015",14.9
142.64,-12.45,1945,7,"027015",5.3
142.64,-12.45,1945,8,"027015",2
142.64,-12.45,1945,9,"027015",26.2
142.64,-12.45,1945,10,"027015",13.7
142.64,-12.45,1945,11,"027015",0
142.64,-12.45,1945,12,"027015",117.1
142.64,-12.45,1946,1,"027015",324.5
142.64,-12.45,1946,2,"027015",351.4
142.64,-12.45,1946,3,"027015",85.8
142.64,-12.45,1946,4,"027015",86.3
142.64,-12.45,1946,5,"027015",5.1
142.64,-12.45,1946,6,"027015",6.4
142.64,-12.45,1946,7,"027015",35.8
142.64,-12.45,1946,8,"027015",0
142.64,-12.45,1946,9,"027015",0
142.64,-12.45,1946,10,"027015",0
142.64,-12.45,1946,11,"027015",16.8
142.64,-12.45,1946,12,"027015",151.8
142.64,-12.45,1947,1,"027015",153.7
142.64,-12.45,1947,2,"027015",295.9
142.64,-12.45,1947,3,"027015",319.9
142.64,-12.45,1947,4,"027015",114
142.64,-12.45,1947,5,"027015",3.8
142.64,-12.45,1947,6,"027015",45.8
142.64,-12.45,1947,7,"027015",2.5
142.64,-12.45,1947,8,"027015",3.8
142.64,-12.45,1947,9,"027015",25.9
142.64,-12.45,1947,10,"027015",12.2
142.64,-12.45,1947,11,"027015",84.8
142.64,-12.45,1947,12,"027015",112
142.64,-12.45,1948,1,"027015",121.2
142.64,-12.45,1948,2,"027015",530.7
142.64,-12.45,1948,3,"027015",176.7
142.64,-12.45,1948,4,"027015",169.4
142.64,-12.45,1948,5,"027015",0
142.64,-12.45,1948,6,"027015",0
142.64,-12.45,1948,7,"027015",8.1
142.64,-12.45,1948,8,"027015",0
142.64,-12.45,1948,9,"027015",0
142.64,-12.45,1948,10,"027015",0
142.64,-12.45,1948,11,"027015",172.4
142.64,-12.45,1948,12,"027015",137.1
142.64,-12.45,1949,1,"027015",185.6
142.64,-12.45,1949,2,"027015",339.4
142.64,-12.45,1949,3,"027015",386.2
142.64,-12.45,1949,4,"027015",168.3
142.64,-12.45,1949,5,"027015",0
142.64,-12.45,1949,6,"027015",0
142.64,-12.45,1949,7,"027015",0
142.64,-12.45,1949,8,"027015",10.5
142.64,-12.45,1949,9,"027015",0
142.64,-12.45,1949,10,"027015",13.2
142.64,-12.45,1949,11,"027015",54.6
142.64,-12.45,1949,12,"027015",187.5
142.64,-12.45,1950,1,"027015",286.3
142.64,-12.45,1950,2,"027015",266.3
142.64,-12.45,1950,3,"027015",297.2
142.64,-12.45,1950,4,"027015",337.4
142.64,-12.45,1950,5,"027015",8.1
142.64,-12.45,1950,6,"027015",14.2
142.64,-12.45,1950,7,"027015",5.6
142.64,-12.45,1950,8,"027015",0
142.64,-12.45,1950,9,"027015",0
142.64,-12.45,1950,10,"027015",0
142.64,-12.45,1950,11,"027015",184
142.64,-12.45,1950,12,"027015",458.2
142.64,-12.45,1951,1,"027015",474.6
142.64,-12.45,1951,2,"027015",437.1
142.64,-12.45,1951,3,"027015",251
142.64,-12.45,1951,4,"027015",39.9
142.64,-12.45,1951,5,"027015",NA
142.64,-12.45,1951,6,"027015",NA
142.64,-12.45,1951,7,"027015",NA
142.64,-12.45,1951,8,"027015",NA
142.64,-12.45,1951,9,"027015",NA
142.64,-12.45,1951,10,"027015",NA
142.64,-12.45,1951,11,"027015",NA
142.64,-12.45,1951,12,"027015",NA
142.64,-12.45,1966,1,"027015",513.7
142.64,-12.45,1966,2,"027015",207.8
142.64,-12.45,1966,3,"027015",185.2
142.64,-12.45,1966,4,"027015",3.8
142.64,-12.45,1966,5,"027015",10.1
142.64,-12.45,1966,6,"027015",3
142.64,-12.45,1966,7,"027015",6.4
142.64,-12.45,1966,8,"027015",6.3
142.64,-12.45,1966,9,"027015",0
142.64,-12.45,1966,10,"027015",3.1
142.64,-12.45,1966,11,"027015",64
142.64,-12.45,1966,12,"027015",21
142.64,-12.45,1967,1,"027015",580.4
142.64,-12.45,1967,2,"027015",535.9
142.64,-12.45,1967,3,"027015",194.3
142.64,-12.45,1967,4,"027015",17.8
142.64,-12.45,1967,5,"027015",29.8
142.64,-12.45,1967,6,"027015",48
142.64,-12.45,1967,7,"027015",2.9
142.64,-12.45,1967,8,"027015",0
142.64,-12.45,1967,9,"027015",NA
142.64,-12.45,1967,10,"027015",4.1
142.64,-12.45,1967,11,"027015",43.1
142.64,-12.45,1967,12,"027015",254.3
142.64,-12.45,1968,1,"027015",490.4
142.64,-12.45,1968,2,"027015",458.8
142.64,-12.45,1968,3,"027015",258.4
142.64,-12.45,1968,4,"027015",84.1
142.64,-12.45,1968,5,"027015",23.1
142.64,-12.45,1968,6,"027015",1
142.64,-12.45,1968,7,"027015",7.8
142.64,-12.45,1968,8,"027015",1
142.64,-12.45,1968,9,"027015",0.6
142.64,-12.45,1968,10,"027015",0
142.64,-12.45,1968,11,"027015",12.5
142.64,-12.45,1968,12,"027015",158.2
142.64,-12.45,1969,1,"027015",405.8
142.64,-12.45,1969,2,"027015",535.7
142.64,-12.45,1969,3,"027015",159.2
142.64,-12.45,1969,4,"027015",24.1
142.64,-12.45,1969,5,"027015",3.6
142.64,-12.45,1969,6,"027015",8.7
142.64,-12.45,1969,7,"027015",11
142.64,-12.45,1969,8,"027015",1
142.64,-12.45,1969,9,"027015",0.5
142.64,-12.45,1969,10,"027015",4.1
142.64,-12.45,1969,11,"027015",10.4
142.64,-12.45,1969,12,"027015",197.8
142.64,-12.45,1970,1,"027015",265
142.64,-12.45,1970,2,"027015",535.5
142.64,-12.45,1970,3,"027015",282.9
142.64,-12.45,1970,4,"027015",23.9
142.64,-12.45,1970,5,"027015",13.2
142.64,-12.45,1970,6,"027015",8.4
142.64,-12.45,1970,7,"027015",1.6
142.64,-12.45,1970,8,"027015",0
142.64,-12.45,1970,9,"027015",1.3
142.64,-12.45,1970,10,"027015",2.8
142.64,-12.45,1970,11,"027015",134.4
142.64,-12.45,1970,12,"027015",294.8
142.64,-12.45,1971,1,"027015",260
142.64,-12.45,1971,2,"027015",287.7
142.64,-12.45,1971,3,"027015",380.7
142.64,-12.45,1971,4,"027015",276.8
142.64,-12.45,1971,5,"027015",12.2
142.64,-12.45,1971,6,"027015",3.1
142.64,-12.45,1971,7,"027015",3.1
142.64,-12.45,1971,8,"027015",0.3
142.64,-12.45,1971,9,"027015",3.8
142.64,-12.45,1971,10,"027015",14.3
142.64,-12.45,1971,11,"027015",95
142.64,-12.45,1971,12,"027015",225.5
142.64,-12.45,1972,1,"027015",342.8
142.64,-12.45,1972,2,"027015",412.9
142.64,-12.45,1972,3,"027015",318
142.64,-12.45,1972,4,"027015",213.5
142.64,-12.45,1972,5,"027015",37.1
142.64,-12.45,1972,6,"027015",16
142.64,-12.45,1972,7,"027015",3
142.64,-12.45,1972,8,"027015",3.8
142.64,-12.45,1972,9,"027015",13
142.64,-12.45,1972,10,"027015",0
142.64,-12.45,1972,11,"027015",2.1
142.64,-12.45,1972,12,"027015",71.5
142.64,-12.45,1973,1,"027015",257.6
142.64,-12.45,1973,2,"027015",358.2
142.64,-12.45,1973,3,"027015",553.5
142.64,-12.45,1973,4,"027015",170
142.64,-12.45,1973,5,"027015",20.8
142.64,-12.45,1973,6,"027015",28.9
142.64,-12.45,1973,7,"027015",2.5
142.64,-12.45,1973,8,"027015",NA
142.64,-12.45,1973,9,"027015",7.9
142.64,-12.45,1973,10,"027015",159
142.64,-12.45,1973,11,"027015",401.4
142.64,-12.45,1973,12,"027015",263.9
142.64,-12.45,1974,1,"027015",392.7
142.64,-12.45,1974,2,"027015",278.6
142.64,-12.45,1974,3,"027015",487.4
142.64,-12.45,1974,4,"027015",63.8
142.64,-12.45,1974,5,"027015",23.4
142.64,-12.45,1974,6,"027015",6
142.64,-12.45,1974,7,"027015",0
142.64,-12.45,1974,8,"027015",1.8
142.64,-12.45,1974,9,"027015",3.2
142.64,-12.45,1974,10,"027015",31.6
142.64,-12.45,1974,11,"027015",100
142.64,-12.45,1974,12,"027015",71.8
142.64,-12.45,1975,1,"027015",215.2
142.64,-12.45,1975,2,"027015",358.1
142.64,-12.45,1975,3,"027015",457
142.64,-12.45,1975,4,"027015",193.3
142.64,-12.45,1975,5,"027015",18.8
142.64,-12.45,1975,6,"027015",8.3
142.64,-12.45,1975,7,"027015",10
142.64,-12.45,1975,8,"027015",6
142.64,-12.45,1975,9,"027015",11
142.64,-12.45,1975,10,"027015",56.2
142.64,-12.45,1975,11,"027015",102
142.64,-12.45,1975,12,"027015",422.6
142.64,-12.45,1976,1,"027015",415.4
142.64,-12.45,1976,2,"027015",380.3
142.64,-12.45,1976,3,"027015",340.8
142.64,-12.45,1976,4,"027015",149.4
142.64,-12.45,1976,5,"027015",21.8
142.64,-12.45,1976,6,"027015",4
142.64,-12.45,1976,7,"027015",32.6
142.64,-12.45,1976,8,"027015",10.7
142.64,-12.45,1976,9,"027015",0
142.64,-12.45,1976,10,"027015",81.6
142.64,-12.45,1976,11,"027015",71.8
142.64,-12.45,1976,12,"027015",144.9
142.64,-12.45,1977,1,"027015",476.4
142.64,-12.45,1977,2,"027015",375.3
142.64,-12.45,1977,3,"027015",203.7
142.64,-12.45,1977,4,"027015",157.2
142.64,-12.45,1977,5,"027015",24.8
142.64,-12.45,1977,6,"027015",14.8
142.64,-12.45,1977,7,"027015",5.9
142.64,-12.45,1977,8,"027015",0
142.64,-12.45,1977,9,"027015",0.6
142.64,-12.45,1977,10,"027015",0.6
142.64,-12.45,1977,11,"027015",43.4
142.64,-12.45,1977,12,"027015",163
142.64,-12.45,1978,1,"027015",201.4
142.64,-12.45,1978,2,"027015",349.9
142.64,-12.45,1978,3,"027015",118.4
142.64,-12.45,1978,4,"027015",197.4
142.64,-12.45,1978,5,"027015",13.6
142.64,-12.45,1978,6,"027015",0
142.64,-12.45,1978,7,"027015",27.3
142.64,-12.45,1978,8,"027015",11.8
142.64,-12.45,1978,9,"027015",3.8
142.64,-12.45,1978,10,"027015",0.2
142.64,-12.45,1978,11,"027015",9.8
142.64,-12.45,1978,12,"027015",187.6
142.64,-12.45,1979,1,"027015",849.2
142.64,-12.45,1979,2,"027015",271
142.64,-12.45,1979,3,"027015",190.4
142.64,-12.45,1979,4,"027015",330.4
142.64,-12.45,1979,5,"027015",5
142.64,-12.45,1979,6,"027015",9.5
142.64,-12.45,1979,7,"027015",3.6
142.64,-12.45,1979,8,"027015",0
142.64,-12.45,1979,9,"027015",3
142.64,-12.45,1979,10,"027015",7
142.64,-12.45,1979,11,"027015",0
142.64,-12.45,1979,12,"027015",127.2
142.64,-12.45,1980,1,"027015",231.3
142.64,-12.45,1980,2,"027015",273.4
142.64,-12.45,1980,3,"027015",591.4
142.64,-12.45,1980,4,"027015",39
142.64,-12.45,1980,5,"027015",13.2
142.64,-12.45,1980,6,"027015",7.4
142.64,-12.45,1980,7,"027015",7
142.64,-12.45,1980,8,"027015",4.6
142.64,-12.45,1980,9,"027015",0
142.64,-12.45,1980,10,"027015",81.6
142.64,-12.45,1980,11,"027015",38.2
142.64,-12.45,1980,12,"027015",98.2
142.64,-12.45,1981,1,"027015",542.9
142.64,-12.45,1981,2,"027015",321.1
142.64,-12.45,1981,3,"027015",79.8
142.64,-12.45,1981,4,"027015",80.9
142.64,-12.45,1981,5,"027015",85.6
142.64,-12.45,1981,6,"027015",0
142.64,-12.45,1981,7,"027015",9.4
142.64,-12.45,1981,8,"027015",11.6
142.64,-12.45,1981,9,"027015",2.2
142.64,-12.45,1981,10,"027015",16.8
142.64,-12.45,1981,11,"027015",111.1
142.64,-12.45,1981,12,"027015",196.8
142.64,-12.45,1982,1,"027015",466.7
142.64,-12.45,1982,2,"027015",309.6
142.64,-12.45,1982,3,"027015",450.6
142.64,-12.45,1982,4,"027015",233.4
142.64,-12.45,1982,5,"027015",10
142.64,-12.45,1982,6,"027015",0
142.64,-12.45,1982,7,"027015",5.2
142.64,-12.45,1982,8,"027015",11.8
142.64,-12.45,1982,9,"027015",1.4
142.64,-12.45,1982,10,"027015",0
142.64,-12.45,1982,11,"027015",12.2
142.64,-12.45,1982,12,"027015",124.6
142.64,-12.45,1983,1,"027015",208.9
142.64,-12.45,1983,2,"027015",218.2
142.64,-12.45,1983,3,"027015",275
142.64,-12.45,1983,4,"027015",102.2
142.64,-12.45,1983,5,"027015",89.8
142.64,-12.45,1983,6,"027015",18.6
142.64,-12.45,1983,7,"027015",8.8
142.64,-12.45,1983,8,"027015",13.4
142.64,-12.45,1983,9,"027015",2.6
142.64,-12.45,1983,10,"027015",1.4
142.64,-12.45,1983,11,"027015",26.8
142.64,-12.45,1983,12,"027015",194.6
142.64,-12.45,1984,1,"027015",218.4
142.64,-12.45,1984,2,"027015",313
142.64,-12.45,1984,3,"027015",429.8
142.64,-12.45,1984,4,"027015",69.4
142.64,-12.45,1984,5,"027015",10.3
142.64,-12.45,1984,6,"027015",9.8
142.64,-12.45,1984,7,"027015",14.6
142.64,-12.45,1984,8,"027015",0
142.64,-12.45,1984,9,"027015",11.6
142.64,-12.45,1984,10,"027015",0
142.64,-12.45,1984,11,"027015",42.6
142.64,-12.45,1984,12,"027015",326.5
142.64,-12.45,1985,1,"027015",449
142.64,-12.45,1985,2,"027015",565
142.64,-12.45,1985,3,"027015",442.2
142.64,-12.45,1985,4,"027015",227.6
142.64,-12.45,1985,5,"027015",59.9
142.64,-12.45,1985,6,"027015",10
142.64,-12.45,1985,7,"027015",2.1
142.64,-12.45,1985,8,"027015",2.2
142.64,-12.45,1985,9,"027015",2.2
142.64,-12.45,1985,10,"027015",76
142.64,-12.45,1985,11,"027015",54
142.64,-12.45,1985,12,"027015",NA
142.64,-12.45,1986,1,"027015",20.6
142.64,-12.45,1986,2,"027015",223.2
142.64,-12.45,1986,3,"027015",170
142.64,-12.45,1986,4,"027015",107.2
142.64,-12.45,1986,5,"027015",10.4
142.64,-12.45,1986,6,"027015",3.6
142.64,-12.45,1986,7,"027015",6.8
142.64,-12.45,1986,8,"027015",2.6
142.64,-12.45,1986,9,"027015",8.2
142.64,-12.45,1986,10,"027015",4.4
142.64,-12.45,1986,11,"027015",72.9
142.64,-12.45,1986,12,"027015",223.5
142.64,-12.45,1987,1,"027015",323.8
142.64,-12.45,1987,2,"027015",478.3
142.64,-12.45,1987,3,"027015",184
142.64,-12.45,1987,4,"027015",80.8
142.64,-12.45,1987,5,"027015",17.4
142.64,-12.45,1987,6,"027015",27.2
142.64,-12.45,1987,7,"027015",0.8
142.64,-12.45,1987,8,"027015",6.8
142.64,-12.45,1987,9,"027015",6.2
142.64,-12.45,1987,10,"027015",0
142.64,-12.45,1987,11,"027015",26
142.64,-12.45,1987,12,"027015",NA
142.64,-12.45,1994,1,"027015",NA
142.64,-12.45,1994,2,"027015",NA
142.64,-12.45,1994,3,"027015",NA
142.64,-12.45,1994,4,"027015",NA
142.64,-12.45,1994,5,"027015",NA
142.64,-12.45,1994,6,"027015",NA
142.64,-12.45,1994,7,"027015",NA
142.64,-12.45,1994,8,"027015",NA
142.64,-12.45,1994,9,"027015",NA
142.64,-12.45,1994,10,"027015",NA
142.64,-12.45,1994,11,"027015",0
142.64,-12.45,1994,12,"027015",21.8
142.64,-12.45,1995,1,"027015",367
142.64,-12.45,1995,2,"027015",208.8
142.64,-12.45,1995,3,"027015",454.8
142.64,-12.45,1995,4,"027015",82.6
142.64,-12.45,1995,5,"027015",13.2
142.64,-12.45,1995,6,"027015",14.8
142.64,-12.45,1995,7,"027015",4.2
142.64,-12.45,1995,8,"027015",28.6
142.64,-12.45,1995,9,"027015",0
142.64,-12.45,1995,10,"027015",21
142.64,-12.45,1995,11,"027015",39.8
142.64,-12.45,1995,12,"027015",241.2
142.64,-12.45,1996,1,"027015",330.6
142.64,-12.45,1996,2,"027015",445.4
142.64,-12.45,1996,3,"027015",486.2
142.64,-12.45,1996,4,"027015",75
142.64,-12.45,1996,5,"027015",43.2
142.64,-12.45,1996,6,"027015",3
142.64,-12.45,1996,7,"027015",36
142.64,-12.45,1996,8,"027015",0.6
142.64,-12.45,1996,9,"027015",4.5
142.64,-12.45,1996,10,"027015",52.4
142.64,-12.45,1996,11,"027015",43.6
142.64,-12.45,1996,12,"027015",217.6
142.64,-12.45,1997,1,"027015",439.5
142.64,-12.45,1997,2,"027015",577
142.64,-12.45,1997,3,"027015",278
142.64,-12.45,1997,4,"027015",5.8
142.64,-12.45,1997,5,"027015",13
142.64,-12.45,1997,6,"027015",23
142.64,-12.45,1997,7,"027015",8
142.64,-12.45,1997,8,"027015",0
142.64,-12.45,1997,9,"027015",0
142.64,-12.45,1997,10,"027015",2.6
142.64,-12.45,1997,11,"027015",0
142.64,-12.45,1997,12,"027015",146.8
142.64,-12.45,1998,1,"027015",434.4
142.64,-12.45,1998,2,"027015",287.7
142.64,-12.45,1998,3,"027015",422.8
142.64,-12.45,1998,4,"027015",57
142.64,-12.45,1998,5,"027015",19.5
142.64,-12.45,1998,6,"027015",2
142.64,-12.45,1998,7,"027015",6
142.64,-12.45,1998,8,"027015",0
142.64,-12.45,1998,9,"027015",0
142.64,-12.45,1998,10,"027015",0
142.64,-12.45,1998,11,"027015",110
142.64,-12.45,1998,12,"027015",208.9
142.64,-12.45,1999,1,"027015",485.4
142.64,-12.45,1999,2,"027015",489.9
142.64,-12.45,1999,3,"027015",268.2
142.64,-12.45,1999,4,"027015",284
142.64,-12.45,1999,5,"027015",0
142.64,-12.45,1999,6,"027015",0
142.64,-12.45,1999,7,"027015",0
142.64,-12.45,1999,8,"027015",0
142.64,-12.45,1999,9,"027015",0
142.64,-12.45,1999,10,"027015",0
142.64,-12.45,1999,11,"027015",NA
142.64,-12.45,1999,12,"027015",NA
142.64,-12.45,2000,1,"027015",NA
142.64,-12.45,2000,2,"027015",416.4
142.64,-12.45,2000,3,"027015",340.4
142.64,-12.45,2000,4,"027015",131.4
142.64,-12.45,2000,5,"027015",NA
142.64,-12.45,2000,6,"027015",NA
142.64,-12.45,2000,7,"027015",NA
142.64,-12.45,2000,8,"027015",NA
142.64,-12.45,2000,9,"027015",2.5
142.64,-12.45,2000,10,"027015",NA
142.64,-12.45,2000,11,"027015",177.4
142.64,-12.45,2000,12,"027015",409.4
142.64,-12.45,2001,1,"027015",278.2
142.64,-12.45,2001,2,"027015",385.8
142.64,-12.45,2001,3,"027015",293.6
142.64,-12.45,2001,4,"027015",139.4
142.64,-12.45,2001,5,"027015",10.6
142.64,-12.45,2001,6,"027015",8.4
142.64,-12.45,2001,7,"027015",2.6
142.64,-12.45,2001,8,"027015",2.6
142.64,-12.45,2001,9,"027015",0
142.64,-12.45,2001,10,"027015",38
142.64,-12.45,2001,11,"027015",105.2
142.64,-12.45,2001,12,"027015",196.6
142.64,-12.45,2002,1,"027015",536.5
142.64,-12.45,2002,2,"027015",411.5
142.64,-12.45,2002,3,"027015",230.7
142.64,-12.45,2002,4,"027015",62.5
142.64,-12.45,2002,5,"027015",1.1
142.64,-12.45,2002,6,"027015",3.5
142.64,-12.45,2002,7,"027015",4.2
142.64,-12.45,2002,8,"027015",2
142.64,-12.45,2002,9,"027015",0
142.64,-12.45,2002,10,"027015",3
142.64,-12.45,2002,11,"027015",33.4
142.64,-12.45,2002,12,"027015",146.8
142.64,-12.45,2003,1,"027015",315.7
142.64,-12.45,2003,2,"027015",295.9
142.64,-12.45,2003,3,"027015",364
142.64,-12.45,2003,4,"027015",3.2
142.64,-12.45,2003,5,"027015",3
142.64,-12.45,2003,6,"027015",12.4
142.64,-12.45,2003,7,"027015",10.4
142.64,-12.45,2003,8,"027015",0
142.64,-12.45,2003,9,"027015",0
142.64,-12.45,2003,10,"027015",12
142.64,-12.45,2003,11,"027015",76
142.64,-12.45,2003,12,"027015",NA
142.64,-12.45,2004,1,"027015",313.4
142.64,-12.45,2004,2,"027015",436.3
142.64,-12.45,2004,3,"027015",352.4
142.64,-12.45,2004,4,"027015",131.4
142.64,-12.45,2004,5,"027015",54
142.64,-12.45,2004,6,"027015",4.4
142.64,-12.45,2004,7,"027015",5.6
142.64,-12.45,2004,8,"027015",0
142.64,-12.45,2004,9,"027015",1.4
142.64,-12.45,2004,10,"027015",28
142.64,-12.45,2004,11,"027015",26.7
142.64,-12.45,2004,12,"027015",190.4
142.64,-12.45,2005,1,"027015",271.7
142.64,-12.45,2005,2,"027015",286.4
142.64,-12.45,2005,3,"027015",460
142.64,-12.45,2005,4,"027015",49
142.64,-12.45,2005,5,"027015",4
142.64,-12.45,2005,6,"027015",0
142.64,-12.45,2005,7,"027015",8.9
142.64,-12.45,2005,8,"027015",21
142.64,-12.45,2005,9,"027015",0
142.64,-12.45,2005,10,"027015",20.2
142.64,-12.45,2005,11,"027015",36.1
142.64,-12.45,2005,12,"027015",37
142.64,-12.45,2006,1,"027015",564.6
142.64,-12.45,2006,2,"027015",269.8
142.64,-12.45,2006,3,"027015",465.2
142.64,-12.45,2006,4,"027015",NA
142.64,-12.45,2006,5,"027015",112.8
142.64,-12.45,2006,6,"027015",11.8
142.64,-12.45,2006,7,"027015",6.4
142.64,-12.45,2006,8,"027015",8.8
142.64,-12.45,2006,9,"027015",5.2
142.64,-12.45,2006,10,"027015",1.6
142.64,-12.45,2006,11,"027015",19
142.64,-12.45,2006,12,"027015",7.4
142.64,-12.45,2007,1,"027015",497.6
142.64,-12.45,2007,2,"027015",354.2
142.64,-12.45,2007,3,"027015",220
142.64,-12.45,2007,4,"027015",62
142.64,-12.45,2007,5,"027015",33
142.64,-12.45,2007,6,"027015",26.1
142.64,-12.45,2007,7,"027015",0.8
142.64,-12.45,2007,8,"027015",13
142.64,-12.45,2007,9,"027015",0.4
142.64,-12.45,2007,10,"027015",6.6
142.64,-12.45,2007,11,"027015",73.8
142.64,-12.45,2007,12,"027015",20.7
142.64,-12.45,2008,1,"027015",444.2
142.64,-12.45,2008,2,"027015",390.7
142.64,-12.45,2008,3,"027015",284.7
142.64,-12.45,2008,4,"027015",75.4
142.64,-12.45,2008,5,"027015",0
142.64,-12.45,2008,6,"027015",2.4
142.64,-12.45,2008,7,"027015",5.8
142.64,-12.45,2008,8,"027015",5
142.64,-12.45,2008,9,"027015",0.8
142.64,-12.45,2008,10,"027015",10.9
142.64,-12.45,2008,11,"027015",32.4
142.64,-12.45,2008,12,"027015",398.3
142.64,-12.45,2009,1,"027015",349
142.64,-12.45,2009,2,"027015",338.1
142.64,-12.45,2009,3,"027015",176
142.64,-12.45,2009,4,"027015",90.8
142.64,-12.45,2009,5,"027015",13.6
142.64,-12.45,2009,6,"027015",2
142.64,-12.45,2009,7,"027015",0.8
142.64,-12.45,2009,8,"027015",11.4
142.64,-12.45,2009,9,"027015",0
142.64,-12.45,2009,10,"027015",0.8
142.64,-12.45,2009,11,"027015",13.5
142.64,-12.45,2009,12,"027015",216
142.64,-12.45,2010,1,"027015",387.9
142.64,-12.45,2010,2,"027015",321.9
142.64,-12.45,2010,3,"027015",140.2
142.64,-12.45,2010,4,"027015",189.8
142.64,-12.45,2010,5,"027015",9.6
142.64,-12.45,2010,6,"027015",16.7
142.64,-12.45,2010,7,"027015",39
142.64,-12.45,2010,8,"027015",27.4
142.64,-12.45,2010,9,"027015",NA
142.64,-12.45,2010,10,"027015",66
142.64,-12.45,2010,11,"027015",184.8
142.64,-12.45,2010,12,"027015",235.4
142.64,-12.45,2011,1,"027015",465.4
142.64,-12.45,2011,2,"027015",266
142.64,-12.45,2011,3,"027015",378.4
142.64,-12.45,2011,4,"027015",59.2
142.64,-12.45,2011,5,"027015",9.5
142.64,-12.45,2011,6,"027015",2.5
142.64,-12.45,2011,7,"027015",4.2
142.64,-12.45,2011,8,"027015",1.1
142.64,-12.45,2011,9,"027015",4.2
142.64,-12.45,2011,10,"027015",7.6
142.64,-12.45,2011,11,"027015",12
142.64,-12.45,2011,12,"027015",532.7
142.64,-12.45,2012,1,"027015",234.8
142.64,-12.45,2012,2,"027015",328.2
142.64,-12.45,2012,3,"027015",511.9
142.64,-12.45,2012,4,"027015",90.1
142.64,-12.45,2012,5,"027015",12.8
142.64,-12.45,2012,6,"027015",4.1
142.64,-12.45,2012,7,"027015",7.6
142.64,-12.45,2012,8,"027015",1.8
142.64,-12.45,2012,9,"027015",0.2
142.64,-12.45,2012,10,"027015",44
142.64,-12.45,2012,11,"027015",0
142.64,-12.45,2012,12,"027015",17.2
142.64,-12.45,2013,1,"027015",567.6
142.64,-12.45,2013,2,"027015",273.5
142.64,-12.45,2013,3,"027015",392.6
142.64,-12.45,2013,4,"027015",29.8
142.64,-12.45,2013,5,"027015",11.2
142.64,-12.45,2013,6,"027015",6
142.64,-12.45,2013,7,"027015",15.5
142.64,-12.45,2013,8,"027015",0.2
142.64,-12.45,2013,9,"027015",1.3
142.64,-12.45,2013,10,"027015",0
142.64,-12.45,2013,11,"027015",206.2
142.64,-12.45,2013,12,"027015",92
142.64,-12.45,2014,1,"027015",579.4
142.64,-12.45,2014,2,"027015",584.2
142.64,-12.45,2014,3,"027015",295.2
142.64,-12.45,2014,4,"027015",75.2
142.64,-12.45,2014,5,"027015",8.2
142.64,-12.45,2014,6,"027015",20.6
142.64,-12.45,2014,7,"027015",0.7
142.64,-12.45,2014,8,"027015",NA
142.64,-12.45,2014,9,"027015",12.1
142.64,-12.45,2014,10,"027015",6.6
142.64,-12.45,2014,11,"027015",0
142.64,-12.45,2014,12,"027015",156.6
142.64,-12.45,2015,1,"027015",235.7
142.64,-12.45,2015,2,"027015",434
142.64,-12.45,2015,3,"027015",204.3
142.64,-12.45,2015,4,"027015",26.6
142.64,-12.45,2015,5,"027015",17
142.64,-12.45,2015,6,"027015",24.4
142.64,-12.45,2015,7,"027015",3.6
142.64,-12.45,2015,8,"027015",3.2
142.64,-12.45,2015,9,"027015",1.4
142.64,-12.45,2015,10,"027015",5.4
142.64,-12.45,2015,11,"027015",47.3
142.64,-12.45,2015,12,"027015",209.6
142.64,-12.45,2016,1,"027015",127.9
142.64,-12.45,2016,2,"027015",105.2
142.64,-12.45,2016,3,"027015",304.1
142.64,-12.45,2016,4,"027015",21.7
142.64,-12.45,2016,5,"027015",116.2
142.64,-12.45,2016,6,"027015",38.2
142.64,-12.45,2016,7,"027015",0
142.64,-12.45,2016,8,"027015",0
142.64,-12.45,2016,9,"027015",10.8
142.64,-12.45,2016,10,"027015",0
142.64,-12.45,2016,11,"027015",12.8
142.64,-12.45,2016,12,"027015",245.4
142.64,-12.45,2017,1,"027015",438.8
142.64,-12.45,2017,2,"027015",331.7
142.64,-12.45,2017,3,"027015",263.1
142.64,-12.45,2017,4,"027015",101.7
142.64,-12.45,2017,5,"027015",11.8
142.64,-12.45,2017,6,"027015",8.6
142.64,-12.45,2017,7,"027015",7.8
142.64,-12.45,2017,8,"027015",0
142.64,-12.45,2017,9,"027015",0
142.64,-12.45,2017,10,"027015",53.4
142.64,-12.45,2017,11,"027015",4
142.64,-12.45,2017,12,"027015",45.6
142.64,-12.45,2018,1,"027015",556.3
142.64,-12.45,2018,2,"027015",NA
142.64,-12.45,2018,3,"027015",506.1
142.64,-12.45,2018,4,"027015",158.8
142.64,-12.45,2018,5,"027015",8.7
142.64,-12.45,2018,6,"027015",1.8
142.64,-12.45,2018,7,"027015",3.4
142.64,-12.45,2018,8,"027015",4
142.64,-12.45,2018,9,"027015",0
142.64,-12.45,2018,10,"027015",0
142.64,-12.45,2018,11,"027015",165.6
142.64,-12.45,2018,12,"027015",399.8
142.64,-12.45,2019,1,"027015",644
142.64,-12.45,2019,2,"027015",432.6
142.64,-12.45,2019,3,"027015",398.7
142.64,-12.45,2019,4,"027015",40.6
142.64,-12.45,2019,5,"027015",4.6
142.64,-12.45,2019,6,"027015",8.9
142.64,-12.45,2019,7,"027015",0
142.64,-12.45,2019,8,"027015",8
142.64,-12.45,2019,9,"027015",1
142.64,-12.45,2019,10,"027015",2
142.64,-12.45,2019,11,"027015",3.5
142.64,-12.45,2019,12,"027015",139.2
142.64,-12.45,2020,1,"027015",226.6
142.64,-12.45,2020,2,"027015",471.4
142.64,-12.45,2020,3,"027015",378.6
142.64,-12.45,2020,4,"027015",46.9
142.64,-12.45,2020,5,"027015",30.6
142.64,-12.45,2020,6,"027015",8.4
142.64,-12.45,2020,7,"027015",4.2
142.64,-12.45,2020,8,"027015",5.3
142.64,-12.45,2020,9,"027015",11.6
142.64,-12.45,2020,10,"027015",53
142.64,-12.45,2020,11,"027015",122.6
142.64,-12.45,2020,12,"027015",251.2
142.64,-12.45,2021,1,"027015",451.5
142.64,-12.45,2021,2,"027015",272
142.64,-12.45,2021,3,"027015",322.5
142.64,-12.45,2021,4,"027015",269.4
142.64,-12.45,2021,5,"027015",4.8
142.64,-12.45,2021,6,"027015",10.6
142.64,-12.45,2021,7,"027015",8.7
142.64,-12.45,2021,8,"027015",21.7
142.64,-12.45,2021,9,"027015",14.1
142.64,-12.45,2021,10,"027015",1.4
142.64,-12.45,2021,11,"027015",129.5
142.64,-12.45,2021,12,"027015",283.9
142.64,-12.45,2022,1,"027015",224.8
142.64,-12.45,2022,2,"027015",352.2
142.64,-12.45,2022,3,"027015",NA
142.64,-12.45,2022,4,"027015",NA
142.64,-12.45,2022,5,"027015",NA
142.64,-12.45,2022,6,"027015",NA
142.64,-12.45,2022,7,"027015",NA
142.64,-12.45,2022,8,"027015",NA
142.64,-12.45,2022,9,"027015",NA
142.64,-12.45,2022,10,"027015",NA
142.64,-12.45,2022,11,"027015",NA
142.64,-12.45,2022,12,"027015",NA
