"Lon","Lat","Year","Month","Station","Rain"
132.97,-25.99,1945,1,"015624",13.2
132.97,-25.99,1945,2,"015624",36.5
132.97,-25.99,1945,3,"015624",104.2
132.97,-25.99,1945,4,"015624",0
132.97,-25.99,1945,5,"015624",6.4
132.97,-25.99,1945,6,"015624",6.6
132.97,-25.99,1945,7,"015624",0
132.97,-25.99,1945,8,"015624",4.1
132.97,-25.99,1945,9,"015624",29.4
132.97,-25.99,1945,10,"015624",23.4
132.97,-25.99,1945,11,"015624",0
132.97,-25.99,1945,12,"015624",58.9
132.97,-25.99,1946,1,"015624",60
132.97,-25.99,1946,2,"015624",105.2
132.97,-25.99,1946,3,"015624",9.9
132.97,-25.99,1946,4,"015624",1.3
132.97,-25.99,1946,5,"015624",6.8
132.97,-25.99,1946,6,"015624",0
132.97,-25.99,1946,7,"015624",0
132.97,-25.99,1946,8,"015624",0
132.97,-25.99,1946,9,"015624",0
132.97,-25.99,1946,10,"015624",3
132.97,-25.99,1946,11,"015624",34.5
132.97,-25.99,1946,12,"015624",67
132.97,-25.99,1947,1,"015624",7.6
132.97,-25.99,1947,2,"015624",25.9
132.97,-25.99,1947,3,"015624",26.8
132.97,-25.99,1947,4,"015624",0
132.97,-25.99,1947,5,"015624",0
132.97,-25.99,1947,6,"015624",10.9
132.97,-25.99,1947,7,"015624",15.2
132.97,-25.99,1947,8,"015624",53.3
132.97,-25.99,1947,9,"015624",6.9
132.97,-25.99,1947,10,"015624",52.5
132.97,-25.99,1947,11,"015624",32.5
132.97,-25.99,1947,12,"015624",14
132.97,-25.99,1948,1,"015624",20.8
132.97,-25.99,1948,2,"015624",221
132.97,-25.99,1948,3,"015624",2.5
132.97,-25.99,1948,4,"015624",15.5
132.97,-25.99,1948,5,"015624",0
132.97,-25.99,1948,6,"015624",0
132.97,-25.99,1948,7,"015624",14.2
132.97,-25.99,1948,8,"015624",0
132.97,-25.99,1948,9,"015624",5.1
132.97,-25.99,1948,10,"015624",0
132.97,-25.99,1948,11,"015624",0
132.97,-25.99,1948,12,"015624",9.1
132.97,-25.99,1949,1,"015624",0
132.97,-25.99,1949,2,"015624",151.1
132.97,-25.99,1949,3,"015624",17.2
132.97,-25.99,1949,4,"015624",0
132.97,-25.99,1949,5,"015624",58.7
132.97,-25.99,1949,6,"015624",0
132.97,-25.99,1949,7,"015624",0
132.97,-25.99,1949,8,"015624",4.6
132.97,-25.99,1949,9,"015624",36.1
132.97,-25.99,1949,10,"015624",0
132.97,-25.99,1949,11,"015624",4.3
132.97,-25.99,1949,12,"015624",0
132.97,-25.99,1950,1,"015624",0
132.97,-25.99,1950,2,"015624",45
132.97,-25.99,1950,3,"015624",0
132.97,-25.99,1950,4,"015624",0
132.97,-25.99,1950,5,"015624",78.7
132.97,-25.99,1950,6,"015624",72.9
132.97,-25.99,1950,7,"015624",4.1
132.97,-25.99,1950,8,"015624",0
132.97,-25.99,1950,9,"015624",24.9
132.97,-25.99,1950,10,"015624",56.1
132.97,-25.99,1950,11,"015624",37.1
132.97,-25.99,1950,12,"015624",111.6
132.97,-25.99,1951,1,"015624",2
132.97,-25.99,1951,2,"015624",2
132.97,-25.99,1951,3,"015624",0
132.97,-25.99,1951,4,"015624",9.9
132.97,-25.99,1951,5,"015624",1.8
132.97,-25.99,1951,6,"015624",83.5
132.97,-25.99,1951,7,"015624",0
132.97,-25.99,1951,8,"015624",0
132.97,-25.99,1951,9,"015624",7.6
132.97,-25.99,1951,10,"015624",0
132.97,-25.99,1951,11,"015624",2.5
132.97,-25.99,1951,12,"015624",4.3
132.97,-25.99,1952,1,"015624",15.5
132.97,-25.99,1952,2,"015624",0
132.97,-25.99,1952,3,"015624",0
132.97,-25.99,1952,4,"015624",7.9
132.97,-25.99,1952,5,"015624",87.6
132.97,-25.99,1952,6,"015624",2.8
132.97,-25.99,1952,7,"015624",38.6
132.97,-25.99,1952,8,"015624",0
132.97,-25.99,1952,9,"015624",2.5
132.97,-25.99,1952,10,"015624",26
132.97,-25.99,1952,11,"015624",48.7
132.97,-25.99,1952,12,"015624",12.6
132.97,-25.99,1953,1,"015624",76.2
132.97,-25.99,1953,2,"015624",18.3
132.97,-25.99,1953,3,"015624",5.1
132.97,-25.99,1953,4,"015624",42.4
132.97,-25.99,1953,5,"015624",0
132.97,-25.99,1953,6,"015624",0
132.97,-25.99,1953,7,"015624",6.9
132.97,-25.99,1953,8,"015624",26.6
132.97,-25.99,1953,9,"015624",0
132.97,-25.99,1953,10,"015624",0
132.97,-25.99,1953,11,"015624",11.6
132.97,-25.99,1953,12,"015624",73
132.97,-25.99,1954,1,"015624",12.5
132.97,-25.99,1954,2,"015624",0
132.97,-25.99,1954,3,"015624",0
132.97,-25.99,1954,4,"015624",33
132.97,-25.99,1954,5,"015624",23.4
132.97,-25.99,1954,6,"015624",14.8
132.97,-25.99,1954,7,"015624",0
132.97,-25.99,1954,8,"015624",10.4
132.97,-25.99,1954,9,"015624",0
132.97,-25.99,1954,10,"015624",54.9
132.97,-25.99,1954,11,"015624",16
132.97,-25.99,1954,12,"015624",27.4
132.97,-25.99,1955,1,"015624",0
132.97,-25.99,1955,2,"015624",3.8
132.97,-25.99,1955,3,"015624",88.1
132.97,-25.99,1955,4,"015624",30.5
132.97,-25.99,1955,5,"015624",14
132.97,-25.99,1955,6,"015624",32
132.97,-25.99,1955,7,"015624",45.2
132.97,-25.99,1955,8,"015624",52.6
132.97,-25.99,1955,9,"015624",14.2
132.97,-25.99,1955,10,"015624",0
132.97,-25.99,1955,11,"015624",19.8
132.97,-25.99,1955,12,"015624",0
132.97,-25.99,1956,1,"015624",0
132.97,-25.99,1956,2,"015624",0
132.97,-25.99,1956,3,"015624",0
132.97,-25.99,1956,4,"015624",0
132.97,-25.99,1956,5,"015624",54.6
132.97,-25.99,1956,6,"015624",6.6
132.97,-25.99,1956,7,"015624",55.6
132.97,-25.99,1956,8,"015624",0
132.97,-25.99,1956,9,"015624",0
132.97,-25.99,1956,10,"015624",29.2
132.97,-25.99,1956,11,"015624",0
132.97,-25.99,1956,12,"015624",0
132.97,-25.99,1957,1,"015624",0
132.97,-25.99,1957,2,"015624",23.4
132.97,-25.99,1957,3,"015624",0
132.97,-25.99,1957,4,"015624",9.2
132.97,-25.99,1957,5,"015624",0
132.97,-25.99,1957,6,"015624",13.2
132.97,-25.99,1957,7,"015624",18.1
132.97,-25.99,1957,8,"015624",0
132.97,-25.99,1957,9,"015624",0
132.97,-25.99,1957,10,"015624",0
132.97,-25.99,1957,11,"015624",0
132.97,-25.99,1957,12,"015624",64.9
132.97,-25.99,1958,1,"015624",0
132.97,-25.99,1958,2,"015624",0
132.97,-25.99,1958,3,"015624",0
132.97,-25.99,1958,4,"015624",0
132.97,-25.99,1958,5,"015624",15.5
132.97,-25.99,1958,6,"015624",9.3
132.97,-25.99,1958,7,"015624",34.6
132.97,-25.99,1958,8,"015624",1.8
132.97,-25.99,1958,9,"015624",0
132.97,-25.99,1958,10,"015624",22.3
132.97,-25.99,1958,11,"015624",22.1
132.97,-25.99,1958,12,"015624",9.7
132.97,-25.99,1959,1,"015624",0
132.97,-25.99,1959,2,"015624",0
132.97,-25.99,1959,3,"015624",0
132.97,-25.99,1959,4,"015624",0
132.97,-25.99,1959,5,"015624",4.6
132.97,-25.99,1959,6,"015624",0
132.97,-25.99,1959,7,"015624",0
132.97,-25.99,1959,8,"015624",0
132.97,-25.99,1959,9,"015624",0.8
132.97,-25.99,1959,10,"015624",15
132.97,-25.99,1959,11,"015624",11.7
132.97,-25.99,1959,12,"015624",58.7
132.97,-25.99,1960,1,"015624",33.8
132.97,-25.99,1960,2,"015624",0
132.97,-25.99,1960,3,"015624",0
132.97,-25.99,1960,4,"015624",21.6
132.97,-25.99,1960,5,"015624",8.9
132.97,-25.99,1960,6,"015624",1.5
132.97,-25.99,1960,7,"015624",2.5
132.97,-25.99,1960,8,"015624",0
132.97,-25.99,1960,9,"015624",0
132.97,-25.99,1960,10,"015624",8.4
132.97,-25.99,1960,11,"015624",0
132.97,-25.99,1960,12,"015624",10.6
132.97,-25.99,1961,1,"015624",6.1
132.97,-25.99,1961,2,"015624",0
132.97,-25.99,1961,3,"015624",0
132.97,-25.99,1961,4,"015624",24.7
132.97,-25.99,1961,5,"015624",0.5
132.97,-25.99,1961,6,"015624",0
132.97,-25.99,1961,7,"015624",0
132.97,-25.99,1961,8,"015624",1.3
132.97,-25.99,1961,9,"015624",0
132.97,-25.99,1961,10,"015624",0
132.97,-25.99,1961,11,"015624",0
132.97,-25.99,1961,12,"015624",0
132.97,-25.99,1962,1,"015624",24.9
132.97,-25.99,1962,2,"015624",5.1
132.97,-25.99,1962,3,"015624",1.3
132.97,-25.99,1962,4,"015624",0
132.97,-25.99,1962,5,"015624",3.8
132.97,-25.99,1962,6,"015624",3.6
132.97,-25.99,1962,7,"015624",9.4
132.97,-25.99,1962,8,"015624",13.5
132.97,-25.99,1962,9,"015624",0
132.97,-25.99,1962,10,"015624",36.4
132.97,-25.99,1962,11,"015624",0
132.97,-25.99,1962,12,"015624",5.6
132.97,-25.99,1963,1,"015624",3.3
132.97,-25.99,1963,2,"015624",0
132.97,-25.99,1963,3,"015624",3
132.97,-25.99,1963,4,"015624",0
132.97,-25.99,1963,5,"015624",50.1
132.97,-25.99,1963,6,"015624",33.5
132.97,-25.99,1963,7,"015624",0
132.97,-25.99,1963,8,"015624",0
132.97,-25.99,1963,9,"015624",0
132.97,-25.99,1963,10,"015624",0
132.97,-25.99,1963,11,"015624",0
132.97,-25.99,1963,12,"015624",18.5
132.97,-25.99,1964,1,"015624",0
132.97,-25.99,1964,2,"015624",0
132.97,-25.99,1964,3,"015624",0
132.97,-25.99,1964,4,"015624",26.7
132.97,-25.99,1964,5,"015624",19.1
132.97,-25.99,1964,6,"015624",0
132.97,-25.99,1964,7,"015624",0
132.97,-25.99,1964,8,"015624",0
132.97,-25.99,1964,9,"015624",6.9
132.97,-25.99,1964,10,"015624",19.3
132.97,-25.99,1964,11,"015624",8.1
132.97,-25.99,1964,12,"015624",38.8
132.97,-25.99,1965,1,"015624",0
132.97,-25.99,1965,2,"015624",0
132.97,-25.99,1965,3,"015624",0
132.97,-25.99,1965,4,"015624",0
132.97,-25.99,1965,5,"015624",3
132.97,-25.99,1965,6,"015624",3.8
132.97,-25.99,1965,7,"015624",5.3
132.97,-25.99,1965,8,"015624",33.3
132.97,-25.99,1965,9,"015624",1.8
132.97,-25.99,1965,10,"015624",0
132.97,-25.99,1965,11,"015624",5.6
132.97,-25.99,1965,12,"015624",10.9
132.97,-25.99,1966,1,"015624",43.2
132.97,-25.99,1966,2,"015624",11.4
132.97,-25.99,1966,3,"015624",0
132.97,-25.99,1966,4,"015624",6.1
132.97,-25.99,1966,5,"015624",10.4
132.97,-25.99,1966,6,"015624",40.9
132.97,-25.99,1966,7,"015624",0.8
132.97,-25.99,1966,8,"015624",6.1
132.97,-25.99,1966,9,"015624",0
132.97,-25.99,1966,10,"015624",20.3
132.97,-25.99,1966,11,"015624",29.5
132.97,-25.99,1966,12,"015624",36.6
132.97,-25.99,1967,1,"015624",13.7
132.97,-25.99,1967,2,"015624",38.9
132.97,-25.99,1967,3,"015624",150.9
132.97,-25.99,1967,4,"015624",0
132.97,-25.99,1967,5,"015624",5.3
132.97,-25.99,1967,6,"015624",5.1
132.97,-25.99,1967,7,"015624",0
132.97,-25.99,1967,8,"015624",0
132.97,-25.99,1967,9,"015624",0
132.97,-25.99,1967,10,"015624",0
132.97,-25.99,1967,11,"015624",3.8
132.97,-25.99,1967,12,"015624",3.8
132.97,-25.99,1968,1,"015624",46.2
132.97,-25.99,1968,2,"015624",10.7
132.97,-25.99,1968,3,"015624",9.4
132.97,-25.99,1968,4,"015624",64.5
132.97,-25.99,1968,5,"015624",43
132.97,-25.99,1968,6,"015624",57.2
132.97,-25.99,1968,7,"015624",48.6
132.97,-25.99,1968,8,"015624",12.4
132.97,-25.99,1968,9,"015624",0.5
132.97,-25.99,1968,10,"015624",3.3
132.97,-25.99,1968,11,"015624",24.8
132.97,-25.99,1968,12,"015624",9.9
132.97,-25.99,1969,1,"015624",0
132.97,-25.99,1969,2,"015624",56.5
132.97,-25.99,1969,3,"015624",45.2
132.97,-25.99,1969,4,"015624",15.7
132.97,-25.99,1969,5,"015624",8.1
132.97,-25.99,1969,6,"015624",23.3
132.97,-25.99,1969,7,"015624",5.9
132.97,-25.99,1969,8,"015624",0
132.97,-25.99,1969,9,"015624",3.8
132.97,-25.99,1969,10,"015624",60.5
132.97,-25.99,1969,11,"015624",5.1
132.97,-25.99,1969,12,"015624",36.4
132.97,-25.99,1970,1,"015624",0
132.97,-25.99,1970,2,"015624",0
132.97,-25.99,1970,3,"015624",11.7
132.97,-25.99,1970,4,"015624",13.5
132.97,-25.99,1970,5,"015624",7.4
132.97,-25.99,1970,6,"015624",0
132.97,-25.99,1970,7,"015624",0
132.97,-25.99,1970,8,"015624",0
132.97,-25.99,1970,9,"015624",9.9
132.97,-25.99,1970,10,"015624",4.1
132.97,-25.99,1970,11,"015624",12.1
132.97,-25.99,1970,12,"015624",9.1
132.97,-25.99,1971,1,"015624",0
132.97,-25.99,1971,2,"015624",8.4
132.97,-25.99,1971,3,"015624",49
132.97,-25.99,1971,4,"015624",0.8
132.97,-25.99,1971,5,"015624",0
132.97,-25.99,1971,6,"015624",24.1
132.97,-25.99,1971,7,"015624",0
132.97,-25.99,1971,8,"015624",18
132.97,-25.99,1971,9,"015624",17.3
132.97,-25.99,1971,10,"015624",19.1
132.97,-25.99,1971,11,"015624",6.1
132.97,-25.99,1971,12,"015624",7.1
132.97,-25.99,1972,1,"015624",3
132.97,-25.99,1972,2,"015624",7.4
132.97,-25.99,1972,3,"015624",37.2
132.97,-25.99,1972,4,"015624",0
132.97,-25.99,1972,5,"015624",4.1
132.97,-25.99,1972,6,"015624",0
132.97,-25.99,1972,7,"015624",0
132.97,-25.99,1972,8,"015624",11.9
132.97,-25.99,1972,9,"015624",17.6
132.97,-25.99,1972,10,"015624",0
132.97,-25.99,1972,11,"015624",23.1
132.97,-25.99,1972,12,"015624",2.5
132.97,-25.99,1973,1,"015624",25.4
132.97,-25.99,1973,2,"015624",63.8
132.97,-25.99,1973,3,"015624",13
132.97,-25.99,1973,4,"015624",5.6
132.97,-25.99,1973,5,"015624",5.6
132.97,-25.99,1973,6,"015624",43.6
132.97,-25.99,1973,7,"015624",60.7
132.97,-25.99,1973,8,"015624",35.5
132.97,-25.99,1973,9,"015624",17.3
132.97,-25.99,1973,10,"015624",19.1
132.97,-25.99,1973,11,"015624",6.1
132.97,-25.99,1973,12,"015624",0
132.97,-25.99,1974,1,"015624",75.8
132.97,-25.99,1974,2,"015624",11.4
132.97,-25.99,1974,3,"015624",11.6
132.97,-25.99,1974,4,"015624",98.8
132.97,-25.99,1974,5,"015624",42.8
132.97,-25.99,1974,6,"015624",0
132.97,-25.99,1974,7,"015624",0
132.97,-25.99,1974,8,"015624",23.8
132.97,-25.99,1974,9,"015624",63.5
132.97,-25.99,1974,10,"015624",57.6
132.97,-25.99,1974,11,"015624",12.4
132.97,-25.99,1974,12,"015624",0
132.97,-25.99,1975,1,"015624",5.6
132.97,-25.99,1975,2,"015624",33.4
132.97,-25.99,1975,3,"015624",3
132.97,-25.99,1975,4,"015624",0
132.97,-25.99,1975,5,"015624",0
132.97,-25.99,1975,6,"015624",2.4
132.97,-25.99,1975,7,"015624",6
132.97,-25.99,1975,8,"015624",84.4
132.97,-25.99,1975,9,"015624",60.6
132.97,-25.99,1975,10,"015624",49.6
132.97,-25.99,1975,11,"015624",42.6
132.97,-25.99,1975,12,"015624",124.2
132.97,-25.99,1976,1,"015624",52.8
132.97,-25.99,1976,2,"015624",80
132.97,-25.99,1976,3,"015624",15
132.97,-25.99,1976,4,"015624",0
132.97,-25.99,1976,5,"015624",0
132.97,-25.99,1976,6,"015624",0
132.97,-25.99,1976,7,"015624",0
132.97,-25.99,1976,8,"015624",0
132.97,-25.99,1976,9,"015624",0
132.97,-25.99,1976,10,"015624",50
132.97,-25.99,1976,11,"015624",15.4
132.97,-25.99,1976,12,"015624",8
132.97,-25.99,1977,1,"015624",14.1
132.97,-25.99,1977,2,"015624",99.3
132.97,-25.99,1977,3,"015624",22.4
132.97,-25.99,1977,4,"015624",0
132.97,-25.99,1977,5,"015624",9
132.97,-25.99,1977,6,"015624",0
132.97,-25.99,1977,7,"015624",0
132.97,-25.99,1977,8,"015624",0
132.97,-25.99,1977,9,"015624",27.4
132.97,-25.99,1977,10,"015624",22.4
132.97,-25.99,1977,11,"015624",44.2
132.97,-25.99,1977,12,"015624",15.2
132.97,-25.99,1978,1,"015624",23
132.97,-25.99,1978,2,"015624",0
132.97,-25.99,1978,3,"015624",0
132.97,-25.99,1978,4,"015624",0
132.97,-25.99,1978,5,"015624",42.4
132.97,-25.99,1978,6,"015624",58.2
132.97,-25.99,1978,7,"015624",32
132.97,-25.99,1978,8,"015624",24.4
132.97,-25.99,1978,9,"015624",21.2
132.97,-25.99,1978,10,"015624",16.8
132.97,-25.99,1978,11,"015624",0
132.97,-25.99,1978,12,"015624",0
132.97,-25.99,1979,1,"015624",4
132.97,-25.99,1979,2,"015624",0
132.97,-25.99,1979,3,"015624",57.6
132.97,-25.99,1979,4,"015624",98.6
132.97,-25.99,1979,5,"015624",118.2
132.97,-25.99,1979,6,"015624",7.2
132.97,-25.99,1979,7,"015624",9
132.97,-25.99,1979,8,"015624",11.4
132.97,-25.99,1979,9,"015624",34.6
132.97,-25.99,1979,10,"015624",0
132.97,-25.99,1979,11,"015624",61.8
132.97,-25.99,1979,12,"015624",8.8
132.97,-25.99,1980,1,"015624",38.2
132.97,-25.99,1980,2,"015624",0
132.97,-25.99,1980,3,"015624",0
132.97,-25.99,1980,4,"015624",53.6
132.97,-25.99,1980,5,"015624",2
132.97,-25.99,1980,6,"015624",28
132.97,-25.99,1980,7,"015624",0
132.97,-25.99,1980,8,"015624",0
132.97,-25.99,1980,9,"015624",0
132.97,-25.99,1980,10,"015624",35
132.97,-25.99,1980,11,"015624",1.2
132.97,-25.99,1980,12,"015624",27.1
132.97,-25.99,1981,1,"015624",84
132.97,-25.99,1981,2,"015624",9.2
132.97,-25.99,1981,3,"015624",42
132.97,-25.99,1981,4,"015624",0
132.97,-25.99,1981,5,"015624",12
132.97,-25.99,1981,6,"015624",0
132.97,-25.99,1981,7,"015624",7
132.97,-25.99,1981,8,"015624",5
132.97,-25.99,1981,9,"015624",0
132.97,-25.99,1981,10,"015624",0
132.97,-25.99,1981,11,"015624",62.4
132.97,-25.99,1981,12,"015624",41.2
132.97,-25.99,1982,1,"015624",0
132.97,-25.99,1982,2,"015624",86.2
132.97,-25.99,1982,3,"015624",70.4
132.97,-25.99,1982,4,"015624",0
132.97,-25.99,1982,5,"015624",0
132.97,-25.99,1982,6,"015624",0
132.97,-25.99,1982,7,"015624",0
132.97,-25.99,1982,8,"015624",0
132.97,-25.99,1982,9,"015624",41.2
132.97,-25.99,1982,10,"015624",0
132.97,-25.99,1982,11,"015624",0
132.97,-25.99,1982,12,"015624",0
132.97,-25.99,1983,1,"015624",64
132.97,-25.99,1983,2,"015624",9.3
132.97,-25.99,1983,3,"015624",91.6
132.97,-25.99,1983,4,"015624",10.2
132.97,-25.99,1983,5,"015624",0
132.97,-25.99,1983,6,"015624",0
132.97,-25.99,1983,7,"015624",0
132.97,-25.99,1983,8,"015624",7.2
132.97,-25.99,1983,9,"015624",0
132.97,-25.99,1983,10,"015624",12
132.97,-25.99,1983,11,"015624",13.7
132.97,-25.99,1983,12,"015624",30
132.97,-25.99,1984,1,"015624",295.1
132.97,-25.99,1984,2,"015624",0
132.97,-25.99,1984,3,"015624",32.5
132.97,-25.99,1984,4,"015624",3.8
132.97,-25.99,1984,5,"015624",3
132.97,-25.99,1984,6,"015624",0
132.97,-25.99,1984,7,"015624",13.8
132.97,-25.99,1984,8,"015624",0
132.97,-25.99,1984,9,"015624",25.9
132.97,-25.99,1984,10,"015624",12
132.97,-25.99,1984,11,"015624",5
132.97,-25.99,1984,12,"015624",15.2
132.97,-25.99,1985,1,"015624",0
132.97,-25.99,1985,2,"015624",11.2
132.97,-25.99,1985,3,"015624",28
132.97,-25.99,1985,4,"015624",0
132.97,-25.99,1985,5,"015624",25.6
132.97,-25.99,1985,6,"015624",2
132.97,-25.99,1985,7,"015624",2
132.97,-25.99,1985,8,"015624",0
132.97,-25.99,1985,9,"015624",0
132.97,-25.99,1985,10,"015624",40
132.97,-25.99,1985,11,"015624",5.6
132.97,-25.99,1985,12,"015624",0
132.97,-25.99,1986,1,"015624",0
132.97,-25.99,1986,2,"015624",0
132.97,-25.99,1986,3,"015624",0
132.97,-25.99,1986,4,"015624",0
132.97,-25.99,1986,5,"015624",3
132.97,-25.99,1986,6,"015624",33.2
132.97,-25.99,1986,7,"015624",25.6
132.97,-25.99,1986,8,"015624",9
132.97,-25.99,1986,9,"015624",4
132.97,-25.99,1986,10,"015624",39
132.97,-25.99,1986,11,"015624",7
132.97,-25.99,1986,12,"015624",22
132.97,-25.99,1987,1,"015624",20
132.97,-25.99,1987,2,"015624",46
132.97,-25.99,1987,3,"015624",0
132.97,-25.99,1987,4,"015624",5
132.97,-25.99,1987,5,"015624",2
132.97,-25.99,1987,6,"015624",15
132.97,-25.99,1987,7,"015624",0
132.97,-25.99,1987,8,"015624",1.6
132.97,-25.99,1987,9,"015624",1.2
132.97,-25.99,1987,10,"015624",0
132.97,-25.99,1987,11,"015624",3.2
132.97,-25.99,1987,12,"015624",53
132.97,-25.99,1988,1,"015624",0
132.97,-25.99,1988,2,"015624",0
132.97,-25.99,1988,3,"015624",137
132.97,-25.99,1988,4,"015624",40
132.97,-25.99,1988,5,"015624",50.2
132.97,-25.99,1988,6,"015624",2
132.97,-25.99,1988,7,"015624",0
132.97,-25.99,1988,8,"015624",14
132.97,-25.99,1988,9,"015624",0
132.97,-25.99,1988,10,"015624",0
132.97,-25.99,1988,11,"015624",0
132.97,-25.99,1988,12,"015624",88.6
132.97,-25.99,1989,1,"015624",6
132.97,-25.99,1989,2,"015624",0
132.97,-25.99,1989,3,"015624",402
132.97,-25.99,1989,4,"015624",33
132.97,-25.99,1989,5,"015624",23
132.97,-25.99,1989,6,"015624",1
132.97,-25.99,1989,7,"015624",6
132.97,-25.99,1989,8,"015624",1
132.97,-25.99,1989,9,"015624",0
132.97,-25.99,1989,10,"015624",0
132.97,-25.99,1989,11,"015624",0
132.97,-25.99,1989,12,"015624",24
132.97,-25.99,1990,1,"015624",17.4
132.97,-25.99,1990,2,"015624",4
132.97,-25.99,1990,3,"015624",0
132.97,-25.99,1990,4,"015624",4.2
132.97,-25.99,1990,5,"015624",55
132.97,-25.99,1990,6,"015624",2
132.97,-25.99,1990,7,"015624",7
132.97,-25.99,1990,8,"015624",28
132.97,-25.99,1990,9,"015624",0
132.97,-25.99,1990,10,"015624",9
132.97,-25.99,1990,11,"015624",0
132.97,-25.99,1990,12,"015624",9
132.97,-25.99,1991,1,"015624",9
132.97,-25.99,1991,2,"015624",0
132.97,-25.99,1991,3,"015624",6.5
132.97,-25.99,1991,4,"015624",0
132.97,-25.99,1991,5,"015624",0
132.97,-25.99,1991,6,"015624",9
132.97,-25.99,1991,7,"015624",5
132.97,-25.99,1991,8,"015624",13.5
132.97,-25.99,1991,9,"015624",3
132.97,-25.99,1991,10,"015624",0
132.97,-25.99,1991,11,"015624",31.1
132.97,-25.99,1991,12,"015624",10.2
132.97,-25.99,1992,1,"015624",8
132.97,-25.99,1992,2,"015624",64
132.97,-25.99,1992,3,"015624",0
132.97,-25.99,1992,4,"015624",39
132.97,-25.99,1992,5,"015624",50.8
132.97,-25.99,1992,6,"015624",31.6
132.97,-25.99,1992,7,"015624",0
132.97,-25.99,1992,8,"015624",34.2
132.97,-25.99,1992,9,"015624",40.4
132.97,-25.99,1992,10,"015624",8.6
132.97,-25.99,1992,11,"015624",11.4
132.97,-25.99,1992,12,"015624",6
132.97,-25.99,1993,1,"015624",9.4
132.97,-25.99,1993,2,"015624",0
132.97,-25.99,1993,3,"015624",0
132.97,-25.99,1993,4,"015624",6
132.97,-25.99,1993,5,"015624",60
132.97,-25.99,1993,6,"015624",26
132.97,-25.99,1993,7,"015624",6
132.97,-25.99,1993,8,"015624",13
132.97,-25.99,1993,9,"015624",15.2
132.97,-25.99,1993,10,"015624",33.8
132.97,-25.99,1993,11,"015624",7
132.97,-25.99,1993,12,"015624",70.8
132.97,-25.99,1994,1,"015624",0
132.97,-25.99,1994,2,"015624",62
132.97,-25.99,1994,3,"015624",0
132.97,-25.99,1994,4,"015624",11
132.97,-25.99,1994,5,"015624",0
132.97,-25.99,1994,6,"015624",27
132.97,-25.99,1994,7,"015624",0
132.97,-25.99,1994,8,"015624",0
132.97,-25.99,1994,9,"015624",0
132.97,-25.99,1994,10,"015624",0
132.97,-25.99,1994,11,"015624",14.6
132.97,-25.99,1994,12,"015624",59
132.97,-25.99,1995,1,"015624",43.2
132.97,-25.99,1995,2,"015624",0
132.97,-25.99,1995,3,"015624",12.2
132.97,-25.99,1995,4,"015624",1
132.97,-25.99,1995,5,"015624",0
132.97,-25.99,1995,6,"015624",2.2
132.97,-25.99,1995,7,"015624",0
132.97,-25.99,1995,8,"015624",0
132.97,-25.99,1995,9,"015624",0
132.97,-25.99,1995,10,"015624",8
132.97,-25.99,1995,11,"015624",35.8
132.97,-25.99,1995,12,"015624",47
132.97,-25.99,1996,1,"015624",0
132.97,-25.99,1996,2,"015624",0
132.97,-25.99,1996,3,"015624",0
132.97,-25.99,1996,4,"015624",2
132.97,-25.99,1996,5,"015624",2
132.97,-25.99,1996,6,"015624",0
132.97,-25.99,1996,7,"015624",52
132.97,-25.99,1996,8,"015624",29
132.97,-25.99,1996,9,"015624",0
132.97,-25.99,1996,10,"015624",0
132.97,-25.99,1996,11,"015624",0
132.97,-25.99,1996,12,"015624",4
132.97,-25.99,1997,1,"015624",27
132.97,-25.99,1997,2,"015624",119.2
132.97,-25.99,1997,3,"015624",0
132.97,-25.99,1997,4,"015624",0
132.97,-25.99,1997,5,"015624",0
132.97,-25.99,1997,6,"015624",0
132.97,-25.99,1997,7,"015624",7
132.97,-25.99,1997,8,"015624",0
132.97,-25.99,1997,9,"015624",28
132.97,-25.99,1997,10,"015624",18
132.97,-25.99,1997,11,"015624",16
132.97,-25.99,1997,12,"015624",23
132.97,-25.99,1998,1,"015624",8
132.97,-25.99,1998,2,"015624",6
132.97,-25.99,1998,3,"015624",2
132.97,-25.99,1998,4,"015624",65
132.97,-25.99,1998,5,"015624",1
132.97,-25.99,1998,6,"015624",28.2
132.97,-25.99,1998,7,"015624",50
132.97,-25.99,1998,8,"015624",3
132.97,-25.99,1998,9,"015624",19
132.97,-25.99,1998,10,"015624",24
132.97,-25.99,1998,11,"015624",8
132.97,-25.99,1998,12,"015624",47.6
132.97,-25.99,1999,1,"015624",14.4
132.97,-25.99,1999,2,"015624",25
132.97,-25.99,1999,3,"015624",26
132.97,-25.99,1999,4,"015624",0
132.97,-25.99,1999,5,"015624",0
132.97,-25.99,1999,6,"015624",5
132.97,-25.99,1999,7,"015624",NA
132.97,-25.99,1999,8,"015624",33
132.97,-25.99,1999,9,"015624",2.4
132.97,-25.99,1999,10,"015624",NA
132.97,-25.99,1999,11,"015624",27.4
132.97,-25.99,1999,12,"015624",46.1
132.97,-25.99,2001,1,"015624",28.2
132.97,-25.99,2001,2,"015624",0
132.97,-25.99,2001,3,"015624",NA
132.97,-25.99,2001,4,"015624",18
132.97,-25.99,2001,5,"015624",0
132.97,-25.99,2001,6,"015624",124
132.97,-25.99,2001,7,"015624",55
132.97,-25.99,2001,8,"015624",0
132.97,-25.99,2001,9,"015624",3
132.97,-25.99,2001,10,"015624",92
132.97,-25.99,2001,11,"015624",29
132.97,-25.99,2001,12,"015624",198
132.97,-25.99,2002,1,"015624",0
132.97,-25.99,2002,2,"015624",116
132.97,-25.99,2002,3,"015624",0
132.97,-25.99,2002,4,"015624",0
132.97,-25.99,2002,5,"015624",0
132.97,-25.99,2002,6,"015624",0
132.97,-25.99,2002,7,"015624",0
132.97,-25.99,2002,8,"015624",0
132.97,-25.99,2002,9,"015624",2
132.97,-25.99,2002,10,"015624",0
132.97,-25.99,2002,11,"015624",16
132.97,-25.99,2002,12,"015624",0
132.97,-25.99,2003,1,"015624",8
132.97,-25.99,2003,2,"015624",54
132.97,-25.99,2003,3,"015624",0
132.97,-25.99,2003,4,"015624",11
132.97,-25.99,2003,5,"015624",13
132.97,-25.99,2003,6,"015624",6
132.97,-25.99,2003,7,"015624",2
132.97,-25.99,2003,8,"015624",17
132.97,-25.99,2003,9,"015624",12
132.97,-25.99,2003,10,"015624",9
132.97,-25.99,2003,11,"015624",27
132.97,-25.99,2003,12,"015624",92
132.97,-25.99,2004,1,"015624",0
132.97,-25.99,2004,2,"015624",36
132.97,-25.99,2004,3,"015624",15
132.97,-25.99,2004,4,"015624",0
132.97,-25.99,2004,5,"015624",43
132.97,-25.99,2004,6,"015624",34
132.97,-25.99,2004,7,"015624",0
132.97,-25.99,2004,8,"015624",0
132.97,-25.99,2004,9,"015624",25
132.97,-25.99,2004,10,"015624",0
132.97,-25.99,2004,11,"015624",7
132.97,-25.99,2004,12,"015624",0
132.97,-25.99,2005,1,"015624",3
132.97,-25.99,2005,2,"015624",0
132.97,-25.99,2005,3,"015624",0
132.97,-25.99,2005,4,"015624",0
132.97,-25.99,2005,5,"015624",0
132.97,-25.99,2005,6,"015624",14.2
132.97,-25.99,2005,7,"015624",55
132.97,-25.99,2005,8,"015624",0
132.97,-25.99,2005,9,"015624",1
132.97,-25.99,2005,10,"015624",63
132.97,-25.99,2005,11,"015624",27
132.97,-25.99,2005,12,"015624",25
132.97,-25.99,2006,1,"015624",7
132.97,-25.99,2006,2,"015624",18
132.97,-25.99,2006,3,"015624",6
132.97,-25.99,2006,4,"015624",6
132.97,-25.99,2006,5,"015624",0
132.97,-25.99,2006,6,"015624",0
132.97,-25.99,2006,7,"015624",37
132.97,-25.99,2006,8,"015624",0
132.97,-25.99,2006,9,"015624",0
132.97,-25.99,2006,10,"015624",2
132.97,-25.99,2006,11,"015624",8
132.97,-25.99,2006,12,"015624",14
132.97,-25.99,2007,1,"015624",114
132.97,-25.99,2007,2,"015624",0
132.97,-25.99,2007,3,"015624",54
132.97,-25.99,2007,4,"015624",12
132.97,-25.99,2007,5,"015624",15.1
132.97,-25.99,2007,6,"015624",0
132.97,-25.99,2007,7,"015624",0
132.97,-25.99,2007,8,"015624",5.4
132.97,-25.99,2007,9,"015624",0
132.97,-25.99,2007,10,"015624",0
132.97,-25.99,2007,11,"015624",19.1
132.97,-25.99,2007,12,"015624",14
132.97,-25.99,2008,1,"015624",0
132.97,-25.99,2008,2,"015624",5
132.97,-25.99,2008,3,"015624",10
132.97,-25.99,2008,4,"015624",0
132.97,-25.99,2008,5,"015624",0
132.97,-25.99,2008,6,"015624",0
132.97,-25.99,2008,7,"015624",0
132.97,-25.99,2008,8,"015624",18.2
132.97,-25.99,2008,9,"015624",0
132.97,-25.99,2008,10,"015624",0
132.97,-25.99,2008,11,"015624",105.8
132.97,-25.99,2008,12,"015624",114.6
132.97,-25.99,2009,1,"015624",0
132.97,-25.99,2009,2,"015624",0
132.97,-25.99,2009,3,"015624",14
132.97,-25.99,2009,4,"015624",10
132.97,-25.99,2009,5,"015624",15.1
132.97,-25.99,2009,6,"015624",6
132.97,-25.99,2009,7,"015624",3.2
132.97,-25.99,2009,8,"015624",2
132.97,-25.99,2009,9,"015624",20
132.97,-25.99,2009,10,"015624",0
132.97,-25.99,2009,11,"015624",19
132.97,-25.99,2009,12,"015624",40
132.97,-25.99,2010,1,"015624",9
132.97,-25.99,2010,2,"015624",24.8
132.97,-25.99,2010,3,"015624",21
132.97,-25.99,2010,4,"015624",25
132.97,-25.99,2010,5,"015624",6
132.97,-25.99,2010,6,"015624",0
132.97,-25.99,2010,7,"015624",34
132.97,-25.99,2010,8,"015624",18
132.97,-25.99,2010,9,"015624",65
132.97,-25.99,2010,10,"015624",140
132.97,-25.99,2010,11,"015624",27
132.97,-25.99,2010,12,"015624",3
132.97,-25.99,2011,1,"015624",14
132.97,-25.99,2011,2,"015624",151
132.97,-25.99,2011,3,"015624",12.5
132.97,-25.99,2011,4,"015624",0
132.97,-25.99,2011,5,"015624",3
132.97,-25.99,2011,6,"015624",28
132.97,-25.99,2011,7,"015624",21
132.97,-25.99,2011,8,"015624",0
132.97,-25.99,2011,9,"015624",0
132.97,-25.99,2011,10,"015624",38
132.97,-25.99,2011,11,"015624",68.5
132.97,-25.99,2011,12,"015624",11
132.97,-25.99,2012,1,"015624",17
132.97,-25.99,2012,2,"015624",28
132.97,-25.99,2012,3,"015624",26
132.97,-25.99,2012,4,"015624",42
132.97,-25.99,2012,5,"015624",0
132.97,-25.99,2012,6,"015624",0
132.97,-25.99,2012,7,"015624",0
132.97,-25.99,2012,8,"015624",0
132.97,-25.99,2012,9,"015624",0
132.97,-25.99,2012,10,"015624",0
132.97,-25.99,2012,11,"015624",11
132.97,-25.99,2012,12,"015624",16
132.97,-25.99,2013,1,"015624",3
132.97,-25.99,2013,2,"015624",0
132.97,-25.99,2013,3,"015624",51
132.97,-25.99,2013,4,"015624",0
132.97,-25.99,2013,5,"015624",54
132.97,-25.99,2013,6,"015624",9.2
132.97,-25.99,2013,7,"015624",2.6
132.97,-25.99,2013,8,"015624",0
132.97,-25.99,2013,9,"015624",0
132.97,-25.99,2013,10,"015624",0
132.97,-25.99,2013,11,"015624",11.4
132.97,-25.99,2013,12,"015624",66
132.97,-25.99,2014,1,"015624",3
132.97,-25.99,2014,2,"015624",18
132.97,-25.99,2014,3,"015624",0
132.97,-25.99,2014,4,"015624",64
132.97,-25.99,2014,5,"015624",23
132.97,-25.99,2014,6,"015624",NA
132.97,-25.99,2014,7,"015624",NA
132.97,-25.99,2014,8,"015624",NA
132.97,-25.99,2014,9,"015624",NA
132.97,-25.99,2014,10,"015624",NA
132.97,-25.99,2014,11,"015624",NA
132.97,-25.99,2014,12,"015624",NA
132.97,-25.99,2020,1,"015624",15
132.97,-25.99,2020,2,"015624",0
132.97,-25.99,2020,3,"015624",7
132.97,-25.99,2020,4,"015624",5
132.97,-25.99,2020,5,"015624",0
132.97,-25.99,2020,6,"015624",0
132.97,-25.99,2020,7,"015624",6
132.97,-25.99,2020,8,"015624",28.5
132.97,-25.99,2020,9,"015624",2
132.97,-25.99,2020,10,"015624",38.5
132.97,-25.99,2020,11,"015624",0
132.97,-25.99,2020,12,"015624",NA
