"Lon","Lat","Year","Month","Station","Rain"
116.52,-33.76,1907,1,"009690",3
116.52,-33.76,1907,2,"009690",43.7
116.52,-33.76,1907,3,"009690",38.1
116.52,-33.76,1907,4,"009690",7.1
116.52,-33.76,1907,5,"009690",91.2
116.52,-33.76,1907,6,"009690",60.4
116.52,-33.76,1907,7,"009690",104.6
116.52,-33.76,1907,8,"009690",103.8
116.52,-33.76,1907,9,"009690",73.2
116.52,-33.76,1907,10,"009690",62.7
116.52,-33.76,1907,11,"009690",15.2
116.52,-33.76,1907,12,"009690",0
116.52,-33.76,1908,1,"009690",0
116.52,-33.76,1908,2,"009690",19.4
116.52,-33.76,1908,3,"009690",6.3
116.52,-33.76,1908,4,"009690",19.8
116.52,-33.76,1908,5,"009690",117.4
116.52,-33.76,1908,6,"009690",117.4
116.52,-33.76,1908,7,"009690",137.2
116.52,-33.76,1908,8,"009690",44.3
116.52,-33.76,1908,9,"009690",21.5
116.52,-33.76,1908,10,"009690",48.7
116.52,-33.76,1908,11,"009690",0
116.52,-33.76,1908,12,"009690",0
116.52,-33.76,1909,1,"009690",9.4
116.52,-33.76,1909,2,"009690",0
116.52,-33.76,1909,3,"009690",19.1
116.52,-33.76,1909,4,"009690",34.1
116.52,-33.76,1909,5,"009690",106.1
116.52,-33.76,1909,6,"009690",111.2
116.52,-33.76,1909,7,"009690",55.8
116.52,-33.76,1909,8,"009690",122.3
116.52,-33.76,1909,9,"009690",83.2
116.52,-33.76,1909,10,"009690",32.6
116.52,-33.76,1909,11,"009690",0
116.52,-33.76,1909,12,"009690",0
116.52,-33.76,1910,1,"009690",19.6
116.52,-33.76,1910,2,"009690",1.6
116.52,-33.76,1910,3,"009690",4.6
116.52,-33.76,1910,4,"009690",20.1
116.52,-33.76,1910,5,"009690",121
116.52,-33.76,1910,6,"009690",197.6
116.52,-33.76,1910,7,"009690",198.9
116.52,-33.76,1910,8,"009690",78.6
116.52,-33.76,1910,9,"009690",58.6
116.52,-33.76,1910,10,"009690",35.8
116.52,-33.76,1910,11,"009690",37.3
116.52,-33.76,1910,12,"009690",0
116.52,-33.76,1911,1,"009690",0
116.52,-33.76,1911,2,"009690",0
116.52,-33.76,1911,3,"009690",37.1
116.52,-33.76,1911,4,"009690",29.3
116.52,-33.76,1911,5,"009690",29.5
116.52,-33.76,1911,6,"009690",33
116.52,-33.76,1911,7,"009690",104.3
116.52,-33.76,1911,8,"009690",49.7
116.52,-33.76,1911,9,"009690",39.2
116.52,-33.76,1911,10,"009690",9.4
116.52,-33.76,1911,11,"009690",0
116.52,-33.76,1911,12,"009690",0
116.52,-33.76,1912,1,"009690",0
116.52,-33.76,1912,2,"009690",0
116.52,-33.76,1912,3,"009690",6.9
116.52,-33.76,1912,4,"009690",0
116.52,-33.76,1912,5,"009690",70.2
116.52,-33.76,1912,6,"009690",43
116.52,-33.76,1912,7,"009690",131.5
116.52,-33.76,1912,8,"009690",53.6
116.52,-33.76,1912,9,"009690",89.9
116.52,-33.76,1912,10,"009690",17
116.52,-33.76,1912,11,"009690",23
116.52,-33.76,1912,12,"009690",25.2
116.52,-33.76,1913,1,"009690",1.3
116.52,-33.76,1913,2,"009690",0
116.52,-33.76,1913,3,"009690",0
116.52,-33.76,1913,4,"009690",69.1
116.52,-33.76,1913,5,"009690",38.5
116.52,-33.76,1913,6,"009690",96.1
116.52,-33.76,1913,7,"009690",148.4
116.52,-33.76,1913,8,"009690",161.8
116.52,-33.76,1913,9,"009690",NA
116.52,-33.76,1913,10,"009690",NA
116.52,-33.76,1913,11,"009690",NA
116.52,-33.76,1913,12,"009690",NA
116.52,-33.76,1914,1,"009690",NA
116.52,-33.76,1914,2,"009690",NA
116.52,-33.76,1914,3,"009690",NA
116.52,-33.76,1914,4,"009690",NA
116.52,-33.76,1914,5,"009690",NA
116.52,-33.76,1914,6,"009690",79.6
116.52,-33.76,1914,7,"009690",101.7
116.52,-33.76,1914,8,"009690",41.8
116.52,-33.76,1914,9,"009690",21
116.52,-33.76,1914,10,"009690",23.1
116.52,-33.76,1914,11,"009690",74.2
116.52,-33.76,1914,12,"009690",6.4
116.52,-33.76,1915,1,"009690",8.2
116.52,-33.76,1915,2,"009690",57.9
116.52,-33.76,1915,3,"009690",29.6
116.52,-33.76,1915,4,"009690",19.1
116.52,-33.76,1915,5,"009690",44.1
116.52,-33.76,1915,6,"009690",103.5
116.52,-33.76,1915,7,"009690",114.7
116.52,-33.76,1915,8,"009690",152.7
116.52,-33.76,1915,9,"009690",105.2
116.52,-33.76,1915,10,"009690",68.7
116.52,-33.76,1915,11,"009690",19.1
116.52,-33.76,1915,12,"009690",7.1
116.52,-33.76,1916,1,"009690",17.6
116.52,-33.76,1916,2,"009690",41.6
116.52,-33.76,1916,3,"009690",18.9
116.52,-33.76,1916,4,"009690",14.9
116.52,-33.76,1916,5,"009690",48
116.52,-33.76,1916,6,"009690",75.6
116.52,-33.76,1916,7,"009690",122.8
116.52,-33.76,1916,8,"009690",117.2
116.52,-33.76,1916,9,"009690",7.7
116.52,-33.76,1916,10,"009690",51
116.52,-33.76,1916,11,"009690",63.1
116.52,-33.76,1916,12,"009690",3.8
116.52,-33.76,1917,1,"009690",15
116.52,-33.76,1917,2,"009690",18.1
116.52,-33.76,1917,3,"009690",38.2
116.52,-33.76,1917,4,"009690",88.6
116.52,-33.76,1917,5,"009690",145.9
116.52,-33.76,1917,6,"009690",225.6
116.52,-33.76,1917,7,"009690",153.5
116.52,-33.76,1917,8,"009690",122.1
116.52,-33.76,1917,9,"009690",130.2
116.52,-33.76,1917,10,"009690",45.5
116.52,-33.76,1917,11,"009690",0.6
116.52,-33.76,1917,12,"009690",15.3
116.52,-33.76,1918,1,"009690",52.6
116.52,-33.76,1918,2,"009690",55.6
116.52,-33.76,1918,3,"009690",29.6
116.52,-33.76,1918,4,"009690",43.5
116.52,-33.76,1918,5,"009690",114.7
116.52,-33.76,1918,6,"009690",114.8
116.52,-33.76,1918,7,"009690",37.9
116.52,-33.76,1918,8,"009690",83.2
116.52,-33.76,1918,9,"009690",67.5
116.52,-33.76,1918,10,"009690",49.7
116.52,-33.76,1918,11,"009690",5.9
116.52,-33.76,1918,12,"009690",1.3
116.52,-33.76,1919,1,"009690",10.7
116.52,-33.76,1919,2,"009690",3.3
116.52,-33.76,1919,3,"009690",8.7
116.52,-33.76,1919,4,"009690",65
116.52,-33.76,1919,5,"009690",35.7
116.52,-33.76,1919,6,"009690",85.6
116.52,-33.76,1919,7,"009690",128.3
116.52,-33.76,1919,8,"009690",80.9
116.52,-33.76,1919,9,"009690",41.8
116.52,-33.76,1919,10,"009690",47.3
116.52,-33.76,1919,11,"009690",18.8
116.52,-33.76,1919,12,"009690",2.4
116.52,-33.76,1920,1,"009690",0.8
116.52,-33.76,1920,2,"009690",6.6
116.52,-33.76,1920,3,"009690",8.9
116.52,-33.76,1920,4,"009690",3.1
116.52,-33.76,1920,5,"009690",69.7
116.52,-33.76,1920,6,"009690",121.3
116.52,-33.76,1920,7,"009690",81.3
116.52,-33.76,1920,8,"009690",181.1
116.52,-33.76,1920,9,"009690",49
116.52,-33.76,1920,10,"009690",NA
116.52,-33.76,1920,11,"009690",NA
116.52,-33.76,1920,12,"009690",NA
116.52,-33.76,1969,1,"009690",2.3
116.52,-33.76,1969,2,"009690",0
116.52,-33.76,1969,3,"009690",20.3
116.52,-33.76,1969,4,"009690",74.9
116.52,-33.76,1969,5,"009690",50.5
116.52,-33.76,1969,6,"009690",97.4
116.52,-33.76,1969,7,"009690",61.3
116.52,-33.76,1969,8,"009690",34.5
116.52,-33.76,1969,9,"009690",17.3
116.52,-33.76,1969,10,"009690",0.8
116.52,-33.76,1969,11,"009690",40.7
116.52,-33.76,1969,12,"009690",7.4
116.52,-33.76,1970,1,"009690",0.5
116.52,-33.76,1970,2,"009690",49.2
116.52,-33.76,1970,3,"009690",11.7
116.52,-33.76,1970,4,"009690",37.6
116.52,-33.76,1970,5,"009690",59.6
116.52,-33.76,1970,6,"009690",149.3
116.52,-33.76,1970,7,"009690",63.7
116.52,-33.76,1970,8,"009690",36
116.52,-33.76,1970,9,"009690",67.4
116.52,-33.76,1970,10,"009690",49
116.52,-33.76,1970,11,"009690",19.2
116.52,-33.76,1970,12,"009690",1.5
116.52,-33.76,1971,1,"009690",15.3
116.52,-33.76,1971,2,"009690",19.5
116.52,-33.76,1971,3,"009690",75.5
116.52,-33.76,1971,4,"009690",11.1
116.52,-33.76,1971,5,"009690",101.7
116.52,-33.76,1971,6,"009690",60.4
116.52,-33.76,1971,7,"009690",88.6
116.52,-33.76,1971,8,"009690",48.6
116.52,-33.76,1971,9,"009690",87.6
116.52,-33.76,1971,10,"009690",48.3
116.52,-33.76,1971,11,"009690",24.4
116.52,-33.76,1971,12,"009690",5.8
116.52,-33.76,1972,1,"009690",0
116.52,-33.76,1972,2,"009690",1
116.52,-33.76,1972,3,"009690",5.1
116.52,-33.76,1972,4,"009690",17.7
116.52,-33.76,1972,5,"009690",35.8
116.52,-33.76,1972,6,"009690",55.2
116.52,-33.76,1972,7,"009690",63
116.52,-33.76,1972,8,"009690",90.5
116.52,-33.76,1972,9,"009690",25.6
116.52,-33.76,1972,10,"009690",27.4
116.52,-33.76,1972,11,"009690",5.5
116.52,-33.76,1972,12,"009690",1.3
116.52,-33.76,1973,1,"009690",7.3
116.52,-33.76,1973,2,"009690",1
116.52,-33.76,1973,3,"009690",0
116.52,-33.76,1973,4,"009690",39
116.52,-33.76,1973,5,"009690",73.8
116.52,-33.76,1973,6,"009690",70.4
116.52,-33.76,1973,7,"009690",92.3
116.52,-33.76,1973,8,"009690",52.6
116.52,-33.76,1973,9,"009690",32.9
116.52,-33.76,1973,10,"009690",20.6
116.52,-33.76,1973,11,"009690",12.4
116.52,-33.76,1973,12,"009690",0
116.52,-33.76,1974,1,"009690",1
116.52,-33.76,1974,2,"009690",9.6
116.52,-33.76,1974,3,"009690",0.6
116.52,-33.76,1974,4,"009690",33.4
116.52,-33.76,1974,5,"009690",163.1
116.52,-33.76,1974,6,"009690",79.4
116.52,-33.76,1974,7,"009690",138
116.52,-33.76,1974,8,"009690",55.4
116.52,-33.76,1974,9,"009690",26.3
116.52,-33.76,1974,10,"009690",46.2
116.52,-33.76,1974,11,"009690",22.6
116.52,-33.76,1974,12,"009690",0
116.52,-33.76,1975,1,"009690",0
116.52,-33.76,1975,2,"009690",0.6
116.52,-33.76,1975,3,"009690",20.8
116.52,-33.76,1975,4,"009690",38.6
116.52,-33.76,1975,5,"009690",64.8
116.52,-33.76,1975,6,"009690",81.4
116.52,-33.76,1975,7,"009690",122.2
116.52,-33.76,1975,8,"009690",48.9
116.52,-33.76,1975,9,"009690",49.8
116.52,-33.76,1975,10,"009690",25.4
116.52,-33.76,1975,11,"009690",19.2
116.52,-33.76,1975,12,"009690",6.4
116.52,-33.76,1976,1,"009690",63
116.52,-33.76,1976,2,"009690",11.8
116.52,-33.76,1976,3,"009690",0
116.52,-33.76,1976,4,"009690",70.6
116.52,-33.76,1976,5,"009690",68.8
116.52,-33.76,1976,6,"009690",37.8
116.52,-33.76,1976,7,"009690",39.4
116.52,-33.76,1976,8,"009690",82
116.52,-33.76,1976,9,"009690",38.6
116.52,-33.76,1976,10,"009690",47.8
116.52,-33.76,1976,11,"009690",35.8
116.52,-33.76,1976,12,"009690",7
116.52,-33.76,1977,1,"009690",8.2
116.52,-33.76,1977,2,"009690",0.6
116.52,-33.76,1977,3,"009690",3
116.52,-33.76,1977,4,"009690",11.6
116.52,-33.76,1977,5,"009690",82.6
116.52,-33.76,1977,6,"009690",62.2
116.52,-33.76,1977,7,"009690",72.4
116.52,-33.76,1977,8,"009690",102
116.52,-33.76,1977,9,"009690",36
116.52,-33.76,1977,10,"009690",94.8
116.52,-33.76,1977,11,"009690",18.6
116.52,-33.76,1977,12,"009690",13.2
116.52,-33.76,1978,1,"009690",1.6
116.52,-33.76,1978,2,"009690",37.4
116.52,-33.76,1978,3,"009690",2.5
116.52,-33.76,1978,4,"009690",7.4
116.52,-33.76,1978,5,"009690",97.1
116.52,-33.76,1978,6,"009690",103
116.52,-33.76,1978,7,"009690",103.4
116.52,-33.76,1978,8,"009690",27.2
116.52,-33.76,1978,9,"009690",58
116.52,-33.76,1978,10,"009690",33.4
116.52,-33.76,1978,11,"009690",10.8
116.52,-33.76,1978,12,"009690",26.8
116.52,-33.76,1979,1,"009690",8.4
116.52,-33.76,1979,2,"009690",0
116.52,-33.76,1979,3,"009690",12.8
116.52,-33.76,1979,4,"009690",28
116.52,-33.76,1979,5,"009690",47.7
116.52,-33.76,1979,6,"009690",62
116.52,-33.76,1979,7,"009690",59.3
116.52,-33.76,1979,8,"009690",39.6
116.52,-33.76,1979,9,"009690",51.1
116.52,-33.76,1979,10,"009690",29
116.52,-33.76,1979,11,"009690",56.8
116.52,-33.76,1979,12,"009690",3
116.52,-33.76,1980,1,"009690",0
116.52,-33.76,1980,2,"009690",42
116.52,-33.76,1980,3,"009690",0
116.52,-33.76,1980,4,"009690",49.6
116.52,-33.76,1980,5,"009690",51.2
116.52,-33.76,1980,6,"009690",66.2
116.52,-33.76,1980,7,"009690",65.7
116.52,-33.76,1980,8,"009690",62
116.52,-33.76,1980,9,"009690",41.4
116.52,-33.76,1980,10,"009690",69.2
116.52,-33.76,1980,11,"009690",13.8
116.52,-33.76,1980,12,"009690",31.2
116.52,-33.76,1981,1,"009690",0
116.52,-33.76,1981,2,"009690",9
116.52,-33.76,1981,3,"009690",6.4
116.52,-33.76,1981,4,"009690",15.3
116.52,-33.76,1981,5,"009690",77
116.52,-33.76,1981,6,"009690",93.6
116.52,-33.76,1981,7,"009690",87.7
116.52,-33.76,1981,8,"009690",92.2
116.52,-33.76,1981,9,"009690",40.2
116.52,-33.76,1981,10,"009690",24.6
116.52,-33.76,1981,11,"009690",70
116.52,-33.76,1981,12,"009690",10.4
116.52,-33.76,1982,1,"009690",183.4
116.52,-33.76,1982,2,"009690",8
116.52,-33.76,1982,3,"009690",7
116.52,-33.76,1982,4,"009690",0
116.52,-33.76,1982,5,"009690",19.2
116.52,-33.76,1982,6,"009690",54.6
116.52,-33.76,1982,7,"009690",74.3
116.52,-33.76,1982,8,"009690",54.2
116.52,-33.76,1982,9,"009690",35.9
116.52,-33.76,1982,10,"009690",26.2
116.52,-33.76,1982,11,"009690",21.2
116.52,-33.76,1982,12,"009690",12
116.52,-33.76,1983,1,"009690",2.2
116.52,-33.76,1983,2,"009690",46.4
116.52,-33.76,1983,3,"009690",6.2
116.52,-33.76,1983,4,"009690",25.3
116.52,-33.76,1983,5,"009690",75
116.52,-33.76,1983,6,"009690",189.8
116.52,-33.76,1983,7,"009690",109.8
116.52,-33.76,1983,8,"009690",121.4
116.52,-33.76,1983,9,"009690",95.2
116.52,-33.76,1983,10,"009690",17.8
116.52,-33.76,1983,11,"009690",30.7
116.52,-33.76,1983,12,"009690",17.7
116.52,-33.76,1984,1,"009690",4.2
116.52,-33.76,1984,2,"009690",2
116.52,-33.76,1984,3,"009690",10.4
116.52,-33.76,1984,4,"009690",36
116.52,-33.76,1984,5,"009690",105.9
116.52,-33.76,1984,6,"009690",82
116.52,-33.76,1984,7,"009690",55.8
116.52,-33.76,1984,8,"009690",51.8
116.52,-33.76,1984,9,"009690",64.6
116.52,-33.76,1984,10,"009690",16.8
116.52,-33.76,1984,11,"009690",83
116.52,-33.76,1984,12,"009690",8.6
116.52,-33.76,1985,1,"009690",7.8
116.52,-33.76,1985,2,"009690",23.8
116.52,-33.76,1985,3,"009690",4.6
116.52,-33.76,1985,4,"009690",90
116.52,-33.76,1985,5,"009690",30
116.52,-33.76,1985,6,"009690",74.7
116.52,-33.76,1985,7,"009690",74.6
116.52,-33.76,1985,8,"009690",86.3
116.52,-33.76,1985,9,"009690",37.2
116.52,-33.76,1985,10,"009690",29.6
116.52,-33.76,1985,11,"009690",34.8
116.52,-33.76,1985,12,"009690",3.8
116.52,-33.76,1986,1,"009690",1.4
116.52,-33.76,1986,2,"009690",61.6
116.52,-33.76,1986,3,"009690",15
116.52,-33.76,1986,4,"009690",4
116.52,-33.76,1986,5,"009690",46.2
116.52,-33.76,1986,6,"009690",65.8
116.52,-33.76,1986,7,"009690",63.6
116.52,-33.76,1986,8,"009690",56.4
116.52,-33.76,1986,9,"009690",49
116.52,-33.76,1986,10,"009690",34.8
116.52,-33.76,1986,11,"009690",15
116.52,-33.76,1986,12,"009690",2
116.52,-33.76,1987,1,"009690",1
116.52,-33.76,1987,2,"009690",38.2
116.52,-33.76,1987,3,"009690",36.4
116.52,-33.76,1987,4,"009690",67.6
116.52,-33.76,1987,5,"009690",20.8
116.52,-33.76,1987,6,"009690",75.8
116.52,-33.76,1987,7,"009690",74
116.52,-33.76,1987,8,"009690",41.2
116.52,-33.76,1987,9,"009690",24.2
116.52,-33.76,1987,10,"009690",19.8
116.52,-33.76,1987,11,"009690",25.3
116.52,-33.76,1987,12,"009690",16.8
116.52,-33.76,1988,1,"009690",0.8
116.52,-33.76,1988,2,"009690",0
116.52,-33.76,1988,3,"009690",16
116.52,-33.76,1988,4,"009690",15.2
116.52,-33.76,1988,5,"009690",81.9
116.52,-33.76,1988,6,"009690",131.3
116.52,-33.76,1988,7,"009690",82
116.52,-33.76,1988,8,"009690",89.6
116.52,-33.76,1988,9,"009690",60.8
116.52,-33.76,1988,10,"009690",29.5
116.52,-33.76,1988,11,"009690",18.6
116.52,-33.76,1988,12,"009690",3.8
116.52,-33.76,1989,1,"009690",31.7
116.52,-33.76,1989,2,"009690",55.9
116.52,-33.76,1989,3,"009690",0.3
116.52,-33.76,1989,4,"009690",30
116.52,-33.76,1989,5,"009690",78.1
116.52,-33.76,1989,6,"009690",36.6
116.52,-33.76,1989,7,"009690",80.5
116.52,-33.76,1989,8,"009690",55.2
116.52,-33.76,1989,9,"009690",31.8
116.52,-33.76,1989,10,"009690",51.4
116.52,-33.76,1989,11,"009690",5.6
116.52,-33.76,1989,12,"009690",6.2
116.52,-33.76,1990,1,"009690",26.4
116.52,-33.76,1990,2,"009690",7.2
116.52,-33.76,1990,3,"009690",21.2
116.52,-33.76,1990,4,"009690",64.6
116.52,-33.76,1990,5,"009690",71.4
116.52,-33.76,1990,6,"009690",55.2
116.52,-33.76,1990,7,"009690",153.2
116.52,-33.76,1990,8,"009690",37
116.52,-33.76,1990,9,"009690",54
116.52,-33.76,1990,10,"009690",35.8
116.52,-33.76,1990,11,"009690",12.6
116.52,-33.76,1990,12,"009690",4
116.52,-33.76,1991,1,"009690",6.1
116.52,-33.76,1991,2,"009690",18
116.52,-33.76,1991,3,"009690",6.8
116.52,-33.76,1991,4,"009690",27.4
116.52,-33.76,1991,5,"009690",125.6
116.52,-33.76,1991,6,"009690",95.8
116.52,-33.76,1991,7,"009690",144
116.52,-33.76,1991,8,"009690",85.4
116.52,-33.76,1991,9,"009690",83.6
116.52,-33.76,1991,10,"009690",28.4
116.52,-33.76,1991,11,"009690",9.3
116.52,-33.76,1991,12,"009690",35.8
116.52,-33.76,1992,1,"009690",1.8
116.52,-33.76,1992,2,"009690",14.3
116.52,-33.76,1992,3,"009690",23
116.52,-33.76,1992,4,"009690",25
116.52,-33.76,1992,5,"009690",68.6
116.52,-33.76,1992,6,"009690",155.8
116.52,-33.76,1992,7,"009690",77.3
116.52,-33.76,1992,8,"009690",100.8
116.52,-33.76,1992,9,"009690",64
116.52,-33.76,1992,10,"009690",21.6
116.52,-33.76,1992,11,"009690",60.4
116.52,-33.76,1992,12,"009690",4
116.52,-33.76,1993,1,"009690",0
116.52,-33.76,1993,2,"009690",0
116.52,-33.76,1993,3,"009690",93.6
116.52,-33.76,1993,4,"009690",22.7
116.52,-33.76,1993,5,"009690",58.8
116.52,-33.76,1993,6,"009690",40.6
116.52,-33.76,1993,7,"009690",113.6
116.52,-33.76,1993,8,"009690",67.8
116.52,-33.76,1993,9,"009690",80.8
116.52,-33.76,1993,10,"009690",30.7
116.52,-33.76,1993,11,"009690",11
116.52,-33.76,1993,12,"009690",0
116.52,-33.76,1994,1,"009690",0
116.52,-33.76,1994,2,"009690",0.8
116.52,-33.76,1994,3,"009690",2.6
116.52,-33.76,1994,4,"009690",4.6
116.52,-33.76,1994,5,"009690",102.4
116.52,-33.76,1994,6,"009690",56.7
116.52,-33.76,1994,7,"009690",82.7
116.52,-33.76,1994,8,"009690",62.8
116.52,-33.76,1994,9,"009690",30.2
116.52,-33.76,1994,10,"009690",25.5
116.52,-33.76,1994,11,"009690",1.2
116.52,-33.76,1994,12,"009690",0
116.52,-33.76,1995,1,"009690",0.8
116.52,-33.76,1995,2,"009690",1.8
116.52,-33.76,1995,3,"009690",2
116.52,-33.76,1995,4,"009690",6.7
116.52,-33.76,1995,5,"009690",80.8
116.52,-33.76,1995,6,"009690",83
116.52,-33.76,1995,7,"009690",135
116.52,-33.76,1995,8,"009690",58.2
116.52,-33.76,1995,9,"009690",62.1
116.52,-33.76,1995,10,"009690",54.2
116.52,-33.76,1995,11,"009690",13.7
116.52,-33.76,1995,12,"009690",60.7
116.52,-33.76,1996,1,"009690",5
116.52,-33.76,1996,2,"009690",0
116.52,-33.76,1996,3,"009690",3.4
116.52,-33.76,1996,4,"009690",9.6
116.52,-33.76,1996,5,"009690",45
116.52,-33.76,1996,6,"009690",154.3
116.52,-33.76,1996,7,"009690",173.1
116.52,-33.76,1996,8,"009690",56.4
116.52,-33.76,1996,9,"009690",132.9
116.52,-33.76,1996,10,"009690",35.1
116.52,-33.76,1996,11,"009690",25.5
116.52,-33.76,1996,12,"009690",20
116.52,-33.76,1997,1,"009690",0.6
116.52,-33.76,1997,2,"009690",27.2
116.52,-33.76,1997,3,"009690",19
116.52,-33.76,1997,4,"009690",9.2
116.52,-33.76,1997,5,"009690",101.8
116.52,-33.76,1997,6,"009690",111.4
116.52,-33.76,1997,7,"009690",69
116.52,-33.76,1997,8,"009690",81.2
116.52,-33.76,1997,9,"009690",40
116.52,-33.76,1997,10,"009690",36.2
116.52,-33.76,1997,11,"009690",15.6
116.52,-33.76,1997,12,"009690",0
116.52,-33.76,1998,1,"009690",0
116.52,-33.76,1998,2,"009690",0
116.52,-33.76,1998,3,"009690",74.6
116.52,-33.76,1998,4,"009690",16.2
116.52,-33.76,1998,5,"009690",58.8
116.52,-33.76,1998,6,"009690",107.6
116.52,-33.76,1998,7,"009690",55.8
116.52,-33.76,1998,8,"009690",108.8
116.52,-33.76,1998,9,"009690",NA
116.52,-33.76,1998,10,"009690",NA
116.52,-33.76,1998,11,"009690",NA
116.52,-33.76,1998,12,"009690",NA
116.52,-33.76,1999,1,"009690",0
116.52,-33.76,1999,2,"009690",0
116.52,-33.76,1999,3,"009690",26.1
116.52,-33.76,1999,4,"009690",1
116.52,-33.76,1999,5,"009690",103.9
116.52,-33.76,1999,6,"009690",NA
116.52,-33.76,1999,7,"009690",84.2
116.52,-33.76,1999,8,"009690",88.2
116.52,-33.76,1999,9,"009690",NA
116.52,-33.76,1999,10,"009690",NA
116.52,-33.76,1999,11,"009690",2
116.52,-33.76,1999,12,"009690",45
116.52,-33.76,2000,1,"009690",72.6
116.52,-33.76,2000,2,"009690",2
116.52,-33.76,2000,3,"009690",41.2
116.52,-33.76,2000,4,"009690",9.8
116.52,-33.76,2000,5,"009690",33.4
116.52,-33.76,2000,6,"009690",NA
116.52,-33.76,2000,7,"009690",155.2
116.52,-33.76,2000,8,"009690",93.2
116.52,-33.76,2000,9,"009690",26.8
116.52,-33.76,2000,10,"009690",NA
116.52,-33.76,2000,11,"009690",14.4
116.52,-33.76,2000,12,"009690",0
116.52,-33.76,2001,1,"009690",0
116.52,-33.76,2001,2,"009690",2.4
116.52,-33.76,2001,3,"009690",0.2
116.52,-33.76,2001,4,"009690",1
116.52,-33.76,2001,5,"009690",NA
116.52,-33.76,2001,6,"009690",NA
116.52,-33.76,2001,7,"009690",NA
116.52,-33.76,2001,8,"009690",79.6
116.52,-33.76,2001,9,"009690",70.7
116.52,-33.76,2001,10,"009690",NA
116.52,-33.76,2001,11,"009690",31.4
116.52,-33.76,2001,12,"009690",NA
116.52,-33.76,2002,1,"009690",0
116.52,-33.76,2002,2,"009690",0
116.52,-33.76,2002,3,"009690",12.8
116.52,-33.76,2002,4,"009690",44.6
116.52,-33.76,2002,5,"009690",NA
116.52,-33.76,2002,6,"009690",NA
116.52,-33.76,2002,7,"009690",116
116.52,-33.76,2002,8,"009690",62.4
116.52,-33.76,2002,9,"009690",46.1
116.52,-33.76,2002,10,"009690",49.4
116.52,-33.76,2002,11,"009690",NA
116.52,-33.76,2002,12,"009690",0
116.52,-33.76,2003,1,"009690",0
116.52,-33.76,2003,2,"009690",37.6
116.52,-33.76,2003,3,"009690",5.6
116.52,-33.76,2003,4,"009690",31.7
116.52,-33.76,2003,5,"009690",74
116.52,-33.76,2003,6,"009690",86.2
116.52,-33.76,2003,7,"009690",93.4
116.52,-33.76,2003,8,"009690",90
116.52,-33.76,2003,9,"009690",85
116.52,-33.76,2003,10,"009690",NA
116.52,-33.76,2003,11,"009690",NA
116.52,-33.76,2003,12,"009690",NA
116.52,-33.76,2004,1,"009690",70
116.52,-33.76,2004,2,"009690",6
116.52,-33.76,2004,3,"009690",0
116.52,-33.76,2004,4,"009690",8.6
116.52,-33.76,2004,5,"009690",76.8
116.52,-33.76,2004,6,"009690",119.2
116.52,-33.76,2004,7,"009690",62.2
116.52,-33.76,2004,8,"009690",NA
116.52,-33.76,2004,9,"009690",NA
116.52,-33.76,2004,10,"009690",32
116.52,-33.76,2004,11,"009690",NA
116.52,-33.76,2004,12,"009690",0
116.52,-33.76,2005,1,"009690",0
116.52,-33.76,2005,2,"009690",5.4
116.52,-33.76,2005,3,"009690",56.2
116.52,-33.76,2005,4,"009690",100.6
116.52,-33.76,2005,5,"009690",149.6
116.52,-33.76,2005,6,"009690",119.7
116.52,-33.76,2005,7,"009690",35.8
116.52,-33.76,2005,8,"009690",92
116.52,-33.76,2005,9,"009690",76.5
116.52,-33.76,2005,10,"009690",53.6
116.52,-33.76,2005,11,"009690",40.8
116.52,-33.76,2005,12,"009690",20.8
116.52,-33.76,2006,1,"009690",NA
116.52,-33.76,2006,2,"009690",0
116.52,-33.76,2006,3,"009690",10
116.52,-33.76,2006,4,"009690",32
116.52,-33.76,2006,5,"009690",15.4
116.52,-33.76,2006,6,"009690",19.2
116.52,-33.76,2006,7,"009690",82.6
116.52,-33.76,2006,8,"009690",143.2
116.52,-33.76,2006,9,"009690",NA
116.52,-33.76,2006,10,"009690",13.6
116.52,-33.76,2006,11,"009690",12.2
116.52,-33.76,2006,12,"009690",3.8
116.52,-33.76,2007,1,"009690",16.4
116.52,-33.76,2007,2,"009690",3
116.52,-33.76,2007,3,"009690",NA
116.52,-33.76,2007,4,"009690",32.8
116.52,-33.76,2007,5,"009690",28.4
116.52,-33.76,2007,6,"009690",50.6
116.52,-33.76,2007,7,"009690",143.4
116.52,-33.76,2007,8,"009690",NA
116.52,-33.76,2007,9,"009690",73.2
116.52,-33.76,2007,10,"009690",39
116.52,-33.76,2007,11,"009690",0
116.52,-33.76,2007,12,"009690",26.8
116.52,-33.76,2008,1,"009690",0
116.52,-33.76,2008,2,"009690",4.4
116.52,-33.76,2008,3,"009690",0
116.52,-33.76,2008,4,"009690",NA
116.52,-33.76,2008,5,"009690",67
116.52,-33.76,2008,6,"009690",NA
116.52,-33.76,2008,7,"009690",132.2
116.52,-33.76,2008,8,"009690",NA
116.52,-33.76,2008,9,"009690",33.4
116.52,-33.76,2008,10,"009690",33.4
116.52,-33.76,2008,11,"009690",NA
116.52,-33.76,2008,12,"009690",NA
116.52,-33.76,2009,1,"009690",0
116.52,-33.76,2009,2,"009690",11
116.52,-33.76,2009,3,"009690",2.6
116.52,-33.76,2009,4,"009690",0
116.52,-33.76,2009,5,"009690",68.6
116.52,-33.76,2009,6,"009690",144.8
116.52,-33.76,2009,7,"009690",105.2
116.52,-33.76,2009,8,"009690",78.2
116.52,-33.76,2009,9,"009690",NA
116.52,-33.76,2009,10,"009690",4
116.52,-33.76,2009,11,"009690",12.8
116.52,-33.76,2009,12,"009690",0
116.52,-33.76,2010,1,"009690",0
116.52,-33.76,2010,2,"009690",0
116.52,-33.76,2010,3,"009690",40
116.52,-33.76,2010,4,"009690",21
116.52,-33.76,2010,5,"009690",43
116.52,-33.76,2010,6,"009690",34.8
116.52,-33.76,2010,7,"009690",69.4
116.52,-33.76,2010,8,"009690",29
116.52,-33.76,2010,9,"009690",16.2
116.52,-33.76,2010,10,"009690",12.2
116.52,-33.76,2010,11,"009690",41.4
116.52,-33.76,2010,12,"009690",NA
116.52,-33.76,2011,1,"009690",NA
116.52,-33.76,2011,2,"009690",0
116.52,-33.76,2011,3,"009690",0
116.52,-33.76,2011,4,"009690",40.8
116.52,-33.76,2011,5,"009690",39.8
116.52,-33.76,2011,6,"009690",99.6
116.52,-33.76,2011,7,"009690",104.8
116.52,-33.76,2011,8,"009690",112.6
116.52,-33.76,2011,9,"009690",79.6
116.52,-33.76,2011,10,"009690",52.6
116.52,-33.76,2011,11,"009690",73.6
116.52,-33.76,2011,12,"009690",31.8
116.52,-33.76,2012,1,"009690",9
116.52,-33.76,2012,2,"009690",10.4
116.52,-33.76,2012,3,"009690",0
116.52,-33.76,2012,4,"009690",22
116.52,-33.76,2012,5,"009690",47
116.52,-33.76,2012,6,"009690",122.4
116.52,-33.76,2012,7,"009690",33
116.52,-33.76,2012,8,"009690",44.4
116.52,-33.76,2012,9,"009690",80.4
116.52,-33.76,2012,10,"009690",NA
116.52,-33.76,2012,11,"009690",NA
116.52,-33.76,2012,12,"009690",NA
116.52,-33.76,2013,1,"009690",14.6
116.52,-33.76,2013,2,"009690",0
116.52,-33.76,2013,3,"009690",36.8
116.52,-33.76,2013,4,"009690",18.8
116.52,-33.76,2013,5,"009690",95.5
116.52,-33.76,2013,6,"009690",57.8
116.52,-33.76,2013,7,"009690",64.2
116.52,-33.76,2013,8,"009690",93.4
116.52,-33.76,2013,9,"009690",124.6
116.52,-33.76,2013,10,"009690",11.6
116.52,-33.76,2013,11,"009690",27.2
116.52,-33.76,2013,12,"009690",0
116.52,-33.76,2014,1,"009690",0
116.52,-33.76,2014,2,"009690",0
116.52,-33.76,2014,3,"009690",5
116.52,-33.76,2014,4,"009690",11.8
116.52,-33.76,2014,5,"009690",121.2
116.52,-33.76,2014,6,"009690",45.8
116.52,-33.76,2014,7,"009690",107.2
116.52,-33.76,2014,8,"009690",103.6
116.52,-33.76,2014,9,"009690",43.2
116.52,-33.76,2014,10,"009690",40.5
116.52,-33.76,2014,11,"009690",16.4
116.52,-33.76,2014,12,"009690",2.8
116.52,-33.76,2015,1,"009690",12
116.52,-33.76,2015,2,"009690",11.8
116.52,-33.76,2015,3,"009690",25
116.52,-33.76,2015,4,"009690",83.6
116.52,-33.76,2015,5,"009690",41
116.52,-33.76,2015,6,"009690",47.4
116.52,-33.76,2015,7,"009690",71.4
116.52,-33.76,2015,8,"009690",53.6
116.52,-33.76,2015,9,"009690",32.6
116.52,-33.76,2015,10,"009690",25
116.52,-33.76,2015,11,"009690",0.4
116.52,-33.76,2015,12,"009690",2.4
116.52,-33.76,2016,1,"009690",109.6
116.52,-33.76,2016,2,"009690",5.6
116.52,-33.76,2016,3,"009690",71.2
116.52,-33.76,2016,4,"009690",69.2
116.52,-33.76,2016,5,"009690",62
116.52,-33.76,2016,6,"009690",NA
116.52,-33.76,2016,7,"009690",86.8
116.52,-33.76,2016,8,"009690",NA
116.52,-33.76,2016,9,"009690",NA
116.52,-33.76,2016,10,"009690",47.2
116.52,-33.76,2016,11,"009690",9
116.52,-33.76,2016,12,"009690",40
116.52,-33.76,2017,1,"009690",0
116.52,-33.76,2017,2,"009690",75.4
116.52,-33.76,2017,3,"009690",29.2
116.52,-33.76,2017,4,"009690",0
116.52,-33.76,2017,5,"009690",29.6
116.52,-33.76,2017,6,"009690",6.8
116.52,-33.76,2017,7,"009690",106.2
116.52,-33.76,2017,8,"009690",106.8
116.52,-33.76,2017,9,"009690",48.2
116.52,-33.76,2017,10,"009690",21.4
116.52,-33.76,2017,11,"009690",5.6
116.52,-33.76,2017,12,"009690",35.4
116.52,-33.76,2018,1,"009690",39
116.52,-33.76,2018,2,"009690",0
116.52,-33.76,2018,3,"009690",9.2
116.52,-33.76,2018,4,"009690",27.4
116.52,-33.76,2018,5,"009690",43.8
116.52,-33.76,2018,6,"009690",69.8
116.52,-33.76,2018,7,"009690",76.4
116.52,-33.76,2018,8,"009690",99
116.52,-33.76,2018,9,"009690",22.6
116.52,-33.76,2018,10,"009690",36.2
116.52,-33.76,2018,11,"009690",4.4
116.52,-33.76,2018,12,"009690",8
116.52,-33.76,2019,1,"009690",1
116.52,-33.76,2019,2,"009690",0
116.52,-33.76,2019,3,"009690",25.1
116.52,-33.76,2019,4,"009690",20
116.52,-33.76,2019,5,"009690",14.2
116.52,-33.76,2019,6,"009690",94.6
116.52,-33.76,2019,7,"009690",32
116.52,-33.76,2019,8,"009690",102.6
116.52,-33.76,2019,9,"009690",26.8
116.52,-33.76,2019,10,"009690",7
116.52,-33.76,2019,11,"009690",16.8
116.52,-33.76,2019,12,"009690",0
116.52,-33.76,2020,1,"009690",0
116.52,-33.76,2020,2,"009690",2.8
116.52,-33.76,2020,3,"009690",28.8
116.52,-33.76,2020,4,"009690",11.6
116.52,-33.76,2020,5,"009690",77.6
116.52,-33.76,2020,6,"009690",68.4
116.52,-33.76,2020,7,"009690",54.8
116.52,-33.76,2020,8,"009690",NA
116.52,-33.76,2020,9,"009690",103.6
116.52,-33.76,2020,10,"009690",23
116.52,-33.76,2020,11,"009690",42.8
116.52,-33.76,2020,12,"009690",3.6
