"Lon","Lat","Year","Month","Station","Rain"
151.24,-26.63,1981,1,"041483",NA
151.24,-26.63,1981,2,"041483",NA
151.24,-26.63,1981,3,"041483",NA
151.24,-26.63,1981,4,"041483",82
151.24,-26.63,1981,5,"041483",43
151.24,-26.63,1981,6,"041483",11
151.24,-26.63,1981,7,"041483",69
151.24,-26.63,1981,8,"041483",11
151.24,-26.63,1981,9,"041483",20
151.24,-26.63,1981,10,"041483",8
151.24,-26.63,1981,11,"041483",62
151.24,-26.63,1981,12,"041483",223
151.24,-26.63,1982,1,"041483",87
151.24,-26.63,1982,2,"041483",107
151.24,-26.63,1982,3,"041483",68
151.24,-26.63,1982,4,"041483",38
151.24,-26.63,1982,5,"041483",21
151.24,-26.63,1982,6,"041483",0
151.24,-26.63,1982,7,"041483",28
151.24,-26.63,1982,8,"041483",5
151.24,-26.63,1982,9,"041483",34
151.24,-26.63,1982,10,"041483",53
151.24,-26.63,1982,11,"041483",0
151.24,-26.63,1982,12,"041483",163
151.24,-26.63,1983,1,"041483",64
151.24,-26.63,1983,2,"041483",8
151.24,-26.63,1983,3,"041483",39
151.24,-26.63,1983,4,"041483",218
151.24,-26.63,1983,5,"041483",116
151.24,-26.63,1983,6,"041483",50
151.24,-26.63,1983,7,"041483",35
151.24,-26.63,1983,8,"041483",28
151.24,-26.63,1983,9,"041483",8
151.24,-26.63,1983,10,"041483",157
151.24,-26.63,1983,11,"041483",198
151.24,-26.63,1983,12,"041483",41
151.24,-26.63,1984,1,"041483",81
151.24,-26.63,1984,2,"041483",48
151.24,-26.63,1984,3,"041483",27
151.24,-26.63,1984,4,"041483",98.6
151.24,-26.63,1984,5,"041483",14
151.24,-26.63,1984,6,"041483",48.2
151.24,-26.63,1984,7,"041483",166.8
151.24,-26.63,1984,8,"041483",55.3
151.24,-26.63,1984,9,"041483",42.6
151.24,-26.63,1984,10,"041483",71.2
151.24,-26.63,1984,11,"041483",68.4
151.24,-26.63,1984,12,"041483",106.2
151.24,-26.63,1985,1,"041483",110.4
151.24,-26.63,1985,2,"041483",11.2
151.24,-26.63,1985,3,"041483",61.4
151.24,-26.63,1985,4,"041483",33.8
151.24,-26.63,1985,5,"041483",41.4
151.24,-26.63,1985,6,"041483",57.6
151.24,-26.63,1985,7,"041483",28.2
151.24,-26.63,1985,8,"041483",47.2
151.24,-26.63,1985,9,"041483",34
151.24,-26.63,1985,10,"041483",106.8
151.24,-26.63,1985,11,"041483",54.4
151.24,-26.63,1985,12,"041483",150.8
151.24,-26.63,1986,1,"041483",19
151.24,-26.63,1986,2,"041483",82.8
151.24,-26.63,1986,3,"041483",0
151.24,-26.63,1986,4,"041483",3
151.24,-26.63,1986,5,"041483",87
151.24,-26.63,1986,6,"041483",0
151.24,-26.63,1986,7,"041483",38.6
151.24,-26.63,1986,8,"041483",30.6
151.24,-26.63,1986,9,"041483",2.2
151.24,-26.63,1986,10,"041483",106.8
151.24,-26.63,1986,11,"041483",94.6
151.24,-26.63,1986,12,"041483",43.8
151.24,-26.63,1987,1,"041483",83.6
151.24,-26.63,1987,2,"041483",0
151.24,-26.63,1987,3,"041483",37.1
151.24,-26.63,1987,4,"041483",2.4
151.24,-26.63,1987,5,"041483",57
151.24,-26.63,1987,6,"041483",26.6
151.24,-26.63,1987,7,"041483",26
151.24,-26.63,1987,8,"041483",22.8
151.24,-26.63,1987,9,"041483",3.2
151.24,-26.63,1987,10,"041483",61.2
151.24,-26.63,1987,11,"041483",53.4
151.24,-26.63,1987,12,"041483",110.6
151.24,-26.63,1988,1,"041483",159.6
151.24,-26.63,1988,2,"041483",121.6
151.24,-26.63,1988,3,"041483",16.4
151.24,-26.63,1988,4,"041483",125.2
151.24,-26.63,1988,5,"041483",32.6
151.24,-26.63,1988,6,"041483",36
151.24,-26.63,1988,7,"041483",79.6
151.24,-26.63,1988,8,"041483",65.2
151.24,-26.63,1988,9,"041483",19.4
151.24,-26.63,1988,10,"041483",7.2
151.24,-26.63,1988,11,"041483",33.8
151.24,-26.63,1988,12,"041483",84.4
151.24,-26.63,1989,1,"041483",98.2
151.24,-26.63,1989,2,"041483",68.4
151.24,-26.63,1989,3,"041483",46.4
151.24,-26.63,1989,4,"041483",85
151.24,-26.63,1989,5,"041483",43.2
151.24,-26.63,1989,6,"041483",24.1
151.24,-26.63,1989,7,"041483",21.4
151.24,-26.63,1989,8,"041483",33.9
151.24,-26.63,1989,9,"041483",37.2
151.24,-26.63,1989,10,"041483",72
151.24,-26.63,1989,11,"041483",126.8
151.24,-26.63,1989,12,"041483",179
151.24,-26.63,1990,1,"041483",15.2
151.24,-26.63,1990,2,"041483",38
151.24,-26.63,1990,3,"041483",56.6
151.24,-26.63,1990,4,"041483",122.2
151.24,-26.63,1990,5,"041483",69.2
151.24,-26.63,1990,6,"041483",49.6
151.24,-26.63,1990,7,"041483",25.4
151.24,-26.63,1990,8,"041483",18.2
151.24,-26.63,1990,9,"041483",9.6
151.24,-26.63,1990,10,"041483",66.4
151.24,-26.63,1990,11,"041483",40.1
151.24,-26.63,1990,12,"041483",66.6
151.24,-26.63,1991,1,"041483",141.6
151.24,-26.63,1991,2,"041483",74
151.24,-26.63,1991,3,"041483",44.4
151.24,-26.63,1991,4,"041483",4
151.24,-26.63,1991,5,"041483",24.2
151.24,-26.63,1991,6,"041483",18.8
151.24,-26.63,1991,7,"041483",25.9
151.24,-26.63,1991,8,"041483",0
151.24,-26.63,1991,9,"041483",9
151.24,-26.63,1991,10,"041483",99.8
151.24,-26.63,1991,11,"041483",31
151.24,-26.63,1991,12,"041483",119.4
151.24,-26.63,1992,1,"041483",59.2
151.24,-26.63,1992,2,"041483",142.6
151.24,-26.63,1992,3,"041483",50.4
151.24,-26.63,1992,4,"041483",20.2
151.24,-26.63,1992,5,"041483",50
151.24,-26.63,1992,6,"041483",6.5
151.24,-26.63,1992,7,"041483",5.6
151.24,-26.63,1992,8,"041483",31.6
151.24,-26.63,1992,9,"041483",75.6
151.24,-26.63,1992,10,"041483",14.8
151.24,-26.63,1992,11,"041483",81.8
151.24,-26.63,1992,12,"041483",37.1
151.24,-26.63,1993,1,"041483",42.8
151.24,-26.63,1993,2,"041483",31.8
151.24,-26.63,1993,3,"041483",0
151.24,-26.63,1993,4,"041483",0
151.24,-26.63,1993,5,"041483",27.5
151.24,-26.63,1993,6,"041483",33.6
151.24,-26.63,1993,7,"041483",74.2
151.24,-26.63,1993,8,"041483",7.8
151.24,-26.63,1993,9,"041483",65
151.24,-26.63,1993,10,"041483",42.8
151.24,-26.63,1993,11,"041483",34.4
151.24,-26.63,1993,12,"041483",176.2
151.24,-26.63,1994,1,"041483",50.6
151.24,-26.63,1994,2,"041483",113.5
151.24,-26.63,1994,3,"041483",70.4
151.24,-26.63,1994,4,"041483",0.3
151.24,-26.63,1994,5,"041483",18.4
151.24,-26.63,1994,6,"041483",31.4
151.24,-26.63,1994,7,"041483",9.1
151.24,-26.63,1994,8,"041483",0.1
151.24,-26.63,1994,9,"041483",4
151.24,-26.63,1994,10,"041483",70
151.24,-26.63,1994,11,"041483",17
151.24,-26.63,1994,12,"041483",30.4
151.24,-26.63,1995,1,"041483",211.6
151.24,-26.63,1995,2,"041483",95.4
151.24,-26.63,1995,3,"041483",34
151.24,-26.63,1995,4,"041483",0
151.24,-26.63,1995,5,"041483",46.6
151.24,-26.63,1995,6,"041483",25.8
151.24,-26.63,1995,7,"041483",7.4
151.24,-26.63,1995,8,"041483",1.8
151.24,-26.63,1995,9,"041483",41
151.24,-26.63,1995,10,"041483",71
151.24,-26.63,1995,11,"041483",146.1
151.24,-26.63,1995,12,"041483",142.6
151.24,-26.63,1996,1,"041483",173.2
151.24,-26.63,1996,2,"041483",88
151.24,-26.63,1996,3,"041483",1
151.24,-26.63,1996,4,"041483",35.2
151.24,-26.63,1996,5,"041483",125
151.24,-26.63,1996,6,"041483",5.8
151.24,-26.63,1996,7,"041483",20.6
151.24,-26.63,1996,8,"041483",41.4
151.24,-26.63,1996,9,"041483",111
151.24,-26.63,1996,10,"041483",41.1
151.24,-26.63,1996,11,"041483",53.4
151.24,-26.63,1996,12,"041483",101.3
151.24,-26.63,1997,1,"041483",46
151.24,-26.63,1997,2,"041483",107.8
151.24,-26.63,1997,3,"041483",15
151.24,-26.63,1997,4,"041483",3.6
151.24,-26.63,1997,5,"041483",57.5
151.24,-26.63,1997,6,"041483",1
151.24,-26.63,1997,7,"041483",22.2
151.24,-26.63,1997,8,"041483",15.6
151.24,-26.63,1997,9,"041483",63.7
151.24,-26.63,1997,10,"041483",91.6
151.24,-26.63,1997,11,"041483",92.2
151.24,-26.63,1997,12,"041483",63.2
151.24,-26.63,1998,1,"041483",105.9
151.24,-26.63,1998,2,"041483",163.6
151.24,-26.63,1998,3,"041483",3
151.24,-26.63,1998,4,"041483",112
151.24,-26.63,1998,5,"041483",105.6
151.24,-26.63,1998,6,"041483",44.6
151.24,-26.63,1998,7,"041483",47.4
151.24,-26.63,1998,8,"041483",69.1
151.24,-26.63,1998,9,"041483",125.7
151.24,-26.63,1998,10,"041483",22.2
151.24,-26.63,1998,11,"041483",106.5
151.24,-26.63,1998,12,"041483",48.6
151.24,-26.63,1999,1,"041483",96.8
151.24,-26.63,1999,2,"041483",82.6
151.24,-26.63,1999,3,"041483",79.2
151.24,-26.63,1999,4,"041483",8.8
151.24,-26.63,1999,5,"041483",2
151.24,-26.63,1999,6,"041483",33.8
151.24,-26.63,1999,7,"041483",68.4
151.24,-26.63,1999,8,"041483",8
151.24,-26.63,1999,9,"041483",31.8
151.24,-26.63,1999,10,"041483",48.4
151.24,-26.63,1999,11,"041483",83.5
151.24,-26.63,1999,12,"041483",96.6
151.24,-26.63,2000,1,"041483",99.7
151.24,-26.63,2000,2,"041483",41.4
151.24,-26.63,2000,3,"041483",0
151.24,-26.63,2000,4,"041483",7
151.24,-26.63,2000,5,"041483",22
151.24,-26.63,2000,6,"041483",31.5
151.24,-26.63,2000,7,"041483",3
151.24,-26.63,2000,8,"041483",0
151.24,-26.63,2000,9,"041483",1
151.24,-26.63,2000,10,"041483",113
151.24,-26.63,2000,11,"041483",87.1
151.24,-26.63,2000,12,"041483",75.9
151.24,-26.63,2001,1,"041483",NA
151.24,-26.63,2001,2,"041483",91.8
151.24,-26.63,2001,3,"041483",27
151.24,-26.63,2001,4,"041483",46
151.24,-26.63,2001,5,"041483",8
151.24,-26.63,2001,6,"041483",4.1
151.24,-26.63,2001,7,"041483",40.2
151.24,-26.63,2001,8,"041483",10.2
151.24,-26.63,2001,9,"041483",41.4
151.24,-26.63,2001,10,"041483",63.2
151.24,-26.63,2001,11,"041483",NA
151.24,-26.63,2001,12,"041483",NA
151.24,-26.63,2002,1,"041483",49.8
151.24,-26.63,2002,2,"041483",56.2
151.24,-26.63,2002,3,"041483",NA
151.24,-26.63,2002,4,"041483",8.2
151.24,-26.63,2002,5,"041483",16.4
151.24,-26.63,2002,6,"041483",61.9
151.24,-26.63,2002,7,"041483",0
151.24,-26.63,2002,8,"041483",95
151.24,-26.63,2002,9,"041483",4
151.24,-26.63,2002,10,"041483",35.2
151.24,-26.63,2002,11,"041483",11.2
151.24,-26.63,2002,12,"041483",108.6
151.24,-26.63,2003,1,"041483",3
151.24,-26.63,2003,2,"041483",65.6
151.24,-26.63,2003,3,"041483",109.6
151.24,-26.63,2003,4,"041483",41.5
151.24,-26.63,2003,5,"041483",62
151.24,-26.63,2003,6,"041483",52.8
151.24,-26.63,2003,7,"041483",15
151.24,-26.63,2003,8,"041483",NA
151.24,-26.63,2003,9,"041483",3
151.24,-26.63,2003,10,"041483",93.7
151.24,-26.63,2003,11,"041483",16
151.24,-26.63,2003,12,"041483",97.2
151.24,-26.63,2004,1,"041483",NA
151.24,-26.63,2004,2,"041483",102.2
151.24,-26.63,2004,3,"041483",104.4
151.24,-26.63,2004,4,"041483",30
151.24,-26.63,2004,5,"041483",NA
151.24,-26.63,2004,6,"041483",4
151.24,-26.63,2004,7,"041483",7
151.24,-26.63,2004,8,"041483",NA
151.24,-26.63,2004,9,"041483",29
151.24,-26.63,2004,10,"041483",13.5
151.24,-26.63,2004,11,"041483",104.8
151.24,-26.63,2004,12,"041483",125.5
151.24,-26.63,2005,1,"041483",29.5
151.24,-26.63,2005,2,"041483",NA
151.24,-26.63,2005,3,"041483",20.8
151.24,-26.63,2005,4,"041483",2
151.24,-26.63,2005,5,"041483",40.7
151.24,-26.63,2005,6,"041483",129
151.24,-26.63,2005,7,"041483",0.5
151.24,-26.63,2005,8,"041483",9.2
151.24,-26.63,2005,9,"041483",27.4
151.24,-26.63,2005,10,"041483",140.5
151.24,-26.63,2005,11,"041483",NA
151.24,-26.63,2005,12,"041483",NA
151.24,-26.63,2006,1,"041483",121.5
151.24,-26.63,2006,2,"041483",23.5
151.24,-26.63,2006,3,"041483",1.1
151.24,-26.63,2006,4,"041483",7.8
151.24,-26.63,2006,5,"041483",11.6
151.24,-26.63,2006,6,"041483",10
151.24,-26.63,2006,7,"041483",33.6
151.24,-26.63,2006,8,"041483",8.5
151.24,-26.63,2006,9,"041483",18
151.24,-26.63,2006,10,"041483",2
151.24,-26.63,2006,11,"041483",53.6
151.24,-26.63,2006,12,"041483",84.8
151.24,-26.63,2007,1,"041483",32.4
151.24,-26.63,2007,2,"041483",13
151.24,-26.63,2007,3,"041483",10.5
151.24,-26.63,2007,4,"041483",9.8
151.24,-26.63,2007,5,"041483",17
151.24,-26.63,2007,6,"041483",116.4
151.24,-26.63,2007,7,"041483",0
151.24,-26.63,2007,8,"041483",40.1
151.24,-26.63,2007,9,"041483",31
151.24,-26.63,2007,10,"041483",107.2
151.24,-26.63,2007,11,"041483",80
151.24,-26.63,2007,12,"041483",138
151.24,-26.63,2008,1,"041483",67
151.24,-26.63,2008,2,"041483",138
151.24,-26.63,2008,3,"041483",17
151.24,-26.63,2008,4,"041483",20.6
151.24,-26.63,2008,5,"041483",28
151.24,-26.63,2008,6,"041483",20
151.24,-26.63,2008,7,"041483",87.6
151.24,-26.63,2008,8,"041483",18.8
151.24,-26.63,2008,9,"041483",31.2
151.24,-26.63,2008,10,"041483",48
151.24,-26.63,2008,11,"041483",108.4
151.24,-26.63,2008,12,"041483",80.5
151.24,-26.63,2009,1,"041483",69.1
151.24,-26.63,2009,2,"041483",49.6
151.24,-26.63,2009,3,"041483",36.6
151.24,-26.63,2009,4,"041483",38.4
151.24,-26.63,2009,5,"041483",50.4
151.24,-26.63,2009,6,"041483",77.9
151.24,-26.63,2009,7,"041483",0
151.24,-26.63,2009,8,"041483",2.2
151.24,-26.63,2009,9,"041483",16.4
151.24,-26.63,2009,10,"041483",10.1
151.24,-26.63,2009,11,"041483",55.9
151.24,-26.63,2009,12,"041483",45.5
151.24,-26.63,2010,1,"041483",44.2
151.24,-26.63,2010,2,"041483",91.2
151.24,-26.63,2010,3,"041483",152.6
151.24,-26.63,2010,4,"041483",12
151.24,-26.63,2010,5,"041483",26.4
151.24,-26.63,2010,6,"041483",9.2
151.24,-26.63,2010,7,"041483",59.4
151.24,-26.63,2010,8,"041483",118.2
151.24,-26.63,2010,9,"041483",151.5
151.24,-26.63,2010,10,"041483",125.4
151.24,-26.63,2010,11,"041483",37
151.24,-26.63,2010,12,"041483",308.6
151.24,-26.63,2011,1,"041483",156.2
151.24,-26.63,2011,2,"041483",10
151.24,-26.63,2011,3,"041483",46.8
151.24,-26.63,2011,4,"041483",79.8
151.24,-26.63,2011,5,"041483",NA
151.24,-26.63,2011,6,"041483",6
151.24,-26.63,2011,7,"041483",14.6
151.24,-26.63,2011,8,"041483",32
151.24,-26.63,2011,9,"041483",22.5
151.24,-26.63,2011,10,"041483",106
151.24,-26.63,2011,11,"041483",60
151.24,-26.63,2011,12,"041483",124.4
151.24,-26.63,2012,1,"041483",133.5
151.24,-26.63,2012,2,"041483",36
151.24,-26.63,2012,3,"041483",73.4
151.24,-26.63,2012,4,"041483",51
151.24,-26.63,2012,5,"041483",30.2
151.24,-26.63,2012,6,"041483",104.6
151.24,-26.63,2012,7,"041483",26.2
151.24,-26.63,2012,8,"041483",6
151.24,-26.63,2012,9,"041483",22
151.24,-26.63,2012,10,"041483",30
151.24,-26.63,2012,11,"041483",106
151.24,-26.63,2012,12,"041483",63
151.24,-26.63,2013,1,"041483",291.4
151.24,-26.63,2013,2,"041483",67.5
151.24,-26.63,2013,3,"041483",110.4
151.24,-26.63,2013,4,"041483",NA
151.24,-26.63,2013,5,"041483",51
151.24,-26.63,2013,6,"041483",12
151.24,-26.63,2013,7,"041483",21
151.24,-26.63,2013,8,"041483",8
151.24,-26.63,2013,9,"041483",15
151.24,-26.63,2013,10,"041483",37.8
151.24,-26.63,2013,11,"041483",117
151.24,-26.63,2013,12,"041483",52
151.24,-26.63,2014,1,"041483",63.8
151.24,-26.63,2014,2,"041483",4.4
151.24,-26.63,2014,3,"041483",121.2
151.24,-26.63,2014,4,"041483",56
151.24,-26.63,2014,5,"041483",29.4
151.24,-26.63,2014,6,"041483",19.9
151.24,-26.63,2014,7,"041483",0
151.24,-26.63,2014,8,"041483",39
151.24,-26.63,2014,9,"041483",22
151.24,-26.63,2014,10,"041483",14.6
151.24,-26.63,2014,11,"041483",14
151.24,-26.63,2014,12,"041483",136
151.24,-26.63,2015,1,"041483",NA
151.24,-26.63,2015,2,"041483",34
151.24,-26.63,2015,3,"041483",95
151.24,-26.63,2015,4,"041483",NA
151.24,-26.63,2015,5,"041483",NA
151.24,-26.63,2015,6,"041483",NA
151.24,-26.63,2015,7,"041483",NA
151.24,-26.63,2015,8,"041483",NA
151.24,-26.63,2015,9,"041483",NA
151.24,-26.63,2015,10,"041483",NA
151.24,-26.63,2015,11,"041483",NA
151.24,-26.63,2015,12,"041483",NA
