"Lon","Lat","Year","Month","Station","Rain"
150.73,-23.1,1891,1,"033077",594.1
150.73,-23.1,1891,2,"033077",57.9
150.73,-23.1,1891,3,"033077",108.7
150.73,-23.1,1891,4,"033077",63.7
150.73,-23.1,1891,5,"033077",115.5
150.73,-23.1,1891,6,"033077",228.6
150.73,-23.1,1891,7,"033077",57.7
150.73,-23.1,1891,8,"033077",20.6
150.73,-23.1,1891,9,"033077",23.6
150.73,-23.1,1891,10,"033077",62
150.73,-23.1,1891,11,"033077",6.4
150.73,-23.1,1891,12,"033077",38.1
150.73,-23.1,1892,1,"033077",24.9
150.73,-23.1,1892,2,"033077",15.2
150.73,-23.1,1892,3,"033077",339.3
150.73,-23.1,1892,4,"033077",64.2
150.73,-23.1,1892,5,"033077",72.5
150.73,-23.1,1892,6,"033077",52.3
150.73,-23.1,1892,7,"033077",44.7
150.73,-23.1,1892,8,"033077",13
150.73,-23.1,1892,9,"033077",118.7
150.73,-23.1,1892,10,"033077",195.2
150.73,-23.1,1892,11,"033077",26.9
150.73,-23.1,1892,12,"033077",208.7
150.73,-23.1,1893,1,"033077",670.9
150.73,-23.1,1893,2,"033077",915.2
150.73,-23.1,1893,3,"033077",63.1
150.73,-23.1,1893,4,"033077",17.8
150.73,-23.1,1893,5,"033077",48.3
150.73,-23.1,1893,6,"033077",119.4
150.73,-23.1,1893,7,"033077",41.1
150.73,-23.1,1893,8,"033077",71.6
150.73,-23.1,1893,9,"033077",1.3
150.73,-23.1,1893,10,"033077",20.1
150.73,-23.1,1893,11,"033077",30.2
150.73,-23.1,1893,12,"033077",9.1
150.73,-23.1,1894,1,"033077",307.4
150.73,-23.1,1894,2,"033077",184.2
150.73,-23.1,1894,3,"033077",180.7
150.73,-23.1,1894,4,"033077",152.8
150.73,-23.1,1894,5,"033077",33.3
150.73,-23.1,1894,6,"033077",82.2
150.73,-23.1,1894,7,"033077",1.3
150.73,-23.1,1894,8,"033077",20
150.73,-23.1,1894,9,"033077",36.8
150.73,-23.1,1894,10,"033077",105.3
150.73,-23.1,1894,11,"033077",137
150.73,-23.1,1894,12,"033077",330.9
150.73,-23.1,1895,1,"033077",210.1
150.73,-23.1,1895,2,"033077",244.4
150.73,-23.1,1895,3,"033077",25.4
150.73,-23.1,1895,4,"033077",113.5
150.73,-23.1,1895,5,"033077",35.3
150.73,-23.1,1895,6,"033077",15.5
150.73,-23.1,1895,7,"033077",40.2
150.73,-23.1,1895,8,"033077",0
150.73,-23.1,1895,9,"033077",44.7
150.73,-23.1,1895,10,"033077",78.8
150.73,-23.1,1895,11,"033077",52.8
150.73,-23.1,1895,12,"033077",72.7
150.73,-23.1,1896,1,"033077",654.8
150.73,-23.1,1896,2,"033077",847.3
150.73,-23.1,1896,3,"033077",42.7
150.73,-23.1,1896,4,"033077",80.5
150.73,-23.1,1896,5,"033077",36
150.73,-23.1,1896,6,"033077",68.6
150.73,-23.1,1896,7,"033077",34.6
150.73,-23.1,1896,8,"033077",27.5
150.73,-23.1,1896,9,"033077",0
150.73,-23.1,1896,10,"033077",13.2
150.73,-23.1,1896,11,"033077",49.3
150.73,-23.1,1896,12,"033077",196.6
150.73,-23.1,1897,1,"033077",99.6
150.73,-23.1,1897,2,"033077",28.3
150.73,-23.1,1897,3,"033077",137.2
150.73,-23.1,1897,4,"033077",14.3
150.73,-23.1,1897,5,"033077",26.9
150.73,-23.1,1897,6,"033077",34.5
150.73,-23.1,1897,7,"033077",75.9
150.73,-23.1,1897,8,"033077",39.7
150.73,-23.1,1897,9,"033077",34.7
150.73,-23.1,1897,10,"033077",131.3
150.73,-23.1,1897,11,"033077",75.4
150.73,-23.1,1897,12,"033077",266
150.73,-23.1,1898,1,"033077",864.1
150.73,-23.1,1898,2,"033077",380.2
150.73,-23.1,1898,3,"033077",438.3
150.73,-23.1,1898,4,"033077",60.6
150.73,-23.1,1898,5,"033077",97.1
150.73,-23.1,1898,6,"033077",40.6
150.73,-23.1,1898,7,"033077",7.4
150.73,-23.1,1898,8,"033077",27.5
150.73,-23.1,1898,9,"033077",75.8
150.73,-23.1,1898,10,"033077",50.8
150.73,-23.1,1898,11,"033077",0
150.73,-23.1,1898,12,"033077",46.6
150.73,-23.1,1899,1,"033077",677.1
150.73,-23.1,1899,2,"033077",256.2
150.73,-23.1,1899,3,"033077",162.8
150.73,-23.1,1899,4,"033077",133.9
150.73,-23.1,1899,5,"033077",167.7
150.73,-23.1,1899,6,"033077",7.6
150.73,-23.1,1899,7,"033077",56.2
150.73,-23.1,1899,8,"033077",37.1
150.73,-23.1,1899,9,"033077",48.6
150.73,-23.1,1899,10,"033077",24.2
150.73,-23.1,1899,11,"033077",35
150.73,-23.1,1899,12,"033077",254
150.73,-23.1,1900,1,"033077",272.4
150.73,-23.1,1900,2,"033077",4.6
150.73,-23.1,1900,3,"033077",83.8
150.73,-23.1,1900,4,"033077",59.7
150.73,-23.1,1900,5,"033077",62
150.73,-23.1,1900,6,"033077",11.7
150.73,-23.1,1900,7,"033077",45.2
150.73,-23.1,1900,8,"033077",23.6
150.73,-23.1,1900,9,"033077",65.8
150.73,-23.1,1900,10,"033077",10.7
150.73,-23.1,1900,11,"033077",10.3
150.73,-23.1,1900,12,"033077",41.6
150.73,-23.1,1901,1,"033077",29.2
150.73,-23.1,1901,2,"033077",264.7
150.73,-23.1,1901,3,"033077",264
150.73,-23.1,1901,4,"033077",102
150.73,-23.1,1901,5,"033077",32.5
150.73,-23.1,1901,6,"033077",5.8
150.73,-23.1,1901,7,"033077",58.5
150.73,-23.1,1901,8,"033077",86.6
150.73,-23.1,1901,9,"033077",43.5
150.73,-23.1,1901,10,"033077",41.1
150.73,-23.1,1901,11,"033077",16.4
150.73,-23.1,1901,12,"033077",3.5
150.73,-23.1,1902,1,"033077",44.7
150.73,-23.1,1902,2,"033077",17.8
150.73,-23.1,1902,3,"033077",23.9
150.73,-23.1,1902,4,"033077",59.6
150.73,-23.1,1902,5,"033077",7.9
150.73,-23.1,1902,6,"033077",0.8
150.73,-23.1,1902,7,"033077",0.3
150.73,-23.1,1902,8,"033077",18.3
150.73,-23.1,1902,9,"033077",0
150.73,-23.1,1902,10,"033077",1.3
150.73,-23.1,1902,11,"033077",1.3
150.73,-23.1,1902,12,"033077",124.9
150.73,-23.1,1903,1,"033077",51.5
150.73,-23.1,1903,2,"033077",46
150.73,-23.1,1903,3,"033077",87.9
150.73,-23.1,1903,4,"033077",67.3
150.73,-23.1,1903,5,"033077",416.9
150.73,-23.1,1903,6,"033077",33
150.73,-23.1,1903,7,"033077",138.9
150.73,-23.1,1903,8,"033077",93.5
150.73,-23.1,1903,9,"033077",0
150.73,-23.1,1903,10,"033077",5.1
150.73,-23.1,1903,11,"033077",366.3
150.73,-23.1,1903,12,"033077",170.2
150.73,-23.1,1904,1,"033077",209.1
150.73,-23.1,1904,2,"033077",44
150.73,-23.1,1904,3,"033077",157.6
150.73,-23.1,1904,4,"033077",788
150.73,-23.1,1904,5,"033077",168.4
150.73,-23.1,1904,6,"033077",48.8
150.73,-23.1,1904,7,"033077",0
150.73,-23.1,1904,8,"033077",0
150.73,-23.1,1904,9,"033077",18.8
150.73,-23.1,1904,10,"033077",74.9
150.73,-23.1,1904,11,"033077",33
150.73,-23.1,1904,12,"033077",256.4
150.73,-23.1,1905,1,"033077",813.9
150.73,-23.1,1905,2,"033077",62.1
150.73,-23.1,1905,3,"033077",43.5
150.73,-23.1,1905,4,"033077",869.6
150.73,-23.1,1905,5,"033077",85.1
150.73,-23.1,1905,6,"033077",41.7
150.73,-23.1,1905,7,"033077",0
150.73,-23.1,1905,8,"033077",35.6
150.73,-23.1,1905,9,"033077",34.6
150.73,-23.1,1905,10,"033077",15
150.73,-23.1,1905,11,"033077",116.8
150.73,-23.1,1905,12,"033077",25
150.73,-23.1,1906,1,"033077",390.7
150.73,-23.1,1906,2,"033077",700.9
150.73,-23.1,1906,3,"033077",238.8
150.73,-23.1,1906,4,"033077",48.3
150.73,-23.1,1906,5,"033077",254.7
150.73,-23.1,1906,6,"033077",136.7
150.73,-23.1,1906,7,"033077",0
150.73,-23.1,1906,8,"033077",76.5
150.73,-23.1,1906,9,"033077",317.7
150.73,-23.1,1906,10,"033077",113
150.73,-23.1,1906,11,"033077",51.3
150.73,-23.1,1906,12,"033077",200.3
150.73,-23.1,1907,1,"033077",191.8
150.73,-23.1,1907,2,"033077",180.4
150.73,-23.1,1907,3,"033077",329.2
150.73,-23.1,1907,4,"033077",100.4
150.73,-23.1,1907,5,"033077",226.4
150.73,-23.1,1907,6,"033077",292.2
150.73,-23.1,1907,7,"033077",81.8
150.73,-23.1,1907,8,"033077",2.5
150.73,-23.1,1907,9,"033077",0
150.73,-23.1,1907,10,"033077",27.9
150.73,-23.1,1907,11,"033077",79.7
150.73,-23.1,1907,12,"033077",153.2
150.73,-23.1,1908,1,"033077",312.9
150.73,-23.1,1908,2,"033077",416.7
150.73,-23.1,1908,3,"033077",640.6
150.73,-23.1,1908,4,"033077",176
150.73,-23.1,1908,5,"033077",27.9
150.73,-23.1,1908,6,"033077",0
150.73,-23.1,1908,7,"033077",129.9
150.73,-23.1,1908,8,"033077",64.5
150.73,-23.1,1908,9,"033077",29.2
150.73,-23.1,1908,10,"033077",110.5
150.73,-23.1,1908,11,"033077",49.2
150.73,-23.1,1908,12,"033077",5.1
150.73,-23.1,1909,1,"033077",405.2
150.73,-23.1,1909,2,"033077",82.5
150.73,-23.1,1909,3,"033077",91.4
150.73,-23.1,1909,4,"033077",38.3
150.73,-23.1,1909,5,"033077",37.5
150.73,-23.1,1909,6,"033077",68.3
150.73,-23.1,1909,7,"033077",143.2
150.73,-23.1,1909,8,"033077",81.2
150.73,-23.1,1909,9,"033077",99.3
150.73,-23.1,1909,10,"033077",72.6
150.73,-23.1,1909,11,"033077",262.6
150.73,-23.1,1909,12,"033077",312.4
150.73,-23.1,1910,1,"033077",715.9
150.73,-23.1,1910,2,"033077",124.6
150.73,-23.1,1910,3,"033077",693.6
150.73,-23.1,1910,4,"033077",126.5
150.73,-23.1,1910,5,"033077",57.4
150.73,-23.1,1910,6,"033077",454.4
150.73,-23.1,1910,7,"033077",73.7
150.73,-23.1,1910,8,"033077",86.4
150.73,-23.1,1910,9,"033077",264.3
150.73,-23.1,1910,10,"033077",55.9
150.73,-23.1,1910,11,"033077",246.4
150.73,-23.1,1910,12,"033077",182.9
150.73,-23.1,1911,1,"033077",815.8
150.73,-23.1,1911,2,"033077",915.9
150.73,-23.1,1911,3,"033077",368.3
150.73,-23.1,1911,4,"033077",111.8
150.73,-23.1,1911,5,"033077",12.7
150.73,-23.1,1911,6,"033077",0
150.73,-23.1,1911,7,"033077",25.4
150.73,-23.1,1911,8,"033077",33
150.73,-23.1,1911,9,"033077",0
150.73,-23.1,1911,10,"033077",62.2
150.73,-23.1,1911,11,"033077",0
150.73,-23.1,1911,12,"033077",0
150.73,-23.1,1912,1,"033077",94
150.73,-23.1,1912,2,"033077",78.7
150.73,-23.1,1912,3,"033077",262.5
150.73,-23.1,1912,4,"033077",18.6
150.73,-23.1,1912,5,"033077",63.5
150.73,-23.1,1912,6,"033077",389.7
150.73,-23.1,1912,7,"033077",129.8
150.73,-23.1,1912,8,"033077",0
150.73,-23.1,1912,9,"033077",0
150.73,-23.1,1912,10,"033077",378.4
150.73,-23.1,1912,11,"033077",54.3
150.73,-23.1,1912,12,"033077",65.6
150.73,-23.1,1913,1,"033077",1184.8
150.73,-23.1,1913,2,"033077",278.2
150.73,-23.1,1913,3,"033077",439.3
150.73,-23.1,1913,4,"033077",101.6
150.73,-23.1,1913,5,"033077",213.4
150.73,-23.1,1913,6,"033077",149.9
150.73,-23.1,1913,7,"033077",5.1
150.73,-23.1,1913,8,"033077",0
150.73,-23.1,1913,9,"033077",0
150.73,-23.1,1913,10,"033077",0
150.73,-23.1,1913,11,"033077",17.2
150.73,-23.1,1913,12,"033077",522.6
150.73,-23.1,1914,1,"033077",251.4
150.73,-23.1,1914,2,"033077",76.2
150.73,-23.1,1914,3,"033077",613.3
150.73,-23.1,1914,4,"033077",114.4
150.73,-23.1,1914,5,"033077",73.6
150.73,-23.1,1914,6,"033077",378.4
150.73,-23.1,1914,7,"033077",0
150.73,-23.1,1914,8,"033077",0
150.73,-23.1,1914,9,"033077",10.1
150.73,-23.1,1914,10,"033077",688.3
150.73,-23.1,1914,11,"033077",38.1
150.73,-23.1,1914,12,"033077",163.4
150.73,-23.1,1915,1,"033077",134.9
150.73,-23.1,1915,2,"033077",473.7
150.73,-23.1,1915,3,"033077",5.1
150.73,-23.1,1915,4,"033077",3.5
150.73,-23.1,1915,5,"033077",57.1
150.73,-23.1,1915,6,"033077",0
150.73,-23.1,1915,7,"033077",0
150.73,-23.1,1915,8,"033077",9.4
150.73,-23.1,1915,9,"033077",10.2
150.73,-23.1,1915,10,"033077",225.2
150.73,-23.1,1915,11,"033077",208.5
150.73,-23.1,1915,12,"033077",99.1
150.73,-23.1,1916,1,"033077",81.3
150.73,-23.1,1916,2,"033077",100.3
150.73,-23.1,1916,3,"033077",156.1
150.73,-23.1,1916,4,"033077",225.8
150.73,-23.1,1916,5,"033077",112.9
150.73,-23.1,1916,6,"033077",43.1
150.73,-23.1,1916,7,"033077",80
150.73,-23.1,1916,8,"033077",99.1
150.73,-23.1,1916,9,"033077",78.7
150.73,-23.1,1916,10,"033077",153.4
150.73,-23.1,1916,11,"033077",99.8
150.73,-23.1,1916,12,"033077",233
150.73,-23.1,1917,1,"033077",290.8
150.73,-23.1,1917,2,"033077",260.6
150.73,-23.1,1917,3,"033077",452.6
150.73,-23.1,1917,4,"033077",0
150.73,-23.1,1917,5,"033077",91.4
150.73,-23.1,1917,6,"033077",0
150.73,-23.1,1917,7,"033077",0
150.73,-23.1,1917,8,"033077",142.5
150.73,-23.1,1917,9,"033077",72.4
150.73,-23.1,1917,10,"033077",50.8
150.73,-23.1,1917,11,"033077",405.1
150.73,-23.1,1917,12,"033077",88.9
150.73,-23.1,1918,1,"033077",732.9
150.73,-23.1,1918,2,"033077",248.9
150.73,-23.1,1918,3,"033077",76.2
150.73,-23.1,1918,4,"033077",184.9
150.73,-23.1,1918,5,"033077",139.7
150.73,-23.1,1918,6,"033077",0.5
150.73,-23.1,1918,7,"033077",0
150.73,-23.1,1918,8,"033077",1.6
150.73,-23.1,1918,9,"033077",14.5
150.73,-23.1,1918,10,"033077",0
150.73,-23.1,1918,11,"033077",8.9
150.73,-23.1,1918,12,"033077",27.9
150.73,-23.1,1919,1,"033077",17.5
150.73,-23.1,1919,2,"033077",58.9
150.73,-23.1,1919,3,"033077",162.9
150.73,-23.1,1919,4,"033077",186.4
150.73,-23.1,1919,5,"033077",370.1
150.73,-23.1,1919,6,"033077",50.8
150.73,-23.1,1919,7,"033077",0
150.73,-23.1,1919,8,"033077",12.7
150.73,-23.1,1919,9,"033077",12.7
150.73,-23.1,1919,10,"033077",5.1
150.73,-23.1,1919,11,"033077",30.5
150.73,-23.1,1919,12,"033077",5.1
150.73,-23.1,1920,1,"033077",428.1
150.73,-23.1,1920,2,"033077",12.7
150.73,-23.1,1920,3,"033077",40.4
150.73,-23.1,1920,4,"033077",80.8
150.73,-23.1,1920,5,"033077",127.6
150.73,-23.1,1920,6,"033077",17.3
150.73,-23.1,1920,7,"033077",0
150.73,-23.1,1920,8,"033077",25.6
150.73,-23.1,1920,9,"033077",19.6
150.73,-23.1,1920,10,"033077",91.2
150.73,-23.1,1920,11,"033077",78.6
150.73,-23.1,1920,12,"033077",22.6
150.73,-23.1,1921,1,"033077",396.1
150.73,-23.1,1921,2,"033077",170.7
150.73,-23.1,1921,3,"033077",272.8
150.73,-23.1,1921,4,"033077",66.7
150.73,-23.1,1921,5,"033077",55.7
150.73,-23.1,1921,6,"033077",243.8
150.73,-23.1,1921,7,"033077",152.9
150.73,-23.1,1921,8,"033077",69.5
150.73,-23.1,1921,9,"033077",46.7
150.73,-23.1,1921,10,"033077",61.7
150.73,-23.1,1921,11,"033077",0
150.73,-23.1,1921,12,"033077",620.9
150.73,-23.1,1922,1,"033077",62
150.73,-23.1,1922,2,"033077",369.3
150.73,-23.1,1922,3,"033077",85.8
150.73,-23.1,1922,4,"033077",60.2
150.73,-23.1,1922,5,"033077",15.3
150.73,-23.1,1922,6,"033077",45
150.73,-23.1,1922,7,"033077",96.2
150.73,-23.1,1922,8,"033077",19.6
150.73,-23.1,1922,9,"033077",2.3
150.73,-23.1,1922,10,"033077",32.8
150.73,-23.1,1922,11,"033077",22.8
150.73,-23.1,1922,12,"033077",81.8
150.73,-23.1,1923,1,"033077",261.3
150.73,-23.1,1923,2,"033077",7.6
150.73,-23.1,1923,3,"033077",65.9
150.73,-23.1,1923,4,"033077",116
150.73,-23.1,1923,5,"033077",0
150.73,-23.1,1923,6,"033077",111.2
150.73,-23.1,1923,7,"033077",5.6
150.73,-23.1,1923,8,"033077",11.3
150.73,-23.1,1923,9,"033077",6.4
150.73,-23.1,1923,10,"033077",2.3
150.73,-23.1,1923,11,"033077",40.9
150.73,-23.1,1923,12,"033077",111.8
150.73,-23.1,1924,1,"033077",43.1
150.73,-23.1,1924,2,"033077",408.6
150.73,-23.1,1924,3,"033077",80.5
150.73,-23.1,1924,4,"033077",242.6
150.73,-23.1,1924,5,"033077",43.3
150.73,-23.1,1924,6,"033077",55.1
150.73,-23.1,1924,7,"033077",119.9
150.73,-23.1,1924,8,"033077",15.2
150.73,-23.1,1924,9,"033077",22.1
150.73,-23.1,1924,10,"033077",71.3
150.73,-23.1,1924,11,"033077",37.1
150.73,-23.1,1924,12,"033077",207.7
150.73,-23.1,1925,1,"033077",114.6
150.73,-23.1,1925,2,"033077",103.7
150.73,-23.1,1925,3,"033077",153.2
150.73,-23.1,1925,4,"033077",38.3
150.73,-23.1,1925,5,"033077",4.8
150.73,-23.1,1925,6,"033077",107.1
150.73,-23.1,1925,7,"033077",3.8
150.73,-23.1,1925,8,"033077",74
150.73,-23.1,1925,9,"033077",25.7
150.73,-23.1,1925,10,"033077",1.3
150.73,-23.1,1925,11,"033077",50.5
150.73,-23.1,1925,12,"033077",74.9
150.73,-23.1,1926,1,"033077",107.9
150.73,-23.1,1926,2,"033077",49.2
150.73,-23.1,1926,3,"033077",93.2
150.73,-23.1,1926,4,"033077",25.9
150.73,-23.1,1926,5,"033077",11.7
150.73,-23.1,1926,6,"033077",14
150.73,-23.1,1926,7,"033077",0
150.73,-23.1,1926,8,"033077",4.6
150.73,-23.1,1926,9,"033077",167.1
150.73,-23.1,1926,10,"033077",21.1
150.73,-23.1,1926,11,"033077",0
150.73,-23.1,1926,12,"033077",119.9
150.73,-23.1,1927,1,"033077",215.2
150.73,-23.1,1927,2,"033077",115.9
150.73,-23.1,1927,3,"033077",235
150.73,-23.1,1927,4,"033077",80.8
150.73,-23.1,1927,5,"033077",0
150.73,-23.1,1927,6,"033077",103.8
150.73,-23.1,1927,7,"033077",64.2
150.73,-23.1,1927,8,"033077",20.6
150.73,-23.1,1927,9,"033077",79.5
150.73,-23.1,1927,10,"033077",68.1
150.73,-23.1,1927,11,"033077",132.6
150.73,-23.1,1927,12,"033077",200.3
150.73,-23.1,1928,1,"033077",78.2
150.73,-23.1,1928,2,"033077",413.5
150.73,-23.1,1928,3,"033077",99.1
150.73,-23.1,1928,4,"033077",391.1
150.73,-23.1,1928,5,"033077",31.4
150.73,-23.1,1928,6,"033077",40.5
150.73,-23.1,1928,7,"033077",18.6
150.73,-23.1,1928,8,"033077",0
150.73,-23.1,1928,9,"033077",0
150.73,-23.1,1928,10,"033077",22.9
150.73,-23.1,1928,11,"033077",48.4
150.73,-23.1,1928,12,"033077",123.3
150.73,-23.1,1929,1,"033077",45.8
150.73,-23.1,1929,2,"033077",731.9
150.73,-23.1,1929,3,"033077",115.7
150.73,-23.1,1929,4,"033077",257.6
150.73,-23.1,1929,5,"033077",0.3
150.73,-23.1,1929,6,"033077",202.7
150.73,-23.1,1929,7,"033077",0
150.73,-23.1,1929,8,"033077",8.9
150.73,-23.1,1929,9,"033077",6.1
150.73,-23.1,1929,10,"033077",25.7
150.73,-23.1,1929,11,"033077",25.8
150.73,-23.1,1929,12,"033077",13
150.73,-23.1,1930,1,"033077",751.9
150.73,-23.1,1930,2,"033077",110.6
150.73,-23.1,1930,3,"033077",79.6
150.73,-23.1,1930,4,"033077",33.3
150.73,-23.1,1930,5,"033077",134.9
150.73,-23.1,1930,6,"033077",280.2
150.73,-23.1,1930,7,"033077",66
150.73,-23.1,1930,8,"033077",33.1
150.73,-23.1,1930,9,"033077",5.8
150.73,-23.1,1930,10,"033077",5.1
150.73,-23.1,1930,11,"033077",15.5
150.73,-23.1,1930,12,"033077",105.1
150.73,-23.1,1931,1,"033077",66
150.73,-23.1,1931,2,"033077",406.4
150.73,-23.1,1931,3,"033077",97.2
150.73,-23.1,1931,4,"033077",26.2
150.73,-23.1,1931,5,"033077",77.3
150.73,-23.1,1931,6,"033077",19.8
150.73,-23.1,1931,7,"033077",21.8
150.73,-23.1,1931,8,"033077",6.8
150.73,-23.1,1931,9,"033077",91.7
150.73,-23.1,1931,10,"033077",0
150.73,-23.1,1931,11,"033077",92.8
150.73,-23.1,1931,12,"033077",192.2
150.73,-23.1,1932,1,"033077",76.8
150.73,-23.1,1932,2,"033077",109.2
150.73,-23.1,1932,3,"033077",10.2
150.73,-23.1,1932,4,"033077",39.9
150.73,-23.1,1932,5,"033077",106.1
150.73,-23.1,1932,6,"033077",57.1
150.73,-23.1,1932,7,"033077",11.5
150.73,-23.1,1932,8,"033077",3.1
150.73,-23.1,1932,9,"033077",14.7
150.73,-23.1,1932,10,"033077",48.3
150.73,-23.1,1932,11,"033077",29.5
150.73,-23.1,1932,12,"033077",84.2
150.73,-23.1,1933,1,"033077",255.5
150.73,-23.1,1933,2,"033077",48.1
150.73,-23.1,1933,3,"033077",24.4
150.73,-23.1,1933,4,"033077",70.4
150.73,-23.1,1933,5,"033077",4.6
150.73,-23.1,1933,6,"033077",49.9
150.73,-23.1,1933,7,"033077",327.7
150.73,-23.1,1933,8,"033077",48.2
150.73,-23.1,1933,9,"033077",21.9
150.73,-23.1,1933,10,"033077",93.5
150.73,-23.1,1933,11,"033077",115.2
150.73,-23.1,1933,12,"033077",277
150.73,-23.1,1934,1,"033077",50.4
150.73,-23.1,1934,2,"033077",386.2
150.73,-23.1,1934,3,"033077",48.9
150.73,-23.1,1934,4,"033077",49.9
150.73,-23.1,1934,5,"033077",43.7
150.73,-23.1,1934,6,"033077",49.8
150.73,-23.1,1934,7,"033077",14.8
150.73,-23.1,1934,8,"033077",0
150.73,-23.1,1934,9,"033077",19.9
150.73,-23.1,1934,10,"033077",60.2
150.73,-23.1,1934,11,"033077",232.9
150.73,-23.1,1934,12,"033077",183.5
150.73,-23.1,1935,1,"033077",88.4
150.73,-23.1,1935,2,"033077",216.5
150.73,-23.1,1935,3,"033077",59.5
150.73,-23.1,1935,4,"033077",52.8
150.73,-23.1,1935,5,"033077",57.8
150.73,-23.1,1935,6,"033077",18.4
150.73,-23.1,1935,7,"033077",110.2
150.73,-23.1,1935,8,"033077",33.8
150.73,-23.1,1935,9,"033077",72.8
150.73,-23.1,1935,10,"033077",8.6
150.73,-23.1,1935,11,"033077",14.8
150.73,-23.1,1935,12,"033077",86.4
150.73,-23.1,1936,1,"033077",86.5
150.73,-23.1,1936,2,"033077",252.8
150.73,-23.1,1936,3,"033077",347.7
150.73,-23.1,1936,4,"033077",4.8
150.73,-23.1,1936,5,"033077",43.1
150.73,-23.1,1936,6,"033077",179.3
150.73,-23.1,1936,7,"033077",28.4
150.73,-23.1,1936,8,"033077",0
150.73,-23.1,1936,9,"033077",13
150.73,-23.1,1936,10,"033077",27.2
150.73,-23.1,1936,11,"033077",47.9
150.73,-23.1,1936,12,"033077",58.5
150.73,-23.1,1937,1,"033077",39.3
150.73,-23.1,1937,2,"033077",390.6
150.73,-23.1,1937,3,"033077",287.8
150.73,-23.1,1937,4,"033077",12.2
150.73,-23.1,1937,5,"033077",11.4
150.73,-23.1,1937,6,"033077",33.3
150.73,-23.1,1937,7,"033077",25
150.73,-23.1,1937,8,"033077",13.5
150.73,-23.1,1937,9,"033077",15.7
150.73,-23.1,1937,10,"033077",43.2
150.73,-23.1,1937,11,"033077",99.4
150.73,-23.1,1937,12,"033077",116.1
150.73,-23.1,1938,1,"033077",71.3
150.73,-23.1,1938,2,"033077",88.7
150.73,-23.1,1938,3,"033077",239.6
150.73,-23.1,1938,4,"033077",112
150.73,-23.1,1938,5,"033077",119.1
150.73,-23.1,1938,6,"033077",52.3
150.73,-23.1,1938,7,"033077",68.8
150.73,-23.1,1938,8,"033077",41.4
150.73,-23.1,1938,9,"033077",6.6
150.73,-23.1,1938,10,"033077",41.3
150.73,-23.1,1938,11,"033077",68
150.73,-23.1,1938,12,"033077",38.4
150.73,-23.1,1939,1,"033077",169.3
150.73,-23.1,1939,2,"033077",184.8
150.73,-23.1,1939,3,"033077",288.1
150.73,-23.1,1939,4,"033077",84.5
150.73,-23.1,1939,5,"033077",89.1
150.73,-23.1,1939,6,"033077",172.2
150.73,-23.1,1939,7,"033077",18.8
150.73,-23.1,1939,8,"033077",39.4
150.73,-23.1,1939,9,"033077",4.8
150.73,-23.1,1939,10,"033077",87.6
150.73,-23.1,1939,11,"033077",67
150.73,-23.1,1939,12,"033077",140.2
150.73,-23.1,1940,1,"033077",74.3
150.73,-23.1,1940,2,"033077",403
150.73,-23.1,1940,3,"033077",134.2
150.73,-23.1,1940,4,"033077",49.9
150.73,-23.1,1940,5,"033077",19.2
150.73,-23.1,1940,6,"033077",5.3
150.73,-23.1,1940,7,"033077",8.9
150.73,-23.1,1940,8,"033077",47.7
150.73,-23.1,1940,9,"033077",18.4
150.73,-23.1,1940,10,"033077",24.5
150.73,-23.1,1940,11,"033077",25.3
150.73,-23.1,1940,12,"033077",107.3
150.73,-23.1,1941,1,"033077",250.5
150.73,-23.1,1941,2,"033077",99.2
150.73,-23.1,1941,3,"033077",169
150.73,-23.1,1941,4,"033077",150
150.73,-23.1,1941,5,"033077",62.7
150.73,-23.1,1941,6,"033077",82.2
150.73,-23.1,1941,7,"033077",2.8
150.73,-23.1,1941,8,"033077",2.3
150.73,-23.1,1941,9,"033077",0.3
150.73,-23.1,1941,10,"033077",11.2
150.73,-23.1,1941,11,"033077",50.4
150.73,-23.1,1941,12,"033077",109.6
150.73,-23.1,1942,1,"033077",423.4
150.73,-23.1,1942,2,"033077",418.8
150.73,-23.1,1942,3,"033077",70.2
150.73,-23.1,1942,4,"033077",232.2
150.73,-23.1,1942,5,"033077",74
150.73,-23.1,1942,6,"033077",87.8
150.73,-23.1,1942,7,"033077",91.2
150.73,-23.1,1942,8,"033077",8.7
150.73,-23.1,1942,9,"033077",32.6
150.73,-23.1,1942,10,"033077",34.7
150.73,-23.1,1942,11,"033077",25.5
150.73,-23.1,1942,12,"033077",140.6
150.73,-23.1,1943,1,"033077",231.2
150.73,-23.1,1943,2,"033077",495.7
150.73,-23.1,1943,3,"033077",39.2
150.73,-23.1,1943,4,"033077",37.1
150.73,-23.1,1943,5,"033077",126.5
150.73,-23.1,1943,6,"033077",56.1
150.73,-23.1,1943,7,"033077",1.3
150.73,-23.1,1943,8,"033077",22.9
150.73,-23.1,1943,9,"033077",82
150.73,-23.1,1943,10,"033077",217.1
150.73,-23.1,1943,11,"033077",31.6
150.73,-23.1,1943,12,"033077",61.1
150.73,-23.1,1944,1,"033077",80.6
150.73,-23.1,1944,2,"033077",394
150.73,-23.1,1944,3,"033077",143.4
150.73,-23.1,1944,4,"033077",4.8
150.73,-23.1,1944,5,"033077",43.9
150.73,-23.1,1944,6,"033077",41.1
150.73,-23.1,1944,7,"033077",65.9
150.73,-23.1,1944,8,"033077",40.5
150.73,-23.1,1944,9,"033077",17.3
150.73,-23.1,1944,10,"033077",9.2
150.73,-23.1,1944,11,"033077",1.8
150.73,-23.1,1944,12,"033077",215.1
150.73,-23.1,1945,1,"033077",93
150.73,-23.1,1945,2,"033077",93.8
150.73,-23.1,1945,3,"033077",56.5
150.73,-23.1,1945,4,"033077",33.5
150.73,-23.1,1945,5,"033077",41.1
150.73,-23.1,1945,6,"033077",41.7
150.73,-23.1,1945,7,"033077",180.1
150.73,-23.1,1945,8,"033077",6.4
150.73,-23.1,1945,9,"033077",58.8
150.73,-23.1,1945,10,"033077",44.2
150.73,-23.1,1945,11,"033077",29.7
150.73,-23.1,1945,12,"033077",101.1
150.73,-23.1,1946,1,"033077",327.4
150.73,-23.1,1946,2,"033077",112.5
150.73,-23.1,1946,3,"033077",211.6
150.73,-23.1,1946,4,"033077",9.8
150.73,-23.1,1946,5,"033077",12.4
150.73,-23.1,1946,6,"033077",0
150.73,-23.1,1946,7,"033077",4.6
150.73,-23.1,1946,8,"033077",0
150.73,-23.1,1946,9,"033077",26.9
150.73,-23.1,1946,10,"033077",19
150.73,-23.1,1946,11,"033077",79.9
150.73,-23.1,1946,12,"033077",30.6
150.73,-23.1,1947,1,"033077",2.1
150.73,-23.1,1947,2,"033077",449.8
150.73,-23.1,1947,3,"033077",160.7
150.73,-23.1,1947,4,"033077",19.1
150.73,-23.1,1947,5,"033077",107.8
150.73,-23.1,1947,6,"033077",0
150.73,-23.1,1947,7,"033077",4.3
150.73,-23.1,1947,8,"033077",42.1
150.73,-23.1,1947,9,"033077",69
150.73,-23.1,1947,10,"033077",21.3
150.73,-23.1,1947,11,"033077",97.7
150.73,-23.1,1947,12,"033077",83.2
150.73,-23.1,1948,1,"033077",77
150.73,-23.1,1948,2,"033077",91.5
150.73,-23.1,1948,3,"033077",115.1
150.73,-23.1,1948,4,"033077",93.4
150.73,-23.1,1948,5,"033077",121.9
150.73,-23.1,1948,6,"033077",108.3
150.73,-23.1,1948,7,"033077",20.6
150.73,-23.1,1948,8,"033077",6.6
150.73,-23.1,1948,9,"033077",16.8
150.73,-23.1,1948,10,"033077",8.2
150.73,-23.1,1948,11,"033077",0.8
150.73,-23.1,1948,12,"033077",157.9
150.73,-23.1,1949,1,"033077",185.3
150.73,-23.1,1949,2,"033077",247
150.73,-23.1,1949,3,"033077",636.4
150.73,-23.1,1949,4,"033077",29.2
150.73,-23.1,1949,5,"033077",20.6
150.73,-23.1,1949,6,"033077",9.9
150.73,-23.1,1949,7,"033077",11.6
150.73,-23.1,1949,8,"033077",5.6
150.73,-23.1,1949,9,"033077",11
150.73,-23.1,1949,10,"033077",201.2
150.73,-23.1,1949,11,"033077",148.4
150.73,-23.1,1949,12,"033077",20.7
150.73,-23.1,1950,1,"033077",121.7
150.73,-23.1,1950,2,"033077",319.3
150.73,-23.1,1950,3,"033077",271.8
150.73,-23.1,1950,4,"033077",110.8
150.73,-23.1,1950,5,"033077",58.4
150.73,-23.1,1950,6,"033077",139.8
150.73,-23.1,1950,7,"033077",198.3
150.73,-23.1,1950,8,"033077",15
150.73,-23.1,1950,9,"033077",3.8
150.73,-23.1,1950,10,"033077",117.1
150.73,-23.1,1950,11,"033077",165.8
150.73,-23.1,1950,12,"033077",100.6
150.73,-23.1,1951,1,"033077",779.6
150.73,-23.1,1951,2,"033077",93
150.73,-23.1,1951,3,"033077",49.6
150.73,-23.1,1951,4,"033077",5.6
150.73,-23.1,1951,5,"033077",9.2
150.73,-23.1,1951,6,"033077",17.6
150.73,-23.1,1951,7,"033077",15.2
150.73,-23.1,1951,8,"033077",5.6
150.73,-23.1,1951,9,"033077",25.2
150.73,-23.1,1951,10,"033077",13.7
150.73,-23.1,1951,11,"033077",0
150.73,-23.1,1951,12,"033077",112.5
150.73,-23.1,1952,1,"033077",205.4
150.73,-23.1,1952,2,"033077",147.9
150.73,-23.1,1952,3,"033077",129.4
150.73,-23.1,1952,4,"033077",70.6
150.73,-23.1,1952,5,"033077",49.3
150.73,-23.1,1952,6,"033077",100.7
150.73,-23.1,1952,7,"033077",11.2
150.73,-23.1,1952,8,"033077",24.9
150.73,-23.1,1952,9,"033077",62.5
150.73,-23.1,1952,10,"033077",122.4
150.73,-23.1,1952,11,"033077",47.2
150.73,-23.1,1952,12,"033077",147.7
150.73,-23.1,1953,1,"033077",330.7
150.73,-23.1,1953,2,"033077",154.3
150.73,-23.1,1953,3,"033077",144.3
150.73,-23.1,1953,4,"033077",38.6
150.73,-23.1,1953,5,"033077",7.1
150.73,-23.1,1953,6,"033077",11.4
150.73,-23.1,1953,7,"033077",1.3
150.73,-23.1,1953,8,"033077",63.2
150.73,-23.1,1953,9,"033077",3.3
150.73,-23.1,1953,10,"033077",69.9
150.73,-23.1,1953,11,"033077",11
150.73,-23.1,1953,12,"033077",59.7
150.73,-23.1,1954,1,"033077",382.2
150.73,-23.1,1954,2,"033077",298.4
150.73,-23.1,1954,3,"033077",22.3
150.73,-23.1,1954,4,"033077",110.5
150.73,-23.1,1954,5,"033077",10.7
150.73,-23.1,1954,6,"033077",24.8
150.73,-23.1,1954,7,"033077",83.5
150.73,-23.1,1954,8,"033077",49
150.73,-23.1,1954,9,"033077",21.6
150.73,-23.1,1954,10,"033077",58.5
150.73,-23.1,1954,11,"033077",71.6
150.73,-23.1,1954,12,"033077",26.2
150.73,-23.1,1955,1,"033077",90.2
150.73,-23.1,1955,2,"033077",539.2
150.73,-23.1,1955,3,"033077",251.2
150.73,-23.1,1955,4,"033077",144.5
150.73,-23.1,1955,5,"033077",258.2
150.73,-23.1,1955,6,"033077",21.6
150.73,-23.1,1955,7,"033077",26.4
150.73,-23.1,1955,8,"033077",10.7
150.73,-23.1,1955,9,"033077",25.9
150.73,-23.1,1955,10,"033077",41.5
150.73,-23.1,1955,11,"033077",37.9
150.73,-23.1,1955,12,"033077",154.1
150.73,-23.1,1956,1,"033077",156.8
150.73,-23.1,1956,2,"033077",527.2
150.73,-23.1,1956,3,"033077",802.2
150.73,-23.1,1956,4,"033077",87.1
150.73,-23.1,1956,5,"033077",50.2
150.73,-23.1,1956,6,"033077",180.4
150.73,-23.1,1956,7,"033077",41.2
150.73,-23.1,1956,8,"033077",31.7
150.73,-23.1,1956,9,"033077",7.4
150.73,-23.1,1956,10,"033077",19.3
150.73,-23.1,1956,11,"033077",107.4
150.73,-23.1,1956,12,"033077",429
150.73,-23.1,1957,1,"033077",127
150.73,-23.1,1957,2,"033077",97.6
150.73,-23.1,1957,3,"033077",10.6
150.73,-23.1,1957,4,"033077",10.9
150.73,-23.1,1957,5,"033077",1.3
150.73,-23.1,1957,6,"033077",39.9
150.73,-23.1,1957,7,"033077",69.4
150.73,-23.1,1957,8,"033077",74.2
150.73,-23.1,1957,9,"033077",0
150.73,-23.1,1957,10,"033077",11.9
150.73,-23.1,1957,11,"033077",71.8
150.73,-23.1,1957,12,"033077",3
150.73,-23.1,1958,1,"033077",99.5
150.73,-23.1,1958,2,"033077",270.7
150.73,-23.1,1958,3,"033077",157.3
150.73,-23.1,1958,4,"033077",141
150.73,-23.1,1958,5,"033077",25.6
150.73,-23.1,1958,6,"033077",219.7
150.73,-23.1,1958,7,"033077",3.8
150.73,-23.1,1958,8,"033077",16.5
150.73,-23.1,1958,9,"033077",11.9
150.73,-23.1,1958,10,"033077",6.6
150.73,-23.1,1958,11,"033077",31.6
150.73,-23.1,1958,12,"033077",150.7
150.73,-23.1,1959,1,"033077",350.8
150.73,-23.1,1959,2,"033077",101.4
150.73,-23.1,1959,3,"033077",117.3
150.73,-23.1,1959,4,"033077",78.3
150.73,-23.1,1959,5,"033077",35.2
150.73,-23.1,1959,6,"033077",22.4
150.73,-23.1,1959,7,"033077",33.9
150.73,-23.1,1959,8,"033077",9.9
150.73,-23.1,1959,9,"033077",22.4
150.73,-23.1,1959,10,"033077",76.2
150.73,-23.1,1959,11,"033077",88.1
150.73,-23.1,1959,12,"033077",128.2
150.73,-23.1,1960,1,"033077",346.2
150.73,-23.1,1960,2,"033077",245.1
150.73,-23.1,1960,3,"033077",7.1
150.73,-23.1,1960,4,"033077",157.2
150.73,-23.1,1960,5,"033077",160.3
150.73,-23.1,1960,6,"033077",11.7
150.73,-23.1,1960,7,"033077",9.3
150.73,-23.1,1960,8,"033077",7.7
150.73,-23.1,1960,9,"033077",3.8
150.73,-23.1,1960,10,"033077",71.9
150.73,-23.1,1960,11,"033077",27.7
150.73,-23.1,1960,12,"033077",54
150.73,-23.1,1961,1,"033077",150.2
150.73,-23.1,1961,2,"033077",564.5
150.73,-23.1,1961,3,"033077",137.7
150.73,-23.1,1961,4,"033077",100.6
150.73,-23.1,1961,5,"033077",60.8
150.73,-23.1,1961,6,"033077",82.3
150.73,-23.1,1961,7,"033077",16.6
150.73,-23.1,1961,8,"033077",39.7
150.73,-23.1,1961,9,"033077",1.3
150.73,-23.1,1961,10,"033077",10.3
150.73,-23.1,1961,11,"033077",156
150.73,-23.1,1961,12,"033077",89.2
150.73,-23.1,1962,1,"033077",164.9
150.73,-23.1,1962,2,"033077",49.2
150.73,-23.1,1962,3,"033077",204.2
150.73,-23.1,1962,4,"033077",235.1
150.73,-23.1,1962,5,"033077",86.1
150.73,-23.1,1962,6,"033077",12.7
150.73,-23.1,1962,7,"033077",18.7
150.73,-23.1,1962,8,"033077",0.8
150.73,-23.1,1962,9,"033077",3.3
150.73,-23.1,1962,10,"033077",2.3
150.73,-23.1,1962,11,"033077",85.4
150.73,-23.1,1962,12,"033077",461.2
150.73,-23.1,1963,1,"033077",292.4
150.73,-23.1,1963,2,"033077",79.5
150.73,-23.1,1963,3,"033077",301.1
150.73,-23.1,1963,4,"033077",64.2
150.73,-23.1,1963,5,"033077",46.6
150.73,-23.1,1963,6,"033077",4.1
150.73,-23.1,1963,7,"033077",6.1
150.73,-23.1,1963,8,"033077",50.2
150.73,-23.1,1963,9,"033077",0
150.73,-23.1,1963,10,"033077",87.9
150.73,-23.1,1963,11,"033077",57.7
150.73,-23.1,1963,12,"033077",61.9
150.73,-23.1,1964,1,"033077",43.7
150.73,-23.1,1964,2,"033077",85.7
150.73,-23.1,1964,3,"033077",183.7
150.73,-23.1,1964,4,"033077",61.7
150.73,-23.1,1964,5,"033077",53.1
150.73,-23.1,1964,6,"033077",34.6
150.73,-23.1,1964,7,"033077",173.5
150.73,-23.1,1964,8,"033077",61.7
150.73,-23.1,1964,9,"033077",79.3
150.73,-23.1,1964,10,"033077",73.8
150.73,-23.1,1964,11,"033077",85.3
150.73,-23.1,1964,12,"033077",87.6
150.73,-23.1,1965,1,"033077",25.7
150.73,-23.1,1965,2,"033077",17.6
150.73,-23.1,1965,3,"033077",123.4
150.73,-23.1,1965,4,"033077",144.6
150.73,-23.1,1965,5,"033077",120.4
150.73,-23.1,1965,6,"033077",35.9
150.73,-23.1,1965,7,"033077",2.8
150.73,-23.1,1965,8,"033077",23.6
150.73,-23.1,1965,9,"033077",21.5
150.73,-23.1,1965,10,"033077",28.9
150.73,-23.1,1965,11,"033077",22.1
150.73,-23.1,1965,12,"033077",183.8
150.73,-23.1,1966,1,"033077",184.8
150.73,-23.1,1966,2,"033077",273.2
150.73,-23.1,1966,3,"033077",47.5
150.73,-23.1,1966,4,"033077",91.1
150.73,-23.1,1966,5,"033077",22.8
150.73,-23.1,1966,6,"033077",88.1
150.73,-23.1,1966,7,"033077",69.1
150.73,-23.1,1966,8,"033077",83
150.73,-23.1,1966,9,"033077",73
150.73,-23.1,1966,10,"033077",26.8
150.73,-23.1,1966,11,"033077",53.4
150.73,-23.1,1966,12,"033077",63.9
150.73,-23.1,1967,1,"033077",174.8
150.73,-23.1,1967,2,"033077",80.7
150.73,-23.1,1967,3,"033077",114.8
150.73,-23.1,1967,4,"033077",33.3
150.73,-23.1,1967,5,"033077",145.7
150.73,-23.1,1967,6,"033077",298.1
150.73,-23.1,1967,7,"033077",45.7
150.73,-23.1,1967,8,"033077",14.7
150.73,-23.1,1967,9,"033077",2
150.73,-23.1,1967,10,"033077",21.3
150.73,-23.1,1967,11,"033077",90.7
150.73,-23.1,1967,12,"033077",192.6
150.73,-23.1,1968,1,"033077",115.6
150.73,-23.1,1968,2,"033077",408.8
150.73,-23.1,1968,3,"033077",304.2
150.73,-23.1,1968,4,"033077",33.2
150.73,-23.1,1968,5,"033077",63.6
150.73,-23.1,1968,6,"033077",0
150.73,-23.1,1968,7,"033077",29.6
150.73,-23.1,1968,8,"033077",7.6
150.73,-23.1,1968,9,"033077",25.2
150.73,-23.1,1968,10,"033077",36.4
150.73,-23.1,1968,11,"033077",42.8
150.73,-23.1,1968,12,"033077",91
150.73,-23.1,1969,1,"033077",23.1
150.73,-23.1,1969,2,"033077",166
150.73,-23.1,1969,3,"033077",355.9
150.73,-23.1,1969,4,"033077",28.4
150.73,-23.1,1969,5,"033077",115.6
150.73,-23.1,1969,6,"033077",20.6
150.73,-23.1,1969,7,"033077",45.2
150.73,-23.1,1969,8,"033077",30.3
150.73,-23.1,1969,9,"033077",10.2
150.73,-23.1,1969,10,"033077",174.6
150.73,-23.1,1969,11,"033077",37.6
150.73,-23.1,1969,12,"033077",397.4
150.73,-23.1,1970,1,"033077",88.3
150.73,-23.1,1970,2,"033077",131.1
150.73,-23.1,1970,3,"033077",88.9
150.73,-23.1,1970,4,"033077",72.7
150.73,-23.1,1970,5,"033077",13.7
150.73,-23.1,1970,6,"033077",18
150.73,-23.1,1970,7,"033077",2
150.73,-23.1,1970,8,"033077",20.4
150.73,-23.1,1970,9,"033077",63.1
150.73,-23.1,1970,10,"033077",4.6
150.73,-23.1,1970,11,"033077",196.8
150.73,-23.1,1970,12,"033077",251.9
150.73,-23.1,1971,1,"033077",309.2
150.73,-23.1,1971,2,"033077",609.2
150.73,-23.1,1971,3,"033077",91.9
150.73,-23.1,1971,4,"033077",64.2
150.73,-23.1,1971,5,"033077",56.6
150.73,-23.1,1971,6,"033077",41.9
150.73,-23.1,1971,7,"033077",73.5
150.73,-23.1,1971,8,"033077",52.4
150.73,-23.1,1971,9,"033077",9.2
150.73,-23.1,1971,10,"033077",71.4
150.73,-23.1,1971,11,"033077",181.9
150.73,-23.1,1971,12,"033077",193.8
150.73,-23.1,1972,1,"033077",193.7
150.73,-23.1,1972,2,"033077",286.9
150.73,-23.1,1972,3,"033077",50.3
150.73,-23.1,1972,4,"033077",27.6
150.73,-23.1,1972,5,"033077",148.1
150.73,-23.1,1972,6,"033077",27.4
150.73,-23.1,1972,7,"033077",3.3
150.73,-23.1,1972,8,"033077",1.3
150.73,-23.1,1972,9,"033077",7.1
150.73,-23.1,1972,10,"033077",14.7
150.73,-23.1,1972,11,"033077",170.7
150.73,-23.1,1972,12,"033077",34.8
150.73,-23.1,1973,1,"033077",280.8
150.73,-23.1,1973,2,"033077",374.8
150.73,-23.1,1973,3,"033077",96.4
150.73,-23.1,1973,4,"033077",124.7
150.73,-23.1,1973,5,"033077",101.6
150.73,-23.1,1973,6,"033077",43.5
150.73,-23.1,1973,7,"033077",162.9
150.73,-23.1,1973,8,"033077",33
150.73,-23.1,1973,9,"033077",45.1
150.73,-23.1,1973,10,"033077",30.3
150.73,-23.1,1973,11,"033077",131
150.73,-23.1,1973,12,"033077",587.4
150.73,-23.1,1974,1,"033077",941
150.73,-23.1,1974,2,"033077",155
150.73,-23.1,1974,3,"033077",126
150.73,-23.1,1974,4,"033077",39
150.73,-23.1,1974,5,"033077",54.4
150.73,-23.1,1974,6,"033077",0
150.73,-23.1,1974,7,"033077",0
150.73,-23.1,1974,8,"033077",92
150.73,-23.1,1974,9,"033077",32
150.73,-23.1,1974,10,"033077",58
150.73,-23.1,1974,11,"033077",98.4
150.73,-23.1,1974,12,"033077",106.4
150.73,-23.1,1975,1,"033077",178
150.73,-23.1,1975,2,"033077",179
150.73,-23.1,1975,3,"033077",99
150.73,-23.1,1975,4,"033077",112.1
150.73,-23.1,1975,5,"033077",10
150.73,-23.1,1975,6,"033077",49.8
150.73,-23.1,1975,7,"033077",31.6
150.73,-23.1,1975,8,"033077",20
150.73,-23.1,1975,9,"033077",73.4
150.73,-23.1,1975,10,"033077",128.2
150.73,-23.1,1975,11,"033077",78.8
150.73,-23.1,1975,12,"033077",340.8
150.73,-23.1,1976,1,"033077",163
150.73,-23.1,1976,2,"033077",302.8
150.73,-23.1,1976,3,"033077",438
150.73,-23.1,1976,4,"033077",82.2
150.73,-23.1,1976,5,"033077",20.4
150.73,-23.1,1976,6,"033077",107.2
150.73,-23.1,1976,7,"033077",49.8
150.73,-23.1,1976,8,"033077",1.6
150.73,-23.1,1976,9,"033077",21.6
150.73,-23.1,1976,10,"033077",55.1
150.73,-23.1,1976,11,"033077",116.6
150.73,-23.1,1976,12,"033077",231.6
150.73,-23.1,1977,1,"033077",142.8
150.73,-23.1,1977,2,"033077",405
150.73,-23.1,1977,3,"033077",438.4
150.73,-23.1,1977,4,"033077",67.4
150.73,-23.1,1977,5,"033077",205
150.73,-23.1,1977,6,"033077",0
150.73,-23.1,1977,7,"033077",2
150.73,-23.1,1977,8,"033077",0
150.73,-23.1,1977,9,"033077",11
150.73,-23.1,1977,10,"033077",5.4
150.73,-23.1,1977,11,"033077",156.6
150.73,-23.1,1977,12,"033077",52
150.73,-23.1,1978,1,"033077",252
150.73,-23.1,1978,2,"033077",179.2
150.73,-23.1,1978,3,"033077",22.8
150.73,-23.1,1978,4,"033077",30
150.73,-23.1,1978,5,"033077",185
150.73,-23.1,1978,6,"033077",48
150.73,-23.1,1978,7,"033077",133
150.73,-23.1,1978,8,"033077",99
150.73,-23.1,1978,9,"033077",32
150.73,-23.1,1978,10,"033077",10
150.73,-23.1,1978,11,"033077",106.5
150.73,-23.1,1978,12,"033077",142
150.73,-23.1,1979,1,"033077",157.2
150.73,-23.1,1979,2,"033077",124
150.73,-23.1,1979,3,"033077",335
150.73,-23.1,1979,4,"033077",134
150.73,-23.1,1979,5,"033077",4
150.73,-23.1,1979,6,"033077",54.4
150.73,-23.1,1979,7,"033077",34.4
150.73,-23.1,1979,8,"033077",10
150.73,-23.1,1979,9,"033077",5
150.73,-23.1,1979,10,"033077",48.4
150.73,-23.1,1979,11,"033077",13.4
150.73,-23.1,1979,12,"033077",30
150.73,-23.1,1980,1,"033077",184.6
150.73,-23.1,1980,2,"033077",483
150.73,-23.1,1980,3,"033077",93.6
150.73,-23.1,1980,4,"033077",30.2
150.73,-23.1,1980,5,"033077",69.7
150.73,-23.1,1980,6,"033077",9
150.73,-23.1,1980,7,"033077",96
150.73,-23.1,1980,8,"033077",29
150.73,-23.1,1980,9,"033077",0
150.73,-23.1,1980,10,"033077",36
150.73,-23.1,1980,11,"033077",66.6
150.73,-23.1,1980,12,"033077",125.3
150.73,-23.1,1981,1,"033077",223.7
150.73,-23.1,1981,2,"033077",134.6
150.73,-23.1,1981,3,"033077",182.1
150.73,-23.1,1981,4,"033077",270
150.73,-23.1,1981,5,"033077",194
150.73,-23.1,1981,6,"033077",28.3
150.73,-23.1,1981,7,"033077",32.3
150.73,-23.1,1981,8,"033077",20.5
150.73,-23.1,1981,9,"033077",2.5
150.73,-23.1,1981,10,"033077",65.2
150.73,-23.1,1981,11,"033077",208.4
150.73,-23.1,1981,12,"033077",29.2
150.73,-23.1,1982,1,"033077",71.8
150.73,-23.1,1982,2,"033077",42.8
150.73,-23.1,1982,3,"033077",196.6
150.73,-23.1,1982,4,"033077",158
150.73,-23.1,1982,5,"033077",90.6
150.73,-23.1,1982,6,"033077",7
150.73,-23.1,1982,7,"033077",0.2
150.73,-23.1,1982,8,"033077",13.7
150.73,-23.1,1982,9,"033077",46.6
150.73,-23.1,1982,10,"033077",4.4
150.73,-23.1,1982,11,"033077",0
150.73,-23.1,1982,12,"033077",131.2
150.73,-23.1,1983,1,"033077",112.4
150.73,-23.1,1983,2,"033077",53.4
150.73,-23.1,1983,3,"033077",692
150.73,-23.1,1983,4,"033077",309.6
150.73,-23.1,1983,5,"033077",432.7
150.73,-23.1,1983,6,"033077",55.4
150.73,-23.1,1983,7,"033077",25
150.73,-23.1,1983,8,"033077",21.6
150.73,-23.1,1983,9,"033077",13.2
150.73,-23.1,1983,10,"033077",120.3
150.73,-23.1,1983,11,"033077",94.1
150.73,-23.1,1983,12,"033077",36.2
150.73,-23.1,1984,1,"033077",144.4
150.73,-23.1,1984,2,"033077",69.3
150.73,-23.1,1984,3,"033077",112.5
150.73,-23.1,1984,4,"033077",125.2
150.73,-23.1,1984,5,"033077",37.2
150.73,-23.1,1984,6,"033077",31.4
150.73,-23.1,1984,7,"033077",151.6
150.73,-23.1,1984,8,"033077",0
150.73,-23.1,1984,9,"033077",22.8
150.73,-23.1,1984,10,"033077",69
150.73,-23.1,1984,11,"033077",27.8
150.73,-23.1,1984,12,"033077",161.6
150.73,-23.1,1985,1,"033077",16
150.73,-23.1,1985,2,"033077",336.2
150.73,-23.1,1985,3,"033077",207.4
150.73,-23.1,1985,4,"033077",35.8
150.73,-23.1,1985,5,"033077",38.9
150.73,-23.1,1985,6,"033077",63.6
150.73,-23.1,1985,7,"033077",43.3
150.73,-23.1,1985,8,"033077",1.8
150.73,-23.1,1985,9,"033077",25
150.73,-23.1,1985,10,"033077",110.8
150.73,-23.1,1985,11,"033077",113.8
150.73,-23.1,1985,12,"033077",34.4
150.73,-23.1,1986,1,"033077",57.2
150.73,-23.1,1986,2,"033077",172.2
150.73,-23.1,1986,3,"033077",54
150.73,-23.1,1986,4,"033077",93
150.73,-23.1,1986,5,"033077",215.2
150.73,-23.1,1986,6,"033077",77.2
150.73,-23.1,1986,7,"033077",39.4
150.73,-23.1,1986,8,"033077",43.8
150.73,-23.1,1986,9,"033077",96.2
150.73,-23.1,1986,10,"033077",145
150.73,-23.1,1986,11,"033077",51.6
150.73,-23.1,1986,12,"033077",169.6
150.73,-23.1,1987,1,"033077",95.3
150.73,-23.1,1987,2,"033077",44.5
150.73,-23.1,1987,3,"033077",NA
150.73,-23.1,1987,4,"033077",167.6
150.73,-23.1,1987,5,"033077",24.4
150.73,-23.1,1987,6,"033077",24
150.73,-23.1,1987,7,"033077",42.4
150.73,-23.1,1987,8,"033077",38.9
150.73,-23.1,1987,9,"033077",NA
150.73,-23.1,1987,10,"033077",NA
150.73,-23.1,1987,11,"033077",NA
150.73,-23.1,1987,12,"033077",NA
150.73,-23.1,1988,1,"033077",NA
150.73,-23.1,1988,2,"033077",NA
150.73,-23.1,1988,3,"033077",NA
150.73,-23.1,1988,4,"033077",NA
150.73,-23.1,1988,5,"033077",13.7
150.73,-23.1,1988,6,"033077",272
150.73,-23.1,1988,7,"033077",186.6
150.73,-23.1,1988,8,"033077",117.2
150.73,-23.1,1988,9,"033077",19.8
150.73,-23.1,1988,10,"033077",0
150.73,-23.1,1988,11,"033077",43.4
150.73,-23.1,1988,12,"033077",248.8
150.73,-23.1,1989,1,"033077",103
150.73,-23.1,1989,2,"033077",271.6
150.73,-23.1,1989,3,"033077",239.8
150.73,-23.1,1989,4,"033077",338.2
150.73,-23.1,1989,5,"033077",437.4
150.73,-23.1,1989,6,"033077",29
150.73,-23.1,1989,7,"033077",59.8
150.73,-23.1,1989,8,"033077",22.2
150.73,-23.1,1989,9,"033077",0
150.73,-23.1,1989,10,"033077",33
150.73,-23.1,1989,11,"033077",68.8
150.73,-23.1,1989,12,"033077",46.6
150.73,-23.1,1990,1,"033077",18.8
150.73,-23.1,1990,2,"033077",79.4
150.73,-23.1,1990,3,"033077",970.4
150.73,-23.1,1990,4,"033077",448.2
150.73,-23.1,1990,5,"033077",171.8
150.73,-23.1,1990,6,"033077",46.2
150.73,-23.1,1990,7,"033077",0
150.73,-23.1,1990,8,"033077",9.4
150.73,-23.1,1990,9,"033077",6.2
150.73,-23.1,1990,10,"033077",19.6
150.73,-23.1,1990,11,"033077",34.2
150.73,-23.1,1990,12,"033077",611
150.73,-23.1,1991,1,"033077",282.2
150.73,-23.1,1991,2,"033077",360.8
150.73,-23.1,1991,3,"033077",42.4
150.73,-23.1,1991,4,"033077",71.6
150.73,-23.1,1991,5,"033077",76.2
150.73,-23.1,1991,6,"033077",11.8
150.73,-23.1,1991,7,"033077",48.2
150.73,-23.1,1991,8,"033077",5
150.73,-23.1,1991,9,"033077",0
150.73,-23.1,1991,10,"033077",2.2
150.73,-23.1,1991,11,"033077",55.4
150.73,-23.1,1991,12,"033077",184.2
150.73,-23.1,1992,1,"033077",67.6
150.73,-23.1,1992,2,"033077",313.4
150.73,-23.1,1992,3,"033077",308.2
150.73,-23.1,1992,4,"033077",169.4
150.73,-23.1,1992,5,"033077",246.5
150.73,-23.1,1992,6,"033077",44.6
150.73,-23.1,1992,7,"033077",19.2
150.73,-23.1,1992,8,"033077",17.2
150.73,-23.1,1992,9,"033077",22.8
150.73,-23.1,1992,10,"033077",22.6
150.73,-23.1,1992,11,"033077",34.6
150.73,-23.1,1992,12,"033077",36
150.73,-23.1,1993,1,"033077",424.8
150.73,-23.1,1993,2,"033077",53.6
150.73,-23.1,1993,3,"033077",7.9
150.73,-23.1,1993,4,"033077",25.2
150.73,-23.1,1993,5,"033077",94.6
150.73,-23.1,1993,6,"033077",17.2
150.73,-23.1,1993,7,"033077",77
150.73,-23.1,1993,8,"033077",56.6
150.73,-23.1,1993,9,"033077",41.2
150.73,-23.1,1993,10,"033077",56.6
150.73,-23.1,1993,11,"033077",66
150.73,-23.1,1993,12,"033077",141.2
150.73,-23.1,1994,1,"033077",110.4
150.73,-23.1,1994,2,"033077",306.2
150.73,-23.1,1994,3,"033077",298.6
150.73,-23.1,1994,4,"033077",144
150.73,-23.1,1994,5,"033077",53
150.73,-23.1,1994,6,"033077",5.8
150.73,-23.1,1994,7,"033077",28.6
150.73,-23.1,1994,8,"033077",12
150.73,-23.1,1994,9,"033077",5.6
150.73,-23.1,1994,10,"033077",29.2
150.73,-23.1,1994,11,"033077",25
150.73,-23.1,1994,12,"033077",107.6
150.73,-23.1,1995,1,"033077",120
150.73,-23.1,1995,2,"033077",243.6
150.73,-23.1,1995,3,"033077",33.6
150.73,-23.1,1995,4,"033077",90.8
150.73,-23.1,1995,5,"033077",160.8
150.73,-23.1,1995,6,"033077",50.6
150.73,-23.1,1995,7,"033077",24.4
150.73,-23.1,1995,8,"033077",111
150.73,-23.1,1995,9,"033077",9.8
150.73,-23.1,1995,10,"033077",92.4
150.73,-23.1,1995,11,"033077",75.8
150.73,-23.1,1995,12,"033077",134.8
150.73,-23.1,1996,1,"033077",277
150.73,-23.1,1996,2,"033077",34
150.73,-23.1,1996,3,"033077",11.4
150.73,-23.1,1996,4,"033077",149
150.73,-23.1,1996,5,"033077",236.2
150.73,-23.1,1996,6,"033077",44.6
150.73,-23.1,1996,7,"033077",34.4
150.73,-23.1,1996,8,"033077",16.6
150.73,-23.1,1996,9,"033077",20.2
150.73,-23.1,1996,10,"033077",57.6
150.73,-23.1,1996,11,"033077",78.4
150.73,-23.1,1996,12,"033077",68.6
150.73,-23.1,1997,1,"033077",82.6
150.73,-23.1,1997,2,"033077",72
150.73,-23.1,1997,3,"033077",99.8
150.73,-23.1,1997,4,"033077",22.4
150.73,-23.1,1997,5,"033077",153.2
150.73,-23.1,1997,6,"033077",38.8
150.73,-23.1,1997,7,"033077",12.4
150.73,-23.1,1997,8,"033077",6.2
150.73,-23.1,1997,9,"033077",35
150.73,-23.1,1997,10,"033077",12.2
150.73,-23.1,1997,11,"033077",49.2
150.73,-23.1,1997,12,"033077",182.2
150.73,-23.1,1998,1,"033077",71.2
150.73,-23.1,1998,2,"033077",80.4
150.73,-23.1,1998,3,"033077",34
150.73,-23.1,1998,4,"033077",78.4
150.73,-23.1,1998,5,"033077",86.6
150.73,-23.1,1998,6,"033077",54
150.73,-23.1,1998,7,"033077",10.8
150.73,-23.1,1998,8,"033077",194.2
150.73,-23.1,1998,9,"033077",158
150.73,-23.1,1998,10,"033077",108.8
150.73,-23.1,1998,11,"033077",53.2
150.73,-23.1,1998,12,"033077",54
150.73,-23.1,1999,1,"033077",226.8
150.73,-23.1,1999,2,"033077",118.2
150.73,-23.1,1999,3,"033077",87.4
150.73,-23.1,1999,4,"033077",52.4
150.73,-23.1,1999,5,"033077",62.4
150.73,-23.1,1999,6,"033077",70.6
150.73,-23.1,1999,7,"033077",61.8
150.73,-23.1,1999,8,"033077",21.8
150.73,-23.1,1999,9,"033077",19
150.73,-23.1,1999,10,"033077",48.4
150.73,-23.1,1999,11,"033077",32
150.73,-23.1,1999,12,"033077",216.6
150.73,-23.1,2000,1,"033077",48.8
150.73,-23.1,2000,2,"033077",164.4
150.73,-23.1,2000,3,"033077",16.6
150.73,-23.1,2000,4,"033077",222
150.73,-23.1,2000,5,"033077",83.6
150.73,-23.1,2000,6,"033077",58
150.73,-23.1,2000,7,"033077",10.2
150.73,-23.1,2000,8,"033077",68
150.73,-23.1,2000,9,"033077",1
150.73,-23.1,2000,10,"033077",227.6
150.73,-23.1,2000,11,"033077",184.8
150.73,-23.1,2000,12,"033077",159
150.73,-23.1,2001,1,"033077",26.2
150.73,-23.1,2001,2,"033077",84.6
150.73,-23.1,2001,3,"033077",77.4
150.73,-23.1,2001,4,"033077",34.4
150.73,-23.1,2001,5,"033077",97.8
150.73,-23.1,2001,6,"033077",63.2
150.73,-23.1,2001,7,"033077",26
150.73,-23.1,2001,8,"033077",0.2
150.73,-23.1,2001,9,"033077",41.2
150.73,-23.1,2001,10,"033077",27.2
150.73,-23.1,2001,11,"033077",52.8
150.73,-23.1,2001,12,"033077",158.4
150.73,-23.1,2002,1,"033077",115.4
150.73,-23.1,2002,2,"033077",45.6
150.73,-23.1,2002,3,"033077",67.8
150.73,-23.1,2002,4,"033077",58.6
150.73,-23.1,2002,5,"033077",40
150.73,-23.1,2002,6,"033077",216.6
150.73,-23.1,2002,7,"033077",0
150.73,-23.1,2002,8,"033077",98.4
150.73,-23.1,2002,9,"033077",4.6
150.73,-23.1,2002,10,"033077",3.8
150.73,-23.1,2002,11,"033077",19
150.73,-23.1,2002,12,"033077",84.4
150.73,-23.1,2003,1,"033077",8.8
150.73,-23.1,2003,2,"033077",535.2
150.73,-23.1,2003,3,"033077",107.6
150.73,-23.1,2003,4,"033077",93.2
150.73,-23.1,2003,5,"033077",25.4
150.73,-23.1,2003,6,"033077",38.2
150.73,-23.1,2003,7,"033077",16.4
150.73,-23.1,2003,8,"033077",25
150.73,-23.1,2003,9,"033077",1.6
150.73,-23.1,2003,10,"033077",58.4
150.73,-23.1,2003,11,"033077",18.6
150.73,-23.1,2003,12,"033077",87.6
150.73,-23.1,2004,1,"033077",167.4
150.73,-23.1,2004,2,"033077",136.6
150.73,-23.1,2004,3,"033077",55.4
150.73,-23.1,2004,4,"033077",42.4
150.73,-23.1,2004,5,"033077",6.8
150.73,-23.1,2004,6,"033077",15
150.73,-23.1,2004,7,"033077",3.8
150.73,-23.1,2004,8,"033077",1
150.73,-23.1,2004,9,"033077",21.2
150.73,-23.1,2004,10,"033077",71.8
150.73,-23.1,2004,11,"033077",43.8
150.73,-23.1,2004,12,"033077",184
150.73,-23.1,2005,1,"033077",181.2
150.73,-23.1,2005,2,"033077",74.8
150.73,-23.1,2005,3,"033077",74.4
150.73,-23.1,2005,4,"033077",80.4
150.73,-23.1,2005,5,"033077",66.4
150.73,-23.1,2005,6,"033077",67.8
150.73,-23.1,2005,7,"033077",8.8
150.73,-23.1,2005,8,"033077",34.2
150.73,-23.1,2005,9,"033077",2.2
150.73,-23.1,2005,10,"033077",94.8
150.73,-23.1,2005,11,"033077",23.6
150.73,-23.1,2005,12,"033077",57
150.73,-23.1,2006,1,"033077",317.6
150.73,-23.1,2006,2,"033077",53.8
150.73,-23.1,2006,3,"033077",288.8
150.73,-23.1,2006,4,"033077",75
150.73,-23.1,2006,5,"033077",24.6
150.73,-23.1,2006,6,"033077",124.4
150.73,-23.1,2006,7,"033077",73
150.73,-23.1,2006,8,"033077",10.8
150.73,-23.1,2006,9,"033077",78.2
150.73,-23.1,2006,10,"033077",11.8
150.73,-23.1,2006,11,"033077",67.6
150.73,-23.1,2006,12,"033077",64.6
150.73,-23.1,2007,1,"033077",28.8
150.73,-23.1,2007,2,"033077",223.8
150.73,-23.1,2007,3,"033077",81.4
150.73,-23.1,2007,4,"033077",18
150.73,-23.1,2007,5,"033077",87.8
150.73,-23.1,2007,6,"033077",188.8
150.73,-23.1,2007,7,"033077",2.6
150.73,-23.1,2007,8,"033077",19.8
150.73,-23.1,2007,9,"033077",83.6
150.73,-23.1,2007,10,"033077",24.4
150.73,-23.1,2007,11,"033077",126.4
150.73,-23.1,2007,12,"033077",100.2
150.73,-23.1,2008,1,"033077",185
150.73,-23.1,2008,2,"033077",572.8
150.73,-23.1,2008,3,"033077",96.2
150.73,-23.1,2008,4,"033077",12.2
150.73,-23.1,2008,5,"033077",64.2
150.73,-23.1,2008,6,"033077",28.8
150.73,-23.1,2008,7,"033077",120.4
150.73,-23.1,2008,8,"033077",0.4
150.73,-23.1,2008,9,"033077",35.2
150.73,-23.1,2008,10,"033077",29.4
150.73,-23.1,2008,11,"033077",196.8
150.73,-23.1,2008,12,"033077",68.8
150.73,-23.1,2009,1,"033077",204.2
150.73,-23.1,2009,2,"033077",317.4
150.73,-23.1,2009,3,"033077",71.6
150.73,-23.1,2009,4,"033077",98.6
150.73,-23.1,2009,5,"033077",49.8
150.73,-23.1,2009,6,"033077",13.4
150.73,-23.1,2009,7,"033077",0
150.73,-23.1,2009,8,"033077",0
150.73,-23.1,2009,9,"033077",2.2
150.73,-23.1,2009,10,"033077",11
150.73,-23.1,2009,11,"033077",48.6
150.73,-23.1,2009,12,"033077",184.4
150.73,-23.1,2010,1,"033077",144
150.73,-23.1,2010,2,"033077",651.2
150.73,-23.1,2010,3,"033077",147.6
150.73,-23.1,2010,4,"033077",41.6
150.73,-23.1,2010,5,"033077",19.6
150.73,-23.1,2010,6,"033077",35.8
150.73,-23.1,2010,7,"033077",23.4
150.73,-23.1,2010,8,"033077",75.4
150.73,-23.1,2010,9,"033077",172.4
150.73,-23.1,2010,10,"033077",NA
150.73,-23.1,2010,11,"033077",290.8
150.73,-23.1,2010,12,"033077",526.8
150.73,-23.1,2011,1,"033077",184.2
150.73,-23.1,2011,2,"033077",NA
150.73,-23.1,2011,3,"033077",347.2
150.73,-23.1,2011,4,"033077",261.8
150.73,-23.1,2011,5,"033077",90.8
150.73,-23.1,2011,6,"033077",69.2
150.73,-23.1,2011,7,"033077",9.8
150.73,-23.1,2011,8,"033077",75.6
150.73,-23.1,2011,9,"033077",4.4
150.73,-23.1,2011,10,"033077",33.6
150.73,-23.1,2011,11,"033077",9.6
150.73,-23.1,2011,12,"033077",150.8
150.73,-23.1,2012,1,"033077",149.6
150.73,-23.1,2012,2,"033077",187
150.73,-23.1,2012,3,"033077",305.4
150.73,-23.1,2012,4,"033077",51.4
150.73,-23.1,2012,5,"033077",91.4
150.73,-23.1,2012,6,"033077",83.2
150.73,-23.1,2012,7,"033077",137.8
150.73,-23.1,2012,8,"033077",8.6
150.73,-23.1,2012,9,"033077",10.8
150.73,-23.1,2012,10,"033077",91.4
150.73,-23.1,2012,11,"033077",64.8
150.73,-23.1,2012,12,"033077",17.6
150.73,-23.1,2013,1,"033077",826.8
150.73,-23.1,2013,2,"033077",296.4
150.73,-23.1,2013,3,"033077",395.2
150.73,-23.1,2013,4,"033077",158.4
150.73,-23.1,2013,5,"033077",61.8
150.73,-23.1,2013,6,"033077",14.8
150.73,-23.1,2013,7,"033077",41
150.73,-23.1,2013,8,"033077",0
150.73,-23.1,2013,9,"033077",4.2
150.73,-23.1,2013,10,"033077",7.6
150.73,-23.1,2013,11,"033077",112
150.73,-23.1,2013,12,"033077",33.4
150.73,-23.1,2014,1,"033077",177.4
150.73,-23.1,2014,2,"033077",194.6
150.73,-23.1,2014,3,"033077",745.6
150.73,-23.1,2014,4,"033077",128.6
150.73,-23.1,2014,5,"033077",108.8
150.73,-23.1,2014,6,"033077",13.8
150.73,-23.1,2014,7,"033077",6.8
150.73,-23.1,2014,8,"033077",24.4
150.73,-23.1,2014,9,"033077",109
150.73,-23.1,2014,10,"033077",2.4
150.73,-23.1,2014,11,"033077",11
150.73,-23.1,2014,12,"033077",197
150.73,-23.1,2015,1,"033077",324
150.73,-23.1,2015,2,"033077",359.2
150.73,-23.1,2015,3,"033077",65.8
150.73,-23.1,2015,4,"033077",124.6
150.73,-23.1,2015,5,"033077",33.2
150.73,-23.1,2015,6,"033077",51.4
150.73,-23.1,2015,7,"033077",62
150.73,-23.1,2015,8,"033077",18.8
150.73,-23.1,2015,9,"033077",13.4
150.73,-23.1,2015,10,"033077",50.8
150.73,-23.1,2015,11,"033077",106.8
150.73,-23.1,2015,12,"033077",62.4
150.73,-23.1,2016,1,"033077",73.3
150.73,-23.1,2016,2,"033077",174.6
150.73,-23.1,2016,3,"033077",273.8
150.73,-23.1,2016,4,"033077",32.8
150.73,-23.1,2016,5,"033077",1
150.73,-23.1,2016,6,"033077",NA
150.73,-23.1,2016,7,"033077",453.6
150.73,-23.1,2016,8,"033077",20.6
150.73,-23.1,2016,9,"033077",NA
150.73,-23.1,2016,10,"033077",34
150.73,-23.1,2016,11,"033077",24.8
150.73,-23.1,2016,12,"033077",87
150.73,-23.1,2017,1,"033077",74
150.73,-23.1,2017,2,"033077",64.2
150.73,-23.1,2017,3,"033077",856.4
150.73,-23.1,2017,4,"033077",12.4
150.73,-23.1,2017,5,"033077",67.8
150.73,-23.1,2017,6,"033077",4.6
150.73,-23.1,2017,7,"033077",29.6
150.73,-23.1,2017,8,"033077",4
150.73,-23.1,2017,9,"033077",0
150.73,-23.1,2017,10,"033077",298.6
150.73,-23.1,2017,11,"033077",125.6
150.73,-23.1,2017,12,"033077",20.2
150.73,-23.1,2018,1,"033077",64.2
150.73,-23.1,2018,2,"033077",243.8
150.73,-23.1,2018,3,"033077",103.2
150.73,-23.1,2018,4,"033077",130.8
150.73,-23.1,2018,5,"033077",30.6
150.73,-23.1,2018,6,"033077",30.2
150.73,-23.1,2018,7,"033077",36
150.73,-23.1,2018,8,"033077",8.6
150.73,-23.1,2018,9,"033077",8.2
150.73,-23.1,2018,10,"033077",26
150.73,-23.1,2018,11,"033077",79.6
150.73,-23.1,2018,12,"033077",198.6
150.73,-23.1,2019,1,"033077",81.6
150.73,-23.1,2019,2,"033077",46.2
150.73,-23.1,2019,3,"033077",116.6
150.73,-23.1,2019,4,"033077",137.2
150.73,-23.1,2019,5,"033077",33.8
150.73,-23.1,2019,6,"033077",13.8
150.73,-23.1,2019,7,"033077",67.2
150.73,-23.1,2019,8,"033077",13.4
150.73,-23.1,2019,9,"033077",0
150.73,-23.1,2019,10,"033077",40.6
150.73,-23.1,2019,11,"033077",5.2
150.73,-23.1,2019,12,"033077",36.8
150.73,-23.1,2020,1,"033077",117.6
150.73,-23.1,2020,2,"033077",301.4
150.73,-23.1,2020,3,"033077",251
150.73,-23.1,2020,4,"033077",88.6
150.73,-23.1,2020,5,"033077",63.2
150.73,-23.1,2020,6,"033077",40.4
150.73,-23.1,2020,7,"033077",38.4
150.73,-23.1,2020,8,"033077",48.6
150.73,-23.1,2020,9,"033077",27
150.73,-23.1,2020,10,"033077",113.4
150.73,-23.1,2020,11,"033077",6
150.73,-23.1,2020,12,"033077",174.6
150.73,-23.1,2021,1,"033077",102.8
150.73,-23.1,2021,2,"033077",62.8
150.73,-23.1,2021,3,"033077",333
150.73,-23.1,2021,4,"033077",113.8
150.73,-23.1,2021,5,"033077",8.4
150.73,-23.1,2021,6,"033077",96.8
150.73,-23.1,2021,7,"033077",45.6
150.73,-23.1,2021,8,"033077",54.4
150.73,-23.1,2021,9,"033077",36.8
150.73,-23.1,2021,10,"033077",57
150.73,-23.1,2021,11,"033077",211.8
150.73,-23.1,2021,12,"033077",171.4
150.73,-23.1,2022,1,"033077",45.4
150.73,-23.1,2022,2,"033077",34
150.73,-23.1,2022,3,"033077",NA
150.73,-23.1,2022,4,"033077",NA
150.73,-23.1,2022,5,"033077",NA
150.73,-23.1,2022,6,"033077",NA
150.73,-23.1,2022,7,"033077",NA
150.73,-23.1,2022,8,"033077",NA
150.73,-23.1,2022,9,"033077",NA
150.73,-23.1,2022,10,"033077",NA
150.73,-23.1,2022,11,"033077",NA
150.73,-23.1,2022,12,"033077",NA
