"Lon","Lat","Year","Month","Station","Rain"
142.98,-38.49,1917,1,"090079",NA
142.98,-38.49,1917,2,"090079",NA
142.98,-38.49,1917,3,"090079",NA
142.98,-38.49,1917,4,"090079",NA
142.98,-38.49,1917,5,"090079",NA
142.98,-38.49,1917,6,"090079",NA
142.98,-38.49,1917,7,"090079",NA
142.98,-38.49,1917,8,"090079",124.4
142.98,-38.49,1917,9,"090079",141.3
142.98,-38.49,1917,10,"090079",141.7
142.98,-38.49,1917,11,"090079",114.9
142.98,-38.49,1917,12,"090079",15.7
142.98,-38.49,1918,1,"090079",21.9
142.98,-38.49,1918,2,"090079",51.3
142.98,-38.49,1918,3,"090079",33.6
142.98,-38.49,1918,4,"090079",30.9
142.98,-38.49,1918,5,"090079",127.2
142.98,-38.49,1918,6,"090079",106.3
142.98,-38.49,1918,7,"090079",141.3
142.98,-38.49,1918,8,"090079",94.1
142.98,-38.49,1918,9,"090079",88.3
142.98,-38.49,1918,10,"090079",125.2
142.98,-38.49,1918,11,"090079",22.3
142.98,-38.49,1918,12,"090079",54
142.98,-38.49,1919,1,"090079",11.9
142.98,-38.49,1919,2,"090079",86.4
142.98,-38.49,1919,3,"090079",165.8
142.98,-38.49,1919,4,"090079",8.3
142.98,-38.49,1919,5,"090079",73.2
142.98,-38.49,1919,6,"090079",154.4
142.98,-38.49,1919,7,"090079",122.7
142.98,-38.49,1919,8,"090079",86.4
142.98,-38.49,1919,9,"090079",126.5
142.98,-38.49,1919,10,"090079",60.3
142.98,-38.49,1919,11,"090079",19.4
142.98,-38.49,1919,12,"090079",45.5
142.98,-38.49,1920,1,"090079",23.4
142.98,-38.49,1920,2,"090079",49.3
142.98,-38.49,1920,3,"090079",86.8
142.98,-38.49,1920,4,"090079",53.1
142.98,-38.49,1920,5,"090079",107.2
142.98,-38.49,1920,6,"090079",116.3
142.98,-38.49,1920,7,"090079",92.8
142.98,-38.49,1920,8,"090079",165.3
142.98,-38.49,1920,9,"090079",61.7
142.98,-38.49,1920,10,"090079",50.4
142.98,-38.49,1920,11,"090079",40.7
142.98,-38.49,1920,12,"090079",37.6
142.98,-38.49,1921,1,"090079",0
142.98,-38.49,1921,2,"090079",41.6
142.98,-38.49,1921,3,"090079",14.2
142.98,-38.49,1921,4,"090079",9.4
142.98,-38.49,1921,5,"090079",23.7
142.98,-38.49,1921,6,"090079",115
142.98,-38.49,1921,7,"090079",85.9
142.98,-38.49,1921,8,"090079",151
142.98,-38.49,1921,9,"090079",90.6
142.98,-38.49,1921,10,"090079",87.3
142.98,-38.49,1921,11,"090079",67.4
142.98,-38.49,1921,12,"090079",4.8
142.98,-38.49,1922,1,"090079",30.2
142.98,-38.49,1922,2,"090079",44.9
142.98,-38.49,1922,3,"090079",39.2
142.98,-38.49,1922,4,"090079",78.7
142.98,-38.49,1922,5,"090079",81.3
142.98,-38.49,1922,6,"090079",109.5
142.98,-38.49,1922,7,"090079",116.7
142.98,-38.49,1922,8,"090079",143.6
142.98,-38.49,1922,9,"090079",90.3
142.98,-38.49,1922,10,"090079",108.2
142.98,-38.49,1922,11,"090079",52.4
142.98,-38.49,1922,12,"090079",74.9
142.98,-38.49,1923,1,"090079",62.8
142.98,-38.49,1923,2,"090079",13.7
142.98,-38.49,1923,3,"090079",7.7
142.98,-38.49,1923,4,"090079",0
142.98,-38.49,1923,5,"090079",195.1
142.98,-38.49,1923,6,"090079",150.4
142.98,-38.49,1923,7,"090079",182.3
142.98,-38.49,1923,8,"090079",143.7
142.98,-38.49,1923,9,"090079",153
142.98,-38.49,1923,10,"090079",117.3
142.98,-38.49,1923,11,"090079",101.9
142.98,-38.49,1923,12,"090079",89.5
142.98,-38.49,1924,1,"090079",76.5
142.98,-38.49,1924,2,"090079",105.8
142.98,-38.49,1924,3,"090079",103.4
142.98,-38.49,1924,4,"090079",88.8
142.98,-38.49,1924,5,"090079",99.8
142.98,-38.49,1924,6,"090079",78.2
142.98,-38.49,1924,7,"090079",47
142.98,-38.49,1924,8,"090079",107.4
142.98,-38.49,1924,9,"090079",108.9
142.98,-38.49,1924,10,"090079",76
142.98,-38.49,1924,11,"090079",108
142.98,-38.49,1924,12,"090079",39.2
142.98,-38.49,1925,1,"090079",52.3
142.98,-38.49,1925,2,"090079",59.8
142.98,-38.49,1925,3,"090079",14.2
142.98,-38.49,1925,4,"090079",49.2
142.98,-38.49,1925,5,"090079",79.9
142.98,-38.49,1925,6,"090079",63
142.98,-38.49,1925,7,"090079",120.3
142.98,-38.49,1925,8,"090079",73.7
142.98,-38.49,1925,9,"090079",101.7
142.98,-38.49,1925,10,"090079",43
142.98,-38.49,1925,11,"090079",46.2
142.98,-38.49,1925,12,"090079",13.3
142.98,-38.49,1926,1,"090079",42.9
142.98,-38.49,1926,2,"090079",19.8
142.98,-38.49,1926,3,"090079",11
142.98,-38.49,1926,4,"090079",92.3
142.98,-38.49,1926,5,"090079",138.7
142.98,-38.49,1926,6,"090079",197.6
142.98,-38.49,1926,7,"090079",134.6
142.98,-38.49,1926,8,"090079",82
142.98,-38.49,1926,9,"090079",58.8
142.98,-38.49,1926,10,"090079",130.1
142.98,-38.49,1926,11,"090079",63.6
142.98,-38.49,1926,12,"090079",59.2
142.98,-38.49,1927,1,"090079",19.6
142.98,-38.49,1927,2,"090079",23.3
142.98,-38.49,1927,3,"090079",35.8
142.98,-38.49,1927,4,"090079",37.4
142.98,-38.49,1927,5,"090079",125.2
142.98,-38.49,1927,6,"090079",66.5
142.98,-38.49,1927,7,"090079",146.4
142.98,-38.49,1927,8,"090079",117.4
142.98,-38.49,1927,9,"090079",63.2
142.98,-38.49,1927,10,"090079",31
142.98,-38.49,1927,11,"090079",36.3
142.98,-38.49,1927,12,"090079",58.2
142.98,-38.49,1928,1,"090079",87.2
142.98,-38.49,1928,2,"090079",106.6
142.98,-38.49,1928,3,"090079",59.2
142.98,-38.49,1928,4,"090079",53.6
142.98,-38.49,1928,5,"090079",137.3
142.98,-38.49,1928,6,"090079",92.5
142.98,-38.49,1928,7,"090079",76.9
142.98,-38.49,1928,8,"090079",48.8
142.98,-38.49,1928,9,"090079",113.7
142.98,-38.49,1928,10,"090079",166.8
142.98,-38.49,1928,11,"090079",39.6
142.98,-38.49,1928,12,"090079",28.4
142.98,-38.49,1929,1,"090079",78.7
142.98,-38.49,1929,2,"090079",26.5
142.98,-38.49,1929,3,"090079",57.2
142.98,-38.49,1929,4,"090079",140
142.98,-38.49,1929,5,"090079",88.4
142.98,-38.49,1929,6,"090079",173.5
142.98,-38.49,1929,7,"090079",101.3
142.98,-38.49,1929,8,"090079",78.2
142.98,-38.49,1929,9,"090079",75.6
142.98,-38.49,1929,10,"090079",61.2
142.98,-38.49,1929,11,"090079",71.5
142.98,-38.49,1929,12,"090079",95.8
142.98,-38.49,1930,1,"090079",7.9
142.98,-38.49,1930,2,"090079",38.1
142.98,-38.49,1930,3,"090079",10.7
142.98,-38.49,1930,4,"090079",18.3
142.98,-38.49,1930,5,"090079",38.2
142.98,-38.49,1930,6,"090079",9.7
142.98,-38.49,1930,7,"090079",70.5
142.98,-38.49,1930,8,"090079",140.3
142.98,-38.49,1930,9,"090079",133.8
142.98,-38.49,1930,10,"090079",137.7
142.98,-38.49,1930,11,"090079",84.4
142.98,-38.49,1930,12,"090079",78.5
142.98,-38.49,1931,1,"090079",43.3
142.98,-38.49,1931,2,"090079",39.6
142.98,-38.49,1931,3,"090079",101.2
142.98,-38.49,1931,4,"090079",94.3
142.98,-38.49,1931,5,"090079",114.7
142.98,-38.49,1931,6,"090079",145.3
142.98,-38.49,1931,7,"090079",104.7
142.98,-38.49,1931,8,"090079",133.3
142.98,-38.49,1931,9,"090079",57.7
142.98,-38.49,1931,10,"090079",41
142.98,-38.49,1931,11,"090079",76
142.98,-38.49,1931,12,"090079",12.8
142.98,-38.49,1932,1,"090079",8.6
142.98,-38.49,1932,2,"090079",75.7
142.98,-38.49,1932,3,"090079",209.6
142.98,-38.49,1932,4,"090079",121.2
142.98,-38.49,1932,5,"090079",20.1
142.98,-38.49,1932,6,"090079",161.3
142.98,-38.49,1932,7,"090079",75
142.98,-38.49,1932,8,"090079",128.2
142.98,-38.49,1932,9,"090079",55.9
142.98,-38.49,1932,10,"090079",108.8
142.98,-38.49,1932,11,"090079",82
142.98,-38.49,1932,12,"090079",53.4
142.98,-38.49,1933,1,"090079",36
142.98,-38.49,1933,2,"090079",26.2
142.98,-38.49,1933,3,"090079",47.3
142.98,-38.49,1933,4,"090079",102.3
142.98,-38.49,1933,5,"090079",119
142.98,-38.49,1933,6,"090079",74.5
142.98,-38.49,1933,7,"090079",55.8
142.98,-38.49,1933,8,"090079",112.7
142.98,-38.49,1933,9,"090079",115.7
142.98,-38.49,1933,10,"090079",65.1
142.98,-38.49,1933,11,"090079",57.1
142.98,-38.49,1933,12,"090079",48.9
142.98,-38.49,1934,1,"090079",37
142.98,-38.49,1934,2,"090079",2.6
142.98,-38.49,1934,3,"090079",25.7
142.98,-38.49,1934,4,"090079",130.7
142.98,-38.49,1934,5,"090079",19.1
142.98,-38.49,1934,6,"090079",69.7
142.98,-38.49,1934,7,"090079",112.2
142.98,-38.49,1934,8,"090079",147.1
142.98,-38.49,1934,9,"090079",119
142.98,-38.49,1934,10,"090079",122.6
142.98,-38.49,1934,11,"090079",164.3
142.98,-38.49,1934,12,"090079",41.2
142.98,-38.49,1935,1,"090079",62
142.98,-38.49,1935,2,"090079",52.2
142.98,-38.49,1935,3,"090079",157.2
142.98,-38.49,1935,4,"090079",172.6
142.98,-38.49,1935,5,"090079",125.1
142.98,-38.49,1935,6,"090079",108.5
142.98,-38.49,1935,7,"090079",111.4
142.98,-38.49,1935,8,"090079",142.9
142.98,-38.49,1935,9,"090079",106.2
142.98,-38.49,1935,10,"090079",92.5
142.98,-38.49,1935,11,"090079",82.3
142.98,-38.49,1935,12,"090079",27.1
142.98,-38.49,1936,1,"090079",19.6
142.98,-38.49,1936,2,"090079",0.5
142.98,-38.49,1936,3,"090079",14.6
142.98,-38.49,1936,4,"090079",83.2
142.98,-38.49,1936,5,"090079",48
142.98,-38.49,1936,6,"090079",90.9
142.98,-38.49,1936,7,"090079",128.7
142.98,-38.49,1936,8,"090079",176.7
142.98,-38.49,1936,9,"090079",67.2
142.98,-38.49,1936,10,"090079",92
142.98,-38.49,1936,11,"090079",68
142.98,-38.49,1936,12,"090079",41.7
142.98,-38.49,1937,1,"090079",112.3
142.98,-38.49,1937,2,"090079",45
142.98,-38.49,1937,3,"090079",58.4
142.98,-38.49,1937,4,"090079",42.7
142.98,-38.49,1937,5,"090079",94.5
142.98,-38.49,1937,6,"090079",19.8
142.98,-38.49,1937,7,"090079",96.3
142.98,-38.49,1937,8,"090079",67.1
142.98,-38.49,1937,9,"090079",101.2
142.98,-38.49,1937,10,"090079",92.9
142.98,-38.49,1937,11,"090079",26.6
142.98,-38.49,1937,12,"090079",72.3
142.98,-38.49,1938,1,"090079",38.8
142.98,-38.49,1938,2,"090079",62.7
142.98,-38.49,1938,3,"090079",35.4
142.98,-38.49,1938,4,"090079",101.1
142.98,-38.49,1938,5,"090079",50
142.98,-38.49,1938,6,"090079",139.8
142.98,-38.49,1938,7,"090079",59
142.98,-38.49,1938,8,"090079",67.8
142.98,-38.49,1938,9,"090079",71.9
142.98,-38.49,1938,10,"090079",36.8
142.98,-38.49,1938,11,"090079",33.6
142.98,-38.49,1938,12,"090079",40.1
142.98,-38.49,1939,1,"090079",8.9
142.98,-38.49,1939,2,"090079",44.2
142.98,-38.49,1939,3,"090079",2.8
142.98,-38.49,1939,4,"090079",164.3
142.98,-38.49,1939,5,"090079",62.2
142.98,-38.49,1939,6,"090079",147.2
142.98,-38.49,1939,7,"090079",95.3
142.98,-38.49,1939,8,"090079",251.1
142.98,-38.49,1939,9,"090079",117.9
142.98,-38.49,1939,10,"090079",80
142.98,-38.49,1939,11,"090079",105.5
142.98,-38.49,1939,12,"090079",58
142.98,-38.49,1940,1,"090079",48.6
142.98,-38.49,1940,2,"090079",46.4
142.98,-38.49,1940,3,"090079",28.1
142.98,-38.49,1940,4,"090079",75.3
142.98,-38.49,1940,5,"090079",52.2
142.98,-38.49,1940,6,"090079",78.8
142.98,-38.49,1940,7,"090079",126.4
142.98,-38.49,1940,8,"090079",58.9
142.98,-38.49,1940,9,"090079",41.7
142.98,-38.49,1940,10,"090079",32
142.98,-38.49,1940,11,"090079",124.2
142.98,-38.49,1940,12,"090079",44.7
142.98,-38.49,1941,1,"090079",97.6
142.98,-38.49,1941,2,"090079",20.6
142.98,-38.49,1941,3,"090079",102.8
142.98,-38.49,1941,4,"090079",27.8
142.98,-38.49,1941,5,"090079",57.9
142.98,-38.49,1941,6,"090079",92.9
142.98,-38.49,1941,7,"090079",102.6
142.98,-38.49,1941,8,"090079",125.5
142.98,-38.49,1941,9,"090079",133.8
142.98,-38.49,1941,10,"090079",53.5
142.98,-38.49,1941,11,"090079",26.1
142.98,-38.49,1941,12,"090079",43.7
142.98,-38.49,1942,1,"090079",39.2
142.98,-38.49,1942,2,"090079",34.1
142.98,-38.49,1942,3,"090079",42.4
142.98,-38.49,1942,4,"090079",64.4
142.98,-38.49,1942,5,"090079",144.9
142.98,-38.49,1942,6,"090079",73.4
142.98,-38.49,1942,7,"090079",111.3
142.98,-38.49,1942,8,"090079",188.8
142.98,-38.49,1942,9,"090079",126.1
142.98,-38.49,1942,10,"090079",55.8
142.98,-38.49,1942,11,"090079",46
142.98,-38.49,1942,12,"090079",52.6
142.98,-38.49,1943,1,"090079",26.2
142.98,-38.49,1943,2,"090079",57.7
142.98,-38.49,1943,3,"090079",21.3
142.98,-38.49,1943,4,"090079",162.8
142.98,-38.49,1943,5,"090079",79.4
142.98,-38.49,1943,6,"090079",140.1
142.98,-38.49,1943,7,"090079",117.4
142.98,-38.49,1943,8,"090079",127.1
142.98,-38.49,1943,9,"090079",93.5
142.98,-38.49,1943,10,"090079",51.9
142.98,-38.49,1943,11,"090079",61.5
142.98,-38.49,1943,12,"090079",20.1
142.98,-38.49,1944,1,"090079",35.6
142.98,-38.49,1944,2,"090079",71.1
142.98,-38.49,1944,3,"090079",28
142.98,-38.49,1944,4,"090079",95.2
142.98,-38.49,1944,5,"090079",122.9
142.98,-38.49,1944,6,"090079",63.9
142.98,-38.49,1944,7,"090079",126.9
142.98,-38.49,1944,8,"090079",40.7
142.98,-38.49,1944,9,"090079",71.8
142.98,-38.49,1944,10,"090079",89.5
142.98,-38.49,1944,11,"090079",65.9
142.98,-38.49,1944,12,"090079",82.3
142.98,-38.49,1945,1,"090079",31.5
142.98,-38.49,1945,2,"090079",85.2
142.98,-38.49,1945,3,"090079",33.8
142.98,-38.49,1945,4,"090079",21.6
142.98,-38.49,1945,5,"090079",89.4
142.98,-38.49,1945,6,"090079",69.9
142.98,-38.49,1945,7,"090079",92.3
142.98,-38.49,1945,8,"090079",170.9
142.98,-38.49,1945,9,"090079",70.2
142.98,-38.49,1945,10,"090079",129.9
142.98,-38.49,1945,11,"090079",66.3
142.98,-38.49,1945,12,"090079",27.2
142.98,-38.49,1946,1,"090079",131.9
142.98,-38.49,1946,2,"090079",140.5
142.98,-38.49,1946,3,"090079",307.8
142.98,-38.49,1946,4,"090079",70.1
142.98,-38.49,1946,5,"090079",63.6
142.98,-38.49,1946,6,"090079",104.8
142.98,-38.49,1946,7,"090079",198.5
142.98,-38.49,1946,8,"090079",139.8
142.98,-38.49,1946,9,"090079",103.8
142.98,-38.49,1946,10,"090079",68.4
142.98,-38.49,1946,11,"090079",31.9
142.98,-38.49,1946,12,"090079",48.2
142.98,-38.49,1947,1,"090079",28.1
142.98,-38.49,1947,2,"090079",7.1
142.98,-38.49,1947,3,"090079",180.7
142.98,-38.49,1947,4,"090079",68
142.98,-38.49,1947,5,"090079",56.6
142.98,-38.49,1947,6,"090079",120.5
142.98,-38.49,1947,7,"090079",162.1
142.98,-38.49,1947,8,"090079",108.3
142.98,-38.49,1947,9,"090079",94.8
142.98,-38.49,1947,10,"090079",107.6
142.98,-38.49,1947,11,"090079",114.4
142.98,-38.49,1947,12,"090079",81.2
142.98,-38.49,1948,1,"090079",24.1
142.98,-38.49,1948,2,"090079",19.3
142.98,-38.49,1948,3,"090079",39.1
142.98,-38.49,1948,4,"090079",157.8
142.98,-38.49,1948,5,"090079",161.4
142.98,-38.49,1948,6,"090079",44.7
142.98,-38.49,1948,7,"090079",105.8
142.98,-38.49,1948,8,"090079",87.9
142.98,-38.49,1948,9,"090079",86.7
142.98,-38.49,1948,10,"090079",128.4
142.98,-38.49,1948,11,"090079",121.8
142.98,-38.49,1948,12,"090079",37.5
142.98,-38.49,1949,1,"090079",40.6
142.98,-38.49,1949,2,"090079",81.9
142.98,-38.49,1949,3,"090079",32.9
142.98,-38.49,1949,4,"090079",51.2
142.98,-38.49,1949,5,"090079",106.3
142.98,-38.49,1949,6,"090079",84.5
142.98,-38.49,1949,7,"090079",48.3
142.98,-38.49,1949,8,"090079",58.1
142.98,-38.49,1949,9,"090079",64.2
142.98,-38.49,1949,10,"090079",203.3
142.98,-38.49,1949,11,"090079",98.6
142.98,-38.49,1949,12,"090079",28.2
142.98,-38.49,1950,1,"090079",38.6
142.98,-38.49,1950,2,"090079",36.5
142.98,-38.49,1950,3,"090079",27.1
142.98,-38.49,1950,4,"090079",22.2
142.98,-38.49,1950,5,"090079",73.6
142.98,-38.49,1950,6,"090079",54.1
142.98,-38.49,1950,7,"090079",76.1
142.98,-38.49,1950,8,"090079",80.3
142.98,-38.49,1950,9,"090079",134.8
142.98,-38.49,1950,10,"090079",102.8
142.98,-38.49,1950,11,"090079",54.1
142.98,-38.49,1950,12,"090079",35.9
142.98,-38.49,1951,1,"090079",13.1
142.98,-38.49,1951,2,"090079",49.6
142.98,-38.49,1951,3,"090079",14.5
142.98,-38.49,1951,4,"090079",185.3
142.98,-38.49,1951,5,"090079",121.1
142.98,-38.49,1951,6,"090079",34.8
142.98,-38.49,1951,7,"090079",147.1
142.98,-38.49,1951,8,"090079",171.1
142.98,-38.49,1951,9,"090079",64
142.98,-38.49,1951,10,"090079",91.1
142.98,-38.49,1951,11,"090079",64.7
142.98,-38.49,1951,12,"090079",89
142.98,-38.49,1952,1,"090079",140.6
142.98,-38.49,1952,2,"090079",42.4
142.98,-38.49,1952,3,"090079",34.4
142.98,-38.49,1952,4,"090079",110.1
142.98,-38.49,1952,5,"090079",123.5
142.98,-38.49,1952,6,"090079",228.5
142.98,-38.49,1952,7,"090079",97.4
142.98,-38.49,1952,8,"090079",115.3
142.98,-38.49,1952,9,"090079",178.2
142.98,-38.49,1952,10,"090079",95.9
142.98,-38.49,1952,11,"090079",166.3
142.98,-38.49,1952,12,"090079",70.9
142.98,-38.49,1953,1,"090079",22.9
142.98,-38.49,1953,2,"090079",22.3
142.98,-38.49,1953,3,"090079",16.5
142.98,-38.49,1953,4,"090079",94
142.98,-38.49,1953,5,"090079",84.4
142.98,-38.49,1953,6,"090079",158.3
142.98,-38.49,1953,7,"090079",160.5
142.98,-38.49,1953,8,"090079",137.2
142.98,-38.49,1953,9,"090079",116.5
142.98,-38.49,1953,10,"090079",98.5
142.98,-38.49,1953,11,"090079",180.6
142.98,-38.49,1953,12,"090079",41.7
142.98,-38.49,1954,1,"090079",39
142.98,-38.49,1954,2,"090079",36.5
142.98,-38.49,1954,3,"090079",31.5
142.98,-38.49,1954,4,"090079",129.1
142.98,-38.49,1954,5,"090079",57.4
142.98,-38.49,1954,6,"090079",75.9
142.98,-38.49,1954,7,"090079",53.9
142.98,-38.49,1954,8,"090079",94.8
142.98,-38.49,1954,9,"090079",79.3
142.98,-38.49,1954,10,"090079",72
142.98,-38.49,1954,11,"090079",64.7
142.98,-38.49,1954,12,"090079",46.2
142.98,-38.49,1955,1,"090079",29.4
142.98,-38.49,1955,2,"090079",33.9
142.98,-38.49,1955,3,"090079",23.3
142.98,-38.49,1955,4,"090079",68.1
142.98,-38.49,1955,5,"090079",108.9
142.98,-38.49,1955,6,"090079",114.2
142.98,-38.49,1955,7,"090079",118.7
142.98,-38.49,1955,8,"090079",200.5
142.98,-38.49,1955,9,"090079",74.8
142.98,-38.49,1955,10,"090079",74
142.98,-38.49,1955,11,"090079",91.7
142.98,-38.49,1955,12,"090079",88.2
142.98,-38.49,1956,1,"090079",53.2
142.98,-38.49,1956,2,"090079",1.8
142.98,-38.49,1956,3,"090079",110.3
142.98,-38.49,1956,4,"090079",129.7
142.98,-38.49,1956,5,"090079",90.7
142.98,-38.49,1956,6,"090079",121
142.98,-38.49,1956,7,"090079",111.8
142.98,-38.49,1956,8,"090079",143.1
142.98,-38.49,1956,9,"090079",72
142.98,-38.49,1956,10,"090079",111.2
142.98,-38.49,1956,11,"090079",82.9
142.98,-38.49,1956,12,"090079",60.9
142.98,-38.49,1957,1,"090079",13.7
142.98,-38.49,1957,2,"090079",90.9
142.98,-38.49,1957,3,"090079",64.6
142.98,-38.49,1957,4,"090079",61
142.98,-38.49,1957,5,"090079",113.2
142.98,-38.49,1957,6,"090079",41.5
142.98,-38.49,1957,7,"090079",35.4
142.98,-38.49,1957,8,"090079",134.6
142.98,-38.49,1957,9,"090079",117.6
142.98,-38.49,1957,10,"090079",90.3
142.98,-38.49,1957,11,"090079",88.5
142.98,-38.49,1957,12,"090079",54.4
142.98,-38.49,1958,1,"090079",27.7
142.98,-38.49,1958,2,"090079",52
142.98,-38.49,1958,3,"090079",54.5
142.98,-38.49,1958,4,"090079",33.9
142.98,-38.49,1958,5,"090079",199.2
142.98,-38.49,1958,6,"090079",79.8
142.98,-38.49,1958,7,"090079",165.7
142.98,-38.49,1958,8,"090079",155.7
142.98,-38.49,1958,9,"090079",105.7
142.98,-38.49,1958,10,"090079",131.7
142.98,-38.49,1958,11,"090079",71.9
142.98,-38.49,1958,12,"090079",43.5
142.98,-38.49,1959,1,"090079",49.7
142.98,-38.49,1959,2,"090079",53.7
142.98,-38.49,1959,3,"090079",68.7
142.98,-38.49,1959,4,"090079",44.7
142.98,-38.49,1959,5,"090079",32.2
142.98,-38.49,1959,6,"090079",75.6
142.98,-38.49,1959,7,"090079",94.5
142.98,-38.49,1959,8,"090079",112.3
142.98,-38.49,1959,9,"090079",65.1
142.98,-38.49,1959,10,"090079",63.3
142.98,-38.49,1959,11,"090079",32.8
142.98,-38.49,1959,12,"090079",130.9
142.98,-38.49,1960,1,"090079",28.7
142.98,-38.49,1960,2,"090079",70.8
142.98,-38.49,1960,3,"090079",42
142.98,-38.49,1960,4,"090079",189.1
142.98,-38.49,1960,5,"090079",160.8
142.98,-38.49,1960,6,"090079",93.6
142.98,-38.49,1960,7,"090079",136.6
142.98,-38.49,1960,8,"090079",121.1
142.98,-38.49,1960,9,"090079",113.2
142.98,-38.49,1960,10,"090079",83.6
142.98,-38.49,1960,11,"090079",114.6
142.98,-38.49,1960,12,"090079",23
142.98,-38.49,1961,1,"090079",15.3
142.98,-38.49,1961,2,"090079",25.4
142.98,-38.49,1961,3,"090079",36.8
142.98,-38.49,1961,4,"090079",162.2
142.98,-38.49,1961,5,"090079",82.6
142.98,-38.49,1961,6,"090079",117.3
142.98,-38.49,1961,7,"090079",114.6
142.98,-38.49,1961,8,"090079",110.3
142.98,-38.49,1961,9,"090079",52.6
142.98,-38.49,1961,10,"090079",53.5
142.98,-38.49,1961,11,"090079",45.5
142.98,-38.49,1961,12,"090079",51.5
142.98,-38.49,1962,1,"090079",31
142.98,-38.49,1962,2,"090079",42
142.98,-38.49,1962,3,"090079",51
142.98,-38.49,1962,4,"090079",45.2
142.98,-38.49,1962,5,"090079",159.3
142.98,-38.49,1962,6,"090079",145.7
142.98,-38.49,1962,7,"090079",70.9
142.98,-38.49,1962,8,"090079",120
142.98,-38.49,1962,9,"090079",99.5
142.98,-38.49,1962,10,"090079",109.2
142.98,-38.49,1962,11,"090079",30.8
142.98,-38.49,1962,12,"090079",37.1
142.98,-38.49,1963,1,"090079",126.9
142.98,-38.49,1963,2,"090079",18.3
142.98,-38.49,1963,3,"090079",39.8
142.98,-38.49,1963,4,"090079",15.3
142.98,-38.49,1963,5,"090079",103.7
142.98,-38.49,1963,6,"090079",57.8
142.98,-38.49,1963,7,"090079",145
142.98,-38.49,1963,8,"090079",74.1
142.98,-38.49,1963,9,"090079",106
142.98,-38.49,1963,10,"090079",27.1
142.98,-38.49,1963,11,"090079",30.8
142.98,-38.49,1963,12,"090079",10.1
142.98,-38.49,1964,1,"090079",43.8
142.98,-38.49,1964,2,"090079",108.7
142.98,-38.49,1964,3,"090079",59.4
142.98,-38.49,1964,4,"090079",90.3
142.98,-38.49,1964,5,"090079",76.1
142.98,-38.49,1964,6,"090079",123.8
142.98,-38.49,1964,7,"090079",192.6
142.98,-38.49,1964,8,"090079",166.5
142.98,-38.49,1964,9,"090079",133.7
142.98,-38.49,1964,10,"090079",139.3
142.98,-38.49,1964,11,"090079",110.3
142.98,-38.49,1964,12,"090079",102
142.98,-38.49,1965,1,"090079",19.1
142.98,-38.49,1965,2,"090079",8.5
142.98,-38.49,1965,3,"090079",52.3
142.98,-38.49,1965,4,"090079",135.6
142.98,-38.49,1965,5,"090079",147.1
142.98,-38.49,1965,6,"090079",44.4
142.98,-38.49,1965,7,"090079",95.5
142.98,-38.49,1965,8,"090079",78.2
142.98,-38.49,1965,9,"090079",98
142.98,-38.49,1965,10,"090079",48.2
142.98,-38.49,1965,11,"090079",112
142.98,-38.49,1965,12,"090079",52.9
142.98,-38.49,1966,1,"090079",39.6
142.98,-38.49,1966,2,"090079",25.1
142.98,-38.49,1966,3,"090079",76.7
142.98,-38.49,1966,4,"090079",94.2
142.98,-38.49,1966,5,"090079",33
142.98,-38.49,1966,6,"090079",63.7
142.98,-38.49,1966,7,"090079",151.9
142.98,-38.49,1966,8,"090079",269.5
142.98,-38.49,1966,9,"090079",69.8
142.98,-38.49,1966,10,"090079",56.6
142.98,-38.49,1966,11,"090079",78.6
142.98,-38.49,1966,12,"090079",112.3
142.98,-38.49,1967,1,"090079",51.3
142.98,-38.49,1967,2,"090079",23.5
142.98,-38.49,1967,3,"090079",19.6
142.98,-38.49,1967,4,"090079",11.7
142.98,-38.49,1967,5,"090079",25.8
142.98,-38.49,1967,6,"090079",27.7
142.98,-38.49,1967,7,"090079",104.9
142.98,-38.49,1967,8,"090079",136.6
142.98,-38.49,1967,9,"090079",43.2
142.98,-38.49,1967,10,"090079",21.5
142.98,-38.49,1967,11,"090079",33.6
142.98,-38.49,1967,12,"090079",82.8
142.98,-38.49,1968,1,"090079",7.7
142.98,-38.49,1968,2,"090079",30.2
142.98,-38.49,1968,3,"090079",55.8
142.98,-38.49,1968,4,"090079",80.2
142.98,-38.49,1968,5,"090079",259.5
142.98,-38.49,1968,6,"090079",129.3
142.98,-38.49,1968,7,"090079",119.4
142.98,-38.49,1968,8,"090079",154.1
142.98,-38.49,1968,9,"090079",77.6
142.98,-38.49,1968,10,"090079",147.2
142.98,-38.49,1968,11,"090079",131.1
142.98,-38.49,1968,12,"090079",32.7
142.98,-38.49,1969,1,"090079",20.6
142.98,-38.49,1969,2,"090079",69.5
142.98,-38.49,1969,3,"090079",79.7
142.98,-38.49,1969,4,"090079",58.1
142.98,-38.49,1969,5,"090079",56.8
142.98,-38.49,1969,6,"090079",31
142.98,-38.49,1969,7,"090079",95.7
142.98,-38.49,1969,8,"090079",74.8
142.98,-38.49,1969,9,"090079",143.9
142.98,-38.49,1969,10,"090079",60.2
142.98,-38.49,1969,11,"090079",77.5
142.98,-38.49,1969,12,"090079",42.8
142.98,-38.49,1970,1,"090079",65.3
142.98,-38.49,1970,2,"090079",18.3
142.98,-38.49,1970,3,"090079",98.4
142.98,-38.49,1970,4,"090079",108
142.98,-38.49,1970,5,"090079",101.3
142.98,-38.49,1970,6,"090079",67.4
142.98,-38.49,1970,7,"090079",116.4
142.98,-38.49,1970,8,"090079",208.2
142.98,-38.49,1970,9,"090079",76
142.98,-38.49,1970,10,"090079",43.8
142.98,-38.49,1970,11,"090079",106.4
142.98,-38.49,1970,12,"090079",81.9
142.98,-38.49,1971,1,"090079",81.5
142.98,-38.49,1971,2,"090079",92.2
142.98,-38.49,1971,3,"090079",38.4
142.98,-38.49,1971,4,"090079",136.1
142.98,-38.49,1971,5,"090079",199.5
142.98,-38.49,1971,6,"090079",150.7
142.98,-38.49,1971,7,"090079",71.3
142.98,-38.49,1971,8,"090079",120.7
142.98,-38.49,1971,9,"090079",89
142.98,-38.49,1971,10,"090079",149.9
142.98,-38.49,1971,11,"090079",138.2
142.98,-38.49,1971,12,"090079",66.2
142.98,-38.49,1972,1,"090079",40.8
142.98,-38.49,1972,2,"090079",70.5
142.98,-38.49,1972,3,"090079",78.7
142.98,-38.49,1972,4,"090079",83.6
142.98,-38.49,1972,5,"090079",41.4
142.98,-38.49,1972,6,"090079",48.4
142.98,-38.49,1972,7,"090079",138.8
142.98,-38.49,1972,8,"090079",96.2
142.98,-38.49,1972,9,"090079",54.1
142.98,-38.49,1972,10,"090079",44.9
142.98,-38.49,1972,11,"090079",46.8
142.98,-38.49,1972,12,"090079",10.8
142.98,-38.49,1973,1,"090079",38.4
142.98,-38.49,1973,2,"090079",138.2
142.98,-38.49,1973,3,"090079",82.6
142.98,-38.49,1973,4,"090079",102.5
142.98,-38.49,1973,5,"090079",125.4
142.98,-38.49,1973,6,"090079",114.7
142.98,-38.49,1973,7,"090079",63.2
142.98,-38.49,1973,8,"090079",119.2
142.98,-38.49,1973,9,"090079",108.7
142.98,-38.49,1973,10,"090079",86.9
142.98,-38.49,1973,11,"090079",57.5
142.98,-38.49,1973,12,"090079",54.4
142.98,-38.49,1974,1,"090079",13.7
142.98,-38.49,1974,2,"090079",23.2
142.98,-38.49,1974,3,"090079",26.3
142.98,-38.49,1974,4,"090079",94.7
142.98,-38.49,1974,5,"090079",97
142.98,-38.49,1974,6,"090079",54.1
142.98,-38.49,1974,7,"090079",189
142.98,-38.49,1974,8,"090079",109.7
142.98,-38.49,1974,9,"090079",165.4
142.98,-38.49,1974,10,"090079",81.7
142.98,-38.49,1974,11,"090079",45
142.98,-38.49,1974,12,"090079",59.6
142.98,-38.49,1975,1,"090079",45.9
142.98,-38.49,1975,2,"090079",10.5
142.98,-38.49,1975,3,"090079",92.6
142.98,-38.49,1975,4,"090079",49.7
142.98,-38.49,1975,5,"090079",108.4
142.98,-38.49,1975,6,"090079",64.7
142.98,-38.49,1975,7,"090079",136.1
142.98,-38.49,1975,8,"090079",157.2
142.98,-38.49,1975,9,"090079",115
142.98,-38.49,1975,10,"090079",116.4
142.98,-38.49,1975,11,"090079",88
142.98,-38.49,1975,12,"090079",21.6
142.98,-38.49,1976,1,"090079",10
142.98,-38.49,1976,2,"090079",38.1
142.98,-38.49,1976,3,"090079",46.8
142.98,-38.49,1976,4,"090079",45.6
142.98,-38.49,1976,5,"090079",62.2
142.98,-38.49,1976,6,"090079",111.7
142.98,-38.49,1976,7,"090079",44.5
142.98,-38.49,1976,8,"090079",105.7
142.98,-38.49,1976,9,"090079",107.9
142.98,-38.49,1976,10,"090079",104.2
142.98,-38.49,1976,11,"090079",72.9
142.98,-38.49,1976,12,"090079",79.5
142.98,-38.49,1977,1,"090079",50.1
142.98,-38.49,1977,2,"090079",24.7
142.98,-38.49,1977,3,"090079",52.7
142.98,-38.49,1977,4,"090079",27.6
142.98,-38.49,1977,5,"090079",95.3
142.98,-38.49,1977,6,"090079",168.4
142.98,-38.49,1977,7,"090079",130.6
142.98,-38.49,1977,8,"090079",61.9
142.98,-38.49,1977,9,"090079",47.5
142.98,-38.49,1977,10,"090079",71.6
142.98,-38.49,1977,11,"090079",101.2
142.98,-38.49,1977,12,"090079",29.3
142.98,-38.49,1978,1,"090079",33.6
142.98,-38.49,1978,2,"090079",42.2
142.98,-38.49,1978,3,"090079",28.7
142.98,-38.49,1978,4,"090079",64.4
142.98,-38.49,1978,5,"090079",74.4
142.98,-38.49,1978,6,"090079",46
142.98,-38.49,1978,7,"090079",147
142.98,-38.49,1978,8,"090079",139.2
142.98,-38.49,1978,9,"090079",86.1
142.98,-38.49,1978,10,"090079",92.3
142.98,-38.49,1978,11,"090079",105.4
142.98,-38.49,1978,12,"090079",119.3
142.98,-38.49,1979,1,"090079",57.3
142.98,-38.49,1979,2,"090079",18.5
142.98,-38.49,1979,3,"090079",28.9
142.98,-38.49,1979,4,"090079",71.5
142.98,-38.49,1979,5,"090079",59.3
142.98,-38.49,1979,6,"090079",66.7
142.98,-38.49,1979,7,"090079",101.2
142.98,-38.49,1979,8,"090079",146.3
142.98,-38.49,1979,9,"090079",116.8
142.98,-38.49,1979,10,"090079",112.6
142.98,-38.49,1979,11,"090079",62.8
142.98,-38.49,1979,12,"090079",50.2
142.98,-38.49,1980,1,"090079",68.7
142.98,-38.49,1980,2,"090079",15.9
142.98,-38.49,1980,3,"090079",17.6
142.98,-38.49,1980,4,"090079",78.5
142.98,-38.49,1980,5,"090079",69.6
142.98,-38.49,1980,6,"090079",101.6
142.98,-38.49,1980,7,"090079",106.4
142.98,-38.49,1980,8,"090079",101.5
142.98,-38.49,1980,9,"090079",98.4
142.98,-38.49,1980,10,"090079",107.4
142.98,-38.49,1980,11,"090079",45.2
142.98,-38.49,1980,12,"090079",27.5
142.98,-38.49,1981,1,"090079",38.1
142.98,-38.49,1981,2,"090079",29.1
142.98,-38.49,1981,3,"090079",49.6
142.98,-38.49,1981,4,"090079",28.8
142.98,-38.49,1981,5,"090079",76.3
142.98,-38.49,1981,6,"090079",78.8
142.98,-38.49,1981,7,"090079",97
142.98,-38.49,1981,8,"090079",146.8
142.98,-38.49,1981,9,"090079",29.7
142.98,-38.49,1981,10,"090079",59.6
142.98,-38.49,1981,11,"090079",36.9
142.98,-38.49,1981,12,"090079",23.5
142.98,-38.49,1982,1,"090079",37.8
142.98,-38.49,1982,2,"090079",10.9
142.98,-38.49,1982,3,"090079",50.5
142.98,-38.49,1982,4,"090079",68.4
142.98,-38.49,1982,5,"090079",100.9
142.98,-38.49,1982,6,"090079",101.2
142.98,-38.49,1982,7,"090079",59.5
142.98,-38.49,1982,8,"090079",32
142.98,-38.49,1982,9,"090079",68.7
142.98,-38.49,1982,10,"090079",53.2
142.98,-38.49,1982,11,"090079",25.8
142.98,-38.49,1982,12,"090079",18.1
142.98,-38.49,1983,1,"090079",47.5
142.98,-38.49,1983,2,"090079",0.4
142.98,-38.49,1983,3,"090079",90
142.98,-38.49,1983,4,"090079",80.8
142.98,-38.49,1983,5,"090079",98.8
142.98,-38.49,1983,6,"090079",146.8
142.98,-38.49,1983,7,"090079",83.3
142.98,-38.49,1983,8,"090079",88.8
142.98,-38.49,1983,9,"090079",136.8
142.98,-38.49,1983,10,"090079",58.4
142.98,-38.49,1983,11,"090079",106.4
142.98,-38.49,1983,12,"090079",11.6
142.98,-38.49,1984,1,"090079",32.3
142.98,-38.49,1984,2,"090079",16.4
142.98,-38.49,1984,3,"090079",134
142.98,-38.49,1984,4,"090079",34
142.98,-38.49,1984,5,"090079",38.9
142.98,-38.49,1984,6,"090079",56.8
142.98,-38.49,1984,7,"090079",106.9
142.98,-38.49,1984,8,"090079",116.3
142.98,-38.49,1984,9,"090079",165.7
142.98,-38.49,1984,10,"090079",40.9
142.98,-38.49,1984,11,"090079",58.9
142.98,-38.49,1984,12,"090079",64.6
142.98,-38.49,1985,1,"090079",19.9
142.98,-38.49,1985,2,"090079",12.1
142.98,-38.49,1985,3,"090079",40.8
142.98,-38.49,1985,4,"090079",97.1
142.98,-38.49,1985,5,"090079",65.6
142.98,-38.49,1985,6,"090079",118.1
142.98,-38.49,1985,7,"090079",111.6
142.98,-38.49,1985,8,"090079",87.8
142.98,-38.49,1985,9,"090079",47.3
142.98,-38.49,1985,10,"090079",52.3
142.98,-38.49,1985,11,"090079",97.8
142.98,-38.49,1985,12,"090079",146
142.98,-38.49,1986,1,"090079",48.4
142.98,-38.49,1986,2,"090079",18.2
142.98,-38.49,1986,3,"090079",4
142.98,-38.49,1986,4,"090079",121.8
142.98,-38.49,1986,5,"090079",102.5
142.98,-38.49,1986,6,"090079",99.2
142.98,-38.49,1986,7,"090079",133
142.98,-38.49,1986,8,"090079",81.9
142.98,-38.49,1986,9,"090079",85.5
142.98,-38.49,1986,10,"090079",142
142.98,-38.49,1986,11,"090079",37.5
142.98,-38.49,1986,12,"090079",121
142.98,-38.49,1987,1,"090079",88
142.98,-38.49,1987,2,"090079",33.5
142.98,-38.49,1987,3,"090079",63.8
142.98,-38.49,1987,4,"090079",50.1
142.98,-38.49,1987,5,"090079",147.4
142.98,-38.49,1987,6,"090079",116.5
142.98,-38.49,1987,7,"090079",74
142.98,-38.49,1987,8,"090079",89
142.98,-38.49,1987,9,"090079",78.4
142.98,-38.49,1987,10,"090079",77.2
142.98,-38.49,1987,11,"090079",44.4
142.98,-38.49,1987,12,"090079",84.4
142.98,-38.49,1988,1,"090079",42.9
142.98,-38.49,1988,2,"090079",33.8
142.98,-38.49,1988,3,"090079",35.9
142.98,-38.49,1988,4,"090079",19.2
142.98,-38.49,1988,5,"090079",92
142.98,-38.49,1988,6,"090079",128.2
142.98,-38.49,1988,7,"090079",110.8
142.98,-38.49,1988,8,"090079",95
142.98,-38.49,1988,9,"090079",82
142.98,-38.49,1988,10,"090079",88.4
142.98,-38.49,1988,11,"090079",112.8
142.98,-38.49,1988,12,"090079",118
142.98,-38.49,1989,1,"090079",53.5
142.98,-38.49,1989,2,"090079",13.5
142.98,-38.49,1989,3,"090079",64.9
142.98,-38.49,1989,4,"090079",57.5
142.98,-38.49,1989,5,"090079",174.5
142.98,-38.49,1989,6,"090079",134
142.98,-38.49,1989,7,"090079",93.7
142.98,-38.49,1989,8,"090079",157.5
142.98,-38.49,1989,9,"090079",116.3
142.98,-38.49,1989,10,"090079",194.5
142.98,-38.49,1989,11,"090079",34.1
142.98,-38.49,1989,12,"090079",47.5
142.98,-38.49,1990,1,"090079",4.5
142.98,-38.49,1990,2,"090079",197
142.98,-38.49,1990,3,"090079",42.3
142.98,-38.49,1990,4,"090079",71.7
142.98,-38.49,1990,5,"090079",41.1
142.98,-38.49,1990,6,"090079",148.5
142.98,-38.49,1990,7,"090079",213.6
142.98,-38.49,1990,8,"090079",177.4
142.98,-38.49,1990,9,"090079",97
142.98,-38.49,1990,10,"090079",82.1
142.98,-38.49,1990,11,"090079",53.4
142.98,-38.49,1990,12,"090079",34.8
142.98,-38.49,1991,1,"090079",208.2
142.98,-38.49,1991,2,"090079",9
142.98,-38.49,1991,3,"090079",66.2
142.98,-38.49,1991,4,"090079",56.4
142.98,-38.49,1991,5,"090079",28.2
142.98,-38.49,1991,6,"090079",172.8
142.98,-38.49,1991,7,"090079",111.4
142.98,-38.49,1991,8,"090079",191.4
142.98,-38.49,1991,9,"090079",138
142.98,-38.49,1991,10,"090079",38.6
142.98,-38.49,1991,11,"090079",95.8
142.98,-38.49,1991,12,"090079",45.7
142.98,-38.49,1992,1,"090079",30.6
142.98,-38.49,1992,2,"090079",35
142.98,-38.49,1992,3,"090079",32.3
142.98,-38.49,1992,4,"090079",114
142.98,-38.49,1992,5,"090079",82.6
142.98,-38.49,1992,6,"090079",105.6
142.98,-38.49,1992,7,"090079",95.6
142.98,-38.49,1992,8,"090079",163.2
142.98,-38.49,1992,9,"090079",141.2
142.98,-38.49,1992,10,"090079",93
142.98,-38.49,1992,11,"090079",100.4
142.98,-38.49,1992,12,"090079",88.8
142.98,-38.49,1993,1,"090079",45.2
142.98,-38.49,1993,2,"090079",64
142.98,-38.49,1993,3,"090079",26.4
142.98,-38.49,1993,4,"090079",13.6
142.98,-38.49,1993,5,"090079",43.6
142.98,-38.49,1993,6,"090079",86.2
142.98,-38.49,1993,7,"090079",82.4
142.98,-38.49,1993,8,"090079",82
142.98,-38.49,1993,9,"090079",135.4
142.98,-38.49,1993,10,"090079",94
142.98,-38.49,1993,11,"090079",57
142.98,-38.49,1993,12,"090079",133.2
142.98,-38.49,1994,1,"090079",58.8
142.98,-38.49,1994,2,"090079",41.4
142.98,-38.49,1994,3,"090079",18.6
142.98,-38.49,1994,4,"090079",56.8
142.98,-38.49,1994,5,"090079",108.6
142.98,-38.49,1994,6,"090079",62
142.98,-38.49,1994,7,"090079",128.2
142.98,-38.49,1994,8,"090079",88
142.98,-38.49,1994,9,"090079",106.6
142.98,-38.49,1994,10,"090079",73.8
142.98,-38.49,1994,11,"090079",75.9
142.98,-38.49,1994,12,"090079",38.4
142.98,-38.49,1995,1,"090079",13
142.98,-38.49,1995,2,"090079",31
142.98,-38.49,1995,3,"090079",68.2
142.98,-38.49,1995,4,"090079",134.4
142.98,-38.49,1995,5,"090079",53.2
142.98,-38.49,1995,6,"090079",107
142.98,-38.49,1995,7,"090079",173.6
142.98,-38.49,1995,8,"090079",90.2
142.98,-38.49,1995,9,"090079",69
142.98,-38.49,1995,10,"090079",38.6
142.98,-38.49,1995,11,"090079",53.2
142.98,-38.49,1995,12,"090079",70.4
142.98,-38.49,1996,1,"090079",42
142.98,-38.49,1996,2,"090079",46.5
142.98,-38.49,1996,3,"090079",64.1
142.98,-38.49,1996,4,"090079",83.4
142.98,-38.49,1996,5,"090079",25.2
142.98,-38.49,1996,6,"090079",127.4
142.98,-38.49,1996,7,"090079",138.2
142.98,-38.49,1996,8,"090079",148
142.98,-38.49,1996,9,"090079",183.4
142.98,-38.49,1996,10,"090079",56.6
142.98,-38.49,1996,11,"090079",64
142.98,-38.49,1996,12,"090079",45.2
142.98,-38.49,1997,1,"090079",58.8
142.98,-38.49,1997,2,"090079",8.2
142.98,-38.49,1997,3,"090079",40.4
142.98,-38.49,1997,4,"090079",27.2
142.98,-38.49,1997,5,"090079",117.2
142.98,-38.49,1997,6,"090079",54.4
142.98,-38.49,1997,7,"090079",51.6
142.98,-38.49,1997,8,"090079",110.6
142.98,-38.49,1997,9,"090079",72
142.98,-38.49,1997,10,"090079",60.4
142.98,-38.49,1997,11,"090079",71.4
142.98,-38.49,1997,12,"090079",21.6
142.98,-38.49,1998,1,"090079",51.1
142.98,-38.49,1998,2,"090079",40
142.98,-38.49,1998,3,"090079",39.4
142.98,-38.49,1998,4,"090079",97.2
142.98,-38.49,1998,5,"090079",68.3
142.98,-38.49,1998,6,"090079",129.2
142.98,-38.49,1998,7,"090079",80.6
142.98,-38.49,1998,8,"090079",59.6
142.98,-38.49,1998,9,"090079",131.4
142.98,-38.49,1998,10,"090079",116.2
142.98,-38.49,1998,11,"090079",49
142.98,-38.49,1998,12,"090079",39.8
142.98,-38.49,1999,1,"090079",11.8
142.98,-38.49,1999,2,"090079",49.4
142.98,-38.49,1999,3,"090079",53
142.98,-38.49,1999,4,"090079",36.4
142.98,-38.49,1999,5,"090079",97.4
142.98,-38.49,1999,6,"090079",74
142.98,-38.49,1999,7,"090079",61.2
142.98,-38.49,1999,8,"090079",94
142.98,-38.49,1999,9,"090079",36.6
142.98,-38.49,1999,10,"090079",74.6
142.98,-38.49,1999,11,"090079",NA
142.98,-38.49,1999,12,"090079",89.2
142.98,-38.49,2000,1,"090079",40
142.98,-38.49,2000,2,"090079",22
142.98,-38.49,2000,3,"090079",19.6
142.98,-38.49,2000,4,"090079",80.6
142.98,-38.49,2000,5,"090079",190.6
142.98,-38.49,2000,6,"090079",99.9
142.98,-38.49,2000,7,"090079",99.3
142.98,-38.49,2000,8,"090079",103.8
142.98,-38.49,2000,9,"090079",136.2
142.98,-38.49,2000,10,"090079",161.1
142.98,-38.49,2000,11,"090079",38.1
142.98,-38.49,2000,12,"090079",36.2
142.98,-38.49,2001,1,"090079",12.4
142.98,-38.49,2001,2,"090079",20
142.98,-38.49,2001,3,"090079",65.6
142.98,-38.49,2001,4,"090079",92
142.98,-38.49,2001,5,"090079",40
142.98,-38.49,2001,6,"090079",82.5
142.98,-38.49,2001,7,"090079",57.6
142.98,-38.49,2001,8,"090079",189.2
142.98,-38.49,2001,9,"090079",90.5
142.98,-38.49,2001,10,"090079",142
142.98,-38.49,2001,11,"090079",105.6
142.98,-38.49,2001,12,"090079",71.5
142.98,-38.49,2002,1,"090079",31.5
142.98,-38.49,2002,2,"090079",77
142.98,-38.49,2002,3,"090079",21
142.98,-38.49,2002,4,"090079",43
142.98,-38.49,2002,5,"090079",105
142.98,-38.49,2002,6,"090079",109.5
142.98,-38.49,2002,7,"090079",147
142.98,-38.49,2002,8,"090079",73.5
142.98,-38.49,2002,9,"090079",98.5
142.98,-38.49,2002,10,"090079",85.3
142.98,-38.49,2002,11,"090079",58.6
142.98,-38.49,2002,12,"090079",61.1
142.98,-38.49,2003,1,"090079",38.6
142.98,-38.49,2003,2,"090079",NA
142.98,-38.49,2003,3,"090079",76.6
142.98,-38.49,2003,4,"090079",37.8
142.98,-38.49,2003,5,"090079",32.4
142.98,-38.49,2003,6,"090079",NA
142.98,-38.49,2003,7,"090079",121.6
142.98,-38.49,2003,8,"090079",NA
142.98,-38.49,2003,9,"090079",NA
142.98,-38.49,2003,10,"090079",98.6
142.98,-38.49,2003,11,"090079",31.8
142.98,-38.49,2003,12,"090079",42.7
142.98,-38.49,2004,1,"090079",48.8
142.98,-38.49,2004,2,"090079",46.6
142.98,-38.49,2004,3,"090079",83.9
142.98,-38.49,2004,4,"090079",NA
142.98,-38.49,2004,5,"090079",86.3
142.98,-38.49,2004,6,"090079",187
142.98,-38.49,2004,7,"090079",146.1
142.98,-38.49,2004,8,"090079",149
142.98,-38.49,2004,9,"090079",116.2
142.98,-38.49,2004,10,"090079",48.9
142.98,-38.49,2004,11,"090079",83.4
142.98,-38.49,2004,12,"090079",70.6
142.98,-38.49,2005,1,"090079",56.5
142.98,-38.49,2005,2,"090079",121.4
142.98,-38.49,2005,3,"090079",24.8
142.98,-38.49,2005,4,"090079",42.9
142.98,-38.49,2005,5,"090079",31.6
142.98,-38.49,2005,6,"090079",121
142.98,-38.49,2005,7,"090079",88
142.98,-38.49,2005,8,"090079",122
142.98,-38.49,2005,9,"090079",NA
142.98,-38.49,2005,10,"090079",NA
142.98,-38.49,2005,11,"090079",44.6
142.98,-38.49,2005,12,"090079",39.4
142.98,-38.49,2006,1,"090079",28.2
142.98,-38.49,2006,2,"090079",37.6
142.98,-38.49,2006,3,"090079",21.4
142.98,-38.49,2006,4,"090079",126.4
142.98,-38.49,2006,5,"090079",112.5
142.98,-38.49,2006,6,"090079",34.4
142.98,-38.49,2006,7,"090079",88.8
142.98,-38.49,2006,8,"090079",NA
142.98,-38.49,2006,9,"090079",55.2
142.98,-38.49,2006,10,"090079",33
142.98,-38.49,2006,11,"090079",31
142.98,-38.49,2006,12,"090079",21.6
142.98,-38.49,2007,1,"090079",NA
142.98,-38.49,2007,2,"090079",3.6
142.98,-38.49,2007,3,"090079",44.4
142.98,-38.49,2007,4,"090079",30.2
142.98,-38.49,2007,5,"090079",135.2
142.98,-38.49,2007,6,"090079",112.2
142.98,-38.49,2007,7,"090079",133.1
142.98,-38.49,2007,8,"090079",118.2
142.98,-38.49,2007,9,"090079",117.4
142.98,-38.49,2007,10,"090079",84.8
142.98,-38.49,2007,11,"090079",NA
142.98,-38.49,2007,12,"090079",NA
142.98,-38.49,2008,1,"090079",16.2
142.98,-38.49,2008,2,"090079",41.6
142.98,-38.49,2008,3,"090079",NA
142.98,-38.49,2008,4,"090079",44.7
142.98,-38.49,2008,5,"090079",67.8
142.98,-38.49,2008,6,"090079",61
142.98,-38.49,2008,7,"090079",NA
142.98,-38.49,2008,8,"090079",NA
142.98,-38.49,2008,9,"090079",67
142.98,-38.49,2008,10,"090079",25.6
142.98,-38.49,2008,11,"090079",NA
142.98,-38.49,2008,12,"090079",112.9
142.98,-38.49,2009,1,"090079",10.4
142.98,-38.49,2009,2,"090079",2.2
142.98,-38.49,2009,3,"090079",68.7
142.98,-38.49,2009,4,"090079",88.6
142.98,-38.49,2009,5,"090079",78.2
142.98,-38.49,2009,6,"090079",93.5
142.98,-38.49,2009,7,"090079",NA
142.98,-38.49,2009,8,"090079",150.8
142.98,-38.49,2009,9,"090079",106.9
142.98,-38.49,2009,10,"090079",76.8
142.98,-38.49,2009,11,"090079",73.5
142.98,-38.49,2009,12,"090079",59.5
142.98,-38.49,2010,1,"090079",9
142.98,-38.49,2010,2,"090079",NA
142.98,-38.49,2010,3,"090079",NA
142.98,-38.49,2010,4,"090079",NA
142.98,-38.49,2010,5,"090079",NA
142.98,-38.49,2010,6,"090079",NA
142.98,-38.49,2010,7,"090079",NA
142.98,-38.49,2010,8,"090079",NA
142.98,-38.49,2010,9,"090079",NA
142.98,-38.49,2010,10,"090079",NA
142.98,-38.49,2010,11,"090079",NA
142.98,-38.49,2010,12,"090079",NA
142.98,-38.49,2011,1,"090079",114.6
142.98,-38.49,2011,2,"090079",46
142.98,-38.49,2011,3,"090079",73.8
142.98,-38.49,2011,4,"090079",93.8
142.98,-38.49,2011,5,"090079",80.2
142.98,-38.49,2011,6,"090079",125.4
142.98,-38.49,2011,7,"090079",105.9
142.98,-38.49,2011,8,"090079",61.8
142.98,-38.49,2011,9,"090079",63.4
142.98,-38.49,2011,10,"090079",68
142.98,-38.49,2011,11,"090079",47
142.98,-38.49,2011,12,"090079",17.4
142.98,-38.49,2012,1,"090079",41.6
142.98,-38.49,2012,2,"090079",22.8
142.98,-38.49,2012,3,"090079",59.2
142.98,-38.49,2012,4,"090079",51.4
142.98,-38.49,2012,5,"090079",82.4
142.98,-38.49,2012,6,"090079",111
142.98,-38.49,2012,7,"090079",105.8
142.98,-38.49,2012,8,"090079",115.4
142.98,-38.49,2012,9,"090079",90.8
142.98,-38.49,2012,10,"090079",66.2
142.98,-38.49,2012,11,"090079",31.4
142.98,-38.49,2012,12,"090079",NA
142.98,-38.49,2013,1,"090079",4.5
142.98,-38.49,2013,2,"090079",17.9
142.98,-38.49,2013,3,"090079",34.4
142.98,-38.49,2013,4,"090079",26.8
142.98,-38.49,2013,5,"090079",116.6
142.98,-38.49,2013,6,"090079",51.6
142.98,-38.49,2013,7,"090079",130
142.98,-38.49,2013,8,"090079",245.8
142.98,-38.49,2013,9,"090079",64.4
142.98,-38.49,2013,10,"090079",153.6
142.98,-38.49,2013,11,"090079",73.2
142.98,-38.49,2013,12,"090079",NA
142.98,-38.49,2014,1,"090079",32.7
142.98,-38.49,2014,2,"090079",15.8
142.98,-38.49,2014,3,"090079",40.4
142.98,-38.49,2014,4,"090079",119.5
142.98,-38.49,2014,5,"090079",47.6
142.98,-38.49,2014,6,"090079",137.7
142.98,-38.49,2014,7,"090079",61.4
142.98,-38.49,2014,8,"090079",51.6
142.98,-38.49,2014,9,"090079",42.6
142.98,-38.49,2014,10,"090079",45.6
142.98,-38.49,2014,11,"090079",28
142.98,-38.49,2014,12,"090079",23.4
142.98,-38.49,2015,1,"090079",44.4
142.98,-38.49,2015,2,"090079",20
142.98,-38.49,2015,3,"090079",81
142.98,-38.49,2015,4,"090079",35
142.98,-38.49,2015,5,"090079",110.2
142.98,-38.49,2015,6,"090079",65.2
142.98,-38.49,2015,7,"090079",91.6
142.98,-38.49,2015,8,"090079",70.2
142.98,-38.49,2015,9,"090079",58.3
142.98,-38.49,2015,10,"090079",7.6
142.98,-38.49,2015,11,"090079",28.5
142.98,-38.49,2015,12,"090079",NA
142.98,-38.49,2016,1,"090079",13.8
142.98,-38.49,2016,2,"090079",37.2
142.98,-38.49,2016,3,"090079",27.6
142.98,-38.49,2016,4,"090079",48.2
142.98,-38.49,2016,5,"090079",172.2
142.98,-38.49,2016,6,"090079",145.3
142.98,-38.49,2016,7,"090079",213.6
142.98,-38.49,2016,8,"090079",99.4
142.98,-38.49,2016,9,"090079",140.9
142.98,-38.49,2016,10,"090079",135.8
142.98,-38.49,2016,11,"090079",58.5
142.98,-38.49,2016,12,"090079",64
142.98,-38.49,2017,1,"090079",64.5
142.98,-38.49,2017,2,"090079",84.9
142.98,-38.49,2017,3,"090079",63
142.98,-38.49,2017,4,"090079",122.8
142.98,-38.49,2017,5,"090079",91.4
142.98,-38.49,2017,6,"090079",22.6
142.98,-38.49,2017,7,"090079",107
142.98,-38.49,2017,8,"090079",134.6
142.98,-38.49,2017,9,"090079",NA
142.98,-38.49,2017,10,"090079",NA
142.98,-38.49,2017,11,"090079",NA
142.98,-38.49,2017,12,"090079",NA
142.98,-38.49,2019,1,"090079",NA
142.98,-38.49,2019,2,"090079",NA
142.98,-38.49,2019,3,"090079",NA
142.98,-38.49,2019,4,"090079",NA
142.98,-38.49,2019,5,"090079",NA
142.98,-38.49,2019,6,"090079",NA
142.98,-38.49,2019,7,"090079",115.4
142.98,-38.49,2019,8,"090079",111
142.98,-38.49,2019,9,"090079",72
142.98,-38.49,2019,10,"090079",67.6
142.98,-38.49,2019,11,"090079",78.4
142.98,-38.49,2019,12,"090079",39
142.98,-38.49,2020,1,"090079",28
142.98,-38.49,2020,2,"090079",71
142.98,-38.49,2020,3,"090079",43
142.98,-38.49,2020,4,"090079",42
142.98,-38.49,2020,5,"090079",48.5
142.98,-38.49,2020,6,"090079",NA
142.98,-38.49,2020,7,"090079",NA
142.98,-38.49,2020,8,"090079",NA
142.98,-38.49,2020,9,"090079",NA
142.98,-38.49,2020,10,"090079",NA
142.98,-38.49,2020,11,"090079",NA
142.98,-38.49,2020,12,"090079",NA
142.98,-38.49,2021,1,"090079",109.4
142.98,-38.49,2021,2,"090079",19.6
142.98,-38.49,2021,3,"090079",38.4
142.98,-38.49,2021,4,"090079",79.4
142.98,-38.49,2021,5,"090079",88.1
142.98,-38.49,2021,6,"090079",148.6
142.98,-38.49,2021,7,"090079",125.6
142.98,-38.49,2021,8,"090079",70.8
142.98,-38.49,2021,9,"090079",89.3
142.98,-38.49,2021,10,"090079",70.2
142.98,-38.49,2021,11,"090079",61.4
142.98,-38.49,2021,12,"090079",NA
