"Lon","Lat","Year","Month","Station","Rain"
149.32,-33.82,1890,1,"063083",32.7
149.32,-33.82,1890,2,"063083",199.6
149.32,-33.82,1890,3,"063083",99.2
149.32,-33.82,1890,4,"063083",37
149.32,-33.82,1890,5,"063083",54.2
149.32,-33.82,1890,6,"063083",175.4
149.32,-33.82,1890,7,"063083",90.1
149.32,-33.82,1890,8,"063083",58.5
149.32,-33.82,1890,9,"063083",90.6
149.32,-33.82,1890,10,"063083",111.4
149.32,-33.82,1890,11,"063083",101.8
149.32,-33.82,1890,12,"063083",83.5
149.32,-33.82,1891,1,"063083",202.6
149.32,-33.82,1891,2,"063083",71.2
149.32,-33.82,1891,3,"063083",18.7
149.32,-33.82,1891,4,"063083",127.6
149.32,-33.82,1891,5,"063083",70.8
149.32,-33.82,1891,6,"063083",123.1
149.32,-33.82,1891,7,"063083",136.9
149.32,-33.82,1891,8,"063083",68.6
149.32,-33.82,1891,9,"063083",91.6
149.32,-33.82,1891,10,"063083",76.3
149.32,-33.82,1891,11,"063083",88.1
149.32,-33.82,1891,12,"063083",47.4
149.32,-33.82,1892,1,"063083",80.5
149.32,-33.82,1892,2,"063083",43.2
149.32,-33.82,1892,3,"063083",17.3
149.32,-33.82,1892,4,"063083",67
149.32,-33.82,1892,5,"063083",112.6
149.32,-33.82,1892,6,"063083",40.6
149.32,-33.82,1892,7,"063083",49.4
149.32,-33.82,1892,8,"063083",83.3
149.32,-33.82,1892,9,"063083",169.8
149.32,-33.82,1892,10,"063083",64.6
149.32,-33.82,1892,11,"063083",22.6
149.32,-33.82,1892,12,"063083",53.8
149.32,-33.82,1893,1,"063083",110.2
149.32,-33.82,1893,2,"063083",55.4
149.32,-33.82,1893,3,"063083",102.3
149.32,-33.82,1893,4,"063083",97.6
149.32,-33.82,1893,5,"063083",78.4
149.32,-33.82,1893,6,"063083",69.1
149.32,-33.82,1893,7,"063083",46.9
149.32,-33.82,1893,8,"063083",80.8
149.32,-33.82,1893,9,"063083",67.3
149.32,-33.82,1893,10,"063083",49.6
149.32,-33.82,1893,11,"063083",121.9
149.32,-33.82,1893,12,"063083",52.6
149.32,-33.82,1894,1,"063083",203.6
149.32,-33.82,1894,2,"063083",26.4
149.32,-33.82,1894,3,"063083",127.7
149.32,-33.82,1894,4,"063083",58.8
149.32,-33.82,1894,5,"063083",63
149.32,-33.82,1894,6,"063083",78.2
149.32,-33.82,1894,7,"063083",126.8
149.32,-33.82,1894,8,"063083",67.7
149.32,-33.82,1894,9,"063083",90.4
149.32,-33.82,1894,10,"063083",40
149.32,-33.82,1894,11,"063083",22.6
149.32,-33.82,1894,12,"063083",61.6
149.32,-33.82,1895,1,"063083",108.6
149.32,-33.82,1895,2,"063083",42.7
149.32,-33.82,1895,3,"063083",13.9
149.32,-33.82,1895,4,"063083",16.3
149.32,-33.82,1895,5,"063083",27.3
149.32,-33.82,1895,6,"063083",74.5
149.32,-33.82,1895,7,"063083",29.7
149.32,-33.82,1895,8,"063083",56.8
149.32,-33.82,1895,9,"063083",61.8
149.32,-33.82,1895,10,"063083",26.7
149.32,-33.82,1895,11,"063083",18.4
149.32,-33.82,1895,12,"063083",83.6
149.32,-33.82,1896,1,"063083",34.9
149.32,-33.82,1896,2,"063083",133.7
149.32,-33.82,1896,3,"063083",54.7
149.32,-33.82,1896,4,"063083",41.1
149.32,-33.82,1896,5,"063083",59.2
149.32,-33.82,1896,6,"063083",108.5
149.32,-33.82,1896,7,"063083",23.1
149.32,-33.82,1896,8,"063083",121.7
149.32,-33.82,1896,9,"063083",34.7
149.32,-33.82,1896,10,"063083",60.4
149.32,-33.82,1896,11,"063083",92.4
149.32,-33.82,1896,12,"063083",44.7
149.32,-33.82,1897,1,"063083",62.3
149.32,-33.82,1897,2,"063083",6.6
149.32,-33.82,1897,3,"063083",14.7
149.32,-33.82,1897,4,"063083",16.1
149.32,-33.82,1897,5,"063083",8.7
149.32,-33.82,1897,6,"063083",59.5
149.32,-33.82,1897,7,"063083",56.8
149.32,-33.82,1897,8,"063083",99.7
149.32,-33.82,1897,9,"063083",79.5
149.32,-33.82,1897,10,"063083",66.9
149.32,-33.82,1897,11,"063083",16.5
149.32,-33.82,1897,12,"063083",77.7
149.32,-33.82,1898,1,"063083",96
149.32,-33.82,1898,2,"063083",38.7
149.32,-33.82,1898,3,"063083",17
149.32,-33.82,1898,4,"063083",0
149.32,-33.82,1898,5,"063083",42.4
149.32,-33.82,1898,6,"063083",58.9
149.32,-33.82,1898,7,"063083",55.1
149.32,-33.82,1898,8,"063083",53
149.32,-33.82,1898,9,"063083",30.4
149.32,-33.82,1898,10,"063083",69.3
149.32,-33.82,1898,11,"063083",14.6
149.32,-33.82,1898,12,"063083",38.4
149.32,-33.82,1899,1,"063083",35.2
149.32,-33.82,1899,2,"063083",8.1
149.32,-33.82,1899,3,"063083",14
149.32,-33.82,1899,4,"063083",55.2
149.32,-33.82,1899,5,"063083",32.3
149.32,-33.82,1899,6,"063083",87.9
149.32,-33.82,1899,7,"063083",42.5
149.32,-33.82,1899,8,"063083",86.1
149.32,-33.82,1899,9,"063083",28.9
149.32,-33.82,1899,10,"063083",51.9
149.32,-33.82,1899,11,"063083",106.3
149.32,-33.82,1899,12,"063083",34.8
149.32,-33.82,1900,1,"063083",90
149.32,-33.82,1900,2,"063083",17.5
149.32,-33.82,1900,3,"063083",152.9
149.32,-33.82,1900,4,"063083",118.4
149.32,-33.82,1900,5,"063083",128.2
149.32,-33.82,1900,6,"063083",133.2
149.32,-33.82,1900,7,"063083",179.5
149.32,-33.82,1900,8,"063083",63.2
149.32,-33.82,1900,9,"063083",105.4
149.32,-33.82,1900,10,"063083",23.2
149.32,-33.82,1900,11,"063083",63.6
149.32,-33.82,1900,12,"063083",14.5
149.32,-33.82,1901,1,"063083",59.5
149.32,-33.82,1901,2,"063083",9.5
149.32,-33.82,1901,3,"063083",123.7
149.32,-33.82,1901,4,"063083",99
149.32,-33.82,1901,5,"063083",9.9
149.32,-33.82,1901,6,"063083",100.3
149.32,-33.82,1901,7,"063083",61.4
149.32,-33.82,1901,8,"063083",104.8
149.32,-33.82,1901,9,"063083",53.4
149.32,-33.82,1901,10,"063083",117.3
149.32,-33.82,1901,11,"063083",47.9
149.32,-33.82,1901,12,"063083",2.8
149.32,-33.82,1902,1,"063083",27.1
149.32,-33.82,1902,2,"063083",4.4
149.32,-33.82,1902,3,"063083",55.4
149.32,-33.82,1902,4,"063083",0
149.32,-33.82,1902,5,"063083",17
149.32,-33.82,1902,6,"063083",37.8
149.32,-33.82,1902,7,"063083",85.9
149.32,-33.82,1902,8,"063083",41.7
149.32,-33.82,1902,9,"063083",53.1
149.32,-33.82,1902,10,"063083",29.1
149.32,-33.82,1902,11,"063083",33
149.32,-33.82,1902,12,"063083",106.4
149.32,-33.82,1903,1,"063083",26.1
149.32,-33.82,1903,2,"063083",11.5
149.32,-33.82,1903,3,"063083",68.9
149.32,-33.82,1903,4,"063083",85.9
149.32,-33.82,1903,5,"063083",14.3
149.32,-33.82,1903,6,"063083",93.7
149.32,-33.82,1903,7,"063083",93.4
149.32,-33.82,1903,8,"063083",29.8
149.32,-33.82,1903,9,"063083",135.4
149.32,-33.82,1903,10,"063083",58.3
149.32,-33.82,1903,11,"063083",18.1
149.32,-33.82,1903,12,"063083",80.7
149.32,-33.82,1904,1,"063083",103.9
149.32,-33.82,1904,2,"063083",41.1
149.32,-33.82,1904,3,"063083",5.5
149.32,-33.82,1904,4,"063083",34.1
149.32,-33.82,1904,5,"063083",56.2
149.32,-33.82,1904,6,"063083",30.5
149.32,-33.82,1904,7,"063083",158.4
149.32,-33.82,1904,8,"063083",62.2
149.32,-33.82,1904,9,"063083",51.4
149.32,-33.82,1904,10,"063083",65
149.32,-33.82,1904,11,"063083",39.2
149.32,-33.82,1904,12,"063083",20.4
149.32,-33.82,1905,1,"063083",45.8
149.32,-33.82,1905,2,"063083",40
149.32,-33.82,1905,3,"063083",49.6
149.32,-33.82,1905,4,"063083",41.1
149.32,-33.82,1905,5,"063083",99.3
149.32,-33.82,1905,6,"063083",121
149.32,-33.82,1905,7,"063083",81.1
149.32,-33.82,1905,8,"063083",51.3
149.32,-33.82,1905,9,"063083",82.7
149.32,-33.82,1905,10,"063083",129.4
149.32,-33.82,1905,11,"063083",5.8
149.32,-33.82,1905,12,"063083",17.2
149.32,-33.82,1906,1,"063083",46.7
149.32,-33.82,1906,2,"063083",18.8
149.32,-33.82,1906,3,"063083",81.6
149.32,-33.82,1906,4,"063083",34.8
149.32,-33.82,1906,5,"063083",54.4
149.32,-33.82,1906,6,"063083",107.2
149.32,-33.82,1906,7,"063083",57.7
149.32,-33.82,1906,8,"063083",78.7
149.32,-33.82,1906,9,"063083",120.8
149.32,-33.82,1906,10,"063083",120.9
149.32,-33.82,1906,11,"063083",70.3
149.32,-33.82,1906,12,"063083",63.1
149.32,-33.82,1907,1,"063083",63.5
149.32,-33.82,1907,2,"063083",58.4
149.32,-33.82,1907,3,"063083",39.7
149.32,-33.82,1907,4,"063083",49.2
149.32,-33.82,1907,5,"063083",21.6
149.32,-33.82,1907,6,"063083",85
149.32,-33.82,1907,7,"063083",57.7
149.32,-33.82,1907,8,"063083",75.8
149.32,-33.82,1907,9,"063083",64
149.32,-33.82,1907,10,"063083",54.4
149.32,-33.82,1907,11,"063083",97.6
149.32,-33.82,1907,12,"063083",31.8
149.32,-33.82,1908,1,"063083",47.5
149.32,-33.82,1908,2,"063083",92.9
149.32,-33.82,1908,3,"063083",2.8
149.32,-33.82,1908,4,"063083",33.2
149.32,-33.82,1908,5,"063083",43.6
149.32,-33.82,1908,6,"063083",73.6
149.32,-33.82,1908,7,"063083",47.5
149.32,-33.82,1908,8,"063083",81.9
149.32,-33.82,1908,9,"063083",118.1
149.32,-33.82,1908,10,"063083",32.9
149.32,-33.82,1908,11,"063083",33.8
149.32,-33.82,1908,12,"063083",47.2
149.32,-33.82,1909,1,"063083",119.5
149.32,-33.82,1909,2,"063083",96.1
149.32,-33.82,1909,3,"063083",16
149.32,-33.82,1909,4,"063083",40.6
149.32,-33.82,1909,5,"063083",46.2
149.32,-33.82,1909,6,"063083",120.2
149.32,-33.82,1909,7,"063083",40.7
149.32,-33.82,1909,8,"063083",96
149.32,-33.82,1909,9,"063083",66.8
149.32,-33.82,1909,10,"063083",76.2
149.32,-33.82,1909,11,"063083",31.9
149.32,-33.82,1909,12,"063083",53.3
149.32,-33.82,1910,1,"063083",103
149.32,-33.82,1910,2,"063083",13.4
149.32,-33.82,1910,3,"063083",94.8
149.32,-33.82,1910,4,"063083",8.6
149.32,-33.82,1910,5,"063083",28.2
149.32,-33.82,1910,6,"063083",113.4
149.32,-33.82,1910,7,"063083",115.7
149.32,-33.82,1910,8,"063083",24.9
149.32,-33.82,1910,9,"063083",50.2
149.32,-33.82,1910,10,"063083",66.5
149.32,-33.82,1910,11,"063083",44.6
149.32,-33.82,1910,12,"063083",109.2
149.32,-33.82,1911,1,"063083",188.4
149.32,-33.82,1911,2,"063083",46.4
149.32,-33.82,1911,3,"063083",100.6
149.32,-33.82,1911,4,"063083",40.9
149.32,-33.82,1911,5,"063083",85
149.32,-33.82,1911,6,"063083",84
149.32,-33.82,1911,7,"063083",59.1
149.32,-33.82,1911,8,"063083",17.1
149.32,-33.82,1911,9,"063083",53
149.32,-33.82,1911,10,"063083",25.4
149.32,-33.82,1911,11,"063083",97
149.32,-33.82,1911,12,"063083",102.8
149.32,-33.82,1912,1,"063083",24.9
149.32,-33.82,1912,2,"063083",23.6
149.32,-33.82,1912,3,"063083",6.6
149.32,-33.82,1912,4,"063083",9.4
149.32,-33.82,1912,5,"063083",1.5
149.32,-33.82,1912,6,"063083",73.2
149.32,-33.82,1912,7,"063083",129
149.32,-33.82,1912,8,"063083",132.8
149.32,-33.82,1912,9,"063083",45
149.32,-33.82,1912,10,"063083",47.9
149.32,-33.82,1912,11,"063083",54.2
149.32,-33.82,1912,12,"063083",11.2
149.32,-33.82,1913,1,"063083",23.4
149.32,-33.82,1913,2,"063083",38.9
149.32,-33.82,1913,3,"063083",116.7
149.32,-33.82,1913,4,"063083",36.3
149.32,-33.82,1913,5,"063083",72.8
149.32,-33.82,1913,6,"063083",62.6
149.32,-33.82,1913,7,"063083",18.8
149.32,-33.82,1913,8,"063083",34.1
149.32,-33.82,1913,9,"063083",66.4
149.32,-33.82,1913,10,"063083",91.8
149.32,-33.82,1913,11,"063083",43.6
149.32,-33.82,1913,12,"063083",26.9
149.32,-33.82,1914,1,"063083",29.3
149.32,-33.82,1914,2,"063083",14
149.32,-33.82,1914,3,"063083",119.9
149.32,-33.82,1914,4,"063083",49.5
149.32,-33.82,1914,5,"063083",58.4
149.32,-33.82,1914,6,"063083",27.2
149.32,-33.82,1914,7,"063083",82.5
149.32,-33.82,1914,8,"063083",5.6
149.32,-33.82,1914,9,"063083",62.6
149.32,-33.82,1914,10,"063083",60.1
149.32,-33.82,1914,11,"063083",102
149.32,-33.82,1914,12,"063083",106.4
149.32,-33.82,1915,1,"063083",15.5
149.32,-33.82,1915,2,"063083",49.5
149.32,-33.82,1915,3,"063083",60.7
149.32,-33.82,1915,4,"063083",16
149.32,-33.82,1915,5,"063083",84.3
149.32,-33.82,1915,6,"063083",160.7
149.32,-33.82,1915,7,"063083",92.3
149.32,-33.82,1915,8,"063083",94.4
149.32,-33.82,1915,9,"063083",74.7
149.32,-33.82,1915,10,"063083",65.9
149.32,-33.82,1915,11,"063083",3.6
149.32,-33.82,1915,12,"063083",87.9
149.32,-33.82,1916,1,"063083",86.6
149.32,-33.82,1916,2,"063083",95.3
149.32,-33.82,1916,3,"063083",62.5
149.32,-33.82,1916,4,"063083",99.1
149.32,-33.82,1916,5,"063083",15
149.32,-33.82,1916,6,"063083",231.1
149.32,-33.82,1916,7,"063083",131.4
149.32,-33.82,1916,8,"063083",140.4
149.32,-33.82,1916,9,"063083",58.2
149.32,-33.82,1916,10,"063083",171.2
149.32,-33.82,1916,11,"063083",136.1
149.32,-33.82,1916,12,"063083",133.6
149.32,-33.82,1917,1,"063083",112.3
149.32,-33.82,1917,2,"063083",76.3
149.32,-33.82,1917,3,"063083",19.6
149.32,-33.82,1917,4,"063083",27.5
149.32,-33.82,1917,5,"063083",92
149.32,-33.82,1917,6,"063083",82.7
149.32,-33.82,1917,7,"063083",162.4
149.32,-33.82,1917,8,"063083",148.4
149.32,-33.82,1917,9,"063083",85.9
149.32,-33.82,1917,10,"063083",129.4
149.32,-33.82,1917,11,"063083",94.2
149.32,-33.82,1917,12,"063083",58.1
149.32,-33.82,1918,1,"063083",165.3
149.32,-33.82,1918,2,"063083",45.8
149.32,-33.82,1918,3,"063083",82.5
149.32,-33.82,1918,4,"063083",31.7
149.32,-33.82,1918,5,"063083",44
149.32,-33.82,1918,6,"063083",48.2
149.32,-33.82,1918,7,"063083",62.9
149.32,-33.82,1918,8,"063083",149.8
149.32,-33.82,1918,9,"063083",15.8
149.32,-33.82,1918,10,"063083",40.8
149.32,-33.82,1918,11,"063083",6.1
149.32,-33.82,1918,12,"063083",17.6
149.32,-33.82,1919,1,"063083",12.9
149.32,-33.82,1919,2,"063083",51.3
149.32,-33.82,1919,3,"063083",21.8
149.32,-33.82,1919,4,"063083",15.7
149.32,-33.82,1919,5,"063083",66.2
149.32,-33.82,1919,6,"063083",36.8
149.32,-33.82,1919,7,"063083",33
149.32,-33.82,1919,8,"063083",71.9
149.32,-33.82,1919,9,"063083",45
149.32,-33.82,1919,10,"063083",29
149.32,-33.82,1919,11,"063083",8.9
149.32,-33.82,1919,12,"063083",83.6
149.32,-33.82,1920,1,"063083",71.9
149.32,-33.82,1920,2,"063083",20.3
149.32,-33.82,1920,3,"063083",50.3
149.32,-33.82,1920,4,"063083",55.1
149.32,-33.82,1920,5,"063083",14.3
149.32,-33.82,1920,6,"063083",137.4
149.32,-33.82,1920,7,"063083",102.9
149.32,-33.82,1920,8,"063083",132.2
149.32,-33.82,1920,9,"063083",96.6
149.32,-33.82,1920,10,"063083",52.3
149.32,-33.82,1920,11,"063083",92.9
149.32,-33.82,1920,12,"063083",236.7
149.32,-33.82,1921,1,"063083",56.2
149.32,-33.82,1921,2,"063083",19.4
149.32,-33.82,1921,3,"063083",63.5
149.32,-33.82,1921,4,"063083",99.8
149.32,-33.82,1921,5,"063083",101.9
149.32,-33.82,1921,6,"063083",47.5
149.32,-33.82,1921,7,"063083",90.4
149.32,-33.82,1921,8,"063083",85.9
149.32,-33.82,1921,9,"063083",85.6
149.32,-33.82,1921,10,"063083",46.7
149.32,-33.82,1921,11,"063083",31.5
149.32,-33.82,1921,12,"063083",120.8
149.32,-33.82,1922,1,"063083",64.8
149.32,-33.82,1922,2,"063083",24.9
149.32,-33.82,1922,3,"063083",21.3
149.32,-33.82,1922,4,"063083",65.8
149.32,-33.82,1922,5,"063083",49.6
149.32,-33.82,1922,6,"063083",29.2
149.32,-33.82,1922,7,"063083",146.8
149.32,-33.82,1922,8,"063083",58.2
149.32,-33.82,1922,9,"063083",39.9
149.32,-33.82,1922,10,"063083",37.1
149.32,-33.82,1922,11,"063083",5.1
149.32,-33.82,1922,12,"063083",82.8
149.32,-33.82,1923,1,"063083",20.2
149.32,-33.82,1923,2,"063083",0
149.32,-33.82,1923,3,"063083",18.2
149.32,-33.82,1923,4,"063083",0
149.32,-33.82,1923,5,"063083",47.7
149.32,-33.82,1923,6,"063083",193
149.32,-33.82,1923,7,"063083",182.7
149.32,-33.82,1923,8,"063083",64.5
149.32,-33.82,1923,9,"063083",173.4
149.32,-33.82,1923,10,"063083",88.8
149.32,-33.82,1923,11,"063083",47.5
149.32,-33.82,1923,12,"063083",42.2
149.32,-33.82,1924,1,"063083",74.5
149.32,-33.82,1924,2,"063083",109.7
149.32,-33.82,1924,3,"063083",21.6
149.32,-33.82,1924,4,"063083",70.6
149.32,-33.82,1924,5,"063083",30.1
149.32,-33.82,1924,6,"063083",61.6
149.32,-33.82,1924,7,"063083",29
149.32,-33.82,1924,8,"063083",68.3
149.32,-33.82,1924,9,"063083",142.7
149.32,-33.82,1924,10,"063083",75.5
149.32,-33.82,1924,11,"063083",125.5
149.32,-33.82,1924,12,"063083",21.3
149.32,-33.82,1925,1,"063083",62.2
149.32,-33.82,1925,2,"063083",44.3
149.32,-33.82,1925,3,"063083",50.8
149.32,-33.82,1925,4,"063083",25.4
149.32,-33.82,1925,5,"063083",81.4
149.32,-33.82,1925,6,"063083",144.2
149.32,-33.82,1925,7,"063083",60.9
149.32,-33.82,1925,8,"063083",36.8
149.32,-33.82,1925,9,"063083",33.1
149.32,-33.82,1925,10,"063083",64
149.32,-33.82,1925,11,"063083",79.6
149.32,-33.82,1925,12,"063083",18
149.32,-33.82,1926,1,"063083",15
149.32,-33.82,1926,2,"063083",20.3
149.32,-33.82,1926,3,"063083",191
149.32,-33.82,1926,4,"063083",114.2
149.32,-33.82,1926,5,"063083",126.3
149.32,-33.82,1926,6,"063083",29
149.32,-33.82,1926,7,"063083",105.2
149.32,-33.82,1926,8,"063083",67.4
149.32,-33.82,1926,9,"063083",89.9
149.32,-33.82,1926,10,"063083",47
149.32,-33.82,1926,11,"063083",15
149.32,-33.82,1926,12,"063083",99.3
149.32,-33.82,1927,1,"063083",119.1
149.32,-33.82,1927,2,"063083",4.6
149.32,-33.82,1927,3,"063083",39.1
149.32,-33.82,1927,4,"063083",40.9
149.32,-33.82,1927,5,"063083",49
149.32,-33.82,1927,6,"063083",23.1
149.32,-33.82,1927,7,"063083",43.8
149.32,-33.82,1927,8,"063083",74.3
149.32,-33.82,1927,9,"063083",67.4
149.32,-33.82,1927,10,"063083",76.2
149.32,-33.82,1927,11,"063083",87.3
149.32,-33.82,1927,12,"063083",14.8
149.32,-33.82,1928,1,"063083",42.7
149.32,-33.82,1928,2,"063083",205.2
149.32,-33.82,1928,3,"063083",89.8
149.32,-33.82,1928,4,"063083",69.9
149.32,-33.82,1928,5,"063083",38.9
149.32,-33.82,1928,6,"063083",75.1
149.32,-33.82,1928,7,"063083",101.8
149.32,-33.82,1928,8,"063083",18.8
149.32,-33.82,1928,9,"063083",46.2
149.32,-33.82,1928,10,"063083",75.2
149.32,-33.82,1928,11,"063083",33
149.32,-33.82,1928,12,"063083",22.6
149.32,-33.82,1929,1,"063083",7.4
149.32,-33.82,1929,2,"063083",28.5
149.32,-33.82,1929,3,"063083",84.3
149.32,-33.82,1929,4,"063083",0
149.32,-33.82,1929,5,"063083",0
149.32,-33.82,1929,6,"063083",54.4
149.32,-33.82,1929,7,"063083",25.9
149.32,-33.82,1929,8,"063083",68.5
149.32,-33.82,1929,9,"063083",33.8
149.32,-33.82,1929,10,"063083",33.1
149.32,-33.82,1929,11,"063083",120.1
149.32,-33.82,1929,12,"063083",85.9
149.32,-33.82,1930,1,"063083",50.6
149.32,-33.82,1930,2,"063083",38.4
149.32,-33.82,1930,3,"063083",41.7
149.32,-33.82,1930,4,"063083",40.6
149.32,-33.82,1930,5,"063083",50.1
149.32,-33.82,1930,6,"063083",51.3
149.32,-33.82,1930,7,"063083",83.4
149.32,-33.82,1930,8,"063083",122.7
149.32,-33.82,1930,9,"063083",46.1
149.32,-33.82,1930,10,"063083",157.6
149.32,-33.82,1930,11,"063083",60.4
149.32,-33.82,1930,12,"063083",77.4
149.32,-33.82,1931,1,"063083",63.8
149.32,-33.82,1931,2,"063083",14
149.32,-33.82,1931,3,"063083",141.3
149.32,-33.82,1931,4,"063083",106
149.32,-33.82,1931,5,"063083",131.8
149.32,-33.82,1931,6,"063083",151.9
149.32,-33.82,1931,7,"063083",84.9
149.32,-33.82,1931,8,"063083",59.5
149.32,-33.82,1931,9,"063083",73.5
149.32,-33.82,1931,10,"063083",54.1
149.32,-33.82,1931,11,"063083",58.1
149.32,-33.82,1931,12,"063083",105.7
149.32,-33.82,1932,1,"063083",3.3
149.32,-33.82,1932,2,"063083",28.7
149.32,-33.82,1932,3,"063083",133.8
149.32,-33.82,1932,4,"063083",62.4
149.32,-33.82,1932,5,"063083",18.5
149.32,-33.82,1932,6,"063083",94.2
149.32,-33.82,1932,7,"063083",71
149.32,-33.82,1932,8,"063083",83
149.32,-33.82,1932,9,"063083",27.4
149.32,-33.82,1932,10,"063083",36.7
149.32,-33.82,1932,11,"063083",91.5
149.32,-33.82,1932,12,"063083",38
149.32,-33.82,1933,1,"063083",63.5
149.32,-33.82,1933,2,"063083",0
149.32,-33.82,1933,3,"063083",17.3
149.32,-33.82,1933,4,"063083",45.4
149.32,-33.82,1933,5,"063083",49.9
149.32,-33.82,1933,6,"063083",34
149.32,-33.82,1933,7,"063083",96.9
149.32,-33.82,1933,8,"063083",29.3
149.32,-33.82,1933,9,"063083",94.5
149.32,-33.82,1933,10,"063083",31.5
149.32,-33.82,1933,11,"063083",127.2
149.32,-33.82,1933,12,"063083",81.1
149.32,-33.82,1934,1,"063083",123
149.32,-33.82,1934,2,"063083",111.3
149.32,-33.82,1934,3,"063083",0
149.32,-33.82,1934,4,"063083",64.6
149.32,-33.82,1934,5,"063083",0
149.32,-33.82,1934,6,"063083",51.6
149.32,-33.82,1934,7,"063083",83.1
149.32,-33.82,1934,8,"063083",84.4
149.32,-33.82,1934,9,"063083",54.9
149.32,-33.82,1934,10,"063083",136.1
149.32,-33.82,1934,11,"063083",145.9
149.32,-33.82,1934,12,"063083",7.6
149.32,-33.82,1935,1,"063083",106.4
149.32,-33.82,1935,2,"063083",45.7
149.32,-33.82,1935,3,"063083",19.8
149.32,-33.82,1935,4,"063083",140
149.32,-33.82,1935,5,"063083",24.4
149.32,-33.82,1935,6,"063083",16.8
149.32,-33.82,1935,7,"063083",94
149.32,-33.82,1935,8,"063083",96
149.32,-33.82,1935,9,"063083",37.3
149.32,-33.82,1935,10,"063083",99.8
149.32,-33.82,1935,11,"063083",8.4
149.32,-33.82,1935,12,"063083",72.4
149.32,-33.82,1936,1,"063083",142.2
149.32,-33.82,1936,2,"063083",69.1
149.32,-33.82,1936,3,"063083",80.5
149.32,-33.82,1936,4,"063083",52.1
149.32,-33.82,1936,5,"063083",33.8
149.32,-33.82,1936,6,"063083",69.9
149.32,-33.82,1936,7,"063083",77.5
149.32,-33.82,1936,8,"063083",60.5
149.32,-33.82,1936,9,"063083",31.5
149.32,-33.82,1936,10,"063083",40.1
149.32,-33.82,1936,11,"063083",2.5
149.32,-33.82,1936,12,"063083",173.7
149.32,-33.82,1937,1,"063083",65.9
149.32,-33.82,1937,2,"063083",10.7
149.32,-33.82,1937,3,"063083",53.7
149.32,-33.82,1937,4,"063083",27.4
149.32,-33.82,1937,5,"063083",33.4
149.32,-33.82,1937,6,"063083",59.4
149.32,-33.82,1937,7,"063083",24.1
149.32,-33.82,1937,8,"063083",80.9
149.32,-33.82,1937,9,"063083",101.5
149.32,-33.82,1937,10,"063083",66.1
149.32,-33.82,1937,11,"063083",56.7
149.32,-33.82,1937,12,"063083",57.1
149.32,-33.82,1938,1,"063083",109.4
149.32,-33.82,1938,2,"063083",42.9
149.32,-33.82,1938,3,"063083",2.8
149.32,-33.82,1938,4,"063083",72.5
149.32,-33.82,1938,5,"063083",26.5
149.32,-33.82,1938,6,"063083",60.5
149.32,-33.82,1938,7,"063083",78.1
149.32,-33.82,1938,8,"063083",89.1
149.32,-33.82,1938,9,"063083",20
149.32,-33.82,1938,10,"063083",137.6
149.32,-33.82,1938,11,"063083",41.3
149.32,-33.82,1938,12,"063083",3
149.32,-33.82,1939,1,"063083",28.5
149.32,-33.82,1939,2,"063083",36.6
149.32,-33.82,1939,3,"063083",88.8
149.32,-33.82,1939,4,"063083",128.3
149.32,-33.82,1939,5,"063083",NA
149.32,-33.82,1939,6,"063083",NA
149.32,-33.82,1939,7,"063083",NA
149.32,-33.82,1939,8,"063083",NA
149.32,-33.82,1939,9,"063083",NA
149.32,-33.82,1939,10,"063083",NA
149.32,-33.82,1939,11,"063083",NA
149.32,-33.82,1939,12,"063083",NA
149.32,-33.82,1942,1,"063083",2.8
149.32,-33.82,1942,2,"063083",20.9
149.32,-33.82,1942,3,"063083",53.7
149.32,-33.82,1942,4,"063083",0
149.32,-33.82,1942,5,"063083",164.8
149.32,-33.82,1942,6,"063083",173.3
149.32,-33.82,1942,7,"063083",122.9
149.32,-33.82,1942,8,"063083",139.6
149.32,-33.82,1942,9,"063083",113.1
149.32,-33.82,1942,10,"063083",33
149.32,-33.82,1942,11,"063083",169.7
149.32,-33.82,1942,12,"063083",34.5
149.32,-33.82,1943,1,"063083",92.4
149.32,-33.82,1943,2,"063083",41.1
149.32,-33.82,1943,3,"063083",13.2
149.32,-33.82,1943,4,"063083",117.4
149.32,-33.82,1943,5,"063083",120
149.32,-33.82,1943,6,"063083",104.7
149.32,-33.82,1943,7,"063083",103.1
149.32,-33.82,1943,8,"063083",118.3
149.32,-33.82,1943,9,"063083",133.1
149.32,-33.82,1943,10,"063083",19.3
149.32,-33.82,1943,11,"063083",93.5
149.32,-33.82,1943,12,"063083",13.2
149.32,-33.82,1944,1,"063083",5.6
149.32,-33.82,1944,2,"063083",17.3
149.32,-33.82,1944,3,"063083",38.6
149.32,-33.82,1944,4,"063083",24.9
149.32,-33.82,1944,5,"063083",103
149.32,-33.82,1944,6,"063083",21.9
149.32,-33.82,1944,7,"063083",13.7
149.32,-33.82,1944,8,"063083",38
149.32,-33.82,1944,9,"063083",26.4
149.32,-33.82,1944,10,"063083",17.2
149.32,-33.82,1944,11,"063083",47.7
149.32,-33.82,1944,12,"063083",10.7
149.32,-33.82,1945,1,"063083",106.9
149.32,-33.82,1945,2,"063083",68.3
149.32,-33.82,1945,3,"063083",54.8
149.32,-33.82,1945,4,"063083",70.5
149.32,-33.82,1945,5,"063083",108.7
149.32,-33.82,1945,6,"063083",261.6
149.32,-33.82,1945,7,"063083",38.1
149.32,-33.82,1945,8,"063083",167.2
149.32,-33.82,1945,9,"063083",27.9
149.32,-33.82,1945,10,"063083",61.5
149.32,-33.82,1945,11,"063083",32.5
149.32,-33.82,1945,12,"063083",39.4
149.32,-33.82,1946,1,"063083",42.1
149.32,-33.82,1946,2,"063083",70.1
149.32,-33.82,1946,3,"063083",24.8
149.32,-33.82,1946,4,"063083",23.9
149.32,-33.82,1946,5,"063083",22.4
149.32,-33.82,1946,6,"063083",26.4
149.32,-33.82,1946,7,"063083",103.5
149.32,-33.82,1946,8,"063083",47.7
149.32,-33.82,1946,9,"063083",17.8
149.32,-33.82,1946,10,"063083",68.5
149.32,-33.82,1946,11,"063083",117
149.32,-33.82,1946,12,"063083",10.6
149.32,-33.82,1947,1,"063083",11.4
149.32,-33.82,1947,2,"063083",78.7
149.32,-33.82,1947,3,"063083",80
149.32,-33.82,1947,4,"063083",44.6
149.32,-33.82,1947,5,"063083",55.3
149.32,-33.82,1947,6,"063083",61.4
149.32,-33.82,1947,7,"063083",152.4
149.32,-33.82,1947,8,"063083",67.6
149.32,-33.82,1947,9,"063083",117.3
149.32,-33.82,1947,10,"063083",72.1
149.32,-33.82,1947,11,"063083",111.3
149.32,-33.82,1947,12,"063083",231.7
149.32,-33.82,1948,1,"063083",67.5
149.32,-33.82,1948,2,"063083",63
149.32,-33.82,1948,3,"063083",38.9
149.32,-33.82,1948,4,"063083",102.6
149.32,-33.82,1948,5,"063083",104.6
149.32,-33.82,1948,6,"063083",NA
149.32,-33.82,1948,7,"063083",79.8
149.32,-33.82,1948,8,"063083",54.4
149.32,-33.82,1948,9,"063083",83.3
149.32,-33.82,1948,10,"063083",62
149.32,-33.82,1948,11,"063083",38.6
149.32,-33.82,1948,12,"063083",NA
149.32,-33.82,1949,1,"063083",136.3
149.32,-33.82,1949,2,"063083",70.6
149.32,-33.82,1949,3,"063083",56.4
149.32,-33.82,1949,4,"063083",34.6
149.32,-33.82,1949,5,"063083",51.1
149.32,-33.82,1949,6,"063083",98.5
149.32,-33.82,1949,7,"063083",71.1
149.32,-33.82,1949,8,"063083",18.8
149.32,-33.82,1949,9,"063083",137.3
149.32,-33.82,1949,10,"063083",119.6
149.32,-33.82,1949,11,"063083",122.7
149.32,-33.82,1949,12,"063083",57.7
149.32,-33.82,1950,1,"063083",115.4
149.32,-33.82,1950,2,"063083",116.8
149.32,-33.82,1950,3,"063083",314.6
149.32,-33.82,1950,4,"063083",105
149.32,-33.82,1950,5,"063083",115.6
149.32,-33.82,1950,6,"063083",125.7
149.32,-33.82,1950,7,"063083",129.1
149.32,-33.82,1950,8,"063083",102.1
149.32,-33.82,1950,9,"063083",81.1
149.32,-33.82,1950,10,"063083",202.4
149.32,-33.82,1950,11,"063083",113.5
149.32,-33.82,1950,12,"063083",10.7
149.32,-33.82,1951,1,"063083",46.9
149.32,-33.82,1951,2,"063083",48
149.32,-33.82,1951,3,"063083",60
149.32,-33.82,1951,4,"063083",47.8
149.32,-33.82,1951,5,"063083",62.7
149.32,-33.82,1951,6,"063083",138
149.32,-33.82,1951,7,"063083",146
149.32,-33.82,1951,8,"063083",160.2
149.32,-33.82,1951,9,"063083",94.6
149.32,-33.82,1951,10,"063083",67.6
149.32,-33.82,1951,11,"063083",54.3
149.32,-33.82,1951,12,"063083",32
149.32,-33.82,1952,1,"063083",72.1
149.32,-33.82,1952,2,"063083",12.9
149.32,-33.82,1952,3,"063083",125.6
149.32,-33.82,1952,4,"063083",172.1
149.32,-33.82,1952,5,"063083",153.7
149.32,-33.82,1952,6,"063083",188.7
149.32,-33.82,1952,7,"063083",137
149.32,-33.82,1952,8,"063083",70.5
149.32,-33.82,1952,9,"063083",71.6
149.32,-33.82,1952,10,"063083",146.2
149.32,-33.82,1952,11,"063083",100.3
149.32,-33.82,1952,12,"063083",100.1
149.32,-33.82,1953,1,"063083",57.4
149.32,-33.82,1953,2,"063083",19.8
149.32,-33.82,1953,3,"063083",10.2
149.32,-33.82,1953,4,"063083",19.8
149.32,-33.82,1953,5,"063083",111
149.32,-33.82,1953,6,"063083",68.5
149.32,-33.82,1953,7,"063083",44.1
149.32,-33.82,1953,8,"063083",70.1
149.32,-33.82,1953,9,"063083",63
149.32,-33.82,1953,10,"063083",79.5
149.32,-33.82,1953,11,"063083",102.1
149.32,-33.82,1953,12,"063083",67.4
149.32,-33.82,1954,1,"063083",56.7
149.32,-33.82,1954,2,"063083",130.5
149.32,-33.82,1954,3,"063083",0
149.32,-33.82,1954,4,"063083",74.4
149.32,-33.82,1954,5,"063083",25.1
149.32,-33.82,1954,6,"063083",59
149.32,-33.82,1954,7,"063083",52.3
149.32,-33.82,1954,8,"063083",39.6
149.32,-33.82,1954,9,"063083",43.5
149.32,-33.82,1954,10,"063083",114.5
149.32,-33.82,1954,11,"063083",176.4
149.32,-33.82,1954,12,"063083",81.6
149.32,-33.82,1955,1,"063083",63.9
149.32,-33.82,1955,2,"063083",243.8
149.32,-33.82,1955,3,"063083",30.2
149.32,-33.82,1955,4,"063083",12.7
149.32,-33.82,1955,5,"063083",81
149.32,-33.82,1955,6,"063083",66.1
149.32,-33.82,1955,7,"063083",45.9
149.32,-33.82,1955,8,"063083",126.7
149.32,-33.82,1955,9,"063083",51.1
149.32,-33.82,1955,10,"063083",167.2
149.32,-33.82,1955,11,"063083",175.9
149.32,-33.82,1955,12,"063083",44.5
149.32,-33.82,1956,1,"063083",105.1
149.32,-33.82,1956,2,"063083",152.5
149.32,-33.82,1956,3,"063083",256.3
149.32,-33.82,1956,4,"063083",166.1
149.32,-33.82,1956,5,"063083",80.3
149.32,-33.82,1956,6,"063083",135.6
149.32,-33.82,1956,7,"063083",146.1
149.32,-33.82,1956,8,"063083",106.8
149.32,-33.82,1956,9,"063083",99
149.32,-33.82,1956,10,"063083",167.7
149.32,-33.82,1956,11,"063083",33.1
149.32,-33.82,1956,12,"063083",10.9
149.32,-33.82,1957,1,"063083",18.3
149.32,-33.82,1957,2,"063083",36.5
149.32,-33.82,1957,3,"063083",40.3
149.32,-33.82,1957,4,"063083",34.5
149.32,-33.82,1957,5,"063083",29.3
149.32,-33.82,1957,6,"063083",41.6
149.32,-33.82,1957,7,"063083",65.8
149.32,-33.82,1957,8,"063083",76.4
149.32,-33.82,1957,9,"063083",19.2
149.32,-33.82,1957,10,"063083",24
149.32,-33.82,1957,11,"063083",12
149.32,-33.82,1957,12,"063083",85.1
149.32,-33.82,1958,1,"063083",179.8
149.32,-33.82,1958,2,"063083",24.3
149.32,-33.82,1958,3,"063083",60.2
149.32,-33.82,1958,4,"063083",56.2
149.32,-33.82,1958,5,"063083",59.4
149.32,-33.82,1958,6,"063083",76.7
149.32,-33.82,1958,7,"063083",116.4
149.32,-33.82,1958,8,"063083",135.6
149.32,-33.82,1958,9,"063083",98.9
149.32,-33.82,1958,10,"063083",129.2
149.32,-33.82,1958,11,"063083",12.1
149.32,-33.82,1958,12,"063083",156.2
149.32,-33.82,1959,1,"063083",37.6
149.32,-33.82,1959,2,"063083",125.3
149.32,-33.82,1959,3,"063083",67.6
149.32,-33.82,1959,4,"063083",117.7
149.32,-33.82,1959,5,"063083",10.6
149.32,-33.82,1959,6,"063083",109.7
149.32,-33.82,1959,7,"063083",99.5
149.32,-33.82,1959,8,"063083",42.2
149.32,-33.82,1959,9,"063083",75.6
149.32,-33.82,1959,10,"063083",55.3
149.32,-33.82,1959,11,"063083",124.7
149.32,-33.82,1959,12,"063083",36.8
149.32,-33.82,1960,1,"063083",124.6
149.32,-33.82,1960,2,"063083",70.6
149.32,-33.82,1960,3,"063083",40.1
149.32,-33.82,1960,4,"063083",56.9
149.32,-33.82,1960,5,"063083",157.7
149.32,-33.82,1960,6,"063083",32.9
149.32,-33.82,1960,7,"063083",141.3
149.32,-33.82,1960,8,"063083",144.5
149.32,-33.82,1960,9,"063083",152.3
149.32,-33.82,1960,10,"063083",79.4
149.32,-33.82,1960,11,"063083",72.7
149.32,-33.82,1960,12,"063083",139.7
149.32,-33.82,1961,1,"063083",41.9
149.32,-33.82,1961,2,"063083",42.3
149.32,-33.82,1961,3,"063083",96.7
149.32,-33.82,1961,4,"063083",76
149.32,-33.82,1961,5,"063083",27.4
149.32,-33.82,1961,6,"063083",70.9
149.32,-33.82,1961,7,"063083",136.7
149.32,-33.82,1961,8,"063083",107
149.32,-33.82,1961,9,"063083",58.9
149.32,-33.82,1961,10,"063083",33.3
149.32,-33.82,1961,11,"063083",181.1
149.32,-33.82,1961,12,"063083",72.6
149.32,-33.82,1962,1,"063083",113.7
149.32,-33.82,1962,2,"063083",66.4
149.32,-33.82,1962,3,"063083",24.3
149.32,-33.82,1962,4,"063083",16.2
149.32,-33.82,1962,5,"063083",106.5
149.32,-33.82,1962,6,"063083",40.8
149.32,-33.82,1962,7,"063083",59.7
149.32,-33.82,1962,8,"063083",124.2
149.32,-33.82,1962,9,"063083",85.6
149.32,-33.82,1962,10,"063083",48.6
149.32,-33.82,1962,11,"063083",22.8
149.32,-33.82,1962,12,"063083",198.7
149.32,-33.82,1963,1,"063083",58.5
149.32,-33.82,1963,2,"063083",83.6
149.32,-33.82,1963,3,"063083",52.3
149.32,-33.82,1963,4,"063083",29.5
149.32,-33.82,1963,5,"063083",111.2
149.32,-33.82,1963,6,"063083",79.2
149.32,-33.82,1963,7,"063083",156.4
149.32,-33.82,1963,8,"063083",118.8
149.32,-33.82,1963,9,"063083",80.2
149.32,-33.82,1963,10,"063083",63
149.32,-33.82,1963,11,"063083",68.5
149.32,-33.82,1963,12,"063083",73.5
149.32,-33.82,1964,1,"063083",74.8
149.32,-33.82,1964,2,"063083",10
149.32,-33.82,1964,3,"063083",12.9
149.32,-33.82,1964,4,"063083",68.9
149.32,-33.82,1964,5,"063083",48.5
149.32,-33.82,1964,6,"063083",136.4
149.32,-33.82,1964,7,"063083",162.7
149.32,-33.82,1964,8,"063083",79.9
149.32,-33.82,1964,9,"063083",134.7
149.32,-33.82,1964,10,"063083",125.6
149.32,-33.82,1964,11,"063083",77.4
149.32,-33.82,1964,12,"063083",21
149.32,-33.82,1965,1,"063083",1.5
149.32,-33.82,1965,2,"063083",1
149.32,-33.82,1965,3,"063083",8.1
149.32,-33.82,1965,4,"063083",53.6
149.32,-33.82,1965,5,"063083",47.7
149.32,-33.82,1965,6,"063083",19.4
149.32,-33.82,1965,7,"063083",48.6
149.32,-33.82,1965,8,"063083",59.1
149.32,-33.82,1965,9,"063083",53.9
149.32,-33.82,1965,10,"063083",108.5
149.32,-33.82,1965,11,"063083",52.8
149.32,-33.82,1965,12,"063083",79
149.32,-33.82,1966,1,"063083",34.5
149.32,-33.82,1966,2,"063083",46.8
149.32,-33.82,1966,3,"063083",114.9
149.32,-33.82,1966,4,"063083",30.3
149.32,-33.82,1966,5,"063083",52.8
149.32,-33.82,1966,6,"063083",64.1
149.32,-33.82,1966,7,"063083",70.9
149.32,-33.82,1966,8,"063083",96.5
149.32,-33.82,1966,9,"063083",83.1
149.32,-33.82,1966,10,"063083",166.9
149.32,-33.82,1966,11,"063083",104.1
149.32,-33.82,1966,12,"063083",135.1
149.32,-33.82,1967,1,"063083",62.5
149.32,-33.82,1967,2,"063083",22.3
149.32,-33.82,1967,3,"063083",25.8
149.32,-33.82,1967,4,"063083",0
149.32,-33.82,1967,5,"063083",40.1
149.32,-33.82,1967,6,"063083",37
149.32,-33.82,1967,7,"063083",13.4
149.32,-33.82,1967,8,"063083",197.2
149.32,-33.82,1967,9,"063083",55
149.32,-33.82,1967,10,"063083",42.9
149.32,-33.82,1967,11,"063083",33
149.32,-33.82,1967,12,"063083",20.3
149.32,-33.82,1968,1,"063083",134.5
149.32,-33.82,1968,2,"063083",8.4
149.32,-33.82,1968,3,"063083",81.5
149.32,-33.82,1968,4,"063083",97.4
149.32,-33.82,1968,5,"063083",224.5
149.32,-33.82,1968,6,"063083",69.6
149.32,-33.82,1968,7,"063083",64.3
149.32,-33.82,1968,8,"063083",105.6
149.32,-33.82,1968,9,"063083",36.3
149.32,-33.82,1968,10,"063083",95.8
149.32,-33.82,1968,11,"063083",67.5
149.32,-33.82,1968,12,"063083",120.9
149.32,-33.82,1969,1,"063083",46.7
149.32,-33.82,1969,2,"063083",142.7
149.32,-33.82,1969,3,"063083",114.5
149.32,-33.82,1969,4,"063083",73.5
149.32,-33.82,1969,5,"063083",107.6
149.32,-33.82,1969,6,"063083",47.1
149.32,-33.82,1969,7,"063083",66.6
149.32,-33.82,1969,8,"063083",66.8
149.32,-33.82,1969,9,"063083",81.2
149.32,-33.82,1969,10,"063083",105.7
149.32,-33.82,1969,11,"063083",97.8
149.32,-33.82,1969,12,"063083",42.9
149.32,-33.82,1970,1,"063083",119.4
149.32,-33.82,1970,2,"063083",18.1
149.32,-33.82,1970,3,"063083",82.9
149.32,-33.82,1970,4,"063083",71.6
149.32,-33.82,1970,5,"063083",92.8
149.32,-33.82,1970,6,"063083",62.6
149.32,-33.82,1970,7,"063083",22.5
149.32,-33.82,1970,8,"063083",95
149.32,-33.82,1970,9,"063083",162.5
149.32,-33.82,1970,10,"063083",92.7
149.32,-33.82,1970,11,"063083",135.5
149.32,-33.82,1970,12,"063083",112.7
149.32,-33.82,1971,1,"063083",143.5
149.32,-33.82,1971,2,"063083",70.5
149.32,-33.82,1971,3,"063083",9.6
149.32,-33.82,1971,4,"063083",22
149.32,-33.82,1971,5,"063083",91.8
149.32,-33.82,1971,6,"063083",41.7
149.32,-33.82,1971,7,"063083",53.9
149.32,-33.82,1971,8,"063083",110.7
149.32,-33.82,1971,9,"063083",91.8
149.32,-33.82,1971,10,"063083",38
149.32,-33.82,1971,11,"063083",133.2
149.32,-33.82,1971,12,"063083",175.6
149.32,-33.82,1972,1,"063083",218.3
149.32,-33.82,1972,2,"063083",47
149.32,-33.82,1972,3,"063083",18.6
149.32,-33.82,1972,4,"063083",NA
149.32,-33.82,1972,5,"063083",NA
149.32,-33.82,1972,6,"063083",NA
149.32,-33.82,1972,7,"063083",NA
149.32,-33.82,1972,8,"063083",NA
149.32,-33.82,1972,9,"063083",NA
149.32,-33.82,1972,10,"063083",NA
149.32,-33.82,1972,11,"063083",NA
149.32,-33.82,1972,12,"063083",NA
149.32,-33.82,1973,1,"063083",94.8
149.32,-33.82,1973,2,"063083",290
149.32,-33.82,1973,3,"063083",40.8
149.32,-33.82,1973,4,"063083",85.8
149.32,-33.82,1973,5,"063083",37.4
149.32,-33.82,1973,6,"063083",NA
149.32,-33.82,1973,7,"063083",NA
149.32,-33.82,1973,8,"063083",NA
149.32,-33.82,1973,9,"063083",NA
149.32,-33.82,1973,10,"063083",NA
149.32,-33.82,1973,11,"063083",NA
149.32,-33.82,1973,12,"063083",NA
149.32,-33.82,1974,1,"063083",58.2
149.32,-33.82,1974,2,"063083",199.9
149.32,-33.82,1974,3,"063083",28.6
149.32,-33.82,1974,4,"063083",132
149.32,-33.82,1974,5,"063083",80
149.32,-33.82,1974,6,"063083",24.2
149.32,-33.82,1974,7,"063083",130.7
149.32,-33.82,1974,8,"063083",83.2
149.32,-33.82,1974,9,"063083",84.8
149.32,-33.82,1974,10,"063083",100.4
149.32,-33.82,1974,11,"063083",59.4
149.32,-33.82,1974,12,"063083",1
149.32,-33.82,1975,1,"063083",47
149.32,-33.82,1975,2,"063083",69
149.32,-33.82,1975,3,"063083",70
149.32,-33.82,1975,4,"063083",77.4
149.32,-33.82,1975,5,"063083",42.4
149.32,-33.82,1975,6,"063083",123.2
149.32,-33.82,1975,7,"063083",50.4
149.32,-33.82,1975,8,"063083",96.8
149.32,-33.82,1975,9,"063083",106
149.32,-33.82,1975,10,"063083",191.4
149.32,-33.82,1975,11,"063083",18.8
149.32,-33.82,1975,12,"063083",32.9
149.32,-33.82,1976,1,"063083",229.6
149.32,-33.82,1976,2,"063083",100.2
149.32,-33.82,1976,3,"063083",88.8
149.32,-33.82,1976,4,"063083",58.7
149.32,-33.82,1976,5,"063083",9.8
149.32,-33.82,1976,6,"063083",25.8
149.32,-33.82,1976,7,"063083",89
149.32,-33.82,1976,8,"063083",49
149.32,-33.82,1976,9,"063083",99.8
149.32,-33.82,1976,10,"063083",157.8
149.32,-33.82,1976,11,"063083",50
149.32,-33.82,1976,12,"063083",19.8
149.32,-33.82,1977,1,"063083",39.4
149.32,-33.82,1977,2,"063083",49.4
149.32,-33.82,1977,3,"063083",72.6
149.32,-33.82,1977,4,"063083",57.3
149.32,-33.82,1977,5,"063083",137.2
149.32,-33.82,1977,6,"063083",120
149.32,-33.82,1977,7,"063083",48.4
149.32,-33.82,1977,8,"063083",43
149.32,-33.82,1977,9,"063083",85.7
149.32,-33.82,1977,10,"063083",10.6
149.32,-33.82,1977,11,"063083",NA
149.32,-33.82,1977,12,"063083",17
149.32,-33.82,1978,1,"063083",280.8
149.32,-33.82,1978,2,"063083",2.8
149.32,-33.82,1978,3,"063083",103.2
149.32,-33.82,1978,4,"063083",38.6
149.32,-33.82,1978,5,"063083",116.6
149.32,-33.82,1978,6,"063083",103.9
149.32,-33.82,1978,7,"063083",142.2
149.32,-33.82,1978,8,"063083",58.8
149.32,-33.82,1978,9,"063083",149.8
149.32,-33.82,1978,10,"063083",89.2
149.32,-33.82,1978,11,"063083",96.2
149.32,-33.82,1978,12,"063083",89
149.32,-33.82,1979,1,"063083",7.1
149.32,-33.82,1979,2,"063083",9.6
149.32,-33.82,1979,3,"063083",52.2
149.32,-33.82,1979,4,"063083",72.2
149.32,-33.82,1979,5,"063083",44
149.32,-33.82,1979,6,"063083",10.8
149.32,-33.82,1979,7,"063083",23.3
149.32,-33.82,1979,8,"063083",46
149.32,-33.82,1979,9,"063083",90.4
149.32,-33.82,1979,10,"063083",49.3
149.32,-33.82,1979,11,"063083",31.9
149.32,-33.82,1979,12,"063083",0
149.32,-33.82,1980,1,"063083",104.2
149.32,-33.82,1980,2,"063083",52.6
149.32,-33.82,1980,3,"063083",32
149.32,-33.82,1980,4,"063083",15
149.32,-33.82,1980,5,"063083",57.6
149.32,-33.82,1980,6,"063083",88.3
149.32,-33.82,1980,7,"063083",85.3
149.32,-33.82,1980,8,"063083",27.1
149.32,-33.82,1980,9,"063083",66.2
149.32,-33.82,1980,10,"063083",74.7
149.32,-33.82,1980,11,"063083",19.6
149.32,-33.82,1980,12,"063083",70.4
149.32,-33.82,1981,1,"063083",90.9
149.32,-33.82,1981,2,"063083",98
149.32,-33.82,1981,3,"063083",0.8
149.32,-33.82,1981,4,"063083",19.9
149.32,-33.82,1981,5,"063083",NA
149.32,-33.82,1981,6,"063083",142.6
149.32,-33.82,1981,7,"063083",150.6
149.32,-33.82,1981,8,"063083",102.6
149.32,-33.82,1981,9,"063083",46.8
149.32,-33.82,1981,10,"063083",82.8
149.32,-33.82,1981,11,"063083",87.8
149.32,-33.82,1981,12,"063083",47.6
149.32,-33.82,1982,1,"063083",30.9
149.32,-33.82,1982,2,"063083",41
149.32,-33.82,1982,3,"063083",54.6
149.32,-33.82,1982,4,"063083",15.2
149.32,-33.82,1982,5,"063083",15.8
149.32,-33.82,1982,6,"063083",46.1
149.32,-33.82,1982,7,"063083",24.7
149.32,-33.82,1982,8,"063083",8.4
149.32,-33.82,1982,9,"063083",65.8
149.32,-33.82,1982,10,"063083",23.3
149.32,-33.82,1982,11,"063083",16.4
149.32,-33.82,1982,12,"063083",18.4
149.32,-33.82,1983,1,"063083",80.9
149.32,-33.82,1983,2,"063083",40.9
149.32,-33.82,1983,3,"063083",49.8
149.32,-33.82,1983,4,"063083",60.6
149.32,-33.82,1983,5,"063083",107.9
149.32,-33.82,1983,6,"063083",30.8
149.32,-33.82,1983,7,"063083",49.6
149.32,-33.82,1983,8,"063083",59.1
149.32,-33.82,1983,9,"063083",94
149.32,-33.82,1983,10,"063083",71
149.32,-33.82,1983,11,"063083",107.5
149.32,-33.82,1983,12,"063083",173.7
149.32,-33.82,1984,1,"063083",216.6
149.32,-33.82,1984,2,"063083",73.5
149.32,-33.82,1984,3,"063083",39
149.32,-33.82,1984,4,"063083",90.4
149.32,-33.82,1984,5,"063083",41.3
149.32,-33.82,1984,6,"063083",24.9
149.32,-33.82,1984,7,"063083",196
149.32,-33.82,1984,8,"063083",113.7
149.32,-33.82,1984,9,"063083",111.8
149.32,-33.82,1984,10,"063083",86.7
149.32,-33.82,1984,11,"063083",46.6
149.32,-33.82,1984,12,"063083",48
149.32,-33.82,1985,1,"063083",11.7
149.32,-33.82,1985,2,"063083",108.2
149.32,-33.82,1985,3,"063083",87.9
149.32,-33.82,1985,4,"063083",55.9
149.32,-33.82,1985,5,"063083",50.4
149.32,-33.82,1985,6,"063083",52.6
149.32,-33.82,1985,7,"063083",30.4
149.32,-33.82,1985,8,"063083",116.3
149.32,-33.82,1985,9,"063083",95.6
149.32,-33.82,1985,10,"063083",90
149.32,-33.82,1985,11,"063083",74.6
149.32,-33.82,1985,12,"063083",109
149.32,-33.82,1986,1,"063083",69.8
149.32,-33.82,1986,2,"063083",1.2
149.32,-33.82,1986,3,"063083",7.5
149.32,-33.82,1986,4,"063083",41.4
149.32,-33.82,1986,5,"063083",68.8
149.32,-33.82,1986,6,"063083",37.8
149.32,-33.82,1986,7,"063083",123.9
149.32,-33.82,1986,8,"063083",103.2
149.32,-33.82,1986,9,"063083",95.7
149.32,-33.82,1986,10,"063083",126.4
149.32,-33.82,1986,11,"063083",127
149.32,-33.82,1986,12,"063083",10.3
149.32,-33.82,1987,1,"063083",51.2
149.32,-33.82,1987,2,"063083",34
149.32,-33.82,1987,3,"063083",175.2
149.32,-33.82,1987,4,"063083",7.4
149.32,-33.82,1987,5,"063083",88.1
149.32,-33.82,1987,6,"063083",82.5
149.32,-33.82,1987,7,"063083",33.2
149.32,-33.82,1987,8,"063083",127
149.32,-33.82,1987,9,"063083",32.8
149.32,-33.82,1987,10,"063083",67.4
149.32,-33.82,1987,11,"063083",45.5
149.32,-33.82,1987,12,"063083",94.9
149.32,-33.82,1988,1,"063083",61
149.32,-33.82,1988,2,"063083",12
149.32,-33.82,1988,3,"063083",37.3
149.32,-33.82,1988,4,"063083",52.4
149.32,-33.82,1988,5,"063083",94.4
149.32,-33.82,1988,6,"063083",62.7
149.32,-33.82,1988,7,"063083",86.3
149.32,-33.82,1988,8,"063083",90.7
149.32,-33.82,1988,9,"063083",120.1
149.32,-33.82,1988,10,"063083",31.4
149.32,-33.82,1988,11,"063083",80.7
149.32,-33.82,1988,12,"063083",105.4
149.32,-33.82,1989,1,"063083",74
149.32,-33.82,1989,2,"063083",31
149.32,-33.82,1989,3,"063083",119.6
149.32,-33.82,1989,4,"063083",110.1
149.32,-33.82,1989,5,"063083",77.1
149.32,-33.82,1989,6,"063083",55.4
149.32,-33.82,1989,7,"063083",79.6
149.32,-33.82,1989,8,"063083",89.2
149.32,-33.82,1989,9,"063083",50.7
149.32,-33.82,1989,10,"063083",56.6
149.32,-33.82,1989,11,"063083",43.8
149.32,-33.82,1989,12,"063083",56
149.32,-33.82,1990,1,"063083",95.2
149.32,-33.82,1990,2,"063083",237.9
149.32,-33.82,1990,3,"063083",31.8
149.32,-33.82,1990,4,"063083",228.8
149.32,-33.82,1990,5,"063083",69.3
149.32,-33.82,1990,6,"063083",44.8
149.32,-33.82,1990,7,"063083",137.7
149.32,-33.82,1990,8,"063083",205.6
149.32,-33.82,1990,9,"063083",48.1
149.32,-33.82,1990,10,"063083",61.1
149.32,-33.82,1990,11,"063083",29
149.32,-33.82,1990,12,"063083",32.2
149.32,-33.82,1991,1,"063083",30.8
149.32,-33.82,1991,2,"063083",60.6
149.32,-33.82,1991,3,"063083",24.5
149.32,-33.82,1991,4,"063083",5.7
149.32,-33.82,1991,5,"063083",30
149.32,-33.82,1991,6,"063083",116.2
149.32,-33.82,1991,7,"063083",111
149.32,-33.82,1991,8,"063083",137.8
149.32,-33.82,1991,9,"063083",123.8
149.32,-33.82,1991,10,"063083",33
149.32,-33.82,1991,11,"063083",29.4
149.32,-33.82,1991,12,"063083",61
149.32,-33.82,1992,1,"063083",166
149.32,-33.82,1992,2,"063083",128.6
149.32,-33.82,1992,3,"063083",33
149.32,-33.82,1992,4,"063083",37.8
149.32,-33.82,1992,5,"063083",45.8
149.32,-33.82,1992,6,"063083",78
149.32,-33.82,1992,7,"063083",53.4
149.32,-33.82,1992,8,"063083",131.2
149.32,-33.82,1992,9,"063083",102
149.32,-33.82,1992,10,"063083",97.2
149.32,-33.82,1992,11,"063083",122.2
149.32,-33.82,1992,12,"063083",256
149.32,-33.82,1993,1,"063083",49
149.32,-33.82,1993,2,"063083",29.4
149.32,-33.82,1993,3,"063083",74
149.32,-33.82,1993,4,"063083",10
149.32,-33.82,1993,5,"063083",35.4
149.32,-33.82,1993,6,"063083",47.6
149.32,-33.82,1993,7,"063083",131.2
149.32,-33.82,1993,8,"063083",48.8
149.32,-33.82,1993,9,"063083",102.1
149.32,-33.82,1993,10,"063083",102.2
149.32,-33.82,1993,11,"063083",88.8
149.32,-33.82,1993,12,"063083",67
149.32,-33.82,1994,1,"063083",NA
149.32,-33.82,1994,2,"063083",115.4
149.32,-33.82,1994,3,"063083",NA
149.32,-33.82,1994,4,"063083",NA
149.32,-33.82,1994,5,"063083",NA
149.32,-33.82,1994,6,"063083",NA
149.32,-33.82,1994,7,"063083",NA
149.32,-33.82,1994,8,"063083",NA
149.32,-33.82,1994,9,"063083",NA
149.32,-33.82,1994,10,"063083",NA
149.32,-33.82,1994,11,"063083",NA
149.32,-33.82,1994,12,"063083",NA
149.32,-33.82,1995,1,"063083",NA
149.32,-33.82,1995,2,"063083",NA
149.32,-33.82,1995,3,"063083",NA
149.32,-33.82,1995,4,"063083",NA
149.32,-33.82,1995,5,"063083",NA
149.32,-33.82,1995,6,"063083",NA
149.32,-33.82,1995,7,"063083",NA
149.32,-33.82,1995,8,"063083",NA
149.32,-33.82,1995,9,"063083",NA
149.32,-33.82,1995,10,"063083",NA
149.32,-33.82,1995,11,"063083",80.8
149.32,-33.82,1995,12,"063083",105.2
149.32,-33.82,1996,1,"063083",111.2
149.32,-33.82,1996,2,"063083",38.4
149.32,-33.82,1996,3,"063083",40.8
149.32,-33.82,1996,4,"063083",17.6
149.32,-33.82,1996,5,"063083",25.7
149.32,-33.82,1996,6,"063083",101.6
149.32,-33.82,1996,7,"063083",26.4
149.32,-33.82,1996,8,"063083",NA
149.32,-33.82,1996,9,"063083",NA
149.32,-33.82,1996,10,"063083",NA
149.32,-33.82,1996,11,"063083",NA
149.32,-33.82,1996,12,"063083",NA
149.32,-33.82,1997,1,"063083",NA
149.32,-33.82,1997,2,"063083",69.6
149.32,-33.82,1997,3,"063083",12.8
149.32,-33.82,1997,4,"063083",1.6
149.32,-33.82,1997,5,"063083",60.6
149.32,-33.82,1997,6,"063083",33.6
149.32,-33.82,1997,7,"063083",36.4
149.32,-33.82,1997,8,"063083",37.8
149.32,-33.82,1997,9,"063083",95
149.32,-33.82,1997,10,"063083",21.7
149.32,-33.82,1997,11,"063083",38
149.32,-33.82,1997,12,"063083",133.4
149.32,-33.82,1998,1,"063083",57.2
149.32,-33.82,1998,2,"063083",22.8
149.32,-33.82,1998,3,"063083",4.5
149.32,-33.82,1998,4,"063083",83.6
149.32,-33.82,1998,5,"063083",70.5
149.32,-33.82,1998,6,"063083",171.6
149.32,-33.82,1998,7,"063083",89.8
149.32,-33.82,1998,8,"063083",177.6
149.32,-33.82,1998,9,"063083",82
149.32,-33.82,1998,10,"063083",114.9
149.32,-33.82,1998,11,"063083",76.8
149.32,-33.82,1998,12,"063083",18.4
149.32,-33.82,1999,1,"063083",36.4
149.32,-33.82,1999,2,"063083",6.5
149.32,-33.82,1999,3,"063083",70.4
149.32,-33.82,1999,4,"063083",29.2
149.32,-33.82,1999,5,"063083",23
149.32,-33.82,1999,6,"063083",79.4
149.32,-33.82,1999,7,"063083",35.6
149.32,-33.82,1999,8,"063083",NA
149.32,-33.82,1999,9,"063083",53.8
149.32,-33.82,1999,10,"063083",275.6
149.32,-33.82,1999,11,"063083",31.8
149.32,-33.82,1999,12,"063083",83.8
149.32,-33.82,2000,1,"063083",33.2
149.32,-33.82,2000,2,"063083",10.8
149.32,-33.82,2000,3,"063083",115.2
149.32,-33.82,2000,4,"063083",30
149.32,-33.82,2000,5,"063083",70.8
149.32,-33.82,2000,6,"063083",68.8
149.32,-33.82,2000,7,"063083",46.4
149.32,-33.82,2000,8,"063083",121.8
149.32,-33.82,2000,9,"063083",63.6
149.32,-33.82,2000,10,"063083",90
149.32,-33.82,2000,11,"063083",100.2
149.32,-33.82,2000,12,"063083",20.4
149.32,-33.82,2001,1,"063083",NA
149.32,-33.82,2001,2,"063083",52.2
149.32,-33.82,2001,3,"063083",NA
149.32,-33.82,2001,4,"063083",NA
149.32,-33.82,2001,5,"063083",20
149.32,-33.82,2001,6,"063083",62.4
149.32,-33.82,2001,7,"063083",NA
149.32,-33.82,2001,8,"063083",103.9
149.32,-33.82,2001,9,"063083",68
149.32,-33.82,2001,10,"063083",89.2
149.32,-33.82,2001,11,"063083",61.6
149.32,-33.82,2001,12,"063083",13
149.32,-33.82,2002,1,"063083",NA
149.32,-33.82,2002,2,"063083",244.6
149.32,-33.82,2002,3,"063083",32.6
149.32,-33.82,2002,4,"063083",22
149.32,-33.82,2002,5,"063083",57.4
149.32,-33.82,2002,6,"063083",44
149.32,-33.82,2002,7,"063083",58
149.32,-33.82,2002,8,"063083",28.4
149.32,-33.82,2002,9,"063083",52.8
149.32,-33.82,2002,10,"063083",2.4
149.32,-33.82,2002,11,"063083",13.2
149.32,-33.82,2002,12,"063083",54.8
149.32,-33.82,2003,1,"063083",NA
149.32,-33.82,2003,2,"063083",76.4
149.32,-33.82,2003,3,"063083",NA
149.32,-33.82,2003,4,"063083",36.4
149.32,-33.82,2003,5,"063083",29.6
149.32,-33.82,2003,6,"063083",77.4
149.32,-33.82,2003,7,"063083",NA
149.32,-33.82,2003,8,"063083",NA
149.32,-33.82,2003,9,"063083",NA
149.32,-33.82,2003,10,"063083",NA
149.32,-33.82,2003,11,"063083",NA
149.32,-33.82,2003,12,"063083",NA
149.32,-33.82,2004,1,"063083",NA
149.32,-33.82,2004,2,"063083",NA
149.32,-33.82,2004,3,"063083",NA
149.32,-33.82,2004,4,"063083",NA
149.32,-33.82,2004,5,"063083",NA
149.32,-33.82,2004,6,"063083",NA
149.32,-33.82,2004,7,"063083",NA
149.32,-33.82,2004,8,"063083",NA
149.32,-33.82,2004,9,"063083",NA
149.32,-33.82,2004,10,"063083",NA
149.32,-33.82,2004,11,"063083",83
149.32,-33.82,2004,12,"063083",77
149.32,-33.82,2005,1,"063083",55
149.32,-33.82,2005,2,"063083",73
149.32,-33.82,2005,3,"063083",33
149.32,-33.82,2005,4,"063083",18
149.32,-33.82,2005,5,"063083",NA
149.32,-33.82,2005,6,"063083",85
149.32,-33.82,2005,7,"063083",NA
149.32,-33.82,2005,8,"063083",54
149.32,-33.82,2005,9,"063083",161
149.32,-33.82,2005,10,"063083",NA
149.32,-33.82,2005,11,"063083",110
149.32,-33.82,2005,12,"063083",38
149.32,-33.82,2006,1,"063083",140
149.32,-33.82,2006,2,"063083",23
149.32,-33.82,2006,3,"063083",19
149.32,-33.82,2006,4,"063083",9.5
149.32,-33.82,2006,5,"063083",10.6
149.32,-33.82,2006,6,"063083",37.8
149.32,-33.82,2006,7,"063083",71.2
149.32,-33.82,2006,8,"063083",18.4
149.32,-33.82,2006,9,"063083",23
149.32,-33.82,2006,10,"063083",0
149.32,-33.82,2006,11,"063083",20.3
149.32,-33.82,2006,12,"063083",50.6
149.32,-33.82,2007,1,"063083",78.1
149.32,-33.82,2007,2,"063083",93.5
149.32,-33.82,2007,3,"063083",48.6
149.32,-33.82,2007,4,"063083",29.6
149.32,-33.82,2007,5,"063083",68
149.32,-33.82,2007,6,"063083",133.7
149.32,-33.82,2007,7,"063083",52.2
149.32,-33.82,2007,8,"063083",23.8
149.32,-33.82,2007,9,"063083",17.2
149.32,-33.82,2007,10,"063083",7.8
149.32,-33.82,2007,11,"063083",104.1
149.32,-33.82,2007,12,"063083",NA
149.32,-33.82,2008,1,"063083",39
149.32,-33.82,2008,2,"063083",94.7
149.32,-33.82,2008,3,"063083",20.8
149.32,-33.82,2008,4,"063083",29.2
149.32,-33.82,2008,5,"063083",25.6
149.32,-33.82,2008,6,"063083",49.8
149.32,-33.82,2008,7,"063083",59.8
149.32,-33.82,2008,8,"063083",76.6
149.32,-33.82,2008,9,"063083",101.2
149.32,-33.82,2008,10,"063083",98
149.32,-33.82,2008,11,"063083",131.4
149.32,-33.82,2008,12,"063083",99
149.32,-33.82,2009,1,"063083",23
149.32,-33.82,2009,2,"063083",67.4
149.32,-33.82,2009,3,"063083",38.6
149.32,-33.82,2009,4,"063083",70.4
149.32,-33.82,2009,5,"063083",21.4
149.32,-33.82,2009,6,"063083",76.8
149.32,-33.82,2009,7,"063083",80.2
149.32,-33.82,2009,8,"063083",43.4
149.32,-33.82,2009,9,"063083",66.4
149.32,-33.82,2009,10,"063083",NA
149.32,-33.82,2009,11,"063083",21.4
149.32,-33.82,2009,12,"063083",91.2
149.32,-33.82,2010,1,"063083",41.2
149.32,-33.82,2010,2,"063083",95.2
149.32,-33.82,2010,3,"063083",78.2
149.32,-33.82,2010,4,"063083",44.8
149.32,-33.82,2010,5,"063083",61
149.32,-33.82,2010,6,"063083",33
149.32,-33.82,2010,7,"063083",113.2
149.32,-33.82,2010,8,"063083",162.6
149.32,-33.82,2010,9,"063083",67.8
149.32,-33.82,2010,10,"063083",57.4
149.32,-33.82,2010,11,"063083",147.6
149.32,-33.82,2010,12,"063083",167.2
149.32,-33.82,2011,1,"063083",28
149.32,-33.82,2011,2,"063083",140.8
149.32,-33.82,2011,3,"063083",69.6
149.32,-33.82,2011,4,"063083",26.8
149.32,-33.82,2011,5,"063083",50.8
149.32,-33.82,2011,6,"063083",37
149.32,-33.82,2011,7,"063083",47
149.32,-33.82,2011,8,"063083",65.8
149.32,-33.82,2011,9,"063083",41.2
149.32,-33.82,2011,10,"063083",45
149.32,-33.82,2011,11,"063083",124.2
149.32,-33.82,2011,12,"063083",86.8
149.32,-33.82,2012,1,"063083",73
149.32,-33.82,2012,2,"063083",152.2
149.32,-33.82,2012,3,"063083",267.2
149.32,-33.82,2012,4,"063083",12.2
149.32,-33.82,2012,5,"063083",37
149.32,-33.82,2012,6,"063083",82
149.32,-33.82,2012,7,"063083",70.8
149.32,-33.82,2012,8,"063083",63.8
149.32,-33.82,2012,9,"063083",72
149.32,-33.82,2012,10,"063083",20.6
149.32,-33.82,2012,11,"063083",27.2
149.32,-33.82,2012,12,"063083",38.4
149.32,-33.82,2013,1,"063083",36.6
149.32,-33.82,2013,2,"063083",57.4
149.32,-33.82,2013,3,"063083",93.6
149.32,-33.82,2013,4,"063083",6.8
149.32,-33.82,2013,5,"063083",31.6
149.32,-33.82,2013,6,"063083",145.2
149.32,-33.82,2013,7,"063083",54.4
149.32,-33.82,2013,8,"063083",60.6
149.32,-33.82,2013,9,"063083",49.6
149.32,-33.82,2013,10,"063083",27.4
149.32,-33.82,2013,11,"063083",52.2
149.32,-33.82,2013,12,"063083",40
149.32,-33.82,2014,1,"063083",21.2
149.32,-33.82,2014,2,"063083",66
149.32,-33.82,2014,3,"063083",102.6
149.32,-33.82,2014,4,"063083",73.2
149.32,-33.82,2014,5,"063083",58.8
149.32,-33.82,2014,6,"063083",99.4
149.32,-33.82,2014,7,"063083",58.1
149.32,-33.82,2014,8,"063083",48
149.32,-33.82,2014,9,"063083",61
149.32,-33.82,2014,10,"063083",67.8
149.32,-33.82,2014,11,"063083",19.5
149.32,-33.82,2014,12,"063083",92.4
149.32,-33.82,2015,1,"063083",139.5
149.32,-33.82,2015,2,"063083",24
149.32,-33.82,2015,3,"063083",41
149.32,-33.82,2015,4,"063083",159.9
149.32,-33.82,2015,5,"063083",NA
149.32,-33.82,2015,6,"063083",NA
149.32,-33.82,2015,7,"063083",NA
149.32,-33.82,2015,8,"063083",NA
149.32,-33.82,2015,9,"063083",NA
149.32,-33.82,2015,10,"063083",NA
149.32,-33.82,2015,11,"063083",NA
149.32,-33.82,2015,12,"063083",NA
