"Lon","Lat","Year","Month","Station","Rain"
139.06,-24.05,1965,1,"038025",NA
139.06,-24.05,1965,2,"038025",NA
139.06,-24.05,1965,3,"038025",NA
139.06,-24.05,1965,4,"038025",NA
139.06,-24.05,1965,5,"038025",NA
139.06,-24.05,1965,6,"038025",1
139.06,-24.05,1965,7,"038025",0
139.06,-24.05,1965,8,"038025",46.5
139.06,-24.05,1965,9,"038025",0
139.06,-24.05,1965,10,"038025",2.5
139.06,-24.05,1965,11,"038025",8.1
139.06,-24.05,1965,12,"038025",22.6
139.06,-24.05,1966,1,"038025",75.2
139.06,-24.05,1966,2,"038025",0
139.06,-24.05,1966,3,"038025",0
139.06,-24.05,1966,4,"038025",0
139.06,-24.05,1966,5,"038025",19
139.06,-24.05,1966,6,"038025",26.9
139.06,-24.05,1966,7,"038025",0
139.06,-24.05,1966,8,"038025",15.2
139.06,-24.05,1966,9,"038025",11.2
139.06,-24.05,1966,10,"038025",0
139.06,-24.05,1966,11,"038025",7.6
139.06,-24.05,1966,12,"038025",46.3
139.06,-24.05,1967,1,"038025",0
139.06,-24.05,1967,2,"038025",61
139.06,-24.05,1967,3,"038025",8.4
139.06,-24.05,1967,4,"038025",0
139.06,-24.05,1967,5,"038025",0
139.06,-24.05,1967,6,"038025",6.8
139.06,-24.05,1967,7,"038025",0
139.06,-24.05,1967,8,"038025",0
139.06,-24.05,1967,9,"038025",0
139.06,-24.05,1967,10,"038025",0
139.06,-24.05,1967,11,"038025",0
139.06,-24.05,1967,12,"038025",0
139.06,-24.05,1968,1,"038025",22.9
139.06,-24.05,1968,2,"038025",16
139.06,-24.05,1968,3,"038025",0
139.06,-24.05,1968,4,"038025",37.8
139.06,-24.05,1968,5,"038025",97.3
139.06,-24.05,1968,6,"038025",0
139.06,-24.05,1968,7,"038025",40.9
139.06,-24.05,1968,8,"038025",12.7
139.06,-24.05,1968,9,"038025",5.1
139.06,-24.05,1968,10,"038025",2.3
139.06,-24.05,1968,11,"038025",0
139.06,-24.05,1968,12,"038025",12.5
139.06,-24.05,1969,1,"038025",0
139.06,-24.05,1969,2,"038025",0
139.06,-24.05,1969,3,"038025",12.7
139.06,-24.05,1969,4,"038025",0
139.06,-24.05,1969,5,"038025",4.3
139.06,-24.05,1969,6,"038025",0.5
139.06,-24.05,1969,7,"038025",38.1
139.06,-24.05,1969,8,"038025",0
139.06,-24.05,1969,9,"038025",0
139.06,-24.05,1969,10,"038025",1
139.06,-24.05,1969,11,"038025",0
139.06,-24.05,1969,12,"038025",16.8
139.06,-24.05,1970,1,"038025",0
139.06,-24.05,1970,2,"038025",57.7
139.06,-24.05,1970,3,"038025",20.3
139.06,-24.05,1970,4,"038025",34.3
139.06,-24.05,1970,5,"038025",0
139.06,-24.05,1970,6,"038025",0
139.06,-24.05,1970,7,"038025",0
139.06,-24.05,1970,8,"038025",0
139.06,-24.05,1970,9,"038025",0
139.06,-24.05,1970,10,"038025",8.9
139.06,-24.05,1970,11,"038025",0.8
139.06,-24.05,1970,12,"038025",16.3
139.06,-24.05,1971,1,"038025",0
139.06,-24.05,1971,2,"038025",5.1
139.06,-24.05,1971,3,"038025",39.9
139.06,-24.05,1971,4,"038025",19.3
139.06,-24.05,1971,5,"038025",0
139.06,-24.05,1971,6,"038025",20.3
139.06,-24.05,1971,7,"038025",14.2
139.06,-24.05,1971,8,"038025",12.7
139.06,-24.05,1971,9,"038025",8.4
139.06,-24.05,1971,10,"038025",20.8
139.06,-24.05,1971,11,"038025",0
139.06,-24.05,1971,12,"038025",0
139.06,-24.05,1972,1,"038025",41.9
139.06,-24.05,1972,2,"038025",0
139.06,-24.05,1972,3,"038025",149.2
139.06,-24.05,1972,4,"038025",0
139.06,-24.05,1972,5,"038025",5.1
139.06,-24.05,1972,6,"038025",0
139.06,-24.05,1972,7,"038025",0
139.06,-24.05,1972,8,"038025",0
139.06,-24.05,1972,9,"038025",0
139.06,-24.05,1972,10,"038025",0
139.06,-24.05,1972,11,"038025",0
139.06,-24.05,1972,12,"038025",0
139.06,-24.05,1973,1,"038025",0
139.06,-24.05,1973,2,"038025",30.9
139.06,-24.05,1973,3,"038025",15.3
139.06,-24.05,1973,4,"038025",35.5
139.06,-24.05,1973,5,"038025",0
139.06,-24.05,1973,6,"038025",0
139.06,-24.05,1973,7,"038025",24.1
139.06,-24.05,1973,8,"038025",3.8
139.06,-24.05,1973,9,"038025",5.1
139.06,-24.05,1973,10,"038025",0
139.06,-24.05,1973,11,"038025",102.7
139.06,-24.05,1973,12,"038025",35.6
139.06,-24.05,1974,1,"038025",74
139.06,-24.05,1974,2,"038025",129
139.06,-24.05,1974,3,"038025",49.4
139.06,-24.05,1974,4,"038025",0
139.06,-24.05,1974,5,"038025",34
139.06,-24.05,1974,6,"038025",0
139.06,-24.05,1974,7,"038025",0
139.06,-24.05,1974,8,"038025",28.5
139.06,-24.05,1974,9,"038025",0
139.06,-24.05,1974,10,"038025",0
139.06,-24.05,1974,11,"038025",0
139.06,-24.05,1974,12,"038025",8
139.06,-24.05,1975,1,"038025",12
139.06,-24.05,1975,2,"038025",59.9
139.06,-24.05,1975,3,"038025",2
139.06,-24.05,1975,4,"038025",0
139.06,-24.05,1975,5,"038025",0
139.06,-24.05,1975,6,"038025",9.6
139.06,-24.05,1975,7,"038025",0
139.06,-24.05,1975,8,"038025",12.6
139.06,-24.05,1975,9,"038025",11
139.06,-24.05,1975,10,"038025",26
139.06,-24.05,1975,11,"038025",0
139.06,-24.05,1975,12,"038025",69.1
139.06,-24.05,1976,1,"038025",78
139.06,-24.05,1976,2,"038025",227
139.06,-24.05,1976,3,"038025",105
139.06,-24.05,1976,4,"038025",0
139.06,-24.05,1976,5,"038025",0
139.06,-24.05,1976,6,"038025",0
139.06,-24.05,1976,7,"038025",27.6
139.06,-24.05,1976,8,"038025",0
139.06,-24.05,1976,9,"038025",0
139.06,-24.05,1976,10,"038025",22.8
139.06,-24.05,1976,11,"038025",4
139.06,-24.05,1976,12,"038025",0
139.06,-24.05,1977,1,"038025",23.6
139.06,-24.05,1977,2,"038025",256.4
139.06,-24.05,1977,3,"038025",0
139.06,-24.05,1977,4,"038025",0
139.06,-24.05,1977,5,"038025",13
139.06,-24.05,1977,6,"038025",0
139.06,-24.05,1977,7,"038025",0
139.06,-24.05,1977,8,"038025",0
139.06,-24.05,1977,9,"038025",6.2
139.06,-24.05,1977,10,"038025",0
139.06,-24.05,1977,11,"038025",19
139.06,-24.05,1977,12,"038025",14.6
139.06,-24.05,1978,1,"038025",22
139.06,-24.05,1978,2,"038025",0
139.06,-24.05,1978,3,"038025",10.8
139.06,-24.05,1978,4,"038025",0
139.06,-24.05,1978,5,"038025",19.4
139.06,-24.05,1978,6,"038025",17
139.06,-24.05,1978,7,"038025",129.4
139.06,-24.05,1978,8,"038025",12.8
139.06,-24.05,1978,9,"038025",0
139.06,-24.05,1978,10,"038025",0
139.06,-24.05,1978,11,"038025",0
139.06,-24.05,1978,12,"038025",0
139.06,-24.05,1979,1,"038025",46.4
139.06,-24.05,1979,2,"038025",55.8
139.06,-24.05,1979,3,"038025",0
139.06,-24.05,1979,4,"038025",16.8
139.06,-24.05,1979,5,"038025",12.2
139.06,-24.05,1979,6,"038025",0
139.06,-24.05,1979,7,"038025",0
139.06,-24.05,1979,8,"038025",0
139.06,-24.05,1979,9,"038025",0
139.06,-24.05,1979,10,"038025",7.2
139.06,-24.05,1979,11,"038025",0
139.06,-24.05,1979,12,"038025",0
139.06,-24.05,1980,1,"038025",116.6
139.06,-24.05,1980,2,"038025",44.8
139.06,-24.05,1980,3,"038025",0
139.06,-24.05,1980,4,"038025",0
139.06,-24.05,1980,5,"038025",0
139.06,-24.05,1980,6,"038025",0
139.06,-24.05,1980,7,"038025",8.2
139.06,-24.05,1980,8,"038025",0
139.06,-24.05,1980,9,"038025",0
139.06,-24.05,1980,10,"038025",0
139.06,-24.05,1980,11,"038025",0
139.06,-24.05,1980,12,"038025",0
139.06,-24.05,1981,1,"038025",133
139.06,-24.05,1981,2,"038025",26
139.06,-24.05,1981,3,"038025",0
139.06,-24.05,1981,4,"038025",0
139.06,-24.05,1981,5,"038025",57.8
139.06,-24.05,1981,6,"038025",4.2
139.06,-24.05,1981,7,"038025",12
139.06,-24.05,1981,8,"038025",0
139.06,-24.05,1981,9,"038025",0
139.06,-24.05,1981,10,"038025",25.3
139.06,-24.05,1981,11,"038025",10
139.06,-24.05,1981,12,"038025",0
139.06,-24.05,1982,1,"038025",13.6
139.06,-24.05,1982,2,"038025",0
139.06,-24.05,1982,3,"038025",29.2
139.06,-24.05,1982,4,"038025",0
139.06,-24.05,1982,5,"038025",0
139.06,-24.05,1982,6,"038025",0
139.06,-24.05,1982,7,"038025",0
139.06,-24.05,1982,8,"038025",0
139.06,-24.05,1982,9,"038025",0
139.06,-24.05,1982,10,"038025",0
139.06,-24.05,1982,11,"038025",0
139.06,-24.05,1982,12,"038025",0
139.06,-24.05,1983,1,"038025",1.8
139.06,-24.05,1983,2,"038025",0
139.06,-24.05,1983,3,"038025",73.8
139.06,-24.05,1983,4,"038025",66.6
139.06,-24.05,1983,5,"038025",0
139.06,-24.05,1983,6,"038025",0
139.06,-24.05,1983,7,"038025",0
139.06,-24.05,1983,8,"038025",0
139.06,-24.05,1983,9,"038025",0
139.06,-24.05,1983,10,"038025",41.3
139.06,-24.05,1983,11,"038025",0
139.06,-24.05,1983,12,"038025",20.6
139.06,-24.05,1984,1,"038025",62.6
139.06,-24.05,1984,2,"038025",0
139.06,-24.05,1984,3,"038025",22.4
139.06,-24.05,1984,4,"038025",0
139.06,-24.05,1984,5,"038025",0
139.06,-24.05,1984,6,"038025",0
139.06,-24.05,1984,7,"038025",33
139.06,-24.05,1984,8,"038025",0
139.06,-24.05,1984,9,"038025",20.6
139.06,-24.05,1984,10,"038025",14.6
139.06,-24.05,1984,11,"038025",5.6
139.06,-24.05,1984,12,"038025",21
139.06,-24.05,1985,1,"038025",0
139.06,-24.05,1985,2,"038025",0
139.06,-24.05,1985,3,"038025",0
139.06,-24.05,1985,4,"038025",7.3
139.06,-24.05,1985,5,"038025",0
139.06,-24.05,1985,6,"038025",0
139.06,-24.05,1985,7,"038025",0
139.06,-24.05,1985,8,"038025",0
139.06,-24.05,1985,9,"038025",0
139.06,-24.05,1985,10,"038025",22.5
139.06,-24.05,1985,11,"038025",0
139.06,-24.05,1985,12,"038025",0
139.06,-24.05,1986,1,"038025",0
139.06,-24.05,1986,2,"038025",0
139.06,-24.05,1986,3,"038025",0
139.06,-24.05,1986,4,"038025",0
139.06,-24.05,1986,5,"038025",NA
139.06,-24.05,1986,6,"038025",10
139.06,-24.05,1986,7,"038025",160
139.06,-24.05,1986,8,"038025",0
139.06,-24.05,1986,9,"038025",0
139.06,-24.05,1986,10,"038025",50
139.06,-24.05,1986,11,"038025",11.6
139.06,-24.05,1986,12,"038025",0
139.06,-24.05,1987,1,"038025",0
139.06,-24.05,1987,2,"038025",69.4
139.06,-24.05,1987,3,"038025",0
139.06,-24.05,1987,4,"038025",7.8
139.06,-24.05,1987,5,"038025",0
139.06,-24.05,1987,6,"038025",16
139.06,-24.05,1987,7,"038025",0
139.06,-24.05,1987,8,"038025",0
139.06,-24.05,1987,9,"038025",0
139.06,-24.05,1987,10,"038025",0
139.06,-24.05,1987,11,"038025",16
139.06,-24.05,1987,12,"038025",43.4
139.06,-24.05,1988,1,"038025",0
139.06,-24.05,1988,2,"038025",0
139.06,-24.05,1988,3,"038025",55
139.06,-24.05,1988,4,"038025",NA
139.06,-24.05,1988,5,"038025",9.6
139.06,-24.05,1988,6,"038025",0
139.06,-24.05,1988,7,"038025",12
139.06,-24.05,1988,8,"038025",0
139.06,-24.05,1988,9,"038025",0
139.06,-24.05,1988,10,"038025",0
139.06,-24.05,1988,11,"038025",0
139.06,-24.05,1988,12,"038025",54
139.06,-24.05,1989,1,"038025",0
139.06,-24.05,1989,2,"038025",5
139.06,-24.05,1989,3,"038025",2.6
139.06,-24.05,1989,4,"038025",12
139.06,-24.05,1989,5,"038025",20.3
139.06,-24.05,1989,6,"038025",8
139.06,-24.05,1989,7,"038025",9.4
139.06,-24.05,1989,8,"038025",0
139.06,-24.05,1989,9,"038025",0
139.06,-24.05,1989,10,"038025",18
139.06,-24.05,1989,11,"038025",30.4
139.06,-24.05,1989,12,"038025",33
139.06,-24.05,1990,1,"038025",0
139.06,-24.05,1990,2,"038025",0
139.06,-24.05,1990,3,"038025",0
139.06,-24.05,1990,4,"038025",46.4
139.06,-24.05,1990,5,"038025",49.8
139.06,-24.05,1990,6,"038025",0
139.06,-24.05,1990,7,"038025",0
139.06,-24.05,1990,8,"038025",6
139.06,-24.05,1990,9,"038025",0
139.06,-24.05,1990,10,"038025",17.6
139.06,-24.05,1990,11,"038025",0
139.06,-24.05,1990,12,"038025",0
139.06,-24.05,1992,1,"038025",0
139.06,-24.05,1992,2,"038025",110.4
139.06,-24.05,1992,3,"038025",5
139.06,-24.05,1992,4,"038025",0
139.06,-24.05,1992,5,"038025",36.8
139.06,-24.05,1992,6,"038025",0
139.06,-24.05,1992,7,"038025",0
139.06,-24.05,1992,8,"038025",0
139.06,-24.05,1992,9,"038025",32.6
139.06,-24.05,1992,10,"038025",4.6
139.06,-24.05,1992,11,"038025",9
139.06,-24.05,1992,12,"038025",10.3
139.06,-24.05,1993,1,"038025",43
139.06,-24.05,1993,2,"038025",12
139.06,-24.05,1993,3,"038025",3
139.06,-24.05,1993,4,"038025",0
139.06,-24.05,1993,5,"038025",15
139.06,-24.05,1993,6,"038025",29
139.06,-24.05,1993,7,"038025",3
139.06,-24.05,1993,8,"038025",57
139.06,-24.05,1993,9,"038025",5
139.06,-24.05,1993,10,"038025",10.3
139.06,-24.05,1993,11,"038025",0
139.06,-24.05,1993,12,"038025",63.5
139.06,-24.05,1994,1,"038025",10.2
139.06,-24.05,1994,2,"038025",13
139.06,-24.05,1994,3,"038025",0
139.06,-24.05,1994,4,"038025",0
139.06,-24.05,1994,5,"038025",0
139.06,-24.05,1994,6,"038025",9.2
139.06,-24.05,1994,7,"038025",0
139.06,-24.05,1994,8,"038025",0
139.06,-24.05,1994,9,"038025",0
139.06,-24.05,1994,10,"038025",0
139.06,-24.05,1994,11,"038025",58.6
139.06,-24.05,1994,12,"038025",0
139.06,-24.05,1995,1,"038025",136
139.06,-24.05,1995,2,"038025",8
139.06,-24.05,1995,3,"038025",25
139.06,-24.05,1995,4,"038025",0
139.06,-24.05,1995,5,"038025",70.4
139.06,-24.05,1995,6,"038025",11
139.06,-24.05,1995,7,"038025",0
139.06,-24.05,1995,8,"038025",0
139.06,-24.05,1995,9,"038025",2
139.06,-24.05,1995,10,"038025",53
139.06,-24.05,1995,11,"038025",0
139.06,-24.05,1995,12,"038025",47
139.06,-24.05,1996,1,"038025",9
139.06,-24.05,1996,2,"038025",0
139.06,-24.05,1996,3,"038025",0
139.06,-24.05,1996,4,"038025",0
139.06,-24.05,1996,5,"038025",0
139.06,-24.05,1996,6,"038025",0
139.06,-24.05,1996,7,"038025",60
139.06,-24.05,1996,8,"038025",30
139.06,-24.05,1996,9,"038025",0
139.06,-24.05,1996,10,"038025",0
139.06,-24.05,1996,11,"038025",0
139.06,-24.05,1996,12,"038025",18
139.06,-24.05,1997,1,"038025",51.2
139.06,-24.05,1997,2,"038025",29
139.06,-24.05,1997,3,"038025",15
139.06,-24.05,1997,4,"038025",0
139.06,-24.05,1997,5,"038025",0
139.06,-24.05,1997,6,"038025",0
139.06,-24.05,1997,7,"038025",0
139.06,-24.05,1997,8,"038025",0
139.06,-24.05,1997,9,"038025",17
139.06,-24.05,1997,10,"038025",7
139.06,-24.05,1997,11,"038025",21
139.06,-24.05,1997,12,"038025",0
139.06,-24.05,1998,1,"038025",12.4
139.06,-24.05,1998,2,"038025",23.6
139.06,-24.05,1998,3,"038025",0
139.06,-24.05,1998,4,"038025",72
139.06,-24.05,1998,5,"038025",0
139.06,-24.05,1998,6,"038025",13
139.06,-24.05,1998,7,"038025",22
139.06,-24.05,1998,8,"038025",0
139.06,-24.05,1998,9,"038025",NA
139.06,-24.05,1998,10,"038025",45.2
139.06,-24.05,1998,11,"038025",11
139.06,-24.05,1998,12,"038025",0
139.06,-24.05,1999,1,"038025",0
139.06,-24.05,1999,2,"038025",22
139.06,-24.05,1999,3,"038025",0
139.06,-24.05,1999,4,"038025",15
139.06,-24.05,1999,5,"038025",0
139.06,-24.05,1999,6,"038025",21
139.06,-24.05,1999,7,"038025",0
139.06,-24.05,1999,8,"038025",4
139.06,-24.05,1999,9,"038025",0
139.06,-24.05,1999,10,"038025",0
139.06,-24.05,1999,11,"038025",3.4
139.06,-24.05,1999,12,"038025",71.6
139.06,-24.05,2000,1,"038025",8
139.06,-24.05,2000,2,"038025",40.6
139.06,-24.05,2000,3,"038025",47
139.06,-24.05,2000,4,"038025",68.6
139.06,-24.05,2000,5,"038025",0
139.06,-24.05,2000,6,"038025",0
139.06,-24.05,2000,7,"038025",0
139.06,-24.05,2000,8,"038025",0
139.06,-24.05,2000,9,"038025",0
139.06,-24.05,2000,10,"038025",60
139.06,-24.05,2000,11,"038025",63
139.06,-24.05,2000,12,"038025",68
139.06,-24.05,2001,1,"038025",16.2
139.06,-24.05,2001,2,"038025",46.4
139.06,-24.05,2001,3,"038025",13
139.06,-24.05,2001,4,"038025",0
139.06,-24.05,2001,5,"038025",0
139.06,-24.05,2001,6,"038025",0
139.06,-24.05,2001,7,"038025",3
139.06,-24.05,2001,8,"038025",0
139.06,-24.05,2001,9,"038025",7
139.06,-24.05,2001,10,"038025",24
139.06,-24.05,2001,11,"038025",7
139.06,-24.05,2001,12,"038025",NA
139.06,-24.05,2002,1,"038025",7
139.06,-24.05,2002,2,"038025",0
139.06,-24.05,2002,3,"038025",0
139.06,-24.05,2002,4,"038025",0
139.06,-24.05,2002,5,"038025",0
139.06,-24.05,2002,6,"038025",0
139.06,-24.05,2002,7,"038025",0
139.06,-24.05,2002,8,"038025",0
139.06,-24.05,2002,9,"038025",0
139.06,-24.05,2002,10,"038025",0
139.06,-24.05,2002,11,"038025",12
139.06,-24.05,2002,12,"038025",8.6
139.06,-24.05,2003,1,"038025",10
139.06,-24.05,2003,2,"038025",53
139.06,-24.05,2003,3,"038025",0
139.06,-24.05,2003,4,"038025",20
139.06,-24.05,2003,5,"038025",0
139.06,-24.05,2003,6,"038025",0
139.06,-24.05,2003,7,"038025",6
139.06,-24.05,2003,8,"038025",14
139.06,-24.05,2003,9,"038025",0
139.06,-24.05,2003,10,"038025",3.6
139.06,-24.05,2003,11,"038025",2
139.06,-24.05,2003,12,"038025",56
139.06,-24.05,2004,1,"038025",8
139.06,-24.05,2004,2,"038025",27.6
139.06,-24.05,2004,3,"038025",0
139.06,-24.05,2004,4,"038025",0
139.06,-24.05,2004,5,"038025",28
139.06,-24.05,2004,6,"038025",0
139.06,-24.05,2004,7,"038025",0
139.06,-24.05,2004,8,"038025",19
139.06,-24.05,2004,9,"038025",0
139.06,-24.05,2004,10,"038025",0
139.06,-24.05,2004,11,"038025",4.4
139.06,-24.05,2004,12,"038025",0
139.06,-24.05,2005,1,"038025",30
139.06,-24.05,2005,2,"038025",4
139.06,-24.05,2005,3,"038025",0
139.06,-24.05,2005,4,"038025",0
139.06,-24.05,2005,5,"038025",0
139.06,-24.05,2005,6,"038025",146
139.06,-24.05,2005,7,"038025",2
139.06,-24.05,2005,8,"038025",0
139.06,-24.05,2005,9,"038025",3
139.06,-24.05,2005,10,"038025",15
139.06,-24.05,2005,11,"038025",8
139.06,-24.05,2005,12,"038025",0
139.06,-24.05,2006,1,"038025",38
139.06,-24.05,2006,2,"038025",5
139.06,-24.05,2006,3,"038025",14.4
139.06,-24.05,2006,4,"038025",0
139.06,-24.05,2006,5,"038025",0
139.06,-24.05,2006,6,"038025",0
139.06,-24.05,2006,7,"038025",4
139.06,-24.05,2006,8,"038025",0
139.06,-24.05,2006,9,"038025",0
139.06,-24.05,2006,10,"038025",0
139.06,-24.05,2006,11,"038025",8
139.06,-24.05,2006,12,"038025",26.4
139.06,-24.05,2007,1,"038025",200.1
139.06,-24.05,2007,2,"038025",0
139.06,-24.05,2007,3,"038025",10
139.06,-24.05,2007,4,"038025",0
139.06,-24.05,2007,5,"038025",20
139.06,-24.05,2007,6,"038025",0
139.06,-24.05,2007,7,"038025",0
139.06,-24.05,2007,8,"038025",0
139.06,-24.05,2007,9,"038025",0
139.06,-24.05,2007,10,"038025",0
139.06,-24.05,2007,11,"038025",5
139.06,-24.05,2007,12,"038025",16
139.06,-24.05,2008,1,"038025",1
139.06,-24.05,2008,2,"038025",8
139.06,-24.05,2008,3,"038025",0
139.06,-24.05,2008,4,"038025",0
139.06,-24.05,2008,5,"038025",NA
139.06,-24.05,2008,6,"038025",0
139.06,-24.05,2008,7,"038025",0
139.06,-24.05,2008,8,"038025",20.4
139.06,-24.05,2008,9,"038025",0
139.06,-24.05,2008,10,"038025",0
139.06,-24.05,2008,11,"038025",64.4
139.06,-24.05,2008,12,"038025",NA
139.06,-24.05,2009,1,"038025",NA
139.06,-24.05,2009,2,"038025",NA
139.06,-24.05,2009,3,"038025",NA
139.06,-24.05,2009,4,"038025",NA
139.06,-24.05,2009,5,"038025",NA
139.06,-24.05,2009,6,"038025",0
139.06,-24.05,2009,7,"038025",0
139.06,-24.05,2009,8,"038025",0
139.06,-24.05,2009,9,"038025",0
139.06,-24.05,2009,10,"038025",0
139.06,-24.05,2009,11,"038025",29
139.06,-24.05,2009,12,"038025",18
139.06,-24.05,2010,1,"038025",23.6
139.06,-24.05,2010,2,"038025",175
139.06,-24.05,2010,3,"038025",8
139.06,-24.05,2010,4,"038025",NA
139.06,-24.05,2010,5,"038025",NA
139.06,-24.05,2010,6,"038025",NA
139.06,-24.05,2010,7,"038025",NA
139.06,-24.05,2010,8,"038025",NA
139.06,-24.05,2010,9,"038025",NA
139.06,-24.05,2010,10,"038025",NA
139.06,-24.05,2010,11,"038025",NA
139.06,-24.05,2010,12,"038025",NA
139.06,-24.05,2011,1,"038025",57
139.06,-24.05,2011,2,"038025",136
139.06,-24.05,2011,3,"038025",285
139.06,-24.05,2011,4,"038025",NA
139.06,-24.05,2011,5,"038025",NA
139.06,-24.05,2011,6,"038025",NA
139.06,-24.05,2011,7,"038025",21
139.06,-24.05,2011,8,"038025",NA
139.06,-24.05,2011,9,"038025",NA
139.06,-24.05,2011,10,"038025",NA
139.06,-24.05,2011,11,"038025",49
139.06,-24.05,2011,12,"038025",92
139.06,-24.05,2012,1,"038025",NA
139.06,-24.05,2012,2,"038025",NA
139.06,-24.05,2012,3,"038025",NA
139.06,-24.05,2012,4,"038025",NA
139.06,-24.05,2012,5,"038025",4
139.06,-24.05,2012,6,"038025",NA
139.06,-24.05,2012,7,"038025",8
139.06,-24.05,2012,8,"038025",NA
139.06,-24.05,2012,9,"038025",NA
139.06,-24.05,2012,10,"038025",NA
139.06,-24.05,2012,11,"038025",NA
139.06,-24.05,2012,12,"038025",NA
139.06,-24.05,2013,1,"038025",NA
139.06,-24.05,2013,2,"038025",NA
139.06,-24.05,2013,3,"038025",NA
139.06,-24.05,2013,4,"038025",NA
139.06,-24.05,2013,5,"038025",47
139.06,-24.05,2013,6,"038025",NA
139.06,-24.05,2013,7,"038025",NA
139.06,-24.05,2013,8,"038025",NA
139.06,-24.05,2013,9,"038025",NA
139.06,-24.05,2013,10,"038025",NA
139.06,-24.05,2013,11,"038025",NA
139.06,-24.05,2013,12,"038025",NA
139.06,-24.05,2014,1,"038025",1.7
139.06,-24.05,2014,2,"038025",74.6
139.06,-24.05,2014,3,"038025",40
139.06,-24.05,2014,4,"038025",NA
139.06,-24.05,2014,5,"038025",NA
139.06,-24.05,2014,6,"038025",10.4
139.06,-24.05,2014,7,"038025",NA
139.06,-24.05,2014,8,"038025",NA
139.06,-24.05,2014,9,"038025",NA
139.06,-24.05,2014,10,"038025",NA
139.06,-24.05,2014,11,"038025",20
139.06,-24.05,2014,12,"038025",14.2
