"Lon","Lat","Year","Month","Station","Rain"
144.81,-37.7,1999,1,"087015",NA
144.81,-37.7,1999,2,"087015",NA
144.81,-37.7,1999,3,"087015",NA
144.81,-37.7,1999,4,"087015",18
144.81,-37.7,1999,5,"087015",40.2
144.81,-37.7,1999,6,"087015",27.6
144.81,-37.7,1999,7,"087015",19.2
144.81,-37.7,1999,8,"087015",79.7
144.81,-37.7,1999,9,"087015",26.8
144.81,-37.7,1999,10,"087015",NA
144.81,-37.7,1999,11,"087015",28.2
144.81,-37.7,1999,12,"087015",NA
144.81,-37.7,2000,1,"087015",31.8
144.81,-37.7,2000,2,"087015",28.4
144.81,-37.7,2000,3,"087015",29.2
144.81,-37.7,2000,4,"087015",47.2
144.81,-37.7,2000,5,"087015",95.2
144.81,-37.7,2000,6,"087015",31.6
144.81,-37.7,2000,7,"087015",40.8
144.81,-37.7,2000,8,"087015",41.6
144.81,-37.7,2000,9,"087015",60.2
144.81,-37.7,2000,10,"087015",123.5
144.81,-37.7,2000,11,"087015",38.8
144.81,-37.7,2000,12,"087015",23.4
144.81,-37.7,2001,1,"087015",12.6
144.81,-37.7,2001,2,"087015",12.4
144.81,-37.7,2001,3,"087015",131.6
144.81,-37.7,2001,4,"087015",99.2
144.81,-37.7,2001,5,"087015",11.4
144.81,-37.7,2001,6,"087015",NA
144.81,-37.7,2001,7,"087015",12.6
144.81,-37.7,2001,8,"087015",NA
144.81,-37.7,2001,9,"087015",23.6
144.81,-37.7,2001,10,"087015",NA
144.81,-37.7,2001,11,"087015",56.6
144.81,-37.7,2001,12,"087015",45.8
144.81,-37.7,2002,1,"087015",36
144.81,-37.7,2002,2,"087015",80.4
144.81,-37.7,2002,3,"087015",64
144.81,-37.7,2002,4,"087015",38.6
144.81,-37.7,2002,5,"087015",21
144.81,-37.7,2002,6,"087015",31.2
144.81,-37.7,2002,7,"087015",32.2
144.81,-37.7,2002,8,"087015",26
144.81,-37.7,2002,9,"087015",NA
144.81,-37.7,2002,10,"087015",NA
144.81,-37.7,2002,11,"087015",12.8
144.81,-37.7,2002,12,"087015",13.2
144.81,-37.7,2003,1,"087015",8.2
144.81,-37.7,2003,2,"087015",18.4
144.81,-37.7,2003,3,"087015",24
144.81,-37.7,2003,4,"087015",60.4
144.81,-37.7,2003,5,"087015",NA
144.81,-37.7,2003,6,"087015",45.2
144.81,-37.7,2003,7,"087015",63
144.81,-37.7,2003,8,"087015",54.2
144.81,-37.7,2003,9,"087015",22
144.81,-37.7,2003,10,"087015",79.8
144.81,-37.7,2003,11,"087015",37.2
144.81,-37.7,2003,12,"087015",23.6
144.81,-37.7,2004,1,"087015",24
144.81,-37.7,2004,2,"087015",14.8
144.81,-37.7,2004,3,"087015",19.2
144.81,-37.7,2004,4,"087015",53.8
144.81,-37.7,2004,5,"087015",18.2
144.81,-37.7,2004,6,"087015",24.6
144.81,-37.7,2004,7,"087015",34.6
144.81,-37.7,2004,8,"087015",NA
144.81,-37.7,2004,9,"087015",53.2
144.81,-37.7,2004,10,"087015",49.4
144.81,-37.7,2004,11,"087015",116.6
144.81,-37.7,2004,12,"087015",72
144.81,-37.7,2005,1,"087015",19.2
144.81,-37.7,2005,2,"087015",207.6
144.81,-37.7,2005,3,"087015",NA
144.81,-37.7,2005,4,"087015",28
144.81,-37.7,2005,5,"087015",11
144.81,-37.7,2005,6,"087015",34.2
144.81,-37.7,2005,7,"087015",23.9
144.81,-37.7,2005,8,"087015",62.4
144.81,-37.7,2005,9,"087015",40
144.81,-37.7,2005,10,"087015",59
144.81,-37.7,2005,11,"087015",64.8
144.81,-37.7,2005,12,"087015",54.4
144.81,-37.7,2006,1,"087015",NA
144.81,-37.7,2006,2,"087015",51.6
144.81,-37.7,2006,3,"087015",10.2
144.81,-37.7,2006,4,"087015",60.8
144.81,-37.7,2006,5,"087015",42.2
144.81,-37.7,2006,6,"087015",11.6
144.81,-37.7,2006,7,"087015",48.6
144.81,-37.7,2006,8,"087015",29.6
144.81,-37.7,2006,9,"087015",36.2
144.81,-37.7,2006,10,"087015",10
144.81,-37.7,2006,11,"087015",43.8
144.81,-37.7,2006,12,"087015",14
144.81,-37.7,2007,1,"087015",28.8
144.81,-37.7,2007,2,"087015",27.6
144.81,-37.7,2007,3,"087015",34.2
144.81,-37.7,2007,4,"087015",32.6
144.81,-37.7,2007,5,"087015",48.4
144.81,-37.7,2007,6,"087015",NA
144.81,-37.7,2007,7,"087015",49
144.81,-37.7,2007,8,"087015",18.2
144.81,-37.7,2007,9,"087015",11
144.81,-37.7,2007,10,"087015",10.2
144.81,-37.7,2007,11,"087015",79.2
144.81,-37.7,2007,12,"087015",73.2
144.81,-37.7,2008,1,"087015",23
144.81,-37.7,2008,2,"087015",38.4
144.81,-37.7,2008,3,"087015",21
144.81,-37.7,2008,4,"087015",12.2
144.81,-37.7,2008,5,"087015",41
144.81,-37.7,2008,6,"087015",14.4
144.81,-37.7,2008,7,"087015",45
144.81,-37.7,2008,8,"087015",49.8
144.81,-37.7,2008,9,"087015",15.6
144.81,-37.7,2008,10,"087015",11.6
144.81,-37.7,2008,11,"087015",45.2
144.81,-37.7,2008,12,"087015",95.2
144.81,-37.7,2009,1,"087015",2
144.81,-37.7,2009,2,"087015",4.4
144.81,-37.7,2009,3,"087015",28.8
144.81,-37.7,2009,4,"087015",27.8
144.81,-37.7,2009,5,"087015",12.4
144.81,-37.7,2009,6,"087015",24.6
144.81,-37.7,2009,7,"087015",34.8
144.81,-37.7,2009,8,"087015",NA
144.81,-37.7,2009,9,"087015",62.2
144.81,-37.7,2009,10,"087015",39.2
144.81,-37.7,2009,11,"087015",140.4
144.81,-37.7,2009,12,"087015",37.4
144.81,-37.7,2010,1,"087015",21.4
144.81,-37.7,2010,2,"087015",NA
144.81,-37.7,2010,3,"087015",71.2
144.81,-37.7,2010,4,"087015",15.6
144.81,-37.7,2010,5,"087015",35.2
144.81,-37.7,2010,6,"087015",53.4
144.81,-37.7,2010,7,"087015",NA
144.81,-37.7,2010,8,"087015",75.8
144.81,-37.7,2010,9,"087015",48.2
144.81,-37.7,2010,10,"087015",NA
144.81,-37.7,2010,11,"087015",151
144.81,-37.7,2010,12,"087015",56.2
