"Lon","Lat","Year","Month","Station","Rain"
116.18,-31.7,2007,1,"009267",NA
116.18,-31.7,2007,2,"009267",2.2
116.18,-31.7,2007,3,"009267",10.2
116.18,-31.7,2007,4,"009267",56.8
116.18,-31.7,2007,5,"009267",71.6
116.18,-31.7,2007,6,"009267",61.2
116.18,-31.7,2007,7,"009267",235.8
116.18,-31.7,2007,8,"009267",166.6
116.18,-31.7,2007,9,"009267",117.8
116.18,-31.7,2007,10,"009267",48.6
116.18,-31.7,2007,11,"009267",6.8
116.18,-31.7,2007,12,"009267",44.6
116.18,-31.7,2008,1,"009267",0.2
116.18,-31.7,2008,2,"009267",46.8
116.18,-31.7,2008,3,"009267",14.8
116.18,-31.7,2008,4,"009267",140.6
116.18,-31.7,2008,5,"009267",59
116.18,-31.7,2008,6,"009267",132.6
116.18,-31.7,2008,7,"009267",236.6
116.18,-31.7,2008,8,"009267",19
116.18,-31.7,2008,9,"009267",88.8
116.18,-31.7,2008,10,"009267",50.8
116.18,-31.7,2008,11,"009267",56.4
116.18,-31.7,2008,12,"009267",4.6
116.18,-31.7,2009,1,"009267",0.4
116.18,-31.7,2009,2,"009267",8.4
116.18,-31.7,2009,3,"009267",6.8
116.18,-31.7,2009,4,"009267",8.8
116.18,-31.7,2009,5,"009267",44.6
116.18,-31.7,2009,6,"009267",167.4
116.18,-31.7,2009,7,"009267",191
116.18,-31.7,2009,8,"009267",149.2
116.18,-31.7,2009,9,"009267",157.6
116.18,-31.7,2009,10,"009267",15
116.18,-31.7,2009,11,"009267",63.8
116.18,-31.7,2009,12,"009267",2.4
116.18,-31.7,2010,1,"009267",0.2
116.18,-31.7,2010,2,"009267",0.6
116.18,-31.7,2010,3,"009267",18.8
116.18,-31.7,2010,4,"009267",14.2
116.18,-31.7,2010,5,"009267",66.2
116.18,-31.7,2010,6,"009267",30
116.18,-31.7,2010,7,"009267",142
116.18,-31.7,2010,8,"009267",55.8
116.18,-31.7,2010,9,"009267",40.6
116.18,-31.7,2010,10,"009267",12.8
116.18,-31.7,2010,11,"009267",9.2
116.18,-31.7,2010,12,"009267",31.2
116.18,-31.7,2011,1,"009267",34.4
116.18,-31.7,2011,2,"009267",1.4
116.18,-31.7,2011,3,"009267",1.6
116.18,-31.7,2011,4,"009267",22.2
116.18,-31.7,2011,5,"009267",77.2
116.18,-31.7,2011,6,"009267",116.2
116.18,-31.7,2011,7,"009267",146.8
116.18,-31.7,2011,8,"009267",163.6
116.18,-31.7,2011,9,"009267",95.2
116.18,-31.7,2011,10,"009267",61.8
116.18,-31.7,2011,11,"009267",38.4
116.18,-31.7,2011,12,"009267",33.4
116.18,-31.7,2012,1,"009267",29.8
116.18,-31.7,2012,2,"009267",28.2
116.18,-31.7,2012,3,"009267",0
116.18,-31.7,2012,4,"009267",56.4
116.18,-31.7,2012,5,"009267",37.2
116.18,-31.7,2012,6,"009267",186.8
116.18,-31.7,2012,7,"009267",27.6
116.18,-31.7,2012,8,"009267",98.6
116.18,-31.7,2012,9,"009267",106
116.18,-31.7,2012,10,"009267",12.4
116.18,-31.7,2012,11,"009267",74.8
116.18,-31.7,2012,12,"009267",27.6
116.18,-31.7,2013,1,"009267",16
116.18,-31.7,2013,2,"009267",3.2
116.18,-31.7,2013,3,"009267",80.4
116.18,-31.7,2013,4,"009267",16.4
116.18,-31.7,2013,5,"009267",119.8
116.18,-31.7,2013,6,"009267",31.8
116.18,-31.7,2013,7,"009267",NA
116.18,-31.7,2013,8,"009267",223.2
116.18,-31.7,2013,9,"009267",195.8
116.18,-31.7,2013,10,"009267",36.8
116.18,-31.7,2013,11,"009267",13.2
116.18,-31.7,2013,12,"009267",0
116.18,-31.7,2014,1,"009267",0
116.18,-31.7,2014,2,"009267",0
116.18,-31.7,2014,3,"009267",8.8
116.18,-31.7,2014,4,"009267",29.2
116.18,-31.7,2014,5,"009267",167.2
116.18,-31.7,2014,6,"009267",118.4
116.18,-31.7,2014,7,"009267",131.4
116.18,-31.7,2014,8,"009267",97
116.18,-31.7,2014,9,"009267",87
116.18,-31.7,2014,10,"009267",39.8
116.18,-31.7,2014,11,"009267",31.2
116.18,-31.7,2014,12,"009267",0
116.18,-31.7,2015,1,"009267",0
116.18,-31.7,2015,2,"009267",26.8
116.18,-31.7,2015,3,"009267",30.4
116.18,-31.7,2015,4,"009267",69.2
116.18,-31.7,2015,5,"009267",59.2
116.18,-31.7,2015,6,"009267",64
116.18,-31.7,2015,7,"009267",111.6
116.18,-31.7,2015,8,"009267",112.8
116.18,-31.7,2015,9,"009267",48.2
116.18,-31.7,2015,10,"009267",22.4
116.18,-31.7,2015,11,"009267",NA
116.18,-31.7,2015,12,"009267",NA
116.18,-31.7,2017,1,"009267",NA
116.18,-31.7,2017,2,"009267",NA
116.18,-31.7,2017,3,"009267",NA
116.18,-31.7,2017,4,"009267",NA
116.18,-31.7,2017,5,"009267",NA
116.18,-31.7,2017,6,"009267",NA
116.18,-31.7,2017,7,"009267",NA
116.18,-31.7,2017,8,"009267",NA
116.18,-31.7,2017,9,"009267",NA
116.18,-31.7,2017,10,"009267",NA
116.18,-31.7,2017,11,"009267",17.2
116.18,-31.7,2017,12,"009267",57.2
116.18,-31.7,2018,1,"009267",99.6
116.18,-31.7,2018,2,"009267",0.4
116.18,-31.7,2018,3,"009267",3.8
116.18,-31.7,2018,4,"009267",22
116.18,-31.7,2018,5,"009267",85.8
116.18,-31.7,2018,6,"009267",135.2
116.18,-31.7,2018,7,"009267",196
116.18,-31.7,2018,8,"009267",232
116.18,-31.7,2018,9,"009267",31.2
116.18,-31.7,2018,10,"009267",54.4
116.18,-31.7,2018,11,"009267",3.8
116.18,-31.7,2018,12,"009267",NA
