"Lon","Lat","Year","Month","Station","Rain"
144.78,-24.88,1989,1,"036166",13
144.78,-24.88,1989,2,"036166",62
144.78,-24.88,1989,3,"036166",69.5
144.78,-24.88,1989,4,"036166",57
144.78,-24.88,1989,5,"036166",256
144.78,-24.88,1989,6,"036166",33
144.78,-24.88,1989,7,"036166",6
144.78,-24.88,1989,8,"036166",0
144.78,-24.88,1989,9,"036166",0
144.78,-24.88,1989,10,"036166",42
144.78,-24.88,1989,11,"036166",13.5
144.78,-24.88,1989,12,"036166",55.5
144.78,-24.88,1990,1,"036166",22.5
144.78,-24.88,1990,2,"036166",74
144.78,-24.88,1990,3,"036166",145.5
144.78,-24.88,1990,4,"036166",318.5
144.78,-24.88,1990,5,"036166",83.5
144.78,-24.88,1990,6,"036166",20.5
144.78,-24.88,1990,7,"036166",12
144.78,-24.88,1990,8,"036166",8.5
144.78,-24.88,1990,9,"036166",1.5
144.78,-24.88,1990,10,"036166",12.5
144.78,-24.88,1990,11,"036166",7
144.78,-24.88,1990,12,"036166",50.5
144.78,-24.88,1991,1,"036166",127
144.78,-24.88,1991,2,"036166",166.5
144.78,-24.88,1991,3,"036166",2.5
144.78,-24.88,1991,4,"036166",4.5
144.78,-24.88,1991,5,"036166",1.5
144.78,-24.88,1991,6,"036166",5.5
144.78,-24.88,1991,7,"036166",10
144.78,-24.88,1991,8,"036166",0
144.78,-24.88,1991,9,"036166",0
144.78,-24.88,1991,10,"036166",33
144.78,-24.88,1991,11,"036166",37.5
144.78,-24.88,1991,12,"036166",87.5
144.78,-24.88,1992,1,"036166",21.5
144.78,-24.88,1992,2,"036166",139
144.78,-24.88,1992,3,"036166",4.2
144.78,-24.88,1992,4,"036166",5
144.78,-24.88,1992,5,"036166",42
144.78,-24.88,1992,6,"036166",0
144.78,-24.88,1992,7,"036166",0
144.78,-24.88,1992,8,"036166",13
144.78,-24.88,1992,9,"036166",35.5
144.78,-24.88,1992,10,"036166",22.5
144.78,-24.88,1992,11,"036166",20.2
144.78,-24.88,1992,12,"036166",127.5
144.78,-24.88,1993,1,"036166",36.5
144.78,-24.88,1993,2,"036166",21.5
144.78,-24.88,1993,3,"036166",5.5
144.78,-24.88,1993,4,"036166",1.5
144.78,-24.88,1993,5,"036166",8.5
144.78,-24.88,1993,6,"036166",16.5
144.78,-24.88,1993,7,"036166",40.5
144.78,-24.88,1993,8,"036166",64
144.78,-24.88,1993,9,"036166",19.5
144.78,-24.88,1993,10,"036166",20
144.78,-24.88,1993,11,"036166",56
144.78,-24.88,1993,12,"036166",101.5
144.78,-24.88,1994,1,"036166",7
144.78,-24.88,1994,2,"036166",248
144.78,-24.88,1994,3,"036166",141
144.78,-24.88,1994,4,"036166",0
144.78,-24.88,1994,5,"036166",0
144.78,-24.88,1994,6,"036166",30
144.78,-24.88,1994,7,"036166",5.5
144.78,-24.88,1994,8,"036166",0.2
144.78,-24.88,1994,9,"036166",0
144.78,-24.88,1994,10,"036166",23.5
144.78,-24.88,1994,11,"036166",168.5
144.78,-24.88,1994,12,"036166",1.5
144.78,-24.88,1995,1,"036166",83.5
144.78,-24.88,1995,2,"036166",63.5
144.78,-24.88,1995,3,"036166",0
144.78,-24.88,1995,4,"036166",16
144.78,-24.88,1995,5,"036166",7
144.78,-24.88,1995,6,"036166",0
144.78,-24.88,1995,7,"036166",0
144.78,-24.88,1995,8,"036166",8.6
144.78,-24.88,1995,9,"036166",34.1
144.78,-24.88,1995,10,"036166",18.8
144.78,-24.88,1995,11,"036166",32.4
144.78,-24.88,1995,12,"036166",42.2
144.78,-24.88,1996,1,"036166",132.4
144.78,-24.88,1996,2,"036166",39.2
144.78,-24.88,1996,3,"036166",89.6
144.78,-24.88,1996,4,"036166",7.8
144.78,-24.88,1996,5,"036166",3
144.78,-24.88,1996,6,"036166",7.4
144.78,-24.88,1996,7,"036166",36.9
144.78,-24.88,1996,8,"036166",25.2
144.78,-24.88,1996,9,"036166",31.2
144.78,-24.88,1996,10,"036166",61.4
144.78,-24.88,1996,11,"036166",71.2
144.78,-24.88,1996,12,"036166",40.6
144.78,-24.88,1997,1,"036166",NA
144.78,-24.88,1997,2,"036166",187.6
144.78,-24.88,1997,3,"036166",92.8
144.78,-24.88,1997,4,"036166",9.6
144.78,-24.88,1997,5,"036166",41.2
144.78,-24.88,1997,6,"036166",2
144.78,-24.88,1997,7,"036166",0
144.78,-24.88,1997,8,"036166",18.2
144.78,-24.88,1997,9,"036166",37.2
144.78,-24.88,1997,10,"036166",9.8
144.78,-24.88,1997,11,"036166",20.2
144.78,-24.88,1997,12,"036166",86.7
144.78,-24.88,1998,1,"036166",92.6
144.78,-24.88,1998,2,"036166",99
144.78,-24.88,1998,3,"036166",4
144.78,-24.88,1998,4,"036166",97.1
144.78,-24.88,1998,5,"036166",37.2
144.78,-24.88,1998,6,"036166",34.8
144.78,-24.88,1998,7,"036166",54.5
144.78,-24.88,1998,8,"036166",26.8
144.78,-24.88,1998,9,"036166",47.6
144.78,-24.88,1998,10,"036166",66.2
144.78,-24.88,1998,11,"036166",41.8
144.78,-24.88,1998,12,"036166",73.2
144.78,-24.88,1999,1,"036166",206.7
144.78,-24.88,1999,2,"036166",23.6
144.78,-24.88,1999,3,"036166",191.8
144.78,-24.88,1999,4,"036166",59.7
144.78,-24.88,1999,5,"036166",23.8
144.78,-24.88,1999,6,"036166",23.6
144.78,-24.88,1999,7,"036166",0
144.78,-24.88,1999,8,"036166",2.4
144.78,-24.88,1999,9,"036166",2.4
144.78,-24.88,1999,10,"036166",31
144.78,-24.88,1999,11,"036166",101.2
144.78,-24.88,1999,12,"036166",119.2
144.78,-24.88,2000,1,"036166",48.4
144.78,-24.88,2000,2,"036166",88.2
144.78,-24.88,2000,3,"036166",0
144.78,-24.88,2000,4,"036166",71
144.78,-24.88,2000,5,"036166",128.2
144.78,-24.88,2000,6,"036166",11.6
144.78,-24.88,2000,7,"036166",2.8
144.78,-24.88,2000,8,"036166",20
144.78,-24.88,2000,9,"036166",1.6
144.78,-24.88,2000,10,"036166",55.7
144.78,-24.88,2000,11,"036166",187
144.78,-24.88,2000,12,"036166",121.8
144.78,-24.88,2001,1,"036166",23.4
144.78,-24.88,2001,2,"036166",113.2
144.78,-24.88,2001,3,"036166",30.4
144.78,-24.88,2001,4,"036166",18
144.78,-24.88,2001,5,"036166",0
144.78,-24.88,2001,6,"036166",10.8
144.78,-24.88,2001,7,"036166",16
144.78,-24.88,2001,8,"036166",0
144.78,-24.88,2001,9,"036166",2.4
144.78,-24.88,2001,10,"036166",25
144.78,-24.88,2001,11,"036166",58
144.78,-24.88,2001,12,"036166",73.2
144.78,-24.88,2002,1,"036166",92.8
144.78,-24.88,2002,2,"036166",25.6
144.78,-24.88,2002,3,"036166",4.4
144.78,-24.88,2002,4,"036166",7.2
144.78,-24.88,2002,5,"036166",1.2
144.78,-24.88,2002,6,"036166",0
144.78,-24.88,2002,7,"036166",0
144.78,-24.88,2002,8,"036166",12.9
144.78,-24.88,2002,9,"036166",5.5
144.78,-24.88,2002,10,"036166",0
144.78,-24.88,2002,11,"036166",0
144.78,-24.88,2002,12,"036166",25.2
144.78,-24.88,2003,1,"036166",51
144.78,-24.88,2003,2,"036166",100.2
144.78,-24.88,2003,3,"036166",19.1
144.78,-24.88,2003,4,"036166",7.3
144.78,-24.88,2003,5,"036166",25.5
144.78,-24.88,2003,6,"036166",26.2
144.78,-24.88,2003,7,"036166",1.5
144.78,-24.88,2003,8,"036166",0
144.78,-24.88,2003,9,"036166",0
144.78,-24.88,2003,10,"036166",3.5
144.78,-24.88,2003,11,"036166",5.1
144.78,-24.88,2003,12,"036166",46.1
144.78,-24.88,2004,1,"036166",245
144.78,-24.88,2004,2,"036166",25.9
144.78,-24.88,2004,3,"036166",1
144.78,-24.88,2004,4,"036166",48.7
144.78,-24.88,2004,5,"036166",1
144.78,-24.88,2004,6,"036166",0
144.78,-24.88,2004,7,"036166",0.6
144.78,-24.88,2004,8,"036166",5.3
144.78,-24.88,2004,9,"036166",16
144.78,-24.88,2004,10,"036166",0
144.78,-24.88,2004,11,"036166",41
144.78,-24.88,2004,12,"036166",NA
144.78,-24.88,2006,1,"036166",20
144.78,-24.88,2006,2,"036166",47
144.78,-24.88,2006,3,"036166",116
144.78,-24.88,2006,4,"036166",121
144.78,-24.88,2006,5,"036166",4
144.78,-24.88,2006,6,"036166",39
144.78,-24.88,2006,7,"036166",27
144.78,-24.88,2006,8,"036166",0
144.78,-24.88,2006,9,"036166",0
144.78,-24.88,2006,10,"036166",0
144.78,-24.88,2006,11,"036166",2
144.78,-24.88,2006,12,"036166",NA
144.78,-24.88,2007,1,"036166",154
144.78,-24.88,2007,2,"036166",NA
144.78,-24.88,2007,3,"036166",52
144.78,-24.88,2007,4,"036166",0
144.78,-24.88,2007,5,"036166",22
144.78,-24.88,2007,6,"036166",49
144.78,-24.88,2007,7,"036166",0
144.78,-24.88,2007,8,"036166",16
144.78,-24.88,2007,9,"036166",0
144.78,-24.88,2007,10,"036166",12.4
144.78,-24.88,2007,11,"036166",60
144.78,-24.88,2007,12,"036166",NA
144.78,-24.88,2008,1,"036166",220
144.78,-24.88,2008,2,"036166",68
144.78,-24.88,2008,3,"036166",0
144.78,-24.88,2008,4,"036166",0
144.78,-24.88,2008,5,"036166",2
144.78,-24.88,2008,6,"036166",47
144.78,-24.88,2008,7,"036166",3
144.78,-24.88,2008,8,"036166",0
144.78,-24.88,2008,9,"036166",49
144.78,-24.88,2008,10,"036166",0
144.78,-24.88,2008,11,"036166",28
144.78,-24.88,2008,12,"036166",0
144.78,-24.88,2009,1,"036166",82
144.78,-24.88,2009,2,"036166",19.4
144.78,-24.88,2009,3,"036166",41.4
144.78,-24.88,2009,4,"036166",65
144.78,-24.88,2009,5,"036166",13.2
144.78,-24.88,2009,6,"036166",105
144.78,-24.88,2009,7,"036166",NA
144.78,-24.88,2009,8,"036166",NA
144.78,-24.88,2009,9,"036166",NA
144.78,-24.88,2009,10,"036166",NA
144.78,-24.88,2009,11,"036166",NA
144.78,-24.88,2009,12,"036166",NA
144.78,-24.88,2013,1,"036166",18
144.78,-24.88,2013,2,"036166",81
144.78,-24.88,2013,3,"036166",7
144.78,-24.88,2013,4,"036166",0
144.78,-24.88,2013,5,"036166",NA
144.78,-24.88,2013,6,"036166",0
144.78,-24.88,2013,7,"036166",0
144.78,-24.88,2013,8,"036166",0
144.78,-24.88,2013,9,"036166",0
144.78,-24.88,2013,10,"036166",2
144.78,-24.88,2013,11,"036166",57.5
144.78,-24.88,2013,12,"036166",10
144.78,-24.88,2014,1,"036166",0
144.78,-24.88,2014,2,"036166",17
144.78,-24.88,2014,3,"036166",NA
144.78,-24.88,2014,4,"036166",NA
144.78,-24.88,2014,5,"036166",NA
144.78,-24.88,2014,6,"036166",NA
144.78,-24.88,2014,7,"036166",NA
144.78,-24.88,2014,8,"036166",NA
144.78,-24.88,2014,9,"036166",NA
144.78,-24.88,2014,10,"036166",NA
144.78,-24.88,2014,11,"036166",NA
144.78,-24.88,2014,12,"036166",NA
