"Lon","Lat","Year","Month","Station","Rain"
143.51,-22.08,1896,1,"037105",NA
143.51,-22.08,1896,2,"037105",NA
143.51,-22.08,1896,3,"037105",NA
143.51,-22.08,1896,4,"037105",NA
143.51,-22.08,1896,5,"037105",NA
143.51,-22.08,1896,6,"037105",NA
143.51,-22.08,1896,7,"037105",NA
143.51,-22.08,1896,8,"037105",0
143.51,-22.08,1896,9,"037105",0
143.51,-22.08,1896,10,"037105",0
143.51,-22.08,1896,11,"037105",0
143.51,-22.08,1896,12,"037105",7.9
143.51,-22.08,1897,1,"037105",117.4
143.51,-22.08,1897,2,"037105",17.2
143.51,-22.08,1897,3,"037105",24.6
143.51,-22.08,1897,4,"037105",0
143.51,-22.08,1897,5,"037105",0
143.51,-22.08,1897,6,"037105",25.4
143.51,-22.08,1897,7,"037105",0
143.51,-22.08,1897,8,"037105",0
143.51,-22.08,1897,9,"037105",14
143.51,-22.08,1897,10,"037105",30.7
143.51,-22.08,1897,11,"037105",0
143.51,-22.08,1897,12,"037105",19.6
143.51,-22.08,1898,1,"037105",72.1
143.51,-22.08,1898,2,"037105",237.6
143.51,-22.08,1898,3,"037105",0
143.51,-22.08,1898,4,"037105",0
143.51,-22.08,1898,5,"037105",6.4
143.51,-22.08,1898,6,"037105",16.8
143.51,-22.08,1898,7,"037105",0
143.51,-22.08,1898,8,"037105",6.9
143.51,-22.08,1898,9,"037105",43.7
143.51,-22.08,1898,10,"037105",10.7
143.51,-22.08,1898,11,"037105",0
143.51,-22.08,1898,12,"037105",38.8
143.51,-22.08,1899,1,"037105",33.3
143.51,-22.08,1899,2,"037105",66.3
143.51,-22.08,1899,3,"037105",36.6
143.51,-22.08,1899,4,"037105",30.2
143.51,-22.08,1899,5,"037105",0
143.51,-22.08,1899,6,"037105",0
143.51,-22.08,1899,7,"037105",14
143.51,-22.08,1899,8,"037105",8.1
143.51,-22.08,1899,9,"037105",0
143.51,-22.08,1899,10,"037105",13.2
143.51,-22.08,1899,11,"037105",0
143.51,-22.08,1899,12,"037105",0
143.51,-22.08,1901,1,"037105",0
143.51,-22.08,1901,2,"037105",50
143.51,-22.08,1901,3,"037105",135.7
143.51,-22.08,1901,4,"037105",94.5
143.51,-22.08,1901,5,"037105",70.1
143.51,-22.08,1901,6,"037105",6.4
143.51,-22.08,1901,7,"037105",0
143.51,-22.08,1901,8,"037105",5.1
143.51,-22.08,1901,9,"037105",5.1
143.51,-22.08,1901,10,"037105",0
143.51,-22.08,1901,11,"037105",5.6
143.51,-22.08,1901,12,"037105",40.9
143.51,-22.08,1902,1,"037105",27.9
143.51,-22.08,1902,2,"037105",19.3
143.51,-22.08,1902,3,"037105",0.5
143.51,-22.08,1902,4,"037105",0
143.51,-22.08,1902,5,"037105",0
143.51,-22.08,1902,6,"037105",0
143.51,-22.08,1902,7,"037105",0
143.51,-22.08,1902,8,"037105",0.8
143.51,-22.08,1902,9,"037105",1.8
143.51,-22.08,1902,10,"037105",0
143.51,-22.08,1902,11,"037105",6.8
143.51,-22.08,1902,12,"037105",57.1
143.51,-22.08,1903,1,"037105",97.8
143.51,-22.08,1903,2,"037105",15.5
143.51,-22.08,1903,3,"037105",78.8
143.51,-22.08,1903,4,"037105",6.9
143.51,-22.08,1903,5,"037105",28.2
143.51,-22.08,1903,6,"037105",0
143.51,-22.08,1903,7,"037105",0
143.51,-22.08,1903,8,"037105",0
143.51,-22.08,1903,9,"037105",7.3
143.51,-22.08,1903,10,"037105",91.4
143.51,-22.08,1903,11,"037105",20.9
143.51,-22.08,1903,12,"037105",224.2
143.51,-22.08,1904,1,"037105",17.1
143.51,-22.08,1904,2,"037105",8.9
143.51,-22.08,1904,3,"037105",18
143.51,-22.08,1904,4,"037105",52.1
143.51,-22.08,1904,5,"037105",85.6
143.51,-22.08,1904,6,"037105",1.3
143.51,-22.08,1904,7,"037105",0
143.51,-22.08,1904,8,"037105",0
143.51,-22.08,1904,9,"037105",0.8
143.51,-22.08,1904,10,"037105",51.8
143.51,-22.08,1904,11,"037105",24.9
143.51,-22.08,1904,12,"037105",23.7
143.51,-22.08,1905,1,"037105",85.1
143.51,-22.08,1905,2,"037105",1.5
143.51,-22.08,1905,3,"037105",5.1
143.51,-22.08,1905,4,"037105",18.3
143.51,-22.08,1905,5,"037105",0
143.51,-22.08,1905,6,"037105",0.3
143.51,-22.08,1905,7,"037105",3
143.51,-22.08,1905,8,"037105",0
143.51,-22.08,1905,9,"037105",0
143.51,-22.08,1905,10,"037105",2
143.51,-22.08,1905,11,"037105",0
143.51,-22.08,1905,12,"037105",5.1
143.51,-22.08,1906,1,"037105",150.3
143.51,-22.08,1906,2,"037105",189
143.51,-22.08,1906,3,"037105",283.1
143.51,-22.08,1906,4,"037105",0
143.51,-22.08,1906,5,"037105",0
143.51,-22.08,1906,6,"037105",0
143.51,-22.08,1906,7,"037105",2.5
143.51,-22.08,1906,8,"037105",2
143.51,-22.08,1906,9,"037105",55.1
143.51,-22.08,1906,10,"037105",35.6
143.51,-22.08,1906,11,"037105",57.2
143.51,-22.08,1906,12,"037105",80.3
143.51,-22.08,1907,1,"037105",23.9
143.51,-22.08,1907,2,"037105",45.2
143.51,-22.08,1907,3,"037105",14.5
143.51,-22.08,1907,4,"037105",12.7
143.51,-22.08,1907,5,"037105",57.7
143.51,-22.08,1907,6,"037105",17.8
143.51,-22.08,1907,7,"037105",9.4
143.51,-22.08,1907,8,"037105",1
143.51,-22.08,1907,9,"037105",0
143.51,-22.08,1907,10,"037105",18.5
143.51,-22.08,1907,11,"037105",26
143.51,-22.08,1907,12,"037105",165.9
143.51,-22.08,1908,1,"037105",23.4
143.51,-22.08,1908,2,"037105",76
143.51,-22.08,1908,3,"037105",67.5
143.51,-22.08,1908,4,"037105",30.7
143.51,-22.08,1908,5,"037105",17.8
143.51,-22.08,1908,6,"037105",0
143.51,-22.08,1908,7,"037105",26.4
143.51,-22.08,1908,8,"037105",0
143.51,-22.08,1908,9,"037105",0
143.51,-22.08,1908,10,"037105",42.9
143.51,-22.08,1908,11,"037105",63.8
143.51,-22.08,1908,12,"037105",24.9
143.51,-22.08,1909,1,"037105",46.2
143.51,-22.08,1909,2,"037105",13.3
143.51,-22.08,1909,3,"037105",79
143.51,-22.08,1909,4,"037105",26.4
143.51,-22.08,1909,5,"037105",0
143.51,-22.08,1909,6,"037105",68.4
143.51,-22.08,1909,7,"037105",3.3
143.51,-22.08,1909,8,"037105",4.6
143.51,-22.08,1909,9,"037105",0
143.51,-22.08,1909,10,"037105",14.8
143.51,-22.08,1909,11,"037105",11.9
143.51,-22.08,1909,12,"037105",79.9
143.51,-22.08,1910,1,"037105",48.4
143.51,-22.08,1910,2,"037105",143.5
143.51,-22.08,1910,3,"037105",58.8
143.51,-22.08,1910,4,"037105",4.6
143.51,-22.08,1910,5,"037105",0
143.51,-22.08,1910,6,"037105",24.2
143.51,-22.08,1910,7,"037105",18.8
143.51,-22.08,1910,8,"037105",0
143.51,-22.08,1910,9,"037105",36.6
143.51,-22.08,1910,10,"037105",2.3
143.51,-22.08,1910,11,"037105",118.9
143.51,-22.08,1910,12,"037105",17.3
143.51,-22.08,1911,1,"037105",127.8
143.51,-22.08,1911,2,"037105",96.5
143.51,-22.08,1911,3,"037105",3
143.51,-22.08,1911,4,"037105",47.3
143.51,-22.08,1911,5,"037105",1.5
143.51,-22.08,1911,6,"037105",0
143.51,-22.08,1911,7,"037105",2.8
143.51,-22.08,1911,8,"037105",0
143.51,-22.08,1911,9,"037105",1.3
143.51,-22.08,1911,10,"037105",4.6
143.51,-22.08,1911,11,"037105",100.6
143.51,-22.08,1911,12,"037105",15.2
143.51,-22.08,1912,1,"037105",26.6
143.51,-22.08,1912,2,"037105",7.6
143.51,-22.08,1912,3,"037105",32
143.51,-22.08,1912,4,"037105",0
143.51,-22.08,1912,5,"037105",0
143.51,-22.08,1912,6,"037105",125.1
143.51,-22.08,1912,7,"037105",44.7
143.51,-22.08,1912,8,"037105",0
143.51,-22.08,1912,9,"037105",2.5
143.51,-22.08,1912,10,"037105",0
143.51,-22.08,1912,11,"037105",16.5
143.51,-22.08,1912,12,"037105",33.2
143.51,-22.08,1913,1,"037105",11.3
143.51,-22.08,1913,2,"037105",142.8
143.51,-22.08,1913,3,"037105",1.8
143.51,-22.08,1913,4,"037105",26.6
143.51,-22.08,1913,5,"037105",1
143.51,-22.08,1913,6,"037105",44.7
143.51,-22.08,1913,7,"037105",0
143.51,-22.08,1913,8,"037105",0
143.51,-22.08,1913,9,"037105",1.3
143.51,-22.08,1913,10,"037105",1.5
143.51,-22.08,1913,11,"037105",0
143.51,-22.08,1913,12,"037105",16.2
143.51,-22.08,1914,1,"037105",110.2
143.51,-22.08,1914,2,"037105",86.3
143.51,-22.08,1914,3,"037105",6.1
143.51,-22.08,1914,4,"037105",18.1
143.51,-22.08,1914,5,"037105",0
143.51,-22.08,1914,6,"037105",54.7
143.51,-22.08,1914,7,"037105",0.5
143.51,-22.08,1914,8,"037105",0
143.51,-22.08,1914,9,"037105",0
143.51,-22.08,1914,10,"037105",46
143.51,-22.08,1914,11,"037105",54.2
143.51,-22.08,1914,12,"037105",70.1
143.51,-22.08,1915,1,"037105",95.7
143.51,-22.08,1915,2,"037105",17.8
143.51,-22.08,1915,3,"037105",2.5
143.51,-22.08,1915,4,"037105",0
143.51,-22.08,1915,5,"037105",21.6
143.51,-22.08,1915,6,"037105",0
143.51,-22.08,1915,7,"037105",7.9
143.51,-22.08,1915,8,"037105",15.2
143.51,-22.08,1915,9,"037105",55.4
143.51,-22.08,1915,10,"037105",2.3
143.51,-22.08,1915,11,"037105",0.5
143.51,-22.08,1915,12,"037105",99.6
143.51,-22.08,1916,1,"037105",176.1
143.51,-22.08,1916,2,"037105",77.8
143.51,-22.08,1916,3,"037105",35.3
143.51,-22.08,1916,4,"037105",36.1
143.51,-22.08,1916,5,"037105",0
143.51,-22.08,1916,6,"037105",11.7
143.51,-22.08,1916,7,"037105",84
143.51,-22.08,1916,8,"037105",16.5
143.51,-22.08,1916,9,"037105",7.1
143.51,-22.08,1916,10,"037105",4.6
143.51,-22.08,1916,11,"037105",72.9
143.51,-22.08,1916,12,"037105",191.9
143.51,-22.08,1917,1,"037105",152.7
143.51,-22.08,1917,2,"037105",63.1
143.51,-22.08,1917,3,"037105",214.3
143.51,-22.08,1917,4,"037105",0
143.51,-22.08,1917,5,"037105",0
143.51,-22.08,1917,6,"037105",5.8
143.51,-22.08,1917,7,"037105",0
143.51,-22.08,1917,8,"037105",30.5
143.51,-22.08,1917,9,"037105",19.1
143.51,-22.08,1917,10,"037105",44.5
143.51,-22.08,1917,11,"037105",181.7
143.51,-22.08,1917,12,"037105",39.3
143.51,-22.08,1918,1,"037105",381
143.51,-22.08,1918,2,"037105",65.6
143.51,-22.08,1918,3,"037105",45.2
143.51,-22.08,1918,4,"037105",0
143.51,-22.08,1918,5,"037105",0
143.51,-22.08,1918,6,"037105",0
143.51,-22.08,1918,7,"037105",0
143.51,-22.08,1918,8,"037105",0
143.51,-22.08,1918,9,"037105",0
143.51,-22.08,1918,10,"037105",0
143.51,-22.08,1918,11,"037105",0
143.51,-22.08,1918,12,"037105",11.4
143.51,-22.08,1919,1,"037105",160.4
143.51,-22.08,1919,2,"037105",101.1
143.51,-22.08,1919,3,"037105",13.2
143.51,-22.08,1919,4,"037105",19.1
143.51,-22.08,1919,5,"037105",12.7
143.51,-22.08,1919,6,"037105",0
143.51,-22.08,1919,7,"037105",1.3
143.51,-22.08,1919,8,"037105",0
143.51,-22.08,1919,9,"037105",0.8
143.51,-22.08,1919,10,"037105",0
143.51,-22.08,1919,11,"037105",0
143.51,-22.08,1919,12,"037105",15.2
143.51,-22.08,1920,1,"037105",124.1
143.51,-22.08,1920,2,"037105",0
143.51,-22.08,1920,3,"037105",6.8
143.51,-22.08,1920,4,"037105",74.7
143.51,-22.08,1920,5,"037105",110.5
143.51,-22.08,1920,6,"037105",17.3
143.51,-22.08,1920,7,"037105",51.3
143.51,-22.08,1920,8,"037105",9.2
143.51,-22.08,1920,9,"037105",1
143.51,-22.08,1920,10,"037105",44.1
143.51,-22.08,1920,11,"037105",83.4
143.51,-22.08,1920,12,"037105",66.3
143.51,-22.08,1921,1,"037105",7.1
143.51,-22.08,1921,2,"037105",49.8
143.51,-22.08,1921,3,"037105",102.6
143.51,-22.08,1921,4,"037105",18.8
143.51,-22.08,1921,5,"037105",1.5
143.51,-22.08,1921,6,"037105",63
143.51,-22.08,1921,7,"037105",0
143.51,-22.08,1921,8,"037105",15
143.51,-22.08,1921,9,"037105",4.6
143.51,-22.08,1921,10,"037105",144.3
143.51,-22.08,1921,11,"037105",0
143.51,-22.08,1921,12,"037105",82.3
143.51,-22.08,1922,1,"037105",209.5
143.51,-22.08,1922,2,"037105",180.3
143.51,-22.08,1922,3,"037105",0
143.51,-22.08,1922,4,"037105",0
143.51,-22.08,1922,5,"037105",0
143.51,-22.08,1922,6,"037105",8.2
143.51,-22.08,1922,7,"037105",0.8
143.51,-22.08,1922,8,"037105",0
143.51,-22.08,1922,9,"037105",0
143.51,-22.08,1922,10,"037105",3.1
143.51,-22.08,1922,11,"037105",27.3
143.51,-22.08,1922,12,"037105",123.9
143.51,-22.08,1923,1,"037105",51.6
143.51,-22.08,1923,2,"037105",34.1
143.51,-22.08,1923,3,"037105",6.1
143.51,-22.08,1923,4,"037105",1.1
143.51,-22.08,1923,5,"037105",3.6
143.51,-22.08,1923,6,"037105",38.6
143.51,-22.08,1923,7,"037105",0
143.51,-22.08,1923,8,"037105",0
143.51,-22.08,1923,9,"037105",0
143.51,-22.08,1923,10,"037105",6.1
143.51,-22.08,1923,11,"037105",0.5
143.51,-22.08,1923,12,"037105",31.3
143.51,-22.08,1924,1,"037105",30.3
143.51,-22.08,1924,2,"037105",222.2
143.51,-22.08,1924,3,"037105",104.9
143.51,-22.08,1924,4,"037105",85.6
143.51,-22.08,1924,5,"037105",0
143.51,-22.08,1924,6,"037105",0
143.51,-22.08,1924,7,"037105",0.8
143.51,-22.08,1924,8,"037105",58
143.51,-22.08,1924,9,"037105",5.1
143.51,-22.08,1924,10,"037105",44.3
143.51,-22.08,1924,11,"037105",30.1
143.51,-22.08,1924,12,"037105",103.9
143.51,-22.08,1925,1,"037105",145.6
143.51,-22.08,1925,2,"037105",20.8
143.51,-22.08,1925,3,"037105",142.3
143.51,-22.08,1925,4,"037105",0
143.51,-22.08,1925,5,"037105",0
143.51,-22.08,1925,6,"037105",3.3
143.51,-22.08,1925,7,"037105",0
143.51,-22.08,1925,8,"037105",0.3
143.51,-22.08,1925,9,"037105",15.8
143.51,-22.08,1925,10,"037105",0
143.51,-22.08,1925,11,"037105",45.4
143.51,-22.08,1925,12,"037105",19.3
143.51,-22.08,1926,1,"037105",18.2
143.51,-22.08,1926,2,"037105",24.6
143.51,-22.08,1926,3,"037105",4.3
143.51,-22.08,1926,4,"037105",1
143.51,-22.08,1926,5,"037105",17.5
143.51,-22.08,1926,6,"037105",0
143.51,-22.08,1926,7,"037105",0
143.51,-22.08,1926,8,"037105",0
143.51,-22.08,1926,9,"037105",78
143.51,-22.08,1926,10,"037105",7.1
143.51,-22.08,1926,11,"037105",0
143.51,-22.08,1926,12,"037105",57.2
143.51,-22.08,1927,1,"037105",41.2
143.51,-22.08,1927,2,"037105",68.8
143.51,-22.08,1927,3,"037105",5.1
143.51,-22.08,1927,4,"037105",0
143.51,-22.08,1927,5,"037105",0
143.51,-22.08,1927,6,"037105",12.2
143.51,-22.08,1927,7,"037105",0
143.51,-22.08,1927,8,"037105",0
143.51,-22.08,1927,9,"037105",23.1
143.51,-22.08,1927,10,"037105",0
143.51,-22.08,1927,11,"037105",0
143.51,-22.08,1927,12,"037105",184
143.51,-22.08,1928,1,"037105",0
143.51,-22.08,1928,2,"037105",34.9
143.51,-22.08,1928,3,"037105",0
143.51,-22.08,1928,4,"037105",0
143.51,-22.08,1928,5,"037105",0
143.51,-22.08,1928,6,"037105",10.9
143.51,-22.08,1928,7,"037105",0
143.51,-22.08,1928,8,"037105",0
143.51,-22.08,1928,9,"037105",8.9
143.51,-22.08,1928,10,"037105",0
143.51,-22.08,1928,11,"037105",39.4
143.51,-22.08,1928,12,"037105",0
143.51,-22.08,1930,1,"037105",138.7
143.51,-22.08,1930,2,"037105",54.1
143.51,-22.08,1930,3,"037105",19.6
143.51,-22.08,1930,4,"037105",0
143.51,-22.08,1930,5,"037105",32
143.51,-22.08,1930,6,"037105",22.1
143.51,-22.08,1930,7,"037105",0
143.51,-22.08,1930,8,"037105",0
143.51,-22.08,1930,9,"037105",0
143.51,-22.08,1930,10,"037105",191.7
143.51,-22.08,1930,11,"037105",0
143.51,-22.08,1930,12,"037105",0
143.51,-22.08,1932,1,"037105",0
143.51,-22.08,1932,2,"037105",0
143.51,-22.08,1932,3,"037105",42.1
143.51,-22.08,1932,4,"037105",0
143.51,-22.08,1932,5,"037105",38.8
143.51,-22.08,1932,6,"037105",0
143.51,-22.08,1932,7,"037105",0
143.51,-22.08,1932,8,"037105",0
143.51,-22.08,1932,9,"037105",0
143.51,-22.08,1932,10,"037105",22.8
143.51,-22.08,1932,11,"037105",10.4
143.51,-22.08,1932,12,"037105",0
143.51,-22.08,1934,1,"037105",113
143.51,-22.08,1934,2,"037105",39.4
143.51,-22.08,1934,3,"037105",0
143.51,-22.08,1934,4,"037105",32.7
143.51,-22.08,1934,5,"037105",0
143.51,-22.08,1934,6,"037105",14
143.51,-22.08,1934,7,"037105",0
143.51,-22.08,1934,8,"037105",0
143.51,-22.08,1934,9,"037105",0
143.51,-22.08,1934,10,"037105",0
143.51,-22.08,1934,11,"037105",0
143.51,-22.08,1934,12,"037105",0
143.51,-22.08,1935,1,"037105",32.5
143.51,-22.08,1935,2,"037105",0
143.51,-22.08,1935,3,"037105",0
143.51,-22.08,1935,4,"037105",0
143.51,-22.08,1935,5,"037105",0
143.51,-22.08,1935,6,"037105",25.6
143.51,-22.08,1935,7,"037105",0
143.51,-22.08,1935,8,"037105",0
143.51,-22.08,1935,9,"037105",6.4
143.51,-22.08,1935,10,"037105",21.8
143.51,-22.08,1935,11,"037105",11.2
143.51,-22.08,1935,12,"037105",66.6
143.51,-22.08,1936,1,"037105",107.3
143.51,-22.08,1936,2,"037105",30.2
143.51,-22.08,1936,3,"037105",134.1
143.51,-22.08,1936,4,"037105",20.3
143.51,-22.08,1936,5,"037105",0
143.51,-22.08,1936,6,"037105",91.4
143.51,-22.08,1936,7,"037105",26.7
143.51,-22.08,1936,8,"037105",0
143.51,-22.08,1936,9,"037105",0
143.51,-22.08,1936,10,"037105",0
143.51,-22.08,1936,11,"037105",26.4
143.51,-22.08,1936,12,"037105",111
143.51,-22.08,1937,1,"037105",85.8
143.51,-22.08,1937,2,"037105",59.4
143.51,-22.08,1937,3,"037105",258.2
143.51,-22.08,1937,4,"037105",0
143.51,-22.08,1937,5,"037105",0
143.51,-22.08,1937,6,"037105",37.3
143.51,-22.08,1937,7,"037105",0
143.51,-22.08,1937,8,"037105",0
143.51,-22.08,1937,9,"037105",19.1
143.51,-22.08,1937,10,"037105",8.9
143.51,-22.08,1937,11,"037105",20.3
143.51,-22.08,1937,12,"037105",12.7
143.51,-22.08,1938,1,"037105",45.5
143.51,-22.08,1938,2,"037105",284.2
143.51,-22.08,1938,3,"037105",0
143.51,-22.08,1938,4,"037105",0
143.51,-22.08,1938,5,"037105",0
143.51,-22.08,1938,6,"037105",19.5
143.51,-22.08,1938,7,"037105",21.6
143.51,-22.08,1938,8,"037105",0
143.51,-22.08,1938,9,"037105",0
143.51,-22.08,1938,10,"037105",0
143.51,-22.08,1938,11,"037105",0
143.51,-22.08,1938,12,"037105",0
143.51,-22.08,1939,1,"037105",60.3
143.51,-22.08,1939,2,"037105",90
143.51,-22.08,1939,3,"037105",0
143.51,-22.08,1939,4,"037105",45
143.51,-22.08,1939,5,"037105",0
143.51,-22.08,1939,6,"037105",11.2
143.51,-22.08,1939,7,"037105",0
143.51,-22.08,1939,8,"037105",18
143.51,-22.08,1939,9,"037105",0
143.51,-22.08,1939,10,"037105",56.1
143.51,-22.08,1939,11,"037105",16.8
143.51,-22.08,1939,12,"037105",19.3
143.51,-22.08,1940,1,"037105",14.7
143.51,-22.08,1940,2,"037105",236.1
143.51,-22.08,1940,3,"037105",79.5
143.51,-22.08,1940,4,"037105",17.8
143.51,-22.08,1940,5,"037105",4.3
143.51,-22.08,1940,6,"037105",0
143.51,-22.08,1940,7,"037105",0
143.51,-22.08,1940,8,"037105",0
143.51,-22.08,1940,9,"037105",0
143.51,-22.08,1940,10,"037105",0
143.51,-22.08,1940,11,"037105",53.8
143.51,-22.08,1940,12,"037105",29.2
143.51,-22.08,1941,1,"037105",82.1
143.51,-22.08,1941,2,"037105",20.8
143.51,-22.08,1941,3,"037105",192
143.51,-22.08,1941,4,"037105",12.2
143.51,-22.08,1941,5,"037105",24.6
143.51,-22.08,1941,6,"037105",69.9
143.51,-22.08,1941,7,"037105",0
143.51,-22.08,1941,8,"037105",0
143.51,-22.08,1941,9,"037105",0
143.51,-22.08,1941,10,"037105",0
143.51,-22.08,1941,11,"037105",NA
143.51,-22.08,1941,12,"037105",NA
143.51,-22.08,1943,1,"037105",0
143.51,-22.08,1943,2,"037105",51.1
143.51,-22.08,1943,3,"037105",0
143.51,-22.08,1943,4,"037105",26.7
143.51,-22.08,1943,5,"037105",9.1
143.51,-22.08,1943,6,"037105",0
143.51,-22.08,1943,7,"037105",0
143.51,-22.08,1943,8,"037105",0
143.51,-22.08,1943,9,"037105",0
143.51,-22.08,1943,10,"037105",35.6
143.51,-22.08,1943,11,"037105",0
143.51,-22.08,1943,12,"037105",30
143.51,-22.08,1944,1,"037105",0
143.51,-22.08,1944,2,"037105",198.2
143.51,-22.08,1944,3,"037105",0
143.51,-22.08,1944,4,"037105",0
143.51,-22.08,1944,5,"037105",58.9
143.51,-22.08,1944,6,"037105",13.5
143.51,-22.08,1944,7,"037105",29
143.51,-22.08,1944,8,"037105",0
143.51,-22.08,1944,9,"037105",0
143.51,-22.08,1944,10,"037105",0
143.51,-22.08,1944,11,"037105",0
143.51,-22.08,1944,12,"037105",54.4
143.51,-22.08,1945,1,"037105",0
143.51,-22.08,1945,2,"037105",62.4
143.51,-22.08,1945,3,"037105",34.3
143.51,-22.08,1945,4,"037105",0
143.51,-22.08,1945,5,"037105",72.5
143.51,-22.08,1945,6,"037105",0
143.51,-22.08,1945,7,"037105",33.2
143.51,-22.08,1945,8,"037105",0
143.51,-22.08,1945,9,"037105",0
143.51,-22.08,1945,10,"037105",0
143.51,-22.08,1945,11,"037105",0
143.51,-22.08,1945,12,"037105",50.6
143.51,-22.08,1946,1,"037105",220.4
143.51,-22.08,1946,2,"037105",63
143.51,-22.08,1946,3,"037105",0
143.51,-22.08,1946,4,"037105",0
143.51,-22.08,1946,5,"037105",0
143.51,-22.08,1946,6,"037105",0
143.51,-22.08,1946,7,"037105",0
143.51,-22.08,1946,8,"037105",0
143.51,-22.08,1946,9,"037105",0
143.51,-22.08,1946,10,"037105",5.1
143.51,-22.08,1946,11,"037105",6.6
143.51,-22.08,1946,12,"037105",45.2
143.51,-22.08,1947,1,"037105",15.2
143.51,-22.08,1947,2,"037105",137.1
143.51,-22.08,1947,3,"037105",0
143.51,-22.08,1947,4,"037105",0
143.51,-22.08,1947,5,"037105",10.9
143.51,-22.08,1947,6,"037105",0
143.51,-22.08,1947,7,"037105",0
143.51,-22.08,1947,8,"037105",47
143.51,-22.08,1947,9,"037105",72.9
143.51,-22.08,1947,10,"037105",13.5
143.51,-22.08,1947,11,"037105",14.7
143.51,-22.08,1947,12,"037105",34.1
143.51,-22.08,1948,1,"037105",43.1
143.51,-22.08,1948,2,"037105",0
143.51,-22.08,1948,3,"037105",10.4
143.51,-22.08,1948,4,"037105",0
143.51,-22.08,1948,5,"037105",0
143.51,-22.08,1948,6,"037105",16.5
143.51,-22.08,1948,7,"037105",13
143.51,-22.08,1948,8,"037105",0
143.51,-22.08,1948,9,"037105",0
143.51,-22.08,1948,10,"037105",0
143.51,-22.08,1948,11,"037105",0
143.51,-22.08,1948,12,"037105",42.4
143.51,-22.08,1949,1,"037105",94.5
143.51,-22.08,1949,2,"037105",55.6
143.51,-22.08,1949,3,"037105",169.2
143.51,-22.08,1949,4,"037105",1.3
143.51,-22.08,1949,5,"037105",0
143.51,-22.08,1949,6,"037105",0
143.51,-22.08,1949,7,"037105",0
143.51,-22.08,1949,8,"037105",0
143.51,-22.08,1949,9,"037105",2.5
143.51,-22.08,1949,10,"037105",94.5
143.51,-22.08,1949,11,"037105",0
143.51,-22.08,1949,12,"037105",95.7
143.51,-22.08,1950,1,"037105",126.4
143.51,-22.08,1950,2,"037105",274.1
143.51,-22.08,1950,3,"037105",292.5
143.51,-22.08,1950,4,"037105",81.5
143.51,-22.08,1950,5,"037105",35.3
143.51,-22.08,1950,6,"037105",37.6
143.51,-22.08,1950,7,"037105",84.2
143.51,-22.08,1950,8,"037105",0
143.51,-22.08,1950,9,"037105",22.3
143.51,-22.08,1950,10,"037105",96.5
143.51,-22.08,1950,11,"037105",137.5
143.51,-22.08,1950,12,"037105",59.4
143.51,-22.08,1951,1,"037105",138.1
143.51,-22.08,1951,2,"037105",27.9
143.51,-22.08,1951,3,"037105",0
143.51,-22.08,1951,4,"037105",0
143.51,-22.08,1951,5,"037105",0
143.51,-22.08,1951,6,"037105",24.1
143.51,-22.08,1951,7,"037105",0
143.51,-22.08,1951,8,"037105",4.6
143.51,-22.08,1951,9,"037105",1.8
143.51,-22.08,1951,10,"037105",0
143.51,-22.08,1951,11,"037105",8.6
143.51,-22.08,1951,12,"037105",0
143.51,-22.08,1952,1,"037105",22.1
143.51,-22.08,1952,2,"037105",86.9
143.51,-22.08,1952,3,"037105",0
143.51,-22.08,1952,4,"037105",38.1
143.51,-22.08,1952,5,"037105",52.1
143.51,-22.08,1952,6,"037105",2.5
143.51,-22.08,1952,7,"037105",0.5
143.51,-22.08,1952,8,"037105",4.1
143.51,-22.08,1952,9,"037105",1
143.51,-22.08,1952,10,"037105",7.7
143.51,-22.08,1952,11,"037105",14.3
143.51,-22.08,1952,12,"037105",33.5
143.51,-22.08,1953,1,"037105",152.5
143.51,-22.08,1953,2,"037105",114.4
143.51,-22.08,1953,3,"037105",0
143.51,-22.08,1953,4,"037105",0
143.51,-22.08,1953,5,"037105",12.7
143.51,-22.08,1953,6,"037105",0
143.51,-22.08,1953,7,"037105",0.8
143.51,-22.08,1953,8,"037105",24.6
143.51,-22.08,1953,9,"037105",0
143.51,-22.08,1953,10,"037105",10.2
143.51,-22.08,1953,11,"037105",3.8
143.51,-22.08,1953,12,"037105",0
143.51,-22.08,1954,1,"037105",186.8
143.51,-22.08,1954,2,"037105",172.3
143.51,-22.08,1954,3,"037105",72.9
143.51,-22.08,1954,4,"037105",44.5
143.51,-22.08,1954,5,"037105",0
143.51,-22.08,1954,6,"037105",64
143.51,-22.08,1954,7,"037105",0
143.51,-22.08,1954,8,"037105",12.4
143.51,-22.08,1954,9,"037105",12.4
143.51,-22.08,1954,10,"037105",9.4
143.51,-22.08,1954,11,"037105",3.3
143.51,-22.08,1954,12,"037105",17.5
143.51,-22.08,1955,1,"037105",28
143.51,-22.08,1955,2,"037105",167.1
143.51,-22.08,1955,3,"037105",384.3
143.51,-22.08,1955,4,"037105",33
143.51,-22.08,1955,5,"037105",319
143.51,-22.08,1955,6,"037105",15.5
143.51,-22.08,1955,7,"037105",5.8
143.51,-22.08,1955,8,"037105",2.5
143.51,-22.08,1955,9,"037105",2.3
143.51,-22.08,1955,10,"037105",6.3
143.51,-22.08,1955,11,"037105",0
143.51,-22.08,1955,12,"037105",9.9
143.51,-22.08,1956,1,"037105",138.7
143.51,-22.08,1956,2,"037105",115.5
143.51,-22.08,1956,3,"037105",68.1
143.51,-22.08,1956,4,"037105",115.8
143.51,-22.08,1956,5,"037105",53.6
143.51,-22.08,1956,6,"037105",36.3
143.51,-22.08,1956,7,"037105",65.6
143.51,-22.08,1956,8,"037105",3.8
143.51,-22.08,1956,9,"037105",11.7
143.51,-22.08,1956,10,"037105",2
143.51,-22.08,1956,11,"037105",17.3
143.51,-22.08,1956,12,"037105",167.6
143.51,-22.08,1957,1,"037105",186.9
143.51,-22.08,1957,2,"037105",83.3
143.51,-22.08,1957,3,"037105",8.1
143.51,-22.08,1957,4,"037105",0
143.51,-22.08,1957,5,"037105",0
143.51,-22.08,1957,6,"037105",8.6
143.51,-22.08,1957,7,"037105",31
143.51,-22.08,1957,8,"037105",0
143.51,-22.08,1957,9,"037105",0
143.51,-22.08,1957,10,"037105",16.5
143.51,-22.08,1957,11,"037105",15.7
143.51,-22.08,1957,12,"037105",17.6
143.51,-22.08,1958,1,"037105",24.6
143.51,-22.08,1958,2,"037105",12.7
143.51,-22.08,1958,3,"037105",40.6
143.51,-22.08,1958,4,"037105",21
143.51,-22.08,1958,5,"037105",7.9
143.51,-22.08,1958,6,"037105",41.8
143.51,-22.08,1958,7,"037105",0
143.51,-22.08,1958,8,"037105",0
143.51,-22.08,1958,9,"037105",2.5
143.51,-22.08,1958,10,"037105",1.8
143.51,-22.08,1958,11,"037105",18.3
143.51,-22.08,1958,12,"037105",17.8
143.51,-22.08,1959,1,"037105",46.6
143.51,-22.08,1959,2,"037105",0
143.51,-22.08,1959,3,"037105",17.2
143.51,-22.08,1959,4,"037105",12.7
143.51,-22.08,1959,5,"037105",55.9
143.51,-22.08,1959,6,"037105",0
143.51,-22.08,1959,7,"037105",21.6
143.51,-22.08,1959,8,"037105",0
143.51,-22.08,1959,9,"037105",0
143.51,-22.08,1959,10,"037105",0
143.51,-22.08,1959,11,"037105",0
143.51,-22.08,1959,12,"037105",42
143.51,-22.08,1960,1,"037105",53.8
143.51,-22.08,1960,2,"037105",119.1
143.51,-22.08,1960,3,"037105",13.4
143.51,-22.08,1960,4,"037105",22.9
143.51,-22.08,1960,5,"037105",44.5
143.51,-22.08,1960,6,"037105",0
143.51,-22.08,1960,7,"037105",7.6
143.51,-22.08,1960,8,"037105",14
143.51,-22.08,1960,9,"037105",11.2
143.51,-22.08,1960,10,"037105",0
143.51,-22.08,1960,11,"037105",31.2
143.51,-22.08,1960,12,"037105",102.1
143.51,-22.08,1961,1,"037105",26.2
143.51,-22.08,1961,2,"037105",110.5
143.51,-22.08,1961,3,"037105",27.4
143.51,-22.08,1961,4,"037105",30.7
143.51,-22.08,1961,5,"037105",0
143.51,-22.08,1961,6,"037105",0
143.51,-22.08,1961,7,"037105",10.4
143.51,-22.08,1961,8,"037105",0
143.51,-22.08,1961,9,"037105",0
143.51,-22.08,1961,10,"037105",0
143.51,-22.08,1961,11,"037105",51.6
143.51,-22.08,1961,12,"037105",67.4
143.51,-22.08,1962,1,"037105",96
143.51,-22.08,1962,2,"037105",46.3
143.51,-22.08,1962,3,"037105",42.1
143.51,-22.08,1962,4,"037105",2.5
143.51,-22.08,1962,5,"037105",16.3
143.51,-22.08,1962,6,"037105",6.3
143.51,-22.08,1962,7,"037105",3.3
143.51,-22.08,1962,8,"037105",0
143.51,-22.08,1962,9,"037105",50.8
143.51,-22.08,1962,10,"037105",8.6
143.51,-22.08,1962,11,"037105",24.2
143.51,-22.08,1962,12,"037105",113.2
143.51,-22.08,1963,1,"037105",13.7
143.51,-22.08,1963,2,"037105",30
143.51,-22.08,1963,3,"037105",174.2
143.51,-22.08,1963,4,"037105",171
143.51,-22.08,1963,5,"037105",0
143.51,-22.08,1963,6,"037105",0
143.51,-22.08,1963,7,"037105",0
143.51,-22.08,1963,8,"037105",17.6
143.51,-22.08,1963,9,"037105",0
143.51,-22.08,1963,10,"037105",8.9
143.51,-22.08,1963,11,"037105",0
143.51,-22.08,1963,12,"037105",5.1
143.51,-22.08,1964,1,"037105",53.4
143.51,-22.08,1964,2,"037105",133.5
143.51,-22.08,1964,3,"037105",22.8
143.51,-22.08,1964,4,"037105",5.3
143.51,-22.08,1964,5,"037105",2
143.51,-22.08,1964,6,"037105",1.3
143.51,-22.08,1964,7,"037105",0
143.51,-22.08,1964,8,"037105",0
143.51,-22.08,1964,9,"037105",30.3
143.51,-22.08,1964,10,"037105",42.9
143.51,-22.08,1964,11,"037105",3.8
143.51,-22.08,1964,12,"037105",12
143.51,-22.08,1965,1,"037105",2.5
143.51,-22.08,1965,2,"037105",31.8
143.51,-22.08,1965,3,"037105",28.9
143.51,-22.08,1965,4,"037105",11.7
143.51,-22.08,1965,5,"037105",0
143.51,-22.08,1965,6,"037105",0
143.51,-22.08,1965,7,"037105",0
143.51,-22.08,1965,8,"037105",0
143.51,-22.08,1965,9,"037105",0
143.51,-22.08,1965,10,"037105",0
143.51,-22.08,1965,11,"037105",0
143.51,-22.08,1965,12,"037105",91.4
143.51,-22.08,1966,1,"037105",181.3
143.51,-22.08,1966,2,"037105",0
143.51,-22.08,1966,3,"037105",0
143.51,-22.08,1966,4,"037105",0
143.51,-22.08,1966,5,"037105",14.7
143.51,-22.08,1966,6,"037105",0
143.51,-22.08,1966,7,"037105",0
143.51,-22.08,1966,8,"037105",59.2
143.51,-22.08,1966,9,"037105",0
143.51,-22.08,1966,10,"037105",0
143.51,-22.08,1966,11,"037105",0
143.51,-22.08,1966,12,"037105",12.2
143.51,-22.08,1967,1,"037105",5.1
143.51,-22.08,1967,2,"037105",75.5
143.51,-22.08,1967,3,"037105",73.9
143.51,-22.08,1967,4,"037105",0
143.51,-22.08,1967,5,"037105",0
143.51,-22.08,1967,6,"037105",42.4
143.51,-22.08,1967,7,"037105",0
143.51,-22.08,1967,8,"037105",0
143.51,-22.08,1967,9,"037105",0
143.51,-22.08,1967,10,"037105",0
143.51,-22.08,1967,11,"037105",0
143.51,-22.08,1967,12,"037105",20.6
143.51,-22.08,1968,1,"037105",5.8
143.51,-22.08,1968,2,"037105",160.3
143.51,-22.08,1968,3,"037105",0
143.51,-22.08,1968,4,"037105",199.4
143.51,-22.08,1968,5,"037105",53
143.51,-22.08,1968,6,"037105",0
143.51,-22.08,1968,7,"037105",10.2
143.51,-22.08,1968,8,"037105",0
143.51,-22.08,1968,9,"037105",14.7
143.51,-22.08,1968,10,"037105",0
143.51,-22.08,1968,11,"037105",0
143.51,-22.08,1968,12,"037105",21.6
143.51,-22.08,1969,1,"037105",9.2
143.51,-22.08,1969,2,"037105",11.4
143.51,-22.08,1969,3,"037105",37.4
143.51,-22.08,1969,4,"037105",0
143.51,-22.08,1969,5,"037105",25.9
143.51,-22.08,1969,6,"037105",1
143.51,-22.08,1969,7,"037105",13.2
143.51,-22.08,1969,8,"037105",0
143.51,-22.08,1969,9,"037105",0
143.51,-22.08,1969,10,"037105",39.9
143.51,-22.08,1969,11,"037105",0
143.51,-22.08,1969,12,"037105",95.2
143.51,-22.08,1970,1,"037105",10.5
143.51,-22.08,1970,2,"037105",57.2
143.51,-22.08,1970,3,"037105",43.9
143.51,-22.08,1970,4,"037105",4.6
143.51,-22.08,1970,5,"037105",0
143.51,-22.08,1970,6,"037105",0
143.51,-22.08,1970,7,"037105",0
143.51,-22.08,1970,8,"037105",0
143.51,-22.08,1970,9,"037105",16.5
143.51,-22.08,1970,10,"037105",4.1
143.51,-22.08,1970,11,"037105",6.8
143.51,-22.08,1970,12,"037105",34.8
143.51,-22.08,1971,1,"037105",28
143.51,-22.08,1971,2,"037105",30.7
143.51,-22.08,1971,3,"037105",107.8
143.51,-22.08,1971,4,"037105",83
143.51,-22.08,1971,5,"037105",0
143.51,-22.08,1971,6,"037105",0
143.51,-22.08,1971,7,"037105",6.6
143.51,-22.08,1971,8,"037105",12.7
143.51,-22.08,1971,9,"037105",0
143.51,-22.08,1971,10,"037105",13.9
143.51,-22.08,1971,11,"037105",24.6
143.51,-22.08,1971,12,"037105",92.3
143.51,-22.08,1972,1,"037105",86.1
143.51,-22.08,1972,2,"037105",30
143.51,-22.08,1972,3,"037105",73.2
143.51,-22.08,1972,4,"037105",0
143.51,-22.08,1972,5,"037105",33
143.51,-22.08,1972,6,"037105",0
143.51,-22.08,1972,7,"037105",0
143.51,-22.08,1972,8,"037105",0
143.51,-22.08,1972,9,"037105",0
143.51,-22.08,1972,10,"037105",5.1
143.51,-22.08,1972,11,"037105",12
143.51,-22.08,1972,12,"037105",84.9
143.51,-22.08,1973,1,"037105",64.8
143.51,-22.08,1973,2,"037105",228.6
143.51,-22.08,1973,3,"037105",119.2
143.51,-22.08,1973,4,"037105",0
143.51,-22.08,1973,5,"037105",3.3
143.51,-22.08,1973,6,"037105",0
143.51,-22.08,1973,7,"037105",0
143.51,-22.08,1973,8,"037105",0
143.51,-22.08,1973,9,"037105",43.2
143.51,-22.08,1973,10,"037105",28.2
143.51,-22.08,1973,11,"037105",67.8
143.51,-22.08,1973,12,"037105",94.3
143.51,-22.08,1975,1,"037105",126.3
143.51,-22.08,1975,2,"037105",166.6
143.51,-22.08,1975,3,"037105",10.3
143.51,-22.08,1975,4,"037105",0
143.51,-22.08,1975,5,"037105",17.2
143.51,-22.08,1975,6,"037105",0
143.51,-22.08,1975,7,"037105",0
143.51,-22.08,1975,8,"037105",0
143.51,-22.08,1975,9,"037105",0
143.51,-22.08,1975,10,"037105",49
143.51,-22.08,1975,11,"037105",0
143.51,-22.08,1975,12,"037105",55
143.51,-22.08,1976,1,"037105",122
143.51,-22.08,1976,2,"037105",164
143.51,-22.08,1976,3,"037105",18
143.51,-22.08,1976,4,"037105",0
143.51,-22.08,1976,5,"037105",0
143.51,-22.08,1976,6,"037105",0
143.51,-22.08,1976,7,"037105",4.5
143.51,-22.08,1976,8,"037105",2
143.51,-22.08,1976,9,"037105",0
143.51,-22.08,1976,10,"037105",5
143.51,-22.08,1976,11,"037105",1
143.51,-22.08,1976,12,"037105",140.5
143.51,-22.08,1977,1,"037105",114.6
143.51,-22.08,1977,2,"037105",176.8
143.51,-22.08,1977,3,"037105",60.6
143.51,-22.08,1977,4,"037105",0
143.51,-22.08,1977,5,"037105",21.2
143.51,-22.08,1977,6,"037105",0
143.51,-22.08,1977,7,"037105",0
143.51,-22.08,1977,8,"037105",0
143.51,-22.08,1977,9,"037105",0
143.51,-22.08,1977,10,"037105",0
143.51,-22.08,1977,11,"037105",4.2
143.51,-22.08,1977,12,"037105",92.1
143.51,-22.08,1978,1,"037105",61
143.51,-22.08,1978,2,"037105",19
143.51,-22.08,1978,3,"037105",1.4
143.51,-22.08,1978,4,"037105",0.4
143.51,-22.08,1978,5,"037105",23.7
143.51,-22.08,1978,6,"037105",8.4
143.51,-22.08,1978,7,"037105",99.4
143.51,-22.08,1978,8,"037105",0
143.51,-22.08,1978,9,"037105",34
143.51,-22.08,1978,10,"037105",133.9
143.51,-22.08,1978,11,"037105",6
143.51,-22.08,1978,12,"037105",50.2
143.51,-22.08,1979,1,"037105",41.2
143.51,-22.08,1979,2,"037105",187.7
143.51,-22.08,1979,3,"037105",16.5
143.51,-22.08,1979,4,"037105",0
143.51,-22.08,1979,5,"037105",0
143.51,-22.08,1979,6,"037105",14
143.51,-22.08,1979,7,"037105",0
143.51,-22.08,1979,8,"037105",NA
143.51,-22.08,1979,9,"037105",6.6
143.51,-22.08,1979,10,"037105",22.6
143.51,-22.08,1979,11,"037105",27
143.51,-22.08,1979,12,"037105",18.6
143.51,-22.08,1980,1,"037105",80.3
143.51,-22.08,1980,2,"037105",48.8
143.51,-22.08,1980,3,"037105",16.2
143.51,-22.08,1980,4,"037105",0
143.51,-22.08,1980,5,"037105",6.2
143.51,-22.08,1980,6,"037105",0
143.51,-22.08,1980,7,"037105",0
143.51,-22.08,1980,8,"037105",0
143.51,-22.08,1980,9,"037105",0
143.51,-22.08,1980,10,"037105",9
143.51,-22.08,1980,11,"037105",2.6
143.51,-22.08,1980,12,"037105",9.8
143.51,-22.08,1981,1,"037105",212.4
143.51,-22.08,1981,2,"037105",50.6
143.51,-22.08,1981,3,"037105",0
143.51,-22.08,1981,4,"037105",0
143.51,-22.08,1981,5,"037105",45.5
143.51,-22.08,1981,6,"037105",30.6
143.51,-22.08,1981,7,"037105",47.4
143.51,-22.08,1981,8,"037105",0
143.51,-22.08,1981,9,"037105",0
143.51,-22.08,1981,10,"037105",0
143.51,-22.08,1981,11,"037105",0
143.51,-22.08,1981,12,"037105",14.2
143.51,-22.08,1982,1,"037105",37.6
143.51,-22.08,1982,2,"037105",45.2
143.51,-22.08,1982,3,"037105",37.6
143.51,-22.08,1982,4,"037105",0
143.51,-22.08,1982,5,"037105",0
143.51,-22.08,1982,6,"037105",0
143.51,-22.08,1982,7,"037105",0
143.51,-22.08,1982,8,"037105",0
143.51,-22.08,1982,9,"037105",2.6
143.51,-22.08,1982,10,"037105",0
143.51,-22.08,1982,11,"037105",3.6
143.51,-22.08,1982,12,"037105",24.6
143.51,-22.08,1983,1,"037105",45
143.51,-22.08,1983,2,"037105",9
143.51,-22.08,1983,3,"037105",13.2
143.51,-22.08,1983,4,"037105",83
143.51,-22.08,1983,5,"037105",46.4
143.51,-22.08,1983,6,"037105",13.2
143.51,-22.08,1983,7,"037105",0
143.51,-22.08,1983,8,"037105",0
143.51,-22.08,1983,9,"037105",0
143.51,-22.08,1983,10,"037105",0
143.51,-22.08,1983,11,"037105",24.8
143.51,-22.08,1983,12,"037105",0
143.51,-22.08,1984,1,"037105",93.6
143.51,-22.08,1984,2,"037105",72
143.51,-22.08,1984,3,"037105",21
143.51,-22.08,1984,4,"037105",0
143.51,-22.08,1984,5,"037105",0
143.51,-22.08,1984,6,"037105",0
143.51,-22.08,1984,7,"037105",NA
143.51,-22.08,1984,8,"037105",0
143.51,-22.08,1984,9,"037105",15.2
143.51,-22.08,1984,10,"037105",19.5
143.51,-22.08,1984,11,"037105",60
143.51,-22.08,1984,12,"037105",80
143.51,-22.08,1985,1,"037105",17.3
143.51,-22.08,1985,2,"037105",37
143.51,-22.08,1985,3,"037105",4
143.51,-22.08,1985,4,"037105",7.5
143.51,-22.08,1985,5,"037105",11
143.51,-22.08,1985,6,"037105",69.6
143.51,-22.08,1985,7,"037105",20.4
143.51,-22.08,1985,8,"037105",0.6
143.51,-22.08,1985,9,"037105",1
143.51,-22.08,1985,10,"037105",43.4
143.51,-22.08,1985,11,"037105",118.1
143.51,-22.08,1985,12,"037105",58.6
143.51,-22.08,1986,1,"037105",9.4
143.51,-22.08,1986,2,"037105",135.6
143.51,-22.08,1986,3,"037105",0
143.51,-22.08,1986,4,"037105",1.6
143.51,-22.08,1986,5,"037105",43
143.51,-22.08,1986,6,"037105",20.2
143.51,-22.08,1986,7,"037105",27.6
143.51,-22.08,1986,8,"037105",3
143.51,-22.08,1986,9,"037105",0
143.51,-22.08,1986,10,"037105",75.7
143.51,-22.08,1986,11,"037105",16.6
143.51,-22.08,1986,12,"037105",45.5
143.51,-22.08,1987,1,"037105",117.9
143.51,-22.08,1987,2,"037105",190
143.51,-22.08,1987,3,"037105",17
143.51,-22.08,1987,4,"037105",18.6
143.51,-22.08,1987,5,"037105",8.7
143.51,-22.08,1987,6,"037105",31.1
143.51,-22.08,1987,7,"037105",5.1
143.51,-22.08,1987,8,"037105",3.8
143.51,-22.08,1987,9,"037105",9.1
143.51,-22.08,1987,10,"037105",22.1
143.51,-22.08,1987,11,"037105",31.2
143.51,-22.08,1987,12,"037105",10.8
143.51,-22.08,1988,1,"037105",17.6
143.51,-22.08,1988,2,"037105",15.2
143.51,-22.08,1988,3,"037105",0
143.51,-22.08,1988,4,"037105",76.7
143.51,-22.08,1988,5,"037105",4.5
143.51,-22.08,1988,6,"037105",0
143.51,-22.08,1988,7,"037105",54.8
143.51,-22.08,1988,8,"037105",32.8
143.51,-22.08,1988,9,"037105",0
143.51,-22.08,1988,10,"037105",0.8
143.51,-22.08,1988,11,"037105",1.2
143.51,-22.08,1988,12,"037105",122.6
143.51,-22.08,1989,1,"037105",16.6
143.51,-22.08,1989,2,"037105",130.4
143.51,-22.08,1989,3,"037105",42.9
143.51,-22.08,1989,4,"037105",31
143.51,-22.08,1989,5,"037105",27.4
143.51,-22.08,1989,6,"037105",5
143.51,-22.08,1989,7,"037105",24.4
143.51,-22.08,1989,8,"037105",0
143.51,-22.08,1989,9,"037105",0
143.51,-22.08,1989,10,"037105",37.6
143.51,-22.08,1989,11,"037105",150
143.51,-22.08,1989,12,"037105",12.4
143.51,-22.08,1990,1,"037105",11.4
143.51,-22.08,1990,2,"037105",12.4
143.51,-22.08,1990,3,"037105",48
143.51,-22.08,1990,4,"037105",151.9
143.51,-22.08,1990,5,"037105",63
143.51,-22.08,1990,6,"037105",54.6
143.51,-22.08,1990,7,"037105",0
143.51,-22.08,1990,8,"037105",0
143.51,-22.08,1990,9,"037105",0
143.51,-22.08,1990,10,"037105",25.4
143.51,-22.08,1990,11,"037105",0
143.51,-22.08,1990,12,"037105",13.6
143.51,-22.08,1991,1,"037105",198
143.51,-22.08,1991,2,"037105",220.8
143.51,-22.08,1991,3,"037105",6.2
143.51,-22.08,1991,4,"037105",0
143.51,-22.08,1991,5,"037105",0
143.51,-22.08,1991,6,"037105",32.4
143.51,-22.08,1991,7,"037105",1.8
143.51,-22.08,1991,8,"037105",0
143.51,-22.08,1991,9,"037105",0
143.51,-22.08,1991,10,"037105",4.6
143.51,-22.08,1991,11,"037105",35.8
143.51,-22.08,1991,12,"037105",13.7
143.51,-22.08,1992,1,"037105",29.4
143.51,-22.08,1992,2,"037105",166.4
143.51,-22.08,1992,3,"037105",10.6
143.51,-22.08,1992,4,"037105",0
143.51,-22.08,1992,5,"037105",47.4
143.51,-22.08,1992,6,"037105",0
143.51,-22.08,1992,7,"037105",0
143.51,-22.08,1992,8,"037105",0
143.51,-22.08,1992,9,"037105",17.2
143.51,-22.08,1992,10,"037105",22.2
143.51,-22.08,1992,11,"037105",16.2
143.51,-22.08,1992,12,"037105",66.6
143.51,-22.08,1993,1,"037105",26.3
143.51,-22.08,1993,2,"037105",111.8
143.51,-22.08,1993,3,"037105",3.2
143.51,-22.08,1993,4,"037105",0
143.51,-22.08,1993,5,"037105",2.6
143.51,-22.08,1993,6,"037105",0
143.51,-22.08,1993,7,"037105",28
143.51,-22.08,1993,8,"037105",17.2
143.51,-22.08,1993,9,"037105",0
143.51,-22.08,1993,10,"037105",3.5
143.51,-22.08,1993,11,"037105",14.2
143.51,-22.08,1993,12,"037105",34
143.51,-22.08,1994,1,"037105",116.6
143.51,-22.08,1994,2,"037105",58.8
143.51,-22.08,1994,3,"037105",163.6
143.51,-22.08,1994,4,"037105",0
143.51,-22.08,1994,5,"037105",0
143.51,-22.08,1994,6,"037105",0
143.51,-22.08,1994,7,"037105",0
143.51,-22.08,1994,8,"037105",0
143.51,-22.08,1994,9,"037105",0
143.51,-22.08,1994,10,"037105",3.4
143.51,-22.08,1994,11,"037105",27.6
143.51,-22.08,1994,12,"037105",4.2
143.51,-22.08,1995,1,"037105",32.6
143.51,-22.08,1995,2,"037105",134.2
143.51,-22.08,1995,3,"037105",3
143.51,-22.08,1995,4,"037105",13
143.51,-22.08,1995,5,"037105",0
143.51,-22.08,1995,6,"037105",0
143.51,-22.08,1995,7,"037105",0
143.51,-22.08,1995,8,"037105",9
143.51,-22.08,1995,9,"037105",7.4
143.51,-22.08,1995,10,"037105",18.2
143.51,-22.08,1995,11,"037105",10.4
143.51,-22.08,1995,12,"037105",26.8
143.51,-22.08,1996,1,"037105",60.6
143.51,-22.08,1996,2,"037105",22.4
143.51,-22.08,1996,3,"037105",24.8
143.51,-22.08,1996,4,"037105",9.2
143.51,-22.08,1996,5,"037105",0
143.51,-22.08,1996,6,"037105",45.2
143.51,-22.08,1996,7,"037105",4.6
143.51,-22.08,1996,8,"037105",9.6
143.51,-22.08,1996,9,"037105",0
143.51,-22.08,1996,10,"037105",56.6
143.51,-22.08,1996,11,"037105",3.6
143.51,-22.08,1996,12,"037105",4
143.51,-22.08,1997,1,"037105",54.2
143.51,-22.08,1997,2,"037105",131.4
143.51,-22.08,1997,3,"037105",15.6
143.51,-22.08,1997,4,"037105",6.2
143.51,-22.08,1997,5,"037105",14.8
143.51,-22.08,1997,6,"037105",0
143.51,-22.08,1997,7,"037105",0
143.51,-22.08,1997,8,"037105",0
143.51,-22.08,1997,9,"037105",0
143.51,-22.08,1997,10,"037105",3
143.51,-22.08,1997,11,"037105",22.2
143.51,-22.08,1997,12,"037105",111.2
143.51,-22.08,1998,1,"037105",60.4
143.51,-22.08,1998,2,"037105",48.8
143.51,-22.08,1998,3,"037105",0
143.51,-22.08,1998,4,"037105",35.6
143.51,-22.08,1998,5,"037105",19
143.51,-22.08,1998,6,"037105",48.4
143.51,-22.08,1998,7,"037105",16.2
143.51,-22.08,1998,8,"037105",32.2
143.51,-22.08,1998,9,"037105",16.6
143.51,-22.08,1998,10,"037105",63
143.51,-22.08,1998,11,"037105",44.2
143.51,-22.08,1998,12,"037105",85.2
143.51,-22.08,1999,1,"037105",49.4
143.51,-22.08,1999,2,"037105",7
143.51,-22.08,1999,3,"037105",52
143.51,-22.08,1999,4,"037105",100.6
143.51,-22.08,1999,5,"037105",2
143.51,-22.08,1999,6,"037105",0
143.51,-22.08,1999,7,"037105",0
143.51,-22.08,1999,8,"037105",0
143.51,-22.08,1999,9,"037105",0
143.51,-22.08,1999,10,"037105",10.2
143.51,-22.08,1999,11,"037105",204.8
143.51,-22.08,1999,12,"037105",47.6
143.51,-22.08,2000,1,"037105",53.8
143.51,-22.08,2000,2,"037105",451.2
143.51,-22.08,2000,3,"037105",139.6
143.51,-22.08,2000,4,"037105",70.6
143.51,-22.08,2000,5,"037105",15.8
143.51,-22.08,2000,6,"037105",12
143.51,-22.08,2000,7,"037105",0
143.51,-22.08,2000,8,"037105",1.8
143.51,-22.08,2000,9,"037105",2.8
143.51,-22.08,2000,10,"037105",47.6
143.51,-22.08,2000,11,"037105",153.3
143.51,-22.08,2000,12,"037105",128.4
143.51,-22.08,2001,1,"037105",NA
143.51,-22.08,2001,2,"037105",18.2
143.51,-22.08,2001,3,"037105",5.8
143.51,-22.08,2001,4,"037105",0
143.51,-22.08,2001,5,"037105",0
143.51,-22.08,2001,6,"037105",10
143.51,-22.08,2001,7,"037105",11
143.51,-22.08,2001,8,"037105",0
143.51,-22.08,2001,9,"037105",0
143.51,-22.08,2001,10,"037105",33.2
143.51,-22.08,2001,11,"037105",65.8
143.51,-22.08,2001,12,"037105",65.8
143.51,-22.08,2002,1,"037105",43.2
143.51,-22.08,2002,2,"037105",12.4
143.51,-22.08,2002,3,"037105",30
143.51,-22.08,2002,4,"037105",0
143.51,-22.08,2002,5,"037105",0
143.51,-22.08,2002,6,"037105",0
143.51,-22.08,2002,7,"037105",0
143.51,-22.08,2002,8,"037105",17
143.51,-22.08,2002,9,"037105",0
143.51,-22.08,2002,10,"037105",0
143.51,-22.08,2002,11,"037105",0
143.51,-22.08,2002,12,"037105",6.6
143.51,-22.08,2003,1,"037105",9.2
143.51,-22.08,2003,2,"037105",113.4
143.51,-22.08,2003,3,"037105",38.6
143.51,-22.08,2003,4,"037105",0
143.51,-22.08,2003,5,"037105",1.4
143.51,-22.08,2003,6,"037105",30.2
143.51,-22.08,2003,7,"037105",0
143.51,-22.08,2003,8,"037105",14
143.51,-22.08,2003,9,"037105",0
143.51,-22.08,2003,10,"037105",12
143.51,-22.08,2003,11,"037105",6.8
143.51,-22.08,2003,12,"037105",63.8
143.51,-22.08,2004,1,"037105",248.2
143.51,-22.08,2004,2,"037105",47.4
143.51,-22.08,2004,3,"037105",0
143.51,-22.08,2004,4,"037105",32
143.51,-22.08,2004,5,"037105",10
143.51,-22.08,2004,6,"037105",0
143.51,-22.08,2004,7,"037105",0
143.51,-22.08,2004,8,"037105",0
143.51,-22.08,2004,9,"037105",0
143.51,-22.08,2004,10,"037105",0
143.51,-22.08,2004,11,"037105",41.4
143.51,-22.08,2004,12,"037105",112
143.51,-22.08,2005,1,"037105",58
143.51,-22.08,2005,2,"037105",56.4
143.51,-22.08,2005,3,"037105",3.8
143.51,-22.08,2005,4,"037105",0
143.51,-22.08,2005,5,"037105",23.2
143.51,-22.08,2005,6,"037105",NA
143.51,-22.08,2005,7,"037105",11.6
143.51,-22.08,2005,8,"037105",55.8
143.51,-22.08,2005,9,"037105",2.4
143.51,-22.08,2005,10,"037105",3
143.51,-22.08,2005,11,"037105",26.2
143.51,-22.08,2005,12,"037105",2.2
143.51,-22.08,2006,1,"037105",31.8
143.51,-22.08,2006,2,"037105",15.2
143.51,-22.08,2006,3,"037105",126.2
143.51,-22.08,2006,4,"037105",136
143.51,-22.08,2006,5,"037105",11
143.51,-22.08,2006,6,"037105",0
143.51,-22.08,2006,7,"037105",24.2
143.51,-22.08,2006,8,"037105",0
143.51,-22.08,2006,9,"037105",0
143.51,-22.08,2006,10,"037105",0
143.51,-22.08,2006,11,"037105",3.8
143.51,-22.08,2006,12,"037105",76.4
143.51,-22.08,2007,1,"037105",107.4
143.51,-22.08,2007,2,"037105",89.2
143.51,-22.08,2007,3,"037105",0
143.51,-22.08,2007,4,"037105",0
143.51,-22.08,2007,5,"037105",1.8
143.51,-22.08,2007,6,"037105",151
143.51,-22.08,2007,7,"037105",0
143.51,-22.08,2007,8,"037105",5
143.51,-22.08,2007,9,"037105",0
143.51,-22.08,2007,10,"037105",0
143.51,-22.08,2007,11,"037105",30.8
143.51,-22.08,2007,12,"037105",123.2
143.51,-22.08,2008,1,"037105",110.6
143.51,-22.08,2008,2,"037105",81
143.51,-22.08,2008,3,"037105",0
143.51,-22.08,2008,4,"037105",0
143.51,-22.08,2008,5,"037105",2
143.51,-22.08,2008,6,"037105",2
143.51,-22.08,2008,7,"037105",23.4
143.51,-22.08,2008,8,"037105",0
143.51,-22.08,2008,9,"037105",21
143.51,-22.08,2008,10,"037105",0
143.51,-22.08,2008,11,"037105",59.8
143.51,-22.08,2008,12,"037105",32
143.51,-22.08,2009,1,"037105",217.4
143.51,-22.08,2009,2,"037105",98.6
143.51,-22.08,2009,3,"037105",19.6
143.51,-22.08,2009,4,"037105",10.4
143.51,-22.08,2009,5,"037105",5.6
143.51,-22.08,2009,6,"037105",54
143.51,-22.08,2009,7,"037105",0
143.51,-22.08,2009,8,"037105",0
143.51,-22.08,2009,9,"037105",0
143.51,-22.08,2009,10,"037105",0.2
143.51,-22.08,2009,11,"037105",0.4
143.51,-22.08,2009,12,"037105",61.6
143.51,-22.08,2010,1,"037105",278.2
143.51,-22.08,2010,2,"037105",55.6
143.51,-22.08,2010,3,"037105",45
143.51,-22.08,2010,4,"037105",84
143.51,-22.08,2010,5,"037105",11.4
143.51,-22.08,2010,6,"037105",0
143.51,-22.08,2010,7,"037105",10.8
143.51,-22.08,2010,8,"037105",28.6
143.51,-22.08,2010,9,"037105",76.4
143.51,-22.08,2010,10,"037105",40.4
143.51,-22.08,2010,11,"037105",72.6
143.51,-22.08,2010,12,"037105",147.2
143.51,-22.08,2011,1,"037105",42
143.51,-22.08,2011,2,"037105",5
143.51,-22.08,2011,3,"037105",72.2
143.51,-22.08,2011,4,"037105",6.6
143.51,-22.08,2011,5,"037105",0
143.51,-22.08,2011,6,"037105",3
143.51,-22.08,2011,7,"037105",2
143.51,-22.08,2011,8,"037105",0
143.51,-22.08,2011,9,"037105",0
143.51,-22.08,2011,10,"037105",18
143.51,-22.08,2011,11,"037105",77
143.51,-22.08,2011,12,"037105",56
143.51,-22.08,2012,1,"037105",79
143.51,-22.08,2012,2,"037105",57.4
143.51,-22.08,2012,3,"037105",80.6
143.51,-22.08,2012,4,"037105",36.2
143.51,-22.08,2012,5,"037105",19.2
143.51,-22.08,2012,6,"037105",35.6
143.51,-22.08,2012,7,"037105",48
143.51,-22.08,2012,8,"037105",0
143.51,-22.08,2012,9,"037105",7
143.51,-22.08,2012,10,"037105",13
143.51,-22.08,2012,11,"037105",15.2
143.51,-22.08,2012,12,"037105",15.8
143.51,-22.08,2013,1,"037105",38.4
143.51,-22.08,2013,2,"037105",145.4
143.51,-22.08,2013,3,"037105",6.4
143.51,-22.08,2013,4,"037105",15.4
143.51,-22.08,2013,5,"037105",NA
143.51,-22.08,2013,6,"037105",0
143.51,-22.08,2013,7,"037105",1.8
143.51,-22.08,2013,8,"037105",0
143.51,-22.08,2013,9,"037105",0
143.51,-22.08,2013,10,"037105",0
143.51,-22.08,2013,11,"037105",19.4
143.51,-22.08,2013,12,"037105",34.6
143.51,-22.08,2014,1,"037105",8.6
143.51,-22.08,2014,2,"037105",93
143.51,-22.08,2014,3,"037105",15.6
143.51,-22.08,2014,4,"037105",5
143.51,-22.08,2014,5,"037105",0
143.51,-22.08,2014,6,"037105",6.8
143.51,-22.08,2014,7,"037105",0
143.51,-22.08,2014,8,"037105",14.8
143.51,-22.08,2014,9,"037105",6
143.51,-22.08,2014,10,"037105",0.6
143.51,-22.08,2014,11,"037105",9.2
143.51,-22.08,2014,12,"037105",59.6
143.51,-22.08,2015,1,"037105",87
143.51,-22.08,2015,2,"037105",21.8
143.51,-22.08,2015,3,"037105",2.2
143.51,-22.08,2015,4,"037105",0
143.51,-22.08,2015,5,"037105",0
143.51,-22.08,2015,6,"037105",28.8
143.51,-22.08,2015,7,"037105",0
143.51,-22.08,2015,8,"037105",0
143.51,-22.08,2015,9,"037105",0
143.51,-22.08,2015,10,"037105",4
143.51,-22.08,2015,11,"037105",36.2
143.51,-22.08,2015,12,"037105",56.2
143.51,-22.08,2016,1,"037105",65.2
143.51,-22.08,2016,2,"037105",13.8
143.51,-22.08,2016,3,"037105",94.8
143.51,-22.08,2016,4,"037105",0
143.51,-22.08,2016,5,"037105",12.2
143.51,-22.08,2016,6,"037105",79.6
143.51,-22.08,2016,7,"037105",101.8
143.51,-22.08,2016,8,"037105",21.8
143.51,-22.08,2016,9,"037105",33.8
143.51,-22.08,2016,10,"037105",2.8
143.51,-22.08,2016,11,"037105",6.6
143.51,-22.08,2016,12,"037105",82.2
143.51,-22.08,2017,1,"037105",84.2
143.51,-22.08,2017,2,"037105",25.8
143.51,-22.08,2017,3,"037105",0
143.51,-22.08,2017,4,"037105",0
143.51,-22.08,2017,5,"037105",4.8
143.51,-22.08,2017,6,"037105",0
143.51,-22.08,2017,7,"037105",9.6
143.51,-22.08,2017,8,"037105",0
143.51,-22.08,2017,9,"037105",0
143.51,-22.08,2017,10,"037105",30.4
143.51,-22.08,2017,11,"037105",21.6
143.51,-22.08,2017,12,"037105",8.6
143.51,-22.08,2018,1,"037105",4.6
143.51,-22.08,2018,2,"037105",NA
143.51,-22.08,2018,3,"037105",211.2
143.51,-22.08,2018,4,"037105",0
143.51,-22.08,2018,5,"037105",0
143.51,-22.08,2018,6,"037105",8
143.51,-22.08,2018,7,"037105",0
143.51,-22.08,2018,8,"037105",0
143.51,-22.08,2018,9,"037105",0
143.51,-22.08,2018,10,"037105",0
143.51,-22.08,2018,11,"037105",4.4
143.51,-22.08,2018,12,"037105",4.4
143.51,-22.08,2019,1,"037105",85
143.51,-22.08,2019,2,"037105",142.4
143.51,-22.08,2019,3,"037105",141.2
143.51,-22.08,2019,4,"037105",0
143.51,-22.08,2019,5,"037105",0
143.51,-22.08,2019,6,"037105",15.2
143.51,-22.08,2019,7,"037105",9
143.51,-22.08,2019,8,"037105",0
143.51,-22.08,2019,9,"037105",0
143.51,-22.08,2019,10,"037105",0
143.51,-22.08,2019,11,"037105",13.8
143.51,-22.08,2019,12,"037105",3.6
143.51,-22.08,2020,1,"037105",180.8
143.51,-22.08,2020,2,"037105",41.2
143.51,-22.08,2020,3,"037105",17.6
143.51,-22.08,2020,4,"037105",0.4
143.51,-22.08,2020,5,"037105",34
143.51,-22.08,2020,6,"037105",0
143.51,-22.08,2020,7,"037105",0
143.51,-22.08,2020,8,"037105",1
143.51,-22.08,2020,9,"037105",8.2
143.51,-22.08,2020,10,"037105",12.6
143.51,-22.08,2020,11,"037105",23.4
143.51,-22.08,2020,12,"037105",136.4
143.51,-22.08,2021,1,"037105",24.4
143.51,-22.08,2021,2,"037105",127.2
143.51,-22.08,2021,3,"037105",42
143.51,-22.08,2021,4,"037105",12.6
143.51,-22.08,2021,5,"037105",0
143.51,-22.08,2021,6,"037105",56
143.51,-22.08,2021,7,"037105",2.2
143.51,-22.08,2021,8,"037105",0.6
143.51,-22.08,2021,9,"037105",5.6
143.51,-22.08,2021,10,"037105",31.8
143.51,-22.08,2021,11,"037105",43.8
143.51,-22.08,2021,12,"037105",38
143.51,-22.08,2022,1,"037105",163.8
143.51,-22.08,2022,2,"037105",NA
143.51,-22.08,2022,3,"037105",NA
143.51,-22.08,2022,4,"037105",NA
143.51,-22.08,2022,5,"037105",NA
143.51,-22.08,2022,6,"037105",NA
143.51,-22.08,2022,7,"037105",NA
143.51,-22.08,2022,8,"037105",NA
143.51,-22.08,2022,9,"037105",NA
143.51,-22.08,2022,10,"037105",NA
143.51,-22.08,2022,11,"037105",NA
143.51,-22.08,2022,12,"037105",NA
