"Lon","Lat","Year","Month","Station","Rain"
146.71,-42.26,1934,1,"095021",NA
146.71,-42.26,1934,2,"095021",NA
146.71,-42.26,1934,3,"095021",NA
146.71,-42.26,1934,4,"095021",NA
146.71,-42.26,1934,5,"095021",NA
146.71,-42.26,1934,6,"095021",NA
146.71,-42.26,1934,7,"095021",NA
146.71,-42.26,1934,8,"095021",NA
146.71,-42.26,1934,9,"095021",100.3
146.71,-42.26,1934,10,"095021",63.7
146.71,-42.26,1934,11,"095021",79.9
146.71,-42.26,1934,12,"095021",168.6
146.71,-42.26,1935,1,"095021",43.7
146.71,-42.26,1935,2,"095021",160.9
146.71,-42.26,1935,3,"095021",70.6
146.71,-42.26,1935,4,"095021",179.2
146.71,-42.26,1935,5,"095021",45.8
146.71,-42.26,1935,6,"095021",NA
146.71,-42.26,1935,7,"095021",7.6
146.71,-42.26,1935,8,"095021",38.4
146.71,-42.26,1935,9,"095021",10.7
146.71,-42.26,1935,10,"095021",71.7
146.71,-42.26,1935,11,"095021",NA
146.71,-42.26,1935,12,"095021",NA
146.71,-42.26,1936,1,"095021",NA
146.71,-42.26,1936,2,"095021",NA
146.71,-42.26,1936,3,"095021",NA
146.71,-42.26,1936,4,"095021",NA
146.71,-42.26,1936,5,"095021",NA
146.71,-42.26,1936,6,"095021",NA
146.71,-42.26,1936,7,"095021",NA
146.71,-42.26,1936,8,"095021",NA
146.71,-42.26,1936,9,"095021",NA
146.71,-42.26,1936,10,"095021",NA
146.71,-42.26,1936,11,"095021",82.6
146.71,-42.26,1936,12,"095021",74.3
146.71,-42.26,1937,1,"095021",143
146.71,-42.26,1937,2,"095021",49.8
146.71,-42.26,1937,3,"095021",56.7
146.71,-42.26,1937,4,"095021",53.6
146.71,-42.26,1937,5,"095021",114.4
146.71,-42.26,1937,6,"095021",26.5
146.71,-42.26,1937,7,"095021",85.9
146.71,-42.26,1937,8,"095021",34
146.71,-42.26,1937,9,"095021",48
146.71,-42.26,1937,10,"095021",81.3
146.71,-42.26,1937,11,"095021",35.1
146.71,-42.26,1937,12,"095021",130.3
146.71,-42.26,1938,1,"095021",72.6
146.71,-42.26,1938,2,"095021",134.3
146.71,-42.26,1938,3,"095021",157.9
146.71,-42.26,1938,4,"095021",56.3
146.71,-42.26,1938,5,"095021",65
146.71,-42.26,1938,6,"095021",56.5
146.71,-42.26,1938,7,"095021",53.6
146.71,-42.26,1938,8,"095021",19.4
146.71,-42.26,1938,9,"095021",47.6
146.71,-42.26,1938,10,"095021",79.3
146.71,-42.26,1938,11,"095021",NA
146.71,-42.26,1938,12,"095021",NA
146.71,-42.26,1939,1,"095021",3.5
146.71,-42.26,1939,2,"095021",62.2
146.71,-42.26,1939,3,"095021",NA
146.71,-42.26,1939,4,"095021",NA
146.71,-42.26,1939,5,"095021",NA
146.71,-42.26,1939,6,"095021",156.2
146.71,-42.26,1939,7,"095021",71.4
146.71,-42.26,1939,8,"095021",201.1
146.71,-42.26,1939,9,"095021",NA
146.71,-42.26,1939,10,"095021",NA
146.71,-42.26,1939,11,"095021",NA
146.71,-42.26,1939,12,"095021",NA
146.71,-42.26,1940,1,"095021",NA
146.71,-42.26,1940,2,"095021",NA
146.71,-42.26,1940,3,"095021",NA
146.71,-42.26,1940,4,"095021",NA
146.71,-42.26,1940,5,"095021",38.2
146.71,-42.26,1940,6,"095021",44.7
146.71,-42.26,1940,7,"095021",62.1
146.71,-42.26,1940,8,"095021",43.2
146.71,-42.26,1940,9,"095021",80.2
146.71,-42.26,1940,10,"095021",69.1
146.71,-42.26,1940,11,"095021",76.5
146.71,-42.26,1940,12,"095021",100.7
146.71,-42.26,1941,1,"095021",97
146.71,-42.26,1941,2,"095021",24.9
146.71,-42.26,1941,3,"095021",105.9
146.71,-42.26,1941,4,"095021",18.6
146.71,-42.26,1941,5,"095021",31
146.71,-42.26,1941,6,"095021",53.3
146.71,-42.26,1941,7,"095021",84.5
146.71,-42.26,1941,8,"095021",77
146.71,-42.26,1941,9,"095021",117.6
146.71,-42.26,1941,10,"095021",63.5
146.71,-42.26,1941,11,"095021",85.7
146.71,-42.26,1941,12,"095021",91.4
146.71,-42.26,1942,1,"095021",45
146.71,-42.26,1942,2,"095021",46.9
146.71,-42.26,1942,3,"095021",38.5
146.71,-42.26,1942,4,"095021",64
146.71,-42.26,1942,5,"095021",88.2
146.71,-42.26,1942,6,"095021",36.5
146.71,-42.26,1942,7,"095021",89.9
146.71,-42.26,1942,8,"095021",78.7
146.71,-42.26,1942,9,"095021",157.8
146.71,-42.26,1942,10,"095021",38.2
146.71,-42.26,1942,11,"095021",57.1
146.71,-42.26,1942,12,"095021",84.1
146.71,-42.26,1943,1,"095021",32.6
146.71,-42.26,1943,2,"095021",39.3
146.71,-42.26,1943,3,"095021",24.9
146.71,-42.26,1943,4,"095021",161.6
146.71,-42.26,1943,5,"095021",12.7
146.71,-42.26,1943,6,"095021",68.7
146.71,-42.26,1943,7,"095021",59.2
146.71,-42.26,1943,8,"095021",34.5
146.71,-42.26,1943,9,"095021",75.1
146.71,-42.26,1943,10,"095021",10.7
146.71,-42.26,1943,11,"095021",91.2
146.71,-42.26,1943,12,"095021",30.5
146.71,-42.26,1944,1,"095021",80.5
146.71,-42.26,1944,2,"095021",52.3
146.71,-42.26,1944,3,"095021",66.8
146.71,-42.26,1944,4,"095021",31.3
146.71,-42.26,1944,5,"095021",69.1
146.71,-42.26,1944,6,"095021",111
146.71,-42.26,1944,7,"095021",33.2
146.71,-42.26,1944,8,"095021",38.1
146.71,-42.26,1944,9,"095021",90.7
146.71,-42.26,1944,10,"095021",82
146.71,-42.26,1944,11,"095021",52.9
146.71,-42.26,1944,12,"095021",39.6
146.71,-42.26,1945,1,"095021",56.8
146.71,-42.26,1945,2,"095021",NA
146.71,-42.26,1945,3,"095021",NA
146.71,-42.26,1945,4,"095021",NA
146.71,-42.26,1945,5,"095021",NA
146.71,-42.26,1945,6,"095021",NA
146.71,-42.26,1945,7,"095021",NA
146.71,-42.26,1945,8,"095021",NA
146.71,-42.26,1945,9,"095021",NA
146.71,-42.26,1945,10,"095021",NA
146.71,-42.26,1945,11,"095021",NA
146.71,-42.26,1945,12,"095021",NA
146.71,-42.26,1946,1,"095021",57.8
146.71,-42.26,1946,2,"095021",136.6
146.71,-42.26,1946,3,"095021",164.1
146.71,-42.26,1946,4,"095021",13.5
146.71,-42.26,1946,5,"095021",59
146.71,-42.26,1946,6,"095021",73
146.71,-42.26,1946,7,"095021",197.8
146.71,-42.26,1946,8,"095021",199.5
146.71,-42.26,1946,9,"095021",56.3
146.71,-42.26,1946,10,"095021",48.7
146.71,-42.26,1946,11,"095021",71.5
146.71,-42.26,1946,12,"095021",76.1
146.71,-42.26,1947,1,"095021",27.1
146.71,-42.26,1947,2,"095021",29.3
146.71,-42.26,1947,3,"095021",57
146.71,-42.26,1947,4,"095021",37.1
146.71,-42.26,1947,5,"095021",64.5
146.71,-42.26,1947,6,"095021",238.5
146.71,-42.26,1947,7,"095021",80.5
146.71,-42.26,1947,8,"095021",78.9
146.71,-42.26,1947,9,"095021",55.6
146.71,-42.26,1947,10,"095021",147.6
146.71,-42.26,1947,11,"095021",44.7
146.71,-42.26,1947,12,"095021",130.1
146.71,-42.26,1948,1,"095021",26.4
146.71,-42.26,1948,2,"095021",26.9
146.71,-42.26,1948,3,"095021",82.3
146.71,-42.26,1948,4,"095021",19.1
146.71,-42.26,1948,5,"095021",207.8
146.71,-42.26,1948,6,"095021",70.8
146.71,-42.26,1948,7,"095021",60
146.71,-42.26,1948,8,"095021",52.1
146.71,-42.26,1948,9,"095021",112.5
146.71,-42.26,1948,10,"095021",189.9
146.71,-42.26,1948,11,"095021",99.4
146.71,-42.26,1948,12,"095021",37.3
146.71,-42.26,1949,1,"095021",67.4
146.71,-42.26,1949,2,"095021",61.5
146.71,-42.26,1949,3,"095021",29.9
146.71,-42.26,1949,4,"095021",44.6
146.71,-42.26,1949,5,"095021",47
146.71,-42.26,1949,6,"095021",53.4
146.71,-42.26,1949,7,"095021",79.5
146.71,-42.26,1949,8,"095021",16.5
146.71,-42.26,1949,9,"095021",3.8
146.71,-42.26,1949,10,"095021",121.5
146.71,-42.26,1949,11,"095021",87.6
146.71,-42.26,1949,12,"095021",19.8
146.71,-42.26,1950,1,"095021",46.5
146.71,-42.26,1950,2,"095021",18.3
146.71,-42.26,1950,3,"095021",20.6
146.71,-42.26,1950,4,"095021",53.6
146.71,-42.26,1950,5,"095021",43.2
146.71,-42.26,1950,6,"095021",11.4
146.71,-42.26,1950,7,"095021",33.2
146.71,-42.26,1950,8,"095021",56.4
146.71,-42.26,1950,9,"095021",72.1
146.71,-42.26,1950,10,"095021",116.7
146.71,-42.26,1950,11,"095021",79.9
146.71,-42.26,1950,12,"095021",61.7
146.71,-42.26,1951,1,"095021",25.1
146.71,-42.26,1951,2,"095021",45.4
146.71,-42.26,1951,3,"095021",44
146.71,-42.26,1951,4,"095021",138.9
146.71,-42.26,1951,5,"095021",57.2
146.71,-42.26,1951,6,"095021",17.3
146.71,-42.26,1951,7,"095021",111.1
146.71,-42.26,1951,8,"095021",98.8
146.71,-42.26,1951,9,"095021",24.1
146.71,-42.26,1951,10,"095021",72.2
146.71,-42.26,1951,11,"095021",97.4
146.71,-42.26,1951,12,"095021",37.7
146.71,-42.26,1952,1,"095021",35.2
146.71,-42.26,1952,2,"095021",45.8
146.71,-42.26,1952,3,"095021",23.6
146.71,-42.26,1952,4,"095021",133.6
146.71,-42.26,1952,5,"095021",81.3
146.71,-42.26,1952,6,"095021",300.6
146.71,-42.26,1952,7,"095021",57.2
146.71,-42.26,1952,8,"095021",33.3
146.71,-42.26,1952,9,"095021",82.6
146.71,-42.26,1952,10,"095021",118.7
146.71,-42.26,1952,11,"095021",99.1
146.71,-42.26,1952,12,"095021",15.2
146.71,-42.26,1953,1,"095021",22.4
146.71,-42.26,1953,2,"095021",22.1
146.71,-42.26,1953,3,"095021",36.2
146.71,-42.26,1953,4,"095021",63.9
146.71,-42.26,1953,5,"095021",35.3
146.71,-42.26,1953,6,"095021",91.7
146.71,-42.26,1953,7,"095021",127.2
146.71,-42.26,1953,8,"095021",64.9
146.71,-42.26,1953,9,"095021",111.3
146.71,-42.26,1953,10,"095021",37.3
146.71,-42.26,1953,11,"095021",202.9
146.71,-42.26,1953,12,"095021",119.7
146.71,-42.26,1954,1,"095021",20.1
146.71,-42.26,1954,2,"095021",167.1
146.71,-42.26,1954,3,"095021",49.7
146.71,-42.26,1954,4,"095021",60.9
146.71,-42.26,1954,5,"095021",56.9
146.71,-42.26,1954,6,"095021",100.6
146.71,-42.26,1954,7,"095021",34.3
146.71,-42.26,1954,8,"095021",120.4
146.71,-42.26,1954,9,"095021",17
146.71,-42.26,1954,10,"095021",54.9
146.71,-42.26,1954,11,"095021",64
146.71,-42.26,1954,12,"095021",23.3
146.71,-42.26,1955,1,"095021",21.7
146.71,-42.26,1955,2,"095021",19.3
146.71,-42.26,1955,3,"095021",NA
146.71,-42.26,1955,4,"095021",188.2
146.71,-42.26,1955,5,"095021",NA
146.71,-42.26,1955,6,"095021",NA
146.71,-42.26,1955,7,"095021",NA
146.71,-42.26,1955,8,"095021",NA
146.71,-42.26,1955,9,"095021",NA
146.71,-42.26,1955,10,"095021",NA
146.71,-42.26,1955,11,"095021",NA
146.71,-42.26,1955,12,"095021",NA
146.71,-42.26,1956,1,"095021",80.8
146.71,-42.26,1956,2,"095021",130.5
146.71,-42.26,1956,3,"095021",58.6
146.71,-42.26,1956,4,"095021",91.4
146.71,-42.26,1956,5,"095021",128.1
146.71,-42.26,1956,6,"095021",131.9
146.71,-42.26,1956,7,"095021",76.2
146.71,-42.26,1956,8,"095021",111.5
146.71,-42.26,1956,9,"095021",40.9
146.71,-42.26,1956,10,"095021",137.8
146.71,-42.26,1956,11,"095021",111.7
146.71,-42.26,1956,12,"095021",67.5
146.71,-42.26,1957,1,"095021",27.9
146.71,-42.26,1957,2,"095021",30.8
146.71,-42.26,1957,3,"095021",33.8
146.71,-42.26,1957,4,"095021",71.5
146.71,-42.26,1957,5,"095021",75
146.71,-42.26,1957,6,"095021",44.2
146.71,-42.26,1957,7,"095021",18.5
146.71,-42.26,1957,8,"095021",16
146.71,-42.26,1957,9,"095021",60.3
146.71,-42.26,1957,10,"095021",63.5
146.71,-42.26,1957,11,"095021",114
146.71,-42.26,1957,12,"095021",94.5
146.71,-42.26,1958,1,"095021",18.1
146.71,-42.26,1958,2,"095021",47.9
146.71,-42.26,1958,3,"095021",53.8
146.71,-42.26,1958,4,"095021",77.9
146.71,-42.26,1958,5,"095021",342.2
146.71,-42.26,1958,6,"095021",43.1
146.71,-42.26,1958,7,"095021",59.4
146.71,-42.26,1958,8,"095021",128.1
146.71,-42.26,1958,9,"095021",19.3
146.71,-42.26,1958,10,"095021",154.7
146.71,-42.26,1958,11,"095021",58.1
146.71,-42.26,1958,12,"095021",137.4
146.71,-42.26,1959,1,"095021",28.9
146.71,-42.26,1959,2,"095021",29
146.71,-42.26,1959,3,"095021",33.9
146.71,-42.26,1959,4,"095021",91.7
146.71,-42.26,1959,5,"095021",15.7
146.71,-42.26,1959,6,"095021",48.5
146.71,-42.26,1959,7,"095021",48
146.71,-42.26,1959,8,"095021",113.7
146.71,-42.26,1959,9,"095021",65
146.71,-42.26,1959,10,"095021",51.8
146.71,-42.26,1959,11,"095021",34
146.71,-42.26,1959,12,"095021",93.4
146.71,-42.26,1960,1,"095021",39.8
146.71,-42.26,1960,2,"095021",24.2
146.71,-42.26,1960,3,"095021",7.7
146.71,-42.26,1960,4,"095021",334.5
146.71,-42.26,1960,5,"095021",113.5
146.71,-42.26,1960,6,"095021",22.4
146.71,-42.26,1960,7,"095021",96.6
146.71,-42.26,1960,8,"095021",26.2
146.71,-42.26,1960,9,"095021",86.9
146.71,-42.26,1960,10,"095021",84.9
146.71,-42.26,1960,11,"095021",59.5
146.71,-42.26,1960,12,"095021",27.2
146.71,-42.26,1961,1,"095021",28.7
146.71,-42.26,1961,2,"095021",23
146.71,-42.26,1961,3,"095021",30
146.71,-42.26,1961,4,"095021",74.5
146.71,-42.26,1961,5,"095021",40.2
146.71,-42.26,1961,6,"095021",72.9
146.71,-42.26,1961,7,"095021",63.9
146.71,-42.26,1961,8,"095021",75.1
146.71,-42.26,1961,9,"095021",58.2
146.71,-42.26,1961,10,"095021",19.4
146.71,-42.26,1961,11,"095021",41.4
146.71,-42.26,1961,12,"095021",38.3
146.71,-42.26,1962,1,"095021",44.2
146.71,-42.26,1962,2,"095021",15.3
146.71,-42.26,1962,3,"095021",60.8
146.71,-42.26,1962,4,"095021",56.7
146.71,-42.26,1962,5,"095021",107.7
146.71,-42.26,1962,6,"095021",147.2
146.71,-42.26,1962,7,"095021",88.2
146.71,-42.26,1962,8,"095021",126.3
146.71,-42.26,1962,9,"095021",62.1
146.71,-42.26,1962,10,"095021",113.6
146.71,-42.26,1962,11,"095021",50.8
146.71,-42.26,1962,12,"095021",20.6
146.71,-42.26,1963,1,"095021",74
146.71,-42.26,1963,2,"095021",20.2
146.71,-42.26,1963,3,"095021",52.2
146.71,-42.26,1963,4,"095021",NA
146.71,-42.26,1963,5,"095021",NA
146.71,-42.26,1963,6,"095021",NA
146.71,-42.26,1963,7,"095021",NA
146.71,-42.26,1963,8,"095021",NA
146.71,-42.26,1963,9,"095021",NA
146.71,-42.26,1963,10,"095021",NA
146.71,-42.26,1963,11,"095021",NA
146.71,-42.26,1963,12,"095021",NA
146.71,-42.26,1964,1,"095021",56.5
146.71,-42.26,1964,2,"095021",205.9
146.71,-42.26,1964,3,"095021",62.2
146.71,-42.26,1964,4,"095021",22.9
146.71,-42.26,1964,5,"095021",75.3
146.71,-42.26,1964,6,"095021",79.8
146.71,-42.26,1964,7,"095021",111.7
146.71,-42.26,1964,8,"095021",100.4
146.71,-42.26,1964,9,"095021",126.7
146.71,-42.26,1964,10,"095021",66.1
146.71,-42.26,1964,11,"095021",67.1
146.71,-42.26,1964,12,"095021",78.1
146.71,-42.26,1965,1,"095021",51.5
146.71,-42.26,1965,2,"095021",17.3
146.71,-42.26,1965,3,"095021",47.5
146.71,-42.26,1965,4,"095021",172.5
146.71,-42.26,1965,5,"095021",75.7
146.71,-42.26,1965,6,"095021",46.2
146.71,-42.26,1965,7,"095021",41
146.71,-42.26,1965,8,"095021",33
146.71,-42.26,1965,9,"095021",66.1
146.71,-42.26,1965,10,"095021",26.6
146.71,-42.26,1965,11,"095021",87.5
146.71,-42.26,1965,12,"095021",28.9
146.71,-42.26,1966,1,"095021",26
146.71,-42.26,1966,2,"095021",34
146.71,-42.26,1966,3,"095021",104.9
146.71,-42.26,1966,4,"095021",103.3
146.71,-42.26,1966,5,"095021",80.8
146.71,-42.26,1966,6,"095021",34.1
146.71,-42.26,1966,7,"095021",76.7
146.71,-42.26,1966,8,"095021",NA
146.71,-42.26,1966,9,"095021",NA
146.71,-42.26,1966,10,"095021",89.9
146.71,-42.26,1966,11,"095021",NA
146.71,-42.26,1966,12,"095021",52.7
146.71,-42.26,1967,1,"095021",35.1
146.71,-42.26,1967,2,"095021",5.1
146.71,-42.26,1967,3,"095021",35.3
146.71,-42.26,1967,4,"095021",34.1
146.71,-42.26,1967,5,"095021",9.6
146.71,-42.26,1967,6,"095021",26.7
146.71,-42.26,1967,7,"095021",66.9
146.71,-42.26,1967,8,"095021",90.7
146.71,-42.26,1967,9,"095021",69
146.71,-42.26,1967,10,"095021",51.8
146.71,-42.26,1967,11,"095021",115.6
146.71,-42.26,1967,12,"095021",82.5
146.71,-42.26,1968,1,"095021",19.8
146.71,-42.26,1968,2,"095021",37.9
146.71,-42.26,1968,3,"095021",26.5
146.71,-42.26,1968,4,"095021",99.3
146.71,-42.26,1968,5,"095021",122.4
146.71,-42.26,1968,6,"095021",67.7
146.71,-42.26,1968,7,"095021",33.8
146.71,-42.26,1968,8,"095021",149.9
146.71,-42.26,1968,9,"095021",63.6
146.71,-42.26,1968,10,"095021",95.3
146.71,-42.26,1968,11,"095021",146.8
146.71,-42.26,1968,12,"095021",44.1
146.71,-42.26,1969,1,"095021",48.8
146.71,-42.26,1969,2,"095021",173.4
146.71,-42.26,1969,3,"095021",44.7
146.71,-42.26,1969,4,"095021",112.4
146.71,-42.26,1969,5,"095021",108.2
146.71,-42.26,1969,6,"095021",59.5
146.71,-42.26,1969,7,"095021",39.5
146.71,-42.26,1969,8,"095021",75.5
146.71,-42.26,1969,9,"095021",25.3
146.71,-42.26,1969,10,"095021",39.7
146.71,-42.26,1969,11,"095021",89.9
146.71,-42.26,1969,12,"095021",115.6
146.71,-42.26,1970,1,"095021",72
146.71,-42.26,1970,2,"095021",39.3
146.71,-42.26,1970,3,"095021",117.9
146.71,-42.26,1970,4,"095021",67
146.71,-42.26,1970,5,"095021",31.3
146.71,-42.26,1970,6,"095021",53.9
146.71,-42.26,1970,7,"095021",155.1
146.71,-42.26,1970,8,"095021",211.4
146.71,-42.26,1970,9,"095021",83.7
146.71,-42.26,1970,10,"095021",75
146.71,-42.26,1970,11,"095021",56.7
146.71,-42.26,1970,12,"095021",158.9
146.71,-42.26,1971,1,"095021",81.9
146.71,-42.26,1971,2,"095021",85
146.71,-42.26,1971,3,"095021",33.5
146.71,-42.26,1971,4,"095021",47.5
146.71,-42.26,1971,5,"095021",144.6
146.71,-42.26,1971,6,"095021",81.5
146.71,-42.26,1971,7,"095021",48.8
146.71,-42.26,1971,8,"095021",88.8
146.71,-42.26,1971,9,"095021",92.5
146.71,-42.26,1971,10,"095021",150.7
146.71,-42.26,1971,11,"095021",107.5
146.71,-42.26,1971,12,"095021",41
146.71,-42.26,1972,1,"095021",74.7
146.71,-42.26,1972,2,"095021",35
146.71,-42.26,1972,3,"095021",14.2
146.71,-42.26,1972,4,"095021",59.5
146.71,-42.26,1972,5,"095021",16.8
146.71,-42.26,1972,6,"095021",31.4
146.71,-42.26,1972,7,"095021",156.2
146.71,-42.26,1972,8,"095021",68.3
146.71,-42.26,1972,9,"095021",82.1
146.71,-42.26,1972,10,"095021",30.2
146.71,-42.26,1972,11,"095021",35.7
146.71,-42.26,1972,12,"095021",61.2
146.71,-42.26,1973,1,"095021",55.1
146.71,-42.26,1973,2,"095021",61.1
146.71,-42.26,1973,3,"095021",59.2
146.71,-42.26,1973,4,"095021",79.3
146.71,-42.26,1973,5,"095021",181
146.71,-42.26,1973,6,"095021",82
146.71,-42.26,1973,7,"095021",38.5
146.71,-42.26,1973,8,"095021",35.2
146.71,-42.26,1973,9,"095021",99.6
146.71,-42.26,1973,10,"095021",91.7
146.71,-42.26,1973,11,"095021",23.9
146.71,-42.26,1973,12,"095021",73.4
146.71,-42.26,1974,1,"095021",19.6
146.71,-42.26,1974,2,"095021",18
146.71,-42.26,1974,3,"095021",41.8
146.71,-42.26,1974,4,"095021",102.8
146.71,-42.26,1974,5,"095021",29.4
146.71,-42.26,1974,6,"095021",108.6
146.71,-42.26,1974,7,"095021",218
146.71,-42.26,1974,8,"095021",38.8
146.71,-42.26,1974,9,"095021",78.6
146.71,-42.26,1974,10,"095021",67.6
146.71,-42.26,1974,11,"095021",39.2
146.71,-42.26,1974,12,"095021",107
146.71,-42.26,1975,1,"095021",51.8
146.71,-42.26,1975,2,"095021",12.6
146.71,-42.26,1975,3,"095021",116
146.71,-42.26,1975,4,"095021",35.8
146.71,-42.26,1975,5,"095021",115.2
146.71,-42.26,1975,6,"095021",101.8
146.71,-42.26,1975,7,"095021",112
146.71,-42.26,1975,8,"095021",116.2
146.71,-42.26,1975,9,"095021",57.4
146.71,-42.26,1975,10,"095021",80.6
146.71,-42.26,1975,11,"095021",167
146.71,-42.26,1975,12,"095021",21.4
146.71,-42.26,1976,1,"095021",32.4
146.71,-42.26,1976,2,"095021",5
146.71,-42.26,1976,3,"095021",30
146.71,-42.26,1976,4,"095021",31
146.71,-42.26,1976,5,"095021",46.2
146.71,-42.26,1976,6,"095021",64.2
146.71,-42.26,1976,7,"095021",33
146.71,-42.26,1976,8,"095021",96.2
146.71,-42.26,1976,9,"095021",20
146.71,-42.26,1976,10,"095021",100.8
146.71,-42.26,1976,11,"095021",84.8
146.71,-42.26,1976,12,"095021",110.6
146.71,-42.26,1977,1,"095021",44.4
146.71,-42.26,1977,2,"095021",48.6
146.71,-42.26,1977,3,"095021",103.8
146.71,-42.26,1977,4,"095021",34
146.71,-42.26,1977,5,"095021",52
146.71,-42.26,1977,6,"095021",37
146.71,-42.26,1977,7,"095021",48.8
146.71,-42.26,1977,8,"095021",40.4
146.71,-42.26,1977,9,"095021",39
146.71,-42.26,1977,10,"095021",31.2
146.71,-42.26,1977,11,"095021",108.8
146.71,-42.26,1977,12,"095021",54
146.71,-42.26,1978,1,"095021",9
146.71,-42.26,1978,2,"095021",77.4
146.71,-42.26,1978,3,"095021",20
146.71,-42.26,1978,4,"095021",93
146.71,-42.26,1978,5,"095021",66.2
146.71,-42.26,1978,6,"095021",85.5
146.71,-42.26,1978,7,"095021",90.2
146.71,-42.26,1978,8,"095021",123
146.71,-42.26,1978,9,"095021",32.4
146.71,-42.26,1978,10,"095021",51.8
146.71,-42.26,1978,11,"095021",98.4
146.71,-42.26,1978,12,"095021",53.4
146.71,-42.26,1979,1,"095021",44.8
146.71,-42.26,1979,2,"095021",59
146.71,-42.26,1979,3,"095021",53.4
146.71,-42.26,1979,4,"095021",64.6
146.71,-42.26,1979,5,"095021",25.4
146.71,-42.26,1979,6,"095021",17
146.71,-42.26,1979,7,"095021",41.6
146.71,-42.26,1979,8,"095021",90
146.71,-42.26,1979,9,"095021",98.6
146.71,-42.26,1979,10,"095021",58.6
146.71,-42.26,1979,11,"095021",23
146.71,-42.26,1979,12,"095021",41
146.71,-42.26,1980,1,"095021",15
146.71,-42.26,1980,2,"095021",46.6
146.71,-42.26,1980,3,"095021",45.6
146.71,-42.26,1980,4,"095021",68
146.71,-42.26,1980,5,"095021",44.8
146.71,-42.26,1980,6,"095021",44
146.71,-42.26,1980,7,"095021",40
146.71,-42.26,1980,8,"095021",109.4
146.71,-42.26,1980,9,"095021",208.4
146.71,-42.26,1980,10,"095021",84.6
146.71,-42.26,1980,11,"095021",82.4
146.71,-42.26,1980,12,"095021",25.4
146.71,-42.26,1981,1,"095021",45
146.71,-42.26,1981,2,"095021",19.4
146.71,-42.26,1981,3,"095021",76.8
146.71,-42.26,1981,4,"095021",124.6
146.71,-42.26,1981,5,"095021",38.8
146.71,-42.26,1981,6,"095021",98.4
146.71,-42.26,1981,7,"095021",126.2
146.71,-42.26,1981,8,"095021",116.6
146.71,-42.26,1981,9,"095021",63.2
146.71,-42.26,1981,10,"095021",62.6
146.71,-42.26,1981,11,"095021",30
146.71,-42.26,1981,12,"095021",75.4
146.71,-42.26,1982,1,"095021",34
146.71,-42.26,1982,2,"095021",10
146.71,-42.26,1982,3,"095021",70.4
146.71,-42.26,1982,4,"095021",24
146.71,-42.26,1982,5,"095021",102.4
146.71,-42.26,1982,6,"095021",14.2
146.71,-42.26,1982,7,"095021",22
146.71,-42.26,1982,8,"095021",22
146.71,-42.26,1982,9,"095021",113.8
146.71,-42.26,1982,10,"095021",37.4
146.71,-42.26,1982,11,"095021",73
146.71,-42.26,1982,12,"095021",65
146.71,-42.26,1983,1,"095021",30
146.71,-42.26,1983,2,"095021",6
146.71,-42.26,1983,3,"095021",59
146.71,-42.26,1983,4,"095021",72
146.71,-42.26,1983,5,"095021",37.2
146.71,-42.26,1983,6,"095021",36
146.71,-42.26,1983,7,"095021",44
146.71,-42.26,1983,8,"095021",46
146.71,-42.26,1983,9,"095021",149.6
146.71,-42.26,1983,10,"095021",49
146.71,-42.26,1983,11,"095021",58
146.71,-42.26,1983,12,"095021",16
146.71,-42.26,1984,1,"095021",23
146.71,-42.26,1984,2,"095021",14
146.71,-42.26,1984,3,"095021",32
146.71,-42.26,1984,4,"095021",64.8
146.71,-42.26,1984,5,"095021",43
146.71,-42.26,1984,6,"095021",69.8
146.71,-42.26,1984,7,"095021",59.6
146.71,-42.26,1984,8,"095021",125.8
146.71,-42.26,1984,9,"095021",140
146.71,-42.26,1984,10,"095021",103.8
146.71,-42.26,1984,11,"095021",68
146.71,-42.26,1984,12,"095021",147
146.71,-42.26,1985,1,"095021",73.4
146.71,-42.26,1985,2,"095021",19
146.71,-42.26,1985,3,"095021",96
146.71,-42.26,1985,4,"095021",57.2
146.71,-42.26,1985,5,"095021",58
146.71,-42.26,1985,6,"095021",58.4
146.71,-42.26,1985,7,"095021",89.4
146.71,-42.26,1985,8,"095021",22.2
146.71,-42.26,1985,9,"095021",32
146.71,-42.26,1985,10,"095021",62.4
146.71,-42.26,1985,11,"095021",66
146.71,-42.26,1985,12,"095021",141.4
146.71,-42.26,1986,1,"095021",77
146.71,-42.26,1986,2,"095021",59
146.71,-42.26,1986,3,"095021",33
146.71,-42.26,1986,4,"095021",148
146.71,-42.26,1986,5,"095021",95
146.71,-42.26,1986,6,"095021",54
146.71,-42.26,1986,7,"095021",67
146.71,-42.26,1986,8,"095021",74
146.71,-42.26,1986,9,"095021",40
146.71,-42.26,1986,10,"095021",93
146.71,-42.26,1986,11,"095021",33
146.71,-42.26,1986,12,"095021",58
146.71,-42.26,1987,1,"095021",67
146.71,-42.26,1987,2,"095021",35
146.71,-42.26,1987,3,"095021",84
146.71,-42.26,1987,4,"095021",28.4
146.71,-42.26,1987,5,"095021",100.8
146.71,-42.26,1987,6,"095021",34
146.71,-42.26,1987,7,"095021",37
146.71,-42.26,1987,8,"095021",12
146.71,-42.26,1987,9,"095021",69
146.71,-42.26,1987,10,"095021",78.6
146.71,-42.26,1987,11,"095021",163.2
146.71,-42.26,1987,12,"095021",34.2
146.71,-42.26,1988,1,"095021",48.4
146.71,-42.26,1988,2,"095021",17
146.71,-42.26,1988,3,"095021",19.8
146.71,-42.26,1988,4,"095021",40.2
146.71,-42.26,1988,5,"095021",96.6
146.71,-42.26,1988,6,"095021",56.2
146.71,-42.26,1988,7,"095021",117.4
146.71,-42.26,1988,8,"095021",53.2
146.71,-42.26,1988,9,"095021",61.6
146.71,-42.26,1988,10,"095021",319.1
146.71,-42.26,1988,11,"095021",130
146.71,-42.26,1988,12,"095021",39
146.71,-42.26,1989,1,"095021",58.6
146.71,-42.26,1989,2,"095021",43.8
146.71,-42.26,1989,3,"095021",45.4
146.71,-42.26,1989,4,"095021",53.8
146.71,-42.26,1989,5,"095021",34.6
146.71,-42.26,1989,6,"095021",32.8
146.71,-42.26,1989,7,"095021",46.2
146.71,-42.26,1989,8,"095021",43.6
146.71,-42.26,1989,9,"095021",39
146.71,-42.26,1989,10,"095021",146.6
146.71,-42.26,1989,11,"095021",13.8
146.71,-42.26,1989,12,"095021",70.4
146.71,-42.26,1990,1,"095021",90
146.71,-42.26,1990,2,"095021",83
146.71,-42.26,1990,3,"095021",38.4
146.71,-42.26,1990,4,"095021",43.2
146.71,-42.26,1990,5,"095021",71.2
146.71,-42.26,1990,6,"095021",67
146.71,-42.26,1990,7,"095021",144
146.71,-42.26,1990,8,"095021",63.8
146.71,-42.26,1990,9,"095021",59.8
146.71,-42.26,1990,10,"095021",63.2
146.71,-42.26,1990,11,"095021",47
146.71,-42.26,1990,12,"095021",97.8
146.71,-42.26,1991,1,"095021",68
146.71,-42.26,1991,2,"095021",2
146.71,-42.26,1991,3,"095021",53.6
146.71,-42.26,1991,4,"095021",57.4
146.71,-42.26,1991,5,"095021",25
146.71,-42.26,1991,6,"095021",81
146.71,-42.26,1991,7,"095021",80.7
146.71,-42.26,1991,8,"095021",171.6
146.71,-42.26,1991,9,"095021",55.8
146.71,-42.26,1991,10,"095021",109.2
146.71,-42.26,1991,11,"095021",95
146.71,-42.26,1991,12,"095021",148.8
146.71,-42.26,1992,1,"095021",115.6
146.71,-42.26,1992,2,"095021",33.6
146.71,-42.26,1992,3,"095021",24.2
146.71,-42.26,1992,4,"095021",59.6
146.71,-42.26,1992,5,"095021",44.8
146.71,-42.26,1992,6,"095021",65.8
146.71,-42.26,1992,7,"095021",128.2
146.71,-42.26,1992,8,"095021",122.2
146.71,-42.26,1992,9,"095021",65.2
146.71,-42.26,1992,10,"095021",57.8
146.71,-42.26,1992,11,"095021",82.2
146.71,-42.26,1992,12,"095021",37.6
146.71,-42.26,1993,1,"095021",56.6
146.71,-42.26,1993,2,"095021",67.2
146.71,-42.26,1993,3,"095021",54.2
146.71,-42.26,1993,4,"095021",30.8
146.71,-42.26,1993,5,"095021",61.4
146.71,-42.26,1993,6,"095021",108
146.71,-42.26,1993,7,"095021",55.8
146.71,-42.26,1993,8,"095021",92.4
146.71,-42.26,1993,9,"095021",42.6
146.71,-42.26,1993,10,"095021",66.6
146.71,-42.26,1993,11,"095021",102
146.71,-42.26,1993,12,"095021",129.4
146.71,-42.26,1994,1,"095021",78
146.71,-42.26,1994,2,"095021",32.6
146.71,-42.26,1994,3,"095021",16.8
146.71,-42.26,1994,4,"095021",70.2
146.71,-42.26,1994,5,"095021",199.2
146.71,-42.26,1994,6,"095021",46.4
146.71,-42.26,1994,7,"095021",91.8
146.71,-42.26,1994,8,"095021",126
146.71,-42.26,1994,9,"095021",101.4
146.71,-42.26,1994,10,"095021",76.2
146.71,-42.26,1994,11,"095021",135
146.71,-42.26,1994,12,"095021",10.8
146.71,-42.26,1995,1,"095021",113.8
146.71,-42.26,1995,2,"095021",29.2
146.71,-42.26,1995,3,"095021",69
146.71,-42.26,1995,4,"095021",71.6
146.71,-42.26,1995,5,"095021",29.2
146.71,-42.26,1995,6,"095021",31.4
146.71,-42.26,1995,7,"095021",50.2
146.71,-42.26,1995,8,"095021",135.4
146.71,-42.26,1995,9,"095021",53.6
146.71,-42.26,1995,10,"095021",43.4
146.71,-42.26,1995,11,"095021",73.2
146.71,-42.26,1995,12,"095021",114.4
146.71,-42.26,1996,1,"095021",110.4
146.71,-42.26,1996,2,"095021",112.6
146.71,-42.26,1996,3,"095021",101.6
146.71,-42.26,1996,4,"095021",192.6
146.71,-42.26,1996,5,"095021",38.6
146.71,-42.26,1996,6,"095021",52.8
146.71,-42.26,1996,7,"095021",58.8
146.71,-42.26,1996,8,"095021",98.6
146.71,-42.26,1996,9,"095021",138
146.71,-42.26,1996,10,"095021",68
146.71,-42.26,1996,11,"095021",112.8
146.71,-42.26,1996,12,"095021",30.4
146.71,-42.26,1997,1,"095021",73.6
146.71,-42.26,1997,2,"095021",36.8
146.71,-42.26,1997,3,"095021",105.4
146.71,-42.26,1997,4,"095021",36.8
146.71,-42.26,1997,5,"095021",33.4
146.71,-42.26,1997,6,"095021",24.8
146.71,-42.26,1997,7,"095021",65.4
146.71,-42.26,1997,8,"095021",93.2
146.71,-42.26,1997,9,"095021",45.2
146.71,-42.26,1997,10,"095021",81.6
146.71,-42.26,1997,11,"095021",47.6
146.71,-42.26,1997,12,"095021",59.8
146.71,-42.26,1998,1,"095021",43.6
146.71,-42.26,1998,2,"095021",76
146.71,-42.26,1998,3,"095021",19
146.71,-42.26,1998,4,"095021",84.8
146.71,-42.26,1998,5,"095021",32.8
146.71,-42.26,1998,6,"095021",71.2
146.71,-42.26,1998,7,"095021",35.2
146.71,-42.26,1998,8,"095021",41.8
146.71,-42.26,1998,9,"095021",89.6
146.71,-42.26,1998,10,"095021",118
146.71,-42.26,1998,11,"095021",73.4
146.71,-42.26,1998,12,"095021",81.8
146.71,-42.26,1999,1,"095021",18.4
146.71,-42.26,1999,2,"095021",113.6
146.71,-42.26,1999,3,"095021",59.4
146.71,-42.26,1999,4,"095021",61.6
146.71,-42.26,1999,5,"095021",NA
146.71,-42.26,1999,6,"095021",19.2
146.71,-42.26,1999,7,"095021",84
146.71,-42.26,1999,8,"095021",53.6
146.71,-42.26,1999,9,"095021",36.4
146.71,-42.26,1999,10,"095021",73.2
146.71,-42.26,1999,11,"095021",82.8
146.71,-42.26,1999,12,"095021",NA
146.71,-42.26,2000,1,"095021",61.8
146.71,-42.26,2000,2,"095021",48
146.71,-42.26,2000,3,"095021",27.8
146.71,-42.26,2000,4,"095021",21.4
146.71,-42.26,2000,5,"095021",61.6
146.71,-42.26,2000,6,"095021",37.2
146.71,-42.26,2000,7,"095021",87.2
146.71,-42.26,2000,8,"095021",66
146.71,-42.26,2000,9,"095021",162.4
146.71,-42.26,2000,10,"095021",153.6
146.71,-42.26,2000,11,"095021",57
146.71,-42.26,2000,12,"095021",75
146.71,-42.26,2001,1,"095021",29
146.71,-42.26,2001,2,"095021",9.6
146.71,-42.26,2001,3,"095021",105.8
146.71,-42.26,2001,4,"095021",72.4
146.71,-42.26,2001,5,"095021",28.8
146.71,-42.26,2001,6,"095021",108
146.71,-42.26,2001,7,"095021",88.8
146.71,-42.26,2001,8,"095021",182
146.71,-42.26,2001,9,"095021",50.4
146.71,-42.26,2001,10,"095021",145.2
146.71,-42.26,2001,11,"095021",104.2
146.71,-42.26,2001,12,"095021",88.6
146.71,-42.26,2002,1,"095021",30.4
146.71,-42.26,2002,2,"095021",32
146.71,-42.26,2002,3,"095021",45.8
146.71,-42.26,2002,4,"095021",8
146.71,-42.26,2002,5,"095021",18
146.71,-42.26,2002,6,"095021",164.4
146.71,-42.26,2002,7,"095021",88.4
146.71,-42.26,2002,8,"095021",75.8
146.71,-42.26,2002,9,"095021",191.4
146.71,-42.26,2002,10,"095021",72
146.71,-42.26,2002,11,"095021",42
146.71,-42.26,2002,12,"095021",25.4
146.71,-42.26,2003,1,"095021",17.2
146.71,-42.26,2003,2,"095021",3.6
146.71,-42.26,2003,3,"095021",100.8
146.71,-42.26,2003,4,"095021",88.8
146.71,-42.26,2003,5,"095021",56.4
146.71,-42.26,2003,6,"095021",107
146.71,-42.26,2003,7,"095021",77.6
146.71,-42.26,2003,8,"095021",121.4
146.71,-42.26,2003,9,"095021",208.4
146.71,-42.26,2003,10,"095021",71.5
146.71,-42.26,2003,11,"095021",8.6
146.71,-42.26,2003,12,"095021",53.4
146.71,-42.26,2004,1,"095021",163.4
146.71,-42.26,2004,2,"095021",46.4
146.71,-42.26,2004,3,"095021",35.8
146.71,-42.26,2004,4,"095021",60.4
146.71,-42.26,2004,5,"095021",110
146.71,-42.26,2004,6,"095021",NA
146.71,-42.26,2004,7,"095021",106
146.71,-42.26,2004,8,"095021",119.2
146.71,-42.26,2004,9,"095021",53.4
146.71,-42.26,2004,10,"095021",63
146.71,-42.26,2004,11,"095021",79.4
146.71,-42.26,2004,12,"095021",42.2
146.71,-42.26,2005,1,"095021",79.4
146.71,-42.26,2005,2,"095021",79.4
146.71,-42.26,2005,3,"095021",22.8
146.71,-42.26,2005,4,"095021",71
146.71,-42.26,2005,5,"095021",54.8
146.71,-42.26,2005,6,"095021",59.8
146.71,-42.26,2005,7,"095021",79.2
146.71,-42.26,2005,8,"095021",90.6
146.71,-42.26,2005,9,"095021",71.2
146.71,-42.26,2005,10,"095021",136.2
146.71,-42.26,2005,11,"095021",78.4
146.71,-42.26,2005,12,"095021",130.6
146.71,-42.26,2006,1,"095021",23.6
146.71,-42.26,2006,2,"095021",23.2
146.71,-42.26,2006,3,"095021",15
146.71,-42.26,2006,4,"095021",108.6
146.71,-42.26,2006,5,"095021",66
146.71,-42.26,2006,6,"095021",14.4
146.71,-42.26,2006,7,"095021",69
146.71,-42.26,2006,8,"095021",31
146.71,-42.26,2006,9,"095021",102.4
146.71,-42.26,2006,10,"095021",78.8
146.71,-42.26,2006,11,"095021",27.4
146.71,-42.26,2006,12,"095021",50.2
146.71,-42.26,2007,1,"095021",60.4
146.71,-42.26,2007,2,"095021",24.2
146.71,-42.26,2007,3,"095021",56.4
146.71,-42.26,2007,4,"095021",25.6
146.71,-42.26,2007,5,"095021",73.8
146.71,-42.26,2007,6,"095021",23.4
146.71,-42.26,2007,7,"095021",44
146.71,-42.26,2007,8,"095021",130.4
146.71,-42.26,2007,9,"095021",114.6
146.71,-42.26,2007,10,"095021",110.4
146.71,-42.26,2007,11,"095021",12.2
146.71,-42.26,2007,12,"095021",74.8
146.71,-42.26,2008,1,"095021",9.2
146.71,-42.26,2008,2,"095021",72.8
146.71,-42.26,2008,3,"095021",41
146.71,-42.26,2008,4,"095021",38
146.71,-42.26,2008,5,"095021",33
146.71,-42.26,2008,6,"095021",78.2
146.71,-42.26,2008,7,"095021",71.2
146.71,-42.26,2008,8,"095021",53.6
146.71,-42.26,2008,9,"095021",133
146.71,-42.26,2008,10,"095021",22.8
146.71,-42.26,2008,11,"095021",84.8
146.71,-42.26,2008,12,"095021",65.8
146.71,-42.26,2009,1,"095021",60.4
146.71,-42.26,2009,2,"095021",41
146.71,-42.26,2009,3,"095021",71.8
146.71,-42.26,2009,4,"095021",46.8
146.71,-42.26,2009,5,"095021",78.6
146.71,-42.26,2009,6,"095021",124
146.71,-42.26,2009,7,"095021",62.2
146.71,-42.26,2009,8,"095021",253
146.71,-42.26,2009,9,"095021",106.4
146.71,-42.26,2009,10,"095021",50.4
146.71,-42.26,2009,11,"095021",93.6
146.71,-42.26,2009,12,"095021",34.8
146.71,-42.26,2010,1,"095021",9.8
146.71,-42.26,2010,2,"095021",62.4
146.71,-42.26,2010,3,"095021",40.4
146.71,-42.26,2010,4,"095021",55.2
146.71,-42.26,2010,5,"095021",42.9
146.71,-42.26,2010,6,"095021",49.4
146.71,-42.26,2010,7,"095021",23.4
146.71,-42.26,2010,8,"095021",144.8
146.71,-42.26,2010,9,"095021",109.3
146.71,-42.26,2010,10,"095021",58.2
146.71,-42.26,2010,11,"095021",NA
146.71,-42.26,2010,12,"095021",45.4
146.71,-42.26,2011,1,"095021",65
146.71,-42.26,2011,2,"095021",66.2
146.71,-42.26,2011,3,"095021",107.4
146.71,-42.26,2011,4,"095021",93.2
146.71,-42.26,2011,5,"095021",29.4
146.71,-42.26,2011,6,"095021",102.2
146.71,-42.26,2011,7,"095021",111.6
146.71,-42.26,2011,8,"095021",136.4
146.71,-42.26,2011,9,"095021",76.4
146.71,-42.26,2011,10,"095021",98.2
146.71,-42.26,2011,11,"095021",72.4
146.71,-42.26,2011,12,"095021",52.6
146.71,-42.26,2012,1,"095021",40.4
146.71,-42.26,2012,2,"095021",16.4
146.71,-42.26,2012,3,"095021",51.2
146.71,-42.26,2012,4,"095021",49.4
146.71,-42.26,2012,5,"095021",137.2
146.71,-42.26,2012,6,"095021",82.1
146.71,-42.26,2012,7,"095021",29.6
146.71,-42.26,2012,8,"095021",75.6
146.71,-42.26,2012,9,"095021",98
146.71,-42.26,2012,10,"095021",46.4
146.71,-42.26,2012,11,"095021",54
146.71,-42.26,2012,12,"095021",53.6
146.71,-42.26,2013,1,"095021",38
146.71,-42.26,2013,2,"095021",NA
146.71,-42.26,2013,3,"095021",77
146.71,-42.26,2013,4,"095021",36.6
146.71,-42.26,2013,5,"095021",30.2
146.71,-42.26,2013,6,"095021",58
146.71,-42.26,2013,7,"095021",81.4
146.71,-42.26,2013,8,"095021",145.8
146.71,-42.26,2013,9,"095021",NA
146.71,-42.26,2013,10,"095021",NA
146.71,-42.26,2013,11,"095021",NA
146.71,-42.26,2013,12,"095021",NA
146.71,-42.26,2015,1,"095021",82.2
146.71,-42.26,2015,2,"095021",NA
146.71,-42.26,2015,3,"095021",NA
146.71,-42.26,2015,4,"095021",NA
146.71,-42.26,2015,5,"095021",NA
146.71,-42.26,2015,6,"095021",NA
146.71,-42.26,2015,7,"095021",NA
146.71,-42.26,2015,8,"095021",NA
146.71,-42.26,2015,9,"095021",NA
146.71,-42.26,2015,10,"095021",NA
146.71,-42.26,2015,11,"095021",NA
146.71,-42.26,2015,12,"095021",NA
