"Lon","Lat","Year","Month","Station","Rain"
150.59,-30.61,1986,1,"055319",NA
150.59,-30.61,1986,2,"055319",NA
150.59,-30.61,1986,3,"055319",NA
150.59,-30.61,1986,4,"055319",NA
150.59,-30.61,1986,5,"055319",NA
150.59,-30.61,1986,6,"055319",NA
150.59,-30.61,1986,7,"055319",NA
150.59,-30.61,1986,8,"055319",NA
150.59,-30.61,1986,9,"055319",NA
150.59,-30.61,1986,10,"055319",NA
150.59,-30.61,1986,11,"055319",39.4
150.59,-30.61,1986,12,"055319",14.6
150.59,-30.61,1987,1,"055319",108
150.59,-30.61,1987,2,"055319",34.4
150.59,-30.61,1987,3,"055319",70.2
150.59,-30.61,1987,4,"055319",2
150.59,-30.61,1987,5,"055319",79.4
150.59,-30.61,1987,6,"055319",37.6
150.59,-30.61,1987,7,"055319",30
150.59,-30.61,1987,8,"055319",121.8
150.59,-30.61,1987,9,"055319",14.8
150.59,-30.61,1987,10,"055319",70.8
150.59,-30.61,1987,11,"055319",74.2
150.59,-30.61,1987,12,"055319",78.4
150.59,-30.61,1988,1,"055319",123
150.59,-30.61,1988,2,"055319",54
150.59,-30.61,1988,3,"055319",19.6
150.59,-30.61,1988,4,"055319",235
150.59,-30.61,1988,5,"055319",46
150.59,-30.61,1988,6,"055319",27.8
150.59,-30.61,1988,7,"055319",61.4
150.59,-30.61,1988,8,"055319",49.8
150.59,-30.61,1988,9,"055319",82.6
150.59,-30.61,1988,10,"055319",17.6
150.59,-30.61,1988,11,"055319",93.6
150.59,-30.61,1988,12,"055319",92.8
150.59,-30.61,1989,1,"055319",70.4
150.59,-30.61,1989,2,"055319",6.8
150.59,-30.61,1989,3,"055319",64.8
150.59,-30.61,1989,4,"055319",98.8
150.59,-30.61,1989,5,"055319",50
150.59,-30.61,1989,6,"055319",90.4
150.59,-30.61,1989,7,"055319",50.4
150.59,-30.61,1989,8,"055319",13.6
150.59,-30.61,1989,9,"055319",4.8
150.59,-30.61,1989,10,"055319",17.8
150.59,-30.61,1989,11,"055319",87.8
150.59,-30.61,1989,12,"055319",56.2
150.59,-30.61,1990,1,"055319",19
150.59,-30.61,1990,2,"055319",83.6
150.59,-30.61,1990,3,"055319",12
150.59,-30.61,1990,4,"055319",123.8
150.59,-30.61,1990,5,"055319",78.4
150.59,-30.61,1990,6,"055319",39.4
150.59,-30.61,1990,7,"055319",88.6
150.59,-30.61,1990,8,"055319",37.6
150.59,-30.61,1990,9,"055319",35.4
150.59,-30.61,1990,10,"055319",50
150.59,-30.61,1990,11,"055319",26
150.59,-30.61,1990,12,"055319",97.8
150.59,-30.61,1991,1,"055319",119.2
150.59,-30.61,1991,2,"055319",66
150.59,-30.61,1991,3,"055319",78
150.59,-30.61,1991,4,"055319",0
150.59,-30.61,1991,5,"055319",112
150.59,-30.61,1991,6,"055319",60.2
150.59,-30.61,1991,7,"055319",54
150.59,-30.61,1991,8,"055319",2
150.59,-30.61,1991,9,"055319",17.2
150.59,-30.61,1991,10,"055319",20.6
150.59,-30.61,1991,11,"055319",73.6
150.59,-30.61,1991,12,"055319",122.8
150.59,-30.61,1992,1,"055319",41.6
150.59,-30.61,1992,2,"055319",129.3
150.59,-30.61,1992,3,"055319",5.2
150.59,-30.61,1992,4,"055319",49
150.59,-30.61,1992,5,"055319",31
150.59,-30.61,1992,6,"055319",15.8
150.59,-30.61,1992,7,"055319",44.2
150.59,-30.61,1992,8,"055319",43.4
150.59,-30.61,1992,9,"055319",23.3
150.59,-30.61,1992,10,"055319",62.4
150.59,-30.61,1992,11,"055319",88.8
150.59,-30.61,1992,12,"055319",72.6
150.59,-30.61,1993,1,"055319",130
150.59,-30.61,1993,2,"055319",52.2
150.59,-30.61,1993,3,"055319",27.8
150.59,-30.61,1993,4,"055319",0.2
150.59,-30.61,1993,5,"055319",47.2
150.59,-30.61,1993,6,"055319",74.6
150.59,-30.61,1993,7,"055319",86.8
150.59,-30.61,1993,8,"055319",40
150.59,-30.61,1993,9,"055319",54.2
150.59,-30.61,1993,10,"055319",100.6
150.59,-30.61,1993,11,"055319",47
150.59,-30.61,1993,12,"055319",103.2
150.59,-30.61,1994,1,"055319",92
150.59,-30.61,1994,2,"055319",76.2
150.59,-30.61,1994,3,"055319",70
150.59,-30.61,1994,4,"055319",7.8
150.59,-30.61,1994,5,"055319",11.4
150.59,-30.61,1994,6,"055319",13.4
150.59,-30.61,1994,7,"055319",29
150.59,-30.61,1994,8,"055319",29.5
150.59,-30.61,1994,9,"055319",4.4
150.59,-30.61,1994,10,"055319",18.4
150.59,-30.61,1994,11,"055319",88.2
150.59,-30.61,1994,12,"055319",111.9
150.59,-30.61,1995,1,"055319",124.8
150.59,-30.61,1995,2,"055319",49
150.59,-30.61,1995,3,"055319",5.6
150.59,-30.61,1995,4,"055319",4
150.59,-30.61,1995,5,"055319",65
150.59,-30.61,1995,6,"055319",46.4
150.59,-30.61,1995,7,"055319",22
150.59,-30.61,1995,8,"055319",0
150.59,-30.61,1995,9,"055319",66.4
150.59,-30.61,1995,10,"055319",43.8
150.59,-30.61,1995,11,"055319",166
150.59,-30.61,1995,12,"055319",118.4
150.59,-30.61,1996,1,"055319",160
150.59,-30.61,1996,2,"055319",44
150.59,-30.61,1996,3,"055319",7.6
150.59,-30.61,1996,4,"055319",6.8
150.59,-30.61,1996,5,"055319",85
150.59,-30.61,1996,6,"055319",47.4
150.59,-30.61,1996,7,"055319",63.8
150.59,-30.61,1996,8,"055319",68.6
150.59,-30.61,1996,9,"055319",72.4
150.59,-30.61,1996,10,"055319",44.4
150.59,-30.61,1996,11,"055319",113.4
150.59,-30.61,1996,12,"055319",187.6
150.59,-30.61,1997,1,"055319",85.6
150.59,-30.61,1997,2,"055319",213.8
150.59,-30.61,1997,3,"055319",16.8
150.59,-30.61,1997,4,"055319",0.8
150.59,-30.61,1997,5,"055319",59.2
150.59,-30.61,1997,6,"055319",14.4
150.59,-30.61,1997,7,"055319",9.6
150.59,-30.61,1997,8,"055319",8.8
150.59,-30.61,1997,9,"055319",75.4
150.59,-30.61,1997,10,"055319",80.4
150.59,-30.61,1997,11,"055319",62.4
150.59,-30.61,1997,12,"055319",NA
150.59,-30.61,1998,1,"055319",43.8
150.59,-30.61,1998,2,"055319",104.6
150.59,-30.61,1998,3,"055319",0.2
150.59,-30.61,1998,4,"055319",100.2
150.59,-30.61,1998,5,"055319",60.2
150.59,-30.61,1998,6,"055319",92.2
150.59,-30.61,1998,7,"055319",157.4
150.59,-30.61,1998,8,"055319",96.8
150.59,-30.61,1998,9,"055319",154.2
150.59,-30.61,1998,10,"055319",84.2
150.59,-30.61,1998,11,"055319",63.4
150.59,-30.61,1998,12,"055319",19.8
150.59,-30.61,1999,1,"055319",54.1
150.59,-30.61,1999,2,"055319",13.8
150.59,-30.61,1999,3,"055319",NA
150.59,-30.61,1999,4,"055319",75.8
150.59,-30.61,1999,5,"055319",8
150.59,-30.61,1999,6,"055319",44.5
150.59,-30.61,1999,7,"055319",37.3
150.59,-30.61,1999,8,"055319",63
150.59,-30.61,1999,9,"055319",32
150.59,-30.61,1999,10,"055319",125
150.59,-30.61,1999,11,"055319",105.5
150.59,-30.61,1999,12,"055319",75.5
150.59,-30.61,2000,1,"055319",26
150.59,-30.61,2000,2,"055319",43.5
150.59,-30.61,2000,3,"055319",110.5
150.59,-30.61,2000,4,"055319",18.5
150.59,-30.61,2000,5,"055319",20
150.59,-30.61,2000,6,"055319",5
150.59,-30.61,2000,7,"055319",60
150.59,-30.61,2000,8,"055319",37
150.59,-30.61,2000,9,"055319",10
150.59,-30.61,2000,10,"055319",93
150.59,-30.61,2000,11,"055319",146.5
150.59,-30.61,2000,12,"055319",56
150.59,-30.61,2001,1,"055319",50
150.59,-30.61,2001,2,"055319",92
150.59,-30.61,2001,3,"055319",NA
150.59,-30.61,2001,4,"055319",41
150.59,-30.61,2001,5,"055319",41
150.59,-30.61,2001,6,"055319",16.5
150.59,-30.61,2001,7,"055319",85
150.59,-30.61,2001,8,"055319",16
150.59,-30.61,2001,9,"055319",17
150.59,-30.61,2001,10,"055319",42.5
150.59,-30.61,2001,11,"055319",154
150.59,-30.61,2001,12,"055319",NA
150.59,-30.61,2002,1,"055319",55.5
150.59,-30.61,2002,2,"055319",80.5
150.59,-30.61,2002,3,"055319",56
150.59,-30.61,2002,4,"055319",0
150.59,-30.61,2002,5,"055319",6
150.59,-30.61,2002,6,"055319",21.5
150.59,-30.61,2002,7,"055319",1
150.59,-30.61,2002,8,"055319",16
150.59,-30.61,2002,9,"055319",24.8
150.59,-30.61,2002,10,"055319",18.1
150.59,-30.61,2002,11,"055319",45
150.59,-30.61,2002,12,"055319",63
150.59,-30.61,2003,1,"055319",13
150.59,-30.61,2003,2,"055319",120.6
150.59,-30.61,2003,3,"055319",60.6
150.59,-30.61,2003,4,"055319",104.4
150.59,-30.61,2003,5,"055319",4
150.59,-30.61,2003,6,"055319",41.8
150.59,-30.61,2003,7,"055319",43.4
150.59,-30.61,2003,8,"055319",44.6
150.59,-30.61,2003,9,"055319",4.4
150.59,-30.61,2003,10,"055319",57.2
150.59,-30.61,2003,11,"055319",29.6
150.59,-30.61,2003,12,"055319",61.6
150.59,-30.61,2004,1,"055319",207.4
150.59,-30.61,2004,2,"055319",47.2
150.59,-30.61,2004,3,"055319",54
150.59,-30.61,2004,4,"055319",NA
150.59,-30.61,2004,5,"055319",19
150.59,-30.61,2004,6,"055319",21.4
150.59,-30.61,2004,7,"055319",52.6
150.59,-30.61,2004,8,"055319",44.6
150.59,-30.61,2004,9,"055319",53.6
150.59,-30.61,2004,10,"055319",55.6
150.59,-30.61,2004,11,"055319",NA
150.59,-30.61,2004,12,"055319",171
150.59,-30.61,2005,1,"055319",96.2
150.59,-30.61,2005,2,"055319",36
150.59,-30.61,2005,3,"055319",17.8
150.59,-30.61,2005,4,"055319",0.8
150.59,-30.61,2005,5,"055319",24.8
150.59,-30.61,2005,6,"055319",132.6
150.59,-30.61,2005,7,"055319",20.4
150.59,-30.61,2005,8,"055319",26
150.59,-30.61,2005,9,"055319",113
150.59,-30.61,2005,10,"055319",65.4
150.59,-30.61,2005,11,"055319",151.8
150.59,-30.61,2005,12,"055319",74.2
150.59,-30.61,2006,1,"055319",108.8
150.59,-30.61,2006,2,"055319",NA
150.59,-30.61,2006,3,"055319",53.6
150.59,-30.61,2006,4,"055319",38.6
150.59,-30.61,2006,5,"055319",0
150.59,-30.61,2006,6,"055319",53
150.59,-30.61,2006,7,"055319",42.2
150.59,-30.61,2006,8,"055319",22
150.59,-30.61,2006,9,"055319",44.6
150.59,-30.61,2006,10,"055319",22.6
150.59,-30.61,2006,11,"055319",70.6
150.59,-30.61,2006,12,"055319",45.4
150.59,-30.61,2007,1,"055319",83
150.59,-30.61,2007,2,"055319",129.6
150.59,-30.61,2007,3,"055319",86.2
150.59,-30.61,2007,4,"055319",34
150.59,-30.61,2007,5,"055319",25.9
150.59,-30.61,2007,6,"055319",54.6
150.59,-30.61,2007,7,"055319",14.4
150.59,-30.61,2007,8,"055319",65.2
150.59,-30.61,2007,9,"055319",2.6
150.59,-30.61,2007,10,"055319",48.8
150.59,-30.61,2007,11,"055319",36.6
150.59,-30.61,2007,12,"055319",259.2
150.59,-30.61,2008,1,"055319",159.6
150.59,-30.61,2008,2,"055319",125.6
150.59,-30.61,2008,3,"055319",38
150.59,-30.61,2008,4,"055319",27.6
150.59,-30.61,2008,5,"055319",26.6
150.59,-30.61,2008,6,"055319",84.8
150.59,-30.61,2008,7,"055319",44.2
150.59,-30.61,2008,8,"055319",39.8
150.59,-30.61,2008,9,"055319",85.2
150.59,-30.61,2008,10,"055319",57.4
150.59,-30.61,2008,11,"055319",101.8
150.59,-30.61,2008,12,"055319",88
150.59,-30.61,2009,1,"055319",59.6
150.59,-30.61,2009,2,"055319",140.8
150.59,-30.61,2009,3,"055319",6.6
150.59,-30.61,2009,4,"055319",56.2
150.59,-30.61,2009,5,"055319",30.6
150.59,-30.61,2009,6,"055319",44.8
150.59,-30.61,2009,7,"055319",25.8
150.59,-30.61,2009,8,"055319",13.8
150.59,-30.61,2009,9,"055319",31.4
150.59,-30.61,2009,10,"055319",51.8
150.59,-30.61,2009,11,"055319",25.2
150.59,-30.61,2009,12,"055319",54.8
150.59,-30.61,2010,1,"055319",96
150.59,-30.61,2010,2,"055319",94.4
150.59,-30.61,2010,3,"055319",59
150.59,-30.61,2010,4,"055319",9.4
150.59,-30.61,2010,5,"055319",31.6
150.59,-30.61,2010,6,"055319",33
150.59,-30.61,2010,7,"055319",86.6
150.59,-30.61,2010,8,"055319",47.4
150.59,-30.61,2010,9,"055319",69.4
150.59,-30.61,2010,10,"055319",121
150.59,-30.61,2010,11,"055319",118.4
150.59,-30.61,2010,12,"055319",137.4
150.59,-30.61,2011,1,"055319",65.6
150.59,-30.61,2011,2,"055319",93.4
150.59,-30.61,2011,3,"055319",82.8
150.59,-30.61,2011,4,"055319",23.8
150.59,-30.61,2011,5,"055319",55
150.59,-30.61,2011,6,"055319",35.4
150.59,-30.61,2011,7,"055319",7.4
150.59,-30.61,2011,8,"055319",39.2
150.59,-30.61,2011,9,"055319",100.4
150.59,-30.61,2011,10,"055319",79.6
150.59,-30.61,2011,11,"055319",243.2
150.59,-30.61,2011,12,"055319",93.6
150.59,-30.61,2012,1,"055319",88.6
150.59,-30.61,2012,2,"055319",228.4
150.59,-30.61,2012,3,"055319",21
150.59,-30.61,2012,4,"055319",48.8
150.59,-30.61,2012,5,"055319",16.2
150.59,-30.61,2012,6,"055319",48.2
150.59,-30.61,2012,7,"055319",73
150.59,-30.61,2012,8,"055319",17
150.59,-30.61,2012,9,"055319",19.8
150.59,-30.61,2012,10,"055319",16
150.59,-30.61,2012,11,"055319",41.8
150.59,-30.61,2012,12,"055319",49
150.59,-30.61,2013,1,"055319",130.6
150.59,-30.61,2013,2,"055319",58.8
150.59,-30.61,2013,3,"055319",95.2
150.59,-30.61,2013,4,"055319",0.8
150.59,-30.61,2013,5,"055319",15.8
150.59,-30.61,2013,6,"055319",124.2
150.59,-30.61,2013,7,"055319",31.6
150.59,-30.61,2013,8,"055319",4.4
150.59,-30.61,2013,9,"055319",19.2
150.59,-30.61,2013,10,"055319",21
150.59,-30.61,2013,11,"055319",79.4
150.59,-30.61,2013,12,"055319",38
150.59,-30.61,2014,1,"055319",16.6
150.59,-30.61,2014,2,"055319",38.8
150.59,-30.61,2014,3,"055319",149.2
150.59,-30.61,2014,4,"055319",17.6
150.59,-30.61,2014,5,"055319",23.2
150.59,-30.61,2014,6,"055319",47
150.59,-30.61,2014,7,"055319",11.4
150.59,-30.61,2014,8,"055319",61.4
150.59,-30.61,2014,9,"055319",10
150.59,-30.61,2014,10,"055319",27.2
150.59,-30.61,2014,11,"055319",42.6
150.59,-30.61,2014,12,"055319",110
150.59,-30.61,2015,1,"055319",92.6
150.59,-30.61,2015,2,"055319",16.2
150.59,-30.61,2015,3,"055319",34.6
150.59,-30.61,2015,4,"055319",118.4
150.59,-30.61,2015,5,"055319",33
150.59,-30.61,2015,6,"055319",76.8
150.59,-30.61,2015,7,"055319",30.8
150.59,-30.61,2015,8,"055319",45.2
150.59,-30.61,2015,9,"055319",20.8
150.59,-30.61,2015,10,"055319",39.4
150.59,-30.61,2015,11,"055319",65.4
150.59,-30.61,2015,12,"055319",62.2
150.59,-30.61,2016,1,"055319",97
150.59,-30.61,2016,2,"055319",47.6
150.59,-30.61,2016,3,"055319",14
150.59,-30.61,2016,4,"055319",4.2
150.59,-30.61,2016,5,"055319",46.2
150.59,-30.61,2016,6,"055319",136.2
150.59,-30.61,2016,7,"055319",46.4
150.59,-30.61,2016,8,"055319",92.8
150.59,-30.61,2016,9,"055319",139.2
150.59,-30.61,2016,10,"055319",56.6
150.59,-30.61,2016,11,"055319",15.4
150.59,-30.61,2016,12,"055319",92.8
150.59,-30.61,2017,1,"055319",83
150.59,-30.61,2017,2,"055319",15.8
150.59,-30.61,2017,3,"055319",153.6
150.59,-30.61,2017,4,"055319",18.2
150.59,-30.61,2017,5,"055319",57.2
150.59,-30.61,2017,6,"055319",71.2
150.59,-30.61,2017,7,"055319",12.8
150.59,-30.61,2017,8,"055319",17.8
150.59,-30.61,2017,9,"055319",6
150.59,-30.61,2017,10,"055319",111
150.59,-30.61,2017,11,"055319",77.2
150.59,-30.61,2017,12,"055319",82.2
150.59,-30.61,2018,1,"055319",67.2
150.59,-30.61,2018,2,"055319",67.4
150.59,-30.61,2018,3,"055319",28.8
150.59,-30.61,2018,4,"055319",11.8
150.59,-30.61,2018,5,"055319",2
150.59,-30.61,2018,6,"055319",5.6
150.59,-30.61,2018,7,"055319",15
150.59,-30.61,2018,8,"055319",30
150.59,-30.61,2018,9,"055319",28.6
150.59,-30.61,2018,10,"055319",62
150.59,-30.61,2018,11,"055319",76.8
150.59,-30.61,2018,12,"055319",72
150.59,-30.61,2019,1,"055319",48.2
150.59,-30.61,2019,2,"055319",4.4
150.59,-30.61,2019,3,"055319",71.6
150.59,-30.61,2019,4,"055319",5.2
150.59,-30.61,2019,5,"055319",42.8
150.59,-30.61,2019,6,"055319",11
150.59,-30.61,2019,7,"055319",13
150.59,-30.61,2019,8,"055319",4.6
150.59,-30.61,2019,9,"055319",1
150.59,-30.61,2019,10,"055319",24
150.59,-30.61,2019,11,"055319",41.8
150.59,-30.61,2019,12,"055319",10.8
150.59,-30.61,2020,1,"055319",70.6
150.59,-30.61,2020,2,"055319",218.4
150.59,-30.61,2020,3,"055319",71.6
150.59,-30.61,2020,4,"055319",30.6
150.59,-30.61,2020,5,"055319",43.8
150.59,-30.61,2020,6,"055319",32
150.59,-30.61,2020,7,"055319",35.8
150.59,-30.61,2020,8,"055319",43.6
150.59,-30.61,2020,9,"055319",32.6
150.59,-30.61,2020,10,"055319",108.4
150.59,-30.61,2020,11,"055319",4.2
150.59,-30.61,2020,12,"055319",295.8
150.59,-30.61,2021,1,"055319",41.6
150.59,-30.61,2021,2,"055319",152
150.59,-30.61,2021,3,"055319",125.2
150.59,-30.61,2021,4,"055319",22.2
150.59,-30.61,2021,5,"055319",21.2
150.59,-30.61,2021,6,"055319",67.8
150.59,-30.61,2021,7,"055319",64.2
150.59,-30.61,2021,8,"055319",45
150.59,-30.61,2021,9,"055319",37.6
150.59,-30.61,2021,10,"055319",59.2
150.59,-30.61,2021,11,"055319",248
150.59,-30.61,2021,12,"055319",143.8
150.59,-30.61,2022,1,"055319",52.4
150.59,-30.61,2022,2,"055319",104.8
150.59,-30.61,2022,3,"055319",NA
150.59,-30.61,2022,4,"055319",NA
150.59,-30.61,2022,5,"055319",NA
150.59,-30.61,2022,6,"055319",NA
150.59,-30.61,2022,7,"055319",NA
150.59,-30.61,2022,8,"055319",NA
150.59,-30.61,2022,9,"055319",NA
150.59,-30.61,2022,10,"055319",NA
150.59,-30.61,2022,11,"055319",NA
150.59,-30.61,2022,12,"055319",NA
