"Lon","Lat","Year","Month","Station","Rain"
146,-21.85,1972,1,"036095",NA
146,-21.85,1972,2,"036095",NA
146,-21.85,1972,3,"036095",NA
146,-21.85,1972,4,"036095",0
146,-21.85,1972,5,"036095",35.6
146,-21.85,1972,6,"036095",2.3
146,-21.85,1972,7,"036095",0
146,-21.85,1972,8,"036095",0
146,-21.85,1972,9,"036095",0
146,-21.85,1972,10,"036095",10.1
146,-21.85,1972,11,"036095",77.8
146,-21.85,1972,12,"036095",33
146,-21.85,1973,1,"036095",70.8
146,-21.85,1973,2,"036095",248.9
146,-21.85,1973,3,"036095",94
146,-21.85,1973,4,"036095",1.8
146,-21.85,1973,5,"036095",10.2
146,-21.85,1973,6,"036095",3.3
146,-21.85,1973,7,"036095",1
146,-21.85,1973,8,"036095",0
146,-21.85,1973,9,"036095",59.5
146,-21.85,1973,10,"036095",21.8
146,-21.85,1973,11,"036095",40.7
146,-21.85,1973,12,"036095",135.6
146,-21.85,1974,1,"036095",644
146,-21.85,1974,2,"036095",59.6
146,-21.85,1974,3,"036095",63.6
146,-21.85,1974,4,"036095",55.5
146,-21.85,1974,5,"036095",50
146,-21.85,1974,6,"036095",0
146,-21.85,1974,7,"036095",0
146,-21.85,1974,8,"036095",33.8
146,-21.85,1974,9,"036095",0
146,-21.85,1974,10,"036095",14.2
146,-21.85,1974,11,"036095",44.4
146,-21.85,1974,12,"036095",109.6
146,-21.85,1975,1,"036095",184.1
146,-21.85,1975,2,"036095",101.6
146,-21.85,1975,3,"036095",52.6
146,-21.85,1975,4,"036095",41.8
146,-21.85,1975,5,"036095",4.8
146,-21.85,1975,6,"036095",29.4
146,-21.85,1975,7,"036095",1.6
146,-21.85,1975,8,"036095",0
146,-21.85,1975,9,"036095",0
146,-21.85,1975,10,"036095",102.4
146,-21.85,1975,11,"036095",26.7
146,-21.85,1975,12,"036095",312
146,-21.85,1976,1,"036095",110
146,-21.85,1976,2,"036095",147
146,-21.85,1976,3,"036095",35.8
146,-21.85,1976,4,"036095",14.2
146,-21.85,1976,5,"036095",0
146,-21.85,1976,6,"036095",0
146,-21.85,1976,7,"036095",2.2
146,-21.85,1976,8,"036095",0
146,-21.85,1976,9,"036095",7.4
146,-21.85,1976,10,"036095",16
146,-21.85,1976,11,"036095",43.8
146,-21.85,1976,12,"036095",96.6
146,-21.85,1977,1,"036095",22.4
146,-21.85,1977,2,"036095",148.8
146,-21.85,1977,3,"036095",128.8
146,-21.85,1977,4,"036095",19.6
146,-21.85,1977,5,"036095",180
146,-21.85,1977,6,"036095",0
146,-21.85,1977,7,"036095",0
146,-21.85,1977,8,"036095",0
146,-21.85,1977,9,"036095",0
146,-21.85,1977,10,"036095",0
146,-21.85,1977,11,"036095",1.6
146,-21.85,1977,12,"036095",57.2
146,-21.85,1978,1,"036095",76
146,-21.85,1978,2,"036095",62.8
146,-21.85,1978,3,"036095",0
146,-21.85,1978,4,"036095",22
146,-21.85,1978,5,"036095",24.2
146,-21.85,1978,6,"036095",34.4
146,-21.85,1978,7,"036095",89
146,-21.85,1978,8,"036095",16.4
146,-21.85,1978,9,"036095",73.6
146,-21.85,1978,10,"036095",4
146,-21.85,1978,11,"036095",60.8
146,-21.85,1978,12,"036095",179.8
146,-21.85,1979,1,"036095",17.6
146,-21.85,1979,2,"036095",93.6
146,-21.85,1979,3,"036095",311.2
146,-21.85,1979,4,"036095",8.6
146,-21.85,1979,5,"036095",0
146,-21.85,1979,6,"036095",11.4
146,-21.85,1979,7,"036095",0
146,-21.85,1979,8,"036095",0
146,-21.85,1979,9,"036095",2.6
146,-21.85,1979,10,"036095",13.6
146,-21.85,1979,11,"036095",44.6
146,-21.85,1979,12,"036095",16
146,-21.85,1980,1,"036095",101
146,-21.85,1980,2,"036095",33.2
146,-21.85,1980,3,"036095",115.6
146,-21.85,1980,4,"036095",9.6
146,-21.85,1980,5,"036095",13.4
146,-21.85,1980,6,"036095",0
146,-21.85,1980,7,"036095",2.6
146,-21.85,1980,8,"036095",8.8
146,-21.85,1980,9,"036095",0
146,-21.85,1980,10,"036095",7
146,-21.85,1980,11,"036095",7.6
146,-21.85,1980,12,"036095",32
146,-21.85,1981,1,"036095",179
146,-21.85,1981,2,"036095",178.4
146,-21.85,1981,3,"036095",48.8
146,-21.85,1981,4,"036095",27.8
146,-21.85,1981,5,"036095",78
146,-21.85,1981,6,"036095",14.8
146,-21.85,1981,7,"036095",37
146,-21.85,1981,8,"036095",42.2
146,-21.85,1981,9,"036095",0
146,-21.85,1981,10,"036095",12.6
146,-21.85,1981,11,"036095",97.7
146,-21.85,1981,12,"036095",39
146,-21.85,1982,1,"036095",161.6
146,-21.85,1982,2,"036095",63.2
146,-21.85,1982,3,"036095",61
146,-21.85,1982,4,"036095",6
146,-21.85,1982,5,"036095",0
146,-21.85,1982,6,"036095",0
146,-21.85,1982,7,"036095",5.8
146,-21.85,1982,8,"036095",0
146,-21.85,1982,9,"036095",2.6
146,-21.85,1982,10,"036095",0
146,-21.85,1982,11,"036095",1.2
146,-21.85,1982,12,"036095",41.6
146,-21.85,1983,1,"036095",178.6
146,-21.85,1983,2,"036095",43
146,-21.85,1983,3,"036095",12.6
146,-21.85,1983,4,"036095",168.4
146,-21.85,1983,5,"036095",99.2
146,-21.85,1983,6,"036095",50.4
146,-21.85,1983,7,"036095",4.4
146,-21.85,1983,8,"036095",6.6
146,-21.85,1983,9,"036095",7.4
146,-21.85,1983,10,"036095",11.8
146,-21.85,1983,11,"036095",173.8
146,-21.85,1983,12,"036095",10.2
146,-21.85,1984,1,"036095",206.6
146,-21.85,1984,2,"036095",46.2
146,-21.85,1984,3,"036095",12.4
146,-21.85,1984,4,"036095",53.6
146,-21.85,1984,5,"036095",0
146,-21.85,1984,6,"036095",0
146,-21.85,1984,7,"036095",150
146,-21.85,1984,8,"036095",7.6
146,-21.85,1984,9,"036095",12
146,-21.85,1984,10,"036095",34
146,-21.85,1984,11,"036095",37.2
146,-21.85,1984,12,"036095",69.8
146,-21.85,1985,1,"036095",14.8
146,-21.85,1985,2,"036095",54.6
146,-21.85,1985,3,"036095",25.6
146,-21.85,1985,4,"036095",22
146,-21.85,1985,5,"036095",26.2
146,-21.85,1985,6,"036095",97.4
146,-21.85,1985,7,"036095",43.2
146,-21.85,1985,8,"036095",8
146,-21.85,1985,9,"036095",0
146,-21.85,1985,10,"036095",97.8
146,-21.85,1985,11,"036095",179.6
146,-21.85,1985,12,"036095",29.4
146,-21.85,1986,1,"036095",7.6
146,-21.85,1986,2,"036095",77.6
146,-21.85,1986,3,"036095",0
146,-21.85,1986,4,"036095",3.4
146,-21.85,1986,5,"036095",83.2
146,-21.85,1986,6,"036095",47.8
146,-21.85,1986,7,"036095",13.6
146,-21.85,1986,8,"036095",14.4
146,-21.85,1986,9,"036095",4
146,-21.85,1986,10,"036095",96
146,-21.85,1986,11,"036095",54.6
146,-21.85,1986,12,"036095",17.5
146,-21.85,1987,1,"036095",219
146,-21.85,1987,2,"036095",13.6
146,-21.85,1987,3,"036095",69.1
146,-21.85,1987,4,"036095",23
146,-21.85,1987,5,"036095",17
146,-21.85,1987,6,"036095",46.4
146,-21.85,1987,7,"036095",1.2
146,-21.85,1987,8,"036095",2.2
146,-21.85,1987,9,"036095",19
146,-21.85,1987,10,"036095",50.4
146,-21.85,1987,11,"036095",179.6
146,-21.85,1987,12,"036095",42.4
146,-21.85,1988,1,"036095",0
146,-21.85,1988,2,"036095",69.8
146,-21.85,1988,3,"036095",50.6
146,-21.85,1988,4,"036095",55.8
146,-21.85,1988,5,"036095",28.4
146,-21.85,1988,6,"036095",23.8
146,-21.85,1988,7,"036095",50.6
146,-21.85,1988,8,"036095",82.4
146,-21.85,1988,9,"036095",0
146,-21.85,1988,10,"036095",2
146,-21.85,1988,11,"036095",12.6
146,-21.85,1988,12,"036095",21.6
146,-21.85,1989,1,"036095",85
146,-21.85,1989,2,"036095",71.4
146,-21.85,1989,3,"036095",90.8
146,-21.85,1989,4,"036095",182.8
146,-21.85,1989,5,"036095",98.6
146,-21.85,1989,6,"036095",6.4
146,-21.85,1989,7,"036095",58.2
146,-21.85,1989,8,"036095",0
146,-21.85,1989,9,"036095",0
146,-21.85,1989,10,"036095",13.6
146,-21.85,1989,11,"036095",99.2
146,-21.85,1989,12,"036095",6.6
146,-21.85,1990,1,"036095",0
146,-21.85,1990,2,"036095",9.8
146,-21.85,1990,3,"036095",183.6
146,-21.85,1990,4,"036095",192.9
146,-21.85,1990,5,"036095",30.4
146,-21.85,1990,6,"036095",97
146,-21.85,1990,7,"036095",0
146,-21.85,1990,8,"036095",0
146,-21.85,1990,9,"036095",1.2
146,-21.85,1990,10,"036095",13
146,-21.85,1990,11,"036095",3.6
146,-21.85,1990,12,"036095",102.6
146,-21.85,1991,1,"036095",200.8
146,-21.85,1991,2,"036095",200.8
146,-21.85,1991,3,"036095",6.8
146,-21.85,1991,4,"036095",0
146,-21.85,1991,5,"036095",16.4
146,-21.85,1991,6,"036095",1
146,-21.85,1991,7,"036095",19.4
146,-21.85,1991,8,"036095",0
146,-21.85,1991,9,"036095",0
146,-21.85,1991,10,"036095",11
146,-21.85,1991,11,"036095",24
146,-21.85,1991,12,"036095",55.2
146,-21.85,1992,1,"036095",91.4
146,-21.85,1992,2,"036095",89.6
146,-21.85,1992,3,"036095",0
146,-21.85,1992,4,"036095",0.8
146,-21.85,1992,5,"036095",47.2
146,-21.85,1992,6,"036095",0
146,-21.85,1992,7,"036095",0
146,-21.85,1992,8,"036095",5.2
146,-21.85,1992,9,"036095",6.8
146,-21.85,1992,10,"036095",0.6
146,-21.85,1992,11,"036095",64.2
146,-21.85,1992,12,"036095",110.4
146,-21.85,1993,1,"036095",32.1
146,-21.85,1993,2,"036095",26.2
146,-21.85,1993,3,"036095",6
146,-21.85,1993,4,"036095",0
146,-21.85,1993,5,"036095",4
146,-21.85,1993,6,"036095",0.8
146,-21.85,1993,7,"036095",19.4
146,-21.85,1993,8,"036095",83
146,-21.85,1993,9,"036095",11.8
146,-21.85,1993,10,"036095",18.4
146,-21.85,1993,11,"036095",110.8
146,-21.85,1993,12,"036095",12.2
146,-21.85,1994,1,"036095",3.8
146,-21.85,1994,2,"036095",68.4
146,-21.85,1994,3,"036095",145.4
146,-21.85,1994,4,"036095",0
146,-21.85,1994,5,"036095",2.6
146,-21.85,1994,6,"036095",6.6
146,-21.85,1994,7,"036095",0
146,-21.85,1994,8,"036095",0
146,-21.85,1994,9,"036095",0
146,-21.85,1994,10,"036095",22.5
146,-21.85,1994,11,"036095",12.4
146,-21.85,1994,12,"036095",25.4
146,-21.85,1995,1,"036095",145.2
146,-21.85,1995,2,"036095",164
146,-21.85,1995,3,"036095",5.2
146,-21.85,1995,4,"036095",4.6
146,-21.85,1995,5,"036095",2
146,-21.85,1995,6,"036095",0
146,-21.85,1995,7,"036095",0
146,-21.85,1995,8,"036095",53
146,-21.85,1995,9,"036095",8.6
146,-21.85,1995,10,"036095",62.7
146,-21.85,1995,11,"036095",23
146,-21.85,1995,12,"036095",29.2
146,-21.85,1996,1,"036095",110.4
146,-21.85,1996,2,"036095",5
146,-21.85,1996,3,"036095",5.4
146,-21.85,1996,4,"036095",27.8
146,-21.85,1996,5,"036095",11
146,-21.85,1996,6,"036095",41.4
146,-21.85,1996,7,"036095",7.8
146,-21.85,1996,8,"036095",24.6
146,-21.85,1996,9,"036095",0
146,-21.85,1996,10,"036095",29.6
146,-21.85,1996,11,"036095",9.4
146,-21.85,1996,12,"036095",71
146,-21.85,1997,1,"036095",155.6
146,-21.85,1997,2,"036095",232.6
146,-21.85,1997,3,"036095",82.8
146,-21.85,1997,4,"036095",8.2
146,-21.85,1997,5,"036095",38.4
146,-21.85,1997,6,"036095",1.4
146,-21.85,1997,7,"036095",0
146,-21.85,1997,8,"036095",1
146,-21.85,1997,9,"036095",15.2
146,-21.85,1997,10,"036095",6.2
146,-21.85,1997,11,"036095",30.4
146,-21.85,1997,12,"036095",128.8
146,-21.85,1998,1,"036095",108.6
146,-21.85,1998,2,"036095",84.8
146,-21.85,1998,3,"036095",10.2
146,-21.85,1998,4,"036095",59.4
146,-21.85,1998,5,"036095",44.2
146,-21.85,1998,6,"036095",37
146,-21.85,1998,7,"036095",0
146,-21.85,1998,8,"036095",80.2
146,-21.85,1998,9,"036095",8.4
146,-21.85,1998,10,"036095",89.2
146,-21.85,1998,11,"036095",142.2
146,-21.85,1998,12,"036095",53.2
146,-21.85,1999,1,"036095",113.4
146,-21.85,1999,2,"036095",55.6
146,-21.85,1999,3,"036095",81.2
146,-21.85,1999,4,"036095",22.8
146,-21.85,1999,5,"036095",6.2
146,-21.85,1999,6,"036095",19.2
146,-21.85,1999,7,"036095",0
146,-21.85,1999,8,"036095",0
146,-21.85,1999,9,"036095",0
146,-21.85,1999,10,"036095",NA
146,-21.85,1999,11,"036095",176.4
146,-21.85,1999,12,"036095",23
146,-21.85,2000,1,"036095",90
146,-21.85,2000,2,"036095",194.6
146,-21.85,2000,3,"036095",10.2
146,-21.85,2000,4,"036095",99
146,-21.85,2000,5,"036095",24.8
146,-21.85,2000,6,"036095",54.8
146,-21.85,2000,7,"036095",5.8
146,-21.85,2000,8,"036095",0
146,-21.85,2000,9,"036095",0
146,-21.85,2000,10,"036095",40.8
146,-21.85,2000,11,"036095",80.6
146,-21.85,2000,12,"036095",159.8
146,-21.85,2001,1,"036095",14.2
146,-21.85,2001,2,"036095",29.2
146,-21.85,2001,3,"036095",78
146,-21.85,2001,4,"036095",0
146,-21.85,2001,5,"036095",0
146,-21.85,2001,6,"036095",0
146,-21.85,2001,7,"036095",42.4
146,-21.85,2001,8,"036095",0
146,-21.85,2001,9,"036095",0
146,-21.85,2001,10,"036095",46.2
146,-21.85,2001,11,"036095",166
146,-21.85,2001,12,"036095",25.8
146,-21.85,2002,1,"036095",58.6
146,-21.85,2002,2,"036095",63.2
146,-21.85,2002,3,"036095",5
146,-21.85,2002,4,"036095",0
146,-21.85,2002,5,"036095",0
146,-21.85,2002,6,"036095",0
146,-21.85,2002,7,"036095",0
146,-21.85,2002,8,"036095",NA
146,-21.85,2002,9,"036095",0
146,-21.85,2002,10,"036095",0
146,-21.85,2002,11,"036095",0
146,-21.85,2002,12,"036095",21
146,-21.85,2003,1,"036095",15.5
146,-21.85,2003,2,"036095",NA
146,-21.85,2003,3,"036095",37
146,-21.85,2003,4,"036095",NA
146,-21.85,2003,5,"036095",0
146,-21.85,2003,6,"036095",0
146,-21.85,2003,7,"036095",0
146,-21.85,2003,8,"036095",34
146,-21.85,2003,9,"036095",0
146,-21.85,2003,10,"036095",21.6
146,-21.85,2003,11,"036095",7.1
146,-21.85,2003,12,"036095",79.2
