"Lon","Lat","Year","Month","Station","Rain"
133.7,-14.28,1967,1,"014605",NA
133.7,-14.28,1967,2,"014605",NA
133.7,-14.28,1967,3,"014605",NA
133.7,-14.28,1967,4,"014605",NA
133.7,-14.28,1967,5,"014605",NA
133.7,-14.28,1967,6,"014605",NA
133.7,-14.28,1967,7,"014605",NA
133.7,-14.28,1967,8,"014605",NA
133.7,-14.28,1967,9,"014605",NA
133.7,-14.28,1967,10,"014605",NA
133.7,-14.28,1967,11,"014605",NA
133.7,-14.28,1967,12,"014605",119.3
133.7,-14.28,1968,1,"014605",297.7
133.7,-14.28,1968,2,"014605",262
133.7,-14.28,1968,3,"014605",120.9
133.7,-14.28,1968,4,"014605",NA
133.7,-14.28,1968,5,"014605",NA
133.7,-14.28,1968,6,"014605",NA
133.7,-14.28,1968,7,"014605",NA
133.7,-14.28,1968,8,"014605",NA
133.7,-14.28,1968,9,"014605",NA
133.7,-14.28,1968,10,"014605",NA
133.7,-14.28,1968,11,"014605",NA
133.7,-14.28,1968,12,"014605",NA
133.7,-14.28,1970,1,"014605",NA
133.7,-14.28,1970,2,"014605",NA
133.7,-14.28,1970,3,"014605",NA
133.7,-14.28,1970,4,"014605",NA
133.7,-14.28,1970,5,"014605",NA
133.7,-14.28,1970,6,"014605",NA
133.7,-14.28,1970,7,"014605",NA
133.7,-14.28,1970,8,"014605",NA
133.7,-14.28,1970,9,"014605",NA
133.7,-14.28,1970,10,"014605",85.1
133.7,-14.28,1970,11,"014605",155.5
133.7,-14.28,1970,12,"014605",125
133.7,-14.28,1971,1,"014605",122
133.7,-14.28,1971,2,"014605",132
133.7,-14.28,1971,3,"014605",121.1
133.7,-14.28,1971,4,"014605",143.1
133.7,-14.28,1971,5,"014605",0
133.7,-14.28,1971,6,"014605",0
133.7,-14.28,1971,7,"014605",0
133.7,-14.28,1971,8,"014605",NA
133.7,-14.28,1971,9,"014605",NA
133.7,-14.28,1971,10,"014605",20.8
133.7,-14.28,1971,11,"014605",109.8
133.7,-14.28,1971,12,"014605",131.4
133.7,-14.28,1972,1,"014605",122.7
133.7,-14.28,1972,2,"014605",273.7
133.7,-14.28,1972,3,"014605",133.6
133.7,-14.28,1972,4,"014605",NA
133.7,-14.28,1972,5,"014605",NA
133.7,-14.28,1972,6,"014605",NA
133.7,-14.28,1972,7,"014605",NA
133.7,-14.28,1972,8,"014605",NA
133.7,-14.28,1972,9,"014605",NA
133.7,-14.28,1972,10,"014605",NA
133.7,-14.28,1972,11,"014605",113.2
133.7,-14.28,1972,12,"014605",89.2
133.7,-14.28,1973,1,"014605",207.2
133.7,-14.28,1973,2,"014605",179.8
133.7,-14.28,1973,3,"014605",0
133.7,-14.28,1973,4,"014605",NA
133.7,-14.28,1973,5,"014605",NA
133.7,-14.28,1973,6,"014605",NA
133.7,-14.28,1973,7,"014605",NA
133.7,-14.28,1973,8,"014605",NA
133.7,-14.28,1973,9,"014605",NA
133.7,-14.28,1973,10,"014605",NA
133.7,-14.28,1973,11,"014605",NA
133.7,-14.28,1973,12,"014605",NA
133.7,-14.28,1974,1,"014605",233.4
133.7,-14.28,1974,2,"014605",37.5
133.7,-14.28,1974,3,"014605",37.3
133.7,-14.28,1974,4,"014605",NA
133.7,-14.28,1974,5,"014605",NA
133.7,-14.28,1974,6,"014605",NA
133.7,-14.28,1974,7,"014605",NA
133.7,-14.28,1974,8,"014605",NA
133.7,-14.28,1974,9,"014605",NA
133.7,-14.28,1974,10,"014605",198.9
133.7,-14.28,1974,11,"014605",22.4
133.7,-14.28,1974,12,"014605",100.2
133.7,-14.28,1975,1,"014605",278.7
133.7,-14.28,1975,2,"014605",209.1
133.7,-14.28,1975,3,"014605",NA
133.7,-14.28,1975,4,"014605",NA
133.7,-14.28,1975,5,"014605",NA
133.7,-14.28,1975,6,"014605",NA
133.7,-14.28,1975,7,"014605",NA
133.7,-14.28,1975,8,"014605",NA
133.7,-14.28,1975,9,"014605",NA
133.7,-14.28,1975,10,"014605",NA
133.7,-14.28,1975,11,"014605",NA
133.7,-14.28,1975,12,"014605",NA
133.7,-14.28,1999,1,"014605",NA
133.7,-14.28,1999,2,"014605",NA
133.7,-14.28,1999,3,"014605",NA
133.7,-14.28,1999,4,"014605",NA
133.7,-14.28,1999,5,"014605",0
133.7,-14.28,1999,6,"014605",NA
133.7,-14.28,1999,7,"014605",NA
133.7,-14.28,1999,8,"014605",NA
133.7,-14.28,1999,9,"014605",NA
133.7,-14.28,1999,10,"014605",NA
133.7,-14.28,1999,11,"014605",NA
133.7,-14.28,1999,12,"014605",NA
133.7,-14.28,2000,1,"014605",NA
133.7,-14.28,2000,2,"014605",NA
133.7,-14.28,2000,3,"014605",NA
133.7,-14.28,2000,4,"014605",0
133.7,-14.28,2000,5,"014605",0
133.7,-14.28,2000,6,"014605",1
133.7,-14.28,2000,7,"014605",0
133.7,-14.28,2000,8,"014605",0
133.7,-14.28,2000,9,"014605",4.8
133.7,-14.28,2000,10,"014605",192
133.7,-14.28,2000,11,"014605",37
133.7,-14.28,2000,12,"014605",277
133.7,-14.28,2001,1,"014605",139
133.7,-14.28,2001,2,"014605",478
133.7,-14.28,2001,3,"014605",182
133.7,-14.28,2001,4,"014605",51
133.7,-14.28,2001,5,"014605",0
133.7,-14.28,2001,6,"014605",0
133.7,-14.28,2001,7,"014605",0
133.7,-14.28,2001,8,"014605",0
133.7,-14.28,2001,9,"014605",0
133.7,-14.28,2001,10,"014605",17
133.7,-14.28,2001,11,"014605",74
133.7,-14.28,2001,12,"014605",112
133.7,-14.28,2002,1,"014605",80
133.7,-14.28,2002,2,"014605",278
133.7,-14.28,2002,3,"014605",NA
133.7,-14.28,2002,4,"014605",NA
133.7,-14.28,2002,5,"014605",0
133.7,-14.28,2002,6,"014605",0
133.7,-14.28,2002,7,"014605",0
133.7,-14.28,2002,8,"014605",0
133.7,-14.28,2002,9,"014605",0
133.7,-14.28,2002,10,"014605",0
133.7,-14.28,2002,11,"014605",53
133.7,-14.28,2002,12,"014605",NA
133.7,-14.28,2003,1,"014605",NA
133.7,-14.28,2003,2,"014605",NA
133.7,-14.28,2003,3,"014605",167
133.7,-14.28,2003,4,"014605",0
133.7,-14.28,2003,5,"014605",0
133.7,-14.28,2003,6,"014605",0
133.7,-14.28,2003,7,"014605",0
133.7,-14.28,2003,8,"014605",0
133.7,-14.28,2003,9,"014605",0
133.7,-14.28,2003,10,"014605",0
133.7,-14.28,2003,11,"014605",NA
133.7,-14.28,2003,12,"014605",NA
133.7,-14.28,2004,1,"014605",361.4
133.7,-14.28,2004,2,"014605",329.4
133.7,-14.28,2004,3,"014605",190
133.7,-14.28,2004,4,"014605",0
133.7,-14.28,2004,5,"014605",31
133.7,-14.28,2004,6,"014605",0
133.7,-14.28,2004,7,"014605",0
133.7,-14.28,2004,8,"014605",0
133.7,-14.28,2004,9,"014605",0
133.7,-14.28,2004,10,"014605",0
133.7,-14.28,2004,11,"014605",25.8
133.7,-14.28,2004,12,"014605",167
133.7,-14.28,2005,1,"014605",162
133.7,-14.28,2005,2,"014605",61
133.7,-14.28,2005,3,"014605",94
133.7,-14.28,2005,4,"014605",0
133.7,-14.28,2005,5,"014605",0
133.7,-14.28,2005,6,"014605",0
133.7,-14.28,2005,7,"014605",0
133.7,-14.28,2005,8,"014605",0
133.7,-14.28,2005,9,"014605",0
133.7,-14.28,2005,10,"014605",0
133.7,-14.28,2005,11,"014605",22
133.7,-14.28,2005,12,"014605",46
133.7,-14.28,2006,1,"014605",249
133.7,-14.28,2006,2,"014605",138.5
133.7,-14.28,2006,3,"014605",418
133.7,-14.28,2006,4,"014605",267
133.7,-14.28,2006,5,"014605",0
133.7,-14.28,2006,6,"014605",0
133.7,-14.28,2006,7,"014605",0
133.7,-14.28,2006,8,"014605",0
133.7,-14.28,2006,9,"014605",0
133.7,-14.28,2006,10,"014605",7
133.7,-14.28,2006,11,"014605",0
133.7,-14.28,2006,12,"014605",57
133.7,-14.28,2007,1,"014605",233
133.7,-14.28,2007,2,"014605",103
133.7,-14.28,2007,3,"014605",137
133.7,-14.28,2007,4,"014605",0
133.7,-14.28,2007,5,"014605",0
133.7,-14.28,2007,6,"014605",0
133.7,-14.28,2007,7,"014605",0
133.7,-14.28,2007,8,"014605",40
133.7,-14.28,2007,9,"014605",0
133.7,-14.28,2007,10,"014605",8
133.7,-14.28,2007,11,"014605",32
133.7,-14.28,2007,12,"014605",233
133.7,-14.28,2008,1,"014605",115.5
133.7,-14.28,2008,2,"014605",461
133.7,-14.28,2008,3,"014605",138
133.7,-14.28,2008,4,"014605",0
133.7,-14.28,2008,5,"014605",0
133.7,-14.28,2008,6,"014605",0
133.7,-14.28,2008,7,"014605",0
133.7,-14.28,2008,8,"014605",0
133.7,-14.28,2008,9,"014605",0
133.7,-14.28,2008,10,"014605",0
133.7,-14.28,2008,11,"014605",157
133.7,-14.28,2008,12,"014605",404
133.7,-14.28,2009,1,"014605",383
133.7,-14.28,2009,2,"014605",282
133.7,-14.28,2009,3,"014605",22
133.7,-14.28,2009,4,"014605",0
133.7,-14.28,2009,5,"014605",0
133.7,-14.28,2009,6,"014605",0
133.7,-14.28,2009,7,"014605",NA
133.7,-14.28,2009,8,"014605",NA
133.7,-14.28,2009,9,"014605",NA
133.7,-14.28,2009,10,"014605",NA
133.7,-14.28,2009,11,"014605",NA
133.7,-14.28,2009,12,"014605",NA
133.7,-14.28,2010,1,"014605",212
133.7,-14.28,2010,2,"014605",201
133.7,-14.28,2010,3,"014605",62
133.7,-14.28,2010,4,"014605",87
133.7,-14.28,2010,5,"014605",18
133.7,-14.28,2010,6,"014605",0
133.7,-14.28,2010,7,"014605",0
133.7,-14.28,2010,8,"014605",0
133.7,-14.28,2010,9,"014605",0
133.7,-14.28,2010,10,"014605",64
133.7,-14.28,2010,11,"014605",109
133.7,-14.28,2010,12,"014605",364
133.7,-14.28,2011,1,"014605",277
133.7,-14.28,2011,2,"014605",239
133.7,-14.28,2011,3,"014605",171
133.7,-14.28,2011,4,"014605",55
133.7,-14.28,2011,5,"014605",0
133.7,-14.28,2011,6,"014605",0
133.7,-14.28,2011,7,"014605",0
133.7,-14.28,2011,8,"014605",0
133.7,-14.28,2011,9,"014605",0
133.7,-14.28,2011,10,"014605",77
133.7,-14.28,2011,11,"014605",111
133.7,-14.28,2011,12,"014605",147.2
133.7,-14.28,2012,1,"014605",94
133.7,-14.28,2012,2,"014605",54.5
133.7,-14.28,2012,3,"014605",240
133.7,-14.28,2012,4,"014605",56
133.7,-14.28,2012,5,"014605",6
133.7,-14.28,2012,6,"014605",0
133.7,-14.28,2012,7,"014605",0
133.7,-14.28,2012,8,"014605",0
133.7,-14.28,2012,9,"014605",0
133.7,-14.28,2012,10,"014605",24
133.7,-14.28,2012,11,"014605",21
133.7,-14.28,2012,12,"014605",254
133.7,-14.28,2013,1,"014605",227
133.7,-14.28,2013,2,"014605",109
133.7,-14.28,2013,3,"014605",242
133.7,-14.28,2013,4,"014605",34
133.7,-14.28,2013,5,"014605",0
133.7,-14.28,2013,6,"014605",0
133.7,-14.28,2013,7,"014605",0
133.7,-14.28,2013,8,"014605",0
133.7,-14.28,2013,9,"014605",0
133.7,-14.28,2013,10,"014605",0
133.7,-14.28,2013,11,"014605",205
133.7,-14.28,2013,12,"014605",11.5
133.7,-14.28,2014,1,"014605",206
133.7,-14.28,2014,2,"014605",226
133.7,-14.28,2014,3,"014605",52
133.7,-14.28,2014,4,"014605",34
133.7,-14.28,2014,5,"014605",0
133.7,-14.28,2014,6,"014605",0
133.7,-14.28,2014,7,"014605",0
133.7,-14.28,2014,8,"014605",0
133.7,-14.28,2014,9,"014605",0
133.7,-14.28,2014,10,"014605",0
133.7,-14.28,2014,11,"014605",66
133.7,-14.28,2014,12,"014605",160.5
133.7,-14.28,2015,1,"014605",226.5
133.7,-14.28,2015,2,"014605",249.5
133.7,-14.28,2015,3,"014605",136
133.7,-14.28,2015,4,"014605",9
133.7,-14.28,2015,5,"014605",0
133.7,-14.28,2015,6,"014605",0
133.7,-14.28,2015,7,"014605",0
133.7,-14.28,2015,8,"014605",0
133.7,-14.28,2015,9,"014605",0
133.7,-14.28,2015,10,"014605",0
133.7,-14.28,2015,11,"014605",16.4
133.7,-14.28,2015,12,"014605",313.8
133.7,-14.28,2016,1,"014605",170.7
133.7,-14.28,2016,2,"014605",61
133.7,-14.28,2016,3,"014605",176.6
133.7,-14.28,2016,4,"014605",0
133.7,-14.28,2016,5,"014605",47
133.7,-14.28,2016,6,"014605",0
133.7,-14.28,2016,7,"014605",0
133.7,-14.28,2016,8,"014605",0
133.7,-14.28,2016,9,"014605",NA
133.7,-14.28,2016,10,"014605",19.6
133.7,-14.28,2016,11,"014605",10.8
133.7,-14.28,2016,12,"014605",337.8
133.7,-14.28,2017,1,"014605",210.4
133.7,-14.28,2017,2,"014605",310.8
133.7,-14.28,2017,3,"014605",103.5
133.7,-14.28,2017,4,"014605",16.8
133.7,-14.28,2017,5,"014605",0
133.7,-14.28,2017,6,"014605",0
133.7,-14.28,2017,7,"014605",0
133.7,-14.28,2017,8,"014605",0
133.7,-14.28,2017,9,"014605",0
133.7,-14.28,2017,10,"014605",0
133.7,-14.28,2017,11,"014605",NA
133.7,-14.28,2017,12,"014605",121.7
133.7,-14.28,2018,1,"014605",337.8
133.7,-14.28,2018,2,"014605",191.2
133.7,-14.28,2018,3,"014605",NA
133.7,-14.28,2018,4,"014605",0
133.7,-14.28,2018,5,"014605",0
133.7,-14.28,2018,6,"014605",0
133.7,-14.28,2018,7,"014605",0
133.7,-14.28,2018,8,"014605",0
133.7,-14.28,2018,9,"014605",0
133.7,-14.28,2018,10,"014605",64.4
133.7,-14.28,2018,11,"014605",49.8
133.7,-14.28,2018,12,"014605",75.7
133.7,-14.28,2019,1,"014605",226
133.7,-14.28,2019,2,"014605",84.2
133.7,-14.28,2019,3,"014605",18.4
133.7,-14.28,2019,4,"014605",24
133.7,-14.28,2019,5,"014605",8.4
133.7,-14.28,2019,6,"014605",0
133.7,-14.28,2019,7,"014605",0
133.7,-14.28,2019,8,"014605",0
133.7,-14.28,2019,9,"014605",0
133.7,-14.28,2019,10,"014605",4
133.7,-14.28,2019,11,"014605",32.7
133.7,-14.28,2019,12,"014605",2
133.7,-14.28,2020,1,"014605",169.4
133.7,-14.28,2020,2,"014605",174.4
133.7,-14.28,2020,3,"014605",146.8
133.7,-14.28,2020,4,"014605",88.6
133.7,-14.28,2020,5,"014605",4.2
133.7,-14.28,2020,6,"014605",0
133.7,-14.28,2020,7,"014605",0
133.7,-14.28,2020,8,"014605",0
133.7,-14.28,2020,9,"014605",0
133.7,-14.28,2020,10,"014605",51
133.7,-14.28,2020,11,"014605",5
133.7,-14.28,2020,12,"014605",287.4
133.7,-14.28,2021,1,"014605",178.8
133.7,-14.28,2021,2,"014605",489.2
133.7,-14.28,2021,3,"014605",63.2
133.7,-14.28,2021,4,"014605",9.4
133.7,-14.28,2021,5,"014605",0
133.7,-14.28,2021,6,"014605",4.8
133.7,-14.28,2021,7,"014605",0
133.7,-14.28,2021,8,"014605",0
133.7,-14.28,2021,9,"014605",0
133.7,-14.28,2021,10,"014605",25.3
133.7,-14.28,2021,11,"014605",24.6
133.7,-14.28,2021,12,"014605",226.6
133.7,-14.28,2022,1,"014605",188.8
133.7,-14.28,2022,2,"014605",47
133.7,-14.28,2022,3,"014605",NA
133.7,-14.28,2022,4,"014605",NA
133.7,-14.28,2022,5,"014605",NA
133.7,-14.28,2022,6,"014605",NA
133.7,-14.28,2022,7,"014605",NA
133.7,-14.28,2022,8,"014605",NA
133.7,-14.28,2022,9,"014605",NA
133.7,-14.28,2022,10,"014605",NA
133.7,-14.28,2022,11,"014605",NA
133.7,-14.28,2022,12,"014605",NA
