"Lon","Lat","Year","Month","Station","Rain"
150.52,-27.38,1911,1,"041108",NA
150.52,-27.38,1911,2,"041108",NA
150.52,-27.38,1911,3,"041108",NA
150.52,-27.38,1911,4,"041108",NA
150.52,-27.38,1911,5,"041108",NA
150.52,-27.38,1911,6,"041108",0.6
150.52,-27.38,1911,7,"041108",30.1
150.52,-27.38,1911,8,"041108",13
150.52,-27.38,1911,9,"041108",17.4
150.52,-27.38,1911,10,"041108",29.8
150.52,-27.38,1911,11,"041108",36.8
150.52,-27.38,1911,12,"041108",18.4
150.52,-27.38,1912,1,"041108",31.1
150.52,-27.38,1912,2,"041108",41.5
150.52,-27.38,1912,3,"041108",134.8
150.52,-27.38,1912,4,"041108",2.6
150.52,-27.38,1912,5,"041108",0.3
150.52,-27.38,1912,6,"041108",134.6
150.52,-27.38,1912,7,"041108",59.8
150.52,-27.38,1912,8,"041108",25.6
150.52,-27.38,1912,9,"041108",14.3
150.52,-27.38,1912,10,"041108",81.2
150.52,-27.38,1912,11,"041108",89.2
150.52,-27.38,1912,12,"041108",4.1
150.52,-27.38,1913,1,"041108",63.3
150.52,-27.38,1913,2,"041108",66.7
150.52,-27.38,1913,3,"041108",52.9
150.52,-27.38,1913,4,"041108",13.5
150.52,-27.38,1913,5,"041108",87.9
150.52,-27.38,1913,6,"041108",84.9
150.52,-27.38,1913,7,"041108",17.6
150.52,-27.38,1913,8,"041108",0
150.52,-27.38,1913,9,"041108",17.7
150.52,-27.38,1913,10,"041108",25.4
150.52,-27.38,1913,11,"041108",12
150.52,-27.38,1913,12,"041108",85.1
150.52,-27.38,1914,1,"041108",106
150.52,-27.38,1914,2,"041108",69
150.52,-27.38,1914,3,"041108",124.3
150.52,-27.38,1914,4,"041108",8.3
150.52,-27.38,1914,5,"041108",48.6
150.52,-27.38,1914,6,"041108",62.4
150.52,-27.38,1914,7,"041108",57.8
150.52,-27.38,1914,8,"041108",13.7
150.52,-27.38,1914,9,"041108",28.6
150.52,-27.38,1914,10,"041108",34
150.52,-27.38,1914,11,"041108",67.8
150.52,-27.38,1914,12,"041108",140.6
150.52,-27.38,1915,1,"041108",13.4
150.52,-27.38,1915,2,"041108",1.1
150.52,-27.38,1915,3,"041108",19.8
150.52,-27.38,1915,4,"041108",19.9
150.52,-27.38,1915,5,"041108",24.7
150.52,-27.38,1915,6,"041108",13.5
150.52,-27.38,1915,7,"041108",33.5
150.52,-27.38,1915,8,"041108",35.6
150.52,-27.38,1915,9,"041108",18.9
150.52,-27.38,1915,10,"041108",0.8
150.52,-27.38,1915,11,"041108",21.6
150.52,-27.38,1915,12,"041108",46.7
150.52,-27.38,1916,1,"041108",56.9
150.52,-27.38,1916,2,"041108",31.2
150.52,-27.38,1916,3,"041108",85.9
150.52,-27.38,1916,4,"041108",NA
150.52,-27.38,1916,5,"041108",NA
150.52,-27.38,1916,6,"041108",NA
150.52,-27.38,1916,7,"041108",NA
150.52,-27.38,1916,8,"041108",NA
150.52,-27.38,1916,9,"041108",NA
150.52,-27.38,1916,10,"041108",NA
150.52,-27.38,1916,11,"041108",NA
150.52,-27.38,1916,12,"041108",NA
150.52,-27.38,1918,1,"041108",201.2
150.52,-27.38,1918,2,"041108",14.5
150.52,-27.38,1918,3,"041108",34.9
150.52,-27.38,1918,4,"041108",38.1
150.52,-27.38,1918,5,"041108",4.3
150.52,-27.38,1918,6,"041108",1.3
150.52,-27.38,1918,7,"041108",8.7
150.52,-27.38,1918,8,"041108",29.8
150.52,-27.38,1918,9,"041108",8.9
150.52,-27.38,1918,10,"041108",54.3
150.52,-27.38,1918,11,"041108",27.7
150.52,-27.38,1918,12,"041108",19.5
150.52,-27.38,1919,1,"041108",21.5
150.52,-27.38,1919,2,"041108",NA
150.52,-27.38,1919,3,"041108",NA
150.52,-27.38,1919,4,"041108",NA
150.52,-27.38,1919,5,"041108",NA
150.52,-27.38,1919,6,"041108",NA
150.52,-27.38,1919,7,"041108",NA
150.52,-27.38,1919,8,"041108",NA
150.52,-27.38,1919,9,"041108",NA
150.52,-27.38,1919,10,"041108",NA
150.52,-27.38,1919,11,"041108",NA
150.52,-27.38,1919,12,"041108",NA
150.52,-27.38,1923,1,"041108",NA
150.52,-27.38,1923,2,"041108",NA
150.52,-27.38,1923,3,"041108",NA
150.52,-27.38,1923,4,"041108",NA
150.52,-27.38,1923,5,"041108",NA
150.52,-27.38,1923,6,"041108",NA
150.52,-27.38,1923,7,"041108",NA
150.52,-27.38,1923,8,"041108",0
150.52,-27.38,1923,9,"041108",48.5
150.52,-27.38,1923,10,"041108",14.5
150.52,-27.38,1923,11,"041108",9.1
150.52,-27.38,1923,12,"041108",181.4
150.52,-27.38,1924,1,"041108",51.6
150.52,-27.38,1924,2,"041108",202.7
150.52,-27.38,1924,3,"041108",103.6
150.52,-27.38,1924,4,"041108",22.6
150.52,-27.38,1924,5,"041108",0
150.52,-27.38,1924,6,"041108",10.2
150.52,-27.38,1924,7,"041108",59.9
150.52,-27.38,1924,8,"041108",61
150.52,-27.38,1924,9,"041108",75.4
150.52,-27.38,1924,10,"041108",62.2
150.52,-27.38,1924,11,"041108",176.8
150.52,-27.38,1924,12,"041108",49.3
150.52,-27.38,1925,1,"041108",155.2
150.52,-27.38,1925,2,"041108",93.7
150.52,-27.38,1925,3,"041108",27.9
150.52,-27.38,1925,4,"041108",0
150.52,-27.38,1925,5,"041108",94.2
150.52,-27.38,1925,6,"041108",24.6
150.52,-27.38,1925,7,"041108",22.6
150.52,-27.38,1925,8,"041108",84.6
150.52,-27.38,1925,9,"041108",2
150.52,-27.38,1925,10,"041108",9.7
150.52,-27.38,1925,11,"041108",99.6
150.52,-27.38,1925,12,"041108",128
150.52,-27.38,1926,1,"041108",112.5
150.52,-27.38,1926,2,"041108",38.1
150.52,-27.38,1926,3,"041108",37.8
150.52,-27.38,1926,4,"041108",19.6
150.52,-27.38,1926,5,"041108",48.3
150.52,-27.38,1926,6,"041108",34.3
150.52,-27.38,1926,7,"041108",34.4
150.52,-27.38,1926,8,"041108",8.1
150.52,-27.38,1926,9,"041108",13.5
150.52,-27.38,1926,10,"041108",11.2
150.52,-27.38,1926,11,"041108",6.6
150.52,-27.38,1926,12,"041108",70.4
150.52,-27.38,1927,1,"041108",80.7
150.52,-27.38,1927,2,"041108",90.3
150.52,-27.38,1927,3,"041108",56.3
150.52,-27.38,1927,4,"041108",34
150.52,-27.38,1927,5,"041108",0
150.52,-27.38,1927,6,"041108",39.7
150.52,-27.38,1927,7,"041108",1.8
150.52,-27.38,1927,8,"041108",6.6
150.52,-27.38,1927,9,"041108",6.4
150.52,-27.38,1927,10,"041108",79
150.52,-27.38,1927,11,"041108",85.1
150.52,-27.38,1927,12,"041108",23.9
150.52,-27.38,1928,1,"041108",10.9
150.52,-27.38,1928,2,"041108",182.3
150.52,-27.38,1928,3,"041108",22.4
150.52,-27.38,1928,4,"041108",92.8
150.52,-27.38,1928,5,"041108",14.5
150.52,-27.38,1928,6,"041108",31.9
150.52,-27.38,1928,7,"041108",36.3
150.52,-27.38,1928,8,"041108",0
150.52,-27.38,1928,9,"041108",0
150.52,-27.38,1928,10,"041108",24.6
150.52,-27.38,1928,11,"041108",69.5
150.52,-27.38,1928,12,"041108",32.4
150.52,-27.38,1929,1,"041108",75.7
150.52,-27.38,1929,2,"041108",82.3
150.52,-27.38,1929,3,"041108",45.3
150.52,-27.38,1929,4,"041108",80.1
150.52,-27.38,1929,5,"041108",0.8
150.52,-27.38,1929,6,"041108",47.7
150.52,-27.38,1929,7,"041108",11.9
150.52,-27.38,1929,8,"041108",9.9
150.52,-27.38,1929,9,"041108",4.3
150.52,-27.38,1929,10,"041108",38.4
150.52,-27.38,1929,11,"041108",27.9
150.52,-27.38,1929,12,"041108",83.5
150.52,-27.38,1930,1,"041108",19.7
150.52,-27.38,1930,2,"041108",24.9
150.52,-27.38,1930,3,"041108",67.8
150.52,-27.38,1930,4,"041108",17
150.52,-27.38,1930,5,"041108",50.4
150.52,-27.38,1930,6,"041108",40.7
150.52,-27.38,1930,7,"041108",63
150.52,-27.38,1930,8,"041108",51.1
150.52,-27.38,1930,9,"041108",20.4
150.52,-27.38,1930,10,"041108",71.2
150.52,-27.38,1930,11,"041108",88.2
150.52,-27.38,1930,12,"041108",26.1
150.52,-27.38,1931,1,"041108",99.9
150.52,-27.38,1931,2,"041108",51.6
150.52,-27.38,1931,3,"041108",81.4
150.52,-27.38,1931,4,"041108",31.8
150.52,-27.38,1931,5,"041108",82.1
150.52,-27.38,1931,6,"041108",38.7
150.52,-27.38,1931,7,"041108",45.4
150.52,-27.38,1931,8,"041108",5.9
150.52,-27.38,1931,9,"041108",20.1
150.52,-27.38,1931,10,"041108",41.9
150.52,-27.38,1931,11,"041108",120
150.52,-27.38,1931,12,"041108",182.6
150.52,-27.38,1932,1,"041108",10.1
150.52,-27.38,1932,2,"041108",15.1
150.52,-27.38,1932,3,"041108",18.6
150.52,-27.38,1932,4,"041108",89.1
150.52,-27.38,1932,5,"041108",14
150.52,-27.38,1932,6,"041108",29.5
150.52,-27.38,1932,7,"041108",20.3
150.52,-27.38,1932,8,"041108",4.8
150.52,-27.38,1932,9,"041108",23.7
150.52,-27.38,1932,10,"041108",50.3
150.52,-27.38,1932,11,"041108",76.9
150.52,-27.38,1932,12,"041108",130.5
150.52,-27.38,1933,1,"041108",99.3
150.52,-27.38,1933,2,"041108",43.7
150.52,-27.38,1933,3,"041108",0
150.52,-27.38,1933,4,"041108",24.9
150.52,-27.38,1933,5,"041108",8.5
150.52,-27.38,1933,6,"041108",47.5
150.52,-27.38,1933,7,"041108",77.1
150.52,-27.38,1933,8,"041108",25.4
150.52,-27.38,1933,9,"041108",58.5
150.52,-27.38,1933,10,"041108",99.1
150.52,-27.38,1933,11,"041108",135.1
150.52,-27.38,1933,12,"041108",71.3
150.52,-27.38,1934,1,"041108",81.4
150.52,-27.38,1934,2,"041108",106.3
150.52,-27.38,1934,3,"041108",7.2
150.52,-27.38,1934,4,"041108",80.3
150.52,-27.38,1934,5,"041108",40
150.52,-27.38,1934,6,"041108",39.9
150.52,-27.38,1934,7,"041108",42.8
150.52,-27.38,1934,8,"041108",30.8
150.52,-27.38,1934,9,"041108",53.1
150.52,-27.38,1934,10,"041108",63
150.52,-27.38,1934,11,"041108",108.7
150.52,-27.38,1934,12,"041108",123.2
150.52,-27.38,1935,1,"041108",117.6
150.52,-27.38,1935,2,"041108",14.4
150.52,-27.38,1935,3,"041108",0.8
150.52,-27.38,1935,4,"041108",1.6
150.52,-27.38,1935,5,"041108",13.9
150.52,-27.38,1935,6,"041108",8.1
150.52,-27.38,1935,7,"041108",30.4
150.52,-27.38,1935,8,"041108",16.5
150.52,-27.38,1935,9,"041108",55.6
150.52,-27.38,1935,10,"041108",35.6
150.52,-27.38,1935,11,"041108",4.6
150.52,-27.38,1935,12,"041108",89.6
150.52,-27.38,1936,1,"041108",50.5
150.52,-27.38,1936,2,"041108",47.5
150.52,-27.38,1936,3,"041108",44.4
150.52,-27.38,1936,4,"041108",8.7
150.52,-27.38,1936,5,"041108",6.3
150.52,-27.38,1936,6,"041108",28.5
150.52,-27.38,1936,7,"041108",64.4
150.52,-27.38,1936,8,"041108",11.5
150.52,-27.38,1936,9,"041108",34.8
150.52,-27.38,1936,10,"041108",7.1
150.52,-27.38,1936,11,"041108",14
150.52,-27.38,1936,12,"041108",135.6
150.52,-27.38,1937,1,"041108",88.6
150.52,-27.38,1937,2,"041108",28.9
150.52,-27.38,1937,3,"041108",157.7
150.52,-27.38,1937,4,"041108",11.7
150.52,-27.38,1937,5,"041108",1
150.52,-27.38,1937,6,"041108",9.4
150.52,-27.38,1937,7,"041108",10.4
150.52,-27.38,1937,8,"041108",24.1
150.52,-27.38,1937,9,"041108",13.3
150.52,-27.38,1937,10,"041108",23.4
150.52,-27.38,1937,11,"041108",192.3
150.52,-27.38,1937,12,"041108",10.4
150.52,-27.38,1938,1,"041108",118.1
150.52,-27.38,1938,2,"041108",74.4
150.52,-27.38,1938,3,"041108",4.8
150.52,-27.38,1938,4,"041108",36.1
150.52,-27.38,1938,5,"041108",110.3
150.52,-27.38,1938,6,"041108",23.2
150.52,-27.38,1938,7,"041108",22.5
150.52,-27.38,1938,8,"041108",43.2
150.52,-27.38,1938,9,"041108",37.3
150.52,-27.38,1938,10,"041108",80
150.52,-27.38,1938,11,"041108",185.6
150.52,-27.38,1938,12,"041108",2
150.52,-27.38,1939,1,"041108",163.9
150.52,-27.38,1939,2,"041108",56.7
150.52,-27.38,1939,3,"041108",81.4
150.52,-27.38,1939,4,"041108",91.3
150.52,-27.38,1939,5,"041108",3.1
150.52,-27.38,1939,6,"041108",49
150.52,-27.38,1939,7,"041108",41.4
150.52,-27.38,1939,8,"041108",27.9
150.52,-27.38,1939,9,"041108",2
150.52,-27.38,1939,10,"041108",35.7
150.52,-27.38,1939,11,"041108",127.8
150.52,-27.38,1939,12,"041108",42.2
150.52,-27.38,1940,1,"041108",79.4
150.52,-27.38,1940,2,"041108",133.1
150.52,-27.38,1940,3,"041108",50
150.52,-27.38,1940,4,"041108",8.1
150.52,-27.38,1940,5,"041108",37.5
150.52,-27.38,1940,6,"041108",1.5
150.52,-27.38,1940,7,"041108",10.2
150.52,-27.38,1940,8,"041108",0
150.52,-27.38,1940,9,"041108",8.7
150.52,-27.38,1940,10,"041108",16.7
150.52,-27.38,1940,11,"041108",25.6
150.52,-27.38,1940,12,"041108",152.5
150.52,-27.38,1941,1,"041108",203.5
150.52,-27.38,1941,2,"041108",20.3
150.52,-27.38,1941,3,"041108",207.3
150.52,-27.38,1941,4,"041108",23.1
150.52,-27.38,1941,5,"041108",8.2
150.52,-27.38,1941,6,"041108",27
150.52,-27.38,1941,7,"041108",7.2
150.52,-27.38,1941,8,"041108",1
150.52,-27.38,1941,9,"041108",8.1
150.52,-27.38,1941,10,"041108",16.8
150.52,-27.38,1941,11,"041108",51.6
150.52,-27.38,1941,12,"041108",4.8
150.52,-27.38,1942,1,"041108",101.1
150.52,-27.38,1942,2,"041108",122.3
150.52,-27.38,1942,3,"041108",3.8
150.52,-27.38,1942,4,"041108",8.4
150.52,-27.38,1942,5,"041108",49.3
150.52,-27.38,1942,6,"041108",16.4
150.52,-27.38,1942,7,"041108",69.8
150.52,-27.38,1942,8,"041108",5.6
150.52,-27.38,1942,9,"041108",7.9
150.52,-27.38,1942,10,"041108",70.7
150.52,-27.38,1942,11,"041108",42.7
150.52,-27.38,1942,12,"041108",170.1
150.52,-27.38,1943,1,"041108",96.3
150.52,-27.38,1943,2,"041108",31.5
150.52,-27.38,1943,3,"041108",0
150.52,-27.38,1943,4,"041108",26.2
150.52,-27.38,1943,5,"041108",3.8
150.52,-27.38,1943,6,"041108",35.3
150.52,-27.38,1943,7,"041108",15.9
150.52,-27.38,1943,8,"041108",51.1
150.52,-27.38,1943,9,"041108",72.4
150.52,-27.38,1943,10,"041108",68
150.52,-27.38,1943,11,"041108",159.8
150.52,-27.38,1943,12,"041108",144.4
150.52,-27.38,1944,1,"041108",75.9
150.52,-27.38,1944,2,"041108",84.6
150.52,-27.38,1944,3,"041108",0.8
150.52,-27.38,1944,4,"041108",29
150.52,-27.38,1944,5,"041108",17.3
150.52,-27.38,1944,6,"041108",24.9
150.52,-27.38,1944,7,"041108",57.6
150.52,-27.38,1944,8,"041108",88.4
150.52,-27.38,1944,9,"041108",53.4
150.52,-27.38,1944,10,"041108",29.1
150.52,-27.38,1944,11,"041108",34.9
150.52,-27.38,1944,12,"041108",36.8
150.52,-27.38,1945,1,"041108",88.9
150.52,-27.38,1945,2,"041108",92.5
150.52,-27.38,1945,3,"041108",1.5
150.52,-27.38,1945,4,"041108",51.1
150.52,-27.38,1945,5,"041108",14.2
150.52,-27.38,1945,6,"041108",39.6
150.52,-27.38,1945,7,"041108",39.3
150.52,-27.38,1945,8,"041108",34.6
150.52,-27.38,1945,9,"041108",2.3
150.52,-27.38,1945,10,"041108",26.2
150.52,-27.38,1945,11,"041108",39.1
150.52,-27.38,1945,12,"041108",66.9
150.52,-27.38,1946,1,"041108",105.2
150.52,-27.38,1946,2,"041108",11.5
150.52,-27.38,1946,3,"041108",18
150.52,-27.38,1946,4,"041108",55.7
150.52,-27.38,1946,5,"041108",1.5
150.52,-27.38,1946,6,"041108",0
150.52,-27.38,1946,7,"041108",1.8
150.52,-27.38,1946,8,"041108",4.8
150.52,-27.38,1946,9,"041108",69
150.52,-27.38,1946,10,"041108",37.1
150.52,-27.38,1946,11,"041108",37.3
150.52,-27.38,1946,12,"041108",72.3
150.52,-27.38,1947,1,"041108",70.9
150.52,-27.38,1947,2,"041108",70.2
150.52,-27.38,1947,3,"041108",52.8
150.52,-27.38,1947,4,"041108",7.1
150.52,-27.38,1947,5,"041108",43.2
150.52,-27.38,1947,6,"041108",5.8
150.52,-27.38,1947,7,"041108",2.1
150.52,-27.38,1947,8,"041108",20.8
150.52,-27.38,1947,9,"041108",61.7
150.52,-27.38,1947,10,"041108",37.1
150.52,-27.38,1947,11,"041108",91.5
150.52,-27.38,1947,12,"041108",161.3
150.52,-27.38,1948,1,"041108",27.5
150.52,-27.38,1948,2,"041108",23.2
150.52,-27.38,1948,3,"041108",48.2
150.52,-27.38,1948,4,"041108",39.1
150.52,-27.38,1948,5,"041108",56.9
150.52,-27.38,1948,6,"041108",73.9
150.52,-27.38,1948,7,"041108",40.1
150.52,-27.38,1948,8,"041108",3.5
150.52,-27.38,1948,9,"041108",18.2
150.52,-27.38,1948,10,"041108",1.5
150.52,-27.38,1948,11,"041108",66.5
150.52,-27.38,1948,12,"041108",77
150.52,-27.38,1949,1,"041108",46.2
150.52,-27.38,1949,2,"041108",135.5
150.52,-27.38,1949,3,"041108",58.5
150.52,-27.38,1949,4,"041108",4.3
150.52,-27.38,1949,5,"041108",3.5
150.52,-27.38,1949,6,"041108",31
150.52,-27.38,1949,7,"041108",15
150.52,-27.38,1949,8,"041108",10.2
150.52,-27.38,1949,9,"041108",33.8
150.52,-27.38,1949,10,"041108",142.3
150.52,-27.38,1949,11,"041108",52.9
150.52,-27.38,1949,12,"041108",68.5
150.52,-27.38,1950,1,"041108",90
150.52,-27.38,1950,2,"041108",145.8
150.52,-27.38,1950,3,"041108",21.7
150.52,-27.38,1950,4,"041108",60.8
150.52,-27.38,1950,5,"041108",31.1
150.52,-27.38,1950,6,"041108",91.5
150.52,-27.38,1950,7,"041108",80.1
150.52,-27.38,1950,8,"041108",18.6
150.52,-27.38,1950,9,"041108",16
150.52,-27.38,1950,10,"041108",115.8
150.52,-27.38,1950,11,"041108",123
150.52,-27.38,1950,12,"041108",0
150.52,-27.38,1951,1,"041108",150.6
150.52,-27.38,1951,2,"041108",20
150.52,-27.38,1951,3,"041108",166.9
150.52,-27.38,1951,4,"041108",13.5
150.52,-27.38,1951,5,"041108",40.4
150.52,-27.38,1951,6,"041108",32
150.52,-27.38,1951,7,"041108",2.3
150.52,-27.38,1951,8,"041108",14.8
150.52,-27.38,1951,9,"041108",23.4
150.52,-27.38,1951,10,"041108",36.3
150.52,-27.38,1951,11,"041108",33.2
150.52,-27.38,1951,12,"041108",27
150.52,-27.38,1952,1,"041108",53.5
150.52,-27.38,1952,2,"041108",61.7
150.52,-27.38,1952,3,"041108",86.4
150.52,-27.38,1952,4,"041108",41.9
150.52,-27.38,1952,5,"041108",100.6
150.52,-27.38,1952,6,"041108",23.6
150.52,-27.38,1952,7,"041108",23.7
150.52,-27.38,1952,8,"041108",42.9
150.52,-27.38,1952,9,"041108",33
150.52,-27.38,1952,10,"041108",152.7
150.52,-27.38,1952,11,"041108",11
150.52,-27.38,1952,12,"041108",22.4
150.52,-27.38,1953,1,"041108",37.7
150.52,-27.38,1953,2,"041108",236
150.52,-27.38,1953,3,"041108",36.8
150.52,-27.38,1953,4,"041108",12
150.52,-27.38,1953,5,"041108",24.9
150.52,-27.38,1953,6,"041108",0
150.52,-27.38,1953,7,"041108",0
150.52,-27.38,1953,8,"041108",55.2
150.52,-27.38,1953,9,"041108",0
150.52,-27.38,1953,10,"041108",41.6
150.52,-27.38,1953,11,"041108",NA
150.52,-27.38,1953,12,"041108",NA
150.52,-27.38,1954,1,"041108",NA
150.52,-27.38,1954,2,"041108",NA
150.52,-27.38,1954,3,"041108",NA
150.52,-27.38,1954,4,"041108",NA
150.52,-27.38,1954,5,"041108",NA
150.52,-27.38,1954,6,"041108",NA
150.52,-27.38,1954,7,"041108",NA
150.52,-27.38,1954,8,"041108",NA
150.52,-27.38,1954,9,"041108",24.4
150.52,-27.38,1954,10,"041108",142
150.52,-27.38,1954,11,"041108",92
150.52,-27.38,1954,12,"041108",53.4
150.52,-27.38,1955,1,"041108",81.2
150.52,-27.38,1955,2,"041108",84.3
150.52,-27.38,1955,3,"041108",17.6
150.52,-27.38,1955,4,"041108",70.9
150.52,-27.38,1955,5,"041108",97
150.52,-27.38,1955,6,"041108",5.1
150.52,-27.38,1955,7,"041108",33.1
150.52,-27.38,1955,8,"041108",17.2
150.52,-27.38,1955,9,"041108",33.8
150.52,-27.38,1955,10,"041108",69.9
150.52,-27.38,1955,11,"041108",35.1
150.52,-27.38,1955,12,"041108",87.4
150.52,-27.38,1956,1,"041108",222.5
150.52,-27.38,1956,2,"041108",185
150.52,-27.38,1956,3,"041108",50.7
150.52,-27.38,1956,4,"041108",80.3
150.52,-27.38,1956,5,"041108",102.6
150.52,-27.38,1956,6,"041108",74
150.52,-27.38,1956,7,"041108",33.5
150.52,-27.38,1956,8,"041108",3
150.52,-27.38,1956,9,"041108",14.4
150.52,-27.38,1956,10,"041108",34.8
150.52,-27.38,1956,11,"041108",57.3
150.52,-27.38,1956,12,"041108",152.9
150.52,-27.38,1957,1,"041108",80
150.52,-27.38,1957,2,"041108",69.3
150.52,-27.38,1957,3,"041108",66.2
150.52,-27.38,1957,4,"041108",41.2
150.52,-27.38,1957,5,"041108",0
150.52,-27.38,1957,6,"041108",38.4
150.52,-27.38,1957,7,"041108",32.5
150.52,-27.38,1957,8,"041108",8.6
150.52,-27.38,1957,9,"041108",6.9
150.52,-27.38,1957,10,"041108",33.5
150.52,-27.38,1957,11,"041108",50.8
150.52,-27.38,1957,12,"041108",8.4
150.52,-27.38,1958,1,"041108",73
150.52,-27.38,1958,2,"041108",46.8
150.52,-27.38,1958,3,"041108",124.7
150.52,-27.38,1958,4,"041108",38
150.52,-27.38,1958,5,"041108",4.1
150.52,-27.38,1958,6,"041108",100.4
150.52,-27.38,1958,7,"041108",13.9
150.52,-27.38,1958,8,"041108",55.9
150.52,-27.38,1958,9,"041108",25.1
150.52,-27.38,1958,10,"041108",74.6
150.52,-27.38,1958,11,"041108",17
150.52,-27.38,1958,12,"041108",173.6
150.52,-27.38,1959,1,"041108",126.6
150.52,-27.38,1959,2,"041108",162.6
150.52,-27.38,1959,3,"041108",43.6
150.52,-27.38,1959,4,"041108",35.3
150.52,-27.38,1959,5,"041108",38.1
150.52,-27.38,1959,6,"041108",10.9
150.52,-27.38,1959,7,"041108",19.6
150.52,-27.38,1959,8,"041108",0
150.52,-27.38,1959,9,"041108",17.7
150.52,-27.38,1959,10,"041108",140.7
150.52,-27.38,1959,11,"041108",94.8
150.52,-27.38,1959,12,"041108",72.4
150.52,-27.38,1960,1,"041108",22.3
150.52,-27.38,1960,2,"041108",83
150.52,-27.38,1960,3,"041108",66.3
150.52,-27.38,1960,4,"041108",85.4
150.52,-27.38,1960,5,"041108",15.7
150.52,-27.38,1960,6,"041108",26.4
150.52,-27.38,1960,7,"041108",16.7
150.52,-27.38,1960,8,"041108",30.5
150.52,-27.38,1960,9,"041108",13.7
150.52,-27.38,1960,10,"041108",55.6
150.52,-27.38,1960,11,"041108",55.4
150.52,-27.38,1960,12,"041108",24.9
150.52,-27.38,1961,1,"041108",12.2
150.52,-27.38,1961,2,"041108",59.8
150.52,-27.38,1961,3,"041108",84.3
150.52,-27.38,1961,4,"041108",18.1
150.52,-27.38,1961,5,"041108",52.9
150.52,-27.38,1961,6,"041108",12.2
150.52,-27.38,1961,7,"041108",71.4
150.52,-27.38,1961,8,"041108",47.8
150.52,-27.38,1961,9,"041108",4.6
150.52,-27.38,1961,10,"041108",42.5
150.52,-27.38,1961,11,"041108",157.5
150.52,-27.38,1961,12,"041108",91.5
150.52,-27.38,1962,1,"041108",198.2
150.52,-27.38,1962,2,"041108",19.9
150.52,-27.38,1962,3,"041108",145.6
150.52,-27.38,1962,4,"041108",55.9
150.52,-27.38,1962,5,"041108",17.3
150.52,-27.38,1962,6,"041108",8.9
150.52,-27.38,1962,7,"041108",25.3
150.52,-27.38,1962,8,"041108",37.9
150.52,-27.38,1962,9,"041108",39.4
150.52,-27.38,1962,10,"041108",23
150.52,-27.38,1962,11,"041108",8.6
150.52,-27.38,1962,12,"041108",26.6
150.52,-27.38,1963,1,"041108",36.8
150.52,-27.38,1963,2,"041108",38.8
150.52,-27.38,1963,3,"041108",341.4
150.52,-27.38,1963,4,"041108",1.5
150.52,-27.38,1963,5,"041108",47.7
150.52,-27.38,1963,6,"041108",15.7
150.52,-27.38,1963,7,"041108",0.5
150.52,-27.38,1963,8,"041108",22.6
150.52,-27.38,1963,9,"041108",6.1
150.52,-27.38,1963,10,"041108",8.3
150.52,-27.38,1963,11,"041108",101.2
150.52,-27.38,1963,12,"041108",41.1
150.52,-27.38,1964,1,"041108",80.5
150.52,-27.38,1964,2,"041108",17.5
150.52,-27.38,1964,3,"041108",62.7
150.52,-27.38,1964,4,"041108",47.8
150.52,-27.38,1964,5,"041108",70.6
150.52,-27.38,1964,6,"041108",17.3
150.52,-27.38,1964,7,"041108",24.1
150.52,-27.38,1964,8,"041108",21.3
150.52,-27.38,1964,9,"041108",73.1
150.52,-27.38,1964,10,"041108",127.6
150.52,-27.38,1964,11,"041108",33.5
150.52,-27.38,1964,12,"041108",51
150.52,-27.38,1965,1,"041108",51.1
150.52,-27.38,1965,2,"041108",3.8
150.52,-27.38,1965,3,"041108",0
150.52,-27.38,1965,4,"041108",16.6
150.52,-27.38,1965,5,"041108",3.3
150.52,-27.38,1965,6,"041108",34.5
150.52,-27.38,1965,7,"041108",101.1
150.52,-27.38,1965,8,"041108",28.7
150.52,-27.38,1965,9,"041108",42.9
150.52,-27.38,1965,10,"041108",36.9
150.52,-27.38,1965,11,"041108",31.1
150.52,-27.38,1965,12,"041108",125.8
150.52,-27.38,1966,1,"041108",27.3
150.52,-27.38,1966,2,"041108",125.5
150.52,-27.38,1966,3,"041108",34.3
150.52,-27.38,1966,4,"041108",31.2
150.52,-27.38,1966,5,"041108",0
150.52,-27.38,1966,6,"041108",36.9
150.52,-27.38,1966,7,"041108",4.8
150.52,-27.38,1966,8,"041108",94.5
150.52,-27.38,1966,9,"041108",20.8
150.52,-27.38,1966,10,"041108",69.6
150.52,-27.38,1966,11,"041108",21.6
150.52,-27.38,1966,12,"041108",34.8
150.52,-27.38,1967,1,"041108",54
150.52,-27.38,1967,2,"041108",6.1
150.52,-27.38,1967,3,"041108",47.2
150.52,-27.38,1967,4,"041108",3.8
150.52,-27.38,1967,5,"041108",22.4
150.52,-27.38,1967,6,"041108",104.9
150.52,-27.38,1967,7,"041108",47.2
150.52,-27.38,1967,8,"041108",33.9
150.52,-27.38,1967,9,"041108",0
150.52,-27.38,1967,10,"041108",49.9
150.52,-27.38,1967,11,"041108",32
150.52,-27.38,1967,12,"041108",20.4
150.52,-27.38,1968,1,"041108",84.1
150.52,-27.38,1968,2,"041108",31
150.52,-27.38,1968,3,"041108",54.4
150.52,-27.38,1968,4,"041108",78.2
150.52,-27.38,1968,5,"041108",29.2
150.52,-27.38,1968,6,"041108",5.9
150.52,-27.38,1968,7,"041108",71.9
150.52,-27.38,1968,8,"041108",41.5
150.52,-27.38,1968,9,"041108",18.3
150.52,-27.38,1968,10,"041108",7.9
150.52,-27.38,1968,11,"041108",22.9
150.52,-27.38,1968,12,"041108",65.2
150.52,-27.38,1969,1,"041108",81.2
150.52,-27.38,1969,2,"041108",37.9
150.52,-27.38,1969,3,"041108",46.4
150.52,-27.38,1969,4,"041108",11.7
150.52,-27.38,1969,5,"041108",48.4
150.52,-27.38,1969,6,"041108",32
150.52,-27.38,1969,7,"041108",3.3
150.52,-27.38,1969,8,"041108",14.5
150.52,-27.38,1969,9,"041108",41.9
150.52,-27.38,1969,10,"041108",121.2
150.52,-27.38,1969,11,"041108",68
150.52,-27.38,1969,12,"041108",55.2
150.52,-27.38,1970,1,"041108",96
150.52,-27.38,1970,2,"041108",23.4
150.52,-27.38,1970,3,"041108",18.8
150.52,-27.38,1970,4,"041108",21.3
150.52,-27.38,1970,5,"041108",10.2
150.52,-27.38,1970,6,"041108",16.1
150.52,-27.38,1970,7,"041108",0
150.52,-27.38,1970,8,"041108",4.3
150.52,-27.38,1970,9,"041108",71.2
150.52,-27.38,1970,10,"041108",42.6
150.52,-27.38,1970,11,"041108",32.3
150.52,-27.38,1970,12,"041108",342
150.52,-27.38,1971,1,"041108",178.8
150.52,-27.38,1971,2,"041108",139
150.52,-27.38,1971,3,"041108",1.8
150.52,-27.38,1971,4,"041108",2.5
150.52,-27.38,1971,5,"041108",30.5
150.52,-27.38,1971,6,"041108",2.3
150.52,-27.38,1971,7,"041108",34
150.52,-27.38,1971,8,"041108",62.4
150.52,-27.38,1971,9,"041108",48.5
150.52,-27.38,1971,10,"041108",71.4
150.52,-27.38,1971,11,"041108",59.3
150.52,-27.38,1971,12,"041108",192.5
150.52,-27.38,1972,1,"041108",82.2
150.52,-27.38,1972,2,"041108",20.3
150.52,-27.38,1972,3,"041108",21.3
150.52,-27.38,1972,4,"041108",47.8
150.52,-27.38,1972,5,"041108",29.7
150.52,-27.38,1972,6,"041108",4.9
150.52,-27.38,1972,7,"041108",0
150.52,-27.38,1972,8,"041108",22.9
150.52,-27.38,1972,9,"041108",23.3
150.52,-27.38,1972,10,"041108",123
150.52,-27.38,1972,11,"041108",87.7
150.52,-27.38,1972,12,"041108",34.8
150.52,-27.38,1973,1,"041108",106.1
150.52,-27.38,1973,2,"041108",69.1
150.52,-27.38,1973,3,"041108",6.6
150.52,-27.38,1973,4,"041108",17
150.52,-27.38,1973,5,"041108",12.3
150.52,-27.38,1973,6,"041108",7.6
150.52,-27.38,1973,7,"041108",135.2
150.52,-27.38,1973,8,"041108",35.8
150.52,-27.38,1973,9,"041108",33.7
150.52,-27.38,1973,10,"041108",36.6
150.52,-27.38,1973,11,"041108",55
150.52,-27.38,1973,12,"041108",65.9
150.52,-27.38,1974,1,"041108",161.4
150.52,-27.38,1974,2,"041108",12.6
150.52,-27.38,1974,3,"041108",0.8
150.52,-27.38,1974,4,"041108",52
150.52,-27.38,1974,5,"041108",26.4
150.52,-27.38,1974,6,"041108",10.6
150.52,-27.38,1974,7,"041108",3.8
150.52,-27.38,1974,8,"041108",20
150.52,-27.38,1974,9,"041108",5.6
150.52,-27.38,1974,10,"041108",44.8
150.52,-27.38,1974,11,"041108",108
150.52,-27.38,1974,12,"041108",73.2
150.52,-27.38,1975,1,"041108",27.6
150.52,-27.38,1975,2,"041108",64.1
150.52,-27.38,1975,3,"041108",73.7
150.52,-27.38,1975,4,"041108",0
150.52,-27.38,1975,5,"041108",0
150.52,-27.38,1975,6,"041108",25
150.52,-27.38,1975,7,"041108",71.6
150.52,-27.38,1975,8,"041108",39.2
150.52,-27.38,1975,9,"041108",29.2
150.52,-27.38,1975,10,"041108",70.7
150.52,-27.38,1975,11,"041108",57.3
150.52,-27.38,1975,12,"041108",118.6
150.52,-27.38,1976,1,"041108",19
150.52,-27.38,1976,2,"041108",68.9
150.52,-27.38,1976,3,"041108",77.2
150.52,-27.38,1976,4,"041108",8.6
150.52,-27.38,1976,5,"041108",28.8
150.52,-27.38,1976,6,"041108",8.9
150.52,-27.38,1976,7,"041108",31.8
150.52,-27.38,1976,8,"041108",4.8
150.52,-27.38,1976,9,"041108",49.7
150.52,-27.38,1976,10,"041108",66.2
150.52,-27.38,1976,11,"041108",31.8
150.52,-27.38,1976,12,"041108",36.2
150.52,-27.38,1977,1,"041108",28.3
150.52,-27.38,1977,2,"041108",97.4
150.52,-27.38,1977,3,"041108",200
150.52,-27.38,1977,4,"041108",10.8
150.52,-27.38,1977,5,"041108",118.8
150.52,-27.38,1977,6,"041108",0.8
150.52,-27.38,1977,7,"041108",0
150.52,-27.38,1977,8,"041108",6.6
150.52,-27.38,1977,9,"041108",6.6
150.52,-27.38,1977,10,"041108",10.4
150.52,-27.38,1977,11,"041108",39.8
150.52,-27.38,1977,12,"041108",9
150.52,-27.38,1978,1,"041108",98.4
150.52,-27.38,1978,2,"041108",38
150.52,-27.38,1978,3,"041108",110
150.52,-27.38,1978,4,"041108",6
150.52,-27.38,1978,5,"041108",31.8
150.52,-27.38,1978,6,"041108",57.7
150.52,-27.38,1978,7,"041108",85.4
150.52,-27.38,1978,8,"041108",54.8
150.52,-27.38,1978,9,"041108",97.8
150.52,-27.38,1978,10,"041108",21.8
150.52,-27.38,1978,11,"041108",105.2
150.52,-27.38,1978,12,"041108",105.6
150.52,-27.38,1979,1,"041108",18.4
150.52,-27.38,1979,2,"041108",70.2
150.52,-27.38,1979,3,"041108",107.8
150.52,-27.38,1979,4,"041108",23.2
150.52,-27.38,1979,5,"041108",55.2
150.52,-27.38,1979,6,"041108",31
150.52,-27.38,1979,7,"041108",6.6
150.52,-27.38,1979,8,"041108",7.4
150.52,-27.38,1979,9,"041108",18.6
150.52,-27.38,1979,10,"041108",23.2
150.52,-27.38,1979,11,"041108",78
150.52,-27.38,1979,12,"041108",52
150.52,-27.38,1980,1,"041108",61.2
150.52,-27.38,1980,2,"041108",43.2
150.52,-27.38,1980,3,"041108",0
150.52,-27.38,1980,4,"041108",2.8
150.52,-27.38,1980,5,"041108",50.9
150.52,-27.38,1980,6,"041108",1.8
150.52,-27.38,1980,7,"041108",33.8
150.52,-27.38,1980,8,"041108",22.9
150.52,-27.38,1980,9,"041108",0
150.52,-27.38,1980,10,"041108",91.8
150.52,-27.38,1980,11,"041108",2.6
150.52,-27.38,1980,12,"041108",88.8
150.52,-27.38,1981,1,"041108",18.4
150.52,-27.38,1981,2,"041108",43.4
150.52,-27.38,1981,3,"041108",0.6
150.52,-27.38,1981,4,"041108",67.6
150.52,-27.38,1981,5,"041108",47.6
150.52,-27.38,1981,6,"041108",52.8
150.52,-27.38,1981,7,"041108",62.2
150.52,-27.38,1981,8,"041108",24.2
150.52,-27.38,1981,9,"041108",6
150.52,-27.38,1981,10,"041108",24.4
150.52,-27.38,1981,11,"041108",107.9
150.52,-27.38,1981,12,"041108",73
150.52,-27.38,1982,1,"041108",69.8
150.52,-27.38,1982,2,"041108",63.8
150.52,-27.38,1982,3,"041108",87.4
150.52,-27.38,1982,4,"041108",29.8
150.52,-27.38,1982,5,"041108",22.8
150.52,-27.38,1982,6,"041108",1.2
150.52,-27.38,1982,7,"041108",28.8
150.52,-27.38,1982,8,"041108",1.2
150.52,-27.38,1982,9,"041108",45.8
150.52,-27.38,1982,10,"041108",44.4
150.52,-27.38,1982,11,"041108",14
150.52,-27.38,1982,12,"041108",117.2
150.52,-27.38,1983,1,"041108",89
150.52,-27.38,1983,2,"041108",15.4
150.52,-27.38,1983,3,"041108",49.3
150.52,-27.38,1983,4,"041108",123.2
150.52,-27.38,1983,5,"041108",203.8
150.52,-27.38,1983,6,"041108",84
150.52,-27.38,1983,7,"041108",9.6
150.52,-27.38,1983,8,"041108",32.4
150.52,-27.38,1983,9,"041108",30.3
150.52,-27.38,1983,10,"041108",45.8
150.52,-27.38,1983,11,"041108",197.4
150.52,-27.38,1983,12,"041108",51.4
150.52,-27.38,1984,1,"041108",163.8
150.52,-27.38,1984,2,"041108",84.4
150.52,-27.38,1984,3,"041108",11.4
150.52,-27.38,1984,4,"041108",139.4
150.52,-27.38,1984,5,"041108",0.6
150.52,-27.38,1984,6,"041108",88.4
150.52,-27.38,1984,7,"041108",135.6
150.52,-27.38,1984,8,"041108",24.8
150.52,-27.38,1984,9,"041108",45.5
150.52,-27.38,1984,10,"041108",56.6
150.52,-27.38,1984,11,"041108",28.8
150.52,-27.38,1984,12,"041108",91.6
150.52,-27.38,1985,1,"041108",41
150.52,-27.38,1985,2,"041108",11.4
150.52,-27.38,1985,3,"041108",28.2
150.52,-27.38,1985,4,"041108",16
150.52,-27.38,1985,5,"041108",14.8
150.52,-27.38,1985,6,"041108",46.2
150.52,-27.38,1985,7,"041108",73.4
150.52,-27.38,1985,8,"041108",45.8
150.52,-27.38,1985,9,"041108",11
150.52,-27.38,1985,10,"041108",80.7
150.52,-27.38,1985,11,"041108",15.6
150.52,-27.38,1985,12,"041108",91.4
150.52,-27.38,1986,1,"041108",49.8
150.52,-27.38,1986,2,"041108",53.8
150.52,-27.38,1986,3,"041108",1.8
150.52,-27.38,1986,4,"041108",0
150.52,-27.38,1986,5,"041108",65.9
150.52,-27.38,1986,6,"041108",0
150.52,-27.38,1986,7,"041108",44
150.52,-27.38,1986,8,"041108",18.8
150.52,-27.38,1986,9,"041108",35.8
150.52,-27.38,1986,10,"041108",43.1
150.52,-27.38,1986,11,"041108",57.8
150.52,-27.38,1986,12,"041108",7.8
150.52,-27.38,1987,1,"041108",41
150.52,-27.38,1987,2,"041108",6.6
150.52,-27.38,1987,3,"041108",24
150.52,-27.38,1987,4,"041108",1
150.52,-27.38,1987,5,"041108",54.4
150.52,-27.38,1987,6,"041108",21.8
150.52,-27.38,1987,7,"041108",9.2
150.52,-27.38,1987,8,"041108",34.6
150.52,-27.38,1987,9,"041108",8.8
150.52,-27.38,1987,10,"041108",153.4
150.52,-27.38,1987,11,"041108",47.8
150.52,-27.38,1987,12,"041108",104.1
150.52,-27.38,1988,1,"041108",131.3
150.52,-27.38,1988,2,"041108",114.4
150.52,-27.38,1988,3,"041108",49.1
150.52,-27.38,1988,4,"041108",175.6
150.52,-27.38,1988,5,"041108",24.2
150.52,-27.38,1988,6,"041108",11
150.52,-27.38,1988,7,"041108",80.2
150.52,-27.38,1988,8,"041108",43.2
150.52,-27.38,1988,9,"041108",46.8
150.52,-27.38,1988,10,"041108",3.8
150.52,-27.38,1988,11,"041108",76.4
150.52,-27.38,1988,12,"041108",73
150.52,-27.38,1989,1,"041108",32
150.52,-27.38,1989,2,"041108",30
150.52,-27.38,1989,3,"041108",158.6
150.52,-27.38,1989,4,"041108",87.3
150.52,-27.38,1989,5,"041108",43.6
150.52,-27.38,1989,6,"041108",47.4
150.52,-27.38,1989,7,"041108",25
150.52,-27.38,1989,8,"041108",21.4
150.52,-27.38,1989,9,"041108",8
150.52,-27.38,1989,10,"041108",71
150.52,-27.38,1989,11,"041108",39.2
150.52,-27.38,1989,12,"041108",87
150.52,-27.38,1990,1,"041108",55.8
150.52,-27.38,1990,2,"041108",25.6
150.52,-27.38,1990,3,"041108",85.6
150.52,-27.38,1990,4,"041108",101.2
150.52,-27.38,1990,5,"041108",50
150.52,-27.38,1990,6,"041108",22
150.52,-27.38,1990,7,"041108",35.4
150.52,-27.38,1990,8,"041108",23
150.52,-27.38,1990,9,"041108",26.6
150.52,-27.38,1990,10,"041108",30.8
150.52,-27.38,1990,11,"041108",6.8
150.52,-27.38,1990,12,"041108",21.8
150.52,-27.38,1991,1,"041108",81.6
150.52,-27.38,1991,2,"041108",102.7
150.52,-27.38,1991,3,"041108",5.2
150.52,-27.38,1991,4,"041108",3.8
150.52,-27.38,1991,5,"041108",65.4
150.52,-27.38,1991,6,"041108",4
150.52,-27.38,1991,7,"041108",25.6
150.52,-27.38,1991,8,"041108",0
150.52,-27.38,1991,9,"041108",3.8
150.52,-27.38,1991,10,"041108",20
150.52,-27.38,1991,11,"041108",54
150.52,-27.38,1991,12,"041108",124.6
150.52,-27.38,1992,1,"041108",62.4
150.52,-27.38,1992,2,"041108",91.8
150.52,-27.38,1992,3,"041108",12
150.52,-27.38,1992,4,"041108",18
150.52,-27.38,1992,5,"041108",57
150.52,-27.38,1992,6,"041108",1.6
150.52,-27.38,1992,7,"041108",20.4
150.52,-27.38,1992,8,"041108",24.8
150.52,-27.38,1992,9,"041108",25.6
150.52,-27.38,1992,10,"041108",24.6
150.52,-27.38,1992,11,"041108",42.6
150.52,-27.38,1992,12,"041108",57.3
150.52,-27.38,1993,1,"041108",20.6
150.52,-27.38,1993,2,"041108",29.6
150.52,-27.38,1993,3,"041108",4
150.52,-27.38,1993,4,"041108",2.8
150.52,-27.38,1993,5,"041108",10.4
150.52,-27.38,1993,6,"041108",19.4
150.52,-27.38,1993,7,"041108",38.6
150.52,-27.38,1993,8,"041108",3.2
150.52,-27.38,1993,9,"041108",30.8
150.52,-27.38,1993,10,"041108",67.1
150.52,-27.38,1993,11,"041108",50.5
150.52,-27.38,1993,12,"041108",98
150.52,-27.38,1994,1,"041108",53.6
150.52,-27.38,1994,2,"041108",63.4
150.52,-27.38,1994,3,"041108",125.8
150.52,-27.38,1994,4,"041108",0
150.52,-27.38,1994,5,"041108",12
150.52,-27.38,1994,6,"041108",42
150.52,-27.38,1994,7,"041108",6.2
150.52,-27.38,1994,8,"041108",2.2
150.52,-27.38,1994,9,"041108",0.6
150.52,-27.38,1994,10,"041108",58.8
150.52,-27.38,1994,11,"041108",72.4
150.52,-27.38,1994,12,"041108",21.4
150.52,-27.38,1995,1,"041108",134.1
150.52,-27.38,1995,2,"041108",109.6
150.52,-27.38,1995,3,"041108",0
150.52,-27.38,1995,4,"041108",0
150.52,-27.38,1995,5,"041108",63.4
150.52,-27.38,1995,6,"041108",46
150.52,-27.38,1995,7,"041108",5.6
150.52,-27.38,1995,8,"041108",0
150.52,-27.38,1995,9,"041108",29.8
150.52,-27.38,1995,10,"041108",85.8
150.52,-27.38,1995,11,"041108",138.3
150.52,-27.38,1995,12,"041108",101.6
150.52,-27.38,1996,1,"041108",194.6
150.52,-27.38,1996,2,"041108",9.6
150.52,-27.38,1996,3,"041108",19.2
150.52,-27.38,1996,4,"041108",31.8
150.52,-27.38,1996,5,"041108",117.6
150.52,-27.38,1996,6,"041108",6.8
150.52,-27.38,1996,7,"041108",17.4
150.52,-27.38,1996,8,"041108",33.8
150.52,-27.38,1996,9,"041108",36
150.52,-27.38,1996,10,"041108",62.4
150.52,-27.38,1996,11,"041108",87.4
150.52,-27.38,1996,12,"041108",87.2
150.52,-27.38,1997,1,"041108",38.8
150.52,-27.38,1997,2,"041108",193.6
150.52,-27.38,1997,3,"041108",19.2
150.52,-27.38,1997,4,"041108",0
150.52,-27.38,1997,5,"041108",61.6
150.52,-27.38,1997,6,"041108",17
150.52,-27.38,1997,7,"041108",8.2
150.52,-27.38,1997,8,"041108",0
150.52,-27.38,1997,9,"041108",64.3
150.52,-27.38,1997,10,"041108",94.5
150.52,-27.38,1997,11,"041108",83
150.52,-27.38,1997,12,"041108",108.6
150.52,-27.38,1998,1,"041108",83.2
150.52,-27.38,1998,2,"041108",115.3
150.52,-27.38,1998,3,"041108",0
150.52,-27.38,1998,4,"041108",47.9
150.52,-27.38,1998,5,"041108",55
150.52,-27.38,1998,6,"041108",46
150.52,-27.38,1998,7,"041108",48.6
150.52,-27.38,1998,8,"041108",127.2
150.52,-27.38,1998,9,"041108",56.2
150.52,-27.38,1998,10,"041108",60.8
150.52,-27.38,1998,11,"041108",39.8
150.52,-27.38,1998,12,"041108",40.6
150.52,-27.38,1999,1,"041108",118.2
150.52,-27.38,1999,2,"041108",113.4
150.52,-27.38,1999,3,"041108",148.2
150.52,-27.38,1999,4,"041108",1.6
150.52,-27.38,1999,5,"041108",25.6
150.52,-27.38,1999,6,"041108",19.6
150.52,-27.38,1999,7,"041108",92.4
150.52,-27.38,1999,8,"041108",21.6
150.52,-27.38,1999,9,"041108",8.4
150.52,-27.38,1999,10,"041108",51.4
150.52,-27.38,1999,11,"041108",89.4
150.52,-27.38,1999,12,"041108",134.8
150.52,-27.38,2000,1,"041108",69.4
150.52,-27.38,2000,2,"041108",38.4
150.52,-27.38,2000,3,"041108",56.2
150.52,-27.38,2000,4,"041108",17.6
150.52,-27.38,2000,5,"041108",36
150.52,-27.38,2000,6,"041108",22.6
150.52,-27.38,2000,7,"041108",3.2
150.52,-27.38,2000,8,"041108",7.2
150.52,-27.38,2000,9,"041108",8.6
150.52,-27.38,2000,10,"041108",70
150.52,-27.38,2000,11,"041108",44.8
150.52,-27.38,2000,12,"041108",97.4
150.52,-27.38,2001,1,"041108",19.4
150.52,-27.38,2001,2,"041108",136.8
150.52,-27.38,2001,3,"041108",33.6
150.52,-27.38,2001,4,"041108",22.6
150.52,-27.38,2001,5,"041108",21.4
150.52,-27.38,2001,6,"041108",1.2
150.52,-27.38,2001,7,"041108",39.6
150.52,-27.38,2001,8,"041108",7.8
150.52,-27.38,2001,9,"041108",18.2
150.52,-27.38,2001,10,"041108",58
150.52,-27.38,2001,11,"041108",100.4
150.52,-27.38,2001,12,"041108",97.6
150.52,-27.38,2002,1,"041108",40
150.52,-27.38,2002,2,"041108",46.4
150.52,-27.38,2002,3,"041108",113
150.52,-27.38,2002,4,"041108",1
150.52,-27.38,2002,5,"041108",11.4
150.52,-27.38,2002,6,"041108",32.6
150.52,-27.38,2002,7,"041108",0
150.52,-27.38,2002,8,"041108",71
150.52,-27.38,2002,9,"041108",3.2
150.52,-27.38,2002,10,"041108",30.8
150.52,-27.38,2002,11,"041108",25.6
150.52,-27.38,2002,12,"041108",82.6
150.52,-27.38,2003,1,"041108",5.6
150.52,-27.38,2003,2,"041108",133.8
150.52,-27.38,2003,3,"041108",64.2
150.52,-27.38,2003,4,"041108",81
150.52,-27.38,2003,5,"041108",4.8
150.52,-27.38,2003,6,"041108",68.6
150.52,-27.38,2003,7,"041108",26.2
150.52,-27.38,2003,8,"041108",27.8
150.52,-27.38,2003,9,"041108",0
150.52,-27.38,2003,10,"041108",91.4
150.52,-27.38,2003,11,"041108",28.6
150.52,-27.38,2003,12,"041108",97.2
150.52,-27.38,2004,1,"041108",127.6
150.52,-27.38,2004,2,"041108",62.2
150.52,-27.38,2004,3,"041108",42.6
150.52,-27.38,2004,4,"041108",51.4
150.52,-27.38,2004,5,"041108",11
150.52,-27.38,2004,6,"041108",7.4
150.52,-27.38,2004,7,"041108",11
150.52,-27.38,2004,8,"041108",18.8
150.52,-27.38,2004,9,"041108",24.6
150.52,-27.38,2004,10,"041108",26
150.52,-27.38,2004,11,"041108",77.2
150.52,-27.38,2004,12,"041108",157
150.52,-27.38,2005,1,"041108",17.8
150.52,-27.38,2005,2,"041108",18.8
150.52,-27.38,2005,3,"041108",22.2
150.52,-27.38,2005,4,"041108",0
150.52,-27.38,2005,5,"041108",19.4
150.52,-27.38,2005,6,"041108",NA
150.52,-27.38,2005,7,"041108",2.6
150.52,-27.38,2005,8,"041108",5.8
150.52,-27.38,2005,9,"041108",9.4
150.52,-27.38,2005,10,"041108",68
150.52,-27.38,2005,11,"041108",26
150.52,-27.38,2005,12,"041108",103.6
150.52,-27.38,2006,1,"041108",69.8
150.52,-27.38,2006,2,"041108",55.6
150.52,-27.38,2006,3,"041108",23.6
150.52,-27.38,2006,4,"041108",14.8
150.52,-27.38,2006,5,"041108",16.4
150.52,-27.38,2006,6,"041108",7.2
150.52,-27.38,2006,7,"041108",35.8
150.52,-27.38,2006,8,"041108",1.8
150.52,-27.38,2006,9,"041108",35.8
150.52,-27.38,2006,10,"041108",0
150.52,-27.38,2006,11,"041108",23.4
150.52,-27.38,2006,12,"041108",36.4
150.52,-27.38,2007,1,"041108",10.8
150.52,-27.38,2007,2,"041108",95.4
150.52,-27.38,2007,3,"041108",51.6
150.52,-27.38,2007,4,"041108",7.8
150.52,-27.38,2007,5,"041108",1.4
150.52,-27.38,2007,6,"041108",NA
150.52,-27.38,2007,7,"041108",0
150.52,-27.38,2007,8,"041108",105.4
150.52,-27.38,2007,9,"041108",31.6
150.52,-27.38,2007,10,"041108",71.2
150.52,-27.38,2007,11,"041108",29
150.52,-27.38,2007,12,"041108",102
150.52,-27.38,2008,1,"041108",56.4
150.52,-27.38,2008,2,"041108",62.8
150.52,-27.38,2008,3,"041108",3.2
150.52,-27.38,2008,4,"041108",6.2
150.52,-27.38,2008,5,"041108",17.8
150.52,-27.38,2008,6,"041108",24.2
150.52,-27.38,2008,7,"041108",44.8
150.52,-27.38,2008,8,"041108",6.8
150.52,-27.38,2008,9,"041108",50
150.52,-27.38,2008,10,"041108",63.8
150.52,-27.38,2008,11,"041108",113.2
150.52,-27.38,2008,12,"041108",NA
150.52,-27.38,2009,1,"041108",23.6
150.52,-27.38,2009,2,"041108",49.6
150.52,-27.38,2009,3,"041108",3
150.52,-27.38,2009,4,"041108",39.4
150.52,-27.38,2009,5,"041108",56.2
150.52,-27.38,2009,6,"041108",53.4
150.52,-27.38,2009,7,"041108",8.8
150.52,-27.38,2009,8,"041108",2.8
150.52,-27.38,2009,9,"041108",13.6
150.52,-27.38,2009,10,"041108",14.8
150.52,-27.38,2009,11,"041108",9.4
150.52,-27.38,2009,12,"041108",56.2
150.52,-27.38,2010,1,"041108",18.2
150.52,-27.38,2010,2,"041108",126.8
150.52,-27.38,2010,3,"041108",184.4
150.52,-27.38,2010,4,"041108",26.8
150.52,-27.38,2010,5,"041108",13
150.52,-27.38,2010,6,"041108",6
150.52,-27.38,2010,7,"041108",43.6
150.52,-27.38,2010,8,"041108",NA
150.52,-27.38,2010,9,"041108",64.4
150.52,-27.38,2010,10,"041108",110.8
150.52,-27.38,2010,11,"041108",69.6
150.52,-27.38,2010,12,"041108",258.6
150.52,-27.38,2011,1,"041108",118.4
150.52,-27.38,2011,2,"041108",11.6
150.52,-27.38,2011,3,"041108",165.6
150.52,-27.38,2011,4,"041108",45.2
150.52,-27.38,2011,5,"041108",46.2
150.52,-27.38,2011,6,"041108",12
150.52,-27.38,2011,7,"041108",10.4
150.52,-27.38,2011,8,"041108",58.2
150.52,-27.38,2011,9,"041108",29.6
150.52,-27.38,2011,10,"041108",76.4
150.52,-27.38,2011,11,"041108",36.2
150.52,-27.38,2011,12,"041108",77.2
150.52,-27.38,2012,1,"041108",157.8
150.52,-27.38,2012,2,"041108",14.2
150.52,-27.38,2012,3,"041108",54.6
150.52,-27.38,2012,4,"041108",37
150.52,-27.38,2012,5,"041108",29.2
150.52,-27.38,2012,6,"041108",79.2
150.52,-27.38,2012,7,"041108",21.8
150.52,-27.38,2012,8,"041108",16.6
150.52,-27.38,2012,9,"041108",8
150.52,-27.38,2012,10,"041108",57
150.52,-27.38,2012,11,"041108",60
150.52,-27.38,2012,12,"041108",96.2
150.52,-27.38,2013,1,"041108",291.8
150.52,-27.38,2013,2,"041108",42.4
150.52,-27.38,2013,3,"041108",NA
150.52,-27.38,2013,4,"041108",NA
150.52,-27.38,2013,5,"041108",NA
150.52,-27.38,2013,6,"041108",NA
150.52,-27.38,2013,7,"041108",NA
150.52,-27.38,2013,8,"041108",NA
150.52,-27.38,2013,9,"041108",NA
150.52,-27.38,2013,10,"041108",NA
150.52,-27.38,2013,11,"041108",NA
150.52,-27.38,2013,12,"041108",NA
