"Lon","Lat","Year","Month","Station","Rain"
135.45,-27.55,1985,1,"017114",NA
135.45,-27.55,1985,2,"017114",NA
135.45,-27.55,1985,3,"017114",NA
135.45,-27.55,1985,4,"017114",NA
135.45,-27.55,1985,5,"017114",NA
135.45,-27.55,1985,6,"017114",NA
135.45,-27.55,1985,7,"017114",NA
135.45,-27.55,1985,8,"017114",0.6
135.45,-27.55,1985,9,"017114",0
135.45,-27.55,1985,10,"017114",37.6
135.45,-27.55,1985,11,"017114",33.7
135.45,-27.55,1985,12,"017114",0.3
135.45,-27.55,1986,1,"017114",NA
135.45,-27.55,1986,2,"017114",0
135.45,-27.55,1986,3,"017114",0
135.45,-27.55,1986,4,"017114",0
135.45,-27.55,1986,5,"017114",14.2
135.45,-27.55,1986,6,"017114",13
135.45,-27.55,1986,7,"017114",24.8
135.45,-27.55,1986,8,"017114",5.2
135.45,-27.55,1986,9,"017114",4.9
135.45,-27.55,1986,10,"017114",27.8
135.45,-27.55,1986,11,"017114",1.6
135.45,-27.55,1986,12,"017114",51.9
135.45,-27.55,1987,1,"017114",NA
135.45,-27.55,1987,2,"017114",79.6
135.45,-27.55,1987,3,"017114",0.2
135.45,-27.55,1987,4,"017114",1
135.45,-27.55,1987,5,"017114",1.4
135.45,-27.55,1987,6,"017114",10
135.45,-27.55,1987,7,"017114",0.4
135.45,-27.55,1987,8,"017114",4.6
135.45,-27.55,1987,9,"017114",8.2
135.45,-27.55,1987,10,"017114",5.2
135.45,-27.55,1987,11,"017114",0.4
135.45,-27.55,1987,12,"017114",57
135.45,-27.55,1988,1,"017114",0.4
135.45,-27.55,1988,2,"017114",0
135.45,-27.55,1988,3,"017114",42
135.45,-27.55,1988,4,"017114",14.2
135.45,-27.55,1988,5,"017114",22.1
135.45,-27.55,1988,6,"017114",1.7
135.45,-27.55,1988,7,"017114",15.8
135.45,-27.55,1988,8,"017114",19.8
135.45,-27.55,1988,9,"017114",0
135.45,-27.55,1988,10,"017114",1.8
135.45,-27.55,1988,11,"017114",4.2
135.45,-27.55,1988,12,"017114",66.4
135.45,-27.55,1989,1,"017114",0
135.45,-27.55,1989,2,"017114",0
135.45,-27.55,1989,3,"017114",202.6
135.45,-27.55,1989,4,"017114",6.8
135.45,-27.55,1989,5,"017114",35.4
135.45,-27.55,1989,6,"017114",15
135.45,-27.55,1989,7,"017114",14.6
135.45,-27.55,1989,8,"017114",0.2
135.45,-27.55,1989,9,"017114",0
135.45,-27.55,1989,10,"017114",0.2
135.45,-27.55,1989,11,"017114",22.5
135.45,-27.55,1989,12,"017114",1.6
135.45,-27.55,1990,1,"017114",15.6
135.45,-27.55,1990,2,"017114",0
135.45,-27.55,1990,3,"017114",0
135.45,-27.55,1990,4,"017114",23.6
135.45,-27.55,1990,5,"017114",13.8
135.45,-27.55,1990,6,"017114",1.6
135.45,-27.55,1990,7,"017114",4.4
135.45,-27.55,1990,8,"017114",3.6
135.45,-27.55,1990,9,"017114",0
135.45,-27.55,1990,10,"017114",8
135.45,-27.55,1990,11,"017114",0
135.45,-27.55,1990,12,"017114",11
135.45,-27.55,1991,1,"017114",0.2
135.45,-27.55,1991,2,"017114",0
135.45,-27.55,1991,3,"017114",1.6
135.45,-27.55,1991,4,"017114",0
135.45,-27.55,1991,5,"017114",0
135.45,-27.55,1991,6,"017114",5.2
135.45,-27.55,1991,7,"017114",0
135.45,-27.55,1991,8,"017114",3.6
135.45,-27.55,1991,9,"017114",3.9
135.45,-27.55,1991,10,"017114",0.6
135.45,-27.55,1991,11,"017114",35.4
135.45,-27.55,1991,12,"017114",32
135.45,-27.55,1992,1,"017114",2.8
135.45,-27.55,1992,2,"017114",130
135.45,-27.55,1992,3,"017114",2
135.45,-27.55,1992,4,"017114",24.6
135.45,-27.55,1992,5,"017114",25.2
135.45,-27.55,1992,6,"017114",27.4
135.45,-27.55,1992,7,"017114",1.8
135.45,-27.55,1992,8,"017114",47.3
135.45,-27.55,1992,9,"017114",10.2
135.45,-27.55,1992,10,"017114",23.8
135.45,-27.55,1992,11,"017114",39.5
135.45,-27.55,1992,12,"017114",7.2
135.45,-27.55,1993,1,"017114",7.6
135.45,-27.55,1993,2,"017114",3
135.45,-27.55,1993,3,"017114",1.6
135.45,-27.55,1993,4,"017114",0
135.45,-27.55,1993,5,"017114",23
135.45,-27.55,1993,6,"017114",8
135.45,-27.55,1993,7,"017114",42.6
135.45,-27.55,1993,8,"017114",2.6
135.45,-27.55,1993,9,"017114",19.4
135.45,-27.55,1993,10,"017114",51.5
135.45,-27.55,1993,11,"017114",3.6
135.45,-27.55,1993,12,"017114",38.2
135.45,-27.55,1994,1,"017114",0
135.45,-27.55,1994,2,"017114",63.4
135.45,-27.55,1994,3,"017114",0
135.45,-27.55,1994,4,"017114",0
135.45,-27.55,1994,5,"017114",0
135.45,-27.55,1994,6,"017114",16.3
135.45,-27.55,1994,7,"017114",0.4
135.45,-27.55,1994,8,"017114",0
135.45,-27.55,1994,9,"017114",0.2
135.45,-27.55,1994,10,"017114",0
135.45,-27.55,1994,11,"017114",5
135.45,-27.55,1994,12,"017114",6
135.45,-27.55,1995,1,"017114",50.1
135.45,-27.55,1995,2,"017114",11.4
135.45,-27.55,1995,3,"017114",0
135.45,-27.55,1995,4,"017114",0.1
135.45,-27.55,1995,5,"017114",0
135.45,-27.55,1995,6,"017114",NA
135.45,-27.55,1995,7,"017114",NA
135.45,-27.55,1995,8,"017114",1
135.45,-27.55,1995,9,"017114",10.2
135.45,-27.55,1995,10,"017114",13
135.45,-27.55,1995,11,"017114",51
135.45,-27.55,1995,12,"017114",7
135.45,-27.55,1996,1,"017114",0
135.45,-27.55,1996,2,"017114",0
135.45,-27.55,1996,3,"017114",0
135.45,-27.55,1996,4,"017114",0
135.45,-27.55,1996,5,"017114",0
135.45,-27.55,1996,6,"017114",NA
135.45,-27.55,1996,7,"017114",20.8
135.45,-27.55,1996,8,"017114",1.4
135.45,-27.55,1996,9,"017114",3.2
135.45,-27.55,1996,10,"017114",17.4
135.45,-27.55,1996,11,"017114",0
135.45,-27.55,1996,12,"017114",31.8
135.45,-27.55,1997,1,"017114",5.6
135.45,-27.55,1997,2,"017114",NA
135.45,-27.55,1997,3,"017114",NA
135.45,-27.55,1997,4,"017114",NA
135.45,-27.55,1997,5,"017114",NA
135.45,-27.55,1997,6,"017114",NA
135.45,-27.55,1997,7,"017114",NA
135.45,-27.55,1997,8,"017114",9
135.45,-27.55,1997,9,"017114",2.7
135.45,-27.55,1997,10,"017114",12.9
135.45,-27.55,1997,11,"017114",4.9
135.45,-27.55,1997,12,"017114",10.4
135.45,-27.55,1998,1,"017114",22
135.45,-27.55,1998,2,"017114",18
135.45,-27.55,1998,3,"017114",3
135.45,-27.55,1998,4,"017114",49.2
135.45,-27.55,1998,5,"017114",0
135.45,-27.55,1998,6,"017114",NA
135.45,-27.55,1998,7,"017114",NA
135.45,-27.55,1998,8,"017114",0
135.45,-27.55,1998,9,"017114",18
135.45,-27.55,1998,10,"017114",24.2
135.45,-27.55,1998,11,"017114",17.1
135.45,-27.55,1998,12,"017114",6.4
135.45,-27.55,1999,1,"017114",0
135.45,-27.55,1999,2,"017114",3.2
135.45,-27.55,1999,3,"017114",23.8
135.45,-27.55,1999,4,"017114",1
135.45,-27.55,1999,5,"017114",1.4
135.45,-27.55,1999,6,"017114",0
135.45,-27.55,1999,7,"017114",0
135.45,-27.55,1999,8,"017114",2
135.45,-27.55,1999,9,"017114",1.6
135.45,-27.55,1999,10,"017114",25.4
135.45,-27.55,1999,11,"017114",5.7
135.45,-27.55,1999,12,"017114",35.5
135.45,-27.55,2000,1,"017114",8.9
135.45,-27.55,2000,2,"017114",93.9
135.45,-27.55,2000,3,"017114",3
135.45,-27.55,2000,4,"017114",48
135.45,-27.55,2000,5,"017114",0
135.45,-27.55,2000,6,"017114",0.2
135.45,-27.55,2000,7,"017114",3.8
135.45,-27.55,2000,8,"017114",7.6
135.45,-27.55,2000,9,"017114",0
135.45,-27.55,2000,10,"017114",13.4
135.45,-27.55,2000,11,"017114",25
135.45,-27.55,2000,12,"017114",NA
135.45,-27.55,2001,1,"017114",10.2
135.45,-27.55,2001,2,"017114",50
135.45,-27.55,2001,3,"017114",17
135.45,-27.55,2001,4,"017114",3
135.45,-27.55,2001,5,"017114",0
135.45,-27.55,2001,6,"017114",107.8
135.45,-27.55,2001,7,"017114",15.4
135.45,-27.55,2001,8,"017114",0
135.45,-27.55,2001,9,"017114",13.5
135.45,-27.55,2001,10,"017114",11.4
135.45,-27.55,2001,11,"017114",0
135.45,-27.55,2001,12,"017114",NA
135.45,-27.55,2002,1,"017114",0
135.45,-27.55,2002,2,"017114",128.4
135.45,-27.55,2002,3,"017114",0
135.45,-27.55,2002,4,"017114",0.2
135.45,-27.55,2002,5,"017114",0
135.45,-27.55,2002,6,"017114",0
135.45,-27.55,2002,7,"017114",0
135.45,-27.55,2002,8,"017114",0
135.45,-27.55,2002,9,"017114",4.4
135.45,-27.55,2002,10,"017114",0
135.45,-27.55,2002,11,"017114",23.6
135.45,-27.55,2002,12,"017114",10.6
135.45,-27.55,2003,1,"017114",0.4
135.45,-27.55,2003,2,"017114",115.3
135.45,-27.55,2003,3,"017114",0
135.45,-27.55,2003,4,"017114",17.2
135.45,-27.55,2003,5,"017114",4.4
135.45,-27.55,2003,6,"017114",0
135.45,-27.55,2003,7,"017114",0
135.45,-27.55,2003,8,"017114",23.8
135.45,-27.55,2003,9,"017114",0
135.45,-27.55,2003,10,"017114",2.4
135.45,-27.55,2003,11,"017114",5.4
135.45,-27.55,2003,12,"017114",33.2
135.45,-27.55,2004,1,"017114",0
135.45,-27.55,2004,2,"017114",11.2
135.45,-27.55,2004,3,"017114",2.2
135.45,-27.55,2004,4,"017114",1.2
135.45,-27.55,2004,5,"017114",15
135.45,-27.55,2004,6,"017114",37.4
135.45,-27.55,2004,7,"017114",0
135.45,-27.55,2004,8,"017114",0
135.45,-27.55,2004,9,"017114",12
135.45,-27.55,2004,10,"017114",17.2
135.45,-27.55,2004,11,"017114",0
135.45,-27.55,2004,12,"017114",3.2
135.45,-27.55,2005,1,"017114",0.8
135.45,-27.55,2005,2,"017114",0
135.45,-27.55,2005,3,"017114",0
135.45,-27.55,2005,4,"017114",NA
135.45,-27.55,2005,5,"017114",0
135.45,-27.55,2005,6,"017114",11.7
135.45,-27.55,2005,7,"017114",36
135.45,-27.55,2005,8,"017114",0
135.45,-27.55,2005,9,"017114",7
135.45,-27.55,2005,10,"017114",72.8
135.45,-27.55,2005,11,"017114",1.4
135.45,-27.55,2005,12,"017114",25.6
135.45,-27.55,2007,1,"017114",NA
135.45,-27.55,2007,2,"017114",NA
135.45,-27.55,2007,3,"017114",NA
135.45,-27.55,2007,4,"017114",0.5
135.45,-27.55,2007,5,"017114",NA
135.45,-27.55,2007,6,"017114",0
135.45,-27.55,2007,7,"017114",0
135.45,-27.55,2007,8,"017114",0
135.45,-27.55,2007,9,"017114",0
135.45,-27.55,2007,10,"017114",0
135.45,-27.55,2007,11,"017114",9.5
135.45,-27.55,2007,12,"017114",4.4
135.45,-27.55,2008,1,"017114",0
135.45,-27.55,2008,2,"017114",5.4
135.45,-27.55,2008,3,"017114",1.6
135.45,-27.55,2008,4,"017114",0
135.45,-27.55,2008,5,"017114",0
135.45,-27.55,2008,6,"017114",3
135.45,-27.55,2008,7,"017114",NA
135.45,-27.55,2008,8,"017114",NA
135.45,-27.55,2008,9,"017114",0.8
135.45,-27.55,2008,10,"017114",0
135.45,-27.55,2008,11,"017114",45.3
135.45,-27.55,2008,12,"017114",57.5
135.45,-27.55,2009,1,"017114",0
135.45,-27.55,2009,2,"017114",0
135.45,-27.55,2009,3,"017114",6.2
135.45,-27.55,2009,4,"017114",NA
135.45,-27.55,2009,5,"017114",NA
135.45,-27.55,2009,6,"017114",1
135.45,-27.55,2009,7,"017114",0.6
135.45,-27.55,2009,8,"017114",0.6
135.45,-27.55,2009,9,"017114",NA
135.45,-27.55,2009,10,"017114",NA
135.45,-27.55,2009,11,"017114",NA
135.45,-27.55,2009,12,"017114",NA
135.45,-27.55,2011,1,"017114",NA
135.45,-27.55,2011,2,"017114",110.4
135.45,-27.55,2011,3,"017114",155.2
135.45,-27.55,2011,4,"017114",0.1
135.45,-27.55,2011,5,"017114",9.2
135.45,-27.55,2011,6,"017114",3.4
135.45,-27.55,2011,7,"017114",12.9
135.45,-27.55,2011,8,"017114",0.1
135.45,-27.55,2011,9,"017114",0
135.45,-27.55,2011,10,"017114",22.4
135.45,-27.55,2011,11,"017114",30.5
135.45,-27.55,2011,12,"017114",6.6
135.45,-27.55,2012,1,"017114",26.5
135.45,-27.55,2012,2,"017114",43.8
135.45,-27.55,2012,3,"017114",26.8
135.45,-27.55,2012,4,"017114",0.7
135.45,-27.55,2012,5,"017114",0
135.45,-27.55,2012,6,"017114",2.2
135.45,-27.55,2012,7,"017114",0
135.45,-27.55,2012,8,"017114",0
135.45,-27.55,2012,9,"017114",1.2
135.45,-27.55,2012,10,"017114",0
135.45,-27.55,2012,11,"017114",4.6
135.45,-27.55,2012,12,"017114",1.2
