"Lon","Lat","Year","Month","Station","Rain"
139.39,-31.48,1911,1,"020005",NA
139.39,-31.48,1911,2,"020005",NA
139.39,-31.48,1911,3,"020005",NA
139.39,-31.48,1911,4,"020005",NA
139.39,-31.48,1911,5,"020005",26.4
139.39,-31.48,1911,6,"020005",6.4
139.39,-31.48,1911,7,"020005",16
139.39,-31.48,1911,8,"020005",12.2
139.39,-31.48,1911,9,"020005",0
139.39,-31.48,1911,10,"020005",0
139.39,-31.48,1911,11,"020005",0
139.39,-31.48,1911,12,"020005",57.4
139.39,-31.48,1912,1,"020005",0
139.39,-31.48,1912,2,"020005",1.8
139.39,-31.48,1912,3,"020005",39.4
139.39,-31.48,1912,4,"020005",0
139.39,-31.48,1912,5,"020005",0
139.39,-31.48,1912,6,"020005",77.5
139.39,-31.48,1912,7,"020005",14.9
139.39,-31.48,1912,8,"020005",0
139.39,-31.48,1912,9,"020005",0
139.39,-31.48,1912,10,"020005",60.7
139.39,-31.48,1912,11,"020005",46.7
139.39,-31.48,1912,12,"020005",36.8
139.39,-31.48,1913,1,"020005",0
139.39,-31.48,1913,2,"020005",16.3
139.39,-31.48,1913,3,"020005",28.2
139.39,-31.48,1913,4,"020005",0
139.39,-31.48,1913,5,"020005",0
139.39,-31.48,1913,6,"020005",1.3
139.39,-31.48,1913,7,"020005",0
139.39,-31.48,1913,8,"020005",0
139.39,-31.48,1913,9,"020005",3
139.39,-31.48,1913,10,"020005",43.3
139.39,-31.48,1913,11,"020005",12.7
139.39,-31.48,1913,12,"020005",18
139.39,-31.48,1914,1,"020005",0
139.39,-31.48,1914,2,"020005",0
139.39,-31.48,1914,3,"020005",22.4
139.39,-31.48,1914,4,"020005",17
139.39,-31.48,1914,5,"020005",1.5
139.39,-31.48,1914,6,"020005",13
139.39,-31.48,1914,7,"020005",0
139.39,-31.48,1914,8,"020005",0
139.39,-31.48,1914,9,"020005",0
139.39,-31.48,1914,10,"020005",37.3
139.39,-31.48,1914,11,"020005",17.5
139.39,-31.48,1914,12,"020005",23.2
139.39,-31.48,1915,1,"020005",0.5
139.39,-31.48,1915,2,"020005",0
139.39,-31.48,1915,3,"020005",0
139.39,-31.48,1915,4,"020005",0
139.39,-31.48,1915,5,"020005",24.9
139.39,-31.48,1915,6,"020005",6.8
139.39,-31.48,1915,7,"020005",11.2
139.39,-31.48,1915,8,"020005",2.8
139.39,-31.48,1915,9,"020005",17.8
139.39,-31.48,1915,10,"020005",0
139.39,-31.48,1915,11,"020005",0
139.39,-31.48,1915,12,"020005",0
139.39,-31.48,1916,1,"020005",2
139.39,-31.48,1916,2,"020005",0
139.39,-31.48,1916,3,"020005",0
139.39,-31.48,1916,4,"020005",0
139.39,-31.48,1916,5,"020005",3.8
139.39,-31.48,1916,6,"020005",20.1
139.39,-31.48,1916,7,"020005",54.2
139.39,-31.48,1916,8,"020005",0
139.39,-31.48,1916,9,"020005",24.1
139.39,-31.48,1916,10,"020005",18
139.39,-31.48,1916,11,"020005",3.8
139.39,-31.48,1916,12,"020005",9.1
139.39,-31.48,1917,1,"020005",67.4
139.39,-31.48,1917,2,"020005",50.5
139.39,-31.48,1917,3,"020005",5.3
139.39,-31.48,1917,4,"020005",0
139.39,-31.48,1917,5,"020005",0
139.39,-31.48,1917,6,"020005",20.6
139.39,-31.48,1917,7,"020005",20.3
139.39,-31.48,1917,8,"020005",4.1
139.39,-31.48,1917,9,"020005",5.1
139.39,-31.48,1917,10,"020005",8.9
139.39,-31.48,1917,11,"020005",12.4
139.39,-31.48,1917,12,"020005",4.6
139.39,-31.48,1918,1,"020005",29.5
139.39,-31.48,1918,2,"020005",0
139.39,-31.48,1918,3,"020005",18.3
139.39,-31.48,1918,4,"020005",56.6
139.39,-31.48,1918,5,"020005",48.7
139.39,-31.48,1918,6,"020005",5.1
139.39,-31.48,1918,7,"020005",0
139.39,-31.48,1918,8,"020005",16.3
139.39,-31.48,1918,9,"020005",0
139.39,-31.48,1918,10,"020005",3.6
139.39,-31.48,1918,11,"020005",3.6
139.39,-31.48,1918,12,"020005",0
139.39,-31.48,1919,1,"020005",0
139.39,-31.48,1919,2,"020005",49.7
139.39,-31.48,1919,3,"020005",0
139.39,-31.48,1919,4,"020005",3.6
139.39,-31.48,1919,5,"020005",29.3
139.39,-31.48,1919,6,"020005",0
139.39,-31.48,1919,7,"020005",0
139.39,-31.48,1919,8,"020005",0
139.39,-31.48,1919,9,"020005",0
139.39,-31.48,1919,10,"020005",10.2
139.39,-31.48,1919,11,"020005",6.1
139.39,-31.48,1919,12,"020005",30.2
139.39,-31.48,1920,1,"020005",14.5
139.39,-31.48,1920,2,"020005",0
139.39,-31.48,1920,3,"020005",0
139.39,-31.48,1920,4,"020005",19.1
139.39,-31.48,1920,5,"020005",3.8
139.39,-31.48,1920,6,"020005",35.6
139.39,-31.48,1920,7,"020005",0
139.39,-31.48,1920,8,"020005",32.3
139.39,-31.48,1920,9,"020005",48.8
139.39,-31.48,1920,10,"020005",10.4
139.39,-31.48,1920,11,"020005",145.6
139.39,-31.48,1920,12,"020005",0
139.39,-31.48,1921,1,"020005",33.8
139.39,-31.48,1921,2,"020005",130.8
139.39,-31.48,1921,3,"020005",26.4
139.39,-31.48,1921,4,"020005",12.2
139.39,-31.48,1921,5,"020005",49.8
139.39,-31.48,1921,6,"020005",19.8
139.39,-31.48,1921,7,"020005",0
139.39,-31.48,1921,8,"020005",0
139.39,-31.48,1921,9,"020005",12.7
139.39,-31.48,1921,10,"020005",5.3
139.39,-31.48,1921,11,"020005",2.5
139.39,-31.48,1921,12,"020005",6.4
139.39,-31.48,1922,1,"020005",5.3
139.39,-31.48,1922,2,"020005",0
139.39,-31.48,1922,3,"020005",0
139.39,-31.48,1922,4,"020005",16.3
139.39,-31.48,1922,5,"020005",11.9
139.39,-31.48,1922,6,"020005",2.5
139.39,-31.48,1922,7,"020005",4.1
139.39,-31.48,1922,8,"020005",0
139.39,-31.48,1922,9,"020005",5.1
139.39,-31.48,1922,10,"020005",3.8
139.39,-31.48,1922,11,"020005",0
139.39,-31.48,1922,12,"020005",10.2
139.39,-31.48,1923,1,"020005",0
139.39,-31.48,1923,2,"020005",0
139.39,-31.48,1923,3,"020005",7.6
139.39,-31.48,1923,4,"020005",5.6
139.39,-31.48,1923,5,"020005",26.7
139.39,-31.48,1923,6,"020005",47.2
139.39,-31.48,1923,7,"020005",0
139.39,-31.48,1923,8,"020005",8.9
139.39,-31.48,1923,9,"020005",0
139.39,-31.48,1923,10,"020005",4.8
139.39,-31.48,1923,11,"020005",0
139.39,-31.48,1923,12,"020005",51.8
139.39,-31.48,1924,1,"020005",20.3
139.39,-31.48,1924,2,"020005",5.1
139.39,-31.48,1924,3,"020005",0
139.39,-31.48,1924,4,"020005",2
139.39,-31.48,1924,5,"020005",2
139.39,-31.48,1924,6,"020005",5.1
139.39,-31.48,1924,7,"020005",22.9
139.39,-31.48,1924,8,"020005",19.8
139.39,-31.48,1924,9,"020005",23.6
139.39,-31.48,1924,10,"020005",18.3
139.39,-31.48,1924,11,"020005",43.1
139.39,-31.48,1924,12,"020005",20.3
139.39,-31.48,1925,1,"020005",31.5
139.39,-31.48,1925,2,"020005",22.9
139.39,-31.48,1925,3,"020005",0
139.39,-31.48,1925,4,"020005",0
139.39,-31.48,1925,5,"020005",21.3
139.39,-31.48,1925,6,"020005",0
139.39,-31.48,1925,7,"020005",23.1
139.39,-31.48,1925,8,"020005",5.1
139.39,-31.48,1925,9,"020005",6.4
139.39,-31.48,1925,10,"020005",1.3
139.39,-31.48,1925,11,"020005",7.9
139.39,-31.48,1925,12,"020005",0
139.39,-31.48,1926,1,"020005",0
139.39,-31.48,1926,2,"020005",0
139.39,-31.48,1926,3,"020005",47.2
139.39,-31.48,1926,4,"020005",2.5
139.39,-31.48,1926,5,"020005",13.7
139.39,-31.48,1926,6,"020005",10.7
139.39,-31.48,1926,7,"020005",5.4
139.39,-31.48,1926,8,"020005",23.6
139.39,-31.48,1926,9,"020005",50.8
139.39,-31.48,1926,10,"020005",0
139.39,-31.48,1926,11,"020005",0
139.39,-31.48,1926,12,"020005",15.3
139.39,-31.48,1927,1,"020005",9.7
139.39,-31.48,1927,2,"020005",3.8
139.39,-31.48,1927,3,"020005",0
139.39,-31.48,1927,4,"020005",0
139.39,-31.48,1927,5,"020005",0
139.39,-31.48,1927,6,"020005",27.4
139.39,-31.48,1927,7,"020005",0
139.39,-31.48,1927,8,"020005",3
139.39,-31.48,1927,9,"020005",0
139.39,-31.48,1927,10,"020005",5.1
139.39,-31.48,1927,11,"020005",29.7
139.39,-31.48,1927,12,"020005",0
139.39,-31.48,1928,1,"020005",0
139.39,-31.48,1928,2,"020005",38.1
139.39,-31.48,1928,3,"020005",7.6
139.39,-31.48,1928,4,"020005",0
139.39,-31.48,1928,5,"020005",22.4
139.39,-31.48,1928,6,"020005",35
139.39,-31.48,1928,7,"020005",0
139.39,-31.48,1928,8,"020005",1.3
139.39,-31.48,1928,9,"020005",11.4
139.39,-31.48,1928,10,"020005",5.3
139.39,-31.48,1928,11,"020005",0
139.39,-31.48,1928,12,"020005",0
139.39,-31.48,1929,1,"020005",0
139.39,-31.48,1929,2,"020005",0
139.39,-31.48,1929,3,"020005",6.1
139.39,-31.48,1929,4,"020005",0
139.39,-31.48,1929,5,"020005",0
139.39,-31.48,1929,6,"020005",0
139.39,-31.48,1929,7,"020005",0
139.39,-31.48,1929,8,"020005",0
139.39,-31.48,1929,9,"020005",0
139.39,-31.48,1929,10,"020005",0
139.39,-31.48,1929,11,"020005",15.2
139.39,-31.48,1929,12,"020005",69.3
139.39,-31.48,1930,1,"020005",0
139.39,-31.48,1930,2,"020005",86.6
139.39,-31.48,1930,3,"020005",0
139.39,-31.48,1930,4,"020005",0
139.39,-31.48,1930,5,"020005",6.6
139.39,-31.48,1930,6,"020005",0
139.39,-31.48,1930,7,"020005",20.5
139.39,-31.48,1930,8,"020005",4.3
139.39,-31.48,1930,9,"020005",16.8
139.39,-31.48,1930,10,"020005",15
139.39,-31.48,1930,11,"020005",13.7
139.39,-31.48,1930,12,"020005",50.5
139.39,-31.48,1931,1,"020005",0
139.39,-31.48,1931,2,"020005",0
139.39,-31.48,1931,3,"020005",63
139.39,-31.48,1931,4,"020005",3.8
139.39,-31.48,1931,5,"020005",4.5
139.39,-31.48,1931,6,"020005",22
139.39,-31.48,1931,7,"020005",25.1
139.39,-31.48,1931,8,"020005",3
139.39,-31.48,1931,9,"020005",4.3
139.39,-31.48,1931,10,"020005",13.7
139.39,-31.48,1931,11,"020005",6.1
139.39,-31.48,1931,12,"020005",0
139.39,-31.48,1932,1,"020005",0
139.39,-31.48,1932,2,"020005",28
139.39,-31.48,1932,3,"020005",2.5
139.39,-31.48,1932,4,"020005",6.3
139.39,-31.48,1932,5,"020005",68.8
139.39,-31.48,1932,6,"020005",7.9
139.39,-31.48,1932,7,"020005",11.2
139.39,-31.48,1932,8,"020005",6.1
139.39,-31.48,1932,9,"020005",27.7
139.39,-31.48,1932,10,"020005",0
139.39,-31.48,1932,11,"020005",8.6
139.39,-31.48,1932,12,"020005",0
139.39,-31.48,1933,1,"020005",10.4
139.39,-31.48,1933,2,"020005",6.1
139.39,-31.48,1933,3,"020005",5.8
139.39,-31.48,1933,4,"020005",4.3
139.39,-31.48,1933,5,"020005",12.7
139.39,-31.48,1933,6,"020005",4.3
139.39,-31.48,1933,7,"020005",42.4
139.39,-31.48,1933,8,"020005",9.5
139.39,-31.48,1933,9,"020005",3.8
139.39,-31.48,1933,10,"020005",0.5
139.39,-31.48,1933,11,"020005",29.8
139.39,-31.48,1933,12,"020005",8.2
139.39,-31.48,1934,1,"020005",0
139.39,-31.48,1934,2,"020005",42.2
139.39,-31.48,1934,3,"020005",24.1
139.39,-31.48,1934,4,"020005",0
139.39,-31.48,1934,5,"020005",1.3
139.39,-31.48,1934,6,"020005",7.6
139.39,-31.48,1934,7,"020005",17.1
139.39,-31.48,1934,8,"020005",3.8
139.39,-31.48,1934,9,"020005",1.8
139.39,-31.48,1934,10,"020005",37.5
139.39,-31.48,1934,11,"020005",63.8
139.39,-31.48,1934,12,"020005",0
139.39,-31.48,1935,1,"020005",6.4
139.39,-31.48,1935,2,"020005",1
139.39,-31.48,1935,3,"020005",7.9
139.39,-31.48,1935,4,"020005",3.1
139.39,-31.48,1935,5,"020005",0
139.39,-31.48,1935,6,"020005",11.4
139.39,-31.48,1935,7,"020005",0.5
139.39,-31.48,1935,8,"020005",2
139.39,-31.48,1935,9,"020005",11.5
139.39,-31.48,1935,10,"020005",36.3
139.39,-31.48,1935,11,"020005",4.8
139.39,-31.48,1935,12,"020005",19.3
139.39,-31.48,1936,1,"020005",22.9
139.39,-31.48,1936,2,"020005",5.8
139.39,-31.48,1936,3,"020005",16
139.39,-31.48,1936,4,"020005",0
139.39,-31.48,1936,5,"020005",34.3
139.39,-31.48,1936,6,"020005",3.1
139.39,-31.48,1936,7,"020005",14
139.39,-31.48,1936,8,"020005",14.6
139.39,-31.48,1936,9,"020005",0.8
139.39,-31.48,1936,10,"020005",8.9
139.39,-31.48,1936,11,"020005",10.2
139.39,-31.48,1936,12,"020005",43.4
139.39,-31.48,1937,1,"020005",93.4
139.39,-31.48,1937,2,"020005",38.6
139.39,-31.48,1937,3,"020005",34.5
139.39,-31.48,1937,4,"020005",0.5
139.39,-31.48,1937,5,"020005",7.6
139.39,-31.48,1937,6,"020005",11.5
139.39,-31.48,1937,7,"020005",0
139.39,-31.48,1937,8,"020005",15.1
139.39,-31.48,1937,9,"020005",0
139.39,-31.48,1937,10,"020005",13
139.39,-31.48,1937,11,"020005",42.7
139.39,-31.48,1937,12,"020005",46.5
139.39,-31.48,1938,1,"020005",0
139.39,-31.48,1938,2,"020005",34.3
139.39,-31.48,1938,3,"020005",0
139.39,-31.48,1938,4,"020005",1.3
139.39,-31.48,1938,5,"020005",1.1
139.39,-31.48,1938,6,"020005",7.4
139.39,-31.48,1938,7,"020005",8.8
139.39,-31.48,1938,8,"020005",19
139.39,-31.48,1938,9,"020005",0
139.39,-31.48,1938,10,"020005",52.3
139.39,-31.48,1938,11,"020005",0
139.39,-31.48,1938,12,"020005",0
139.39,-31.48,1939,1,"020005",13.5
139.39,-31.48,1939,2,"020005",86.3
139.39,-31.48,1939,3,"020005",49.8
139.39,-31.48,1939,4,"020005",21.1
139.39,-31.48,1939,5,"020005",19.1
139.39,-31.48,1939,6,"020005",25.7
139.39,-31.48,1939,7,"020005",7.9
139.39,-31.48,1939,8,"020005",0.8
139.39,-31.48,1939,9,"020005",0
139.39,-31.48,1939,10,"020005",11.2
139.39,-31.48,1939,11,"020005",43.2
139.39,-31.48,1939,12,"020005",0
139.39,-31.48,1940,1,"020005",3.8
139.39,-31.48,1940,2,"020005",0
139.39,-31.48,1940,3,"020005",0
139.39,-31.48,1940,4,"020005",11.2
139.39,-31.48,1940,5,"020005",5.3
139.39,-31.48,1940,6,"020005",0
139.39,-31.48,1940,7,"020005",0
139.39,-31.48,1940,8,"020005",1.3
139.39,-31.48,1940,9,"020005",0.8
139.39,-31.48,1940,10,"020005",1.5
139.39,-31.48,1940,11,"020005",0
139.39,-31.48,1940,12,"020005",0
139.39,-31.48,1941,1,"020005",80.3
139.39,-31.48,1941,2,"020005",4.8
139.39,-31.48,1941,3,"020005",2.3
139.39,-31.48,1941,4,"020005",1.1
139.39,-31.48,1941,5,"020005",0
139.39,-31.48,1941,6,"020005",21.4
139.39,-31.48,1941,7,"020005",15.2
139.39,-31.48,1941,8,"020005",3.6
139.39,-31.48,1941,9,"020005",0
139.39,-31.48,1941,10,"020005",2.8
139.39,-31.48,1941,11,"020005",15.8
139.39,-31.48,1941,12,"020005",0.8
139.39,-31.48,1942,1,"020005",2.8
139.39,-31.48,1942,2,"020005",41.7
139.39,-31.48,1942,3,"020005",0.3
139.39,-31.48,1942,4,"020005",5.1
139.39,-31.48,1942,5,"020005",35.1
139.39,-31.48,1942,6,"020005",17.8
139.39,-31.48,1942,7,"020005",6.1
139.39,-31.48,1942,8,"020005",12.2
139.39,-31.48,1942,9,"020005",1.5
139.39,-31.48,1942,10,"020005",11.2
139.39,-31.48,1942,11,"020005",1.6
139.39,-31.48,1942,12,"020005",4.3
139.39,-31.48,1943,1,"020005",2.5
139.39,-31.48,1943,2,"020005",24.4
139.39,-31.48,1943,3,"020005",0
139.39,-31.48,1943,4,"020005",8.2
139.39,-31.48,1943,5,"020005",0.8
139.39,-31.48,1943,6,"020005",5.8
139.39,-31.48,1943,7,"020005",5.1
139.39,-31.48,1943,8,"020005",19.8
139.39,-31.48,1943,9,"020005",0
139.39,-31.48,1943,10,"020005",1.3
139.39,-31.48,1943,11,"020005",5.6
139.39,-31.48,1943,12,"020005",0
139.39,-31.48,1944,1,"020005",0.5
139.39,-31.48,1944,2,"020005",16.5
139.39,-31.48,1944,3,"020005",1
139.39,-31.48,1944,4,"020005",16.7
139.39,-31.48,1944,5,"020005",1.8
139.39,-31.48,1944,6,"020005",1
139.39,-31.48,1944,7,"020005",4
139.39,-31.48,1944,8,"020005",24.8
139.39,-31.48,1944,9,"020005",0
139.39,-31.48,1944,10,"020005",6.1
139.39,-31.48,1944,11,"020005",10.7
139.39,-31.48,1944,12,"020005",13.6
139.39,-31.48,1945,1,"020005",2.5
139.39,-31.48,1945,2,"020005",11.2
139.39,-31.48,1945,3,"020005",7.9
139.39,-31.48,1945,4,"020005",0
139.39,-31.48,1945,5,"020005",2.8
139.39,-31.48,1945,6,"020005",22.1
139.39,-31.48,1945,7,"020005",43
139.39,-31.48,1945,8,"020005",5.1
139.39,-31.48,1945,9,"020005",12.8
139.39,-31.48,1945,10,"020005",13.7
139.39,-31.48,1945,11,"020005",28.2
139.39,-31.48,1945,12,"020005",16.5
139.39,-31.48,1946,1,"020005",88.7
139.39,-31.48,1946,2,"020005",81
139.39,-31.48,1946,3,"020005",2.3
139.39,-31.48,1946,4,"020005",8.6
139.39,-31.48,1946,5,"020005",0
139.39,-31.48,1946,6,"020005",14.7
139.39,-31.48,1946,7,"020005",1.3
139.39,-31.48,1946,8,"020005",1
139.39,-31.48,1946,9,"020005",15
139.39,-31.48,1946,10,"020005",4.1
139.39,-31.48,1946,11,"020005",23.2
139.39,-31.48,1946,12,"020005",0.3
139.39,-31.48,1947,1,"020005",0
139.39,-31.48,1947,2,"020005",48
139.39,-31.48,1947,3,"020005",23.9
139.39,-31.48,1947,4,"020005",5.1
139.39,-31.48,1947,5,"020005",0
139.39,-31.48,1947,6,"020005",10.2
139.39,-31.48,1947,7,"020005",8.1
139.39,-31.48,1947,8,"020005",19
139.39,-31.48,1947,9,"020005",4.6
139.39,-31.48,1947,10,"020005",25.4
139.39,-31.48,1947,11,"020005",24.4
139.39,-31.48,1947,12,"020005",2.8
139.39,-31.48,1948,1,"020005",0
139.39,-31.48,1948,2,"020005",4.6
139.39,-31.48,1948,3,"020005",0
139.39,-31.48,1948,4,"020005",10.7
139.39,-31.48,1948,5,"020005",0
139.39,-31.48,1948,6,"020005",4.3
139.39,-31.48,1948,7,"020005",13.1
139.39,-31.48,1948,8,"020005",2
139.39,-31.48,1948,9,"020005",0
139.39,-31.48,1948,10,"020005",21.4
139.39,-31.48,1948,11,"020005",7.8
139.39,-31.48,1948,12,"020005",62.3
139.39,-31.48,1949,1,"020005",0
139.39,-31.48,1949,2,"020005",32.2
139.39,-31.48,1949,3,"020005",50.6
139.39,-31.48,1949,4,"020005",2.3
139.39,-31.48,1949,5,"020005",28.8
139.39,-31.48,1949,6,"020005",0
139.39,-31.48,1949,7,"020005",7
139.39,-31.48,1949,8,"020005",1.3
139.39,-31.48,1949,9,"020005",31.9
139.39,-31.48,1949,10,"020005",27.3
139.39,-31.48,1949,11,"020005",12.3
139.39,-31.48,1949,12,"020005",5.1
139.39,-31.48,1950,1,"020005",0
139.39,-31.48,1950,2,"020005",92.9
139.39,-31.48,1950,3,"020005",126.5
139.39,-31.48,1950,4,"020005",0
139.39,-31.48,1950,5,"020005",60.5
139.39,-31.48,1950,6,"020005",25.4
139.39,-31.48,1950,7,"020005",32.3
139.39,-31.48,1950,8,"020005",0
139.39,-31.48,1950,9,"020005",0
139.39,-31.48,1950,10,"020005",13.9
139.39,-31.48,1950,11,"020005",25.6
139.39,-31.48,1950,12,"020005",6.1
139.39,-31.48,1951,1,"020005",0.5
139.39,-31.48,1951,2,"020005",0
139.39,-31.48,1951,3,"020005",1
139.39,-31.48,1951,4,"020005",3
139.39,-31.48,1951,5,"020005",0.5
139.39,-31.48,1951,6,"020005",38
139.39,-31.48,1951,7,"020005",12.5
139.39,-31.48,1951,8,"020005",5.8
139.39,-31.48,1951,9,"020005",17.8
139.39,-31.48,1951,10,"020005",19.5
139.39,-31.48,1951,11,"020005",0
139.39,-31.48,1951,12,"020005",0
139.39,-31.48,1952,1,"020005",24.9
139.39,-31.48,1952,2,"020005",27.2
139.39,-31.48,1952,3,"020005",9.7
139.39,-31.48,1952,4,"020005",12.7
139.39,-31.48,1952,5,"020005",38.7
139.39,-31.48,1952,6,"020005",3.1
139.39,-31.48,1952,7,"020005",9.9
139.39,-31.48,1952,8,"020005",15.5
139.39,-31.48,1952,9,"020005",7.6
139.39,-31.48,1952,10,"020005",15.5
139.39,-31.48,1952,11,"020005",1.8
139.39,-31.48,1952,12,"020005",1
139.39,-31.48,1953,1,"020005",47.4
139.39,-31.48,1953,2,"020005",35.5
139.39,-31.48,1953,3,"020005",0
139.39,-31.48,1953,4,"020005",1.6
139.39,-31.48,1953,5,"020005",1.3
139.39,-31.48,1953,6,"020005",4.1
139.39,-31.48,1953,7,"020005",2
139.39,-31.48,1953,8,"020005",8.1
139.39,-31.48,1953,9,"020005",6.4
139.39,-31.48,1953,10,"020005",9.6
139.39,-31.48,1953,11,"020005",8.1
139.39,-31.48,1953,12,"020005",13.8
139.39,-31.48,1954,1,"020005",20.8
139.39,-31.48,1954,2,"020005",0.5
139.39,-31.48,1954,3,"020005",0
139.39,-31.48,1954,4,"020005",20
139.39,-31.48,1954,5,"020005",0
139.39,-31.48,1954,6,"020005",4.1
139.39,-31.48,1954,7,"020005",1.8
139.39,-31.48,1954,8,"020005",7
139.39,-31.48,1954,9,"020005",1.5
139.39,-31.48,1954,10,"020005",14.5
139.39,-31.48,1954,11,"020005",17.8
139.39,-31.48,1954,12,"020005",49.8
139.39,-31.48,1955,1,"020005",31.4
139.39,-31.48,1955,2,"020005",62.5
139.39,-31.48,1955,3,"020005",88.2
139.39,-31.48,1955,4,"020005",5.4
139.39,-31.48,1955,5,"020005",83.1
139.39,-31.48,1955,6,"020005",24.4
139.39,-31.48,1955,7,"020005",13.5
139.39,-31.48,1955,8,"020005",42.3
139.39,-31.48,1955,9,"020005",35.1
139.39,-31.48,1955,10,"020005",5.8
139.39,-31.48,1955,11,"020005",19.3
139.39,-31.48,1955,12,"020005",0
139.39,-31.48,1956,1,"020005",0
139.39,-31.48,1956,2,"020005",16.8
139.39,-31.48,1956,3,"020005",111.5
139.39,-31.48,1956,4,"020005",8.8
139.39,-31.48,1956,5,"020005",12.5
139.39,-31.48,1956,6,"020005",13.6
139.39,-31.48,1956,7,"020005",51.8
139.39,-31.48,1956,8,"020005",0.5
139.39,-31.48,1956,9,"020005",1
139.39,-31.48,1956,10,"020005",17.1
139.39,-31.48,1956,11,"020005",0
139.39,-31.48,1956,12,"020005",0
139.39,-31.48,1957,1,"020005",0.5
139.39,-31.48,1957,2,"020005",32.5
139.39,-31.48,1957,3,"020005",24.7
139.39,-31.48,1957,4,"020005",0
139.39,-31.48,1957,5,"020005",0
139.39,-31.48,1957,6,"020005",42.2
139.39,-31.48,1957,7,"020005",5.6
139.39,-31.48,1957,8,"020005",10.2
139.39,-31.48,1957,9,"020005",0
139.39,-31.48,1957,10,"020005",5.1
139.39,-31.48,1957,11,"020005",0
139.39,-31.48,1957,12,"020005",42.5
139.39,-31.48,1958,1,"020005",7.6
139.39,-31.48,1958,2,"020005",7.6
139.39,-31.48,1958,3,"020005",30.5
139.39,-31.48,1958,4,"020005",12.7
139.39,-31.48,1958,5,"020005",7.4
139.39,-31.48,1958,6,"020005",0
139.39,-31.48,1958,7,"020005",11.7
139.39,-31.48,1958,8,"020005",25.7
139.39,-31.48,1958,9,"020005",4.4
139.39,-31.48,1958,10,"020005",38.5
139.39,-31.48,1958,11,"020005",80.7
139.39,-31.48,1958,12,"020005",22.3
139.39,-31.48,1959,1,"020005",3.3
139.39,-31.48,1959,2,"020005",5.6
139.39,-31.48,1959,3,"020005",16.7
139.39,-31.48,1959,4,"020005",0
139.39,-31.48,1959,5,"020005",28.2
139.39,-31.48,1959,6,"020005",1.5
139.39,-31.48,1959,7,"020005",11.5
139.39,-31.48,1959,8,"020005",20.8
139.39,-31.48,1959,9,"020005",1
139.39,-31.48,1959,10,"020005",6.9
139.39,-31.48,1959,11,"020005",0
139.39,-31.48,1959,12,"020005",5.8
139.39,-31.48,1960,1,"020005",27.7
139.39,-31.48,1960,2,"020005",2.5
139.39,-31.48,1960,3,"020005",1.5
139.39,-31.48,1960,4,"020005",2.1
139.39,-31.48,1960,5,"020005",19
139.39,-31.48,1960,6,"020005",0
139.39,-31.48,1960,7,"020005",20.8
139.39,-31.48,1960,8,"020005",3
139.39,-31.48,1960,9,"020005",17.6
139.39,-31.48,1960,10,"020005",2
139.39,-31.48,1960,11,"020005",17.8
139.39,-31.48,1960,12,"020005",0
139.39,-31.48,1961,1,"020005",9.9
139.39,-31.48,1961,2,"020005",2
139.39,-31.48,1961,3,"020005",0
139.39,-31.48,1961,4,"020005",64.8
139.39,-31.48,1961,5,"020005",3.3
139.39,-31.48,1961,6,"020005",0
139.39,-31.48,1961,7,"020005",4.8
139.39,-31.48,1961,8,"020005",2
139.39,-31.48,1961,9,"020005",3.8
139.39,-31.48,1961,10,"020005",0.3
139.39,-31.48,1961,11,"020005",56.4
139.39,-31.48,1961,12,"020005",22.9
139.39,-31.48,1962,1,"020005",85.5
139.39,-31.48,1962,2,"020005",5.1
139.39,-31.48,1962,3,"020005",63
139.39,-31.48,1962,4,"020005",0
139.39,-31.48,1962,5,"020005",24.7
139.39,-31.48,1962,6,"020005",0
139.39,-31.48,1962,7,"020005",9.2
139.39,-31.48,1962,8,"020005",6.6
139.39,-31.48,1962,9,"020005",0
139.39,-31.48,1962,10,"020005",8.2
139.39,-31.48,1962,11,"020005",0
139.39,-31.48,1962,12,"020005",21.9
139.39,-31.48,1963,1,"020005",25.4
139.39,-31.48,1963,2,"020005",0
139.39,-31.48,1963,3,"020005",2.9
139.39,-31.48,1963,4,"020005",10.5
139.39,-31.48,1963,5,"020005",48.2
139.39,-31.48,1963,6,"020005",38.4
139.39,-31.48,1963,7,"020005",3.3
139.39,-31.48,1963,8,"020005",27.2
139.39,-31.48,1963,9,"020005",3.8
139.39,-31.48,1963,10,"020005",11.5
139.39,-31.48,1963,11,"020005",0
139.39,-31.48,1963,12,"020005",5.9
139.39,-31.48,1964,1,"020005",4
139.39,-31.48,1964,2,"020005",13.3
139.39,-31.48,1964,3,"020005",0
139.39,-31.48,1964,4,"020005",13.7
139.39,-31.48,1964,5,"020005",2.4
139.39,-31.48,1964,6,"020005",0.5
139.39,-31.48,1964,7,"020005",1.8
139.39,-31.48,1964,8,"020005",38.3
139.39,-31.48,1964,9,"020005",64.7
139.39,-31.48,1964,10,"020005",8.4
139.39,-31.48,1964,11,"020005",0.5
139.39,-31.48,1964,12,"020005",10
139.39,-31.48,1965,1,"020005",0
139.39,-31.48,1965,2,"020005",0
139.39,-31.48,1965,3,"020005",0
139.39,-31.48,1965,4,"020005",0
139.39,-31.48,1965,5,"020005",10.1
139.39,-31.48,1965,6,"020005",5.1
139.39,-31.48,1965,7,"020005",5.3
139.39,-31.48,1965,8,"020005",18.8
139.39,-31.48,1965,9,"020005",11.9
139.39,-31.48,1965,10,"020005",2.5
139.39,-31.48,1965,11,"020005",1.8
139.39,-31.48,1965,12,"020005",5.8
139.39,-31.48,1966,1,"020005",21.4
139.39,-31.48,1966,2,"020005",21.4
139.39,-31.48,1966,3,"020005",13.5
139.39,-31.48,1966,4,"020005",0
139.39,-31.48,1966,5,"020005",8.2
139.39,-31.48,1966,6,"020005",6.6
139.39,-31.48,1966,7,"020005",0.3
139.39,-31.48,1966,8,"020005",3.1
139.39,-31.48,1966,9,"020005",2.3
139.39,-31.48,1966,10,"020005",2.9
139.39,-31.48,1966,11,"020005",14.5
139.39,-31.48,1966,12,"020005",57.7
139.39,-31.48,1967,1,"020005",4.1
139.39,-31.48,1967,2,"020005",16.7
139.39,-31.48,1967,3,"020005",0
139.39,-31.48,1967,4,"020005",0
139.39,-31.48,1967,5,"020005",20.3
139.39,-31.48,1967,6,"020005",9.2
139.39,-31.48,1967,7,"020005",2.8
139.39,-31.48,1967,8,"020005",12.2
139.39,-31.48,1967,9,"020005",0
139.39,-31.48,1967,10,"020005",6.3
139.39,-31.48,1967,11,"020005",2
139.39,-31.48,1967,12,"020005",0
139.39,-31.48,1968,1,"020005",177.4
139.39,-31.48,1968,2,"020005",0
139.39,-31.48,1968,3,"020005",0
139.39,-31.48,1968,4,"020005",61
139.39,-31.48,1968,5,"020005",46.2
139.39,-31.48,1968,6,"020005",12.5
139.39,-31.48,1968,7,"020005",31
139.39,-31.48,1968,8,"020005",1.3
139.39,-31.48,1968,9,"020005",0.8
139.39,-31.48,1968,10,"020005",0.5
139.39,-31.48,1968,11,"020005",7.7
139.39,-31.48,1968,12,"020005",7.1
139.39,-31.48,1969,1,"020005",15.5
139.39,-31.48,1969,2,"020005",35.3
139.39,-31.48,1969,3,"020005",28.5
139.39,-31.48,1969,4,"020005",8.4
139.39,-31.48,1969,5,"020005",11.7
139.39,-31.48,1969,6,"020005",14
139.39,-31.48,1969,7,"020005",17.3
139.39,-31.48,1969,8,"020005",3.6
139.39,-31.48,1969,9,"020005",9.6
139.39,-31.48,1969,10,"020005",8.1
139.39,-31.48,1969,11,"020005",11.7
139.39,-31.48,1969,12,"020005",6.1
139.39,-31.48,1970,1,"020005",2.3
139.39,-31.48,1970,2,"020005",0
139.39,-31.48,1970,3,"020005",0
139.39,-31.48,1970,4,"020005",44
139.39,-31.48,1970,5,"020005",0
139.39,-31.48,1970,6,"020005",3.8
139.39,-31.48,1970,7,"020005",0
139.39,-31.48,1970,8,"020005",6.9
139.39,-31.48,1970,9,"020005",35.5
139.39,-31.48,1970,10,"020005",9.6
139.39,-31.48,1970,11,"020005",37.3
139.39,-31.48,1970,12,"020005",14.5
139.39,-31.48,1971,1,"020005",2.8
139.39,-31.48,1971,2,"020005",39.2
139.39,-31.48,1971,3,"020005",217.7
139.39,-31.48,1971,4,"020005",67.6
139.39,-31.48,1971,5,"020005",8
139.39,-31.48,1971,6,"020005",9.7
139.39,-31.48,1971,7,"020005",12.9
139.39,-31.48,1971,8,"020005",11.4
139.39,-31.48,1971,9,"020005",24.1
139.39,-31.48,1971,10,"020005",0
139.39,-31.48,1971,11,"020005",29.3
139.39,-31.48,1971,12,"020005",7.7
139.39,-31.48,1972,1,"020005",110.1
139.39,-31.48,1972,2,"020005",6.9
139.39,-31.48,1972,3,"020005",0
139.39,-31.48,1972,4,"020005",0.8
139.39,-31.48,1972,5,"020005",4.6
139.39,-31.48,1972,6,"020005",2.3
139.39,-31.48,1972,7,"020005",0
139.39,-31.48,1972,8,"020005",18.6
139.39,-31.48,1972,9,"020005",3.3
139.39,-31.48,1972,10,"020005",8.9
139.39,-31.48,1972,11,"020005",0.3
139.39,-31.48,1972,12,"020005",2
139.39,-31.48,1973,1,"020005",28.1
139.39,-31.48,1973,2,"020005",52.6
139.39,-31.48,1973,3,"020005",41.6
139.39,-31.48,1973,4,"020005",11
139.39,-31.48,1973,5,"020005",24.7
139.39,-31.48,1973,6,"020005",31.4
139.39,-31.48,1973,7,"020005",36.9
139.39,-31.48,1973,8,"020005",49.3
139.39,-31.48,1973,9,"020005",12.5
139.39,-31.48,1973,10,"020005",86.1
139.39,-31.48,1973,11,"020005",14.1
139.39,-31.48,1973,12,"020005",87.9
139.39,-31.48,1974,1,"020005",134.6
139.39,-31.48,1974,2,"020005",60
139.39,-31.48,1974,3,"020005",12.4
139.39,-31.48,1974,4,"020005",157.2
139.39,-31.48,1974,5,"020005",117.2
139.39,-31.48,1974,6,"020005",5.4
139.39,-31.48,1974,7,"020005",6.4
139.39,-31.48,1974,8,"020005",8.4
139.39,-31.48,1974,9,"020005",34.6
139.39,-31.48,1974,10,"020005",55.8
139.39,-31.48,1974,11,"020005",5.4
139.39,-31.48,1974,12,"020005",0
139.39,-31.48,1975,1,"020005",23.4
139.39,-31.48,1975,2,"020005",57
139.39,-31.48,1975,3,"020005",0.6
139.39,-31.48,1975,4,"020005",0
139.39,-31.48,1975,5,"020005",3.4
139.39,-31.48,1975,6,"020005",0
139.39,-31.48,1975,7,"020005",9.6
139.39,-31.48,1975,8,"020005",16.4
139.39,-31.48,1975,9,"020005",28.6
139.39,-31.48,1975,10,"020005",79.2
139.39,-31.48,1975,11,"020005",0.2
139.39,-31.48,1975,12,"020005",59.8
139.39,-31.48,1976,1,"020005",61.6
139.39,-31.48,1976,2,"020005",112.6
139.39,-31.48,1976,3,"020005",0.8
139.39,-31.48,1976,4,"020005",60.8
139.39,-31.48,1976,5,"020005",0
139.39,-31.48,1976,6,"020005",5.4
139.39,-31.48,1976,7,"020005",10.2
139.39,-31.48,1976,8,"020005",0
139.39,-31.48,1976,9,"020005",12.4
139.39,-31.48,1976,10,"020005",44.4
139.39,-31.48,1976,11,"020005",5.6
139.39,-31.48,1976,12,"020005",7
139.39,-31.48,1977,1,"020005",4.4
139.39,-31.48,1977,2,"020005",8.4
139.39,-31.48,1977,3,"020005",0
139.39,-31.48,1977,4,"020005",0
139.39,-31.48,1977,5,"020005",4.2
139.39,-31.48,1977,6,"020005",7.2
139.39,-31.48,1977,7,"020005",0.4
139.39,-31.48,1977,8,"020005",0
139.39,-31.48,1977,9,"020005",4
139.39,-31.48,1977,10,"020005",13.4
139.39,-31.48,1977,11,"020005",26.2
139.39,-31.48,1977,12,"020005",12.4
139.39,-31.48,1978,1,"020005",3.2
139.39,-31.48,1978,2,"020005",0
139.39,-31.48,1978,3,"020005",23.2
139.39,-31.48,1978,4,"020005",0
139.39,-31.48,1978,5,"020005",20.6
139.39,-31.48,1978,6,"020005",40.6
139.39,-31.48,1978,7,"020005",15.8
139.39,-31.48,1978,8,"020005",10.2
139.39,-31.48,1978,9,"020005",22.6
139.39,-31.48,1978,10,"020005",70.2
139.39,-31.48,1978,11,"020005",31.6
139.39,-31.48,1978,12,"020005",0.2
139.39,-31.48,1979,1,"020005",39
139.39,-31.48,1979,2,"020005",43
139.39,-31.48,1979,3,"020005",3
139.39,-31.48,1979,4,"020005",5.6
139.39,-31.48,1979,5,"020005",52
139.39,-31.48,1979,6,"020005",11.8
139.39,-31.48,1979,7,"020005",4.4
139.39,-31.48,1979,8,"020005",38
139.39,-31.48,1979,9,"020005",28.6
139.39,-31.48,1979,10,"020005",2.2
139.39,-31.48,1979,11,"020005",10
139.39,-31.48,1979,12,"020005",7.4
139.39,-31.48,1980,1,"020005",9.2
139.39,-31.48,1980,2,"020005",8.6
139.39,-31.48,1980,3,"020005",0.4
139.39,-31.48,1980,4,"020005",69.2
139.39,-31.48,1980,5,"020005",24.6
139.39,-31.48,1980,6,"020005",9
139.39,-31.48,1980,7,"020005",26
139.39,-31.48,1980,8,"020005",11.4
139.39,-31.48,1980,9,"020005",0.8
139.39,-31.48,1980,10,"020005",32
139.39,-31.48,1980,11,"020005",3.8
139.39,-31.48,1980,12,"020005",7.2
139.39,-31.48,1981,1,"020005",46.4
139.39,-31.48,1981,2,"020005",31.2
139.39,-31.48,1981,3,"020005",0.8
139.39,-31.48,1981,4,"020005",1
139.39,-31.48,1981,5,"020005",41
139.39,-31.48,1981,6,"020005",9.6
139.39,-31.48,1981,7,"020005",30.8
139.39,-31.48,1981,8,"020005",3.6
139.39,-31.48,1981,9,"020005",11.4
139.39,-31.48,1981,10,"020005",4.1
139.39,-31.48,1981,11,"020005",23
139.39,-31.48,1981,12,"020005",8.2
139.39,-31.48,1982,1,"020005",35.8
139.39,-31.48,1982,2,"020005",7.4
139.39,-31.48,1982,3,"020005",6.6
139.39,-31.48,1982,4,"020005",0.4
139.39,-31.48,1982,5,"020005",6.4
139.39,-31.48,1982,6,"020005",2.8
139.39,-31.48,1982,7,"020005",0.6
139.39,-31.48,1982,8,"020005",0
139.39,-31.48,1982,9,"020005",9.4
139.39,-31.48,1982,10,"020005",0
139.39,-31.48,1982,11,"020005",0
139.39,-31.48,1982,12,"020005",1
139.39,-31.48,1983,1,"020005",0.8
139.39,-31.48,1983,2,"020005",23.8
139.39,-31.48,1983,3,"020005",6.8
139.39,-31.48,1983,4,"020005",68.8
139.39,-31.48,1983,5,"020005",2
139.39,-31.48,1983,6,"020005",1.4
139.39,-31.48,1983,7,"020005",8.4
139.39,-31.48,1983,8,"020005",16.6
139.39,-31.48,1983,9,"020005",13.8
139.39,-31.48,1983,10,"020005",53
139.39,-31.48,1983,11,"020005",11.4
139.39,-31.48,1983,12,"020005",60
139.39,-31.48,1984,1,"020005",60.4
139.39,-31.48,1984,2,"020005",0
139.39,-31.48,1984,3,"020005",0.6
139.39,-31.48,1984,4,"020005",35.8
139.39,-31.48,1984,5,"020005",3.4
139.39,-31.48,1984,6,"020005",17.2
139.39,-31.48,1984,7,"020005",24.8
139.39,-31.48,1984,8,"020005",11.8
139.39,-31.48,1984,9,"020005",18.2
139.39,-31.48,1984,10,"020005",19
139.39,-31.48,1984,11,"020005",1.6
139.39,-31.48,1984,12,"020005",1
139.39,-31.48,1985,1,"020005",4.2
139.39,-31.48,1985,2,"020005",1
139.39,-31.48,1985,3,"020005",3.2
139.39,-31.48,1985,4,"020005",0
139.39,-31.48,1985,5,"020005",36.8
139.39,-31.48,1985,6,"020005",1
139.39,-31.48,1985,7,"020005",0.8
139.39,-31.48,1985,8,"020005",26
139.39,-31.48,1985,9,"020005",0.2
139.39,-31.48,1985,10,"020005",19.4
139.39,-31.48,1985,11,"020005",18
139.39,-31.48,1985,12,"020005",0.4
139.39,-31.48,1986,1,"020005",0
139.39,-31.48,1986,2,"020005",4
139.39,-31.48,1986,3,"020005",0
139.39,-31.48,1986,4,"020005",0
139.39,-31.48,1986,5,"020005",30.2
139.39,-31.48,1986,6,"020005",1.4
139.39,-31.48,1986,7,"020005",16.4
139.39,-31.48,1986,8,"020005",13.6
139.39,-31.48,1986,9,"020005",13.4
139.39,-31.48,1986,10,"020005",65.8
139.39,-31.48,1986,11,"020005",16.2
139.39,-31.48,1986,12,"020005",13.8
139.39,-31.48,1987,1,"020005",11.6
139.39,-31.48,1987,2,"020005",42.2
139.39,-31.48,1987,3,"020005",21.2
139.39,-31.48,1987,4,"020005",1.4
139.39,-31.48,1987,5,"020005",5.2
139.39,-31.48,1987,6,"020005",14.6
139.39,-31.48,1987,7,"020005",0.6
139.39,-31.48,1987,8,"020005",24.4
139.39,-31.48,1987,9,"020005",17.8
139.39,-31.48,1987,10,"020005",5.4
139.39,-31.48,1987,11,"020005",3
139.39,-31.48,1987,12,"020005",14.2
139.39,-31.48,1988,1,"020005",2
139.39,-31.48,1988,2,"020005",0
139.39,-31.48,1988,3,"020005",65
139.39,-31.48,1988,4,"020005",12.8
139.39,-31.48,1988,5,"020005",26.6
139.39,-31.48,1988,6,"020005",31.8
139.39,-31.48,1988,7,"020005",30.8
139.39,-31.48,1988,8,"020005",0
139.39,-31.48,1988,9,"020005",2
139.39,-31.48,1988,10,"020005",0
139.39,-31.48,1988,11,"020005",5.4
139.39,-31.48,1988,12,"020005",52
139.39,-31.48,1989,1,"020005",0.4
139.39,-31.48,1989,2,"020005",0
139.39,-31.48,1989,3,"020005",213
139.39,-31.48,1989,4,"020005",36.2
139.39,-31.48,1989,5,"020005",31.6
139.39,-31.48,1989,6,"020005",10.4
139.39,-31.48,1989,7,"020005",30.8
139.39,-31.48,1989,8,"020005",2.4
139.39,-31.48,1989,9,"020005",0
139.39,-31.48,1989,10,"020005",2
139.39,-31.48,1989,11,"020005",7
139.39,-31.48,1989,12,"020005",15.4
139.39,-31.48,1990,1,"020005",111.2
139.39,-31.48,1990,2,"020005",4.2
139.39,-31.48,1990,3,"020005",16
139.39,-31.48,1990,4,"020005",56.6
139.39,-31.48,1990,5,"020005",75.8
139.39,-31.48,1990,6,"020005",7.6
139.39,-31.48,1990,7,"020005",23.8
139.39,-31.48,1990,8,"020005",6.2
139.39,-31.48,1990,9,"020005",15.6
139.39,-31.48,1990,10,"020005",6.6
139.39,-31.48,1990,11,"020005",0
139.39,-31.48,1990,12,"020005",11
139.39,-31.48,1991,1,"020005",10.2
139.39,-31.48,1991,2,"020005",0
139.39,-31.48,1991,3,"020005",1.8
139.39,-31.48,1991,4,"020005",1.4
139.39,-31.48,1991,5,"020005",0
139.39,-31.48,1991,6,"020005",29.8
139.39,-31.48,1991,7,"020005",14
139.39,-31.48,1991,8,"020005",7.8
139.39,-31.48,1991,9,"020005",1.6
139.39,-31.48,1991,10,"020005",0
139.39,-31.48,1991,11,"020005",19.8
139.39,-31.48,1991,12,"020005",0.4
139.39,-31.48,1992,1,"020005",0.8
139.39,-31.48,1992,2,"020005",61.4
139.39,-31.48,1992,3,"020005",9.8
139.39,-31.48,1992,4,"020005",17.1
139.39,-31.48,1992,5,"020005",32
139.39,-31.48,1992,6,"020005",11.8
139.39,-31.48,1992,7,"020005",1
139.39,-31.48,1992,8,"020005",47.8
139.39,-31.48,1992,9,"020005",31
139.39,-31.48,1992,10,"020005",31
139.39,-31.48,1992,11,"020005",37.4
139.39,-31.48,1992,12,"020005",85.4
139.39,-31.48,1993,1,"020005",49.4
139.39,-31.48,1993,2,"020005",9
139.39,-31.48,1993,3,"020005",4.4
139.39,-31.48,1993,4,"020005",0
139.39,-31.48,1993,5,"020005",6.4
139.39,-31.48,1993,6,"020005",1.6
139.39,-31.48,1993,7,"020005",16.6
139.39,-31.48,1993,8,"020005",13.2
139.39,-31.48,1993,9,"020005",13.4
139.39,-31.48,1993,10,"020005",60
139.39,-31.48,1993,11,"020005",12.6
139.39,-31.48,1993,12,"020005",35.6
139.39,-31.48,1994,1,"020005",1
139.39,-31.48,1994,2,"020005",38
139.39,-31.48,1994,3,"020005",0
139.39,-31.48,1994,4,"020005",0
139.39,-31.48,1994,5,"020005",5
139.39,-31.48,1994,6,"020005",32.2
139.39,-31.48,1994,7,"020005",2
139.39,-31.48,1994,8,"020005",0
139.39,-31.48,1994,9,"020005",10.2
139.39,-31.48,1994,10,"020005",0.6
139.39,-31.48,1994,11,"020005",1.2
139.39,-31.48,1994,12,"020005",1
139.39,-31.48,1995,1,"020005",34.4
139.39,-31.48,1995,2,"020005",17
139.39,-31.48,1995,3,"020005",1.8
139.39,-31.48,1995,4,"020005",16.4
139.39,-31.48,1995,5,"020005",36.8
139.39,-31.48,1995,6,"020005",32.8
139.39,-31.48,1995,7,"020005",7.8
139.39,-31.48,1995,8,"020005",0.6
139.39,-31.48,1995,9,"020005",8.8
139.39,-31.48,1995,10,"020005",54.4
139.39,-31.48,1995,11,"020005",10.4
139.39,-31.48,1995,12,"020005",8.6
139.39,-31.48,1996,1,"020005",8.8
139.39,-31.48,1996,2,"020005",4.8
139.39,-31.48,1996,3,"020005",6.6
139.39,-31.48,1996,4,"020005",0
139.39,-31.48,1996,5,"020005",6.6
139.39,-31.48,1996,6,"020005",19
139.39,-31.48,1996,7,"020005",24
139.39,-31.48,1996,8,"020005",13
139.39,-31.48,1996,9,"020005",16
139.39,-31.48,1996,10,"020005",0.6
139.39,-31.48,1996,11,"020005",11.2
139.39,-31.48,1996,12,"020005",27.8
139.39,-31.48,1997,1,"020005",29.6
139.39,-31.48,1997,2,"020005",117.6
139.39,-31.48,1997,3,"020005",0
139.39,-31.48,1997,4,"020005",0
139.39,-31.48,1997,5,"020005",23
139.39,-31.48,1997,6,"020005",3.2
139.39,-31.48,1997,7,"020005",0
139.39,-31.48,1997,8,"020005",20
139.39,-31.48,1997,9,"020005",24
139.39,-31.48,1997,10,"020005",7.6
139.39,-31.48,1997,11,"020005",21.8
139.39,-31.48,1997,12,"020005",12.2
139.39,-31.48,1998,1,"020005",28.8
139.39,-31.48,1998,2,"020005",11.4
139.39,-31.48,1998,3,"020005",2.8
139.39,-31.48,1998,4,"020005",4.8
139.39,-31.48,1998,5,"020005",0.8
139.39,-31.48,1998,6,"020005",2.4
139.39,-31.48,1998,7,"020005",19.2
139.39,-31.48,1998,8,"020005",10.2
139.39,-31.48,1998,9,"020005",24.4
139.39,-31.48,1998,10,"020005",15.4
139.39,-31.48,1998,11,"020005",58
139.39,-31.48,1998,12,"020005",1
139.39,-31.48,1999,1,"020005",1.4
139.39,-31.48,1999,2,"020005",35
139.39,-31.48,1999,3,"020005",21.4
139.39,-31.48,1999,4,"020005",0
139.39,-31.48,1999,5,"020005",2.8
139.39,-31.48,1999,6,"020005",2
139.39,-31.48,1999,7,"020005",10.2
139.39,-31.48,1999,8,"020005",3.2
139.39,-31.48,1999,9,"020005",9.4
139.39,-31.48,1999,10,"020005",30.4
139.39,-31.48,1999,11,"020005",22.8
139.39,-31.48,1999,12,"020005",17.4
139.39,-31.48,2000,1,"020005",0.2
139.39,-31.48,2000,2,"020005",41.8
139.39,-31.48,2000,3,"020005",8
139.39,-31.48,2000,4,"020005",54.6
139.39,-31.48,2000,5,"020005",3.8
139.39,-31.48,2000,6,"020005",5
139.39,-31.48,2000,7,"020005",1.6
139.39,-31.48,2000,8,"020005",9.2
139.39,-31.48,2000,9,"020005",16.6
139.39,-31.48,2000,10,"020005",29.4
139.39,-31.48,2000,11,"020005",20.6
139.39,-31.48,2000,12,"020005",45.4
139.39,-31.48,2001,1,"020005",27.4
139.39,-31.48,2001,2,"020005",16
139.39,-31.48,2001,3,"020005",4.6
139.39,-31.48,2001,4,"020005",3
139.39,-31.48,2001,5,"020005",2.2
139.39,-31.48,2001,6,"020005",52.8
139.39,-31.48,2001,7,"020005",7.6
139.39,-31.48,2001,8,"020005",0.8
139.39,-31.48,2001,9,"020005",17.6
139.39,-31.48,2001,10,"020005",41.2
139.39,-31.48,2001,11,"020005",3.4
139.39,-31.48,2001,12,"020005",10.4
139.39,-31.48,2002,1,"020005",7
139.39,-31.48,2002,2,"020005",1.6
139.39,-31.48,2002,3,"020005",0
139.39,-31.48,2002,4,"020005",1.6
139.39,-31.48,2002,5,"020005",6
139.39,-31.48,2002,6,"020005",0
139.39,-31.48,2002,7,"020005",1.6
139.39,-31.48,2002,8,"020005",0.8
139.39,-31.48,2002,9,"020005",2.2
139.39,-31.48,2002,10,"020005",0
139.39,-31.48,2002,11,"020005",21.4
139.39,-31.48,2002,12,"020005",9.6
139.39,-31.48,2003,1,"020005",0.2
139.39,-31.48,2003,2,"020005",46.8
139.39,-31.48,2003,3,"020005",0
139.39,-31.48,2003,4,"020005",9.4
139.39,-31.48,2003,5,"020005",11.2
139.39,-31.48,2003,6,"020005",4
139.39,-31.48,2003,7,"020005",6
139.39,-31.48,2003,8,"020005",35
139.39,-31.48,2003,9,"020005",0
139.39,-31.48,2003,10,"020005",33.4
139.39,-31.48,2003,11,"020005",35.4
139.39,-31.48,2003,12,"020005",7.4
139.39,-31.48,2004,1,"020005",0
139.39,-31.48,2004,2,"020005",11.2
139.39,-31.48,2004,3,"020005",0
139.39,-31.48,2004,4,"020005",0.2
139.39,-31.48,2004,5,"020005",15
139.39,-31.48,2004,6,"020005",22
139.39,-31.48,2004,7,"020005",5
139.39,-31.48,2004,8,"020005",17.2
139.39,-31.48,2004,9,"020005",7
139.39,-31.48,2004,10,"020005",39.6
139.39,-31.48,2004,11,"020005",16.2
139.39,-31.48,2004,12,"020005",36
139.39,-31.48,2005,1,"020005",11.6
139.39,-31.48,2005,2,"020005",0
139.39,-31.48,2005,3,"020005",3.6
139.39,-31.48,2005,4,"020005",0
139.39,-31.48,2005,5,"020005",0.2
139.39,-31.48,2005,6,"020005",25.4
139.39,-31.48,2005,7,"020005",35
139.39,-31.48,2005,8,"020005",1.6
139.39,-31.48,2005,9,"020005",51.8
139.39,-31.48,2005,10,"020005",24.8
139.39,-31.48,2005,11,"020005",33.4
139.39,-31.48,2005,12,"020005",2.6
139.39,-31.48,2006,1,"020005",1.8
139.39,-31.48,2006,2,"020005",7.4
139.39,-31.48,2006,3,"020005",10.2
139.39,-31.48,2006,4,"020005",9.4
139.39,-31.48,2006,5,"020005",0
139.39,-31.48,2006,6,"020005",8
139.39,-31.48,2006,7,"020005",31.8
139.39,-31.48,2006,8,"020005",0
139.39,-31.48,2006,9,"020005",0
139.39,-31.48,2006,10,"020005",4.8
139.39,-31.48,2006,11,"020005",4
139.39,-31.48,2006,12,"020005",14.6
139.39,-31.48,2007,1,"020005",54.6
139.39,-31.48,2007,2,"020005",5.6
139.39,-31.48,2007,3,"020005",19.8
139.39,-31.48,2007,4,"020005",16.6
139.39,-31.48,2007,5,"020005",9.4
139.39,-31.48,2007,6,"020005",2.8
139.39,-31.48,2007,7,"020005",1.2
139.39,-31.48,2007,8,"020005",0.2
139.39,-31.48,2007,9,"020005",0.2
139.39,-31.48,2007,10,"020005",8.8
139.39,-31.48,2007,11,"020005",12.8
139.39,-31.48,2007,12,"020005",8.4
139.39,-31.48,2008,1,"020005",15.4
139.39,-31.48,2008,2,"020005",0
139.39,-31.48,2008,3,"020005",0.4
139.39,-31.48,2008,4,"020005",1.8
139.39,-31.48,2008,5,"020005",1.8
139.39,-31.48,2008,6,"020005",32
139.39,-31.48,2008,7,"020005",3.2
139.39,-31.48,2008,8,"020005",8.6
139.39,-31.48,2008,9,"020005",2.6
139.39,-31.48,2008,10,"020005",1.4
139.39,-31.48,2008,11,"020005",19.8
139.39,-31.48,2008,12,"020005",16.8
139.39,-31.48,2009,1,"020005",9.8
139.39,-31.48,2009,2,"020005",0
139.39,-31.48,2009,3,"020005",20.8
139.39,-31.48,2009,4,"020005",9.2
139.39,-31.48,2009,5,"020005",2.8
139.39,-31.48,2009,6,"020005",14.8
139.39,-31.48,2009,7,"020005",10.4
139.39,-31.48,2009,8,"020005",5.8
139.39,-31.48,2009,9,"020005",10.2
139.39,-31.48,2009,10,"020005",7.6
139.39,-31.48,2009,11,"020005",137.2
139.39,-31.48,2009,12,"020005",13.2
139.39,-31.48,2010,1,"020005",8.6
139.39,-31.48,2010,2,"020005",92.6
139.39,-31.48,2010,3,"020005",6
139.39,-31.48,2010,4,"020005",29
139.39,-31.48,2010,5,"020005",23.4
139.39,-31.48,2010,6,"020005",4.6
139.39,-31.48,2010,7,"020005",18.6
139.39,-31.48,2010,8,"020005",18.4
139.39,-31.48,2010,9,"020005",63.8
139.39,-31.48,2010,10,"020005",36.2
139.39,-31.48,2010,11,"020005",36.8
139.39,-31.48,2010,12,"020005",30.8
139.39,-31.48,2011,1,"020005",25.3
139.39,-31.48,2011,2,"020005",86
139.39,-31.48,2011,3,"020005",12.6
139.39,-31.48,2011,4,"020005",4.4
139.39,-31.48,2011,5,"020005",22.2
139.39,-31.48,2011,6,"020005",2
139.39,-31.48,2011,7,"020005",21.2
139.39,-31.48,2011,8,"020005",4
139.39,-31.48,2011,9,"020005",3.4
139.39,-31.48,2011,10,"020005",17.6
139.39,-31.48,2011,11,"020005",37.6
139.39,-31.48,2011,12,"020005",26.6
139.39,-31.48,2012,1,"020005",43.6
139.39,-31.48,2012,2,"020005",27.2
139.39,-31.48,2012,3,"020005",63.4
139.39,-31.48,2012,4,"020005",0.2
139.39,-31.48,2012,5,"020005",1
139.39,-31.48,2012,6,"020005",11.9
139.39,-31.48,2012,7,"020005",15.8
139.39,-31.48,2012,8,"020005",0.4
139.39,-31.48,2012,9,"020005",0.6
139.39,-31.48,2012,10,"020005",2
139.39,-31.48,2012,11,"020005",12.7
139.39,-31.48,2012,12,"020005",10.4
139.39,-31.48,2013,1,"020005",0
139.39,-31.48,2013,2,"020005",14.6
139.39,-31.48,2013,3,"020005",16.2
139.39,-31.48,2013,4,"020005",5.8
139.39,-31.48,2013,5,"020005",13.2
139.39,-31.48,2013,6,"020005",60.3
139.39,-31.48,2013,7,"020005",10.6
139.39,-31.48,2013,8,"020005",2
139.39,-31.48,2013,9,"020005",3.2
139.39,-31.48,2013,10,"020005",3
139.39,-31.48,2013,11,"020005",1.6
139.39,-31.48,2013,12,"020005",23.6
139.39,-31.48,2014,1,"020005",12.4
139.39,-31.48,2014,2,"020005",52
139.39,-31.48,2014,3,"020005",11.2
139.39,-31.48,2014,4,"020005",54.8
139.39,-31.48,2014,5,"020005",38.2
139.39,-31.48,2014,6,"020005",1
139.39,-31.48,2014,7,"020005",2
139.39,-31.48,2014,8,"020005",34
139.39,-31.48,2014,9,"020005",15.4
139.39,-31.48,2014,10,"020005",0
139.39,-31.48,2014,11,"020005",0.8
139.39,-31.48,2014,12,"020005",NA
139.39,-31.48,2015,1,"020005",69
139.39,-31.48,2015,2,"020005",0
139.39,-31.48,2015,3,"020005",0
139.39,-31.48,2015,4,"020005",33.2
139.39,-31.48,2015,5,"020005",16.2
139.39,-31.48,2015,6,"020005",65.6
139.39,-31.48,2015,7,"020005",NA
139.39,-31.48,2015,8,"020005",NA
139.39,-31.48,2015,9,"020005",NA
139.39,-31.48,2015,10,"020005",NA
139.39,-31.48,2015,11,"020005",NA
139.39,-31.48,2015,12,"020005",NA
139.39,-31.48,2016,1,"020005",NA
139.39,-31.48,2016,2,"020005",NA
139.39,-31.48,2016,3,"020005",NA
139.39,-31.48,2016,4,"020005",NA
139.39,-31.48,2016,5,"020005",NA
139.39,-31.48,2016,6,"020005",26.4
139.39,-31.48,2016,7,"020005",12
139.39,-31.48,2016,8,"020005",23
139.39,-31.48,2016,9,"020005",66.4
139.39,-31.48,2016,10,"020005",NA
139.39,-31.48,2016,11,"020005",NA
139.39,-31.48,2016,12,"020005",NA
