"Lon","Lat","Year","Month","Station","Rain"
151.2,-31.17,1958,1,"055162",NA
151.2,-31.17,1958,2,"055162",NA
151.2,-31.17,1958,3,"055162",NA
151.2,-31.17,1958,4,"055162",NA
151.2,-31.17,1958,5,"055162",NA
151.2,-31.17,1958,6,"055162",NA
151.2,-31.17,1958,7,"055162",NA
151.2,-31.17,1958,8,"055162",76
151.2,-31.17,1958,9,"055162",95.2
151.2,-31.17,1958,10,"055162",100.8
151.2,-31.17,1958,11,"055162",35.3
151.2,-31.17,1958,12,"055162",220
151.2,-31.17,1959,1,"055162",111.1
151.2,-31.17,1959,2,"055162",107.6
151.2,-31.17,1959,3,"055162",88.4
151.2,-31.17,1959,4,"055162",16.5
151.2,-31.17,1959,5,"055162",26.9
151.2,-31.17,1959,6,"055162",24.6
151.2,-31.17,1959,7,"055162",59.2
151.2,-31.17,1959,8,"055162",1.5
151.2,-31.17,1959,9,"055162",57
151.2,-31.17,1959,10,"055162",98
151.2,-31.17,1959,11,"055162",83.1
151.2,-31.17,1959,12,"055162",127.4
151.2,-31.17,1960,1,"055162",62.2
151.2,-31.17,1960,2,"055162",42.4
151.2,-31.17,1960,3,"055162",31.5
151.2,-31.17,1960,4,"055162",113.7
151.2,-31.17,1960,5,"055162",49.6
151.2,-31.17,1960,6,"055162",18
151.2,-31.17,1960,7,"055162",107.9
151.2,-31.17,1960,8,"055162",59.1
151.2,-31.17,1960,9,"055162",58.6
151.2,-31.17,1960,10,"055162",67.3
151.2,-31.17,1960,11,"055162",94.2
151.2,-31.17,1960,12,"055162",133.5
151.2,-31.17,1961,1,"055162",43.5
151.2,-31.17,1961,2,"055162",99.9
151.2,-31.17,1961,3,"055162",33.1
151.2,-31.17,1961,4,"055162",24.7
151.2,-31.17,1961,5,"055162",15
151.2,-31.17,1961,6,"055162",17.8
151.2,-31.17,1961,7,"055162",55.6
151.2,-31.17,1961,8,"055162",81
151.2,-31.17,1961,9,"055162",21.3
151.2,-31.17,1961,10,"055162",71.1
151.2,-31.17,1961,11,"055162",190.5
151.2,-31.17,1961,12,"055162",41
151.2,-31.17,1962,1,"055162",194.5
151.2,-31.17,1962,2,"055162",151.2
151.2,-31.17,1962,3,"055162",29.5
151.2,-31.17,1962,4,"055162",41.1
151.2,-31.17,1962,5,"055162",72.2
151.2,-31.17,1962,6,"055162",10.2
151.2,-31.17,1962,7,"055162",23.6
151.2,-31.17,1962,8,"055162",62
151.2,-31.17,1962,9,"055162",48.1
151.2,-31.17,1962,10,"055162",125.6
151.2,-31.17,1962,11,"055162",20.9
151.2,-31.17,1962,12,"055162",107.4
151.2,-31.17,1963,1,"055162",107.5
151.2,-31.17,1963,2,"055162",26.5
151.2,-31.17,1963,3,"055162",83.1
151.2,-31.17,1963,4,"055162",51.1
151.2,-31.17,1963,5,"055162",152
151.2,-31.17,1963,6,"055162",86
151.2,-31.17,1963,7,"055162",42.3
151.2,-31.17,1963,8,"055162",84.3
151.2,-31.17,1963,9,"055162",22.1
151.2,-31.17,1963,10,"055162",63
151.2,-31.17,1963,11,"055162",79
151.2,-31.17,1963,12,"055162",94.5
151.2,-31.17,1964,1,"055162",182.1
151.2,-31.17,1964,2,"055162",10.7
151.2,-31.17,1964,3,"055162",81.8
151.2,-31.17,1964,4,"055162",128.1
151.2,-31.17,1964,5,"055162",41.7
151.2,-31.17,1964,6,"055162",48
151.2,-31.17,1964,7,"055162",78.5
151.2,-31.17,1964,8,"055162",34.3
151.2,-31.17,1964,9,"055162",52.4
151.2,-31.17,1964,10,"055162",91.8
151.2,-31.17,1964,11,"055162",73.1
151.2,-31.17,1964,12,"055162",45.5
151.2,-31.17,1965,1,"055162",30
151.2,-31.17,1965,2,"055162",13.2
151.2,-31.17,1965,3,"055162",5.1
151.2,-31.17,1965,4,"055162",31.5
151.2,-31.17,1965,5,"055162",15.3
151.2,-31.17,1965,6,"055162",51.1
151.2,-31.17,1965,7,"055162",12.3
151.2,-31.17,1965,8,"055162",32.2
151.2,-31.17,1965,9,"055162",30
151.2,-31.17,1965,10,"055162",45.7
151.2,-31.17,1965,11,"055162",43.5
151.2,-31.17,1965,12,"055162",114.9
151.2,-31.17,1966,1,"055162",18.2
151.2,-31.17,1966,2,"055162",9.9
151.2,-31.17,1966,3,"055162",74.6
151.2,-31.17,1966,4,"055162",14.3
151.2,-31.17,1966,5,"055162",32
151.2,-31.17,1966,6,"055162",51.3
151.2,-31.17,1966,7,"055162",18.2
151.2,-31.17,1966,8,"055162",82.3
151.2,-31.17,1966,9,"055162",37.7
151.2,-31.17,1966,10,"055162",66.3
151.2,-31.17,1966,11,"055162",189.3
151.2,-31.17,1966,12,"055162",84.9
151.2,-31.17,1967,1,"055162",105
151.2,-31.17,1967,2,"055162",10.2
151.2,-31.17,1967,3,"055162",87.4
151.2,-31.17,1967,4,"055162",0
151.2,-31.17,1967,5,"055162",54.6
151.2,-31.17,1967,6,"055162",51
151.2,-31.17,1967,7,"055162",6.6
151.2,-31.17,1967,8,"055162",58.4
151.2,-31.17,1967,9,"055162",58.4
151.2,-31.17,1967,10,"055162",92.7
151.2,-31.17,1967,11,"055162",82.6
151.2,-31.17,1967,12,"055162",71.1
151.2,-31.17,1968,1,"055162",176.1
151.2,-31.17,1968,2,"055162",9.9
151.2,-31.17,1968,3,"055162",68
151.2,-31.17,1968,4,"055162",0
151.2,-31.17,1968,5,"055162",109.9
151.2,-31.17,1968,6,"055162",7.6
151.2,-31.17,1968,7,"055162",62
151.2,-31.17,1968,8,"055162",128
151.2,-31.17,1968,9,"055162",70.4
151.2,-31.17,1968,10,"055162",32.8
151.2,-31.17,1968,11,"055162",58.6
151.2,-31.17,1968,12,"055162",68.7
151.2,-31.17,1969,1,"055162",66.7
151.2,-31.17,1969,2,"055162",97.6
151.2,-31.17,1969,3,"055162",74.9
151.2,-31.17,1969,4,"055162",54.6
151.2,-31.17,1969,5,"055162",75.6
151.2,-31.17,1969,6,"055162",56.5
151.2,-31.17,1969,7,"055162",52.7
151.2,-31.17,1969,8,"055162",64.6
151.2,-31.17,1969,9,"055162",57.6
151.2,-31.17,1969,10,"055162",93.7
151.2,-31.17,1969,11,"055162",84.6
151.2,-31.17,1969,12,"055162",69.4
151.2,-31.17,1970,1,"055162",182
151.2,-31.17,1970,2,"055162",56.5
151.2,-31.17,1970,3,"055162",23.7
151.2,-31.17,1970,4,"055162",54.8
151.2,-31.17,1970,5,"055162",19.3
151.2,-31.17,1970,6,"055162",35.6
151.2,-31.17,1970,7,"055162",0
151.2,-31.17,1970,8,"055162",44.7
151.2,-31.17,1970,9,"055162",142.4
151.2,-31.17,1970,10,"055162",60.2
151.2,-31.17,1970,11,"055162",66.6
151.2,-31.17,1970,12,"055162",185
151.2,-31.17,1971,1,"055162",203.6
151.2,-31.17,1971,2,"055162",163.3
151.2,-31.17,1971,3,"055162",0
151.2,-31.17,1971,4,"055162",2.3
151.2,-31.17,1971,5,"055162",29.2
151.2,-31.17,1971,6,"055162",4.6
151.2,-31.17,1971,7,"055162",49.1
151.2,-31.17,1971,8,"055162",125.6
151.2,-31.17,1971,9,"055162",111.7
151.2,-31.17,1971,10,"055162",35.6
151.2,-31.17,1971,11,"055162",44.1
151.2,-31.17,1971,12,"055162",121.6
151.2,-31.17,1972,1,"055162",93.2
151.2,-31.17,1972,2,"055162",17.1
151.2,-31.17,1972,3,"055162",43.2
151.2,-31.17,1972,4,"055162",48
151.2,-31.17,1972,5,"055162",19.8
151.2,-31.17,1972,6,"055162",33.3
151.2,-31.17,1972,7,"055162",6.9
151.2,-31.17,1972,8,"055162",33
151.2,-31.17,1972,9,"055162",29.7
151.2,-31.17,1972,10,"055162",149.8
151.2,-31.17,1972,11,"055162",113.7
151.2,-31.17,1972,12,"055162",52.1
151.2,-31.17,1973,1,"055162",106.9
151.2,-31.17,1973,2,"055162",77.9
151.2,-31.17,1973,3,"055162",21.4
151.2,-31.17,1973,4,"055162",5.8
151.2,-31.17,1973,5,"055162",28.4
151.2,-31.17,1973,6,"055162",75.2
151.2,-31.17,1973,7,"055162",41.2
151.2,-31.17,1973,8,"055162",25.1
151.2,-31.17,1973,9,"055162",68.5
151.2,-31.17,1973,10,"055162",NA
151.2,-31.17,1973,11,"055162",NA
151.2,-31.17,1973,12,"055162",NA
151.2,-31.17,1979,1,"055162",NA
151.2,-31.17,1979,2,"055162",9
151.2,-31.17,1979,3,"055162",100.6
151.2,-31.17,1979,4,"055162",36.2
151.2,-31.17,1979,5,"055162",69.7
151.2,-31.17,1979,6,"055162",109.8
151.2,-31.17,1979,7,"055162",5
151.2,-31.17,1979,8,"055162",29.5
151.2,-31.17,1979,9,"055162",94.2
151.2,-31.17,1979,10,"055162",48.4
151.2,-31.17,1979,11,"055162",126.8
151.2,-31.17,1979,12,"055162",16.8
151.2,-31.17,1980,1,"055162",57.9
151.2,-31.17,1980,2,"055162",4.2
151.2,-31.17,1980,3,"055162",25.6
151.2,-31.17,1980,4,"055162",4.6
151.2,-31.17,1980,5,"055162",68.2
151.2,-31.17,1980,6,"055162",55.8
151.2,-31.17,1980,7,"055162",59
151.2,-31.17,1980,8,"055162",14.6
151.2,-31.17,1980,9,"055162",1.4
151.2,-31.17,1980,10,"055162",54.2
151.2,-31.17,1980,11,"055162",16.8
151.2,-31.17,1980,12,"055162",91.8
151.2,-31.17,1981,1,"055162",16.6
151.2,-31.17,1981,2,"055162",130.9
151.2,-31.17,1981,3,"055162",0
151.2,-31.17,1981,4,"055162",23.9
151.2,-31.17,1981,5,"055162",81.7
151.2,-31.17,1981,6,"055162",96.4
151.2,-31.17,1981,7,"055162",91.2
151.2,-31.17,1981,8,"055162",27
151.2,-31.17,1981,9,"055162",34.7
151.2,-31.17,1981,10,"055162",78.8
151.2,-31.17,1981,11,"055162",97.8
151.2,-31.17,1981,12,"055162",88
151.2,-31.17,1982,1,"055162",38.8
151.2,-31.17,1982,2,"055162",27.8
151.2,-31.17,1982,3,"055162",143.2
151.2,-31.17,1982,4,"055162",12.6
151.2,-31.17,1982,5,"055162",9
151.2,-31.17,1982,6,"055162",30.9
151.2,-31.17,1982,7,"055162",38.4
151.2,-31.17,1982,8,"055162",0
151.2,-31.17,1982,9,"055162",39
151.2,-31.17,1982,10,"055162",30.8
151.2,-31.17,1982,11,"055162",10.2
151.2,-31.17,1982,12,"055162",62.8
151.2,-31.17,1983,1,"055162",64.6
151.2,-31.17,1983,2,"055162",82.7
151.2,-31.17,1983,3,"055162",34.8
151.2,-31.17,1983,4,"055162",114.8
151.2,-31.17,1983,5,"055162",133
151.2,-31.17,1983,6,"055162",25.2
151.2,-31.17,1983,7,"055162",66.8
151.2,-31.17,1983,8,"055162",37.4
151.2,-31.17,1983,9,"055162",80
151.2,-31.17,1983,10,"055162",78
151.2,-31.17,1983,11,"055162",130.3
151.2,-31.17,1983,12,"055162",109.7
151.2,-31.17,1984,1,"055162",258.4
151.2,-31.17,1984,2,"055162",144.8
151.2,-31.17,1984,3,"055162",53.2
151.2,-31.17,1984,4,"055162",73.4
151.2,-31.17,1984,5,"055162",2
151.2,-31.17,1984,6,"055162",6.2
151.2,-31.17,1984,7,"055162",163.3
151.2,-31.17,1984,8,"055162",36
151.2,-31.17,1984,9,"055162",80.4
151.2,-31.17,1984,10,"055162",49.4
151.2,-31.17,1984,11,"055162",139.3
151.2,-31.17,1984,12,"055162",99
151.2,-31.17,1985,1,"055162",25
151.2,-31.17,1985,2,"055162",84.8
151.2,-31.17,1985,3,"055162",30
151.2,-31.17,1985,4,"055162",66.6
151.2,-31.17,1985,5,"055162",44.2
151.2,-31.17,1985,6,"055162",48
151.2,-31.17,1985,7,"055162",3.2
151.2,-31.17,1985,8,"055162",138.4
151.2,-31.17,1985,9,"055162",89.4
151.2,-31.17,1985,10,"055162",142.8
151.2,-31.17,1985,11,"055162",59.4
151.2,-31.17,1985,12,"055162",NA
151.2,-31.17,1986,1,"055162",53.9
151.2,-31.17,1986,2,"055162",50
151.2,-31.17,1986,3,"055162",1.4
151.2,-31.17,1986,4,"055162",0
151.2,-31.17,1986,5,"055162",60.2
151.2,-31.17,1986,6,"055162",6.2
151.2,-31.17,1986,7,"055162",194.9
151.2,-31.17,1986,8,"055162",69.6
151.2,-31.17,1986,9,"055162",68.8
151.2,-31.17,1986,10,"055162",47.1
151.2,-31.17,1986,11,"055162",96.6
151.2,-31.17,1986,12,"055162",19
151.2,-31.17,1987,1,"055162",109
151.2,-31.17,1987,2,"055162",24.8
151.2,-31.17,1987,3,"055162",98.1
151.2,-31.17,1987,4,"055162",14.2
151.2,-31.17,1987,5,"055162",92.6
151.2,-31.17,1987,6,"055162",33.9
151.2,-31.17,1987,7,"055162",35.2
151.2,-31.17,1987,8,"055162",142.4
151.2,-31.17,1987,9,"055162",37
151.2,-31.17,1987,10,"055162",87.6
151.2,-31.17,1987,11,"055162",86.8
151.2,-31.17,1987,12,"055162",96
151.2,-31.17,1988,1,"055162",126
151.2,-31.17,1988,2,"055162",55.2
151.2,-31.17,1988,3,"055162",4
151.2,-31.17,1988,4,"055162",100.6
151.2,-31.17,1988,5,"055162",50.6
151.2,-31.17,1988,6,"055162",13.9
151.2,-31.17,1988,7,"055162",61.7
151.2,-31.17,1988,8,"055162",48.4
151.2,-31.17,1988,9,"055162",118.8
151.2,-31.17,1988,10,"055162",21.6
151.2,-31.17,1988,11,"055162",79.2
151.2,-31.17,1988,12,"055162",221.4
151.2,-31.17,1989,1,"055162",45.2
151.2,-31.17,1989,2,"055162",104.6
151.2,-31.17,1989,3,"055162",82.7
151.2,-31.17,1989,4,"055162",51.8
151.2,-31.17,1989,5,"055162",55.3
151.2,-31.17,1989,6,"055162",101.4
151.2,-31.17,1989,7,"055162",149
151.2,-31.17,1989,8,"055162",15.7
151.2,-31.17,1989,9,"055162",16
151.2,-31.17,1989,10,"055162",59
151.2,-31.17,1989,11,"055162",80
151.2,-31.17,1989,12,"055162",65.8
151.2,-31.17,1990,1,"055162",75.4
151.2,-31.17,1990,2,"055162",148.2
151.2,-31.17,1990,3,"055162",40.8
151.2,-31.17,1990,4,"055162",110.6
151.2,-31.17,1990,5,"055162",59.1
151.2,-31.17,1990,6,"055162",67
151.2,-31.17,1990,7,"055162",87.7
151.2,-31.17,1990,8,"055162",118.2
151.2,-31.17,1990,9,"055162",63.4
151.2,-31.17,1990,10,"055162",78.6
151.2,-31.17,1990,11,"055162",29.8
151.2,-31.17,1990,12,"055162",170.1
151.2,-31.17,1991,1,"055162",242.3
151.2,-31.17,1991,2,"055162",64
151.2,-31.17,1991,3,"055162",26.4
151.2,-31.17,1991,4,"055162",3.4
151.2,-31.17,1991,5,"055162",122.5
151.2,-31.17,1991,6,"055162",25.6
151.2,-31.17,1991,7,"055162",67.2
151.2,-31.17,1991,8,"055162",8.1
151.2,-31.17,1991,9,"055162",42.8
151.2,-31.17,1991,10,"055162",14.6
151.2,-31.17,1991,11,"055162",66.2
151.2,-31.17,1991,12,"055162",120.8
151.2,-31.17,1992,1,"055162",82.8
151.2,-31.17,1992,2,"055162",144.3
151.2,-31.17,1992,3,"055162",1.8
151.2,-31.17,1992,4,"055162",36.2
151.2,-31.17,1992,5,"055162",29.5
151.2,-31.17,1992,6,"055162",33
151.2,-31.17,1992,7,"055162",46.7
151.2,-31.17,1992,8,"055162",59.9
151.2,-31.17,1992,9,"055162",47.4
151.2,-31.17,1992,10,"055162",42
151.2,-31.17,1992,11,"055162",117.9
151.2,-31.17,1992,12,"055162",89.6
151.2,-31.17,1993,1,"055162",101.5
151.2,-31.17,1993,2,"055162",66.6
151.2,-31.17,1993,3,"055162",20.6
151.2,-31.17,1993,4,"055162",1.8
151.2,-31.17,1993,5,"055162",37
151.2,-31.17,1993,6,"055162",66.8
151.2,-31.17,1993,7,"055162",84.7
151.2,-31.17,1993,8,"055162",44.6
151.2,-31.17,1993,9,"055162",51.6
151.2,-31.17,1993,10,"055162",120.6
151.2,-31.17,1993,11,"055162",75.6
151.2,-31.17,1993,12,"055162",63
151.2,-31.17,1994,1,"055162",52.2
151.2,-31.17,1994,2,"055162",87.8
151.2,-31.17,1994,3,"055162",52.2
151.2,-31.17,1994,4,"055162",20
151.2,-31.17,1994,5,"055162",4.2
151.2,-31.17,1994,6,"055162",19.8
151.2,-31.17,1994,7,"055162",14.8
151.2,-31.17,1994,8,"055162",33.8
151.2,-31.17,1994,9,"055162",9.4
151.2,-31.17,1994,10,"055162",58.4
151.2,-31.17,1994,11,"055162",90.2
151.2,-31.17,1994,12,"055162",52.4
151.2,-31.17,1995,1,"055162",123.2
151.2,-31.17,1995,2,"055162",35.2
151.2,-31.17,1995,3,"055162",49
151.2,-31.17,1995,4,"055162",11.2
151.2,-31.17,1995,5,"055162",91
151.2,-31.17,1995,6,"055162",55.6
151.2,-31.17,1995,7,"055162",44
151.2,-31.17,1995,8,"055162",0
151.2,-31.17,1995,9,"055162",87.1
151.2,-31.17,1995,10,"055162",89.2
151.2,-31.17,1995,11,"055162",123
151.2,-31.17,1995,12,"055162",105.4
151.2,-31.17,1996,1,"055162",178
151.2,-31.17,1996,2,"055162",46.8
151.2,-31.17,1996,3,"055162",0
151.2,-31.17,1996,4,"055162",4.4
151.2,-31.17,1996,5,"055162",54.6
151.2,-31.17,1996,6,"055162",66.6
151.2,-31.17,1996,7,"055162",67.6
151.2,-31.17,1996,8,"055162",82.6
151.2,-31.17,1996,9,"055162",139.5
151.2,-31.17,1996,10,"055162",59.8
151.2,-31.17,1996,11,"055162",91.6
151.2,-31.17,1996,12,"055162",177.6
151.2,-31.17,1997,1,"055162",88.4
151.2,-31.17,1997,2,"055162",98.8
151.2,-31.17,1997,3,"055162",NA
151.2,-31.17,1997,4,"055162",3
151.2,-31.17,1997,5,"055162",76.6
151.2,-31.17,1997,6,"055162",20.4
151.2,-31.17,1997,7,"055162",8.8
151.2,-31.17,1997,8,"055162",4.4
151.2,-31.17,1997,9,"055162",112.3
151.2,-31.17,1997,10,"055162",53
151.2,-31.17,1997,11,"055162",61.4
151.2,-31.17,1997,12,"055162",129.3
151.2,-31.17,1998,1,"055162",28.6
151.2,-31.17,1998,2,"055162",120.3
151.2,-31.17,1998,3,"055162",13.6
151.2,-31.17,1998,4,"055162",70
151.2,-31.17,1998,5,"055162",93.4
151.2,-31.17,1998,6,"055162",74.4
151.2,-31.17,1998,7,"055162",176.5
151.2,-31.17,1998,8,"055162",74.2
151.2,-31.17,1998,9,"055162",142.6
151.2,-31.17,1998,10,"055162",113.7
151.2,-31.17,1998,11,"055162",61.6
151.2,-31.17,1998,12,"055162",30.2
151.2,-31.17,1999,1,"055162",101
151.2,-31.17,1999,2,"055162",51.8
151.2,-31.17,1999,3,"055162",33.2
151.2,-31.17,1999,4,"055162",102.4
151.2,-31.17,1999,5,"055162",NA
151.2,-31.17,1999,6,"055162",NA
151.2,-31.17,1999,7,"055162",NA
151.2,-31.17,1999,8,"055162",NA
151.2,-31.17,1999,9,"055162",NA
151.2,-31.17,1999,10,"055162",NA
151.2,-31.17,1999,11,"055162",NA
151.2,-31.17,1999,12,"055162",NA
151.2,-31.17,2000,1,"055162",NA
151.2,-31.17,2000,2,"055162",NA
151.2,-31.17,2000,3,"055162",NA
151.2,-31.17,2000,4,"055162",NA
151.2,-31.17,2000,5,"055162",NA
151.2,-31.17,2000,6,"055162",22.5
151.2,-31.17,2000,7,"055162",75.6
151.2,-31.17,2000,8,"055162",63.1
151.2,-31.17,2000,9,"055162",21.6
151.2,-31.17,2000,10,"055162",135.2
151.2,-31.17,2000,11,"055162",187.4
151.2,-31.17,2000,12,"055162",NA
151.2,-31.17,2001,1,"055162",NA
151.2,-31.17,2001,2,"055162",NA
151.2,-31.17,2001,3,"055162",NA
151.2,-31.17,2001,4,"055162",NA
151.2,-31.17,2001,5,"055162",NA
151.2,-31.17,2001,6,"055162",15.6
151.2,-31.17,2001,7,"055162",67.8
151.2,-31.17,2001,8,"055162",42.8
151.2,-31.17,2001,9,"055162",44.4
151.2,-31.17,2001,10,"055162",86.6
151.2,-31.17,2001,11,"055162",135
151.2,-31.17,2001,12,"055162",NA
151.2,-31.17,2002,1,"055162",NA
151.2,-31.17,2002,2,"055162",NA
151.2,-31.17,2002,3,"055162",66.6
151.2,-31.17,2002,4,"055162",0
151.2,-31.17,2002,5,"055162",NA
151.2,-31.17,2002,6,"055162",34.4
151.2,-31.17,2002,7,"055162",5.4
151.2,-31.17,2002,8,"055162",28.6
151.2,-31.17,2002,9,"055162",46.4
151.2,-31.17,2002,10,"055162",NA
151.2,-31.17,2002,11,"055162",80
151.2,-31.17,2002,12,"055162",128.4
151.2,-31.17,2003,1,"055162",2
151.2,-31.17,2003,2,"055162",107.8
151.2,-31.17,2003,3,"055162",12.4
151.2,-31.17,2003,4,"055162",84.8
151.2,-31.17,2003,5,"055162",8.4
151.2,-31.17,2003,6,"055162",46.6
151.2,-31.17,2003,7,"055162",34
151.2,-31.17,2003,8,"055162",62
151.2,-31.17,2003,9,"055162",19
151.2,-31.17,2003,10,"055162",91.2
151.2,-31.17,2003,11,"055162",73.4
151.2,-31.17,2003,12,"055162",66.2
151.2,-31.17,2004,1,"055162",248.4
151.2,-31.17,2004,2,"055162",76
151.2,-31.17,2004,3,"055162",NA
151.2,-31.17,2004,4,"055162",29.2
151.2,-31.17,2004,5,"055162",26
151.2,-31.17,2004,6,"055162",31.7
151.2,-31.17,2004,7,"055162",NA
151.2,-31.17,2004,8,"055162",58.2
151.2,-31.17,2004,9,"055162",74.4
151.2,-31.17,2004,10,"055162",NA
151.2,-31.17,2004,11,"055162",85
151.2,-31.17,2004,12,"055162",NA
