"Lon","Lat","Year","Month","Station","Rain"
145.72,-17.44,1954,1,"031130",493.6
145.72,-17.44,1954,2,"031130",478.6
145.72,-17.44,1954,3,"031130",390.8
145.72,-17.44,1954,4,"031130",717.5
145.72,-17.44,1954,5,"031130",221.5
145.72,-17.44,1954,6,"031130",253.8
145.72,-17.44,1954,7,"031130",142.3
145.72,-17.44,1954,8,"031130",478.3
145.72,-17.44,1954,9,"031130",99
145.72,-17.44,1954,10,"031130",211.1
145.72,-17.44,1954,11,"031130",20.3
145.72,-17.44,1954,12,"031130",150.4
145.72,-17.44,1955,1,"031130",292.4
145.72,-17.44,1955,2,"031130",1155.6
145.72,-17.44,1955,3,"031130",1061.3
145.72,-17.44,1955,4,"031130",517.2
145.72,-17.44,1955,5,"031130",342.8
145.72,-17.44,1955,6,"031130",736.9
145.72,-17.44,1955,7,"031130",224.3
145.72,-17.44,1955,8,"031130",59.7
145.72,-17.44,1955,9,"031130",386.7
145.72,-17.44,1955,10,"031130",146.1
145.72,-17.44,1955,11,"031130",447.1
145.72,-17.44,1955,12,"031130",146.6
145.72,-17.44,1956,1,"031130",542
145.72,-17.44,1956,2,"031130",302.3
145.72,-17.44,1956,3,"031130",649
145.72,-17.44,1956,4,"031130",271.8
145.72,-17.44,1956,5,"031130",130.6
145.72,-17.44,1956,6,"031130",165.9
145.72,-17.44,1956,7,"031130",139.1
145.72,-17.44,1956,8,"031130",217.3
145.72,-17.44,1956,9,"031130",155.2
145.72,-17.44,1956,10,"031130",109.2
145.72,-17.44,1956,11,"031130",138.5
145.72,-17.44,1956,12,"031130",286.7
145.72,-17.44,1957,1,"031130",1240.3
145.72,-17.44,1957,2,"031130",485.2
145.72,-17.44,1957,3,"031130",577.1
145.72,-17.44,1957,4,"031130",501.4
145.72,-17.44,1957,5,"031130",453.3
145.72,-17.44,1957,6,"031130",771.9
145.72,-17.44,1957,7,"031130",241.4
145.72,-17.44,1957,8,"031130",7.6
145.72,-17.44,1957,9,"031130",15.7
145.72,-17.44,1957,10,"031130",79.1
145.72,-17.44,1957,11,"031130",55.6
145.72,-17.44,1957,12,"031130",204.7
145.72,-17.44,1958,1,"031130",684.1
145.72,-17.44,1958,2,"031130",713.8
145.72,-17.44,1958,3,"031130",660.5
145.72,-17.44,1958,4,"031130",737.9
145.72,-17.44,1958,5,"031130",388.8
145.72,-17.44,1958,6,"031130",190.5
145.72,-17.44,1958,7,"031130",11.4
145.72,-17.44,1958,8,"031130",117.8
145.72,-17.44,1958,9,"031130",54.2
145.72,-17.44,1958,10,"031130",13.7
145.72,-17.44,1958,11,"031130",164.9
145.72,-17.44,1958,12,"031130",118.8
145.72,-17.44,1959,1,"031130",722.4
145.72,-17.44,1959,2,"031130",579.9
145.72,-17.44,1959,3,"031130",1137.2
145.72,-17.44,1959,4,"031130",438.6
145.72,-17.44,1959,5,"031130",693.7
145.72,-17.44,1959,6,"031130",461.4
145.72,-17.44,1959,7,"031130",282
145.72,-17.44,1959,8,"031130",555.3
145.72,-17.44,1959,9,"031130",441.9
145.72,-17.44,1959,10,"031130",2.5
145.72,-17.44,1959,11,"031130",111.3
145.72,-17.44,1959,12,"031130",270
145.72,-17.44,1960,1,"031130",1078.6
145.72,-17.44,1960,2,"031130",NA
145.72,-17.44,1960,3,"031130",NA
145.72,-17.44,1960,4,"031130",489.5
145.72,-17.44,1960,5,"031130",52.2
145.72,-17.44,1960,6,"031130",237
145.72,-17.44,1960,7,"031130",471.3
145.72,-17.44,1960,8,"031130",88.7
145.72,-17.44,1960,9,"031130",0
145.72,-17.44,1960,10,"031130",16.5
145.72,-17.44,1960,11,"031130",17
145.72,-17.44,1960,12,"031130",330.4
145.72,-17.44,1961,1,"031130",354.1
145.72,-17.44,1961,2,"031130",179.8
145.72,-17.44,1961,3,"031130",366.8
145.72,-17.44,1961,4,"031130",421.5
145.72,-17.44,1961,5,"031130",452.4
145.72,-17.44,1961,6,"031130",NA
145.72,-17.44,1961,7,"031130",NA
145.72,-17.44,1961,8,"031130",NA
145.72,-17.44,1961,9,"031130",113.1
145.72,-17.44,1961,10,"031130",NA
145.72,-17.44,1961,11,"031130",NA
145.72,-17.44,1961,12,"031130",NA
145.72,-17.44,1962,1,"031130",30.5
145.72,-17.44,1962,2,"031130",543.5
145.72,-17.44,1962,3,"031130",408.8
145.72,-17.44,1962,4,"031130",365
145.72,-17.44,1962,5,"031130",NA
145.72,-17.44,1962,6,"031130",NA
145.72,-17.44,1962,7,"031130",76.4
145.72,-17.44,1962,8,"031130",20.4
145.72,-17.44,1962,9,"031130",298.8
145.72,-17.44,1962,10,"031130",3.8
145.72,-17.44,1962,11,"031130",135.7
145.72,-17.44,1962,12,"031130",94.9
145.72,-17.44,1963,1,"031130",760.7
145.72,-17.44,1963,2,"031130",935.1
145.72,-17.44,1963,3,"031130",341.7
145.72,-17.44,1963,4,"031130",901.8
145.72,-17.44,1963,5,"031130",311.2
145.72,-17.44,1963,6,"031130",116.9
145.72,-17.44,1963,7,"031130",89.1
145.72,-17.44,1963,8,"031130",65
145.72,-17.44,1963,9,"031130",29.7
145.72,-17.44,1963,10,"031130",291.7
145.72,-17.44,1963,11,"031130",51.5
145.72,-17.44,1963,12,"031130",271.8
145.72,-17.44,1964,1,"031130",308.7
145.72,-17.44,1964,2,"031130",209.8
145.72,-17.44,1964,3,"031130",1021.8
145.72,-17.44,1964,4,"031130",328.4
145.72,-17.44,1964,5,"031130",1069.7
145.72,-17.44,1964,6,"031130",110.5
145.72,-17.44,1964,7,"031130",138.1
145.72,-17.44,1964,8,"031130",150.4
145.72,-17.44,1964,9,"031130",328.2
145.72,-17.44,1964,10,"031130",224.8
145.72,-17.44,1964,11,"031130",159
145.72,-17.44,1964,12,"031130",350
145.72,-17.44,1965,1,"031130",337.9
145.72,-17.44,1965,2,"031130",789.9
145.72,-17.44,1965,3,"031130",631.4
145.72,-17.44,1965,4,"031130",307.9
145.72,-17.44,1965,5,"031130",689.8
145.72,-17.44,1965,6,"031130",477.3
145.72,-17.44,1965,7,"031130",76.2
145.72,-17.44,1965,8,"031130",92.2
145.72,-17.44,1965,9,"031130",72.5
145.72,-17.44,1965,10,"031130",158.5
145.72,-17.44,1965,11,"031130",97.8
145.72,-17.44,1965,12,"031130",240
145.72,-17.44,1966,1,"031130",369.8
145.72,-17.44,1966,2,"031130",147.3
145.72,-17.44,1966,3,"031130",398.8
145.72,-17.44,1966,4,"031130",327.4
145.72,-17.44,1966,5,"031130",228.3
145.72,-17.44,1966,6,"031130",297.2
145.72,-17.44,1966,7,"031130",60.5
145.72,-17.44,1966,8,"031130",268.9
145.72,-17.44,1966,9,"031130",0
145.72,-17.44,1966,10,"031130",50
145.72,-17.44,1966,11,"031130",161
145.72,-17.44,1966,12,"031130",165.4
145.72,-17.44,1967,1,"031130",269.6
145.72,-17.44,1967,2,"031130",657.7
145.72,-17.44,1967,3,"031130",1535
145.72,-17.44,1967,4,"031130",NA
145.72,-17.44,1967,5,"031130",NA
145.72,-17.44,1967,6,"031130",NA
145.72,-17.44,1967,7,"031130",NA
145.72,-17.44,1967,8,"031130",NA
145.72,-17.44,1967,9,"031130",NA
145.72,-17.44,1967,10,"031130",NA
145.72,-17.44,1967,11,"031130",NA
145.72,-17.44,1967,12,"031130",NA
145.72,-17.44,1968,1,"031130",NA
145.72,-17.44,1968,2,"031130",NA
145.72,-17.44,1968,3,"031130",NA
145.72,-17.44,1968,4,"031130",NA
145.72,-17.44,1968,5,"031130",NA
145.72,-17.44,1968,6,"031130",NA
145.72,-17.44,1968,7,"031130",NA
145.72,-17.44,1968,8,"031130",NA
145.72,-17.44,1968,9,"031130",NA
145.72,-17.44,1968,10,"031130",NA
145.72,-17.44,1968,11,"031130",34
145.72,-17.44,1968,12,"031130",70.4
145.72,-17.44,1969,1,"031130",953.8
145.72,-17.44,1969,2,"031130",329
145.72,-17.44,1969,3,"031130",617.1
145.72,-17.44,1969,4,"031130",327.7
145.72,-17.44,1969,5,"031130",311.5
145.72,-17.44,1969,6,"031130",381
145.72,-17.44,1969,7,"031130",641
145.72,-17.44,1969,8,"031130",107.5
145.72,-17.44,1969,9,"031130",55.9
145.72,-17.44,1969,10,"031130",76.9
145.72,-17.44,1969,11,"031130",48
145.72,-17.44,1969,12,"031130",264.1
145.72,-17.44,1970,1,"031130",212.1
145.72,-17.44,1970,2,"031130",650.3
145.72,-17.44,1970,3,"031130",650.4
145.72,-17.44,1970,4,"031130",576.6
145.72,-17.44,1970,5,"031130",NA
145.72,-17.44,1970,6,"031130",NA
145.72,-17.44,1970,7,"031130",NA
145.72,-17.44,1970,8,"031130",NA
145.72,-17.44,1970,9,"031130",NA
145.72,-17.44,1970,10,"031130",NA
145.72,-17.44,1970,11,"031130",NA
145.72,-17.44,1970,12,"031130",NA
145.72,-17.44,1972,1,"031130",NA
145.72,-17.44,1972,2,"031130",NA
145.72,-17.44,1972,3,"031130",NA
145.72,-17.44,1972,4,"031130",NA
145.72,-17.44,1972,5,"031130",NA
145.72,-17.44,1972,6,"031130",NA
145.72,-17.44,1972,7,"031130",NA
145.72,-17.44,1972,8,"031130",NA
145.72,-17.44,1972,9,"031130",NA
145.72,-17.44,1972,10,"031130",NA
145.72,-17.44,1972,11,"031130",15.3
145.72,-17.44,1972,12,"031130",56.9
145.72,-17.44,1973,1,"031130",223.4
145.72,-17.44,1973,2,"031130",385.8
145.72,-17.44,1973,3,"031130",1004.4
145.72,-17.44,1973,4,"031130",1012
145.72,-17.44,1973,5,"031130",406.8
145.72,-17.44,1973,6,"031130",327.2
145.72,-17.44,1973,7,"031130",211.6
145.72,-17.44,1973,8,"031130",53.5
145.72,-17.44,1973,9,"031130",115.5
145.72,-17.44,1973,10,"031130",234.3
145.72,-17.44,1973,11,"031130",477.4
145.72,-17.44,1973,12,"031130",959.2
145.72,-17.44,1974,1,"031130",484
145.72,-17.44,1974,2,"031130",627
145.72,-17.44,1974,3,"031130",1122.6
145.72,-17.44,1974,4,"031130",422.9
145.72,-17.44,1974,5,"031130",389.2
145.72,-17.44,1974,6,"031130",184.4
145.72,-17.44,1974,7,"031130",5.4
145.72,-17.44,1974,8,"031130",37.8
145.72,-17.44,1974,9,"031130",108.8
145.72,-17.44,1974,10,"031130",51.4
145.72,-17.44,1974,11,"031130",76.4
145.72,-17.44,1974,12,"031130",64.2
145.72,-17.44,1975,1,"031130",238.4
145.72,-17.44,1975,2,"031130",1156
145.72,-17.44,1975,3,"031130",595.4
145.72,-17.44,1975,4,"031130",573
145.72,-17.44,1975,5,"031130",323.8
145.72,-17.44,1975,6,"031130",326.3
145.72,-17.44,1975,7,"031130",337.6
145.72,-17.44,1975,8,"031130",225.6
145.72,-17.44,1975,9,"031130",533.2
145.72,-17.44,1975,10,"031130",96.5
145.72,-17.44,1975,11,"031130",164.6
145.72,-17.44,1975,12,"031130",393
145.72,-17.44,1976,1,"031130",399
145.72,-17.44,1976,2,"031130",626.8
145.72,-17.44,1976,3,"031130",470.1
145.72,-17.44,1976,4,"031130",528.3
145.72,-17.44,1976,5,"031130",241.4
145.72,-17.44,1976,6,"031130",219.8
145.72,-17.44,1976,7,"031130",239.4
145.72,-17.44,1976,8,"031130",62.4
145.72,-17.44,1976,9,"031130",NA
145.72,-17.44,1976,10,"031130",17.7
145.72,-17.44,1976,11,"031130",109.8
145.72,-17.44,1976,12,"031130",126.6
145.72,-17.44,1977,1,"031130",555
145.72,-17.44,1977,2,"031130",1807.4
145.72,-17.44,1977,3,"031130",1158.8
145.72,-17.44,1977,4,"031130",955.3
145.72,-17.44,1977,5,"031130",125.5
145.72,-17.44,1977,6,"031130",151.7
145.72,-17.44,1977,7,"031130",285.8
145.72,-17.44,1977,8,"031130",121
145.72,-17.44,1977,9,"031130",177.3
145.72,-17.44,1977,10,"031130",102.3
145.72,-17.44,1977,11,"031130",154.2
145.72,-17.44,1977,12,"031130",321.4
145.72,-17.44,1978,1,"031130",332.3
145.72,-17.44,1978,2,"031130",265.1
145.72,-17.44,1978,3,"031130",311.1
145.72,-17.44,1978,4,"031130",272.9
145.72,-17.44,1978,5,"031130",373.8
145.72,-17.44,1978,6,"031130",18
145.72,-17.44,1978,7,"031130",22.5
145.72,-17.44,1978,8,"031130",200.8
145.72,-17.44,1978,9,"031130",22.7
145.72,-17.44,1978,10,"031130",428.3
145.72,-17.44,1978,11,"031130",206.8
145.72,-17.44,1978,12,"031130",85.9
145.72,-17.44,1979,1,"031130",2526
145.72,-17.44,1979,2,"031130",723.5
145.72,-17.44,1979,3,"031130",471.5
145.72,-17.44,1979,4,"031130",354
145.72,-17.44,1979,5,"031130",339.5
145.72,-17.44,1979,6,"031130",243.5
145.72,-17.44,1979,7,"031130",191.5
145.72,-17.44,1979,8,"031130",122
145.72,-17.44,1979,9,"031130",83
145.72,-17.44,1979,10,"031130",60.5
145.72,-17.44,1979,11,"031130",41.5
145.72,-17.44,1979,12,"031130",170
145.72,-17.44,1980,1,"031130",134.5
145.72,-17.44,1980,2,"031130",174.5
145.72,-17.44,1980,3,"031130",521.5
145.72,-17.44,1980,4,"031130",365
145.72,-17.44,1980,5,"031130",342
145.72,-17.44,1980,6,"031130",233
145.72,-17.44,1980,7,"031130",105.5
145.72,-17.44,1980,8,"031130",401
145.72,-17.44,1980,9,"031130",5.5
145.72,-17.44,1980,10,"031130",44
145.72,-17.44,1980,11,"031130",174
145.72,-17.44,1980,12,"031130",354
145.72,-17.44,1981,1,"031130",1111.5
145.72,-17.44,1981,2,"031130",649.5
145.72,-17.44,1981,3,"031130",430.5
145.72,-17.44,1981,4,"031130",229
145.72,-17.44,1981,5,"031130",450
145.72,-17.44,1981,6,"031130",7
145.72,-17.44,1981,7,"031130",223.5
145.72,-17.44,1981,8,"031130",5.5
145.72,-17.44,1981,9,"031130",364.5
145.72,-17.44,1981,10,"031130",239
145.72,-17.44,1981,11,"031130",300
145.72,-17.44,1981,12,"031130",127.5
145.72,-17.44,1982,1,"031130",239.5
145.72,-17.44,1982,2,"031130",332.5
145.72,-17.44,1982,3,"031130",455.5
145.72,-17.44,1982,4,"031130",1402.5
145.72,-17.44,1982,5,"031130",201
145.72,-17.44,1982,6,"031130",113.5
145.72,-17.44,1982,7,"031130",61.5
145.72,-17.44,1982,8,"031130",493.5
145.72,-17.44,1982,9,"031130",37.5
145.72,-17.44,1982,10,"031130",26
145.72,-17.44,1982,11,"031130",284.5
145.72,-17.44,1982,12,"031130",186.5
145.72,-17.44,1983,1,"031130",141.5
145.72,-17.44,1983,2,"031130",147
145.72,-17.44,1983,3,"031130",774.5
145.72,-17.44,1983,4,"031130",339.5
145.72,-17.44,1983,5,"031130",797
145.72,-17.44,1983,6,"031130",145
145.72,-17.44,1983,7,"031130",122.5
145.72,-17.44,1983,8,"031130",213
145.72,-17.44,1983,9,"031130",181.5
145.72,-17.44,1983,10,"031130",25
145.72,-17.44,1983,11,"031130",100.5
145.72,-17.44,1983,12,"031130",180.5
145.72,-17.44,1984,1,"031130",417.5
145.72,-17.44,1984,2,"031130",654
145.72,-17.44,1984,3,"031130",287.5
145.72,-17.44,1984,4,"031130",230.5
145.72,-17.44,1984,5,"031130",316
145.72,-17.44,1984,6,"031130",310
145.72,-17.44,1984,7,"031130",184
145.72,-17.44,1984,8,"031130",17.5
145.72,-17.44,1984,9,"031130",3
145.72,-17.44,1984,10,"031130",182.5
145.72,-17.44,1984,11,"031130",274
145.72,-17.44,1984,12,"031130",191
145.72,-17.44,1985,1,"031130",397.5
145.72,-17.44,1985,2,"031130",906.5
145.72,-17.44,1985,3,"031130",1030.5
145.72,-17.44,1985,4,"031130",326
145.72,-17.44,1985,5,"031130",364.5
145.72,-17.44,1985,6,"031130",62.5
145.72,-17.44,1985,7,"031130",131
145.72,-17.44,1985,8,"031130",21
145.72,-17.44,1985,9,"031130",61
145.72,-17.44,1985,10,"031130",162
145.72,-17.44,1985,11,"031130",198
145.72,-17.44,1985,12,"031130",91
145.72,-17.44,1986,1,"031130",747.5
145.72,-17.44,1986,2,"031130",445.5
145.72,-17.44,1986,3,"031130",824.5
145.72,-17.44,1986,4,"031130",657.5
145.72,-17.44,1986,5,"031130",210
145.72,-17.44,1986,6,"031130",339.5
145.72,-17.44,1986,7,"031130",76.5
145.72,-17.44,1986,8,"031130",66.5
145.72,-17.44,1986,9,"031130",42.5
145.72,-17.44,1986,10,"031130",39.5
145.72,-17.44,1986,11,"031130",53.5
145.72,-17.44,1986,12,"031130",68
145.72,-17.44,1987,1,"031130",61.5
145.72,-17.44,1987,2,"031130",621
145.72,-17.44,1987,3,"031130",255.5
145.72,-17.44,1987,4,"031130",738.1
145.72,-17.44,1987,5,"031130",326
145.72,-17.44,1987,6,"031130",452.8
145.72,-17.44,1987,7,"031130",196.8
145.72,-17.44,1987,8,"031130",78.1
145.72,-17.44,1987,9,"031130",140.9
145.72,-17.44,1987,10,"031130",27.3
145.72,-17.44,1987,11,"031130",123.2
145.72,-17.44,1987,12,"031130",167.4
145.72,-17.44,1988,1,"031130",186.4
145.72,-17.44,1988,2,"031130",299
145.72,-17.44,1988,3,"031130",769.1
145.72,-17.44,1988,4,"031130",185.6
145.72,-17.44,1988,5,"031130",236.7
145.72,-17.44,1988,6,"031130",132.8
145.72,-17.44,1988,7,"031130",221
145.72,-17.44,1988,8,"031130",272.5
145.72,-17.44,1988,9,"031130",191.3
145.72,-17.44,1988,10,"031130",227.4
145.72,-17.44,1988,11,"031130",401.9
145.72,-17.44,1988,12,"031130",415.2
145.72,-17.44,1989,1,"031130",295.4
145.72,-17.44,1989,2,"031130",184.3
145.72,-17.44,1989,3,"031130",925.8
145.72,-17.44,1989,4,"031130",758.5
145.72,-17.44,1989,5,"031130",551.3
145.72,-17.44,1989,6,"031130",105.8
145.72,-17.44,1989,7,"031130",107.3
145.72,-17.44,1989,8,"031130",15
145.72,-17.44,1989,9,"031130",30.6
145.72,-17.44,1989,10,"031130",46.8
145.72,-17.44,1989,11,"031130",436.4
145.72,-17.44,1989,12,"031130",216
145.72,-17.44,1990,1,"031130",175.8
145.72,-17.44,1990,2,"031130",98
145.72,-17.44,1990,3,"031130",848.2
145.72,-17.44,1990,4,"031130",360.8
145.72,-17.44,1990,5,"031130",602
145.72,-17.44,1990,6,"031130",220.6
145.72,-17.44,1990,7,"031130",97.4
145.72,-17.44,1990,8,"031130",5.2
145.72,-17.44,1990,9,"031130",219.2
145.72,-17.44,1990,10,"031130",31.4
145.72,-17.44,1990,11,"031130",21.8
145.72,-17.44,1990,12,"031130",495.4
145.72,-17.44,1991,1,"031130",529.8
145.72,-17.44,1991,2,"031130",1004.4
145.72,-17.44,1991,3,"031130",145.8
145.72,-17.44,1991,4,"031130",336.8
145.72,-17.44,1991,5,"031130",300.2
145.72,-17.44,1991,6,"031130",101.3
145.72,-17.44,1991,7,"031130",134.9
145.72,-17.44,1991,8,"031130",32.8
145.72,-17.44,1991,9,"031130",1.6
145.72,-17.44,1991,10,"031130",10.6
145.72,-17.44,1991,11,"031130",97.2
145.72,-17.44,1991,12,"031130",128.6
145.72,-17.44,1992,1,"031130",104.4
145.72,-17.44,1992,2,"031130",258
145.72,-17.44,1992,3,"031130",201.8
145.72,-17.44,1992,4,"031130",411
145.72,-17.44,1992,5,"031130",399.8
145.72,-17.44,1992,6,"031130",44
145.72,-17.44,1992,7,"031130",212.6
145.72,-17.44,1992,8,"031130",37.7
145.72,-17.44,1992,9,"031130",51.8
145.72,-17.44,1992,10,"031130",34.9
145.72,-17.44,1992,11,"031130",43.8
145.72,-17.44,1992,12,"031130",442.4
145.72,-17.44,1993,1,"031130",415.8
145.72,-17.44,1993,2,"031130",324.6
145.72,-17.44,1993,3,"031130",71.6
145.72,-17.44,1993,4,"031130",407.4
145.72,-17.44,1993,5,"031130",386
145.72,-17.44,1993,6,"031130",232.4
145.72,-17.44,1993,7,"031130",380.6
145.72,-17.44,1993,8,"031130",141.4
145.72,-17.44,1993,9,"031130",207.8
145.72,-17.44,1993,10,"031130",42.8
145.72,-17.44,1993,11,"031130",70
145.72,-17.44,1993,12,"031130",259
145.72,-17.44,1994,1,"031130",428.2
145.72,-17.44,1994,2,"031130",762.2
145.72,-17.44,1994,3,"031130",255.8
145.72,-17.44,1994,4,"031130",471.2
145.72,-17.44,1994,5,"031130",260.6
145.72,-17.44,1994,6,"031130",134.2
145.72,-17.44,1994,7,"031130",319.8
145.72,-17.44,1994,8,"031130",194
145.72,-17.44,1994,9,"031130",76.4
145.72,-17.44,1994,10,"031130",39
145.72,-17.44,1994,11,"031130",79.4
145.72,-17.44,1994,12,"031130",135.2
145.72,-17.44,1995,1,"031130",192.2
145.72,-17.44,1995,2,"031130",824.4
145.72,-17.44,1995,3,"031130",580.4
145.72,-17.44,1995,4,"031130",112
145.72,-17.44,1995,5,"031130",237.4
145.72,-17.44,1995,6,"031130",231.8
145.72,-17.44,1995,7,"031130",47.2
145.72,-17.44,1995,8,"031130",573
145.72,-17.44,1995,9,"031130",26.2
145.72,-17.44,1995,10,"031130",223
145.72,-17.44,1995,11,"031130",109.2
145.72,-17.44,1995,12,"031130",87.4
145.72,-17.44,1996,1,"031130",352.4
145.72,-17.44,1996,2,"031130",452
145.72,-17.44,1996,3,"031130",860.2
145.72,-17.44,1996,4,"031130",401.8
145.72,-17.44,1996,5,"031130",391.6
145.72,-17.44,1996,6,"031130",277.8
145.72,-17.44,1996,7,"031130",101.8
145.72,-17.44,1996,8,"031130",46.6
145.72,-17.44,1996,9,"031130",5
145.72,-17.44,1996,10,"031130",373.6
145.72,-17.44,1996,11,"031130",50
145.72,-17.44,1996,12,"031130",375
145.72,-17.44,1997,1,"031130",471.2
145.72,-17.44,1997,2,"031130",428.8
145.72,-17.44,1997,3,"031130",727
145.72,-17.44,1997,4,"031130",448
145.72,-17.44,1997,5,"031130",127.2
145.72,-17.44,1997,6,"031130",181.4
145.72,-17.44,1997,7,"031130",147.4
145.72,-17.44,1997,8,"031130",140.6
145.72,-17.44,1997,9,"031130",58
145.72,-17.44,1997,10,"031130",32.4
145.72,-17.44,1997,11,"031130",117.1
145.72,-17.44,1997,12,"031130",253.4
145.72,-17.44,1998,1,"031130",751.2
145.72,-17.44,1998,2,"031130",337.2
145.72,-17.44,1998,3,"031130",263
145.72,-17.44,1998,4,"031130",316.6
145.72,-17.44,1998,5,"031130",269.6
145.72,-17.44,1998,6,"031130",105.6
145.72,-17.44,1998,7,"031130",189.7
145.72,-17.44,1998,8,"031130",51.4
145.72,-17.44,1998,9,"031130",257.4
145.72,-17.44,1998,10,"031130",67.4
145.72,-17.44,1998,11,"031130",250.1
145.72,-17.44,1998,12,"031130",344.6
145.72,-17.44,1999,1,"031130",341.6
145.72,-17.44,1999,2,"031130",1038.6
145.72,-17.44,1999,3,"031130",1662.2
145.72,-17.44,1999,4,"031130",622
145.72,-17.44,1999,5,"031130",187
145.72,-17.44,1999,6,"031130",122.2
145.72,-17.44,1999,7,"031130",126.6
145.72,-17.44,1999,8,"031130",183.2
145.72,-17.44,1999,9,"031130",188.6
145.72,-17.44,1999,10,"031130",95
145.72,-17.44,1999,11,"031130",248.2
145.72,-17.44,1999,12,"031130",461
145.72,-17.44,2000,1,"031130",156.2
145.72,-17.44,2000,2,"031130",1410.6
145.72,-17.44,2000,3,"031130",749
145.72,-17.44,2000,4,"031130",930.8
145.72,-17.44,2000,5,"031130",264.4
145.72,-17.44,2000,6,"031130",208.4
145.72,-17.44,2000,7,"031130",40
145.72,-17.44,2000,8,"031130",139
145.72,-17.44,2000,9,"031130",39.2
145.72,-17.44,2000,10,"031130",106
145.72,-17.44,2000,11,"031130",340.4
145.72,-17.44,2000,12,"031130",367.8
145.72,-17.44,2001,1,"031130",419
145.72,-17.44,2001,2,"031130",1137.6
145.72,-17.44,2001,3,"031130",366.8
145.72,-17.44,2001,4,"031130",463.2
145.72,-17.44,2001,5,"031130",22.6
145.72,-17.44,2001,6,"031130",345
145.72,-17.44,2001,7,"031130",25.8
145.72,-17.44,2001,8,"031130",49.4
145.72,-17.44,2001,9,"031130",124.4
145.72,-17.44,2001,10,"031130",85
145.72,-17.44,2001,11,"031130",65.8
145.72,-17.44,2001,12,"031130",102.8
145.72,-17.44,2002,1,"031130",NA
145.72,-17.44,2002,2,"031130",223
145.72,-17.44,2002,3,"031130",282.6
145.72,-17.44,2002,4,"031130",356.6
145.72,-17.44,2002,5,"031130",301.8
145.72,-17.44,2002,6,"031130",27.2
145.72,-17.44,2002,7,"031130",60
145.72,-17.44,2002,8,"031130",137
145.72,-17.44,2002,9,"031130",45.4
145.72,-17.44,2002,10,"031130",2
145.72,-17.44,2002,11,"031130",75.6
145.72,-17.44,2002,12,"031130",100
145.72,-17.44,2003,1,"031130",378.6
145.72,-17.44,2003,2,"031130",375.8
145.72,-17.44,2003,3,"031130",199.2
145.72,-17.44,2003,4,"031130",300.2
145.72,-17.44,2003,5,"031130",298.2
145.72,-17.44,2003,6,"031130",152
145.72,-17.44,2003,7,"031130",215.6
145.72,-17.44,2003,8,"031130",71.4
145.72,-17.44,2003,9,"031130",24.8
145.72,-17.44,2003,10,"031130",35.4
145.72,-17.44,2003,11,"031130",74
145.72,-17.44,2003,12,"031130",430.6
145.72,-17.44,2004,1,"031130",349.4
145.72,-17.44,2004,2,"031130",930
145.72,-17.44,2004,3,"031130",1382.2
145.72,-17.44,2004,4,"031130",NA
145.72,-17.44,2004,5,"031130",188.8
145.72,-17.44,2004,6,"031130",208
145.72,-17.44,2004,7,"031130",223.2
145.72,-17.44,2004,8,"031130",NA
145.72,-17.44,2004,9,"031130",NA
145.72,-17.44,2004,10,"031130",NA
145.72,-17.44,2004,11,"031130",NA
145.72,-17.44,2004,12,"031130",NA
