"Lon","Lat","Year","Month","Station","Rain"
137.36,-33.13,1903,1,"018059",NA
137.36,-33.13,1903,2,"018059",NA
137.36,-33.13,1903,3,"018059",20.5
137.36,-33.13,1903,4,"018059",38.9
137.36,-33.13,1903,5,"018059",9.3
137.36,-33.13,1903,6,"018059",11.1
137.36,-33.13,1903,7,"018059",15.8
137.36,-33.13,1903,8,"018059",15.9
137.36,-33.13,1903,9,"018059",52.9
137.36,-33.13,1903,10,"018059",5.9
137.36,-33.13,1903,11,"018059",47.9
137.36,-33.13,1903,12,"018059",18.8
137.36,-33.13,1904,1,"018059",18
137.36,-33.13,1904,2,"018059",18.9
137.36,-33.13,1904,3,"018059",7.3
137.36,-33.13,1904,4,"018059",14.8
137.36,-33.13,1904,5,"018059",12.2
137.36,-33.13,1904,6,"018059",19.2
137.36,-33.13,1904,7,"018059",33.8
137.36,-33.13,1904,8,"018059",8.7
137.36,-33.13,1904,9,"018059",3.3
137.36,-33.13,1904,10,"018059",52.9
137.36,-33.13,1904,11,"018059",24.9
137.36,-33.13,1904,12,"018059",2
137.36,-33.13,1905,1,"018059",25.7
137.36,-33.13,1905,2,"018059",2
137.36,-33.13,1905,3,"018059",7.9
137.36,-33.13,1905,4,"018059",34
137.36,-33.13,1905,5,"018059",34.1
137.36,-33.13,1905,6,"018059",17.1
137.36,-33.13,1905,7,"018059",24.3
137.36,-33.13,1905,8,"018059",8.3
137.36,-33.13,1905,9,"018059",15.1
137.36,-33.13,1905,10,"018059",23.6
137.36,-33.13,1905,11,"018059",0
137.36,-33.13,1905,12,"018059",0
137.36,-33.13,1906,1,"018059",0
137.36,-33.13,1906,2,"018059",3.8
137.36,-33.13,1906,3,"018059",42.3
137.36,-33.13,1906,4,"018059",0
137.36,-33.13,1906,5,"018059",13.4
137.36,-33.13,1906,6,"018059",44.5
137.36,-33.13,1906,7,"018059",10.3
137.36,-33.13,1906,8,"018059",27.8
137.36,-33.13,1906,9,"018059",63.7
137.36,-33.13,1906,10,"018059",9.4
137.36,-33.13,1906,11,"018059",37.9
137.36,-33.13,1906,12,"018059",32.8
137.36,-33.13,1907,1,"018059",0
137.36,-33.13,1907,2,"018059",1.3
137.36,-33.13,1907,3,"018059",3
137.36,-33.13,1907,4,"018059",27.2
137.36,-33.13,1907,5,"018059",31
137.36,-33.13,1907,6,"018059",71.9
137.36,-33.13,1907,7,"018059",22.6
137.36,-33.13,1907,8,"018059",26.9
137.36,-33.13,1907,9,"018059",7.4
137.36,-33.13,1907,10,"018059",18.6
137.36,-33.13,1907,11,"018059",22.7
137.36,-33.13,1907,12,"018059",5.1
137.36,-33.13,1908,1,"018059",22.6
137.36,-33.13,1908,2,"018059",9.9
137.36,-33.13,1908,3,"018059",77.5
137.36,-33.13,1908,4,"018059",34.5
137.36,-33.13,1908,5,"018059",45.8
137.36,-33.13,1908,6,"018059",19.8
137.36,-33.13,1908,7,"018059",5
137.36,-33.13,1908,8,"018059",46
137.36,-33.13,1908,9,"018059",38.9
137.36,-33.13,1908,10,"018059",62.6
137.36,-33.13,1908,11,"018059",1
137.36,-33.13,1908,12,"018059",6.9
137.36,-33.13,1909,1,"018059",10.2
137.36,-33.13,1909,2,"018059",11.2
137.36,-33.13,1909,3,"018059",6.6
137.36,-33.13,1909,4,"018059",18.6
137.36,-33.13,1909,5,"018059",19.1
137.36,-33.13,1909,6,"018059",71.4
137.36,-33.13,1909,7,"018059",25.7
137.36,-33.13,1909,8,"018059",56
137.36,-33.13,1909,9,"018059",20.2
137.36,-33.13,1909,10,"018059",15.9
137.36,-33.13,1909,11,"018059",9.1
137.36,-33.13,1909,12,"018059",2
137.36,-33.13,1910,1,"018059",3
137.36,-33.13,1910,2,"018059",0.8
137.36,-33.13,1910,3,"018059",61.2
137.36,-33.13,1910,4,"018059",0
137.36,-33.13,1910,5,"018059",83.9
137.36,-33.13,1910,6,"018059",86.9
137.36,-33.13,1910,7,"018059",46.4
137.36,-33.13,1910,8,"018059",26.2
137.36,-33.13,1910,9,"018059",77.6
137.36,-33.13,1910,10,"018059",29.7
137.36,-33.13,1910,11,"018059",14.3
137.36,-33.13,1910,12,"018059",2.3
137.36,-33.13,1911,1,"018059",3.8
137.36,-33.13,1911,2,"018059",35.9
137.36,-33.13,1911,3,"018059",18
137.36,-33.13,1911,4,"018059",0
137.36,-33.13,1911,5,"018059",65.3
137.36,-33.13,1911,6,"018059",12.2
137.36,-33.13,1911,7,"018059",28.7
137.36,-33.13,1911,8,"018059",36.6
137.36,-33.13,1911,9,"018059",23.2
137.36,-33.13,1911,10,"018059",12.1
137.36,-33.13,1911,11,"018059",0
137.36,-33.13,1911,12,"018059",20.8
137.36,-33.13,1912,1,"018059",0
137.36,-33.13,1912,2,"018059",19.3
137.36,-33.13,1912,3,"018059",37.6
137.36,-33.13,1912,4,"018059",3.5
137.36,-33.13,1912,5,"018059",2.6
137.36,-33.13,1912,6,"018059",53.1
137.36,-33.13,1912,7,"018059",36.2
137.36,-33.13,1912,8,"018059",18.6
137.36,-33.13,1912,9,"018059",10.7
137.36,-33.13,1912,10,"018059",34.1
137.36,-33.13,1912,11,"018059",42.2
137.36,-33.13,1912,12,"018059",25.4
137.36,-33.13,1913,1,"018059",0.8
137.36,-33.13,1913,2,"018059",10.4
137.36,-33.13,1913,3,"018059",15.3
137.36,-33.13,1913,4,"018059",7.9
137.36,-33.13,1913,5,"018059",24.9
137.36,-33.13,1913,6,"018059",2.1
137.36,-33.13,1913,7,"018059",6.7
137.36,-33.13,1913,8,"018059",17.6
137.36,-33.13,1913,9,"018059",40
137.36,-33.13,1913,10,"018059",32.7
137.36,-33.13,1913,11,"018059",19.2
137.36,-33.13,1913,12,"018059",5.8
137.36,-33.13,1914,1,"018059",0
137.36,-33.13,1914,2,"018059",2
137.36,-33.13,1914,3,"018059",8.1
137.36,-33.13,1914,4,"018059",9.4
137.36,-33.13,1914,5,"018059",8.4
137.36,-33.13,1914,6,"018059",7.3
137.36,-33.13,1914,7,"018059",3.8
137.36,-33.13,1914,8,"018059",1
137.36,-33.13,1914,9,"018059",24.2
137.36,-33.13,1914,10,"018059",16
137.36,-33.13,1914,11,"018059",59.7
137.36,-33.13,1914,12,"018059",24.6
137.36,-33.13,1915,1,"018059",9.6
137.36,-33.13,1915,2,"018059",0
137.36,-33.13,1915,3,"018059",12.7
137.36,-33.13,1915,4,"018059",25.4
137.36,-33.13,1915,5,"018059",30.3
137.36,-33.13,1915,6,"018059",11.2
137.36,-33.13,1915,7,"018059",17.4
137.36,-33.13,1915,8,"018059",45.7
137.36,-33.13,1915,9,"018059",26.2
137.36,-33.13,1915,10,"018059",18.3
137.36,-33.13,1915,11,"018059",1
137.36,-33.13,1915,12,"018059",18.6
137.36,-33.13,1916,1,"018059",13.9
137.36,-33.13,1916,2,"018059",0.8
137.36,-33.13,1916,3,"018059",8.4
137.36,-33.13,1916,4,"018059",1.6
137.36,-33.13,1916,5,"018059",16.8
137.36,-33.13,1916,6,"018059",44.4
137.36,-33.13,1916,7,"018059",83.4
137.36,-33.13,1916,8,"018059",39
137.36,-33.13,1916,9,"018059",35.5
137.36,-33.13,1916,10,"018059",38.4
137.36,-33.13,1916,11,"018059",29.3
137.36,-33.13,1916,12,"018059",42.2
137.36,-33.13,1917,1,"018059",51.1
137.36,-33.13,1917,2,"018059",12.6
137.36,-33.13,1917,3,"018059",16
137.36,-33.13,1917,4,"018059",1.1
137.36,-33.13,1917,5,"018059",17.9
137.36,-33.13,1917,6,"018059",32.8
137.36,-33.13,1917,7,"018059",42.4
137.36,-33.13,1917,8,"018059",23.9
137.36,-33.13,1917,9,"018059",62.1
137.36,-33.13,1917,10,"018059",58.9
137.36,-33.13,1917,11,"018059",46.8
137.36,-33.13,1917,12,"018059",21.1
137.36,-33.13,1918,1,"018059",0
137.36,-33.13,1918,2,"018059",14.2
137.36,-33.13,1918,3,"018059",8.6
137.36,-33.13,1918,4,"018059",12.1
137.36,-33.13,1918,5,"018059",13
137.36,-33.13,1918,6,"018059",11.1
137.36,-33.13,1918,7,"018059",8.8
137.36,-33.13,1918,8,"018059",40.3
137.36,-33.13,1918,9,"018059",10.1
137.36,-33.13,1918,10,"018059",14.8
137.36,-33.13,1918,11,"018059",0.5
137.36,-33.13,1918,12,"018059",8.1
137.36,-33.13,1919,1,"018059",5.1
137.36,-33.13,1919,2,"018059",64
137.36,-33.13,1919,3,"018059",7.9
137.36,-33.13,1919,4,"018059",24.7
137.36,-33.13,1919,5,"018059",30.3
137.36,-33.13,1919,6,"018059",8.6
137.36,-33.13,1919,7,"018059",9.4
137.36,-33.13,1919,8,"018059",12.7
137.36,-33.13,1919,9,"018059",25.5
137.36,-33.13,1919,10,"018059",14
137.36,-33.13,1919,11,"018059",14.9
137.36,-33.13,1919,12,"018059",46.2
137.36,-33.13,1920,1,"018059",5.8
137.36,-33.13,1920,2,"018059",0
137.36,-33.13,1920,3,"018059",8.6
137.36,-33.13,1920,4,"018059",18.1
137.36,-33.13,1920,5,"018059",8.7
137.36,-33.13,1920,6,"018059",82.6
137.36,-33.13,1920,7,"018059",16.2
137.36,-33.13,1920,8,"018059",32.5
137.36,-33.13,1920,9,"018059",59.1
137.36,-33.13,1920,10,"018059",50.7
137.36,-33.13,1920,11,"018059",49.2
137.36,-33.13,1920,12,"018059",38.6
137.36,-33.13,1921,1,"018059",54.6
137.36,-33.13,1921,2,"018059",135.6
137.36,-33.13,1921,3,"018059",41.7
137.36,-33.13,1921,4,"018059",24.2
137.36,-33.13,1921,5,"018059",51.6
137.36,-33.13,1921,6,"018059",69.8
137.36,-33.13,1921,7,"018059",9.9
137.36,-33.13,1921,8,"018059",7.1
137.36,-33.13,1921,9,"018059",25.7
137.36,-33.13,1921,10,"018059",9.1
137.36,-33.13,1921,11,"018059",9.9
137.36,-33.13,1921,12,"018059",0
137.36,-33.13,1922,1,"018059",1.8
137.36,-33.13,1922,2,"018059",8.9
137.36,-33.13,1922,3,"018059",4.1
137.36,-33.13,1922,4,"018059",16.7
137.36,-33.13,1922,5,"018059",28.3
137.36,-33.13,1922,6,"018059",8
137.36,-33.13,1922,7,"018059",25.2
137.36,-33.13,1922,8,"018059",13
137.36,-33.13,1922,9,"018059",10.2
137.36,-33.13,1922,10,"018059",11.4
137.36,-33.13,1922,11,"018059",0
137.36,-33.13,1922,12,"018059",32.2
137.36,-33.13,1923,1,"018059",17
137.36,-33.13,1923,2,"018059",1.3
137.36,-33.13,1923,3,"018059",0
137.36,-33.13,1923,4,"018059",3.3
137.36,-33.13,1923,5,"018059",35.7
137.36,-33.13,1923,6,"018059",63.2
137.36,-33.13,1923,7,"018059",26.7
137.36,-33.13,1923,8,"018059",18.3
137.36,-33.13,1923,9,"018059",19.7
137.36,-33.13,1923,10,"018059",25.8
137.36,-33.13,1923,11,"018059",0
137.36,-33.13,1923,12,"018059",71.2
137.36,-33.13,1924,1,"018059",33
137.36,-33.13,1924,2,"018059",19.3
137.36,-33.13,1924,3,"018059",19
137.36,-33.13,1924,4,"018059",5.1
137.36,-33.13,1924,5,"018059",11.3
137.36,-33.13,1924,6,"018059",8.9
137.36,-33.13,1924,7,"018059",0
137.36,-33.13,1924,8,"018059",28.6
137.36,-33.13,1924,9,"018059",28.8
137.36,-33.13,1924,10,"018059",114.8
137.36,-33.13,1924,11,"018059",17.7
137.36,-33.13,1924,12,"018059",19.1
137.36,-33.13,1925,1,"018059",9.8
137.36,-33.13,1925,2,"018059",1.8
137.36,-33.13,1925,3,"018059",1.5
137.36,-33.13,1925,4,"018059",28.8
137.36,-33.13,1925,5,"018059",61.3
137.36,-33.13,1925,6,"018059",8.6
137.36,-33.13,1925,7,"018059",30.4
137.36,-33.13,1925,8,"018059",11.4
137.36,-33.13,1925,9,"018059",16.4
137.36,-33.13,1925,10,"018059",6.6
137.36,-33.13,1925,11,"018059",21.2
137.36,-33.13,1925,12,"018059",1
137.36,-33.13,1926,1,"018059",0
137.36,-33.13,1926,2,"018059",3.6
137.36,-33.13,1926,3,"018059",18.6
137.36,-33.13,1926,4,"018059",6.4
137.36,-33.13,1926,5,"018059",44.8
137.36,-33.13,1926,6,"018059",35.9
137.36,-33.13,1926,7,"018059",22.6
137.36,-33.13,1926,8,"018059",30
137.36,-33.13,1926,9,"018059",72.2
137.36,-33.13,1926,10,"018059",5.9
137.36,-33.13,1926,11,"018059",0
137.36,-33.13,1926,12,"018059",4.9
137.36,-33.13,1927,1,"018059",3.8
137.36,-33.13,1927,2,"018059",2.6
137.36,-33.13,1927,3,"018059",19.8
137.36,-33.13,1927,4,"018059",1
137.36,-33.13,1927,5,"018059",14
137.36,-33.13,1927,6,"018059",19.8
137.36,-33.13,1927,7,"018059",7.1
137.36,-33.13,1927,8,"018059",13.3
137.36,-33.13,1927,9,"018059",12.8
137.36,-33.13,1927,10,"018059",3.3
137.36,-33.13,1927,11,"018059",38.4
137.36,-33.13,1927,12,"018059",8.2
137.36,-33.13,1928,1,"018059",26.4
137.36,-33.13,1928,2,"018059",27.4
137.36,-33.13,1928,3,"018059",26.7
137.36,-33.13,1928,4,"018059",3.6
137.36,-33.13,1928,5,"018059",23.7
137.36,-33.13,1928,6,"018059",9.4
137.36,-33.13,1928,7,"018059",22.9
137.36,-33.13,1928,8,"018059",14.3
137.36,-33.13,1928,9,"018059",7.6
137.36,-33.13,1928,10,"018059",8.6
137.36,-33.13,1928,11,"018059",0
137.36,-33.13,1928,12,"018059",0
137.36,-33.13,1929,1,"018059",4.1
137.36,-33.13,1929,2,"018059",2.8
137.36,-33.13,1929,3,"018059",2
137.36,-33.13,1929,4,"018059",4
137.36,-33.13,1929,5,"018059",12.9
137.36,-33.13,1929,6,"018059",14.1
137.36,-33.13,1929,7,"018059",2.3
137.36,-33.13,1929,8,"018059",17.8
137.36,-33.13,1929,9,"018059",24.3
137.36,-33.13,1929,10,"018059",0.8
137.36,-33.13,1929,11,"018059",14.2
137.36,-33.13,1929,12,"018059",42.8
137.36,-33.13,1930,1,"018059",0
137.36,-33.13,1930,2,"018059",15.3
137.36,-33.13,1930,3,"018059",0
137.36,-33.13,1930,4,"018059",12.2
137.36,-33.13,1930,5,"018059",1.8
137.36,-33.13,1930,6,"018059",13.5
137.36,-33.13,1930,7,"018059",53
137.36,-33.13,1930,8,"018059",30.7
137.36,-33.13,1930,9,"018059",4.8
137.36,-33.13,1930,10,"018059",35.8
137.36,-33.13,1930,11,"018059",7.2
137.36,-33.13,1930,12,"018059",41.2
137.36,-33.13,1931,1,"018059",4
137.36,-33.13,1931,2,"018059",0
137.36,-33.13,1931,3,"018059",23.1
137.36,-33.13,1931,4,"018059",28.5
137.36,-33.13,1931,5,"018059",20.3
137.36,-33.13,1931,6,"018059",36.3
137.36,-33.13,1931,7,"018059",10.5
137.36,-33.13,1931,8,"018059",19.7
137.36,-33.13,1931,9,"018059",13.4
137.36,-33.13,1931,10,"018059",7.1
137.36,-33.13,1931,11,"018059",5.3
137.36,-33.13,1931,12,"018059",4.1
137.36,-33.13,1932,1,"018059",0
137.36,-33.13,1932,2,"018059",54.7
137.36,-33.13,1932,3,"018059",4.1
137.36,-33.13,1932,4,"018059",31.5
137.36,-33.13,1932,5,"018059",39.9
137.36,-33.13,1932,6,"018059",19.2
137.36,-33.13,1932,7,"018059",16.6
137.36,-33.13,1932,8,"018059",32
137.36,-33.13,1932,9,"018059",43.2
137.36,-33.13,1932,10,"018059",14.8
137.36,-33.13,1932,11,"018059",3.6
137.36,-33.13,1932,12,"018059",5.8
137.36,-33.13,1933,1,"018059",14.6
137.36,-33.13,1933,2,"018059",0
137.36,-33.13,1933,3,"018059",14.6
137.36,-33.13,1933,4,"018059",16.2
137.36,-33.13,1933,5,"018059",19.5
137.36,-33.13,1933,6,"018059",12.7
137.36,-33.13,1933,7,"018059",23.8
137.36,-33.13,1933,8,"018059",45.6
137.36,-33.13,1933,9,"018059",26.7
137.36,-33.13,1933,10,"018059",0.8
137.36,-33.13,1933,11,"018059",29.8
137.36,-33.13,1933,12,"018059",6.6
137.36,-33.13,1934,1,"018059",5.3
137.36,-33.13,1934,2,"018059",25.9
137.36,-33.13,1934,3,"018059",16.8
137.36,-33.13,1934,4,"018059",5.4
137.36,-33.13,1934,5,"018059",6.4
137.36,-33.13,1934,6,"018059",15
137.36,-33.13,1934,7,"018059",16
137.36,-33.13,1934,8,"018059",27.5
137.36,-33.13,1934,9,"018059",21.5
137.36,-33.13,1934,10,"018059",33.1
137.36,-33.13,1934,11,"018059",45.2
137.36,-33.13,1934,12,"018059",2.3
137.36,-33.13,1935,1,"018059",33.8
137.36,-33.13,1935,2,"018059",0
137.36,-33.13,1935,3,"018059",33.3
137.36,-33.13,1935,4,"018059",57.2
137.36,-33.13,1935,5,"018059",4.1
137.36,-33.13,1935,6,"018059",16.1
137.36,-33.13,1935,7,"018059",10
137.36,-33.13,1935,8,"018059",12.3
137.36,-33.13,1935,9,"018059",32.1
137.36,-33.13,1935,10,"018059",37.1
137.36,-33.13,1935,11,"018059",6.6
137.36,-33.13,1935,12,"018059",19.6
137.36,-33.13,1936,1,"018059",47.4
137.36,-33.13,1936,2,"018059",25.9
137.36,-33.13,1936,3,"018059",0
137.36,-33.13,1936,4,"018059",8.1
137.36,-33.13,1936,5,"018059",0
137.36,-33.13,1936,6,"018059",20.8
137.36,-33.13,1936,7,"018059",26.9
137.36,-33.13,1936,8,"018059",20.6
137.36,-33.13,1936,9,"018059",2.8
137.36,-33.13,1936,10,"018059",21.1
137.36,-33.13,1936,11,"018059",8.9
137.36,-33.13,1936,12,"018059",13.3
137.36,-33.13,1937,1,"018059",47.2
137.36,-33.13,1937,2,"018059",7.6
137.36,-33.13,1937,3,"018059",3.8
137.36,-33.13,1937,4,"018059",3
137.36,-33.13,1937,5,"018059",16.9
137.36,-33.13,1937,6,"018059",23
137.36,-33.13,1937,7,"018059",12
137.36,-33.13,1937,8,"018059",66.6
137.36,-33.13,1937,9,"018059",6.6
137.36,-33.13,1937,10,"018059",19.3
137.36,-33.13,1937,11,"018059",40.3
137.36,-33.13,1937,12,"018059",25.1
137.36,-33.13,1938,1,"018059",6.4
137.36,-33.13,1938,2,"018059",86.3
137.36,-33.13,1938,3,"018059",2.5
137.36,-33.13,1938,4,"018059",3
137.36,-33.13,1938,5,"018059",3.6
137.36,-33.13,1938,6,"018059",14.9
137.36,-33.13,1938,7,"018059",16.8
137.36,-33.13,1938,8,"018059",23.1
137.36,-33.13,1938,9,"018059",4
137.36,-33.13,1938,10,"018059",91.4
137.36,-33.13,1938,11,"018059",0
137.36,-33.13,1938,12,"018059",0
137.36,-33.13,1939,1,"018059",14
137.36,-33.13,1939,2,"018059",38.8
137.36,-33.13,1939,3,"018059",12.7
137.36,-33.13,1939,4,"018059",12.3
137.36,-33.13,1939,5,"018059",14.7
137.36,-33.13,1939,6,"018059",25.2
137.36,-33.13,1939,7,"018059",20.8
137.36,-33.13,1939,8,"018059",28
137.36,-33.13,1939,9,"018059",3.8
137.36,-33.13,1939,10,"018059",11.2
137.36,-33.13,1939,11,"018059",52
137.36,-33.13,1939,12,"018059",1
137.36,-33.13,1940,1,"018059",24.6
137.36,-33.13,1940,2,"018059",1.5
137.36,-33.13,1940,3,"018059",23.1
137.36,-33.13,1940,4,"018059",4.6
137.36,-33.13,1940,5,"018059",7.1
137.36,-33.13,1940,6,"018059",3.9
137.36,-33.13,1940,7,"018059",7.9
137.36,-33.13,1940,8,"018059",2.3
137.36,-33.13,1940,9,"018059",6.9
137.36,-33.13,1940,10,"018059",4.6
137.36,-33.13,1940,11,"018059",3.3
137.36,-33.13,1940,12,"018059",6.6
137.36,-33.13,1941,1,"018059",57.3
137.36,-33.13,1941,2,"018059",2.8
137.36,-33.13,1941,3,"018059",24.6
137.36,-33.13,1941,4,"018059",3.5
137.36,-33.13,1941,5,"018059",2.8
137.36,-33.13,1941,6,"018059",8.4
137.36,-33.13,1941,7,"018059",7.6
137.36,-33.13,1941,8,"018059",9.8
137.36,-33.13,1941,9,"018059",32.9
137.36,-33.13,1941,10,"018059",47.3
137.36,-33.13,1941,11,"018059",36.8
137.36,-33.13,1941,12,"018059",0
137.36,-33.13,1942,1,"018059",27.7
137.36,-33.13,1942,2,"018059",0
137.36,-33.13,1942,3,"018059",0
137.36,-33.13,1942,4,"018059",55.2
137.36,-33.13,1942,5,"018059",46.6
137.36,-33.13,1942,6,"018059",29.2
137.36,-33.13,1942,7,"018059",28.7
137.36,-33.13,1942,8,"018059",34.7
137.36,-33.13,1942,9,"018059",26.2
137.36,-33.13,1942,10,"018059",5.8
137.36,-33.13,1942,11,"018059",30.2
137.36,-33.13,1942,12,"018059",29.2
137.36,-33.13,1943,1,"018059",0.8
137.36,-33.13,1943,2,"018059",9.7
137.36,-33.13,1943,3,"018059",0
137.36,-33.13,1943,4,"018059",10.4
137.36,-33.13,1943,5,"018059",3.3
137.36,-33.13,1943,6,"018059",18.3
137.36,-33.13,1943,7,"018059",13.8
137.36,-33.13,1943,8,"018059",23.9
137.36,-33.13,1943,9,"018059",7.9
137.36,-33.13,1943,10,"018059",15.7
137.36,-33.13,1943,11,"018059",1.8
137.36,-33.13,1943,12,"018059",3.6
137.36,-33.13,1944,1,"018059",0
137.36,-33.13,1944,2,"018059",25.1
137.36,-33.13,1944,3,"018059",0
137.36,-33.13,1944,4,"018059",25.4
137.36,-33.13,1944,5,"018059",15.7
137.36,-33.13,1944,6,"018059",9.4
137.36,-33.13,1944,7,"018059",8.1
137.36,-33.13,1944,8,"018059",10.2
137.36,-33.13,1944,9,"018059",11.5
137.36,-33.13,1944,10,"018059",7.9
137.36,-33.13,1944,11,"018059",9.4
137.36,-33.13,1944,12,"018059",23.9
137.36,-33.13,1945,1,"018059",15.2
137.36,-33.13,1945,2,"018059",17.1
137.36,-33.13,1945,3,"018059",0
137.36,-33.13,1945,4,"018059",1
137.36,-33.13,1945,5,"018059",14.9
137.36,-33.13,1945,6,"018059",17.9
137.36,-33.13,1945,7,"018059",9.7
137.36,-33.13,1945,8,"018059",8.1
137.36,-33.13,1945,9,"018059",16
137.36,-33.13,1945,10,"018059",29.7
137.36,-33.13,1945,11,"018059",15.7
137.36,-33.13,1945,12,"018059",35.3
137.36,-33.13,1946,1,"018059",77.8
137.36,-33.13,1946,2,"018059",208.3
137.36,-33.13,1946,3,"018059",6.1
137.36,-33.13,1946,4,"018059",9.4
137.36,-33.13,1946,5,"018059",15.2
137.36,-33.13,1946,6,"018059",10.9
137.36,-33.13,1946,7,"018059",12.8
137.36,-33.13,1946,8,"018059",14.2
137.36,-33.13,1946,9,"018059",32.8
137.36,-33.13,1946,10,"018059",17.3
137.36,-33.13,1946,11,"018059",57.1
137.36,-33.13,1946,12,"018059",28
137.36,-33.13,1947,1,"018059",13.2
137.36,-33.13,1947,2,"018059",28.3
137.36,-33.13,1947,3,"018059",42.6
137.36,-33.13,1947,4,"018059",29.5
137.36,-33.13,1947,5,"018059",0
137.36,-33.13,1947,6,"018059",18
137.36,-33.13,1947,7,"018059",18.3
137.36,-33.13,1947,8,"018059",15.5
137.36,-33.13,1947,9,"018059",34.8
137.36,-33.13,1947,10,"018059",49.6
137.36,-33.13,1947,11,"018059",0
137.36,-33.13,1947,12,"018059",14
137.36,-33.13,1948,1,"018059",0
137.36,-33.13,1948,2,"018059",0
137.36,-33.13,1948,3,"018059",0
137.36,-33.13,1948,4,"018059",19.3
137.36,-33.13,1948,5,"018059",0
137.36,-33.13,1948,6,"018059",11.4
137.36,-33.13,1948,7,"018059",12.7
137.36,-33.13,1948,8,"018059",6.3
137.36,-33.13,1948,9,"018059",0
137.36,-33.13,1948,10,"018059",26.6
137.36,-33.13,1948,11,"018059",6.3
137.36,-33.13,1948,12,"018059",24.7
137.36,-33.13,1949,1,"018059",0
137.36,-33.13,1949,2,"018059",0
137.36,-33.13,1949,3,"018059",0
137.36,-33.13,1949,4,"018059",13.4
137.36,-33.13,1949,5,"018059",49.9
137.36,-33.13,1949,6,"018059",15.2
137.36,-33.13,1949,7,"018059",34.8
137.36,-33.13,1949,8,"018059",3.3
137.36,-33.13,1949,9,"018059",42.9
137.36,-33.13,1949,10,"018059",41.2
137.36,-33.13,1949,11,"018059",28.5
137.36,-33.13,1949,12,"018059",7.4
137.36,-33.13,1950,1,"018059",0
137.36,-33.13,1950,2,"018059",57.1
137.36,-33.13,1950,3,"018059",10.5
137.36,-33.13,1950,4,"018059",32.5
137.36,-33.13,1950,5,"018059",53.5
137.36,-33.13,1950,6,"018059",9.3
137.36,-33.13,1950,7,"018059",18.4
137.36,-33.13,1950,8,"018059",16.8
137.36,-33.13,1950,9,"018059",9.2
137.36,-33.13,1950,10,"018059",27.6
137.36,-33.13,1950,11,"018059",14.8
137.36,-33.13,1950,12,"018059",12.7
137.36,-33.13,1951,1,"018059",1.3
137.36,-33.13,1951,2,"018059",6.3
137.36,-33.13,1951,3,"018059",8.4
137.36,-33.13,1951,4,"018059",16.2
137.36,-33.13,1951,5,"018059",23.6
137.36,-33.13,1951,6,"018059",58.2
137.36,-33.13,1951,7,"018059",24.1
137.36,-33.13,1951,8,"018059",34.4
137.36,-33.13,1951,9,"018059",22.7
137.36,-33.13,1951,10,"018059",21.4
137.36,-33.13,1951,11,"018059",0
137.36,-33.13,1951,12,"018059",6.1
137.36,-33.13,1952,1,"018059",60.4
137.36,-33.13,1952,2,"018059",0.8
137.36,-33.13,1952,3,"018059",9.1
137.36,-33.13,1952,4,"018059",46
137.36,-33.13,1952,5,"018059",53.1
137.36,-33.13,1952,6,"018059",24.4
137.36,-33.13,1952,7,"018059",13.7
137.36,-33.13,1952,8,"018059",16.3
137.36,-33.13,1952,9,"018059",37.8
137.36,-33.13,1952,10,"018059",29.9
137.36,-33.13,1952,11,"018059",25.7
137.36,-33.13,1952,12,"018059",8.9
137.36,-33.13,1953,1,"018059",10.7
137.36,-33.13,1953,2,"018059",5.1
137.36,-33.13,1953,3,"018059",0
137.36,-33.13,1953,4,"018059",4.1
137.36,-33.13,1953,5,"018059",0
137.36,-33.13,1953,6,"018059",23.4
137.36,-33.13,1953,7,"018059",17.8
137.36,-33.13,1953,8,"018059",5.8
137.36,-33.13,1953,9,"018059",17.5
137.36,-33.13,1953,10,"018059",29.9
137.36,-33.13,1953,11,"018059",9.9
137.36,-33.13,1953,12,"018059",55.6
137.36,-33.13,1954,1,"018059",18.5
137.36,-33.13,1954,2,"018059",7.6
137.36,-33.13,1954,3,"018059",0
137.36,-33.13,1954,4,"018059",72.5
137.36,-33.13,1954,5,"018059",0
137.36,-33.13,1954,6,"018059",52.3
137.36,-33.13,1954,7,"018059",17.5
137.36,-33.13,1954,8,"018059",21
137.36,-33.13,1954,9,"018059",11.2
137.36,-33.13,1954,10,"018059",45
137.36,-33.13,1954,11,"018059",14.1
137.36,-33.13,1954,12,"018059",32.8
137.36,-33.13,1955,1,"018059",0
137.36,-33.13,1955,2,"018059",49
137.36,-33.13,1955,3,"018059",19.3
137.36,-33.13,1955,4,"018059",36.9
137.36,-33.13,1955,5,"018059",39.6
137.36,-33.13,1955,6,"018059",57.8
137.36,-33.13,1955,7,"018059",6.4
137.36,-33.13,1955,8,"018059",18.8
137.36,-33.13,1955,9,"018059",37.3
137.36,-33.13,1955,10,"018059",8.2
137.36,-33.13,1955,11,"018059",33.5
137.36,-33.13,1955,12,"018059",3
137.36,-33.13,1956,1,"018059",9.7
137.36,-33.13,1956,2,"018059",0
137.36,-33.13,1956,3,"018059",11.4
137.36,-33.13,1956,4,"018059",3.3
137.36,-33.13,1956,5,"018059",32.1
137.36,-33.13,1956,6,"018059",13.7
137.36,-33.13,1956,7,"018059",58.2
137.36,-33.13,1956,8,"018059",16.5
137.36,-33.13,1956,9,"018059",43.6
137.36,-33.13,1956,10,"018059",46.8
137.36,-33.13,1956,11,"018059",15.7
137.36,-33.13,1956,12,"018059",2.3
137.36,-33.13,1957,1,"018059",0
137.36,-33.13,1957,2,"018059",6.4
137.36,-33.13,1957,3,"018059",8.9
137.36,-33.13,1957,4,"018059",5.9
137.36,-33.13,1957,5,"018059",5.4
137.36,-33.13,1957,6,"018059",25.4
137.36,-33.13,1957,7,"018059",14.2
137.36,-33.13,1957,8,"018059",11
137.36,-33.13,1957,9,"018059",4.8
137.36,-33.13,1957,10,"018059",13.5
137.36,-33.13,1957,11,"018059",3.5
137.36,-33.13,1957,12,"018059",40.2
137.36,-33.13,1958,1,"018059",0
137.36,-33.13,1958,2,"018059",17.3
137.36,-33.13,1958,3,"018059",23.1
137.36,-33.13,1958,4,"018059",20.6
137.36,-33.13,1958,5,"018059",24.7
137.36,-33.13,1958,6,"018059",0
137.36,-33.13,1958,7,"018059",10.4
137.36,-33.13,1958,8,"018059",27.2
137.36,-33.13,1958,9,"018059",55.4
137.36,-33.13,1958,10,"018059",9.6
137.36,-33.13,1958,11,"018059",7.2
137.36,-33.13,1958,12,"018059",24.2
137.36,-33.13,1959,1,"018059",3
137.36,-33.13,1959,2,"018059",17.5
137.36,-33.13,1959,3,"018059",38.1
137.36,-33.13,1959,4,"018059",0
137.36,-33.13,1959,5,"018059",8.4
137.36,-33.13,1959,6,"018059",3
137.36,-33.13,1959,7,"018059",28
137.36,-33.13,1959,8,"018059",1.8
137.36,-33.13,1959,9,"018059",3.1
137.36,-33.13,1959,10,"018059",2.5
137.36,-33.13,1959,11,"018059",18.3
137.36,-33.13,1959,12,"018059",2
137.36,-33.13,1960,1,"018059",0
137.36,-33.13,1960,2,"018059",54.1
137.36,-33.13,1960,3,"018059",8.9
137.36,-33.13,1960,4,"018059",25.9
137.36,-33.13,1960,5,"018059",35.4
137.36,-33.13,1960,6,"018059",9.6
137.36,-33.13,1960,7,"018059",39.3
137.36,-33.13,1960,8,"018059",17.7
137.36,-33.13,1960,9,"018059",57.9
137.36,-33.13,1960,10,"018059",0
137.36,-33.13,1960,11,"018059",6.6
137.36,-33.13,1960,12,"018059",9.7
137.36,-33.13,1961,1,"018059",11.2
137.36,-33.13,1961,2,"018059",0
137.36,-33.13,1961,3,"018059",3
137.36,-33.13,1961,4,"018059",101.3
137.36,-33.13,1961,5,"018059",11.3
137.36,-33.13,1961,6,"018059",7.3
137.36,-33.13,1961,7,"018059",6.4
137.36,-33.13,1961,8,"018059",14.7
137.36,-33.13,1961,9,"018059",19.1
137.36,-33.13,1961,10,"018059",1.5
137.36,-33.13,1961,11,"018059",112.8
137.36,-33.13,1961,12,"018059",15.2
137.36,-33.13,1962,1,"018059",16
137.36,-33.13,1962,2,"018059",4.3
137.36,-33.13,1962,3,"018059",18.5
137.36,-33.13,1962,4,"018059",3.3
137.36,-33.13,1962,5,"018059",62.3
137.36,-33.13,1962,6,"018059",8.9
137.36,-33.13,1962,7,"018059",14.3
137.36,-33.13,1962,8,"018059",13.7
137.36,-33.13,1962,9,"018059",2.5
137.36,-33.13,1962,10,"018059",33.8
137.36,-33.13,1962,11,"018059",0
137.36,-33.13,1962,12,"018059",59.4
137.36,-33.13,1963,1,"018059",24.6
137.36,-33.13,1963,2,"018059",0
137.36,-33.13,1963,3,"018059",62.3
137.36,-33.13,1963,4,"018059",102.1
137.36,-33.13,1963,5,"018059",53.9
137.36,-33.13,1963,6,"018059",70.4
137.36,-33.13,1963,7,"018059",41.6
137.36,-33.13,1963,8,"018059",27.1
137.36,-33.13,1963,9,"018059",11.7
137.36,-33.13,1963,10,"018059",42.2
137.36,-33.13,1963,11,"018059",15.5
137.36,-33.13,1963,12,"018059",0
137.36,-33.13,1964,1,"018059",11.2
137.36,-33.13,1964,2,"018059",1.5
137.36,-33.13,1964,3,"018059",2.3
137.36,-33.13,1964,4,"018059",41.1
137.36,-33.13,1964,5,"018059",7.4
137.36,-33.13,1964,6,"018059",17.7
137.36,-33.13,1964,7,"018059",29.7
137.36,-33.13,1964,8,"018059",17
137.36,-33.13,1964,9,"018059",39.3
137.36,-33.13,1964,10,"018059",27.6
137.36,-33.13,1964,11,"018059",11.7
137.36,-33.13,1964,12,"018059",5.3
137.36,-33.13,1965,1,"018059",0
137.36,-33.13,1965,2,"018059",0
137.36,-33.13,1965,3,"018059",2
137.36,-33.13,1965,4,"018059",2.3
137.36,-33.13,1965,5,"018059",20.1
137.36,-33.13,1965,6,"018059",50.4
137.36,-33.13,1965,7,"018059",12.8
137.36,-33.13,1965,8,"018059",27.6
137.36,-33.13,1965,9,"018059",20
137.36,-33.13,1965,10,"018059",6.6
137.36,-33.13,1965,11,"018059",5.1
137.36,-33.13,1965,12,"018059",10.2
137.36,-33.13,1966,1,"018059",7.3
137.36,-33.13,1966,2,"018059",41.4
137.36,-33.13,1966,3,"018059",16
137.36,-33.13,1966,4,"018059",0
137.36,-33.13,1966,5,"018059",53.5
137.36,-33.13,1966,6,"018059",30
137.36,-33.13,1966,7,"018059",12.4
137.36,-33.13,1966,8,"018059",8.8
137.36,-33.13,1966,9,"018059",24.9
137.36,-33.13,1966,10,"018059",37.2
137.36,-33.13,1966,11,"018059",19.6
137.36,-33.13,1966,12,"018059",160.8
137.36,-33.13,1967,1,"018059",34.3
137.36,-33.13,1967,2,"018059",57.4
137.36,-33.13,1967,3,"018059",0
137.36,-33.13,1967,4,"018059",0
137.36,-33.13,1967,5,"018059",16.2
137.36,-33.13,1967,6,"018059",6.4
137.36,-33.13,1967,7,"018059",22.4
137.36,-33.13,1967,8,"018059",16.5
137.36,-33.13,1967,9,"018059",12.2
137.36,-33.13,1967,10,"018059",2.5
137.36,-33.13,1967,11,"018059",0
137.36,-33.13,1967,12,"018059",3.8
137.36,-33.13,1968,1,"018059",17.1
137.36,-33.13,1968,2,"018059",33.5
137.36,-33.13,1968,3,"018059",17.3
137.36,-33.13,1968,4,"018059",50.6
137.36,-33.13,1968,5,"018059",24
137.36,-33.13,1968,6,"018059",80.5
137.36,-33.13,1968,7,"018059",48.3
137.36,-33.13,1968,8,"018059",19.7
137.36,-33.13,1968,9,"018059",6.3
137.36,-33.13,1968,10,"018059",14
137.36,-33.13,1968,11,"018059",29.2
137.36,-33.13,1968,12,"018059",7.9
137.36,-33.13,1969,1,"018059",33.3
137.36,-33.13,1969,2,"018059",54.7
137.36,-33.13,1969,3,"018059",23.8
137.36,-33.13,1969,4,"018059",16
137.36,-33.13,1969,5,"018059",36
137.36,-33.13,1969,6,"018059",12.5
137.36,-33.13,1969,7,"018059",40.7
137.36,-33.13,1969,8,"018059",44.8
137.36,-33.13,1969,9,"018059",26.9
137.36,-33.13,1969,10,"018059",0
137.36,-33.13,1969,11,"018059",1.3
137.36,-33.13,1969,12,"018059",5.4
137.36,-33.13,1970,1,"018059",6.9
137.36,-33.13,1970,2,"018059",0
137.36,-33.13,1970,3,"018059",16.8
137.36,-33.13,1970,4,"018059",2.1
137.36,-33.13,1970,5,"018059",15.4
137.36,-33.13,1970,6,"018059",6.6
137.36,-33.13,1970,7,"018059",4
137.36,-33.13,1970,8,"018059",30.5
137.36,-33.13,1970,9,"018059",38.4
137.36,-33.13,1970,10,"018059",6.1
137.36,-33.13,1970,11,"018059",8
137.36,-33.13,1970,12,"018059",22.5
137.36,-33.13,1971,1,"018059",2.5
137.36,-33.13,1971,2,"018059",0
137.36,-33.13,1971,3,"018059",55.1
137.36,-33.13,1971,4,"018059",36.3
137.36,-33.13,1971,5,"018059",7.5
137.36,-33.13,1971,6,"018059",21.1
137.36,-33.13,1971,7,"018059",19.8
137.36,-33.13,1971,8,"018059",28.9
137.36,-33.13,1971,9,"018059",26.4
137.36,-33.13,1971,10,"018059",0
137.36,-33.13,1971,11,"018059",69.2
137.36,-33.13,1971,12,"018059",25.4
137.36,-33.13,1972,1,"018059",47.3
137.36,-33.13,1972,2,"018059",33.1
137.36,-33.13,1972,3,"018059",0.5
137.36,-33.13,1972,4,"018059",1
137.36,-33.13,1972,5,"018059",0
137.36,-33.13,1972,6,"018059",6.8
137.36,-33.13,1972,7,"018059",9
137.36,-33.13,1972,8,"018059",43.1
137.36,-33.13,1972,9,"018059",15.9
137.36,-33.13,1972,10,"018059",18.5
137.36,-33.13,1972,11,"018059",11
137.36,-33.13,1972,12,"018059",5.8
137.36,-33.13,1973,1,"018059",25.4
137.36,-33.13,1973,2,"018059",152.5
137.36,-33.13,1973,3,"018059",19.6
137.36,-33.13,1973,4,"018059",15.8
137.36,-33.13,1973,5,"018059",33.7
137.36,-33.13,1973,6,"018059",45.2
137.36,-33.13,1973,7,"018059",36.9
137.36,-33.13,1973,8,"018059",78.1
137.36,-33.13,1973,9,"018059",33.3
137.36,-33.13,1973,10,"018059",65.3
137.36,-33.13,1973,11,"018059",33.5
137.36,-33.13,1973,12,"018059",15.8
137.36,-33.13,1974,1,"018059",158
137.36,-33.13,1974,2,"018059",57
137.36,-33.13,1974,3,"018059",7
137.36,-33.13,1974,4,"018059",56
137.36,-33.13,1974,5,"018059",155
137.36,-33.13,1974,6,"018059",4.5
137.36,-33.13,1974,7,"018059",34.8
137.36,-33.13,1974,8,"018059",8.2
137.36,-33.13,1974,9,"018059",15
137.36,-33.13,1974,10,"018059",79.6
137.36,-33.13,1974,11,"018059",6.8
137.36,-33.13,1974,12,"018059",4.8
137.36,-33.13,1975,1,"018059",2.6
137.36,-33.13,1975,2,"018059",1.6
137.36,-33.13,1975,3,"018059",10.8
137.36,-33.13,1975,4,"018059",18.6
137.36,-33.13,1975,5,"018059",14.6
137.36,-33.13,1975,6,"018059",0
137.36,-33.13,1975,7,"018059",16.2
137.36,-33.13,1975,8,"018059",24.8
137.36,-33.13,1975,9,"018059",77
137.36,-33.13,1975,10,"018059",72.6
137.36,-33.13,1975,11,"018059",4.4
137.36,-33.13,1975,12,"018059",18
137.36,-33.13,1976,1,"018059",0
137.36,-33.13,1976,2,"018059",4.2
137.36,-33.13,1976,3,"018059",21
137.36,-33.13,1976,4,"018059",4.2
137.36,-33.13,1976,5,"018059",8.8
137.36,-33.13,1976,6,"018059",15.2
137.36,-33.13,1976,7,"018059",0
137.36,-33.13,1976,8,"018059",3
137.36,-33.13,1976,9,"018059",12.2
137.36,-33.13,1976,10,"018059",93.8
137.36,-33.13,1976,11,"018059",4
137.36,-33.13,1976,12,"018059",0
137.36,-33.13,1977,1,"018059",0
137.36,-33.13,1977,2,"018059",0
137.36,-33.13,1977,3,"018059",0
137.36,-33.13,1977,4,"018059",0.2
137.36,-33.13,1977,5,"018059",10
137.36,-33.13,1977,6,"018059",6.2
137.36,-33.13,1977,7,"018059",5.6
137.36,-33.13,1977,8,"018059",5
137.36,-33.13,1977,9,"018059",38.2
137.36,-33.13,1977,10,"018059",5.6
137.36,-33.13,1977,11,"018059",17.4
137.36,-33.13,1977,12,"018059",11.2
137.36,-33.13,1978,1,"018059",16.8
137.36,-33.13,1978,2,"018059",0
137.36,-33.13,1978,3,"018059",9.6
137.36,-33.13,1978,4,"018059",4.8
137.36,-33.13,1978,5,"018059",22
137.36,-33.13,1978,6,"018059",54.8
137.36,-33.13,1978,7,"018059",48.8
137.36,-33.13,1978,8,"018059",44.8
137.36,-33.13,1978,9,"018059",52.2
137.36,-33.13,1978,10,"018059",11.6
137.36,-33.13,1978,11,"018059",30.8
137.36,-33.13,1978,12,"018059",4
137.36,-33.13,1979,1,"018059",19
137.36,-33.13,1979,2,"018059",118.2
137.36,-33.13,1979,3,"018059",3.2
137.36,-33.13,1979,4,"018059",15.4
137.36,-33.13,1979,5,"018059",68
137.36,-33.13,1979,6,"018059",0
137.36,-33.13,1979,7,"018059",13.2
137.36,-33.13,1979,8,"018059",35
137.36,-33.13,1979,9,"018059",101
137.36,-33.13,1979,10,"018059",23.4
137.36,-33.13,1979,11,"018059",51.2
137.36,-33.13,1979,12,"018059",33
137.36,-33.13,1980,1,"018059",1.2
137.36,-33.13,1980,2,"018059",4.8
137.36,-33.13,1980,3,"018059",0
137.36,-33.13,1980,4,"018059",62.8
137.36,-33.13,1980,5,"018059",14.2
137.36,-33.13,1980,6,"018059",35.2
137.36,-33.13,1980,7,"018059",26.6
137.36,-33.13,1980,8,"018059",0
137.36,-33.13,1980,9,"018059",0
137.36,-33.13,1980,10,"018059",70.8
137.36,-33.13,1980,11,"018059",11.2
137.36,-33.13,1980,12,"018059",2
137.36,-33.13,1981,1,"018059",23.4
137.36,-33.13,1981,2,"018059",13.4
137.36,-33.13,1981,3,"018059",13.6
137.36,-33.13,1981,4,"018059",0.2
137.36,-33.13,1981,5,"018059",33.4
137.36,-33.13,1981,6,"018059",44.2
137.36,-33.13,1981,7,"018059",35.8
137.36,-33.13,1981,8,"018059",11.4
137.36,-33.13,1981,9,"018059",0
137.36,-33.13,1981,10,"018059",12.4
137.36,-33.13,1981,11,"018059",14.6
137.36,-33.13,1981,12,"018059",0
137.36,-33.13,1982,1,"018059",3.8
137.36,-33.13,1982,2,"018059",15.6
137.36,-33.13,1982,3,"018059",32.4
137.36,-33.13,1982,4,"018059",5.4
137.36,-33.13,1982,5,"018059",21.6
137.36,-33.13,1982,6,"018059",13.2
137.36,-33.13,1982,7,"018059",1.6
137.36,-33.13,1982,8,"018059",3.2
137.36,-33.13,1982,9,"018059",23.4
137.36,-33.13,1982,10,"018059",5.2
137.36,-33.13,1982,11,"018059",0
137.36,-33.13,1982,12,"018059",7.2
137.36,-33.13,1983,1,"018059",2
137.36,-33.13,1983,2,"018059",8
137.36,-33.13,1983,3,"018059",59.2
137.36,-33.13,1983,4,"018059",39.2
137.36,-33.13,1983,5,"018059",20.4
137.36,-33.13,1983,6,"018059",7.4
137.36,-33.13,1983,7,"018059",37
137.36,-33.13,1983,8,"018059",21.2
137.36,-33.13,1983,9,"018059",25.2
137.36,-33.13,1983,10,"018059",32.2
137.36,-33.13,1983,11,"018059",26.6
137.36,-33.13,1983,12,"018059",13.2
137.36,-33.13,1984,1,"018059",3
137.36,-33.13,1984,2,"018059",0
137.36,-33.13,1984,3,"018059",0
137.36,-33.13,1984,4,"018059",53.4
137.36,-33.13,1984,5,"018059",14.2
137.36,-33.13,1984,6,"018059",21
137.36,-33.13,1984,7,"018059",40.2
137.36,-33.13,1984,8,"018059",39.2
137.36,-33.13,1984,9,"018059",37.2
137.36,-33.13,1984,10,"018059",23.4
137.36,-33.13,1984,11,"018059",11.8
137.36,-33.13,1984,12,"018059",9.4
137.36,-33.13,1985,1,"018059",15
137.36,-33.13,1985,2,"018059",0
137.36,-33.13,1985,3,"018059",12.8
137.36,-33.13,1985,4,"018059",10.4
137.36,-33.13,1985,5,"018059",21
137.36,-33.13,1985,6,"018059",4.4
137.36,-33.13,1985,7,"018059",4.6
137.36,-33.13,1985,8,"018059",56.6
137.36,-33.13,1985,9,"018059",13.6
137.36,-33.13,1985,10,"018059",53.2
137.36,-33.13,1985,11,"018059",15.4
137.36,-33.13,1985,12,"018059",7.2
137.36,-33.13,1986,1,"018059",0
137.36,-33.13,1986,2,"018059",8.6
137.36,-33.13,1986,3,"018059",0
137.36,-33.13,1986,4,"018059",0.2
137.36,-33.13,1986,5,"018059",11
137.36,-33.13,1986,6,"018059",23.4
137.36,-33.13,1986,7,"018059",42
137.36,-33.13,1986,8,"018059",54.8
137.36,-33.13,1986,9,"018059",26.2
137.36,-33.13,1986,10,"018059",43.8
137.36,-33.13,1986,11,"018059",27.8
137.36,-33.13,1986,12,"018059",11.4
137.36,-33.13,1987,1,"018059",37.8
137.36,-33.13,1987,2,"018059",18.2
137.36,-33.13,1987,3,"018059",12
137.36,-33.13,1987,4,"018059",9.2
137.36,-33.13,1987,5,"018059",39.2
137.36,-33.13,1987,6,"018059",15
137.36,-33.13,1987,7,"018059",37.4
137.36,-33.13,1987,8,"018059",9.2
137.36,-33.13,1987,9,"018059",16.4
137.36,-33.13,1987,10,"018059",4.2
137.36,-33.13,1987,11,"018059",5.8
137.36,-33.13,1987,12,"018059",18.6
137.36,-33.13,1988,1,"018059",1.4
137.36,-33.13,1988,2,"018059",1.6
137.36,-33.13,1988,3,"018059",23.4
137.36,-33.13,1988,4,"018059",4
137.36,-33.13,1988,5,"018059",19.8
137.36,-33.13,1988,6,"018059",36.8
137.36,-33.13,1988,7,"018059",4
137.36,-33.13,1988,8,"018059",1.2
137.36,-33.13,1988,9,"018059",21.4
137.36,-33.13,1988,10,"018059",16.2
137.36,-33.13,1988,11,"018059",23.8
137.36,-33.13,1988,12,"018059",22.8
137.36,-33.13,1989,1,"018059",0
137.36,-33.13,1989,2,"018059",0
137.36,-33.13,1989,3,"018059",62.4
137.36,-33.13,1989,4,"018059",16.4
137.36,-33.13,1989,5,"018059",30.6
137.36,-33.13,1989,6,"018059",59.3
137.36,-33.13,1989,7,"018059",58
137.36,-33.13,1989,8,"018059",9
137.36,-33.13,1989,9,"018059",7
137.36,-33.13,1989,10,"018059",8.2
137.36,-33.13,1989,11,"018059",20.2
137.36,-33.13,1989,12,"018059",43.8
137.36,-33.13,1990,1,"018059",8.2
137.36,-33.13,1990,2,"018059",7.6
137.36,-33.13,1990,3,"018059",4
137.36,-33.13,1990,4,"018059",17
137.36,-33.13,1990,5,"018059",42.4
137.36,-33.13,1990,6,"018059",41.2
137.36,-33.13,1990,7,"018059",22
137.36,-33.13,1990,8,"018059",15.8
137.36,-33.13,1990,9,"018059",24.6
137.36,-33.13,1990,10,"018059",3
137.36,-33.13,1990,11,"018059",0
137.36,-33.13,1990,12,"018059",18
137.36,-33.13,1991,1,"018059",6
137.36,-33.13,1991,2,"018059",0
137.36,-33.13,1991,3,"018059",13.2
137.36,-33.13,1991,4,"018059",12.8
137.36,-33.13,1991,5,"018059",8.8
137.36,-33.13,1991,6,"018059",72
137.36,-33.13,1991,7,"018059",13.4
137.36,-33.13,1991,8,"018059",4.4
137.36,-33.13,1991,9,"018059",7.6
137.36,-33.13,1991,10,"018059",0
137.36,-33.13,1991,11,"018059",56.6
137.36,-33.13,1991,12,"018059",1.8
137.36,-33.13,1992,1,"018059",10.6
137.36,-33.13,1992,2,"018059",7.4
137.36,-33.13,1992,3,"018059",73.2
137.36,-33.13,1992,4,"018059",34.4
137.36,-33.13,1992,5,"018059",36.6
137.36,-33.13,1992,6,"018059",12.6
137.36,-33.13,1992,7,"018059",5
137.36,-33.13,1992,8,"018059",35.6
137.36,-33.13,1992,9,"018059",70.2
137.36,-33.13,1992,10,"018059",47.2
137.36,-33.13,1992,11,"018059",16.8
137.36,-33.13,1992,12,"018059",65
137.36,-33.13,1993,1,"018059",100.8
137.36,-33.13,1993,2,"018059",1.6
137.36,-33.13,1993,3,"018059",6
137.36,-33.13,1993,4,"018059",0
137.36,-33.13,1993,5,"018059",35.6
137.36,-33.13,1993,6,"018059",19.2
137.36,-33.13,1993,7,"018059",22
137.36,-33.13,1993,8,"018059",9.8
137.36,-33.13,1993,9,"018059",34
137.36,-33.13,1993,10,"018059",47.4
137.36,-33.13,1993,11,"018059",6.2
137.36,-33.13,1993,12,"018059",48.8
137.36,-33.13,1994,1,"018059",3.6
137.36,-33.13,1994,2,"018059",8
137.36,-33.13,1994,3,"018059",0
137.36,-33.13,1994,4,"018059",12.8
137.36,-33.13,1994,5,"018059",14.6
137.36,-33.13,1994,6,"018059",84.8
137.36,-33.13,1994,7,"018059",19.8
137.36,-33.13,1994,8,"018059",3.4
137.36,-33.13,1994,9,"018059",10.4
137.36,-33.13,1994,10,"018059",3.2
137.36,-33.13,1994,11,"018059",11.4
137.36,-33.13,1994,12,"018059",2.6
137.36,-33.13,1995,1,"018059",52
137.36,-33.13,1995,2,"018059",10.2
137.36,-33.13,1995,3,"018059",35.4
137.36,-33.13,1995,4,"018059",15
137.36,-33.13,1995,5,"018059",22.4
137.36,-33.13,1995,6,"018059",49
137.36,-33.13,1995,7,"018059",31.6
137.36,-33.13,1995,8,"018059",10.6
137.36,-33.13,1995,9,"018059",11.8
137.36,-33.13,1995,10,"018059",34.8
137.36,-33.13,1995,11,"018059",23.2
137.36,-33.13,1995,12,"018059",16.6
137.36,-33.13,1996,1,"018059",3.2
137.36,-33.13,1996,2,"018059",19.4
137.36,-33.13,1996,3,"018059",1
137.36,-33.13,1996,4,"018059",2
137.36,-33.13,1996,5,"018059",4.6
137.36,-33.13,1996,6,"018059",17.8
137.36,-33.13,1996,7,"018059",26.8
137.36,-33.13,1996,8,"018059",44.2
137.36,-33.13,1996,9,"018059",42.6
137.36,-33.13,1996,10,"018059",29.6
137.36,-33.13,1996,11,"018059",8.4
137.36,-33.13,1996,12,"018059",8.8
137.36,-33.13,1997,1,"018059",67.4
137.36,-33.13,1997,2,"018059",22.4
137.36,-33.13,1997,3,"018059",0
137.36,-33.13,1997,4,"018059",0
137.36,-33.13,1997,5,"018059",21.8
137.36,-33.13,1997,6,"018059",2
137.36,-33.13,1997,7,"018059",2.8
137.36,-33.13,1997,8,"018059",31.8
137.36,-33.13,1997,9,"018059",54.6
137.36,-33.13,1997,10,"018059",56.6
137.36,-33.13,1997,11,"018059",14
137.36,-33.13,1997,12,"018059",51.8
137.36,-33.13,1998,1,"018059",2.4
137.36,-33.13,1998,2,"018059",42.4
137.36,-33.13,1998,3,"018059",9
137.36,-33.13,1998,4,"018059",34.6
137.36,-33.13,1998,5,"018059",7.2
137.36,-33.13,1998,6,"018059",35.4
137.36,-33.13,1998,7,"018059",28.8
137.36,-33.13,1998,8,"018059",24.6
137.36,-33.13,1998,9,"018059",31
137.36,-33.13,1998,10,"018059",23.6
137.36,-33.13,1998,11,"018059",44.2
137.36,-33.13,1998,12,"018059",20
137.36,-33.13,1999,1,"018059",41.6
137.36,-33.13,1999,2,"018059",4.4
137.36,-33.13,1999,3,"018059",21.4
137.36,-33.13,1999,4,"018059",0
137.36,-33.13,1999,5,"018059",34.2
137.36,-33.13,1999,6,"018059",26
137.36,-33.13,1999,7,"018059",5.2
137.36,-33.13,1999,8,"018059",15
137.36,-33.13,1999,9,"018059",21
137.36,-33.13,1999,10,"018059",47
137.36,-33.13,1999,11,"018059",35.4
137.36,-33.13,1999,12,"018059",32.2
137.36,-33.13,2000,1,"018059",2.6
137.36,-33.13,2000,2,"018059",26.8
137.36,-33.13,2000,3,"018059",13.6
137.36,-33.13,2000,4,"018059",15.4
137.36,-33.13,2000,5,"018059",NA
137.36,-33.13,2000,6,"018059",17.8
137.36,-33.13,2000,7,"018059",17.6
137.36,-33.13,2000,8,"018059",33.4
137.36,-33.13,2000,9,"018059",19.4
137.36,-33.13,2000,10,"018059",14.6
137.36,-33.13,2000,11,"018059",28
137.36,-33.13,2000,12,"018059",0
137.36,-33.13,2001,1,"018059",18.2
137.36,-33.13,2001,2,"018059",8.8
137.36,-33.13,2001,3,"018059",6
137.36,-33.13,2001,4,"018059",5.6
137.36,-33.13,2001,5,"018059",39
137.36,-33.13,2001,6,"018059",79.8
137.36,-33.13,2001,7,"018059",NA
137.36,-33.13,2001,8,"018059",16.6
137.36,-33.13,2001,9,"018059",101.8
137.36,-33.13,2001,10,"018059",23.6
137.36,-33.13,2001,11,"018059",36.2
137.36,-33.13,2001,12,"018059",14.6
137.36,-33.13,2002,1,"018059",11.2
137.36,-33.13,2002,2,"018059",0
137.36,-33.13,2002,3,"018059",2.6
137.36,-33.13,2002,4,"018059",0
137.36,-33.13,2002,5,"018059",38.2
137.36,-33.13,2002,6,"018059",14
137.36,-33.13,2002,7,"018059",20
137.36,-33.13,2002,8,"018059",3.6
137.36,-33.13,2002,9,"018059",13.2
137.36,-33.13,2002,10,"018059",4
137.36,-33.13,2002,11,"018059",25.2
137.36,-33.13,2002,12,"018059",3.8
137.36,-33.13,2003,1,"018059",13.2
137.36,-33.13,2003,2,"018059",65
137.36,-33.13,2003,3,"018059",1
137.36,-33.13,2003,4,"018059",NA
137.36,-33.13,2003,5,"018059",NA
137.36,-33.13,2003,6,"018059",16.8
137.36,-33.13,2003,7,"018059",5.4
137.36,-33.13,2003,8,"018059",52
137.36,-33.13,2003,9,"018059",2.6
137.36,-33.13,2003,10,"018059",37.4
137.36,-33.13,2003,11,"018059",24.4
137.36,-33.13,2003,12,"018059",18.4
137.36,-33.13,2004,1,"018059",6.4
137.36,-33.13,2004,2,"018059",1.6
137.36,-33.13,2004,3,"018059",4.2
137.36,-33.13,2004,4,"018059",3.3
137.36,-33.13,2004,5,"018059",11.6
137.36,-33.13,2004,6,"018059",27.8
137.36,-33.13,2004,7,"018059",19
137.36,-33.13,2004,8,"018059",24
137.36,-33.13,2004,9,"018059",13.8
137.36,-33.13,2004,10,"018059",0
137.36,-33.13,2004,11,"018059",13.4
137.36,-33.13,2004,12,"018059",26.6
137.36,-33.13,2005,1,"018059",22.4
137.36,-33.13,2005,2,"018059",10.4
137.36,-33.13,2005,3,"018059",4.8
137.36,-33.13,2005,4,"018059",6.2
137.36,-33.13,2005,5,"018059",5.6
137.36,-33.13,2005,6,"018059",NA
137.36,-33.13,2005,7,"018059",30.2
137.36,-33.13,2005,8,"018059",21
137.36,-33.13,2005,9,"018059",51.4
137.36,-33.13,2005,10,"018059",32.4
137.36,-33.13,2005,11,"018059",19.8
137.36,-33.13,2005,12,"018059",22.8
137.36,-33.13,2006,1,"018059",8.2
137.36,-33.13,2006,2,"018059",17.4
137.36,-33.13,2006,3,"018059",NA
137.36,-33.13,2006,4,"018059",28.6
137.36,-33.13,2006,5,"018059",9
137.36,-33.13,2006,6,"018059",9.8
137.36,-33.13,2006,7,"018059",38.8
137.36,-33.13,2006,8,"018059",0
137.36,-33.13,2006,9,"018059",2.6
137.36,-33.13,2006,10,"018059",0
137.36,-33.13,2006,11,"018059",15.2
137.36,-33.13,2006,12,"018059",25.2
137.36,-33.13,2007,1,"018059",65.8
137.36,-33.13,2007,2,"018059",1.8
137.36,-33.13,2007,3,"018059",66.2
137.36,-33.13,2007,4,"018059",19.2
137.36,-33.13,2007,5,"018059",9.2
137.36,-33.13,2007,6,"018059",NA
137.36,-33.13,2007,7,"018059",12.6
137.36,-33.13,2007,8,"018059",4.6
137.36,-33.13,2007,9,"018059",10.6
137.36,-33.13,2007,10,"018059",9.4
137.36,-33.13,2007,11,"018059",NA
137.36,-33.13,2007,12,"018059",13
137.36,-33.13,2008,1,"018059",1.4
137.36,-33.13,2008,2,"018059",9
137.36,-33.13,2008,3,"018059",6.2
137.36,-33.13,2008,4,"018059",8
137.36,-33.13,2008,5,"018059",11.2
137.36,-33.13,2008,6,"018059",24.8
137.36,-33.13,2008,7,"018059",13.6
137.36,-33.13,2008,8,"018059",25.7
137.36,-33.13,2008,9,"018059",4
137.36,-33.13,2008,10,"018059",1.6
137.36,-33.13,2008,11,"018059",18.2
137.36,-33.13,2008,12,"018059",55.4
137.36,-33.13,2009,1,"018059",0
137.36,-33.13,2009,2,"018059",0
137.36,-33.13,2009,3,"018059",0.2
137.36,-33.13,2009,4,"018059",7.6
137.36,-33.13,2009,5,"018059",16.8
137.36,-33.13,2009,6,"018059",31.8
137.36,-33.13,2009,7,"018059",19
137.36,-33.13,2009,8,"018059",20.4
137.36,-33.13,2009,9,"018059",19.8
137.36,-33.13,2009,10,"018059",26.2
137.36,-33.13,2009,11,"018059",46.8
137.36,-33.13,2009,12,"018059",12.8
137.36,-33.13,2010,1,"018059",28
137.36,-33.13,2010,2,"018059",2.3
137.36,-33.13,2010,3,"018059",11.4
137.36,-33.13,2010,4,"018059",6.4
137.36,-33.13,2010,5,"018059",39.8
137.36,-33.13,2010,6,"018059",7.6
137.36,-33.13,2010,7,"018059",20
137.36,-33.13,2010,8,"018059",35.8
137.36,-33.13,2010,9,"018059",65.8
137.36,-33.13,2010,10,"018059",66.6
137.36,-33.13,2010,11,"018059",19
137.36,-33.13,2010,12,"018059",57.6
137.36,-33.13,2011,1,"018059",1.4
137.36,-33.13,2011,2,"018059",76.3
137.36,-33.13,2011,3,"018059",111.9
137.36,-33.13,2011,4,"018059",10.4
137.36,-33.13,2011,5,"018059",22.6
137.36,-33.13,2011,6,"018059",NA
137.36,-33.13,2011,7,"018059",17
137.36,-33.13,2011,8,"018059",NA
137.36,-33.13,2011,9,"018059",NA
137.36,-33.13,2011,10,"018059",46
137.36,-33.13,2011,11,"018059",23.6
137.36,-33.13,2011,12,"018059",NA
