"Lon","Lat","Year","Month","Station","Rain"
142.39,-24.68,1953,1,"038043",152.2
142.39,-24.68,1953,2,"038043",195.3
142.39,-24.68,1953,3,"038043",7.6
142.39,-24.68,1953,4,"038043",0
142.39,-24.68,1953,5,"038043",0
142.39,-24.68,1953,6,"038043",0
142.39,-24.68,1953,7,"038043",3
142.39,-24.68,1953,8,"038043",8.9
142.39,-24.68,1953,9,"038043",11.2
142.39,-24.68,1953,10,"038043",1.5
142.39,-24.68,1953,11,"038043",2.3
142.39,-24.68,1953,12,"038043",0
142.39,-24.68,1954,1,"038043",154.2
142.39,-24.68,1954,2,"038043",67.6
142.39,-24.68,1954,3,"038043",0
142.39,-24.68,1954,4,"038043",47
142.39,-24.68,1954,5,"038043",0
142.39,-24.68,1954,6,"038043",12.4
142.39,-24.68,1954,7,"038043",0
142.39,-24.68,1954,8,"038043",49.3
142.39,-24.68,1954,9,"038043",0
142.39,-24.68,1954,10,"038043",37.1
142.39,-24.68,1954,11,"038043",7.9
142.39,-24.68,1954,12,"038043",28.6
142.39,-24.68,1955,1,"038043",87.6
142.39,-24.68,1955,2,"038043",35.1
142.39,-24.68,1955,3,"038043",52.6
142.39,-24.68,1955,4,"038043",1.8
142.39,-24.68,1955,5,"038043",43.4
142.39,-24.68,1955,6,"038043",8.4
142.39,-24.68,1955,7,"038043",60.8
142.39,-24.68,1955,8,"038043",20.6
142.39,-24.68,1955,9,"038043",0
142.39,-24.68,1955,10,"038043",18
142.39,-24.68,1955,11,"038043",4.6
142.39,-24.68,1955,12,"038043",0
142.39,-24.68,1956,1,"038043",39.1
142.39,-24.68,1956,2,"038043",150.3
142.39,-24.68,1956,3,"038043",94.8
142.39,-24.68,1956,4,"038043",10.2
142.39,-24.68,1956,5,"038043",14
142.39,-24.68,1956,6,"038043",24.4
142.39,-24.68,1956,7,"038043",78
142.39,-24.68,1956,8,"038043",0
142.39,-24.68,1956,9,"038043",0
142.39,-24.68,1956,10,"038043",8.1
142.39,-24.68,1956,11,"038043",2.3
142.39,-24.68,1956,12,"038043",23.9
142.39,-24.68,1957,1,"038043",70.9
142.39,-24.68,1957,2,"038043",14.5
142.39,-24.68,1957,3,"038043",45
142.39,-24.68,1957,4,"038043",14
142.39,-24.68,1957,5,"038043",0
142.39,-24.68,1957,6,"038043",34
142.39,-24.68,1957,7,"038043",0
142.39,-24.68,1957,8,"038043",0
142.39,-24.68,1957,9,"038043",0
142.39,-24.68,1957,10,"038043",12.7
142.39,-24.68,1957,11,"038043",0
142.39,-24.68,1957,12,"038043",5.1
142.39,-24.68,1958,1,"038043",11.7
142.39,-24.68,1958,2,"038043",5.1
142.39,-24.68,1958,3,"038043",21.4
142.39,-24.68,1958,4,"038043",74.7
142.39,-24.68,1958,5,"038043",6.9
142.39,-24.68,1958,6,"038043",2.8
142.39,-24.68,1958,7,"038043",0
142.39,-24.68,1958,8,"038043",0
142.39,-24.68,1958,9,"038043",0
142.39,-24.68,1958,10,"038043",32.8
142.39,-24.68,1958,11,"038043",42.7
142.39,-24.68,1958,12,"038043",0
142.39,-24.68,1959,1,"038043",5.1
142.39,-24.68,1959,2,"038043",0
142.39,-24.68,1959,3,"038043",5.8
142.39,-24.68,1959,4,"038043",30.5
142.39,-24.68,1959,5,"038043",22.9
142.39,-24.68,1959,6,"038043",0
142.39,-24.68,1959,7,"038043",0
142.39,-24.68,1959,8,"038043",10.2
142.39,-24.68,1959,9,"038043",0
142.39,-24.68,1959,10,"038043",10.2
142.39,-24.68,1959,11,"038043",0
142.39,-24.68,1959,12,"038043",21.3
142.39,-24.68,1960,1,"038043",28.2
142.39,-24.68,1960,2,"038043",29.7
142.39,-24.68,1960,3,"038043",3
142.39,-24.68,1960,4,"038043",9.9
142.39,-24.68,1960,5,"038043",8.6
142.39,-24.68,1960,6,"038043",14
142.39,-24.68,1960,7,"038043",24.2
142.39,-24.68,1960,8,"038043",0
142.39,-24.68,1960,9,"038043",6.4
142.39,-24.68,1960,10,"038043",0
142.39,-24.68,1960,11,"038043",8.9
142.39,-24.68,1960,12,"038043",29
142.39,-24.68,1961,1,"038043",52.8
142.39,-24.68,1961,2,"038043",19.8
142.39,-24.68,1961,3,"038043",0
142.39,-24.68,1961,4,"038043",12.7
142.39,-24.68,1961,5,"038043",0
142.39,-24.68,1961,6,"038043",0
142.39,-24.68,1961,7,"038043",7.4
142.39,-24.68,1961,8,"038043",0
142.39,-24.68,1961,9,"038043",0
142.39,-24.68,1961,10,"038043",0
142.39,-24.68,1961,11,"038043",5.5
142.39,-24.68,1961,12,"038043",14.8
142.39,-24.68,1962,1,"038043",95.7
142.39,-24.68,1962,2,"038043",0
142.39,-24.68,1962,3,"038043",16
142.39,-24.68,1962,4,"038043",0
142.39,-24.68,1962,5,"038043",4.1
142.39,-24.68,1962,6,"038043",39.1
142.39,-24.68,1962,7,"038043",13.5
142.39,-24.68,1962,8,"038043",0
142.39,-24.68,1962,9,"038043",0
142.39,-24.68,1962,10,"038043",0
142.39,-24.68,1962,11,"038043",0
142.39,-24.68,1962,12,"038043",15.2
142.39,-24.68,1963,1,"038043",48
142.39,-24.68,1963,2,"038043",14.2
142.39,-24.68,1963,3,"038043",101.6
142.39,-24.68,1963,4,"038043",11.4
142.39,-24.68,1963,5,"038043",0
142.39,-24.68,1963,6,"038043",0
142.39,-24.68,1963,7,"038043",0
142.39,-24.68,1963,8,"038043",0
142.39,-24.68,1963,9,"038043",0
142.39,-24.68,1963,10,"038043",0
142.39,-24.68,1963,11,"038043",0
142.39,-24.68,1963,12,"038043",0
142.39,-24.68,1964,1,"038043",20.3
142.39,-24.68,1964,2,"038043",22.9
142.39,-24.68,1964,3,"038043",0
142.39,-24.68,1964,4,"038043",15.2
142.39,-24.68,1964,5,"038043",0
142.39,-24.68,1964,6,"038043",0
142.39,-24.68,1964,7,"038043",0
142.39,-24.68,1964,8,"038043",0
142.39,-24.68,1964,9,"038043",25.1
142.39,-24.68,1964,10,"038043",21.3
142.39,-24.68,1964,11,"038043",5.6
142.39,-24.68,1964,12,"038043",0
142.39,-24.68,1965,1,"038043",0
142.39,-24.68,1965,2,"038043",8.6
142.39,-24.68,1965,3,"038043",5.1
142.39,-24.68,1965,4,"038043",0
142.39,-24.68,1965,5,"038043",0
142.39,-24.68,1965,6,"038043",0
142.39,-24.68,1965,7,"038043",0
142.39,-24.68,1965,8,"038043",25.4
142.39,-24.68,1965,9,"038043",0
142.39,-24.68,1965,10,"038043",0
142.39,-24.68,1965,11,"038043",0
142.39,-24.68,1965,12,"038043",22.9
142.39,-24.68,1966,1,"038043",38.1
142.39,-24.68,1966,2,"038043",0
142.39,-24.68,1966,3,"038043",0
142.39,-24.68,1966,4,"038043",0
142.39,-24.68,1966,5,"038043",17.8
142.39,-24.68,1966,6,"038043",0
142.39,-24.68,1966,7,"038043",10.2
142.39,-24.68,1966,8,"038043",0
142.39,-24.68,1966,9,"038043",0
142.39,-24.68,1966,10,"038043",0
142.39,-24.68,1966,11,"038043",0
142.39,-24.68,1966,12,"038043",0
142.39,-24.68,1967,1,"038043",0
142.39,-24.68,1967,2,"038043",5.3
142.39,-24.68,1967,3,"038043",36.9
142.39,-24.68,1967,4,"038043",0
142.39,-24.68,1967,5,"038043",16.8
142.39,-24.68,1967,6,"038043",0
142.39,-24.68,1967,7,"038043",0
142.39,-24.68,1967,8,"038043",0
142.39,-24.68,1967,9,"038043",0
142.39,-24.68,1967,10,"038043",0
142.39,-24.68,1967,11,"038043",0
142.39,-24.68,1967,12,"038043",22.9
142.39,-24.68,1968,1,"038043",50.6
142.39,-24.68,1968,2,"038043",49
142.39,-24.68,1968,3,"038043",9.4
142.39,-24.68,1968,4,"038043",48.3
142.39,-24.68,1968,5,"038043",93.7
142.39,-24.68,1968,6,"038043",0
142.39,-24.68,1968,7,"038043",0
142.39,-24.68,1968,8,"038043",8.4
142.39,-24.68,1968,9,"038043",0
142.39,-24.68,1968,10,"038043",0
142.39,-24.68,1968,11,"038043",0
142.39,-24.68,1968,12,"038043",7.6
142.39,-24.68,1969,1,"038043",0
142.39,-24.68,1969,2,"038043",19.1
142.39,-24.68,1969,3,"038043",28
142.39,-24.68,1969,4,"038043",0
142.39,-24.68,1969,5,"038043",12.7
142.39,-24.68,1969,6,"038043",10.4
142.39,-24.68,1969,7,"038043",0
142.39,-24.68,1969,8,"038043",0
142.39,-24.68,1969,9,"038043",0
142.39,-24.68,1969,10,"038043",0
142.39,-24.68,1969,11,"038043",0
142.39,-24.68,1969,12,"038043",35
142.39,-24.68,1970,1,"038043",4.3
142.39,-24.68,1970,2,"038043",29.3
142.39,-24.68,1970,3,"038043",28.7
142.39,-24.68,1970,4,"038043",25.9
142.39,-24.68,1970,5,"038043",1
142.39,-24.68,1970,6,"038043",0
142.39,-24.68,1970,7,"038043",0
142.39,-24.68,1970,8,"038043",0
142.39,-24.68,1970,9,"038043",17.7
142.39,-24.68,1970,10,"038043",0
142.39,-24.68,1970,11,"038043",0
142.39,-24.68,1970,12,"038043",12.8
142.39,-24.68,1971,1,"038043",0
142.39,-24.68,1971,2,"038043",21.1
142.39,-24.68,1971,3,"038043",131.8
142.39,-24.68,1971,4,"038043",59.8
142.39,-24.68,1971,5,"038043",8.7
142.39,-24.68,1971,6,"038043",12.4
142.39,-24.68,1971,7,"038043",4.5
142.39,-24.68,1971,8,"038043",28.9
142.39,-24.68,1971,9,"038043",5.1
142.39,-24.68,1971,10,"038043",16.8
142.39,-24.68,1971,11,"038043",20.2
142.39,-24.68,1971,12,"038043",1.3
142.39,-24.68,1972,1,"038043",42.2
142.39,-24.68,1972,2,"038043",6.6
142.39,-24.68,1972,3,"038043",98.5
142.39,-24.68,1972,4,"038043",0
142.39,-24.68,1972,5,"038043",8.3
142.39,-24.68,1972,6,"038043",0.8
142.39,-24.68,1972,7,"038043",0
142.39,-24.68,1972,8,"038043",3.1
142.39,-24.68,1972,9,"038043",0
142.39,-24.68,1972,10,"038043",0
142.39,-24.68,1972,11,"038043",14.4
142.39,-24.68,1972,12,"038043",1.8
142.39,-24.68,1973,1,"038043",28.1
142.39,-24.68,1973,2,"038043",125.1
142.39,-24.68,1973,3,"038043",17.8
142.39,-24.68,1973,4,"038043",4.3
142.39,-24.68,1973,5,"038043",0
142.39,-24.68,1973,6,"038043",4.1
142.39,-24.68,1973,7,"038043",12.4
142.39,-24.68,1973,8,"038043",8.9
142.39,-24.68,1973,9,"038043",5.6
142.39,-24.68,1973,10,"038043",12.7
142.39,-24.68,1973,11,"038043",53.9
142.39,-24.68,1973,12,"038043",65.8
142.39,-24.68,1974,1,"038043",194.2
142.39,-24.68,1974,2,"038043",50.2
142.39,-24.68,1974,3,"038043",85
142.39,-24.68,1974,4,"038043",32.3
142.39,-24.68,1974,5,"038043",21
142.39,-24.68,1974,6,"038043",0
142.39,-24.68,1974,7,"038043",0
142.39,-24.68,1974,8,"038043",4.6
142.39,-24.68,1974,9,"038043",13.8
142.39,-24.68,1974,10,"038043",20
142.39,-24.68,1974,11,"038043",22.2
142.39,-24.68,1974,12,"038043",16.2
142.39,-24.68,1975,1,"038043",40
142.39,-24.68,1975,2,"038043",53.5
142.39,-24.68,1975,3,"038043",23.8
142.39,-24.68,1975,4,"038043",0
142.39,-24.68,1975,5,"038043",0
142.39,-24.68,1975,6,"038043",5.6
142.39,-24.68,1975,7,"038043",1.6
142.39,-24.68,1975,8,"038043",9.8
142.39,-24.68,1975,9,"038043",30.2
142.39,-24.68,1975,10,"038043",85.8
142.39,-24.68,1975,11,"038043",2
142.39,-24.68,1975,12,"038043",112
142.39,-24.68,1976,1,"038043",114.2
142.39,-24.68,1976,2,"038043",140.8
142.39,-24.68,1976,3,"038043",68.6
142.39,-24.68,1976,4,"038043",9
142.39,-24.68,1976,5,"038043",0.8
142.39,-24.68,1976,6,"038043",0.4
142.39,-24.68,1976,7,"038043",6.4
142.39,-24.68,1976,8,"038043",2.6
142.39,-24.68,1976,9,"038043",0
142.39,-24.68,1976,10,"038043",22.4
142.39,-24.68,1976,11,"038043",12.2
142.39,-24.68,1976,12,"038043",111.4
142.39,-24.68,1977,1,"038043",65.2
142.39,-24.68,1977,2,"038043",176.4
142.39,-24.68,1977,3,"038043",16.6
142.39,-24.68,1977,4,"038043",28.6
142.39,-24.68,1977,5,"038043",49.2
142.39,-24.68,1977,6,"038043",0
142.39,-24.68,1977,7,"038043",0
142.39,-24.68,1977,8,"038043",0
142.39,-24.68,1977,9,"038043",9.2
142.39,-24.68,1977,10,"038043",1
142.39,-24.68,1977,11,"038043",0
142.39,-24.68,1977,12,"038043",3.8
142.39,-24.68,1978,1,"038043",40.4
142.39,-24.68,1978,2,"038043",5.2
142.39,-24.68,1978,3,"038043",11
142.39,-24.68,1978,4,"038043",1.8
142.39,-24.68,1978,5,"038043",50.8
142.39,-24.68,1978,6,"038043",2.6
142.39,-24.68,1978,7,"038043",87.4
142.39,-24.68,1978,8,"038043",22
142.39,-24.68,1978,9,"038043",4.2
142.39,-24.68,1978,10,"038043",51.6
142.39,-24.68,1978,11,"038043",0.8
142.39,-24.68,1978,12,"038043",33.7
142.39,-24.68,1979,1,"038043",77.2
142.39,-24.68,1979,2,"038043",98.4
142.39,-24.68,1979,3,"038043",4
142.39,-24.68,1979,4,"038043",0
142.39,-24.68,1979,5,"038043",25.4
142.39,-24.68,1979,6,"038043",15
142.39,-24.68,1979,7,"038043",0
142.39,-24.68,1979,8,"038043",4.1
142.39,-24.68,1979,9,"038043",22
142.39,-24.68,1979,10,"038043",1.2
142.39,-24.68,1979,11,"038043",5.8
142.39,-24.68,1979,12,"038043",64.6
142.39,-24.68,1980,1,"038043",27.8
142.39,-24.68,1980,2,"038043",87.6
142.39,-24.68,1980,3,"038043",32
142.39,-24.68,1980,4,"038043",4.2
142.39,-24.68,1980,5,"038043",24.6
142.39,-24.68,1980,6,"038043",0
142.39,-24.68,1980,7,"038043",11.8
142.39,-24.68,1980,8,"038043",17.8
142.39,-24.68,1980,9,"038043",0
142.39,-24.68,1980,10,"038043",11.6
142.39,-24.68,1980,11,"038043",0
142.39,-24.68,1980,12,"038043",6.4
142.39,-24.68,1981,1,"038043",93.2
142.39,-24.68,1981,2,"038043",50.6
142.39,-24.68,1981,3,"038043",21
142.39,-24.68,1981,4,"038043",0
142.39,-24.68,1981,5,"038043",76.2
142.39,-24.68,1981,6,"038043",28.8
142.39,-24.68,1981,7,"038043",10.4
142.39,-24.68,1981,8,"038043",0
142.39,-24.68,1981,9,"038043",0
142.39,-24.68,1981,10,"038043",13.4
142.39,-24.68,1981,11,"038043",31.4
142.39,-24.68,1981,12,"038043",0
142.39,-24.68,1982,1,"038043",14.4
142.39,-24.68,1982,2,"038043",15.8
142.39,-24.68,1982,3,"038043",55.8
142.39,-24.68,1982,4,"038043",0
142.39,-24.68,1982,5,"038043",0
142.39,-24.68,1982,6,"038043",0
142.39,-24.68,1982,7,"038043",0
142.39,-24.68,1982,8,"038043",0
142.39,-24.68,1982,9,"038043",3
142.39,-24.68,1982,10,"038043",89
142.39,-24.68,1982,11,"038043",12.4
142.39,-24.68,1982,12,"038043",18.8
142.39,-24.68,1983,1,"038043",20.4
142.39,-24.68,1983,2,"038043",14.2
142.39,-24.68,1983,3,"038043",30.4
142.39,-24.68,1983,4,"038043",101
142.39,-24.68,1983,5,"038043",17.6
142.39,-24.68,1983,6,"038043",0
142.39,-24.68,1983,7,"038043",0
142.39,-24.68,1983,8,"038043",0
142.39,-24.68,1983,9,"038043",0
142.39,-24.68,1983,10,"038043",0
142.39,-24.68,1983,11,"038043",14
142.39,-24.68,1983,12,"038043",0
142.39,-24.68,1984,1,"038043",82.2
142.39,-24.68,1984,2,"038043",26.6
142.39,-24.68,1984,3,"038043",13
142.39,-24.68,1984,4,"038043",0
142.39,-24.68,1984,5,"038043",0
142.39,-24.68,1984,6,"038043",0
142.39,-24.68,1984,7,"038043",62.1
142.39,-24.68,1984,8,"038043",0
142.39,-24.68,1984,9,"038043",8.4
142.39,-24.68,1984,10,"038043",19
142.39,-24.68,1984,11,"038043",0
142.39,-24.68,1984,12,"038043",132
142.39,-24.68,1985,1,"038043",1
142.39,-24.68,1985,2,"038043",57
142.39,-24.68,1985,3,"038043",0
142.39,-24.68,1985,4,"038043",0
142.39,-24.68,1985,5,"038043",0
142.39,-24.68,1985,6,"038043",6
142.39,-24.68,1985,7,"038043",13
142.39,-24.68,1985,8,"038043",7
142.39,-24.68,1985,9,"038043",0
142.39,-24.68,1985,10,"038043",41
142.39,-24.68,1985,11,"038043",22
142.39,-24.68,1985,12,"038043",14
142.39,-24.68,1986,1,"038043",16.2
142.39,-24.68,1986,2,"038043",12
142.39,-24.68,1986,3,"038043",1
142.39,-24.68,1986,4,"038043",0
142.39,-24.68,1986,5,"038043",12
142.39,-24.68,1986,6,"038043",0
142.39,-24.68,1986,7,"038043",36
142.39,-24.68,1986,8,"038043",1
142.39,-24.68,1986,9,"038043",0
142.39,-24.68,1986,10,"038043",29
142.39,-24.68,1986,11,"038043",1
142.39,-24.68,1986,12,"038043",90
142.39,-24.68,1987,1,"038043",47
142.39,-24.68,1987,2,"038043",103.1
142.39,-24.68,1987,3,"038043",1.5
142.39,-24.68,1987,4,"038043",0
142.39,-24.68,1987,5,"038043",15
142.39,-24.68,1987,6,"038043",58
142.39,-24.68,1987,7,"038043",0
142.39,-24.68,1987,8,"038043",4
142.39,-24.68,1987,9,"038043",2
142.39,-24.68,1987,10,"038043",2.1
142.39,-24.68,1987,11,"038043",7
142.39,-24.68,1987,12,"038043",31.2
142.39,-24.68,1988,1,"038043",3.5
142.39,-24.68,1988,2,"038043",12
142.39,-24.68,1988,3,"038043",14
142.39,-24.68,1988,4,"038043",26.8
142.39,-24.68,1988,5,"038043",45
142.39,-24.68,1988,6,"038043",0
142.39,-24.68,1988,7,"038043",3
142.39,-24.68,1988,8,"038043",42.5
142.39,-24.68,1988,9,"038043",12
142.39,-24.68,1988,10,"038043",11
142.39,-24.68,1988,11,"038043",6
142.39,-24.68,1988,12,"038043",43.1
142.39,-24.68,1989,1,"038043",8
142.39,-24.68,1989,2,"038043",0
142.39,-24.68,1989,3,"038043",41
142.39,-24.68,1989,4,"038043",102
142.39,-24.68,1989,5,"038043",57.5
142.39,-24.68,1989,6,"038043",3.5
142.39,-24.68,1989,7,"038043",6
142.39,-24.68,1989,8,"038043",0
142.39,-24.68,1989,9,"038043",0
142.39,-24.68,1989,10,"038043",43
142.39,-24.68,1989,11,"038043",214
142.39,-24.68,1989,12,"038043",0
142.39,-24.68,1990,1,"038043",9
142.39,-24.68,1990,2,"038043",32
142.39,-24.68,1990,3,"038043",54
142.39,-24.68,1990,4,"038043",137.4
142.39,-24.68,1990,5,"038043",91.5
142.39,-24.68,1990,6,"038043",18.6
142.39,-24.68,1990,7,"038043",5
142.39,-24.68,1990,8,"038043",5.6
142.39,-24.68,1990,9,"038043",0
142.39,-24.68,1990,10,"038043",24
142.39,-24.68,1990,11,"038043",0
142.39,-24.68,1990,12,"038043",0
142.39,-24.68,1991,1,"038043",203.4
142.39,-24.68,1991,2,"038043",193.5
142.39,-24.68,1991,3,"038043",17
142.39,-24.68,1991,4,"038043",3
142.39,-24.68,1991,5,"038043",0
142.39,-24.68,1991,6,"038043",9
142.39,-24.68,1991,7,"038043",3
142.39,-24.68,1991,8,"038043",0
142.39,-24.68,1991,9,"038043",0
142.39,-24.68,1991,10,"038043",1
142.39,-24.68,1991,11,"038043",22.4
142.39,-24.68,1991,12,"038043",17.8
142.39,-24.68,1992,1,"038043",8
142.39,-24.68,1992,2,"038043",78.7
142.39,-24.68,1992,3,"038043",3
142.39,-24.68,1992,4,"038043",0.4
142.39,-24.68,1992,5,"038043",23.5
142.39,-24.68,1992,6,"038043",0
142.39,-24.68,1992,7,"038043",3
142.39,-24.68,1992,8,"038043",4
142.39,-24.68,1992,9,"038043",11.2
142.39,-24.68,1992,10,"038043",7
142.39,-24.68,1992,11,"038043",26
142.39,-24.68,1992,12,"038043",0
142.39,-24.68,1993,1,"038043",42
142.39,-24.68,1993,2,"038043",24
142.39,-24.68,1993,3,"038043",5
142.39,-24.68,1993,4,"038043",0
142.39,-24.68,1993,5,"038043",24
142.39,-24.68,1993,6,"038043",21
142.39,-24.68,1993,7,"038043",10
142.39,-24.68,1993,8,"038043",39.2
142.39,-24.68,1993,9,"038043",9
142.39,-24.68,1993,10,"038043",25.7
142.39,-24.68,1993,11,"038043",10.2
142.39,-24.68,1993,12,"038043",34
142.39,-24.68,1994,1,"038043",28
142.39,-24.68,1994,2,"038043",54
142.39,-24.68,1994,3,"038043",4
142.39,-24.68,1994,4,"038043",0
142.39,-24.68,1994,5,"038043",7
142.39,-24.68,1994,6,"038043",5
142.39,-24.68,1994,7,"038043",0
142.39,-24.68,1994,8,"038043",0
142.39,-24.68,1994,9,"038043",0
142.39,-24.68,1994,10,"038043",6
142.39,-24.68,1994,11,"038043",48
142.39,-24.68,1994,12,"038043",48
142.39,-24.68,1995,1,"038043",57
142.39,-24.68,1995,2,"038043",25
142.39,-24.68,1995,3,"038043",12
142.39,-24.68,1995,4,"038043",0
142.39,-24.68,1995,5,"038043",70
142.39,-24.68,1995,6,"038043",5
142.39,-24.68,1995,7,"038043",0
142.39,-24.68,1995,8,"038043",0
142.39,-24.68,1995,9,"038043",60
142.39,-24.68,1995,10,"038043",15
142.39,-24.68,1995,11,"038043",27
142.39,-24.68,1995,12,"038043",8
142.39,-24.68,1996,1,"038043",38.2
142.39,-24.68,1996,2,"038043",5
142.39,-24.68,1996,3,"038043",86
142.39,-24.68,1996,4,"038043",3.4
142.39,-24.68,1996,5,"038043",0
142.39,-24.68,1996,6,"038043",6
142.39,-24.68,1996,7,"038043",41
142.39,-24.68,1996,8,"038043",31.9
142.39,-24.68,1996,9,"038043",12
142.39,-24.68,1996,10,"038043",78
142.39,-24.68,1996,11,"038043",14.5
142.39,-24.68,1996,12,"038043",31
142.39,-24.68,1997,1,"038043",62.5
142.39,-24.68,1997,2,"038043",80.7
142.39,-24.68,1997,3,"038043",101
142.39,-24.68,1997,4,"038043",0
142.39,-24.68,1997,5,"038043",37.8
142.39,-24.68,1997,6,"038043",0
142.39,-24.68,1997,7,"038043",7
142.39,-24.68,1997,8,"038043",0
142.39,-24.68,1997,9,"038043",3
142.39,-24.68,1997,10,"038043",5
142.39,-24.68,1997,11,"038043",12.4
142.39,-24.68,1997,12,"038043",19
142.39,-24.68,1998,1,"038043",84
142.39,-24.68,1998,2,"038043",10
142.39,-24.68,1998,3,"038043",7
142.39,-24.68,1998,4,"038043",43
142.39,-24.68,1998,5,"038043",0
142.39,-24.68,1998,6,"038043",30
142.39,-24.68,1998,7,"038043",50
142.39,-24.68,1998,8,"038043",9
142.39,-24.68,1998,9,"038043",11
142.39,-24.68,1998,10,"038043",29
142.39,-24.68,1998,11,"038043",13.6
142.39,-24.68,1998,12,"038043",38
142.39,-24.68,1999,1,"038043",106
142.39,-24.68,1999,2,"038043",0
142.39,-24.68,1999,3,"038043",76
142.39,-24.68,1999,4,"038043",26.2
142.39,-24.68,1999,5,"038043",20
142.39,-24.68,1999,6,"038043",30.4
142.39,-24.68,1999,7,"038043",0
142.39,-24.68,1999,8,"038043",0
142.39,-24.68,1999,9,"038043",0
142.39,-24.68,1999,10,"038043",4
142.39,-24.68,1999,11,"038043",91
142.39,-24.68,1999,12,"038043",210
142.39,-24.68,2000,1,"038043",0
142.39,-24.68,2000,2,"038043",105
142.39,-24.68,2000,3,"038043",17
142.39,-24.68,2000,4,"038043",77.4
142.39,-24.68,2000,5,"038043",0
142.39,-24.68,2000,6,"038043",32
142.39,-24.68,2000,7,"038043",0
142.39,-24.68,2000,8,"038043",0
142.39,-24.68,2000,9,"038043",0
142.39,-24.68,2000,10,"038043",21
142.39,-24.68,2000,11,"038043",88
142.39,-24.68,2000,12,"038043",122.5
142.39,-24.68,2001,1,"038043",37
142.39,-24.68,2001,2,"038043",28
142.39,-24.68,2001,3,"038043",11
142.39,-24.68,2001,4,"038043",0
142.39,-24.68,2001,5,"038043",0
142.39,-24.68,2001,6,"038043",29
142.39,-24.68,2001,7,"038043",0
142.39,-24.68,2001,8,"038043",0
142.39,-24.68,2001,9,"038043",3
142.39,-24.68,2001,10,"038043",26
142.39,-24.68,2001,11,"038043",12
142.39,-24.68,2001,12,"038043",11.2
142.39,-24.68,2002,1,"038043",66
142.39,-24.68,2002,2,"038043",23
142.39,-24.68,2002,3,"038043",0
142.39,-24.68,2002,4,"038043",4
142.39,-24.68,2002,5,"038043",10
142.39,-24.68,2002,6,"038043",0
142.39,-24.68,2002,7,"038043",0
142.39,-24.68,2002,8,"038043",0
142.39,-24.68,2002,9,"038043",5
142.39,-24.68,2002,10,"038043",0
142.39,-24.68,2002,11,"038043",9
142.39,-24.68,2002,12,"038043",23
142.39,-24.68,2003,1,"038043",18
142.39,-24.68,2003,2,"038043",60
142.39,-24.68,2003,3,"038043",8
142.39,-24.68,2003,4,"038043",12
142.39,-24.68,2003,5,"038043",0
142.39,-24.68,2003,6,"038043",0
142.39,-24.68,2003,7,"038043",12
142.39,-24.68,2003,8,"038043",15
142.39,-24.68,2003,9,"038043",0
142.39,-24.68,2003,10,"038043",10
142.39,-24.68,2003,11,"038043",2
142.39,-24.68,2003,12,"038043",13
142.39,-24.68,2004,1,"038043",197
142.39,-24.68,2004,2,"038043",63
142.39,-24.68,2004,3,"038043",0
142.39,-24.68,2004,4,"038043",26
142.39,-24.68,2004,5,"038043",15
142.39,-24.68,2004,6,"038043",NA
142.39,-24.68,2004,7,"038043",NA
142.39,-24.68,2004,8,"038043",NA
142.39,-24.68,2004,9,"038043",NA
142.39,-24.68,2004,10,"038043",NA
142.39,-24.68,2004,11,"038043",NA
142.39,-24.68,2004,12,"038043",NA
