"Lon","Lat","Year","Month","Station","Rain"
133.12,-21.85,1941,1,"015542",NA
133.12,-21.85,1941,2,"015542",NA
133.12,-21.85,1941,3,"015542",NA
133.12,-21.85,1941,4,"015542",NA
133.12,-21.85,1941,5,"015542",NA
133.12,-21.85,1941,6,"015542",NA
133.12,-21.85,1941,7,"015542",NA
133.12,-21.85,1941,8,"015542",NA
133.12,-21.85,1941,9,"015542",NA
133.12,-21.85,1941,10,"015542",89.4
133.12,-21.85,1941,11,"015542",79.4
133.12,-21.85,1941,12,"015542",26.7
133.12,-21.85,1942,1,"015542",78.7
133.12,-21.85,1942,2,"015542",22.4
133.12,-21.85,1942,3,"015542",8.4
133.12,-21.85,1942,4,"015542",19
133.12,-21.85,1942,5,"015542",48.4
133.12,-21.85,1942,6,"015542",1
133.12,-21.85,1942,7,"015542",0
133.12,-21.85,1942,8,"015542",7.3
133.12,-21.85,1942,9,"015542",3.3
133.12,-21.85,1942,10,"015542",30
133.12,-21.85,1942,11,"015542",17.8
133.12,-21.85,1942,12,"015542",67.1
133.12,-21.85,1943,1,"015542",45
133.12,-21.85,1943,2,"015542",46
133.12,-21.85,1943,3,"015542",5.4
133.12,-21.85,1943,4,"015542",0
133.12,-21.85,1943,5,"015542",9.7
133.12,-21.85,1943,6,"015542",0
133.12,-21.85,1943,7,"015542",4.1
133.12,-21.85,1943,8,"015542",0
133.12,-21.85,1943,9,"015542",0
133.12,-21.85,1943,10,"015542",38.7
133.12,-21.85,1943,11,"015542",36.3
133.12,-21.85,1943,12,"015542",21.3
133.12,-21.85,1944,1,"015542",129.1
133.12,-21.85,1944,2,"015542",172.2
133.12,-21.85,1944,3,"015542",0
133.12,-21.85,1944,4,"015542",5.6
133.12,-21.85,1944,5,"015542",0
133.12,-21.85,1944,6,"015542",4.1
133.12,-21.85,1944,7,"015542",7.6
133.12,-21.85,1944,8,"015542",0
133.12,-21.85,1944,9,"015542",0
133.12,-21.85,1944,10,"015542",13.7
133.12,-21.85,1944,11,"015542",5.3
133.12,-21.85,1944,12,"015542",132.2
133.12,-21.85,1945,1,"015542",18.5
133.12,-21.85,1945,2,"015542",81.5
133.12,-21.85,1945,3,"015542",37.6
133.12,-21.85,1945,4,"015542",0
133.12,-21.85,1945,5,"015542",1.3
133.12,-21.85,1945,6,"015542",0
133.12,-21.85,1945,7,"015542",0
133.12,-21.85,1945,8,"015542",0
133.12,-21.85,1945,9,"015542",0
133.12,-21.85,1945,10,"015542",33.8
133.12,-21.85,1945,11,"015542",0
133.12,-21.85,1945,12,"015542",93.2
133.12,-21.85,1946,1,"015542",19.6
133.12,-21.85,1946,2,"015542",104.1
133.12,-21.85,1946,3,"015542",0
133.12,-21.85,1946,4,"015542",0
133.12,-21.85,1946,5,"015542",0
133.12,-21.85,1946,6,"015542",0
133.12,-21.85,1946,7,"015542",0
133.12,-21.85,1946,8,"015542",0
133.12,-21.85,1946,9,"015542",0
133.12,-21.85,1946,10,"015542",0
133.12,-21.85,1946,11,"015542",27.4
133.12,-21.85,1946,12,"015542",141.5
133.12,-21.85,1947,1,"015542",6.6
133.12,-21.85,1947,2,"015542",65
133.12,-21.85,1947,3,"015542",109.4
133.12,-21.85,1947,4,"015542",0
133.12,-21.85,1947,5,"015542",9.1
133.12,-21.85,1947,6,"015542",0
133.12,-21.85,1947,7,"015542",0
133.12,-21.85,1947,8,"015542",44.5
133.12,-21.85,1947,9,"015542",54.4
133.12,-21.85,1947,10,"015542",8.1
133.12,-21.85,1947,11,"015542",51.1
133.12,-21.85,1947,12,"015542",57.1
133.12,-21.85,1948,1,"015542",19.6
133.12,-21.85,1948,2,"015542",56.8
133.12,-21.85,1948,3,"015542",0
133.12,-21.85,1948,4,"015542",2.3
133.12,-21.85,1948,5,"015542",0
133.12,-21.85,1948,6,"015542",0
133.12,-21.85,1948,7,"015542",68.4
133.12,-21.85,1948,8,"015542",0
133.12,-21.85,1948,9,"015542",0
133.12,-21.85,1948,10,"015542",0
133.12,-21.85,1948,11,"015542",0
133.12,-21.85,1948,12,"015542",25.9
133.12,-21.85,1949,1,"015542",0
133.12,-21.85,1949,2,"015542",174.6
133.12,-21.85,1949,3,"015542",13.7
133.12,-21.85,1949,4,"015542",0
133.12,-21.85,1949,5,"015542",38.6
133.12,-21.85,1949,6,"015542",6.4
133.12,-21.85,1949,7,"015542",0
133.12,-21.85,1949,8,"015542",0
133.12,-21.85,1949,9,"015542",NA
133.12,-21.85,1949,10,"015542",NA
133.12,-21.85,1949,11,"015542",47.9
133.12,-21.85,1949,12,"015542",14.5
133.12,-21.85,1950,1,"015542",NA
133.12,-21.85,1950,2,"015542",NA
133.12,-21.85,1950,3,"015542",NA
133.12,-21.85,1950,4,"015542",NA
133.12,-21.85,1950,5,"015542",NA
133.12,-21.85,1950,6,"015542",NA
133.12,-21.85,1950,7,"015542",NA
133.12,-21.85,1950,8,"015542",0
133.12,-21.85,1950,9,"015542",3.6
133.12,-21.85,1950,10,"015542",60.1
133.12,-21.85,1950,11,"015542",23.4
133.12,-21.85,1950,12,"015542",180.8
133.12,-21.85,1951,1,"015542",17.8
133.12,-21.85,1951,2,"015542",21.6
133.12,-21.85,1951,3,"015542",2.5
133.12,-21.85,1951,4,"015542",32.8
133.12,-21.85,1951,5,"015542",0
133.12,-21.85,1951,6,"015542",5.8
133.12,-21.85,1951,7,"015542",0
133.12,-21.85,1951,8,"015542",0
133.12,-21.85,1951,9,"015542",0.8
133.12,-21.85,1951,10,"015542",2.5
133.12,-21.85,1951,11,"015542",29.7
133.12,-21.85,1951,12,"015542",0.5
133.12,-21.85,1952,1,"015542",75.2
133.12,-21.85,1952,2,"015542",27.5
133.12,-21.85,1952,3,"015542",0
133.12,-21.85,1952,4,"015542",3.8
133.12,-21.85,1952,5,"015542",19.8
133.12,-21.85,1952,6,"015542",0
133.12,-21.85,1952,7,"015542",0
133.12,-21.85,1952,8,"015542",0
133.12,-21.85,1952,9,"015542",0
133.12,-21.85,1952,10,"015542",15.2
133.12,-21.85,1952,11,"015542",51.3
133.12,-21.85,1952,12,"015542",47.8
133.12,-21.85,1953,1,"015542",162
133.12,-21.85,1953,2,"015542",77.8
133.12,-21.85,1953,3,"015542",0
133.12,-21.85,1953,4,"015542",41.4
133.12,-21.85,1953,5,"015542",0
133.12,-21.85,1953,6,"015542",0
133.12,-21.85,1953,7,"015542",NA
133.12,-21.85,1953,8,"015542",0
133.12,-21.85,1953,9,"015542",0
133.12,-21.85,1953,10,"015542",10.2
133.12,-21.85,1953,11,"015542",NA
133.12,-21.85,1953,12,"015542",NA
133.12,-21.85,1958,1,"015542",0
133.12,-21.85,1958,2,"015542",2.5
133.12,-21.85,1958,3,"015542",0
133.12,-21.85,1958,4,"015542",0
133.12,-21.85,1958,5,"015542",59.5
133.12,-21.85,1958,6,"015542",10.9
133.12,-21.85,1958,7,"015542",0
133.12,-21.85,1958,8,"015542",0
133.12,-21.85,1958,9,"015542",0
133.12,-21.85,1958,10,"015542",50.9
133.12,-21.85,1958,11,"015542",3.8
133.12,-21.85,1958,12,"015542",19.8
133.12,-21.85,1959,1,"015542",0
133.12,-21.85,1959,2,"015542",1.5
133.12,-21.85,1959,3,"015542",26.9
133.12,-21.85,1959,4,"015542",0
133.12,-21.85,1959,5,"015542",71.6
133.12,-21.85,1959,6,"015542",0
133.12,-21.85,1959,7,"015542",0
133.12,-21.85,1959,8,"015542",0
133.12,-21.85,1959,9,"015542",5.1
133.12,-21.85,1959,10,"015542",2.3
133.12,-21.85,1959,11,"015542",24.7
133.12,-21.85,1959,12,"015542",84.9
133.12,-21.85,1960,1,"015542",61.6
133.12,-21.85,1960,2,"015542",7.9
133.12,-21.85,1960,3,"015542",0
133.12,-21.85,1960,4,"015542",74.7
133.12,-21.85,1960,5,"015542",9.7
133.12,-21.85,1960,6,"015542",0
133.12,-21.85,1960,7,"015542",0
133.12,-21.85,1960,8,"015542",0
133.12,-21.85,1960,9,"015542",27.6
133.12,-21.85,1960,10,"015542",9.9
133.12,-21.85,1960,11,"015542",9.4
133.12,-21.85,1960,12,"015542",36.3
133.12,-21.85,1961,1,"015542",43.1
133.12,-21.85,1961,2,"015542",0
133.12,-21.85,1961,3,"015542",0
133.12,-21.85,1961,4,"015542",36
133.12,-21.85,1961,5,"015542",0
133.12,-21.85,1961,6,"015542",0
133.12,-21.85,1961,7,"015542",0
133.12,-21.85,1961,8,"015542",0
133.12,-21.85,1961,9,"015542",0
133.12,-21.85,1961,10,"015542",0
133.12,-21.85,1961,11,"015542",0
133.12,-21.85,1961,12,"015542",0
133.12,-21.85,1962,1,"015542",83
133.12,-21.85,1962,2,"015542",31.1
133.12,-21.85,1962,3,"015542",118.6
133.12,-21.85,1962,4,"015542",0
133.12,-21.85,1962,5,"015542",14.5
133.12,-21.85,1962,6,"015542",21.3
133.12,-21.85,1962,7,"015542",0
133.12,-21.85,1962,8,"015542",18.3
133.12,-21.85,1962,9,"015542",3.3
133.12,-21.85,1962,10,"015542",10.1
133.12,-21.85,1962,11,"015542",11.5
133.12,-21.85,1962,12,"015542",0
133.12,-21.85,1963,1,"015542",13.4
133.12,-21.85,1963,2,"015542",13.5
133.12,-21.85,1963,3,"015542",6.9
133.12,-21.85,1963,4,"015542",0
133.12,-21.85,1963,5,"015542",14.7
133.12,-21.85,1963,6,"015542",0
133.12,-21.85,1963,7,"015542",0
133.12,-21.85,1963,8,"015542",0
133.12,-21.85,1963,9,"015542",0
133.12,-21.85,1963,10,"015542",7.6
133.12,-21.85,1963,11,"015542",10.7
133.12,-21.85,1963,12,"015542",17
133.12,-21.85,1964,1,"015542",23.1
133.12,-21.85,1964,2,"015542",1.3
133.12,-21.85,1964,3,"015542",0
133.12,-21.85,1964,4,"015542",0
133.12,-21.85,1964,5,"015542",6.6
133.12,-21.85,1964,6,"015542",11
133.12,-21.85,1964,7,"015542",0
133.12,-21.85,1964,8,"015542",0
133.12,-21.85,1964,9,"015542",9.2
133.12,-21.85,1964,10,"015542",3
133.12,-21.85,1964,11,"015542",13.7
133.12,-21.85,1964,12,"015542",18
133.12,-21.85,1965,1,"015542",0
133.12,-21.85,1965,2,"015542",0
133.12,-21.85,1965,3,"015542",10.5
133.12,-21.85,1965,4,"015542",0
133.12,-21.85,1965,5,"015542",0
133.12,-21.85,1965,6,"015542",12.7
133.12,-21.85,1965,7,"015542",0
133.12,-21.85,1965,8,"015542",4.3
133.12,-21.85,1965,9,"015542",0
133.12,-21.85,1965,10,"015542",4.1
133.12,-21.85,1965,11,"015542",10.7
133.12,-21.85,1965,12,"015542",39.8
133.12,-21.85,1966,1,"015542",139.2
133.12,-21.85,1966,2,"015542",4.8
133.12,-21.85,1966,3,"015542",0
133.12,-21.85,1966,4,"015542",4.1
133.12,-21.85,1966,5,"015542",3.8
133.12,-21.85,1966,6,"015542",42.7
133.12,-21.85,1966,7,"015542",9.4
133.12,-21.85,1966,8,"015542",99.8
133.12,-21.85,1966,9,"015542",0
133.12,-21.85,1966,10,"015542",26.4
133.12,-21.85,1966,11,"015542",4
133.12,-21.85,1966,12,"015542",19.8
133.12,-21.85,1967,1,"015542",29.9
133.12,-21.85,1967,2,"015542",279.6
133.12,-21.85,1967,3,"015542",49.1
133.12,-21.85,1967,4,"015542",0
133.12,-21.85,1967,5,"015542",0
133.12,-21.85,1967,6,"015542",0
133.12,-21.85,1967,7,"015542",0
133.12,-21.85,1967,8,"015542",0
133.12,-21.85,1967,9,"015542",0
133.12,-21.85,1967,10,"015542",0
133.12,-21.85,1967,11,"015542",0
133.12,-21.85,1967,12,"015542",28
133.12,-21.85,1968,1,"015542",102.5
133.12,-21.85,1968,2,"015542",88.6
133.12,-21.85,1968,3,"015542",26.2
133.12,-21.85,1968,4,"015542",47.7
133.12,-21.85,1968,5,"015542",166
133.12,-21.85,1968,6,"015542",0
133.12,-21.85,1968,7,"015542",12.4
133.12,-21.85,1968,8,"015542",0
133.12,-21.85,1968,9,"015542",0
133.12,-21.85,1968,10,"015542",6.4
133.12,-21.85,1968,11,"015542",40.2
133.12,-21.85,1968,12,"015542",53.6
133.12,-21.85,1969,1,"015542",0
133.12,-21.85,1969,2,"015542",225.7
133.12,-21.85,1969,3,"015542",3.8
133.12,-21.85,1969,4,"015542",0
133.12,-21.85,1969,5,"015542",0
133.12,-21.85,1969,6,"015542",0
133.12,-21.85,1969,7,"015542",20.6
133.12,-21.85,1969,8,"015542",0
133.12,-21.85,1969,9,"015542",0
133.12,-21.85,1969,10,"015542",6.4
133.12,-21.85,1969,11,"015542",0
133.12,-21.85,1969,12,"015542",38.1
133.12,-21.85,1970,1,"015542",0
133.12,-21.85,1970,2,"015542",45.7
133.12,-21.85,1970,3,"015542",12.5
133.12,-21.85,1970,4,"015542",148.3
133.12,-21.85,1970,5,"015542",2.5
133.12,-21.85,1970,6,"015542",0
133.12,-21.85,1970,7,"015542",0
133.12,-21.85,1970,8,"015542",0
133.12,-21.85,1970,9,"015542",0
133.12,-21.85,1970,10,"015542",0
133.12,-21.85,1970,11,"015542",1.8
133.12,-21.85,1970,12,"015542",70.1
133.12,-21.85,1971,1,"015542",19.1
133.12,-21.85,1971,2,"015542",35.5
133.12,-21.85,1971,3,"015542",111.8
133.12,-21.85,1971,4,"015542",3
133.12,-21.85,1971,5,"015542",0
133.12,-21.85,1971,6,"015542",5.6
133.12,-21.85,1971,7,"015542",0
133.12,-21.85,1971,8,"015542",22.8
133.12,-21.85,1971,9,"015542",0
133.12,-21.85,1971,10,"015542",0
133.12,-21.85,1971,11,"015542",17.3
133.12,-21.85,1971,12,"015542",12.4
133.12,-21.85,1972,1,"015542",10.2
133.12,-21.85,1972,2,"015542",22.9
133.12,-21.85,1972,3,"015542",261.7
133.12,-21.85,1972,4,"015542",0
133.12,-21.85,1972,5,"015542",0
133.12,-21.85,1972,6,"015542",0
133.12,-21.85,1972,7,"015542",0
133.12,-21.85,1972,8,"015542",0
133.12,-21.85,1972,9,"015542",2
133.12,-21.85,1972,10,"015542",0
133.12,-21.85,1972,11,"015542",28.5
133.12,-21.85,1972,12,"015542",0
133.12,-21.85,1973,1,"015542",19.3
133.12,-21.85,1973,2,"015542",64.2
133.12,-21.85,1973,3,"015542",6.4
133.12,-21.85,1973,4,"015542",19.8
133.12,-21.85,1973,5,"015542",20.3
133.12,-21.85,1973,6,"015542",15
133.12,-21.85,1973,7,"015542",0
133.12,-21.85,1973,8,"015542",24.7
133.12,-21.85,1973,9,"015542",21.6
133.12,-21.85,1973,10,"015542",0
133.12,-21.85,1973,11,"015542",95.3
133.12,-21.85,1973,12,"015542",89.2
133.12,-21.85,1974,1,"015542",393.4
133.12,-21.85,1974,2,"015542",246.6
133.12,-21.85,1974,3,"015542",39.8
133.12,-21.85,1974,4,"015542",109.8
133.12,-21.85,1974,5,"015542",5.4
133.12,-21.85,1974,6,"015542",0
133.12,-21.85,1974,7,"015542",0
133.12,-21.85,1974,8,"015542",9.8
133.12,-21.85,1974,9,"015542",106.4
133.12,-21.85,1974,10,"015542",55.5
133.12,-21.85,1974,11,"015542",57.1
133.12,-21.85,1974,12,"015542",22
133.12,-21.85,1975,1,"015542",9
133.12,-21.85,1975,2,"015542",220.2
133.12,-21.85,1975,3,"015542",143
133.12,-21.85,1975,4,"015542",0
133.12,-21.85,1975,5,"015542",0
133.12,-21.85,1975,6,"015542",39
133.12,-21.85,1975,7,"015542",12.8
133.12,-21.85,1975,8,"015542",18
133.12,-21.85,1975,9,"015542",93.9
133.12,-21.85,1975,10,"015542",21
133.12,-21.85,1975,11,"015542",59.8
133.12,-21.85,1975,12,"015542",157.8
133.12,-21.85,1976,1,"015542",162.6
133.12,-21.85,1976,2,"015542",46.2
133.12,-21.85,1976,3,"015542",133.3
133.12,-21.85,1976,4,"015542",0
133.12,-21.85,1976,5,"015542",0
133.12,-21.85,1976,6,"015542",0
133.12,-21.85,1976,7,"015542",0
133.12,-21.85,1976,8,"015542",0
133.12,-21.85,1976,9,"015542",0
133.12,-21.85,1976,10,"015542",60.5
133.12,-21.85,1976,11,"015542",9
133.12,-21.85,1976,12,"015542",0
133.12,-21.85,1977,1,"015542",96
133.12,-21.85,1977,2,"015542",389
133.12,-21.85,1977,3,"015542",41
133.12,-21.85,1977,4,"015542",0
133.12,-21.85,1977,5,"015542",41
133.12,-21.85,1977,6,"015542",0
133.12,-21.85,1977,7,"015542",0
133.12,-21.85,1977,8,"015542",0
133.12,-21.85,1977,9,"015542",17
133.12,-21.85,1977,10,"015542",11
133.12,-21.85,1977,11,"015542",51.2
133.12,-21.85,1977,12,"015542",34
133.12,-21.85,1978,1,"015542",93.3
133.12,-21.85,1978,2,"015542",33.2
133.12,-21.85,1978,3,"015542",60.2
133.12,-21.85,1978,4,"015542",0
133.12,-21.85,1978,5,"015542",67.2
133.12,-21.85,1978,6,"015542",35.5
133.12,-21.85,1978,7,"015542",97.5
133.12,-21.85,1978,8,"015542",5
133.12,-21.85,1978,9,"015542",0
133.12,-21.85,1978,10,"015542",26.2
133.12,-21.85,1978,11,"015542",17.4
133.12,-21.85,1978,12,"015542",20.4
133.12,-21.85,1979,1,"015542",136.6
133.12,-21.85,1979,2,"015542",72.3
133.12,-21.85,1979,3,"015542",28.2
133.12,-21.85,1979,4,"015542",3
133.12,-21.85,1979,5,"015542",90.4
133.12,-21.85,1979,6,"015542",0
133.12,-21.85,1979,7,"015542",0
133.12,-21.85,1979,8,"015542",8
133.12,-21.85,1979,9,"015542",8
133.12,-21.85,1979,10,"015542",5.6
133.12,-21.85,1979,11,"015542",38.4
133.12,-21.85,1979,12,"015542",22.2
133.12,-21.85,1980,1,"015542",143.4
133.12,-21.85,1980,2,"015542",67.4
133.12,-21.85,1980,3,"015542",0
133.12,-21.85,1980,4,"015542",46.2
133.12,-21.85,1980,5,"015542",6
133.12,-21.85,1980,6,"015542",0
133.12,-21.85,1980,7,"015542",19
133.12,-21.85,1980,8,"015542",0
133.12,-21.85,1980,9,"015542",0
133.12,-21.85,1980,10,"015542",31.6
133.12,-21.85,1980,11,"015542",0
133.12,-21.85,1980,12,"015542",41.2
133.12,-21.85,1981,1,"015542",160.8
133.12,-21.85,1981,2,"015542",31
133.12,-21.85,1981,3,"015542",3
133.12,-21.85,1981,4,"015542",0
133.12,-21.85,1981,5,"015542",0
133.12,-21.85,1981,6,"015542",1
133.12,-21.85,1981,7,"015542",0
133.12,-21.85,1981,8,"015542",0
133.12,-21.85,1981,9,"015542",7
133.12,-21.85,1981,10,"015542",0
133.12,-21.85,1981,11,"015542",74
133.12,-21.85,1981,12,"015542",57.2
133.12,-21.85,1982,1,"015542",6.1
133.12,-21.85,1982,2,"015542",240.4
133.12,-21.85,1982,3,"015542",18
133.12,-21.85,1982,4,"015542",NA
133.12,-21.85,1982,5,"015542",NA
133.12,-21.85,1982,6,"015542",NA
133.12,-21.85,1982,7,"015542",NA
133.12,-21.85,1982,8,"015542",NA
133.12,-21.85,1982,9,"015542",NA
133.12,-21.85,1982,10,"015542",NA
133.12,-21.85,1982,11,"015542",NA
133.12,-21.85,1982,12,"015542",30
133.12,-21.85,1983,1,"015542",54.4
133.12,-21.85,1983,2,"015542",0
133.12,-21.85,1983,3,"015542",248.6
133.12,-21.85,1983,4,"015542",171.3
133.12,-21.85,1983,5,"015542",1
133.12,-21.85,1983,6,"015542",NA
133.12,-21.85,1983,7,"015542",NA
133.12,-21.85,1983,8,"015542",NA
133.12,-21.85,1983,9,"015542",NA
133.12,-21.85,1983,10,"015542",NA
133.12,-21.85,1983,11,"015542",NA
133.12,-21.85,1983,12,"015542",NA
133.12,-21.85,1985,1,"015542",0
133.12,-21.85,1985,2,"015542",35.2
133.12,-21.85,1985,3,"015542",73
133.12,-21.85,1985,4,"015542",12
133.12,-21.85,1985,5,"015542",0
133.12,-21.85,1985,6,"015542",64.1
133.12,-21.85,1985,7,"015542",0
133.12,-21.85,1985,8,"015542",0
133.12,-21.85,1985,9,"015542",0
133.12,-21.85,1985,10,"015542",11.2
133.12,-21.85,1985,11,"015542",35.5
133.12,-21.85,1985,12,"015542",7.6
133.12,-21.85,1986,1,"015542",83.9
133.12,-21.85,1986,2,"015542",7.8
133.12,-21.85,1986,3,"015542",0
133.12,-21.85,1986,4,"015542",18.4
133.12,-21.85,1986,5,"015542",20
133.12,-21.85,1986,6,"015542",26.4
133.12,-21.85,1986,7,"015542",113.9
133.12,-21.85,1986,8,"015542",0
133.12,-21.85,1986,9,"015542",4.8
133.12,-21.85,1986,10,"015542",26.2
133.12,-21.85,1986,11,"015542",36.7
133.12,-21.85,1986,12,"015542",10.2
133.12,-21.85,1987,1,"015542",29.8
133.12,-21.85,1987,2,"015542",61.1
133.12,-21.85,1987,3,"015542",0
133.12,-21.85,1987,4,"015542",3.5
133.12,-21.85,1987,5,"015542",NA
133.12,-21.85,1987,6,"015542",NA
133.12,-21.85,1987,7,"015542",NA
133.12,-21.85,1987,8,"015542",NA
133.12,-21.85,1987,9,"015542",NA
133.12,-21.85,1987,10,"015542",NA
133.12,-21.85,1987,11,"015542",NA
133.12,-21.85,1987,12,"015542",NA
133.12,-21.85,1991,1,"015542",106.8
133.12,-21.85,1991,2,"015542",325.6
133.12,-21.85,1991,3,"015542",0
133.12,-21.85,1991,4,"015542",0
133.12,-21.85,1991,5,"015542",0
133.12,-21.85,1991,6,"015542",13
133.12,-21.85,1991,7,"015542",0
133.12,-21.85,1991,8,"015542",0
133.12,-21.85,1991,9,"015542",0
133.12,-21.85,1991,10,"015542",0
133.12,-21.85,1991,11,"015542",50.6
133.12,-21.85,1991,12,"015542",15.2
133.12,-21.85,1992,1,"015542",30.6
133.12,-21.85,1992,2,"015542",11
133.12,-21.85,1992,3,"015542",0
133.12,-21.85,1992,4,"015542",0
133.12,-21.85,1992,5,"015542",94.8
133.12,-21.85,1992,6,"015542",0
133.12,-21.85,1992,7,"015542",0
133.12,-21.85,1992,8,"015542",10
133.12,-21.85,1992,9,"015542",24
133.12,-21.85,1992,10,"015542",94.5
133.12,-21.85,1992,11,"015542",5
133.12,-21.85,1992,12,"015542",24.6
133.12,-21.85,1993,1,"015542",43.4
133.12,-21.85,1993,2,"015542",94.2
133.12,-21.85,1993,3,"015542",15.8
133.12,-21.85,1993,4,"015542",20
133.12,-21.85,1993,5,"015542",40.8
133.12,-21.85,1993,6,"015542",40
133.12,-21.85,1993,7,"015542",NA
133.12,-21.85,1993,8,"015542",0
133.12,-21.85,1993,9,"015542",30.6
133.12,-21.85,1993,10,"015542",14.5
133.12,-21.85,1993,11,"015542",41
133.12,-21.85,1993,12,"015542",37
133.12,-21.85,1994,1,"015542",0
133.12,-21.85,1994,2,"015542",47
133.12,-21.85,1994,3,"015542",0
133.12,-21.85,1994,4,"015542",0
133.12,-21.85,1994,5,"015542",0
133.12,-21.85,1994,6,"015542",0
133.12,-21.85,1994,7,"015542",0
133.12,-21.85,1994,8,"015542",0
133.12,-21.85,1994,9,"015542",0
133.12,-21.85,1994,10,"015542",7
133.12,-21.85,1994,11,"015542",13.6
133.12,-21.85,1994,12,"015542",76.2
133.12,-21.85,1995,1,"015542",180.6
133.12,-21.85,1995,2,"015542",25
133.12,-21.85,1995,3,"015542",20.5
133.12,-21.85,1995,4,"015542",1.8
133.12,-21.85,1995,5,"015542",4
133.12,-21.85,1995,6,"015542",0
133.12,-21.85,1995,7,"015542",1.8
133.12,-21.85,1995,8,"015542",0
133.12,-21.85,1995,9,"015542",0
133.12,-21.85,1995,10,"015542",0
133.12,-21.85,1995,11,"015542",25.4
133.12,-21.85,1995,12,"015542",71
133.12,-21.85,1996,1,"015542",9
133.12,-21.85,1996,2,"015542",23
133.12,-21.85,1996,3,"015542",20.6
133.12,-21.85,1996,4,"015542",81
133.12,-21.85,1996,5,"015542",0
133.12,-21.85,1996,6,"015542",0
133.12,-21.85,1996,7,"015542",7.2
133.12,-21.85,1996,8,"015542",1.5
133.12,-21.85,1996,9,"015542",0
133.12,-21.85,1996,10,"015542",18
133.12,-21.85,1996,11,"015542",0.8
133.12,-21.85,1996,12,"015542",63
133.12,-21.85,1997,1,"015542",173.2
133.12,-21.85,1997,2,"015542",104.4
133.12,-21.85,1997,3,"015542",0
133.12,-21.85,1997,4,"015542",0
133.12,-21.85,1997,5,"015542",38.2
133.12,-21.85,1997,6,"015542",0
133.12,-21.85,1997,7,"015542",0
133.12,-21.85,1997,8,"015542",0
133.12,-21.85,1997,9,"015542",10
133.12,-21.85,1997,10,"015542",27
133.12,-21.85,1997,11,"015542",2
133.12,-21.85,1997,12,"015542",54.4
133.12,-21.85,1998,1,"015542",4
133.12,-21.85,1998,2,"015542",32
133.12,-21.85,1998,3,"015542",0
133.12,-21.85,1998,4,"015542",99
133.12,-21.85,1998,5,"015542",0.4
133.12,-21.85,1998,6,"015542",3
133.12,-21.85,1998,7,"015542",13
133.12,-21.85,1998,8,"015542",12
133.12,-21.85,1998,9,"015542",18
133.12,-21.85,1998,10,"015542",2.8
133.12,-21.85,1998,11,"015542",10
133.12,-21.85,1998,12,"015542",8.6
133.12,-21.85,1999,1,"015542",36.2
133.12,-21.85,1999,2,"015542",51.4
133.12,-21.85,1999,3,"015542",31.6
133.12,-21.85,1999,4,"015542",0
133.12,-21.85,1999,5,"015542",0
133.12,-21.85,1999,6,"015542",NA
133.12,-21.85,1999,7,"015542",0
133.12,-21.85,1999,8,"015542",0
133.12,-21.85,1999,9,"015542",10.2
133.12,-21.85,1999,10,"015542",NA
133.12,-21.85,1999,11,"015542",58
133.12,-21.85,1999,12,"015542",NA
133.12,-21.85,2000,1,"015542",18
133.12,-21.85,2000,2,"015542",402
133.12,-21.85,2000,3,"015542",22
133.12,-21.85,2000,4,"015542",NA
133.12,-21.85,2000,5,"015542",21.1
133.12,-21.85,2000,6,"015542",0
133.12,-21.85,2000,7,"015542",0
133.12,-21.85,2000,8,"015542",0
133.12,-21.85,2000,9,"015542",0
133.12,-21.85,2000,10,"015542",15
133.12,-21.85,2000,11,"015542",73.5
133.12,-21.85,2000,12,"015542",118.5
133.12,-21.85,2001,1,"015542",64.8
133.12,-21.85,2001,2,"015542",45.1
133.12,-21.85,2001,3,"015542",189.8
133.12,-21.85,2001,4,"015542",0
133.12,-21.85,2001,5,"015542",0
133.12,-21.85,2001,6,"015542",1
133.12,-21.85,2001,7,"015542",51.5
133.12,-21.85,2001,8,"015542",0
133.12,-21.85,2001,9,"015542",1.8
133.12,-21.85,2001,10,"015542",28
133.12,-21.85,2001,11,"015542",64
133.12,-21.85,2001,12,"015542",133
133.12,-21.85,2002,1,"015542",66
133.12,-21.85,2002,2,"015542",51.3
133.12,-21.85,2002,3,"015542",0
133.12,-21.85,2002,4,"015542",0
133.12,-21.85,2002,5,"015542",0
133.12,-21.85,2002,6,"015542",0
133.12,-21.85,2002,7,"015542",0
133.12,-21.85,2002,8,"015542",0
133.12,-21.85,2002,9,"015542",0
133.12,-21.85,2002,10,"015542",0
133.12,-21.85,2002,11,"015542",129.7
133.12,-21.85,2002,12,"015542",4
133.12,-21.85,2003,1,"015542",10
133.12,-21.85,2003,2,"015542",178
133.12,-21.85,2003,3,"015542",0
133.12,-21.85,2003,4,"015542",0
133.12,-21.85,2003,5,"015542",0
133.12,-21.85,2003,6,"015542",0
133.12,-21.85,2003,7,"015542",0
133.12,-21.85,2003,8,"015542",0
133.12,-21.85,2003,9,"015542",2.6
133.12,-21.85,2003,10,"015542",4.8
133.12,-21.85,2003,11,"015542",23
133.12,-21.85,2003,12,"015542",145.2
133.12,-21.85,2004,1,"015542",29.3
133.12,-21.85,2004,2,"015542",112
133.12,-21.85,2004,3,"015542",13.8
133.12,-21.85,2004,4,"015542",0
133.12,-21.85,2004,5,"015542",92.6
133.12,-21.85,2004,6,"015542",4
133.12,-21.85,2004,7,"015542",0
133.12,-21.85,2004,8,"015542",0
133.12,-21.85,2004,9,"015542",0
133.12,-21.85,2004,10,"015542",0
133.12,-21.85,2004,11,"015542",11.6
133.12,-21.85,2004,12,"015542",0
133.12,-21.85,2005,1,"015542",129
133.12,-21.85,2005,2,"015542",0
133.12,-21.85,2005,3,"015542",0
133.12,-21.85,2005,4,"015542",0
133.12,-21.85,2005,5,"015542",1
133.12,-21.85,2005,6,"015542",NA
133.12,-21.85,2005,7,"015542",17
133.12,-21.85,2005,8,"015542",0
133.12,-21.85,2005,9,"015542",NA
133.12,-21.85,2005,10,"015542",NA
133.12,-21.85,2005,11,"015542",26
133.12,-21.85,2005,12,"015542",107.9
133.12,-21.85,2006,1,"015542",126
133.12,-21.85,2006,2,"015542",41.4
133.12,-21.85,2006,3,"015542",28.5
133.12,-21.85,2006,4,"015542",70
133.12,-21.85,2006,5,"015542",0
133.12,-21.85,2006,6,"015542",0
133.12,-21.85,2006,7,"015542",14.5
133.12,-21.85,2006,8,"015542",0
133.12,-21.85,2006,9,"015542",0
133.12,-21.85,2006,10,"015542",11.6
133.12,-21.85,2006,11,"015542",10
133.12,-21.85,2006,12,"015542",91
133.12,-21.85,2007,1,"015542",NA
133.12,-21.85,2007,2,"015542",0
133.12,-21.85,2007,3,"015542",60.2
133.12,-21.85,2007,4,"015542",0
133.12,-21.85,2007,5,"015542",32.2
133.12,-21.85,2007,6,"015542",10.2
133.12,-21.85,2007,7,"015542",0
133.12,-21.85,2007,8,"015542",0
133.12,-21.85,2007,9,"015542",0
133.12,-21.85,2007,10,"015542",0
133.12,-21.85,2007,11,"015542",11
133.12,-21.85,2007,12,"015542",0
133.12,-21.85,2008,1,"015542",0
133.12,-21.85,2008,2,"015542",25
133.12,-21.85,2008,3,"015542",0
133.12,-21.85,2008,4,"015542",0
133.12,-21.85,2008,5,"015542",0
133.12,-21.85,2008,6,"015542",35
133.12,-21.85,2008,7,"015542",0
133.12,-21.85,2008,8,"015542",0
133.12,-21.85,2008,9,"015542",0
133.12,-21.85,2008,10,"015542",0
133.12,-21.85,2008,11,"015542",61
133.12,-21.85,2008,12,"015542",3.5
133.12,-21.85,2009,1,"015542",32
133.12,-21.85,2009,2,"015542",0
133.12,-21.85,2009,3,"015542",0
133.12,-21.85,2009,4,"015542",0
133.12,-21.85,2009,5,"015542",29
133.12,-21.85,2009,6,"015542",0
133.12,-21.85,2009,7,"015542",0
133.12,-21.85,2009,8,"015542",0
133.12,-21.85,2009,9,"015542",0
133.12,-21.85,2009,10,"015542",0
133.12,-21.85,2009,11,"015542",0
133.12,-21.85,2009,12,"015542",0
133.12,-21.85,2010,1,"015542",112
133.12,-21.85,2010,2,"015542",110.5
133.12,-21.85,2010,3,"015542",16
133.12,-21.85,2010,4,"015542",24
133.12,-21.85,2010,5,"015542",16.4
133.12,-21.85,2010,6,"015542",0
133.12,-21.85,2010,7,"015542",49.2
133.12,-21.85,2010,8,"015542",11.5
133.12,-21.85,2010,9,"015542",39.4
133.12,-21.85,2010,10,"015542",44
133.12,-21.85,2010,11,"015542",27
133.12,-21.85,2010,12,"015542",104.5
133.12,-21.85,2011,1,"015542",174.8
133.12,-21.85,2011,2,"015542",120.5
133.12,-21.85,2011,3,"015542",174.5
133.12,-21.85,2011,4,"015542",0
133.12,-21.85,2011,5,"015542",0
133.12,-21.85,2011,6,"015542",NA
133.12,-21.85,2011,7,"015542",0
133.12,-21.85,2011,8,"015542",0
133.12,-21.85,2011,9,"015542",0
133.12,-21.85,2011,10,"015542",0
133.12,-21.85,2011,11,"015542",0
133.12,-21.85,2011,12,"015542",0
133.12,-21.85,2012,1,"015542",83
133.12,-21.85,2012,2,"015542",78.8
133.12,-21.85,2012,3,"015542",23.4
133.12,-21.85,2012,4,"015542",18.6
133.12,-21.85,2012,5,"015542",0
133.12,-21.85,2012,6,"015542",4.6
133.12,-21.85,2012,7,"015542",0
133.12,-21.85,2012,8,"015542",0
133.12,-21.85,2012,9,"015542",2.4
133.12,-21.85,2012,10,"015542",0
133.12,-21.85,2012,11,"015542",10.2
133.12,-21.85,2012,12,"015542",99
133.12,-21.85,2013,1,"015542",17.2
133.12,-21.85,2013,2,"015542",0
133.12,-21.85,2013,3,"015542",0
133.12,-21.85,2013,4,"015542",0
133.12,-21.85,2013,5,"015542",27.6
133.12,-21.85,2013,6,"015542",0
133.12,-21.85,2013,7,"015542",0
133.12,-21.85,2013,8,"015542",0
133.12,-21.85,2013,9,"015542",0
133.12,-21.85,2013,10,"015542",0
133.12,-21.85,2013,11,"015542",8.2
133.12,-21.85,2013,12,"015542",52
133.12,-21.85,2014,1,"015542",214
133.12,-21.85,2014,2,"015542",30
133.12,-21.85,2014,3,"015542",0
133.12,-21.85,2014,4,"015542",30.5
133.12,-21.85,2014,5,"015542",0
133.12,-21.85,2014,6,"015542",0
133.12,-21.85,2014,7,"015542",14
133.12,-21.85,2014,8,"015542",0
133.12,-21.85,2014,9,"015542",0
133.12,-21.85,2014,10,"015542",0
133.12,-21.85,2014,11,"015542",16
133.12,-21.85,2014,12,"015542",110
133.12,-21.85,2015,1,"015542",302.5
133.12,-21.85,2015,2,"015542",0
133.12,-21.85,2015,3,"015542",0
133.12,-21.85,2015,4,"015542",19
133.12,-21.85,2015,5,"015542",NA
133.12,-21.85,2015,6,"015542",NA
133.12,-21.85,2015,7,"015542",NA
133.12,-21.85,2015,8,"015542",NA
133.12,-21.85,2015,9,"015542",NA
133.12,-21.85,2015,10,"015542",NA
133.12,-21.85,2015,11,"015542",NA
133.12,-21.85,2015,12,"015542",NA
