"Lon","Lat","Year","Month","Station","Rain"
135.08,-33.74,2005,1,"018213",NA
135.08,-33.74,2005,2,"018213",NA
135.08,-33.74,2005,3,"018213",NA
135.08,-33.74,2005,4,"018213",NA
135.08,-33.74,2005,5,"018213",NA
135.08,-33.74,2005,6,"018213",NA
135.08,-33.74,2005,7,"018213",NA
135.08,-33.74,2005,8,"018213",NA
135.08,-33.74,2005,9,"018213",60
135.08,-33.74,2005,10,"018213",61
135.08,-33.74,2005,11,"018213",23
135.08,-33.74,2005,12,"018213",NA
135.08,-33.74,2006,1,"018213",24.8
135.08,-33.74,2006,2,"018213",36.4
135.08,-33.74,2006,3,"018213",49.2
135.08,-33.74,2006,4,"018213",28
135.08,-33.74,2006,5,"018213",29.1
135.08,-33.74,2006,6,"018213",49.6
135.08,-33.74,2006,7,"018213",41.2
135.08,-33.74,2006,8,"018213",7
135.08,-33.74,2006,9,"018213",7.8
135.08,-33.74,2006,10,"018213",1
135.08,-33.74,2006,11,"018213",8
135.08,-33.74,2006,12,"018213",14
135.08,-33.74,2007,1,"018213",11.4
135.08,-33.74,2007,2,"018213",0
135.08,-33.74,2007,3,"018213",25.6
135.08,-33.74,2007,4,"018213",44.4
135.08,-33.74,2007,5,"018213",65.4
135.08,-33.74,2007,6,"018213",38
135.08,-33.74,2007,7,"018213",42.2
135.08,-33.74,2007,8,"018213",25
135.08,-33.74,2007,9,"018213",20.4
135.08,-33.74,2007,10,"018213",37.6
135.08,-33.74,2007,11,"018213",17.4
135.08,-33.74,2007,12,"018213",27.4
135.08,-33.74,2008,1,"018213",5
135.08,-33.74,2008,2,"018213",5.4
135.08,-33.74,2008,3,"018213",16
135.08,-33.74,2008,4,"018213",NA
135.08,-33.74,2008,5,"018213",31
135.08,-33.74,2008,6,"018213",35.2
135.08,-33.74,2008,7,"018213",95.8
135.08,-33.74,2008,8,"018213",82.6
135.08,-33.74,2008,9,"018213",12.8
135.08,-33.74,2008,10,"018213",5.2
135.08,-33.74,2008,11,"018213",39
135.08,-33.74,2008,12,"018213",58.6
135.08,-33.74,2009,1,"018213",0
135.08,-33.74,2009,2,"018213",0
135.08,-33.74,2009,3,"018213",36.8
135.08,-33.74,2009,4,"018213",48
135.08,-33.74,2009,5,"018213",14.6
135.08,-33.74,2009,6,"018213",157
135.08,-33.74,2009,7,"018213",121
135.08,-33.74,2009,8,"018213",50
135.08,-33.74,2009,9,"018213",79.7
135.08,-33.74,2009,10,"018213",14
135.08,-33.74,2009,11,"018213",10.8
135.08,-33.74,2009,12,"018213",7.2
135.08,-33.74,2010,1,"018213",27
135.08,-33.74,2010,2,"018213",11.8
135.08,-33.74,2010,3,"018213",37.4
135.08,-33.74,2010,4,"018213",28.2
135.08,-33.74,2010,5,"018213",50.4
135.08,-33.74,2010,6,"018213",80.2
135.08,-33.74,2010,7,"018213",61.4
135.08,-33.74,2010,8,"018213",82.2
135.08,-33.74,2010,9,"018213",74
135.08,-33.74,2010,10,"018213",85.8
135.08,-33.74,2010,11,"018213",30
135.08,-33.74,2010,12,"018213",45.6
135.08,-33.74,2011,1,"018213",11.4
135.08,-33.74,2011,2,"018213",52.8
135.08,-33.74,2011,3,"018213",49.6
135.08,-33.74,2011,4,"018213",11.6
135.08,-33.74,2011,5,"018213",43
135.08,-33.74,2011,6,"018213",21
135.08,-33.74,2011,7,"018213",78.4
135.08,-33.74,2011,8,"018213",63.8
135.08,-33.74,2011,9,"018213",36.6
135.08,-33.74,2011,10,"018213",32.8
135.08,-33.74,2011,11,"018213",8.2
135.08,-33.74,2011,12,"018213",23
135.08,-33.74,2012,1,"018213",7.6
135.08,-33.74,2012,2,"018213",13.8
135.08,-33.74,2012,3,"018213",8.2
135.08,-33.74,2012,4,"018213",34
135.08,-33.74,2012,5,"018213",91.6
135.08,-33.74,2012,6,"018213",130.8
135.08,-33.74,2012,7,"018213",70.6
135.08,-33.74,2012,8,"018213",30.8
135.08,-33.74,2012,9,"018213",21
135.08,-33.74,2012,10,"018213",10.4
135.08,-33.74,2012,11,"018213",6.6
135.08,-33.74,2012,12,"018213",7
135.08,-33.74,2013,1,"018213",6.2
135.08,-33.74,2013,2,"018213",14.8
135.08,-33.74,2013,3,"018213",10.1
135.08,-33.74,2013,4,"018213",32.6
135.08,-33.74,2013,5,"018213",43.4
135.08,-33.74,2013,6,"018213",84.4
135.08,-33.74,2013,7,"018213",99.8
135.08,-33.74,2013,8,"018213",81.2
135.08,-33.74,2013,9,"018213",33.4
135.08,-33.74,2013,10,"018213",12
135.08,-33.74,2013,11,"018213",11.4
135.08,-33.74,2013,12,"018213",7
135.08,-33.74,2014,1,"018213",11
135.08,-33.74,2014,2,"018213",29.2
135.08,-33.74,2014,3,"018213",6.2
135.08,-33.74,2014,4,"018213",16.8
135.08,-33.74,2014,5,"018213",92.2
135.08,-33.74,2014,6,"018213",72.4
135.08,-33.74,2014,7,"018213",102.9
135.08,-33.74,2014,8,"018213",9
135.08,-33.74,2014,9,"018213",14.6
135.08,-33.74,2014,10,"018213",1
135.08,-33.74,2014,11,"018213",6.2
135.08,-33.74,2014,12,"018213",7.8
135.08,-33.74,2015,1,"018213",6
135.08,-33.74,2015,2,"018213",0
135.08,-33.74,2015,3,"018213",1
135.08,-33.74,2015,4,"018213",48
135.08,-33.74,2015,5,"018213",17.6
135.08,-33.74,2015,6,"018213",19.2
135.08,-33.74,2015,7,"018213",55.6
135.08,-33.74,2015,8,"018213",85
135.08,-33.74,2015,9,"018213",40.2
135.08,-33.74,2015,10,"018213",0.5
135.08,-33.74,2015,11,"018213",22.2
135.08,-33.74,2015,12,"018213",5.6
135.08,-33.74,2016,1,"018213",2.4
135.08,-33.74,2016,2,"018213",61.6
135.08,-33.74,2016,3,"018213",35.2
135.08,-33.74,2016,4,"018213",34.2
135.08,-33.74,2016,5,"018213",74
135.08,-33.74,2016,6,"018213",90
135.08,-33.74,2016,7,"018213",97.6
135.08,-33.74,2016,8,"018213",40.4
135.08,-33.74,2016,9,"018213",85.6
135.08,-33.74,2016,10,"018213",29
135.08,-33.74,2016,11,"018213",6
135.08,-33.74,2016,12,"018213",26.2
135.08,-33.74,2017,1,"018213",85.6
135.08,-33.74,2017,2,"018213",8.2
135.08,-33.74,2017,3,"018213",NA
135.08,-33.74,2017,4,"018213",7.6
135.08,-33.74,2017,5,"018213",23.6
135.08,-33.74,2017,6,"018213",20.8
135.08,-33.74,2017,7,"018213",123.6
135.08,-33.74,2017,8,"018213",100.4
135.08,-33.74,2017,9,"018213",42.8
135.08,-33.74,2017,10,"018213",17
135.08,-33.74,2017,11,"018213",NA
135.08,-33.74,2017,12,"018213",28
135.08,-33.74,2018,1,"018213",10.6
135.08,-33.74,2018,2,"018213",21.6
135.08,-33.74,2018,3,"018213",0
135.08,-33.74,2018,4,"018213",9.2
135.08,-33.74,2018,5,"018213",44.8
135.08,-33.74,2018,6,"018213",34.6
135.08,-33.74,2018,7,"018213",35.4
135.08,-33.74,2018,8,"018213",98.4
135.08,-33.74,2018,9,"018213",15.8
135.08,-33.74,2018,10,"018213",39.4
135.08,-33.74,2018,11,"018213",33.8
135.08,-33.74,2018,12,"018213",13.8
135.08,-33.74,2019,1,"018213",0
135.08,-33.74,2019,2,"018213",2.4
135.08,-33.74,2019,3,"018213",0
135.08,-33.74,2019,4,"018213",10.6
135.08,-33.74,2019,5,"018213",92.6
135.08,-33.74,2019,6,"018213",83.2
135.08,-33.74,2019,7,"018213",30.4
135.08,-33.74,2019,8,"018213",40.6
135.08,-33.74,2019,9,"018213",22
135.08,-33.74,2019,10,"018213",16
135.08,-33.74,2019,11,"018213",7.8
135.08,-33.74,2019,12,"018213",5.4
135.08,-33.74,2020,1,"018213",9
135.08,-33.74,2020,2,"018213",2
135.08,-33.74,2020,3,"018213",1
135.08,-33.74,2020,4,"018213",66.4
135.08,-33.74,2020,5,"018213",44.8
135.08,-33.74,2020,6,"018213",53.2
135.08,-33.74,2020,7,"018213",35.6
135.08,-33.74,2020,8,"018213",48
135.08,-33.74,2020,9,"018213",43
135.08,-33.74,2020,10,"018213",57.8
135.08,-33.74,2020,11,"018213",3.4
135.08,-33.74,2020,12,"018213",22.4
135.08,-33.74,2021,1,"018213",15
135.08,-33.74,2021,2,"018213",31
135.08,-33.74,2021,3,"018213",16.1
135.08,-33.74,2021,4,"018213",13.8
135.08,-33.74,2021,5,"018213",32.8
135.08,-33.74,2021,6,"018213",100.4
135.08,-33.74,2021,7,"018213",98.3
135.08,-33.74,2021,8,"018213",41.2
135.08,-33.74,2021,9,"018213",11.2
135.08,-33.74,2021,10,"018213",44.2
135.08,-33.74,2021,11,"018213",52.2
135.08,-33.74,2021,12,"018213",0
135.08,-33.74,2022,1,"018213",28.4
135.08,-33.74,2022,2,"018213",15
135.08,-33.74,2022,3,"018213",NA
135.08,-33.74,2022,4,"018213",NA
135.08,-33.74,2022,5,"018213",NA
135.08,-33.74,2022,6,"018213",NA
135.08,-33.74,2022,7,"018213",NA
135.08,-33.74,2022,8,"018213",NA
135.08,-33.74,2022,9,"018213",NA
135.08,-33.74,2022,10,"018213",NA
135.08,-33.74,2022,11,"018213",NA
135.08,-33.74,2022,12,"018213",NA
