"Lon","Lat","Year","Month","Station","Rain"
150.67,-30.89,1958,1,"055119",NA
150.67,-30.89,1958,2,"055119",NA
150.67,-30.89,1958,3,"055119",NA
150.67,-30.89,1958,4,"055119",NA
150.67,-30.89,1958,5,"055119",NA
150.67,-30.89,1958,6,"055119",NA
150.67,-30.89,1958,7,"055119",NA
150.67,-30.89,1958,8,"055119",67.1
150.67,-30.89,1958,9,"055119",64.4
150.67,-30.89,1958,10,"055119",86.8
150.67,-30.89,1958,11,"055119",12.2
150.67,-30.89,1958,12,"055119",113.6
150.67,-30.89,1959,1,"055119",67
150.67,-30.89,1959,2,"055119",144.3
150.67,-30.89,1959,3,"055119",63.7
150.67,-30.89,1959,4,"055119",44.9
150.67,-30.89,1959,5,"055119",22.4
150.67,-30.89,1959,6,"055119",6.2
150.67,-30.89,1959,7,"055119",37.4
150.67,-30.89,1959,8,"055119",0
150.67,-30.89,1959,9,"055119",44.1
150.67,-30.89,1959,10,"055119",48.3
150.67,-30.89,1959,11,"055119",57.2
150.67,-30.89,1959,12,"055119",88.3
150.67,-30.89,1960,1,"055119",49.2
150.67,-30.89,1960,2,"055119",13
150.67,-30.89,1960,3,"055119",11
150.67,-30.89,1960,4,"055119",51.6
150.67,-30.89,1960,5,"055119",32.2
150.67,-30.89,1960,6,"055119",31.5
150.67,-30.89,1960,7,"055119",47.7
150.67,-30.89,1960,8,"055119",29.4
150.67,-30.89,1960,9,"055119",39.1
150.67,-30.89,1960,10,"055119",44.6
150.67,-30.89,1960,11,"055119",104.3
150.67,-30.89,1960,12,"055119",44.4
150.67,-30.89,1961,1,"055119",23.1
150.67,-30.89,1961,2,"055119",90.8
150.67,-30.89,1961,3,"055119",71.6
150.67,-30.89,1961,4,"055119",40.1
150.67,-30.89,1961,5,"055119",18
150.67,-30.89,1961,6,"055119",4.9
150.67,-30.89,1961,7,"055119",51.5
150.67,-30.89,1961,8,"055119",52.9
150.67,-30.89,1961,9,"055119",6.1
150.67,-30.89,1961,10,"055119",71.4
150.67,-30.89,1961,11,"055119",172.6
150.67,-30.89,1961,12,"055119",110.4
150.67,-30.89,1962,1,"055119",143.2
150.67,-30.89,1962,2,"055119",58.5
150.67,-30.89,1962,3,"055119",43
150.67,-30.89,1962,4,"055119",31.2
150.67,-30.89,1962,5,"055119",23.1
150.67,-30.89,1962,6,"055119",2
150.67,-30.89,1962,7,"055119",19
150.67,-30.89,1962,8,"055119",54.5
150.67,-30.89,1962,9,"055119",45.5
150.67,-30.89,1962,10,"055119",107.9
150.67,-30.89,1962,11,"055119",10.4
150.67,-30.89,1962,12,"055119",102.6
150.67,-30.89,1963,1,"055119",116.2
150.67,-30.89,1963,2,"055119",27.1
150.67,-30.89,1963,3,"055119",77.9
150.67,-30.89,1963,4,"055119",41.8
150.67,-30.89,1963,5,"055119",124.8
150.67,-30.89,1963,6,"055119",46.7
150.67,-30.89,1963,7,"055119",23.1
150.67,-30.89,1963,8,"055119",70.5
150.67,-30.89,1963,9,"055119",38.6
150.67,-30.89,1963,10,"055119",29.9
150.67,-30.89,1963,11,"055119",86.6
150.67,-30.89,1963,12,"055119",57.2
150.67,-30.89,1964,1,"055119",185
150.67,-30.89,1964,2,"055119",13.7
150.67,-30.89,1964,3,"055119",77.3
150.67,-30.89,1964,4,"055119",79.6
150.67,-30.89,1964,5,"055119",55.4
150.67,-30.89,1964,6,"055119",27.9
150.67,-30.89,1964,7,"055119",57.2
150.67,-30.89,1964,8,"055119",22.9
150.67,-30.89,1964,9,"055119",53.3
150.67,-30.89,1964,10,"055119",87.7
150.67,-30.89,1964,11,"055119",12.7
150.67,-30.89,1964,12,"055119",13.7
150.67,-30.89,1965,1,"055119",3.5
150.67,-30.89,1965,2,"055119",10.4
150.67,-30.89,1965,3,"055119",7.1
150.67,-30.89,1965,4,"055119",24
150.67,-30.89,1965,5,"055119",17
150.67,-30.89,1965,6,"055119",13.2
150.67,-30.89,1965,7,"055119",7.8
150.67,-30.89,1965,8,"055119",42
150.67,-30.89,1965,9,"055119",41.2
150.67,-30.89,1965,10,"055119",43.3
150.67,-30.89,1965,11,"055119",17
150.67,-30.89,1965,12,"055119",95.7
150.67,-30.89,1966,1,"055119",8.4
150.67,-30.89,1966,2,"055119",41.3
150.67,-30.89,1966,3,"055119",43.9
150.67,-30.89,1966,4,"055119",3.6
150.67,-30.89,1966,5,"055119",18.8
150.67,-30.89,1966,6,"055119",48
150.67,-30.89,1966,7,"055119",11
150.67,-30.89,1966,8,"055119",85.8
150.67,-30.89,1966,9,"055119",42.8
150.67,-30.89,1966,10,"055119",54
150.67,-30.89,1966,11,"055119",134.4
150.67,-30.89,1966,12,"055119",64
150.67,-30.89,1967,1,"055119",55
150.67,-30.89,1967,2,"055119",23.3
150.67,-30.89,1967,3,"055119",88.3
150.67,-30.89,1967,4,"055119",2.8
150.67,-30.89,1967,5,"055119",38.3
150.67,-30.89,1967,6,"055119",65.8
150.67,-30.89,1967,7,"055119",5.1
150.67,-30.89,1967,8,"055119",48.5
150.67,-30.89,1967,9,"055119",12.4
150.67,-30.89,1967,10,"055119",93.7
150.67,-30.89,1967,11,"055119",1.8
150.67,-30.89,1967,12,"055119",34.4
150.67,-30.89,1968,1,"055119",215.9
150.67,-30.89,1968,2,"055119",26.9
150.67,-30.89,1968,3,"055119",83.2
150.67,-30.89,1968,4,"055119",4.4
150.67,-30.89,1968,5,"055119",151.2
150.67,-30.89,1968,6,"055119",5
150.67,-30.89,1968,7,"055119",57.3
150.67,-30.89,1968,8,"055119",78.1
150.67,-30.89,1968,9,"055119",51.7
150.67,-30.89,1968,10,"055119",28.7
150.67,-30.89,1968,11,"055119",29.9
150.67,-30.89,1968,12,"055119",49.8
150.67,-30.89,1969,1,"055119",73.4
150.67,-30.89,1969,2,"055119",69
150.67,-30.89,1969,3,"055119",50
150.67,-30.89,1969,4,"055119",52.7
150.67,-30.89,1969,5,"055119",57
150.67,-30.89,1969,6,"055119",42.1
150.67,-30.89,1969,7,"055119",31.7
150.67,-30.89,1969,8,"055119",59.9
150.67,-30.89,1969,9,"055119",36.2
150.67,-30.89,1969,10,"055119",93.8
150.67,-30.89,1969,11,"055119",98.3
150.67,-30.89,1969,12,"055119",51.2
150.67,-30.89,1970,1,"055119",171.1
150.67,-30.89,1970,2,"055119",58.3
150.67,-30.89,1970,3,"055119",66.3
150.67,-30.89,1970,4,"055119",48.6
150.67,-30.89,1970,5,"055119",10.1
150.67,-30.89,1970,6,"055119",30.8
150.67,-30.89,1970,7,"055119",2
150.67,-30.89,1970,8,"055119",25.9
150.67,-30.89,1970,9,"055119",103.1
150.67,-30.89,1970,10,"055119",63.6
150.67,-30.89,1970,11,"055119",74.1
150.67,-30.89,1970,12,"055119",172.4
150.67,-30.89,1971,1,"055119",173.1
150.67,-30.89,1971,2,"055119",210.1
150.67,-30.89,1971,3,"055119",0
150.67,-30.89,1971,4,"055119",2
150.67,-30.89,1971,5,"055119",7.6
150.67,-30.89,1971,6,"055119",6.1
150.67,-30.89,1971,7,"055119",52.1
150.67,-30.89,1971,8,"055119",85.8
150.67,-30.89,1971,9,"055119",71.6
150.67,-30.89,1971,10,"055119",8.1
150.67,-30.89,1971,11,"055119",83
150.67,-30.89,1971,12,"055119",49
150.67,-30.89,1972,1,"055119",88.1
150.67,-30.89,1972,2,"055119",14.1
150.67,-30.89,1972,3,"055119",13
150.67,-30.89,1972,4,"055119",43.8
150.67,-30.89,1972,5,"055119",19.8
150.67,-30.89,1972,6,"055119",7.7
150.67,-30.89,1972,7,"055119",3.3
150.67,-30.89,1972,8,"055119",30.7
150.67,-30.89,1972,9,"055119",28.4
150.67,-30.89,1972,10,"055119",122.3
150.67,-30.89,1972,11,"055119",137.2
150.67,-30.89,1972,12,"055119",50.4
150.67,-30.89,1973,1,"055119",100.8
150.67,-30.89,1973,2,"055119",75.2
150.67,-30.89,1973,3,"055119",17.1
150.67,-30.89,1973,4,"055119",7.4
150.67,-30.89,1973,5,"055119",21.6
150.67,-30.89,1973,6,"055119",35.6
150.67,-30.89,1973,7,"055119",38.5
150.67,-30.89,1973,8,"055119",40
150.67,-30.89,1973,9,"055119",44
150.67,-30.89,1973,10,"055119",91.1
150.67,-30.89,1973,11,"055119",71
150.67,-30.89,1973,12,"055119",112
150.67,-30.89,1974,1,"055119",132.6
150.67,-30.89,1974,2,"055119",6.9
150.67,-30.89,1974,3,"055119",0
150.67,-30.89,1974,4,"055119",69.5
150.67,-30.89,1974,5,"055119",28.3
150.67,-30.89,1974,6,"055119",14.4
150.67,-30.89,1974,7,"055119",20
150.67,-30.89,1974,8,"055119",44.7
150.67,-30.89,1974,9,"055119",19
150.67,-30.89,1974,10,"055119",70.2
150.67,-30.89,1974,11,"055119",89.8
150.67,-30.89,1974,12,"055119",1.8
150.67,-30.89,1975,1,"055119",86.2
150.67,-30.89,1975,2,"055119",128.6
150.67,-30.89,1975,3,"055119",94.8
150.67,-30.89,1975,4,"055119",4.4
150.67,-30.89,1975,5,"055119",0
150.67,-30.89,1975,6,"055119",67.6
150.67,-30.89,1975,7,"055119",18.2
150.67,-30.89,1975,8,"055119",34.4
150.67,-30.89,1975,9,"055119",39
150.67,-30.89,1975,10,"055119",46.6
150.67,-30.89,1975,11,"055119",48.2
150.67,-30.89,1975,12,"055119",49.2
150.67,-30.89,1976,1,"055119",265.4
150.67,-30.89,1976,2,"055119",197.8
150.67,-30.89,1976,3,"055119",30.9
150.67,-30.89,1976,4,"055119",15.2
150.67,-30.89,1976,5,"055119",13.2
150.67,-30.89,1976,6,"055119",43.8
150.67,-30.89,1976,7,"055119",60.4
150.67,-30.89,1976,8,"055119",12.4
150.67,-30.89,1976,9,"055119",30.2
150.67,-30.89,1976,10,"055119",55
150.67,-30.89,1976,11,"055119",65.2
150.67,-30.89,1976,12,"055119",44.6
150.67,-30.89,1977,1,"055119",135.9
150.67,-30.89,1977,2,"055119",138.6
150.67,-30.89,1977,3,"055119",151.8
150.67,-30.89,1977,4,"055119",132.4
150.67,-30.89,1977,5,"055119",137.8
150.67,-30.89,1977,6,"055119",24.6
150.67,-30.89,1977,7,"055119",0
150.67,-30.89,1977,8,"055119",13.2
150.67,-30.89,1977,9,"055119",29
150.67,-30.89,1977,10,"055119",40
150.67,-30.89,1977,11,"055119",90.8
150.67,-30.89,1977,12,"055119",15.4
150.67,-30.89,1978,1,"055119",199.2
150.67,-30.89,1978,2,"055119",42
150.67,-30.89,1978,3,"055119",43.2
150.67,-30.89,1978,4,"055119",9
150.67,-30.89,1978,5,"055119",59.4
150.67,-30.89,1978,6,"055119",106.2
150.67,-30.89,1978,7,"055119",51.8
150.67,-30.89,1978,8,"055119",27
150.67,-30.89,1978,9,"055119",72.6
150.67,-30.89,1978,10,"055119",24.6
150.67,-30.89,1978,11,"055119",119.8
150.67,-30.89,1978,12,"055119",113.2
150.67,-30.89,1979,1,"055119",27.4
150.67,-30.89,1979,2,"055119",12.2
150.67,-30.89,1979,3,"055119",114
150.67,-30.89,1979,4,"055119",23
150.67,-30.89,1979,5,"055119",69.8
150.67,-30.89,1979,6,"055119",36.6
150.67,-30.89,1979,7,"055119",4.8
150.67,-30.89,1979,8,"055119",21.2
150.67,-30.89,1979,9,"055119",60
150.67,-30.89,1979,10,"055119",65.4
150.67,-30.89,1979,11,"055119",106.6
150.67,-30.89,1979,12,"055119",15.8
150.67,-30.89,1980,1,"055119",66.2
150.67,-30.89,1980,2,"055119",3
150.67,-30.89,1980,3,"055119",23.6
150.67,-30.89,1980,4,"055119",3
150.67,-30.89,1980,5,"055119",93.8
150.67,-30.89,1980,6,"055119",31.6
150.67,-30.89,1980,7,"055119",37.4
150.67,-30.89,1980,8,"055119",9.2
150.67,-30.89,1980,9,"055119",2
150.67,-30.89,1980,10,"055119",80.2
150.67,-30.89,1980,11,"055119",2.4
150.67,-30.89,1980,12,"055119",43.4
150.67,-30.89,1981,1,"055119",4.2
150.67,-30.89,1981,2,"055119",76.8
150.67,-30.89,1981,3,"055119",0
150.67,-30.89,1981,4,"055119",31.2
150.67,-30.89,1981,5,"055119",77.2
150.67,-30.89,1981,6,"055119",56
150.67,-30.89,1981,7,"055119",69.2
150.67,-30.89,1981,8,"055119",20
150.67,-30.89,1981,9,"055119",26
150.67,-30.89,1981,10,"055119",89.2
150.67,-30.89,1981,11,"055119",45.4
150.67,-30.89,1981,12,"055119",44.2
150.67,-30.89,1982,1,"055119",41.2
150.67,-30.89,1982,2,"055119",33.2
150.67,-30.89,1982,3,"055119",161.8
150.67,-30.89,1982,4,"055119",10.8
150.67,-30.89,1982,5,"055119",20.4
150.67,-30.89,1982,6,"055119",18.2
150.67,-30.89,1982,7,"055119",27.4
150.67,-30.89,1982,8,"055119",2.4
150.67,-30.89,1982,9,"055119",17.8
150.67,-30.89,1982,10,"055119",24
150.67,-30.89,1982,11,"055119",11.2
150.67,-30.89,1982,12,"055119",99
150.67,-30.89,1983,1,"055119",52.4
150.67,-30.89,1983,2,"055119",62.2
150.67,-30.89,1983,3,"055119",28.4
150.67,-30.89,1983,4,"055119",111
150.67,-30.89,1983,5,"055119",122.6
150.67,-30.89,1983,6,"055119",29.6
150.67,-30.89,1983,7,"055119",49.2
150.67,-30.89,1983,8,"055119",34.2
150.67,-30.89,1983,9,"055119",67.2
150.67,-30.89,1983,10,"055119",76.8
150.67,-30.89,1983,11,"055119",73.5
150.67,-30.89,1983,12,"055119",63
150.67,-30.89,1984,1,"055119",250.4
150.67,-30.89,1984,2,"055119",145.8
150.67,-30.89,1984,3,"055119",41.4
150.67,-30.89,1984,4,"055119",43.6
150.67,-30.89,1984,5,"055119",1.6
150.67,-30.89,1984,6,"055119",3.2
150.67,-30.89,1984,7,"055119",157.8
150.67,-30.89,1984,8,"055119",13.4
150.67,-30.89,1984,9,"055119",48.6
150.67,-30.89,1984,10,"055119",39.8
150.67,-30.89,1984,11,"055119",82.8
150.67,-30.89,1984,12,"055119",53.8
150.67,-30.89,1985,1,"055119",36.8
150.67,-30.89,1985,2,"055119",51
150.67,-30.89,1985,3,"055119",39.8
150.67,-30.89,1985,4,"055119",57.4
150.67,-30.89,1985,5,"055119",20.2
150.67,-30.89,1985,6,"055119",29.2
150.67,-30.89,1985,7,"055119",9.6
150.67,-30.89,1985,8,"055119",90.2
150.67,-30.89,1985,9,"055119",40.6
150.67,-30.89,1985,10,"055119",69.2
150.67,-30.89,1985,11,"055119",28.2
150.67,-30.89,1985,12,"055119",106.6
150.67,-30.89,1986,1,"055119",46.4
150.67,-30.89,1986,2,"055119",28
150.67,-30.89,1986,3,"055119",3.8
150.67,-30.89,1986,4,"055119",17.4
150.67,-30.89,1986,5,"055119",62
150.67,-30.89,1986,6,"055119",1.8
150.67,-30.89,1986,7,"055119",157
150.67,-30.89,1986,8,"055119",35.6
150.67,-30.89,1986,9,"055119",45.6
150.67,-30.89,1986,10,"055119",38.8
150.67,-30.89,1986,11,"055119",52.4
150.67,-30.89,1986,12,"055119",13.6
150.67,-30.89,1987,1,"055119",140
150.67,-30.89,1987,2,"055119",28.6
150.67,-30.89,1987,3,"055119",92.4
150.67,-30.89,1987,4,"055119",0.8
150.67,-30.89,1987,5,"055119",78.2
150.67,-30.89,1987,6,"055119",27
150.67,-30.89,1987,7,"055119",25.2
150.67,-30.89,1987,8,"055119",134.8
150.67,-30.89,1987,9,"055119",16.8
150.67,-30.89,1987,10,"055119",58.6
150.67,-30.89,1987,11,"055119",66.4
150.67,-30.89,1987,12,"055119",84
150.67,-30.89,1988,1,"055119",49.4
150.67,-30.89,1988,2,"055119",16.2
150.67,-30.89,1988,3,"055119",31.2
150.67,-30.89,1988,4,"055119",161
150.67,-30.89,1988,5,"055119",59.6
150.67,-30.89,1988,6,"055119",34.4
150.67,-30.89,1988,7,"055119",55
150.67,-30.89,1988,8,"055119",40.8
150.67,-30.89,1988,9,"055119",84.4
150.67,-30.89,1988,10,"055119",15
150.67,-30.89,1988,11,"055119",53.6
150.67,-30.89,1988,12,"055119",93
150.67,-30.89,1989,1,"055119",49.4
150.67,-30.89,1989,2,"055119",16.2
150.67,-30.89,1989,3,"055119",85.2
150.67,-30.89,1989,4,"055119",98.4
150.67,-30.89,1989,5,"055119",52.8
150.67,-30.89,1989,6,"055119",92.6
150.67,-30.89,1989,7,"055119",83.8
150.67,-30.89,1989,8,"055119",8.2
150.67,-30.89,1989,9,"055119",8.6
150.67,-30.89,1989,10,"055119",26.6
150.67,-30.89,1989,11,"055119",60.6
150.67,-30.89,1989,12,"055119",64.2
150.67,-30.89,1990,1,"055119",81.4
150.67,-30.89,1990,2,"055119",93.6
150.67,-30.89,1990,3,"055119",27.2
150.67,-30.89,1990,4,"055119",135
150.67,-30.89,1990,5,"055119",74.2
150.67,-30.89,1990,6,"055119",36.4
150.67,-30.89,1990,7,"055119",70.2
150.67,-30.89,1990,8,"055119",44.6
150.67,-30.89,1990,9,"055119",36
150.67,-30.89,1990,10,"055119",56.4
150.67,-30.89,1990,11,"055119",3.4
150.67,-30.89,1990,12,"055119",63
150.67,-30.89,1991,1,"055119",165.6
150.67,-30.89,1991,2,"055119",46.6
150.67,-30.89,1991,3,"055119",42.6
150.67,-30.89,1991,4,"055119",4.6
150.67,-30.89,1991,5,"055119",81
150.67,-30.89,1991,6,"055119",49.6
150.67,-30.89,1991,7,"055119",68.6
150.67,-30.89,1991,8,"055119",0.6
150.67,-30.89,1991,9,"055119",21
150.67,-30.89,1991,10,"055119",9.4
150.67,-30.89,1991,11,"055119",56
150.67,-30.89,1991,12,"055119",127.8
150.67,-30.89,1992,1,"055119",28.8
150.67,-30.89,1992,2,"055119",101.6
150.67,-30.89,1992,3,"055119",4.8
150.67,-30.89,1992,4,"055119",31.6
150.67,-30.89,1992,5,"055119",34.4
150.67,-30.89,1992,6,"055119",14.6
150.67,-30.89,1992,7,"055119",33.4
150.67,-30.89,1992,8,"055119",42.8
150.67,-30.89,1992,9,"055119",18.4
150.67,-30.89,1992,10,"055119",41.6
150.67,-30.89,1992,11,"055119",117.8
150.67,-30.89,1992,12,"055119",98.2
150.67,-30.89,1993,1,"055119",60.4
150.67,-30.89,1993,2,"055119",83.8
150.67,-30.89,1993,3,"055119",14.6
150.67,-30.89,1993,4,"055119",0.8
150.67,-30.89,1993,5,"055119",31.6
150.67,-30.89,1993,6,"055119",89.8
150.67,-30.89,1993,7,"055119",73.6
150.67,-30.89,1993,8,"055119",37
150.67,-30.89,1993,9,"055119",53.2
150.67,-30.89,1993,10,"055119",88.2
150.67,-30.89,1993,11,"055119",62.4
150.67,-30.89,1993,12,"055119",90.2
150.67,-30.89,1994,1,"055119",24.4
150.67,-30.89,1994,2,"055119",53.8
150.67,-30.89,1994,3,"055119",54.6
150.67,-30.89,1994,4,"055119",12.2
150.67,-30.89,1994,5,"055119",13.4
150.67,-30.89,1994,6,"055119",17.8
150.67,-30.89,1994,7,"055119",8.2
150.67,-30.89,1994,8,"055119",18.6
150.67,-30.89,1994,9,"055119",12
150.67,-30.89,1994,10,"055119",11
150.67,-30.89,1994,11,"055119",36.6
150.67,-30.89,1994,12,"055119",55.2
150.67,-30.89,1995,1,"055119",92
150.67,-30.89,1995,2,"055119",43.8
150.67,-30.89,1995,3,"055119",5
150.67,-30.89,1995,4,"055119",2.6
150.67,-30.89,1995,5,"055119",68.6
150.67,-30.89,1995,6,"055119",44
150.67,-30.89,1995,7,"055119",26.8
150.67,-30.89,1995,8,"055119",0.2
150.67,-30.89,1995,9,"055119",48.4
150.67,-30.89,1995,10,"055119",46.8
150.67,-30.89,1995,11,"055119",113.6
150.67,-30.89,1995,12,"055119",66.6
150.67,-30.89,1996,1,"055119",203.4
150.67,-30.89,1996,2,"055119",28.8
150.67,-30.89,1996,3,"055119",7.2
150.67,-30.89,1996,4,"055119",4
150.67,-30.89,1996,5,"055119",85
150.67,-30.89,1996,6,"055119",50.4
150.67,-30.89,1996,7,"055119",53
150.67,-30.89,1996,8,"055119",79.6
150.67,-30.89,1996,9,"055119",34.2
150.67,-30.89,1996,10,"055119",36.8
150.67,-30.89,1996,11,"055119",64.8
150.67,-30.89,1996,12,"055119",170
150.67,-30.89,1997,1,"055119",97.2
150.67,-30.89,1997,2,"055119",106.8
150.67,-30.89,1997,3,"055119",15.2
150.67,-30.89,1997,4,"055119",0
150.67,-30.89,1997,5,"055119",53.2
150.67,-30.89,1997,6,"055119",28.6
150.67,-30.89,1997,7,"055119",15.4
150.67,-30.89,1997,8,"055119",5.2
150.67,-30.89,1997,9,"055119",85.6
150.67,-30.89,1997,10,"055119",61.4
150.67,-30.89,1997,11,"055119",32.4
150.67,-30.89,1997,12,"055119",120
150.67,-30.89,1998,1,"055119",74
150.67,-30.89,1998,2,"055119",71.2
150.67,-30.89,1998,3,"055119",0
150.67,-30.89,1998,4,"055119",90.4
150.67,-30.89,1998,5,"055119",99.6
150.67,-30.89,1998,6,"055119",87.4
150.67,-30.89,1998,7,"055119",132.8
150.67,-30.89,1998,8,"055119",88.2
150.67,-30.89,1998,9,"055119",168.4
150.67,-30.89,1998,10,"055119",95.2
150.67,-30.89,1998,11,"055119",81
150.67,-30.89,1998,12,"055119",NA
150.67,-30.89,2002,1,"055119",NA
150.67,-30.89,2002,2,"055119",NA
150.67,-30.89,2002,3,"055119",67.4
150.67,-30.89,2002,4,"055119",NA
150.67,-30.89,2002,5,"055119",NA
150.67,-30.89,2002,6,"055119",NA
150.67,-30.89,2002,7,"055119",NA
150.67,-30.89,2002,8,"055119",NA
150.67,-30.89,2002,9,"055119",NA
150.67,-30.89,2002,10,"055119",NA
150.67,-30.89,2002,11,"055119",NA
150.67,-30.89,2002,12,"055119",NA
150.67,-30.89,2003,1,"055119",NA
150.67,-30.89,2003,2,"055119",NA
150.67,-30.89,2003,3,"055119",NA
150.67,-30.89,2003,4,"055119",NA
150.67,-30.89,2003,5,"055119",NA
150.67,-30.89,2003,6,"055119",NA
150.67,-30.89,2003,7,"055119",NA
150.67,-30.89,2003,8,"055119",NA
150.67,-30.89,2003,9,"055119",NA
150.67,-30.89,2003,10,"055119",NA
150.67,-30.89,2003,11,"055119",72.6
150.67,-30.89,2003,12,"055119",56.4
150.67,-30.89,2004,1,"055119",287.4
150.67,-30.89,2004,2,"055119",56
150.67,-30.89,2004,3,"055119",61
150.67,-30.89,2004,4,"055119",20.2
150.67,-30.89,2004,5,"055119",24.8
150.67,-30.89,2004,6,"055119",26.4
150.67,-30.89,2004,7,"055119",36.6
150.67,-30.89,2004,8,"055119",39.9
150.67,-30.89,2004,9,"055119",56.4
150.67,-30.89,2004,10,"055119",43.6
150.67,-30.89,2004,11,"055119",104.4
150.67,-30.89,2004,12,"055119",NA
150.67,-30.89,2005,1,"055119",NA
150.67,-30.89,2005,2,"055119",23.2
150.67,-30.89,2005,3,"055119",15
150.67,-30.89,2005,4,"055119",3.6
150.67,-30.89,2005,5,"055119",14.2
150.67,-30.89,2005,6,"055119",139
150.67,-30.89,2005,7,"055119",64.8
150.67,-30.89,2005,8,"055119",25
150.67,-30.89,2005,9,"055119",93
150.67,-30.89,2005,10,"055119",50.6
150.67,-30.89,2005,11,"055119",69.8
150.67,-30.89,2005,12,"055119",115.1
150.67,-30.89,2006,1,"055119",27.6
150.67,-30.89,2006,2,"055119",63.2
150.67,-30.89,2006,3,"055119",26.4
150.67,-30.89,2006,4,"055119",53
150.67,-30.89,2006,5,"055119",3
150.67,-30.89,2006,6,"055119",47.8
150.67,-30.89,2006,7,"055119",65.2
150.67,-30.89,2006,8,"055119",8.5
150.67,-30.89,2006,9,"055119",31.2
150.67,-30.89,2006,10,"055119",27.8
150.67,-30.89,2006,11,"055119",54.4
150.67,-30.89,2006,12,"055119",22.4
150.67,-30.89,2007,1,"055119",26.8
150.67,-30.89,2007,2,"055119",NA
150.67,-30.89,2007,3,"055119",NA
150.67,-30.89,2007,4,"055119",23
150.67,-30.89,2007,5,"055119",28.2
150.67,-30.89,2007,6,"055119",69.8
150.67,-30.89,2007,7,"055119",10.9
150.67,-30.89,2007,8,"055119",78
150.67,-30.89,2007,9,"055119",0.4
150.67,-30.89,2007,10,"055119",51.6
150.67,-30.89,2007,11,"055119",47.1
150.67,-30.89,2007,12,"055119",139.4
150.67,-30.89,2008,1,"055119",90.8
150.67,-30.89,2008,2,"055119",NA
150.67,-30.89,2008,3,"055119",11
150.67,-30.89,2008,4,"055119",21
150.67,-30.89,2008,5,"055119",7.2
150.67,-30.89,2008,6,"055119",79
150.67,-30.89,2008,7,"055119",22.8
150.67,-30.89,2008,8,"055119",37.8
150.67,-30.89,2008,9,"055119",84.2
150.67,-30.89,2008,10,"055119",81
150.67,-30.89,2008,11,"055119",138.6
150.67,-30.89,2008,12,"055119",85.6
150.67,-30.89,2009,1,"055119",21.6
150.67,-30.89,2009,2,"055119",76.2
150.67,-30.89,2009,3,"055119",6.4
150.67,-30.89,2009,4,"055119",41.8
150.67,-30.89,2009,5,"055119",17
150.67,-30.89,2009,6,"055119",48.4
150.67,-30.89,2009,7,"055119",28.6
150.67,-30.89,2009,8,"055119",8.8
150.67,-30.89,2009,9,"055119",41.8
150.67,-30.89,2009,10,"055119",47.6
150.67,-30.89,2009,11,"055119",41
150.67,-30.89,2009,12,"055119",154.6
150.67,-30.89,2010,1,"055119",78
150.67,-30.89,2010,2,"055119",97.4
150.67,-30.89,2010,3,"055119",31.2
150.67,-30.89,2010,4,"055119",25.6
150.67,-30.89,2010,5,"055119",38.2
150.67,-30.89,2010,6,"055119",33.8
150.67,-30.89,2010,7,"055119",81.2
150.67,-30.89,2010,8,"055119",56.1
150.67,-30.89,2010,9,"055119",55
150.67,-30.89,2010,10,"055119",68.2
150.67,-30.89,2010,11,"055119",102.4
150.67,-30.89,2010,12,"055119",146.6
150.67,-30.89,2011,1,"055119",45.6
150.67,-30.89,2011,2,"055119",68.4
150.67,-30.89,2011,3,"055119",63.2
150.67,-30.89,2011,4,"055119",27
150.67,-30.89,2011,5,"055119",49.8
150.67,-30.89,2011,6,"055119",18.9
150.67,-30.89,2011,7,"055119",NA
150.67,-30.89,2011,8,"055119",29
150.67,-30.89,2011,9,"055119",106.5
150.67,-30.89,2011,10,"055119",77.6
150.67,-30.89,2011,11,"055119",243.8
150.67,-30.89,2011,12,"055119",65.6
150.67,-30.89,2012,1,"055119",96.6
150.67,-30.89,2012,2,"055119",185
150.67,-30.89,2012,3,"055119",13.2
150.67,-30.89,2012,4,"055119",36.6
150.67,-30.89,2012,5,"055119",33.6
150.67,-30.89,2012,6,"055119",37.4
150.67,-30.89,2012,7,"055119",81
150.67,-30.89,2012,8,"055119",7.8
150.67,-30.89,2012,9,"055119",38.2
150.67,-30.89,2012,10,"055119",8.6
150.67,-30.89,2012,11,"055119",NA
150.67,-30.89,2012,12,"055119",NA
