"Lon","Lat","Year","Month","Station","Rain"
150.87,-27.32,1959,1,"041197",101.4
150.87,-27.32,1959,2,"041197",165.6
150.87,-27.32,1959,3,"041197",21.8
150.87,-27.32,1959,4,"041197",5.1
150.87,-27.32,1959,5,"041197",31
150.87,-27.32,1959,6,"041197",5.3
150.87,-27.32,1959,7,"041197",37.9
150.87,-27.32,1959,8,"041197",0
150.87,-27.32,1959,9,"041197",39.9
150.87,-27.32,1959,10,"041197",133.7
150.87,-27.32,1959,11,"041197",164.9
150.87,-27.32,1959,12,"041197",135.9
150.87,-27.32,1960,1,"041197",23.4
150.87,-27.32,1960,2,"041197",119.7
150.87,-27.32,1960,3,"041197",84.6
150.87,-27.32,1960,4,"041197",25.4
150.87,-27.32,1960,5,"041197",19.3
150.87,-27.32,1960,6,"041197",28.9
150.87,-27.32,1960,7,"041197",28
150.87,-27.32,1960,8,"041197",27.5
150.87,-27.32,1960,9,"041197",8.2
150.87,-27.32,1960,10,"041197",27.3
150.87,-27.32,1960,11,"041197",52.8
150.87,-27.32,1960,12,"041197",65.5
150.87,-27.32,1961,1,"041197",19.1
150.87,-27.32,1961,2,"041197",65
150.87,-27.32,1961,3,"041197",146.8
150.87,-27.32,1961,4,"041197",11.5
150.87,-27.32,1961,5,"041197",36
150.87,-27.32,1961,6,"041197",9.5
150.87,-27.32,1961,7,"041197",82.8
150.87,-27.32,1961,8,"041197",49.8
150.87,-27.32,1961,9,"041197",6.9
150.87,-27.32,1961,10,"041197",56.7
150.87,-27.32,1961,11,"041197",218
150.87,-27.32,1961,12,"041197",73.2
150.87,-27.32,1962,1,"041197",148.5
150.87,-27.32,1962,2,"041197",25.8
150.87,-27.32,1962,3,"041197",115.3
150.87,-27.32,1962,4,"041197",54.2
150.87,-27.32,1962,5,"041197",16.6
150.87,-27.32,1962,6,"041197",10.2
150.87,-27.32,1962,7,"041197",37.5
150.87,-27.32,1962,8,"041197",21.8
150.87,-27.32,1962,9,"041197",56.5
150.87,-27.32,1962,10,"041197",20.6
150.87,-27.32,1962,11,"041197",3.8
150.87,-27.32,1962,12,"041197",84.6
150.87,-27.32,1963,1,"041197",67.7
150.87,-27.32,1963,2,"041197",26.1
150.87,-27.32,1963,3,"041197",204.3
150.87,-27.32,1963,4,"041197",0
150.87,-27.32,1963,5,"041197",68.5
150.87,-27.32,1963,6,"041197",14.7
150.87,-27.32,1963,7,"041197",1.8
150.87,-27.32,1963,8,"041197",42.4
150.87,-27.32,1963,9,"041197",0
150.87,-27.32,1963,10,"041197",9.1
150.87,-27.32,1963,11,"041197",98.8
150.87,-27.32,1963,12,"041197",92.6
150.87,-27.32,1964,1,"041197",68.1
150.87,-27.32,1964,2,"041197",76.4
150.87,-27.32,1964,3,"041197",95.1
150.87,-27.32,1964,4,"041197",46.7
150.87,-27.32,1964,5,"041197",90.9
150.87,-27.32,1964,6,"041197",27.7
150.87,-27.32,1964,7,"041197",22.9
150.87,-27.32,1964,8,"041197",27.4
150.87,-27.32,1964,9,"041197",63
150.87,-27.32,1964,10,"041197",114.3
150.87,-27.32,1964,11,"041197",23.9
150.87,-27.32,1964,12,"041197",34.8
150.87,-27.32,1965,1,"041197",68.1
150.87,-27.32,1965,2,"041197",2.5
150.87,-27.32,1965,3,"041197",6.9
150.87,-27.32,1965,4,"041197",14.2
150.87,-27.32,1965,5,"041197",3.6
150.87,-27.32,1965,6,"041197",53.5
150.87,-27.32,1965,7,"041197",120.1
150.87,-27.32,1965,8,"041197",38.1
150.87,-27.32,1965,9,"041197",41.4
150.87,-27.32,1965,10,"041197",16.8
150.87,-27.32,1965,11,"041197",26.5
150.87,-27.32,1965,12,"041197",101.4
150.87,-27.32,1966,1,"041197",58.2
150.87,-27.32,1966,2,"041197",61.7
150.87,-27.32,1966,3,"041197",69.8
150.87,-27.32,1966,4,"041197",43.7
150.87,-27.32,1966,5,"041197",6.4
150.87,-27.32,1966,6,"041197",28.4
150.87,-27.32,1966,7,"041197",2.8
150.87,-27.32,1966,8,"041197",87.4
150.87,-27.32,1966,9,"041197",51.6
150.87,-27.32,1966,10,"041197",72.9
150.87,-27.32,1966,11,"041197",28.8
150.87,-27.32,1966,12,"041197",76.1
150.87,-27.32,1967,1,"041197",98.9
150.87,-27.32,1967,2,"041197",9.6
150.87,-27.32,1967,3,"041197",82.4
150.87,-27.32,1967,4,"041197",9.4
150.87,-27.32,1967,5,"041197",20.3
150.87,-27.32,1967,6,"041197",110.4
150.87,-27.32,1967,7,"041197",19.8
150.87,-27.32,1967,8,"041197",11.6
150.87,-27.32,1967,9,"041197",0
150.87,-27.32,1967,10,"041197",17.8
150.87,-27.32,1967,11,"041197",28.7
150.87,-27.32,1967,12,"041197",15.5
150.87,-27.32,1968,1,"041197",47.7
150.87,-27.32,1968,2,"041197",27.2
150.87,-27.32,1968,3,"041197",46.8
150.87,-27.32,1968,4,"041197",80.3
150.87,-27.32,1968,5,"041197",33.6
150.87,-27.32,1968,6,"041197",5.3
150.87,-27.32,1968,7,"041197",39.1
150.87,-27.32,1968,8,"041197",37.5
150.87,-27.32,1968,9,"041197",12.2
150.87,-27.32,1968,10,"041197",3.3
150.87,-27.32,1968,11,"041197",31.5
150.87,-27.32,1968,12,"041197",67.1
150.87,-27.32,1969,1,"041197",82.3
150.87,-27.32,1969,2,"041197",5.8
150.87,-27.32,1969,3,"041197",28.4
150.87,-27.32,1969,4,"041197",13.7
150.87,-27.32,1969,5,"041197",47.7
150.87,-27.32,1969,6,"041197",23.9
150.87,-27.32,1969,7,"041197",4.6
150.87,-27.32,1969,8,"041197",6.4
150.87,-27.32,1969,9,"041197",24.9
150.87,-27.32,1969,10,"041197",82.8
150.87,-27.32,1969,11,"041197",92.2
150.87,-27.32,1969,12,"041197",46.5
150.87,-27.32,1970,1,"041197",88
150.87,-27.32,1970,2,"041197",56.9
150.87,-27.32,1970,3,"041197",24.8
150.87,-27.32,1970,4,"041197",17.5
150.87,-27.32,1970,5,"041197",35.6
150.87,-27.32,1970,6,"041197",6.4
150.87,-27.32,1970,7,"041197",0
150.87,-27.32,1970,8,"041197",16.6
150.87,-27.32,1970,9,"041197",59.3
150.87,-27.32,1970,10,"041197",30.8
150.87,-27.32,1970,11,"041197",58.2
150.87,-27.32,1970,12,"041197",243
150.87,-27.32,1971,1,"041197",198.8
150.87,-27.32,1971,2,"041197",133.5
150.87,-27.32,1971,3,"041197",2.8
150.87,-27.32,1971,4,"041197",0
150.87,-27.32,1971,5,"041197",20.6
150.87,-27.32,1971,6,"041197",3.8
150.87,-27.32,1971,7,"041197",26.4
150.87,-27.32,1971,8,"041197",44.8
150.87,-27.32,1971,9,"041197",45.5
150.87,-27.32,1971,10,"041197",35
150.87,-27.32,1971,11,"041197",69.9
150.87,-27.32,1971,12,"041197",167.1
150.87,-27.32,1972,1,"041197",110
150.87,-27.32,1972,2,"041197",30.7
150.87,-27.32,1972,3,"041197",27.1
150.87,-27.32,1972,4,"041197",30.7
150.87,-27.32,1972,5,"041197",27.7
150.87,-27.32,1972,6,"041197",21
150.87,-27.32,1972,7,"041197",0
150.87,-27.32,1972,8,"041197",12.4
150.87,-27.32,1972,9,"041197",14.7
150.87,-27.32,1972,10,"041197",182.9
150.87,-27.32,1972,11,"041197",108.1
150.87,-27.32,1972,12,"041197",49.3
150.87,-27.32,1973,1,"041197",126.5
150.87,-27.32,1973,2,"041197",87.9
150.87,-27.32,1973,3,"041197",14.7
150.87,-27.32,1973,4,"041197",0
150.87,-27.32,1973,5,"041197",5.1
150.87,-27.32,1973,6,"041197",4.8
150.87,-27.32,1973,7,"041197",211.1
150.87,-27.32,1973,8,"041197",26.6
150.87,-27.32,1973,9,"041197",53.6
150.87,-27.32,1973,10,"041197",29.8
150.87,-27.32,1973,11,"041197",87.9
150.87,-27.32,1973,12,"041197",35.9
150.87,-27.32,1974,1,"041197",302
150.87,-27.32,1974,2,"041197",35.6
150.87,-27.32,1974,3,"041197",10
150.87,-27.32,1974,4,"041197",42.4
150.87,-27.32,1974,5,"041197",38
150.87,-27.32,1974,6,"041197",14.6
150.87,-27.32,1974,7,"041197",1
150.87,-27.32,1974,8,"041197",26.8
150.87,-27.32,1974,9,"041197",31
150.87,-27.32,1974,10,"041197",50.8
150.87,-27.32,1974,11,"041197",130.8
150.87,-27.32,1974,12,"041197",53.4
150.87,-27.32,1975,1,"041197",24.6
150.87,-27.32,1975,2,"041197",106.4
150.87,-27.32,1975,3,"041197",36
150.87,-27.32,1975,4,"041197",11.2
150.87,-27.32,1975,5,"041197",0
150.87,-27.32,1975,6,"041197",21.4
150.87,-27.32,1975,7,"041197",61
150.87,-27.32,1975,8,"041197",33.4
150.87,-27.32,1975,9,"041197",37.4
150.87,-27.32,1975,10,"041197",58.6
150.87,-27.32,1975,11,"041197",67.6
150.87,-27.32,1975,12,"041197",129.8
150.87,-27.32,1976,1,"041197",26.2
150.87,-27.32,1976,2,"041197",126.2
150.87,-27.32,1976,3,"041197",23.2
150.87,-27.32,1976,4,"041197",24.4
150.87,-27.32,1976,5,"041197",25.8
150.87,-27.32,1976,6,"041197",30.1
150.87,-27.32,1976,7,"041197",34.2
150.87,-27.32,1976,8,"041197",0.6
150.87,-27.32,1976,9,"041197",83.6
150.87,-27.32,1976,10,"041197",35.8
150.87,-27.32,1976,11,"041197",63.8
150.87,-27.32,1976,12,"041197",49.8
150.87,-27.32,1977,1,"041197",19.8
150.87,-27.32,1977,2,"041197",70
150.87,-27.32,1977,3,"041197",197.6
150.87,-27.32,1977,4,"041197",2.4
150.87,-27.32,1977,5,"041197",141.4
150.87,-27.32,1977,6,"041197",9.2
150.87,-27.32,1977,7,"041197",0
150.87,-27.32,1977,8,"041197",8.8
150.87,-27.32,1977,9,"041197",10.6
150.87,-27.32,1977,10,"041197",26.4
150.87,-27.32,1977,11,"041197",62.8
150.87,-27.32,1977,12,"041197",14.4
150.87,-27.32,1978,1,"041197",84.8
150.87,-27.32,1978,2,"041197",28
150.87,-27.32,1978,3,"041197",57.2
150.87,-27.32,1978,4,"041197",40.8
150.87,-27.32,1978,5,"041197",35.8
150.87,-27.32,1978,6,"041197",60
150.87,-27.32,1978,7,"041197",69.4
150.87,-27.32,1978,8,"041197",63.8
150.87,-27.32,1978,9,"041197",91.6
150.87,-27.32,1978,10,"041197",41
150.87,-27.32,1978,11,"041197",54
150.87,-27.32,1978,12,"041197",57.7
150.87,-27.32,1979,1,"041197",45.6
150.87,-27.32,1979,2,"041197",38.4
150.87,-27.32,1979,3,"041197",138.4
150.87,-27.32,1979,4,"041197",17.2
150.87,-27.32,1979,5,"041197",20.6
150.87,-27.32,1979,6,"041197",60
150.87,-27.32,1979,7,"041197",9.6
150.87,-27.32,1979,8,"041197",4.4
150.87,-27.32,1979,9,"041197",15.8
150.87,-27.32,1979,10,"041197",51.8
150.87,-27.32,1979,11,"041197",85.8
150.87,-27.32,1979,12,"041197",51
150.87,-27.32,1980,1,"041197",47
150.87,-27.32,1980,2,"041197",31
150.87,-27.32,1980,3,"041197",18
150.87,-27.32,1980,4,"041197",5.4
150.87,-27.32,1980,5,"041197",47.6
150.87,-27.32,1980,6,"041197",9.6
150.87,-27.32,1980,7,"041197",29.4
150.87,-27.32,1980,8,"041197",16.4
150.87,-27.32,1980,9,"041197",0
150.87,-27.32,1980,10,"041197",96.8
150.87,-27.32,1980,11,"041197",9
150.87,-27.32,1980,12,"041197",155.4
150.87,-27.32,1981,1,"041197",28
150.87,-27.32,1981,2,"041197",58.8
150.87,-27.32,1981,3,"041197",44.2
150.87,-27.32,1981,4,"041197",106.2
150.87,-27.32,1981,5,"041197",48.8
150.87,-27.32,1981,6,"041197",59.8
150.87,-27.32,1981,7,"041197",60.4
150.87,-27.32,1981,8,"041197",30.6
150.87,-27.32,1981,9,"041197",9.6
150.87,-27.32,1981,10,"041197",17.2
150.87,-27.32,1981,11,"041197",86
150.87,-27.32,1981,12,"041197",90.2
150.87,-27.32,1982,1,"041197",64.8
150.87,-27.32,1982,2,"041197",46
150.87,-27.32,1982,3,"041197",100.9
150.87,-27.32,1982,4,"041197",45.9
150.87,-27.32,1982,5,"041197",24.8
150.87,-27.32,1982,6,"041197",0
150.87,-27.32,1982,7,"041197",23.1
150.87,-27.32,1982,8,"041197",2
150.87,-27.32,1982,9,"041197",40
150.87,-27.32,1982,10,"041197",44
150.87,-27.32,1982,11,"041197",10
150.87,-27.32,1982,12,"041197",63.3
150.87,-27.32,1983,1,"041197",120.6
150.87,-27.32,1983,2,"041197",20
150.87,-27.32,1983,3,"041197",71.8
150.87,-27.32,1983,4,"041197",125.2
150.87,-27.32,1983,5,"041197",268.4
150.87,-27.32,1983,6,"041197",105
150.87,-27.32,1983,7,"041197",30.8
150.87,-27.32,1983,8,"041197",29
150.87,-27.32,1983,9,"041197",17.6
150.87,-27.32,1983,10,"041197",44.4
150.87,-27.32,1983,11,"041197",157.2
150.87,-27.32,1983,12,"041197",49.8
150.87,-27.32,1984,1,"041197",99.4
150.87,-27.32,1984,2,"041197",78.8
150.87,-27.32,1984,3,"041197",24.4
150.87,-27.32,1984,4,"041197",121.8
150.87,-27.32,1984,5,"041197",21.8
150.87,-27.32,1984,6,"041197",58.6
150.87,-27.32,1984,7,"041197",151.8
150.87,-27.32,1984,8,"041197",29
150.87,-27.32,1984,9,"041197",58
150.87,-27.32,1984,10,"041197",62.6
150.87,-27.32,1984,11,"041197",34
150.87,-27.32,1984,12,"041197",77
150.87,-27.32,1985,1,"041197",43.2
150.87,-27.32,1985,2,"041197",39.2
150.87,-27.32,1985,3,"041197",20.4
150.87,-27.32,1985,4,"041197",11
150.87,-27.32,1985,5,"041197",14.6
150.87,-27.32,1985,6,"041197",53.6
150.87,-27.32,1985,7,"041197",66.2
150.87,-27.32,1985,8,"041197",33.6
150.87,-27.32,1985,9,"041197",36.4
150.87,-27.32,1985,10,"041197",113
150.87,-27.32,1985,11,"041197",32.6
150.87,-27.32,1985,12,"041197",100.4
150.87,-27.32,1986,1,"041197",38.8
150.87,-27.32,1986,2,"041197",96.8
150.87,-27.32,1986,3,"041197",0
150.87,-27.32,1986,4,"041197",7.4
150.87,-27.32,1986,5,"041197",65.2
150.87,-27.32,1986,6,"041197",0
150.87,-27.32,1986,7,"041197",39.2
150.87,-27.32,1986,8,"041197",15
150.87,-27.32,1986,9,"041197",15
150.87,-27.32,1986,10,"041197",94
150.87,-27.32,1986,11,"041197",27.4
150.87,-27.32,1986,12,"041197",23
150.87,-27.32,1987,1,"041197",83.2
150.87,-27.32,1987,2,"041197",8.2
150.87,-27.32,1987,3,"041197",57
150.87,-27.32,1987,4,"041197",4
150.87,-27.32,1987,5,"041197",50.8
150.87,-27.32,1987,6,"041197",11
150.87,-27.32,1987,7,"041197",17.4
150.87,-27.32,1987,8,"041197",48.2
150.87,-27.32,1987,9,"041197",5.4
150.87,-27.32,1987,10,"041197",146.6
150.87,-27.32,1987,11,"041197",21.2
150.87,-27.32,1987,12,"041197",107.6
150.87,-27.32,1988,1,"041197",137.6
150.87,-27.32,1988,2,"041197",84.6
150.87,-27.32,1988,3,"041197",43.2
150.87,-27.32,1988,4,"041197",245.2
150.87,-27.32,1988,5,"041197",13.8
150.87,-27.32,1988,6,"041197",13.2
150.87,-27.32,1988,7,"041197",64.8
150.87,-27.32,1988,8,"041197",31.8
150.87,-27.32,1988,9,"041197",53.6
150.87,-27.32,1988,10,"041197",0
150.87,-27.32,1988,11,"041197",47.2
150.87,-27.32,1988,12,"041197",38.8
150.87,-27.32,1989,1,"041197",49.6
150.87,-27.32,1989,2,"041197",28.4
150.87,-27.32,1989,3,"041197",119.6
150.87,-27.32,1989,4,"041197",132.6
150.87,-27.32,1989,5,"041197",36.6
150.87,-27.32,1989,6,"041197",47.2
150.87,-27.32,1989,7,"041197",18.8
150.87,-27.32,1989,8,"041197",20.4
150.87,-27.32,1989,9,"041197",13
150.87,-27.32,1989,10,"041197",41.4
150.87,-27.32,1989,11,"041197",77.6
150.87,-27.32,1989,12,"041197",114
150.87,-27.32,1990,1,"041197",50.6
150.87,-27.32,1990,2,"041197",38
150.87,-27.32,1990,3,"041197",67.2
150.87,-27.32,1990,4,"041197",102.6
150.87,-27.32,1990,5,"041197",96.2
150.87,-27.32,1990,6,"041197",25.8
150.87,-27.32,1990,7,"041197",26.6
150.87,-27.32,1990,8,"041197",8
150.87,-27.32,1990,9,"041197",28.8
150.87,-27.32,1990,10,"041197",55.8
150.87,-27.32,1990,11,"041197",9.6
150.87,-27.32,1990,12,"041197",60.4
150.87,-27.32,1991,1,"041197",64.2
150.87,-27.32,1991,2,"041197",88.8
150.87,-27.32,1991,3,"041197",8.6
150.87,-27.32,1991,4,"041197",6
150.87,-27.32,1991,5,"041197",28.8
150.87,-27.32,1991,6,"041197",3.6
150.87,-27.32,1991,7,"041197",26.4
150.87,-27.32,1991,8,"041197",0
150.87,-27.32,1991,9,"041197",3.6
150.87,-27.32,1991,10,"041197",33.1
150.87,-27.32,1991,11,"041197",61.8
150.87,-27.32,1991,12,"041197",146.2
150.87,-27.32,1992,1,"041197",57.8
150.87,-27.32,1992,2,"041197",71
150.87,-27.32,1992,3,"041197",1
150.87,-27.32,1992,4,"041197",16.2
150.87,-27.32,1992,5,"041197",62.8
150.87,-27.32,1992,6,"041197",7.4
150.87,-27.32,1992,7,"041197",6.2
150.87,-27.32,1992,8,"041197",21
150.87,-27.32,1992,9,"041197",28.8
150.87,-27.32,1992,10,"041197",10.2
150.87,-27.32,1992,11,"041197",41.4
150.87,-27.32,1992,12,"041197",13.8
150.87,-27.32,1993,1,"041197",12.4
150.87,-27.32,1993,2,"041197",27.4
150.87,-27.32,1993,3,"041197",35.4
150.87,-27.32,1993,4,"041197",0
150.87,-27.32,1993,5,"041197",21
150.87,-27.32,1993,6,"041197",22.2
150.87,-27.32,1993,7,"041197",37.2
150.87,-27.32,1993,8,"041197",10.6
150.87,-27.32,1993,9,"041197",41.2
150.87,-27.32,1993,10,"041197",74
150.87,-27.32,1993,11,"041197",17.6
150.87,-27.32,1993,12,"041197",125.4
150.87,-27.32,1994,1,"041197",138.2
150.87,-27.32,1994,2,"041197",132.4
150.87,-27.32,1994,3,"041197",116.2
150.87,-27.32,1994,4,"041197",0
150.87,-27.32,1994,5,"041197",4.4
150.87,-27.32,1994,6,"041197",19.4
150.87,-27.32,1994,7,"041197",5.6
150.87,-27.32,1994,8,"041197",0
150.87,-27.32,1994,9,"041197",5.2
150.87,-27.32,1994,10,"041197",42
150.87,-27.32,1994,11,"041197",18
150.87,-27.32,1994,12,"041197",53.4
150.87,-27.32,1995,1,"041197",138
150.87,-27.32,1995,2,"041197",118.2
150.87,-27.32,1995,3,"041197",9
150.87,-27.32,1995,4,"041197",1
150.87,-27.32,1995,5,"041197",55.6
150.87,-27.32,1995,6,"041197",44.8
150.87,-27.32,1995,7,"041197",6.4
150.87,-27.32,1995,8,"041197",3
150.87,-27.32,1995,9,"041197",21.4
150.87,-27.32,1995,10,"041197",100.1
150.87,-27.32,1995,11,"041197",192.6
150.87,-27.32,1995,12,"041197",130.2
150.87,-27.32,1996,1,"041197",175.2
150.87,-27.32,1996,2,"041197",61.8
150.87,-27.32,1996,3,"041197",58.4
150.87,-27.32,1996,4,"041197",25.8
150.87,-27.32,1996,5,"041197",172.6
150.87,-27.32,1996,6,"041197",10.6
150.87,-27.32,1996,7,"041197",5.4
150.87,-27.32,1996,8,"041197",38.4
150.87,-27.32,1996,9,"041197",43.4
150.87,-27.32,1996,10,"041197",45.2
150.87,-27.32,1996,11,"041197",58.4
150.87,-27.32,1996,12,"041197",112.2
150.87,-27.32,1997,1,"041197",6
150.87,-27.32,1997,2,"041197",211
150.87,-27.32,1997,3,"041197",4.6
150.87,-27.32,1997,4,"041197",0
150.87,-27.32,1997,5,"041197",60.2
150.87,-27.32,1997,6,"041197",4
150.87,-27.32,1997,7,"041197",4
150.87,-27.32,1997,8,"041197",0
150.87,-27.32,1997,9,"041197",65.4
150.87,-27.32,1997,10,"041197",80.6
150.87,-27.32,1997,11,"041197",44.8
150.87,-27.32,1997,12,"041197",77.2
150.87,-27.32,1998,1,"041197",65.6
150.87,-27.32,1998,2,"041197",67.4
150.87,-27.32,1998,3,"041197",0
150.87,-27.32,1998,4,"041197",83.6
150.87,-27.32,1998,5,"041197",62.8
150.87,-27.32,1998,6,"041197",45.2
150.87,-27.32,1998,7,"041197",86.2
150.87,-27.32,1998,8,"041197",98.8
150.87,-27.32,1998,9,"041197",82
150.87,-27.32,1998,10,"041197",27.6
150.87,-27.32,1998,11,"041197",96.2
150.87,-27.32,1998,12,"041197",58.6
150.87,-27.32,1999,1,"041197",93.8
150.87,-27.32,1999,2,"041197",176.6
150.87,-27.32,1999,3,"041197",93.6
150.87,-27.32,1999,4,"041197",10.4
150.87,-27.32,1999,5,"041197",18.6
150.87,-27.32,1999,6,"041197",6.6
150.87,-27.32,1999,7,"041197",79.6
150.87,-27.32,1999,8,"041197",19.4
150.87,-27.32,1999,9,"041197",6.2
150.87,-27.32,1999,10,"041197",66.6
150.87,-27.32,1999,11,"041197",91.8
150.87,-27.32,1999,12,"041197",94.4
150.87,-27.32,2000,1,"041197",87
150.87,-27.32,2000,2,"041197",49.6
150.87,-27.32,2000,3,"041197",54.4
150.87,-27.32,2000,4,"041197",12.2
150.87,-27.32,2000,5,"041197",26.6
150.87,-27.32,2000,6,"041197",21.2
150.87,-27.32,2000,7,"041197",14
150.87,-27.32,2000,8,"041197",1.2
150.87,-27.32,2000,9,"041197",0
150.87,-27.32,2000,10,"041197",60.2
150.87,-27.32,2000,11,"041197",62.6
150.87,-27.32,2000,12,"041197",39.8
150.87,-27.32,2001,1,"041197",23.8
150.87,-27.32,2001,2,"041197",136
150.87,-27.32,2001,3,"041197",52
150.87,-27.32,2001,4,"041197",26.6
150.87,-27.32,2001,5,"041197",5.8
150.87,-27.32,2001,6,"041197",0
150.87,-27.32,2001,7,"041197",22.6
150.87,-27.32,2001,8,"041197",5.6
150.87,-27.32,2001,9,"041197",14.4
150.87,-27.32,2001,10,"041197",93
150.87,-27.32,2001,11,"041197",111.6
150.87,-27.32,2001,12,"041197",77.2
150.87,-27.32,2002,1,"041197",11
150.87,-27.32,2002,2,"041197",43.8
150.87,-27.32,2002,3,"041197",74.2
150.87,-27.32,2002,4,"041197",0
150.87,-27.32,2002,5,"041197",6.4
150.87,-27.32,2002,6,"041197",36.4
150.87,-27.32,2002,7,"041197",0
150.87,-27.32,2002,8,"041197",64
150.87,-27.32,2002,9,"041197",6
150.87,-27.32,2002,10,"041197",NA
150.87,-27.32,2002,11,"041197",20.6
150.87,-27.32,2002,12,"041197",112.8
150.87,-27.32,2003,1,"041197",27
150.87,-27.32,2003,2,"041197",188.4
150.87,-27.32,2003,3,"041197",94.6
150.87,-27.32,2003,4,"041197",58.6
150.87,-27.32,2003,5,"041197",13.4
150.87,-27.32,2003,6,"041197",59.2
150.87,-27.32,2003,7,"041197",22
150.87,-27.32,2003,8,"041197",20
150.87,-27.32,2003,9,"041197",0
150.87,-27.32,2003,10,"041197",63
150.87,-27.32,2003,11,"041197",21.6
150.87,-27.32,2003,12,"041197",173.8
150.87,-27.32,2004,1,"041197",142.4
150.87,-27.32,2004,2,"041197",67.4
150.87,-27.32,2004,3,"041197",40
150.87,-27.32,2004,4,"041197",35
150.87,-27.32,2004,5,"041197",3.6
150.87,-27.32,2004,6,"041197",6
150.87,-27.32,2004,7,"041197",9
150.87,-27.32,2004,8,"041197",25.2
150.87,-27.32,2004,9,"041197",24
150.87,-27.32,2004,10,"041197",29
150.87,-27.32,2004,11,"041197",50.2
150.87,-27.32,2004,12,"041197",136.8
150.87,-27.32,2005,1,"041197",17.4
150.87,-27.32,2005,2,"041197",32.2
150.87,-27.32,2005,3,"041197",12.4
150.87,-27.32,2005,4,"041197",0
150.87,-27.32,2005,5,"041197",14.6
150.87,-27.32,2005,6,"041197",127.2
150.87,-27.32,2005,7,"041197",2
150.87,-27.32,2005,8,"041197",4.8
150.87,-27.32,2005,9,"041197",11.6
150.87,-27.32,2005,10,"041197",74.4
150.87,-27.32,2005,11,"041197",73.2
150.87,-27.32,2005,12,"041197",114
150.87,-27.32,2006,1,"041197",35.8
150.87,-27.32,2006,2,"041197",23
150.87,-27.32,2006,3,"041197",11
150.87,-27.32,2006,4,"041197",49.6
150.87,-27.32,2006,5,"041197",17.2
150.87,-27.32,2006,6,"041197",3
150.87,-27.32,2006,7,"041197",18.8
150.87,-27.32,2006,8,"041197",12.4
150.87,-27.32,2006,9,"041197",10.2
150.87,-27.32,2006,10,"041197",0
150.87,-27.32,2006,11,"041197",44.2
150.87,-27.32,2006,12,"041197",37
150.87,-27.32,2007,1,"041197",60.4
150.87,-27.32,2007,2,"041197",24
150.87,-27.32,2007,3,"041197",58.4
150.87,-27.32,2007,4,"041197",9
150.87,-27.32,2007,5,"041197",7.2
150.87,-27.32,2007,6,"041197",89
150.87,-27.32,2007,7,"041197",0
150.87,-27.32,2007,8,"041197",85.2
150.87,-27.32,2007,9,"041197",22
150.87,-27.32,2007,10,"041197",69.4
150.87,-27.32,2007,11,"041197",67.6
150.87,-27.32,2007,12,"041197",50.2
150.87,-27.32,2008,1,"041197",30.6
150.87,-27.32,2008,2,"041197",112.6
150.87,-27.32,2008,3,"041197",0
150.87,-27.32,2008,4,"041197",12
150.87,-27.32,2008,5,"041197",36.4
150.87,-27.32,2008,6,"041197",20.4
150.87,-27.32,2008,7,"041197",46.4
150.87,-27.32,2008,8,"041197",8
150.87,-27.32,2008,9,"041197",57.6
150.87,-27.32,2008,10,"041197",34
150.87,-27.32,2008,11,"041197",NA
150.87,-27.32,2008,12,"041197",NA
150.87,-27.32,2009,1,"041197",81.4
150.87,-27.32,2009,2,"041197",70.1
150.87,-27.32,2009,3,"041197",13
150.87,-27.32,2009,4,"041197",44.1
150.87,-27.32,2009,5,"041197",56
150.87,-27.32,2009,6,"041197",NA
150.87,-27.32,2009,7,"041197",NA
150.87,-27.32,2009,8,"041197",NA
150.87,-27.32,2009,9,"041197",NA
150.87,-27.32,2009,10,"041197",NA
150.87,-27.32,2009,11,"041197",NA
150.87,-27.32,2009,12,"041197",NA
