"Lon","Lat","Year","Month","Station","Rain"
149.58,-31.63,1884,1,"064028",19
149.58,-31.63,1884,2,"064028",2.8
149.58,-31.63,1884,3,"064028",11.9
149.58,-31.63,1884,4,"064028",59.8
149.58,-31.63,1884,5,"064028",10.9
149.58,-31.63,1884,6,"064028",48.6
149.58,-31.63,1884,7,"064028",37.1
149.58,-31.63,1884,8,"064028",11.9
149.58,-31.63,1884,9,"064028",68.9
149.58,-31.63,1884,10,"064028",13
149.58,-31.63,1884,11,"064028",47
149.58,-31.63,1884,12,"064028",25.5
149.58,-31.63,1885,1,"064028",71.4
149.58,-31.63,1885,2,"064028",82.4
149.58,-31.63,1885,3,"064028",40.1
149.58,-31.63,1885,4,"064028",18.3
149.58,-31.63,1885,5,"064028",28
149.58,-31.63,1885,6,"064028",111
149.58,-31.63,1885,7,"064028",0
149.58,-31.63,1885,8,"064028",10.2
149.58,-31.63,1885,9,"064028",15.3
149.58,-31.63,1885,10,"064028",11
149.58,-31.63,1885,11,"064028",25.4
149.58,-31.63,1885,12,"064028",60.1
149.58,-31.63,1886,1,"064028",50.2
149.58,-31.63,1886,2,"064028",3.8
149.58,-31.63,1886,3,"064028",0
149.58,-31.63,1886,4,"064028",76.2
149.58,-31.63,1886,5,"064028",83.1
149.58,-31.63,1886,6,"064028",40.4
149.58,-31.63,1886,7,"064028",87.4
149.58,-31.63,1886,8,"064028",126.3
149.58,-31.63,1886,9,"064028",15.7
149.58,-31.63,1886,10,"064028",71.1
149.58,-31.63,1886,11,"064028",146.8
149.58,-31.63,1886,12,"064028",83.1
149.58,-31.63,1887,1,"064028",159
149.58,-31.63,1887,2,"064028",96.7
149.58,-31.63,1887,3,"064028",84.3
149.58,-31.63,1887,4,"064028",59.4
149.58,-31.63,1887,5,"064028",22.4
149.58,-31.63,1887,6,"064028",16.8
149.58,-31.63,1887,7,"064028",65
149.58,-31.63,1887,8,"064028",126.2
149.58,-31.63,1887,9,"064028",0
149.58,-31.63,1887,10,"064028",16.8
149.58,-31.63,1887,11,"064028",64
149.58,-31.63,1887,12,"064028",142.3
149.58,-31.63,1888,1,"064028",16.5
149.58,-31.63,1888,2,"064028",125.5
149.58,-31.63,1888,3,"064028",33.8
149.58,-31.63,1888,4,"064028",0
149.58,-31.63,1888,5,"064028",19.1
149.58,-31.63,1888,6,"064028",0
149.58,-31.63,1888,7,"064028",17.5
149.58,-31.63,1888,8,"064028",9.1
149.58,-31.63,1888,9,"064028",49.4
149.58,-31.63,1888,10,"064028",11.7
149.58,-31.63,1888,11,"064028",16.3
149.58,-31.63,1888,12,"064028",69.8
149.58,-31.63,1889,1,"064028",33.8
149.58,-31.63,1889,2,"064028",28.2
149.58,-31.63,1889,3,"064028",49.3
149.58,-31.63,1889,4,"064028",130.6
149.58,-31.63,1889,5,"064028",98.6
149.58,-31.63,1889,6,"064028",67.2
149.58,-31.63,1889,7,"064028",18.6
149.58,-31.63,1889,8,"064028",20.1
149.58,-31.63,1889,9,"064028",35.5
149.58,-31.63,1889,10,"064028",97.3
149.58,-31.63,1889,11,"064028",58.9
149.58,-31.63,1889,12,"064028",66
149.58,-31.63,1890,1,"064028",90
149.58,-31.63,1890,2,"064028",196.6
149.58,-31.63,1890,3,"064028",74.4
149.58,-31.63,1890,4,"064028",31
149.58,-31.63,1890,5,"064028",79.8
149.58,-31.63,1890,6,"064028",69.3
149.58,-31.63,1890,7,"064028",34
149.58,-31.63,1890,8,"064028",13
149.58,-31.63,1890,9,"064028",59.7
149.58,-31.63,1890,10,"064028",50.7
149.58,-31.63,1890,11,"064028",13
149.58,-31.63,1890,12,"064028",49.8
149.58,-31.63,1891,1,"064028",154.3
149.58,-31.63,1891,2,"064028",29.2
149.58,-31.63,1891,3,"064028",50.8
149.58,-31.63,1891,4,"064028",62.3
149.58,-31.63,1891,5,"064028",38.6
149.58,-31.63,1891,6,"064028",90.6
149.58,-31.63,1891,7,"064028",27.9
149.58,-31.63,1891,8,"064028",48.9
149.58,-31.63,1891,9,"064028",91.5
149.58,-31.63,1891,10,"064028",17
149.58,-31.63,1891,11,"064028",18.3
149.58,-31.63,1891,12,"064028",33.1
149.58,-31.63,1892,1,"064028",25.4
149.58,-31.63,1892,2,"064028",17.8
149.58,-31.63,1892,3,"064028",20.3
149.58,-31.63,1892,4,"064028",47.1
149.58,-31.63,1892,5,"064028",72.4
149.58,-31.63,1892,6,"064028",23.4
149.58,-31.63,1892,7,"064028",48.7
149.58,-31.63,1892,8,"064028",6.3
149.58,-31.63,1892,9,"064028",127.6
149.58,-31.63,1892,10,"064028",71.2
149.58,-31.63,1892,11,"064028",48.3
149.58,-31.63,1892,12,"064028",119.9
149.58,-31.63,1893,1,"064028",80.5
149.58,-31.63,1893,2,"064028",21.6
149.58,-31.63,1893,3,"064028",141.6
149.58,-31.63,1893,4,"064028",74.7
149.58,-31.63,1893,5,"064028",52.8
149.58,-31.63,1893,6,"064028",65
149.58,-31.63,1893,7,"064028",77.5
149.58,-31.63,1893,8,"064028",50
149.58,-31.63,1893,9,"064028",11.4
149.58,-31.63,1893,10,"064028",48.5
149.58,-31.63,1893,11,"064028",52.4
149.58,-31.63,1893,12,"064028",19.1
149.58,-31.63,1894,1,"064028",53.1
149.58,-31.63,1894,2,"064028",43.7
149.58,-31.63,1894,3,"064028",189.5
149.58,-31.63,1894,4,"064028",24.4
149.58,-31.63,1894,5,"064028",2.5
149.58,-31.63,1894,6,"064028",20.3
149.58,-31.63,1894,7,"064028",15.2
149.58,-31.63,1894,8,"064028",24.6
149.58,-31.63,1894,9,"064028",21.3
149.58,-31.63,1894,10,"064028",3.8
149.58,-31.63,1894,11,"064028",1.8
149.58,-31.63,1894,12,"064028",7.6
149.58,-31.63,1895,1,"064028",140.4
149.58,-31.63,1895,2,"064028",21.8
149.58,-31.63,1895,3,"064028",0
149.58,-31.63,1895,4,"064028",1.8
149.58,-31.63,1895,5,"064028",19.8
149.58,-31.63,1895,6,"064028",27.9
149.58,-31.63,1895,7,"064028",25.3
149.58,-31.63,1895,8,"064028",29.5
149.58,-31.63,1895,9,"064028",86.3
149.58,-31.63,1895,10,"064028",58.5
149.58,-31.63,1895,11,"064028",59.7
149.58,-31.63,1895,12,"064028",24.6
149.58,-31.63,1896,1,"064028",48.7
149.58,-31.63,1896,2,"064028",183.4
149.58,-31.63,1896,3,"064028",36.9
149.58,-31.63,1896,4,"064028",44.9
149.58,-31.63,1896,5,"064028",93.7
149.58,-31.63,1896,6,"064028",45.5
149.58,-31.63,1896,7,"064028",38.9
149.58,-31.63,1896,8,"064028",63.5
149.58,-31.63,1896,9,"064028",9.4
149.58,-31.63,1896,10,"064028",30
149.58,-31.63,1896,11,"064028",46.2
149.58,-31.63,1896,12,"064028",161.2
149.58,-31.63,1897,1,"064028",128
149.58,-31.63,1897,2,"064028",4.3
149.58,-31.63,1897,3,"064028",17.3
149.58,-31.63,1897,4,"064028",0
149.58,-31.63,1897,5,"064028",8.1
149.58,-31.63,1897,6,"064028",79.8
149.58,-31.63,1897,7,"064028",65
149.58,-31.63,1897,8,"064028",28.8
149.58,-31.63,1897,9,"064028",41.7
149.58,-31.63,1897,10,"064028",75.8
149.58,-31.63,1897,11,"064028",14
149.58,-31.63,1897,12,"064028",67.8
149.58,-31.63,1898,1,"064028",162.6
149.58,-31.63,1898,2,"064028",103.6
149.58,-31.63,1898,3,"064028",0
149.58,-31.63,1898,4,"064028",0
149.58,-31.63,1898,5,"064028",23.9
149.58,-31.63,1898,6,"064028",114
149.58,-31.63,1898,7,"064028",11.4
149.58,-31.63,1898,8,"064028",84.9
149.58,-31.63,1898,9,"064028",12.7
149.58,-31.63,1898,10,"064028",59.1
149.58,-31.63,1898,11,"064028",18.3
149.58,-31.63,1898,12,"064028",43.2
149.58,-31.63,1899,1,"064028",59.9
149.58,-31.63,1899,2,"064028",60.8
149.58,-31.63,1899,3,"064028",16.7
149.58,-31.63,1899,4,"064028",46.2
149.58,-31.63,1899,5,"064028",9.4
149.58,-31.63,1899,6,"064028",51.1
149.58,-31.63,1899,7,"064028",83.3
149.58,-31.63,1899,8,"064028",56.4
149.58,-31.63,1899,9,"064028",27.4
149.58,-31.63,1899,10,"064028",18.5
149.58,-31.63,1899,11,"064028",52.3
149.58,-31.63,1899,12,"064028",8.9
149.58,-31.63,1900,1,"064028",79.5
149.58,-31.63,1900,2,"064028",0
149.58,-31.63,1900,3,"064028",87.1
149.58,-31.63,1900,4,"064028",24.6
149.58,-31.63,1900,5,"064028",46.9
149.58,-31.63,1900,6,"064028",62.1
149.58,-31.63,1900,7,"064028",47.1
149.58,-31.63,1900,8,"064028",9.7
149.58,-31.63,1900,9,"064028",26.3
149.58,-31.63,1900,10,"064028",6.1
149.58,-31.63,1900,11,"064028",35.8
149.58,-31.63,1900,12,"064028",67.6
149.58,-31.63,1901,1,"064028",38.6
149.58,-31.63,1901,2,"064028",2.5
149.58,-31.63,1901,3,"064028",65.3
149.58,-31.63,1901,4,"064028",55.7
149.58,-31.63,1901,5,"064028",53.1
149.58,-31.63,1901,6,"064028",30.5
149.58,-31.63,1901,7,"064028",4.8
149.58,-31.63,1901,8,"064028",89.1
149.58,-31.63,1901,9,"064028",11.4
149.58,-31.63,1901,10,"064028",47.9
149.58,-31.63,1901,11,"064028",39.1
149.58,-31.63,1901,12,"064028",0
149.58,-31.63,1902,1,"064028",3.8
149.58,-31.63,1902,2,"064028",4.1
149.58,-31.63,1902,3,"064028",28.4
149.58,-31.63,1902,4,"064028",0
149.58,-31.63,1902,5,"064028",3.3
149.58,-31.63,1902,6,"064028",25.6
149.58,-31.63,1902,7,"064028",6.6
149.58,-31.63,1902,8,"064028",82.2
149.58,-31.63,1902,9,"064028",33
149.58,-31.63,1902,10,"064028",53.6
149.58,-31.63,1902,11,"064028",55.4
149.58,-31.63,1902,12,"064028",148.6
149.58,-31.63,1903,1,"064028",34.8
149.58,-31.63,1903,2,"064028",0
149.58,-31.63,1903,3,"064028",77.4
149.58,-31.63,1903,4,"064028",48.7
149.58,-31.63,1903,5,"064028",72.1
149.58,-31.63,1903,6,"064028",1.5
149.58,-31.63,1903,7,"064028",34.2
149.58,-31.63,1903,8,"064028",56.4
149.58,-31.63,1903,9,"064028",125.3
149.58,-31.63,1903,10,"064028",52.5
149.58,-31.63,1903,11,"064028",27.7
149.58,-31.63,1903,12,"064028",84.2
149.58,-31.63,1904,1,"064028",41.9
149.58,-31.63,1904,2,"064028",157.6
149.58,-31.63,1904,3,"064028",75.9
149.58,-31.63,1904,4,"064028",49.8
149.58,-31.63,1904,5,"064028",13.5
149.58,-31.63,1904,6,"064028",20.1
149.58,-31.63,1904,7,"064028",75.8
149.58,-31.63,1904,8,"064028",47
149.58,-31.63,1904,9,"064028",13.7
149.58,-31.63,1904,10,"064028",70
149.58,-31.63,1904,11,"064028",13.2
149.58,-31.63,1904,12,"064028",31
149.58,-31.63,1905,1,"064028",21
149.58,-31.63,1905,2,"064028",43
149.58,-31.63,1905,3,"064028",55.4
149.58,-31.63,1905,4,"064028",107.1
149.58,-31.63,1905,5,"064028",54.7
149.58,-31.63,1905,6,"064028",19.8
149.58,-31.63,1905,7,"064028",47.5
149.58,-31.63,1905,8,"064028",29.2
149.58,-31.63,1905,9,"064028",0
149.58,-31.63,1905,10,"064028",30
149.58,-31.63,1905,11,"064028",13.2
149.58,-31.63,1905,12,"064028",48.3
149.58,-31.63,1912,1,"064028",27.4
149.58,-31.63,1912,2,"064028",31.5
149.58,-31.63,1912,3,"064028",7.6
149.58,-31.63,1912,4,"064028",0
149.58,-31.63,1912,5,"064028",0
149.58,-31.63,1912,6,"064028",78.7
149.58,-31.63,1912,7,"064028",110.5
149.58,-31.63,1912,8,"064028",47.2
149.58,-31.63,1912,9,"064028",24.1
149.58,-31.63,1912,10,"064028",63
149.58,-31.63,1912,11,"064028",14
149.58,-31.63,1912,12,"064028",3
149.58,-31.63,1919,1,"064028",17.8
149.58,-31.63,1919,2,"064028",47
149.58,-31.63,1919,3,"064028",0
149.58,-31.63,1919,4,"064028",11.5
149.58,-31.63,1919,5,"064028",65.2
149.58,-31.63,1919,6,"064028",8.4
149.58,-31.63,1919,7,"064028",17.8
149.58,-31.63,1919,8,"064028",23.3
149.58,-31.63,1919,9,"064028",10.2
149.58,-31.63,1919,10,"064028",4.3
149.58,-31.63,1919,11,"064028",0
149.58,-31.63,1919,12,"064028",118.2
149.58,-31.63,1920,1,"064028",43
149.58,-31.63,1920,2,"064028",38.1
149.58,-31.63,1920,3,"064028",2.5
149.58,-31.63,1920,4,"064028",20.3
149.58,-31.63,1920,5,"064028",0
149.58,-31.63,1920,6,"064028",200.8
149.58,-31.63,1920,7,"064028",234.1
149.58,-31.63,1920,8,"064028",58.9
149.58,-31.63,1920,9,"064028",75.2
149.58,-31.63,1920,10,"064028",11.4
149.58,-31.63,1920,11,"064028",58.9
149.58,-31.63,1920,12,"064028",131.3
149.58,-31.63,1921,1,"064028",15
149.58,-31.63,1921,2,"064028",38.8
149.58,-31.63,1921,3,"064028",140
149.58,-31.63,1921,4,"064028",120.7
149.58,-31.63,1921,5,"064028",108.9
149.58,-31.63,1921,6,"064028",75.1
149.58,-31.63,1921,7,"064028",99.1
149.58,-31.63,1921,8,"064028",99.1
149.58,-31.63,1921,9,"064028",40.1
149.58,-31.63,1921,10,"064028",14.7
149.58,-31.63,1921,11,"064028",94.5
149.58,-31.63,1921,12,"064028",71.9
149.58,-31.63,1922,1,"064028",76.7
149.58,-31.63,1922,2,"064028",3.6
149.58,-31.63,1922,3,"064028",16.5
149.58,-31.63,1922,4,"064028",0
149.58,-31.63,1922,5,"064028",5.6
149.58,-31.63,1922,6,"064028",34
149.58,-31.63,1922,7,"064028",44.7
149.58,-31.63,1922,8,"064028",24.1
149.58,-31.63,1922,9,"064028",46.5
149.58,-31.63,1922,10,"064028",62.2
149.58,-31.63,1922,11,"064028",16.8
149.58,-31.63,1922,12,"064028",93.2
149.58,-31.63,1923,1,"064028",67.8
149.58,-31.63,1923,2,"064028",30.5
149.58,-31.63,1923,3,"064028",43.9
149.58,-31.63,1923,4,"064028",31.8
149.58,-31.63,1923,5,"064028",7.6
149.58,-31.63,1923,6,"064028",11.4
149.58,-31.63,1923,7,"064028",31.2
149.58,-31.63,1923,8,"064028",24.1
149.58,-31.63,1923,9,"064028",41.1
149.58,-31.63,1923,10,"064028",71.4
149.58,-31.63,1923,11,"064028",53.3
149.58,-31.63,1923,12,"064028",122.7
149.58,-31.63,1924,1,"064028",36.1
149.58,-31.63,1924,2,"064028",34.3
149.58,-31.63,1924,3,"064028",20.6
149.58,-31.63,1924,4,"064028",18.3
149.58,-31.63,1924,5,"064028",2.5
149.58,-31.63,1924,6,"064028",59.7
149.58,-31.63,1924,7,"064028",0
149.58,-31.63,1924,8,"064028",15.7
149.58,-31.63,1924,9,"064028",23.9
149.58,-31.63,1924,10,"064028",20.3
149.58,-31.63,1924,11,"064028",134.6
149.58,-31.63,1924,12,"064028",93.5
149.58,-31.63,1925,1,"064028",52.1
149.58,-31.63,1925,2,"064028",61.5
149.58,-31.63,1925,3,"064028",43.9
149.58,-31.63,1925,4,"064028",11.7
149.58,-31.63,1925,5,"064028",29.2
149.58,-31.63,1925,6,"064028",25.9
149.58,-31.63,1925,7,"064028",18.3
149.58,-31.63,1925,8,"064028",8.6
149.58,-31.63,1925,9,"064028",26.9
149.58,-31.63,1925,10,"064028",23.4
149.58,-31.63,1925,11,"064028",92.5
149.58,-31.63,1925,12,"064028",107.7
149.58,-31.63,1926,1,"064028",152.5
149.58,-31.63,1926,2,"064028",3.8
149.58,-31.63,1926,3,"064028",203.2
149.58,-31.63,1926,4,"064028",94.8
149.58,-31.63,1926,5,"064028",86.4
149.58,-31.63,1926,6,"064028",7.6
149.58,-31.63,1926,7,"064028",29.2
149.58,-31.63,1926,8,"064028",22.8
149.58,-31.63,1926,9,"064028",61
149.58,-31.63,1926,10,"064028",0.8
149.58,-31.63,1926,11,"064028",0
149.58,-31.63,1926,12,"064028",199
149.58,-31.63,1927,1,"064028",41.9
149.58,-31.63,1927,2,"064028",NA
149.58,-31.63,1927,3,"064028",NA
149.58,-31.63,1927,4,"064028",NA
149.58,-31.63,1927,5,"064028",NA
149.58,-31.63,1927,6,"064028",NA
149.58,-31.63,1927,7,"064028",NA
149.58,-31.63,1927,8,"064028",NA
149.58,-31.63,1927,9,"064028",NA
149.58,-31.63,1927,10,"064028",NA
149.58,-31.63,1927,11,"064028",115.6
149.58,-31.63,1927,12,"064028",62.4
149.58,-31.63,1928,1,"064028",60.5
149.58,-31.63,1928,2,"064028",173.8
149.58,-31.63,1928,3,"064028",59
149.58,-31.63,1928,4,"064028",48.5
149.58,-31.63,1928,5,"064028",0
149.58,-31.63,1928,6,"064028",38.6
149.58,-31.63,1928,7,"064028",42.7
149.58,-31.63,1928,8,"064028",5.6
149.58,-31.63,1928,9,"064028",0
149.58,-31.63,1928,10,"064028",15.5
149.58,-31.63,1928,11,"064028",15.2
149.58,-31.63,1928,12,"064028",13.4
149.58,-31.63,1929,1,"064028",0
149.58,-31.63,1929,2,"064028",63.5
149.58,-31.63,1929,3,"064028",0
149.58,-31.63,1929,4,"064028",38.1
149.58,-31.63,1929,5,"064028",8.9
149.58,-31.63,1929,6,"064028",3.8
149.58,-31.63,1929,7,"064028",6.4
149.58,-31.63,1929,8,"064028",54.1
149.58,-31.63,1929,9,"064028",12.7
149.58,-31.63,1929,10,"064028",48.7
149.58,-31.63,1929,11,"064028",29.2
149.58,-31.63,1929,12,"064028",33.8
149.58,-31.63,1930,1,"064028",45.2
149.58,-31.63,1930,2,"064028",13.7
149.58,-31.63,1930,3,"064028",47.2
149.58,-31.63,1930,4,"064028",19.5
149.58,-31.63,1930,5,"064028",57.2
149.58,-31.63,1930,6,"064028",94
149.58,-31.63,1930,7,"064028",74.4
149.58,-31.63,1930,8,"064028",25.7
149.58,-31.63,1930,9,"064028",27.2
149.58,-31.63,1930,10,"064028",109.8
149.58,-31.63,1930,11,"064028",13.7
149.58,-31.63,1930,12,"064028",37
149.58,-31.63,1931,1,"064028",48.2
149.58,-31.63,1931,2,"064028",47.7
149.58,-31.63,1931,3,"064028",125.3
149.58,-31.63,1931,4,"064028",109.1
149.58,-31.63,1931,5,"064028",102.2
149.58,-31.63,1931,6,"064028",86.3
149.58,-31.63,1931,7,"064028",25.4
149.58,-31.63,1931,8,"064028",19.6
149.58,-31.63,1931,9,"064028",7.6
149.58,-31.63,1931,10,"064028",8.9
149.58,-31.63,1931,11,"064028",80.5
149.58,-31.63,1931,12,"064028",77.4
149.58,-31.63,1932,1,"064028",21.7
149.58,-31.63,1932,2,"064028",0
149.58,-31.63,1932,3,"064028",143
149.58,-31.63,1932,4,"064028",36.8
149.58,-31.63,1932,5,"064028",24.9
149.58,-31.63,1932,6,"064028",12.7
149.58,-31.63,1932,7,"064028",35.6
149.58,-31.63,1932,8,"064028",20.8
149.58,-31.63,1932,9,"064028",81
149.58,-31.63,1932,10,"064028",12.9
149.58,-31.63,1932,11,"064028",54
149.58,-31.63,1932,12,"064028",26.7
149.58,-31.63,1933,1,"064028",65.1
149.58,-31.63,1933,2,"064028",0
149.58,-31.63,1933,3,"064028",14
149.58,-31.63,1933,4,"064028",82.1
149.58,-31.63,1933,5,"064028",13.2
149.58,-31.63,1933,6,"064028",29.8
149.58,-31.63,1933,7,"064028",81.2
149.58,-31.63,1933,8,"064028",10.7
149.58,-31.63,1933,9,"064028",57.8
149.58,-31.63,1933,10,"064028",92.9
149.58,-31.63,1933,11,"064028",81.3
149.58,-31.63,1933,12,"064028",48.3
149.58,-31.63,1934,1,"064028",52.6
149.58,-31.63,1934,2,"064028",201
149.58,-31.63,1934,3,"064028",0
149.58,-31.63,1934,4,"064028",26.6
149.58,-31.63,1934,5,"064028",0
149.58,-31.63,1934,6,"064028",20.4
149.58,-31.63,1934,7,"064028",63.8
149.58,-31.63,1934,8,"064028",72.3
149.58,-31.63,1934,9,"064028",28.5
149.58,-31.63,1934,10,"064028",110.3
149.58,-31.63,1934,11,"064028",71.9
149.58,-31.63,1934,12,"064028",72.9
149.58,-31.63,1935,1,"064028",37.3
149.58,-31.63,1935,2,"064028",23.1
149.58,-31.63,1935,3,"064028",5.3
149.58,-31.63,1935,4,"064028",30.3
149.58,-31.63,1935,5,"064028",17.5
149.58,-31.63,1935,6,"064028",6.1
149.58,-31.63,1935,7,"064028",45.5
149.58,-31.63,1935,8,"064028",16
149.58,-31.63,1935,9,"064028",63.5
149.58,-31.63,1935,10,"064028",64.7
149.58,-31.63,1935,11,"064028",0
149.58,-31.63,1935,12,"064028",31.9
149.58,-31.63,1936,1,"064028",59.7
149.58,-31.63,1936,2,"064028",89.8
149.58,-31.63,1936,3,"064028",74.2
149.58,-31.63,1936,4,"064028",3.6
149.58,-31.63,1936,5,"064028",13.4
149.58,-31.63,1936,6,"064028",0
149.58,-31.63,1936,7,"064028",40.7
149.58,-31.63,1936,8,"064028",2.5
149.58,-31.63,1936,9,"064028",10.9
149.58,-31.63,1936,10,"064028",10.4
149.58,-31.63,1936,11,"064028",0
149.58,-31.63,1936,12,"064028",36.5
149.58,-31.63,1937,1,"064028",67.8
149.58,-31.63,1937,2,"064028",81.3
149.58,-31.63,1937,3,"064028",50.5
149.58,-31.63,1937,4,"064028",15.2
149.58,-31.63,1937,5,"064028",14.7
149.58,-31.63,1937,6,"064028",51.8
149.58,-31.63,1937,7,"064028",22.6
149.58,-31.63,1937,8,"064028",43.9
149.58,-31.63,1937,9,"064028",18
149.58,-31.63,1937,10,"064028",50.8
149.58,-31.63,1937,11,"064028",74.4
149.58,-31.63,1937,12,"064028",42.4
149.58,-31.63,1938,1,"064028",62.9
149.58,-31.63,1938,2,"064028",6.9
149.58,-31.63,1938,3,"064028",0
149.58,-31.63,1938,4,"064028",5.3
149.58,-31.63,1938,5,"064028",36.1
149.58,-31.63,1938,6,"064028",13.5
149.58,-31.63,1938,7,"064028",48
149.58,-31.63,1938,8,"064028",38.6
149.58,-31.63,1938,9,"064028",4.3
149.58,-31.63,1938,10,"064028",38.1
149.58,-31.63,1938,11,"064028",51.8
149.58,-31.63,1938,12,"064028",15.2
149.58,-31.63,1939,1,"064028",28.9
149.58,-31.63,1939,2,"064028",5.1
149.58,-31.63,1939,3,"064028",53.8
149.58,-31.63,1939,4,"064028",125.3
149.58,-31.63,1939,5,"064028",39.1
149.58,-31.63,1939,6,"064028",42.7
149.58,-31.63,1939,7,"064028",26.7
149.58,-31.63,1939,8,"064028",53.5
149.58,-31.63,1939,9,"064028",7.6
149.58,-31.63,1939,10,"064028",60.8
149.58,-31.63,1939,11,"064028",30
149.58,-31.63,1939,12,"064028",10.2
149.58,-31.63,1940,1,"064028",12.7
149.58,-31.63,1940,2,"064028",0
149.58,-31.63,1940,3,"064028",17.5
149.58,-31.63,1940,4,"064028",107.4
149.58,-31.63,1940,5,"064028",0
149.58,-31.63,1940,6,"064028",7.6
149.58,-31.63,1940,7,"064028",0
149.58,-31.63,1940,8,"064028",13.7
149.58,-31.63,1940,9,"064028",57.8
149.58,-31.63,1940,10,"064028",0
149.58,-31.63,1940,11,"064028",27.6
149.58,-31.63,1940,12,"064028",81.6
149.58,-31.63,1941,1,"064028",301.3
149.58,-31.63,1941,2,"064028",21.8
149.58,-31.63,1941,3,"064028",114.2
149.58,-31.63,1941,4,"064028",5.1
149.58,-31.63,1941,5,"064028",27.7
149.58,-31.63,1941,6,"064028",65.6
149.58,-31.63,1941,7,"064028",18.8
149.58,-31.63,1941,8,"064028",18
149.58,-31.63,1941,9,"064028",27.9
149.58,-31.63,1941,10,"064028",54.3
149.58,-31.63,1941,11,"064028",24.4
149.58,-31.63,1941,12,"064028",7.8
149.58,-31.63,1942,1,"064028",75.2
149.58,-31.63,1942,2,"064028",57.5
149.58,-31.63,1942,3,"064028",75.4
149.58,-31.63,1942,4,"064028",0
149.58,-31.63,1942,5,"064028",60.3
149.58,-31.63,1942,6,"064028",88.2
149.58,-31.63,1942,7,"064028",74.4
149.58,-31.63,1942,8,"064028",36.6
149.58,-31.63,1942,9,"064028",31.3
149.58,-31.63,1942,10,"064028",20.9
149.58,-31.63,1942,11,"064028",88.9
149.58,-31.63,1942,12,"064028",76.6
149.58,-31.63,1943,1,"064028",50.9
149.58,-31.63,1943,2,"064028",27.2
149.58,-31.63,1943,3,"064028",0
149.58,-31.63,1943,4,"064028",71.6
149.58,-31.63,1943,5,"064028",73.3
149.58,-31.63,1943,6,"064028",40.2
149.58,-31.63,1943,7,"064028",24.2
149.58,-31.63,1943,8,"064028",27.1
149.58,-31.63,1943,9,"064028",30.2
149.58,-31.63,1943,10,"064028",21.1
149.58,-31.63,1943,11,"064028",101.7
149.58,-31.63,1943,12,"064028",57
149.58,-31.63,1944,1,"064028",42.6
149.58,-31.63,1944,2,"064028",30.8
149.58,-31.63,1944,3,"064028",16.4
149.58,-31.63,1944,4,"064028",11.4
149.58,-31.63,1944,5,"064028",59
149.58,-31.63,1944,6,"064028",23.9
149.58,-31.63,1944,7,"064028",41.2
149.58,-31.63,1944,8,"064028",113.4
149.58,-31.63,1944,9,"064028",15.7
149.58,-31.63,1944,10,"064028",7.4
149.58,-31.63,1944,11,"064028",10.9
149.58,-31.63,1944,12,"064028",0
149.58,-31.63,1945,1,"064028",59.1
149.58,-31.63,1945,2,"064028",60.3
149.58,-31.63,1945,3,"064028",72.1
149.58,-31.63,1945,4,"064028",43.9
149.58,-31.63,1945,5,"064028",64.9
149.58,-31.63,1945,6,"064028",122.6
149.58,-31.63,1945,7,"064028",37
149.58,-31.63,1945,8,"064028",72.4
149.58,-31.63,1945,9,"064028",0
149.58,-31.63,1945,10,"064028",38.6
149.58,-31.63,1945,11,"064028",18.8
149.58,-31.63,1945,12,"064028",30.2
149.58,-31.63,1946,1,"064028",106
149.58,-31.63,1946,2,"064028",12.7
149.58,-31.63,1946,3,"064028",15.7
149.58,-31.63,1946,4,"064028",18
149.58,-31.63,1946,5,"064028",10.9
149.58,-31.63,1946,6,"064028",21
149.58,-31.63,1946,7,"064028",4.6
149.58,-31.63,1946,8,"064028",0
149.58,-31.63,1946,9,"064028",27.4
149.58,-31.63,1946,10,"064028",4.8
149.58,-31.63,1946,11,"064028",29.2
149.58,-31.63,1946,12,"064028",16.6
149.58,-31.63,1947,1,"064028",19.7
149.58,-31.63,1947,2,"064028",187.5
149.58,-31.63,1947,3,"064028",37.6
149.58,-31.63,1947,4,"064028",33.1
149.58,-31.63,1947,5,"064028",36.3
149.58,-31.63,1947,6,"064028",12.2
149.58,-31.63,1947,7,"064028",46.6
149.58,-31.63,1947,8,"064028",34.7
149.58,-31.63,1947,9,"064028",53.5
149.58,-31.63,1947,10,"064028",108.1
149.58,-31.63,1947,11,"064028",62.3
149.58,-31.63,1947,12,"064028",158.9
149.58,-31.63,1948,1,"064028",63
149.58,-31.63,1948,2,"064028",68.3
149.58,-31.63,1948,3,"064028",86.4
149.58,-31.63,1948,4,"064028",49.8
149.58,-31.63,1948,5,"064028",48.8
149.58,-31.63,1948,6,"064028",83.8
149.58,-31.63,1948,7,"064028",12.9
149.58,-31.63,1948,8,"064028",23.4
149.58,-31.63,1948,9,"064028",48.3
149.58,-31.63,1948,10,"064028",13.7
149.58,-31.63,1948,11,"064028",15.5
149.58,-31.63,1948,12,"064028",49.1
149.58,-31.63,1949,1,"064028",55.6
149.58,-31.63,1949,2,"064028",103.7
149.58,-31.63,1949,3,"064028",104.3
149.58,-31.63,1949,4,"064028",56.6
149.58,-31.63,1949,5,"064028",18.6
149.58,-31.63,1949,6,"064028",23.6
149.58,-31.63,1949,7,"064028",21.9
149.58,-31.63,1949,8,"064028",75.7
149.58,-31.63,1949,9,"064028",45.2
149.58,-31.63,1949,10,"064028",72.5
149.58,-31.63,1949,11,"064028",43.7
149.58,-31.63,1949,12,"064028",16.8
149.58,-31.63,1950,1,"064028",132.7
149.58,-31.63,1950,2,"064028",135.4
149.58,-31.63,1950,3,"064028",56.4
149.58,-31.63,1950,4,"064028",264.1
149.58,-31.63,1950,5,"064028",47.7
149.58,-31.63,1950,6,"064028",114.2
149.58,-31.63,1950,7,"064028",96.2
149.58,-31.63,1950,8,"064028",53.6
149.58,-31.63,1950,9,"064028",41.2
149.58,-31.63,1950,10,"064028",168.3
149.58,-31.63,1950,11,"064028",209.4
149.58,-31.63,1950,12,"064028",2
149.58,-31.63,1951,1,"064028",83.4
149.58,-31.63,1951,2,"064028",43.8
149.58,-31.63,1951,3,"064028",61.7
149.58,-31.63,1951,4,"064028",16.3
149.58,-31.63,1951,5,"064028",13.2
149.58,-31.63,1951,6,"064028",51.1
149.58,-31.63,1951,7,"064028",33.8
149.58,-31.63,1951,8,"064028",60.9
149.58,-31.63,1951,9,"064028",37.8
149.58,-31.63,1951,10,"064028",3.8
149.58,-31.63,1951,11,"064028",26.2
149.58,-31.63,1951,12,"064028",48.4
149.58,-31.63,1952,1,"064028",25.2
149.58,-31.63,1952,2,"064028",94.7
149.58,-31.63,1952,3,"064028",71.4
149.58,-31.63,1952,4,"064028",36
149.58,-31.63,1952,5,"064028",31.7
149.58,-31.63,1952,6,"064028",65.7
149.58,-31.63,1952,7,"064028",59.2
149.58,-31.63,1952,8,"064028",149.9
149.58,-31.63,1952,9,"064028",7.6
149.58,-31.63,1952,10,"064028",38.1
149.58,-31.63,1952,11,"064028",33.8
149.58,-31.63,1952,12,"064028",48.6
149.58,-31.63,1953,1,"064028",24.8
149.58,-31.63,1953,2,"064028",86
149.58,-31.63,1953,3,"064028",11.5
149.58,-31.63,1953,4,"064028",31
149.58,-31.63,1953,5,"064028",81.1
149.58,-31.63,1953,6,"064028",0
149.58,-31.63,1953,7,"064028",0
149.58,-31.63,1953,8,"064028",76.3
149.58,-31.63,1953,9,"064028",0
149.58,-31.63,1953,10,"064028",21.8
149.58,-31.63,1953,11,"064028",74.5
149.58,-31.63,1953,12,"064028",6.9
149.58,-31.63,1954,1,"064028",158.1
149.58,-31.63,1954,2,"064028",131.3
149.58,-31.63,1954,3,"064028",0
149.58,-31.63,1954,4,"064028",10.7
149.58,-31.63,1954,5,"064028",1.8
149.58,-31.63,1954,6,"064028",46.9
149.58,-31.63,1954,7,"064028",4
149.58,-31.63,1954,8,"064028",20.1
149.58,-31.63,1954,9,"064028",25.6
149.58,-31.63,1954,10,"064028",96.2
149.58,-31.63,1954,11,"064028",38.3
149.58,-31.63,1954,12,"064028",53.8
149.58,-31.63,1955,1,"064028",156.2
149.58,-31.63,1955,2,"064028",256.4
149.58,-31.63,1955,3,"064028",0
149.58,-31.63,1955,4,"064028",36.3
149.58,-31.63,1955,5,"064028",43.4
149.58,-31.63,1955,6,"064028",62.4
149.58,-31.63,1955,7,"064028",41.1
149.58,-31.63,1955,8,"064028",65.7
149.58,-31.63,1955,9,"064028",47.8
149.58,-31.63,1955,10,"064028",140.1
149.58,-31.63,1955,11,"064028",66
149.58,-31.63,1955,12,"064028",36.6
149.58,-31.63,1956,1,"064028",95.8
149.58,-31.63,1956,2,"064028",149.2
149.58,-31.63,1956,3,"064028",93.9
149.58,-31.63,1956,4,"064028",66.3
149.58,-31.63,1956,5,"064028",70.5
149.58,-31.63,1956,6,"064028",88.1
149.58,-31.63,1956,7,"064028",71.1
149.58,-31.63,1956,8,"064028",30
149.58,-31.63,1956,9,"064028",25.4
149.58,-31.63,1956,10,"064028",70.5
149.58,-31.63,1956,11,"064028",5.3
149.58,-31.63,1956,12,"064028",64
149.58,-31.63,1957,1,"064028",17.3
149.58,-31.63,1957,2,"064028",51.6
149.58,-31.63,1957,3,"064028",43.2
149.58,-31.63,1957,4,"064028",47.7
149.58,-31.63,1957,5,"064028",0
149.58,-31.63,1957,6,"064028",15.7
149.58,-31.63,1957,7,"064028",25.4
149.58,-31.63,1957,8,"064028",43
149.58,-31.63,1957,9,"064028",0
149.58,-31.63,1957,10,"064028",0
149.58,-31.63,1957,11,"064028",0
149.58,-31.63,1957,12,"064028",90.5
149.58,-31.63,1958,1,"064028",246.5
149.58,-31.63,1958,2,"064028",77.5
149.58,-31.63,1958,3,"064028",38.6
149.58,-31.63,1958,4,"064028",24.1
149.58,-31.63,1958,5,"064028",111.8
149.58,-31.63,1958,6,"064028",37.7
149.58,-31.63,1958,7,"064028",0
149.58,-31.63,1958,8,"064028",42.1
149.58,-31.63,1958,9,"064028",119.1
149.58,-31.63,1958,10,"064028",52.8
149.58,-31.63,1958,11,"064028",19.8
149.58,-31.63,1958,12,"064028",45.9
149.58,-31.63,1959,1,"064028",53.8
149.58,-31.63,1959,2,"064028",125.7
149.58,-31.63,1959,3,"064028",115.2
149.58,-31.63,1959,4,"064028",80.1
149.58,-31.63,1959,5,"064028",0
149.58,-31.63,1959,6,"064028",45.4
149.58,-31.63,1959,7,"064028",46.2
149.58,-31.63,1959,8,"064028",0
149.58,-31.63,1959,9,"064028",8.2
149.58,-31.63,1959,10,"064028",40.2
149.58,-31.63,1959,11,"064028",47.2
149.58,-31.63,1959,12,"064028",65.6
149.58,-31.63,1960,1,"064028",75.3
149.58,-31.63,1960,2,"064028",23.6
149.58,-31.63,1960,3,"064028",21.1
149.58,-31.63,1960,4,"064028",10.2
149.58,-31.63,1960,5,"064028",30.5
149.58,-31.63,1960,6,"064028",0.8
149.58,-31.63,1960,7,"064028",75.7
149.58,-31.63,1960,8,"064028",31.1
149.58,-31.63,1960,9,"064028",38.2
149.58,-31.63,1960,10,"064028",45.5
149.58,-31.63,1960,11,"064028",69.6
149.58,-31.63,1960,12,"064028",40.4
149.58,-31.63,1961,1,"064028",29.7
149.58,-31.63,1961,2,"064028",91
149.58,-31.63,1961,3,"064028",127.7
149.58,-31.63,1961,4,"064028",34.6
149.58,-31.63,1961,5,"064028",0
149.58,-31.63,1961,6,"064028",24.4
149.58,-31.63,1961,7,"064028",34.2
149.58,-31.63,1961,8,"064028",84.1
149.58,-31.63,1961,9,"064028",0
149.58,-31.63,1961,10,"064028",56.3
149.58,-31.63,1961,11,"064028",80.8
149.58,-31.63,1961,12,"064028",115.4
149.58,-31.63,1962,1,"064028",66.9
149.58,-31.63,1962,2,"064028",41.5
149.58,-31.63,1962,3,"064028",37.1
149.58,-31.63,1962,4,"064028",60.7
149.58,-31.63,1962,5,"064028",61.2
149.58,-31.63,1962,6,"064028",0
149.58,-31.63,1962,7,"064028",53.6
149.58,-31.63,1962,8,"064028",48
149.58,-31.63,1962,9,"064028",40.2
149.58,-31.63,1962,10,"064028",90.9
149.58,-31.63,1962,11,"064028",29.2
149.58,-31.63,1962,12,"064028",50.8
149.58,-31.63,1963,1,"064028",200.5
149.58,-31.63,1963,2,"064028",31
149.58,-31.63,1963,3,"064028",62.7
149.58,-31.63,1963,4,"064028",45.7
149.58,-31.63,1963,5,"064028",55.2
149.58,-31.63,1963,6,"064028",85.8
149.58,-31.63,1963,7,"064028",12.5
149.58,-31.63,1963,8,"064028",53
149.58,-31.63,1963,9,"064028",38.1
149.58,-31.63,1963,10,"064028",30.7
149.58,-31.63,1963,11,"064028",47.2
149.58,-31.63,1963,12,"064028",118
149.58,-31.63,1964,1,"064028",64.7
149.58,-31.63,1964,2,"064028",14.5
149.58,-31.63,1964,3,"064028",99.3
149.58,-31.63,1964,4,"064028",89.7
149.58,-31.63,1964,5,"064028",15.5
149.58,-31.63,1964,6,"064028",34.2
149.58,-31.63,1964,7,"064028",41.7
149.58,-31.63,1964,8,"064028",34.6
149.58,-31.63,1964,9,"064028",64.9
149.58,-31.63,1964,10,"064028",68.3
149.58,-31.63,1964,11,"064028",22.6
149.58,-31.63,1964,12,"064028",35.8
149.58,-31.63,1965,1,"064028",14.2
149.58,-31.63,1965,2,"064028",6.3
149.58,-31.63,1965,3,"064028",16.5
149.58,-31.63,1965,4,"064028",31.5
149.58,-31.63,1965,5,"064028",11.2
149.58,-31.63,1965,6,"064028",5.8
149.58,-31.63,1965,7,"064028",18.7
149.58,-31.63,1965,8,"064028",39.4
149.58,-31.63,1965,9,"064028",59.3
149.58,-31.63,1965,10,"064028",104
149.58,-31.63,1965,11,"064028",23.1
149.58,-31.63,1965,12,"064028",169.2
149.58,-31.63,1966,1,"064028",4.8
149.58,-31.63,1966,2,"064028",34.2
149.58,-31.63,1966,3,"064028",102.8
149.58,-31.63,1966,4,"064028",3.8
149.58,-31.63,1966,5,"064028",10.9
149.58,-31.63,1966,6,"064028",28.7
149.58,-31.63,1966,7,"064028",19.8
149.58,-31.63,1966,8,"064028",85.1
149.58,-31.63,1966,9,"064028",40.1
149.58,-31.63,1966,10,"064028",76
149.58,-31.63,1966,11,"064028",89.9
149.58,-31.63,1966,12,"064028",39
149.58,-31.63,1967,1,"064028",23.5
149.58,-31.63,1967,2,"064028",14.5
149.58,-31.63,1967,3,"064028",121.7
149.58,-31.63,1967,4,"064028",0
149.58,-31.63,1967,5,"064028",41.4
149.58,-31.63,1967,6,"064028",53.2
149.58,-31.63,1967,7,"064028",7.4
149.58,-31.63,1967,8,"064028",25.9
149.58,-31.63,1967,9,"064028",12.3
149.58,-31.63,1967,10,"064028",51
149.58,-31.63,1967,11,"064028",6.6
149.58,-31.63,1967,12,"064028",73.2
149.58,-31.63,1968,1,"064028",152.5
149.58,-31.63,1968,2,"064028",42
149.58,-31.63,1968,3,"064028",19.8
149.58,-31.63,1968,4,"064028",6.3
149.58,-31.63,1968,5,"064028",114.1
149.58,-31.63,1968,6,"064028",11.2
149.58,-31.63,1968,7,"064028",26
149.58,-31.63,1968,8,"064028",77.2
149.58,-31.63,1968,9,"064028",28.5
149.58,-31.63,1968,10,"064028",15.7
149.58,-31.63,1968,11,"064028",18.8
149.58,-31.63,1968,12,"064028",82.1
149.58,-31.63,1969,1,"064028",56.5
149.58,-31.63,1969,2,"064028",111.3
149.58,-31.63,1969,3,"064028",56.2
149.58,-31.63,1969,4,"064028",61.2
149.58,-31.63,1969,5,"064028",22.7
149.58,-31.63,1969,6,"064028",59.7
149.58,-31.63,1969,7,"064028",50.3
149.58,-31.63,1969,8,"064028",56
149.58,-31.63,1969,9,"064028",62
149.58,-31.63,1969,10,"064028",212.6
149.58,-31.63,1969,11,"064028",98.9
149.58,-31.63,1969,12,"064028",26.2
149.58,-31.63,1970,1,"064028",98.9
149.58,-31.63,1970,2,"064028",55.6
149.58,-31.63,1970,3,"064028",51.5
149.58,-31.63,1970,4,"064028",51.5
149.58,-31.63,1970,5,"064028",16.6
149.58,-31.63,1970,6,"064028",20.3
149.58,-31.63,1970,7,"064028",0
149.58,-31.63,1970,8,"064028",22.9
149.58,-31.63,1970,9,"064028",55.7
149.58,-31.63,1970,10,"064028",37.9
149.58,-31.63,1970,11,"064028",86.1
149.58,-31.63,1970,12,"064028",161
149.58,-31.63,1971,1,"064028",228
149.58,-31.63,1971,2,"064028",142.8
149.58,-31.63,1971,3,"064028",6.9
149.58,-31.63,1971,4,"064028",17.1
149.58,-31.63,1971,5,"064028",12.8
149.58,-31.63,1971,6,"064028",4.6
149.58,-31.63,1971,7,"064028",82
149.58,-31.63,1971,8,"064028",108.8
149.58,-31.63,1971,9,"064028",30.5
149.58,-31.63,1971,10,"064028",3.3
149.58,-31.63,1971,11,"064028",70.4
149.58,-31.63,1971,12,"064028",56.5
149.58,-31.63,1972,1,"064028",122.7
149.58,-31.63,1972,2,"064028",49
149.58,-31.63,1972,3,"064028",22.3
149.58,-31.63,1972,4,"064028",24.4
149.58,-31.63,1972,5,"064028",20.1
149.58,-31.63,1972,6,"064028",19.6
149.58,-31.63,1972,7,"064028",4.6
149.58,-31.63,1972,8,"064028",18.8
149.58,-31.63,1972,9,"064028",24.4
149.58,-31.63,1972,10,"064028",105.4
149.58,-31.63,1972,11,"064028",71.9
149.58,-31.63,1972,12,"064028",49
149.58,-31.63,1973,1,"064028",52.8
149.58,-31.63,1973,2,"064028",163.1
149.58,-31.63,1973,3,"064028",24.1
149.58,-31.63,1973,4,"064028",23.9
149.58,-31.63,1973,5,"064028",50.7
149.58,-31.63,1973,6,"064028",71.8
149.58,-31.63,1973,7,"064028",57.5
149.58,-31.63,1973,8,"064028",96.4
149.58,-31.63,1973,9,"064028",61.7
149.58,-31.63,1973,10,"064028",194.9
149.58,-31.63,1973,11,"064028",82.2
149.58,-31.63,1973,12,"064028",106.8
149.58,-31.63,1974,1,"064028",153.9
149.58,-31.63,1974,2,"064028",19.5
149.58,-31.63,1974,3,"064028",23.5
149.58,-31.63,1974,4,"064028",73.1
149.58,-31.63,1974,5,"064028",22.7
149.58,-31.63,1974,6,"064028",26.9
149.58,-31.63,1974,7,"064028",35.6
149.58,-31.63,1974,8,"064028",40.4
149.58,-31.63,1974,9,"064028",32.9
149.58,-31.63,1974,10,"064028",65
149.58,-31.63,1974,11,"064028",51.7
149.58,-31.63,1974,12,"064028",0
149.58,-31.63,1975,1,"064028",77.4
149.58,-31.63,1975,2,"064028",111.9
149.58,-31.63,1975,3,"064028",65.2
149.58,-31.63,1975,4,"064028",6.7
149.58,-31.63,1975,5,"064028",5.2
149.58,-31.63,1975,6,"064028",85.7
149.58,-31.63,1975,7,"064028",19.1
149.58,-31.63,1975,8,"064028",35.2
149.58,-31.63,1975,9,"064028",53.3
149.58,-31.63,1975,10,"064028",81.9
149.58,-31.63,1975,11,"064028",9.7
149.58,-31.63,1975,12,"064028",35.2
149.58,-31.63,1976,1,"064028",213.9
149.58,-31.63,1976,2,"064028",61.8
149.58,-31.63,1976,3,"064028",68.9
149.58,-31.63,1976,4,"064028",7.7
149.58,-31.63,1976,5,"064028",13.7
149.58,-31.63,1976,6,"064028",41.4
149.58,-31.63,1976,7,"064028",70.7
149.58,-31.63,1976,8,"064028",30.2
149.58,-31.63,1976,9,"064028",56.9
149.58,-31.63,1976,10,"064028",97.9
149.58,-31.63,1976,11,"064028",77.7
149.58,-31.63,1976,12,"064028",43.2
149.58,-31.63,1977,1,"064028",143.5
149.58,-31.63,1977,2,"064028",123.7
149.58,-31.63,1977,3,"064028",85.5
149.58,-31.63,1977,4,"064028",14.9
149.58,-31.63,1977,5,"064028",142.2
149.58,-31.63,1977,6,"064028",32.2
149.58,-31.63,1977,7,"064028",9
149.58,-31.63,1977,8,"064028",21.4
149.58,-31.63,1977,9,"064028",59.9
149.58,-31.63,1977,10,"064028",21.7
149.58,-31.63,1977,11,"064028",47.4
149.58,-31.63,1977,12,"064028",7.4
149.58,-31.63,1978,1,"064028",136.8
149.58,-31.63,1978,2,"064028",25.7
149.58,-31.63,1978,3,"064028",144.4
149.58,-31.63,1978,4,"064028",2
149.58,-31.63,1978,5,"064028",73.5
149.58,-31.63,1978,6,"064028",67.5
149.58,-31.63,1978,7,"064028",53.4
149.58,-31.63,1978,8,"064028",17.9
149.58,-31.63,1978,9,"064028",98.3
149.58,-31.63,1978,10,"064028",17.7
149.58,-31.63,1978,11,"064028",79.7
149.58,-31.63,1978,12,"064028",106.4
149.58,-31.63,1979,1,"064028",33
149.58,-31.63,1979,2,"064028",2.5
149.58,-31.63,1979,3,"064028",112.4
149.58,-31.63,1979,4,"064028",30.4
149.58,-31.63,1979,5,"064028",66.9
149.58,-31.63,1979,6,"064028",39.9
149.58,-31.63,1979,7,"064028",20
149.58,-31.63,1979,8,"064028",19.2
149.58,-31.63,1979,9,"064028",73.5
149.58,-31.63,1979,10,"064028",36.4
149.58,-31.63,1979,11,"064028",74.6
149.58,-31.63,1979,12,"064028",13.4
149.58,-31.63,1980,1,"064028",87.9
149.58,-31.63,1980,2,"064028",41.2
149.58,-31.63,1980,3,"064028",64.5
149.58,-31.63,1980,4,"064028",5.2
149.58,-31.63,1980,5,"064028",79.1
149.58,-31.63,1980,6,"064028",51.4
149.58,-31.63,1980,7,"064028",23.2
149.58,-31.63,1980,8,"064028",21.7
149.58,-31.63,1980,9,"064028",0
149.58,-31.63,1980,10,"064028",33.6
149.58,-31.63,1980,11,"064028",0
149.58,-31.63,1980,12,"064028",88.1
149.58,-31.63,1981,1,"064028",37
149.58,-31.63,1981,2,"064028",192.9
149.58,-31.63,1981,3,"064028",0
149.58,-31.63,1981,4,"064028",3
149.58,-31.63,1981,5,"064028",39.2
149.58,-31.63,1981,6,"064028",64.7
149.58,-31.63,1981,7,"064028",68.1
149.58,-31.63,1981,8,"064028",17.3
149.58,-31.63,1981,9,"064028",32
149.58,-31.63,1981,10,"064028",94.6
149.58,-31.63,1981,11,"064028",90.7
149.58,-31.63,1981,12,"064028",26.4
149.58,-31.63,1982,1,"064028",50.2
149.58,-31.63,1982,2,"064028",38
149.58,-31.63,1982,3,"064028",167.1
149.58,-31.63,1982,4,"064028",6.7
149.58,-31.63,1982,5,"064028",36.6
149.58,-31.63,1982,6,"064028",7.9
149.58,-31.63,1982,7,"064028",10
149.58,-31.63,1982,8,"064028",0
149.58,-31.63,1982,9,"064028",7.4
149.58,-31.63,1982,10,"064028",19.2
149.58,-31.63,1982,11,"064028",22.7
149.58,-31.63,1982,12,"064028",35.5
149.58,-31.63,1983,1,"064028",117
149.58,-31.63,1983,2,"064028",46.7
149.58,-31.63,1983,3,"064028",43
149.58,-31.63,1983,4,"064028",76.9
149.58,-31.63,1983,5,"064028",154.8
149.58,-31.63,1983,6,"064028",16
149.58,-31.63,1983,7,"064028",44.7
149.58,-31.63,1983,8,"064028",38.5
149.58,-31.63,1983,9,"064028",51.5
149.58,-31.63,1983,10,"064028",56.7
149.58,-31.63,1983,11,"064028",63.4
149.58,-31.63,1983,12,"064028",41.1
149.58,-31.63,1984,1,"064028",209.4
149.58,-31.63,1984,2,"064028",41.9
149.58,-31.63,1984,3,"064028",47.7
149.58,-31.63,1984,4,"064028",72.2
149.58,-31.63,1984,5,"064028",2.7
149.58,-31.63,1984,6,"064028",2.7
149.58,-31.63,1984,7,"064028",104.7
149.58,-31.63,1984,8,"064028",44
149.58,-31.63,1984,9,"064028",47.5
149.58,-31.63,1984,10,"064028",39.9
149.58,-31.63,1984,11,"064028",46.1
149.58,-31.63,1984,12,"064028",26.9
149.58,-31.63,1985,1,"064028",2
149.58,-31.63,1985,2,"064028",32.7
149.58,-31.63,1985,3,"064028",23.7
149.58,-31.63,1985,4,"064028",64.4
149.58,-31.63,1985,5,"064028",33.2
149.58,-31.63,1985,6,"064028",51.4
149.58,-31.63,1985,7,"064028",3.5
149.58,-31.63,1985,8,"064028",114
149.58,-31.63,1985,9,"064028",39.1
149.58,-31.63,1985,10,"064028",69.1
149.58,-31.63,1985,11,"064028",78.8
149.58,-31.63,1985,12,"064028",105.4
149.58,-31.63,1986,1,"064028",77.5
149.58,-31.63,1986,2,"064028",2
149.58,-31.63,1986,3,"064028",0
149.58,-31.63,1986,4,"064028",46.9
149.58,-31.63,1986,5,"064028",8
149.58,-31.63,1986,6,"064028",4.5
149.58,-31.63,1986,7,"064028",98.1
149.58,-31.63,1986,8,"064028",57.8
149.58,-31.63,1986,9,"064028",48.7
149.58,-31.63,1986,10,"064028",52.2
149.58,-31.63,1986,11,"064028",81.4
149.58,-31.63,1986,12,"064028",18.7
149.58,-31.63,1987,1,"064028",106.4
149.58,-31.63,1987,2,"064028",31.5
149.58,-31.63,1987,3,"064028",99.2
149.58,-31.63,1987,4,"064028",3.2
149.58,-31.63,1987,5,"064028",51.2
149.58,-31.63,1987,6,"064028",45
149.58,-31.63,1987,7,"064028",41
149.58,-31.63,1987,8,"064028",111.5
149.58,-31.63,1987,9,"064028",16.2
149.58,-31.63,1987,10,"064028",32.7
149.58,-31.63,1987,11,"064028",61.4
149.58,-31.63,1987,12,"064028",99.9
149.58,-31.63,1988,1,"064028",125.4
149.58,-31.63,1988,2,"064028",53.7
149.58,-31.63,1988,3,"064028",5.5
149.58,-31.63,1988,4,"064028",138.9
149.58,-31.63,1988,5,"064028",49.2
149.58,-31.63,1988,6,"064028",27.2
149.58,-31.63,1988,7,"064028",46.2
149.58,-31.63,1988,8,"064028",43.4
149.58,-31.63,1988,9,"064028",82.6
149.58,-31.63,1988,10,"064028",5.5
149.58,-31.63,1988,11,"064028",51.5
149.58,-31.63,1988,12,"064028",114.1
149.58,-31.63,1989,1,"064028",51.8
149.58,-31.63,1989,2,"064028",29.6
149.58,-31.63,1989,3,"064028",66.4
149.58,-31.63,1989,4,"064028",158.8
149.58,-31.63,1989,5,"064028",131.4
149.58,-31.63,1989,6,"064028",82.4
149.58,-31.63,1989,7,"064028",64.6
149.58,-31.63,1989,8,"064028",16.2
149.58,-31.63,1989,9,"064028",4.6
149.58,-31.63,1989,10,"064028",55.6
149.58,-31.63,1989,11,"064028",45.4
149.58,-31.63,1989,12,"064028",66.4
149.58,-31.63,1990,1,"064028",101
149.58,-31.63,1990,2,"064028",54.6
149.58,-31.63,1990,3,"064028",113.8
149.58,-31.63,1990,4,"064028",168.2
149.58,-31.63,1990,5,"064028",47.4
149.58,-31.63,1990,6,"064028",34.4
149.58,-31.63,1990,7,"064028",80.8
149.58,-31.63,1990,8,"064028",70.6
149.58,-31.63,1990,9,"064028",23.2
149.58,-31.63,1990,10,"064028",42
149.58,-31.63,1990,11,"064028",4.2
149.58,-31.63,1990,12,"064028",93
149.58,-31.63,1991,1,"064028",174.8
149.58,-31.63,1991,2,"064028",24.8
149.58,-31.63,1991,3,"064028",44.8
149.58,-31.63,1991,4,"064028",1.8
149.58,-31.63,1991,5,"064028",79.4
149.58,-31.63,1991,6,"064028",97.8
149.58,-31.63,1991,7,"064028",67.4
149.58,-31.63,1991,8,"064028",6.4
149.58,-31.63,1991,9,"064028",21.4
149.58,-31.63,1991,10,"064028",15.2
149.58,-31.63,1991,11,"064028",62.2
149.58,-31.63,1991,12,"064028",111.8
149.58,-31.63,1992,1,"064028",19.4
149.58,-31.63,1992,2,"064028",132.8
149.58,-31.63,1992,3,"064028",46.8
149.58,-31.63,1992,4,"064028",20.8
149.58,-31.63,1992,5,"064028",12.8
149.58,-31.63,1992,6,"064028",17
149.58,-31.63,1992,7,"064028",28.6
149.58,-31.63,1992,8,"064028",50
149.58,-31.63,1992,9,"064028",37.4
149.58,-31.63,1992,10,"064028",27.4
149.58,-31.63,1992,11,"064028",113.8
149.58,-31.63,1992,12,"064028",134
149.58,-31.63,1993,1,"064028",36.8
149.58,-31.63,1993,2,"064028",62.4
149.58,-31.63,1993,3,"064028",44.8
149.58,-31.63,1993,4,"064028",2
149.58,-31.63,1993,5,"064028",67.2
149.58,-31.63,1993,6,"064028",55.4
149.58,-31.63,1993,7,"064028",117.4
149.58,-31.63,1993,8,"064028",19.8
149.58,-31.63,1993,9,"064028",48.2
149.58,-31.63,1993,10,"064028",143.2
149.58,-31.63,1993,11,"064028",57.4
149.58,-31.63,1993,12,"064028",61.2
149.58,-31.63,1994,1,"064028",25
149.58,-31.63,1994,2,"064028",80.2
149.58,-31.63,1994,3,"064028",36
149.58,-31.63,1994,4,"064028",16.2
149.58,-31.63,1994,5,"064028",4.2
149.58,-31.63,1994,6,"064028",9
149.58,-31.63,1994,7,"064028",4.2
149.58,-31.63,1994,8,"064028",16.6
149.58,-31.63,1994,9,"064028",2.4
149.58,-31.63,1994,10,"064028",16
149.58,-31.63,1994,11,"064028",70.1
149.58,-31.63,1994,12,"064028",28.8
149.58,-31.63,1995,1,"064028",136.2
149.58,-31.63,1995,2,"064028",1.4
149.58,-31.63,1995,3,"064028",0
149.58,-31.63,1995,4,"064028",0.6
149.58,-31.63,1995,5,"064028",101.2
149.58,-31.63,1995,6,"064028",18
149.58,-31.63,1995,7,"064028",19.2
149.58,-31.63,1995,8,"064028",0
149.58,-31.63,1995,9,"064028",65.4
149.58,-31.63,1995,10,"064028",49.6
149.58,-31.63,1995,11,"064028",68.6
149.58,-31.63,1995,12,"064028",50.2
149.58,-31.63,1996,1,"064028",227
149.58,-31.63,1996,2,"064028",25.6
149.58,-31.63,1996,3,"064028",29.8
149.58,-31.63,1996,4,"064028",1
149.58,-31.63,1996,5,"064028",52
149.58,-31.63,1996,6,"064028",29.2
149.58,-31.63,1996,7,"064028",92.2
149.58,-31.63,1996,8,"064028",69.2
149.58,-31.63,1996,9,"064028",75.2
149.58,-31.63,1996,10,"064028",44.2
149.58,-31.63,1996,11,"064028",33
149.58,-31.63,1996,12,"064028",169
149.58,-31.63,1997,1,"064028",113
149.58,-31.63,1997,2,"064028",78.4
149.58,-31.63,1997,3,"064028",10.6
149.58,-31.63,1997,4,"064028",2
149.58,-31.63,1997,5,"064028",45.2
149.58,-31.63,1997,6,"064028",20.8
149.58,-31.63,1997,7,"064028",31.4
149.58,-31.63,1997,8,"064028",5
149.58,-31.63,1997,9,"064028",117.8
149.58,-31.63,1997,10,"064028",48.6
149.58,-31.63,1997,11,"064028",26.6
149.58,-31.63,1997,12,"064028",76.8
149.58,-31.63,1998,1,"064028",64.9
149.58,-31.63,1998,2,"064028",39.6
149.58,-31.63,1998,3,"064028",0
149.58,-31.63,1998,4,"064028",46.3
149.58,-31.63,1998,5,"064028",64.6
149.58,-31.63,1998,6,"064028",57
149.58,-31.63,1998,7,"064028",201
149.58,-31.63,1998,8,"064028",82.4
149.58,-31.63,1998,9,"064028",79.2
149.58,-31.63,1998,10,"064028",73.2
149.58,-31.63,1998,11,"064028",80.4
149.58,-31.63,1998,12,"064028",57.8
149.58,-31.63,1999,1,"064028",45.8
149.58,-31.63,1999,2,"064028",26.4
149.58,-31.63,1999,3,"064028",137
149.58,-31.63,1999,4,"064028",95.8
149.58,-31.63,1999,5,"064028",6
149.58,-31.63,1999,6,"064028",40.8
149.58,-31.63,1999,7,"064028",47
149.58,-31.63,1999,8,"064028",51.6
149.58,-31.63,1999,9,"064028",51.4
149.58,-31.63,1999,10,"064028",NA
149.58,-31.63,1999,11,"064028",103
149.58,-31.63,1999,12,"064028",68.4
149.58,-31.63,2000,1,"064028",34.6
149.58,-31.63,2000,2,"064028",11
149.58,-31.63,2000,3,"064028",134
149.58,-31.63,2000,4,"064028",88.6
149.58,-31.63,2000,5,"064028",115.2
149.58,-31.63,2000,6,"064028",30.4
149.58,-31.63,2000,7,"064028",40.6
149.58,-31.63,2000,8,"064028",56.6
149.58,-31.63,2000,9,"064028",17.2
149.58,-31.63,2000,10,"064028",109
149.58,-31.63,2000,11,"064028",165.2
149.58,-31.63,2000,12,"064028",36
149.58,-31.63,2001,1,"064028",NA
149.58,-31.63,2001,2,"064028",36
149.58,-31.63,2001,3,"064028",70.4
149.58,-31.63,2001,4,"064028",53.2
149.58,-31.63,2001,5,"064028",19
149.58,-31.63,2001,6,"064028",25.2
149.58,-31.63,2001,7,"064028",67.8
149.58,-31.63,2001,8,"064028",21.8
149.58,-31.63,2001,9,"064028",20.6
149.58,-31.63,2001,10,"064028",66
149.58,-31.63,2001,11,"064028",41.6
149.58,-31.63,2001,12,"064028",30.2
149.58,-31.63,2002,1,"064028",23.4
149.58,-31.63,2002,2,"064028",86.6
149.58,-31.63,2002,3,"064028",41.8
149.58,-31.63,2002,4,"064028",30.4
149.58,-31.63,2002,5,"064028",7.8
149.58,-31.63,2002,6,"064028",36.6
149.58,-31.63,2002,7,"064028",2.6
149.58,-31.63,2002,8,"064028",14.8
149.58,-31.63,2002,9,"064028",42.4
149.58,-31.63,2002,10,"064028",2.8
149.58,-31.63,2002,11,"064028",34.2
149.58,-31.63,2002,12,"064028",60.8
149.58,-31.63,2003,1,"064028",21.2
149.58,-31.63,2003,2,"064028",33.6
149.58,-31.63,2003,3,"064028",10.6
149.58,-31.63,2003,4,"064028",116
149.58,-31.63,2003,5,"064028",2
149.58,-31.63,2003,6,"064028",NA
149.58,-31.63,2003,7,"064028",43
149.58,-31.63,2003,8,"064028",85.6
149.58,-31.63,2003,9,"064028",NA
149.58,-31.63,2003,10,"064028",NA
149.58,-31.63,2003,11,"064028",61.8
149.58,-31.63,2003,12,"064028",53.4
149.58,-31.63,2004,1,"064028",66.2
149.58,-31.63,2004,2,"064028",84.2
149.58,-31.63,2004,3,"064028",NA
149.58,-31.63,2004,4,"064028",36
149.58,-31.63,2004,5,"064028",NA
149.58,-31.63,2004,6,"064028",44.8
149.58,-31.63,2004,7,"064028",NA
149.58,-31.63,2004,8,"064028",46.4
149.58,-31.63,2004,9,"064028",50
149.58,-31.63,2004,10,"064028",30.8
149.58,-31.63,2004,11,"064028",48.2
149.58,-31.63,2004,12,"064028",156.2
149.58,-31.63,2005,1,"064028",NA
149.58,-31.63,2005,2,"064028",NA
149.58,-31.63,2005,3,"064028",52.4
149.58,-31.63,2005,4,"064028",0
149.58,-31.63,2005,5,"064028",0
149.58,-31.63,2005,6,"064028",NA
149.58,-31.63,2005,7,"064028",NA
149.58,-31.63,2005,8,"064028",27.4
149.58,-31.63,2005,9,"064028",NA
149.58,-31.63,2005,10,"064028",80.4
149.58,-31.63,2005,11,"064028",69.2
149.58,-31.63,2005,12,"064028",40
149.58,-31.63,2006,1,"064028",34.4
149.58,-31.63,2006,2,"064028",51
149.58,-31.63,2006,3,"064028",6
149.58,-31.63,2006,4,"064028",NA
149.58,-31.63,2006,5,"064028",0
149.58,-31.63,2006,6,"064028",NA
149.58,-31.63,2006,7,"064028",NA
149.58,-31.63,2006,8,"064028",9.4
149.58,-31.63,2006,9,"064028",43.4
149.58,-31.63,2006,10,"064028",10
149.58,-31.63,2006,11,"064028",NA
149.58,-31.63,2006,12,"064028",34.3
149.58,-31.63,2007,1,"064028",36
149.58,-31.63,2007,2,"064028",60.6
149.58,-31.63,2007,3,"064028",NA
149.58,-31.63,2007,4,"064028",20
149.58,-31.63,2007,5,"064028",NA
149.58,-31.63,2007,6,"064028",139.4
149.58,-31.63,2007,7,"064028",17.9
149.58,-31.63,2007,8,"064028",NA
149.58,-31.63,2007,9,"064028",0.5
149.58,-31.63,2007,10,"064028",46.8
149.58,-31.63,2007,11,"064028",NA
149.58,-31.63,2007,12,"064028",232.9
149.58,-31.63,2008,1,"064028",61.4
149.58,-31.63,2008,2,"064028",NA
149.58,-31.63,2008,3,"064028",22
149.58,-31.63,2008,4,"064028",5
149.58,-31.63,2008,5,"064028",20
149.58,-31.63,2008,6,"064028",53
149.58,-31.63,2008,7,"064028",52.2
149.58,-31.63,2008,8,"064028",53.7
149.58,-31.63,2008,9,"064028",64.4
149.58,-31.63,2008,10,"064028",48.8
149.58,-31.63,2008,11,"064028",123
149.58,-31.63,2008,12,"064028",NA
149.58,-31.63,2009,1,"064028",22
149.58,-31.63,2009,2,"064028",58.4
149.58,-31.63,2009,3,"064028",38.6
149.58,-31.63,2009,4,"064028",41.4
149.58,-31.63,2009,5,"064028",12.6
149.58,-31.63,2009,6,"064028",38.8
149.58,-31.63,2009,7,"064028",15.4
149.58,-31.63,2009,8,"064028",5
149.58,-31.63,2009,9,"064028",39.2
149.58,-31.63,2009,10,"064028",15
149.58,-31.63,2009,11,"064028",16
149.58,-31.63,2009,12,"064028",85.2
149.58,-31.63,2010,1,"064028",85.8
149.58,-31.63,2010,2,"064028",NA
149.58,-31.63,2010,3,"064028",109.8
149.58,-31.63,2010,4,"064028",NA
149.58,-31.63,2010,5,"064028",27.8
149.58,-31.63,2010,6,"064028",33
149.58,-31.63,2010,7,"064028",NA
149.58,-31.63,2010,8,"064028",63.9
149.58,-31.63,2010,9,"064028",39.8
149.58,-31.63,2010,10,"064028",52
149.58,-31.63,2010,11,"064028",134
149.58,-31.63,2010,12,"064028",222.6
149.58,-31.63,2011,1,"064028",26.4
149.58,-31.63,2011,2,"064028",4.6
149.58,-31.63,2011,3,"064028",69.2
149.58,-31.63,2011,4,"064028",18
149.58,-31.63,2011,5,"064028",53.4
149.58,-31.63,2011,6,"064028",9.4
149.58,-31.63,2011,7,"064028",6.2
149.58,-31.63,2011,8,"064028",36
149.58,-31.63,2011,9,"064028",105.9
149.58,-31.63,2011,10,"064028",NA
149.58,-31.63,2011,11,"064028",114.5
149.58,-31.63,2011,12,"064028",NA
149.58,-31.63,2012,1,"064028",NA
149.58,-31.63,2012,2,"064028",84.9
149.58,-31.63,2012,3,"064028",114
149.58,-31.63,2012,4,"064028",9.6
149.58,-31.63,2012,5,"064028",36.2
149.58,-31.63,2012,6,"064028",NA
149.58,-31.63,2012,7,"064028",55
149.58,-31.63,2012,8,"064028",8
149.58,-31.63,2012,9,"064028",27.2
149.58,-31.63,2012,10,"064028",4.4
149.58,-31.63,2012,11,"064028",48.8
149.58,-31.63,2012,12,"064028",23
149.58,-31.63,2013,1,"064028",137.6
149.58,-31.63,2013,2,"064028",44
149.58,-31.63,2013,3,"064028",98.5
149.58,-31.63,2013,4,"064028",9
149.58,-31.63,2013,5,"064028",22
149.58,-31.63,2013,6,"064028",94
149.58,-31.63,2013,7,"064028",37
149.58,-31.63,2013,8,"064028",6
149.58,-31.63,2013,9,"064028",23
149.58,-31.63,2013,10,"064028",8
149.58,-31.63,2013,11,"064028",NA
149.58,-31.63,2013,12,"064028",28
149.58,-31.63,2014,1,"064028",34
149.58,-31.63,2014,2,"064028",60
149.58,-31.63,2014,3,"064028",105.1
149.58,-31.63,2014,4,"064028",NA
149.58,-31.63,2014,5,"064028",NA
149.58,-31.63,2014,6,"064028",NA
149.58,-31.63,2014,7,"064028",NA
149.58,-31.63,2014,8,"064028",NA
149.58,-31.63,2014,9,"064028",NA
149.58,-31.63,2014,10,"064028",NA
149.58,-31.63,2014,11,"064028",NA
149.58,-31.63,2014,12,"064028",NA
149.58,-31.63,2015,1,"064028",65.4
149.58,-31.63,2015,2,"064028",47.4
149.58,-31.63,2015,3,"064028",3
149.58,-31.63,2015,4,"064028",95.7
149.58,-31.63,2015,5,"064028",NA
149.58,-31.63,2015,6,"064028",NA
149.58,-31.63,2015,7,"064028",NA
149.58,-31.63,2015,8,"064028",NA
149.58,-31.63,2015,9,"064028",NA
149.58,-31.63,2015,10,"064028",NA
149.58,-31.63,2015,11,"064028",NA
149.58,-31.63,2015,12,"064028",NA
149.58,-31.63,2017,1,"064028",NA
149.58,-31.63,2017,2,"064028",NA
149.58,-31.63,2017,3,"064028",NA
149.58,-31.63,2017,4,"064028",NA
149.58,-31.63,2017,5,"064028",NA
149.58,-31.63,2017,6,"064028",NA
149.58,-31.63,2017,7,"064028",NA
149.58,-31.63,2017,8,"064028",NA
149.58,-31.63,2017,9,"064028",NA
149.58,-31.63,2017,10,"064028",NA
149.58,-31.63,2017,11,"064028",51.4
149.58,-31.63,2017,12,"064028",55.4
149.58,-31.63,2018,1,"064028",21.4
149.58,-31.63,2018,2,"064028",NA
149.58,-31.63,2018,3,"064028",66
149.58,-31.63,2018,4,"064028",2.8
149.58,-31.63,2018,5,"064028",11.6
149.58,-31.63,2018,6,"064028",NA
149.58,-31.63,2018,7,"064028",NA
149.58,-31.63,2018,8,"064028",NA
149.58,-31.63,2018,9,"064028",NA
149.58,-31.63,2018,10,"064028",NA
149.58,-31.63,2018,11,"064028",NA
149.58,-31.63,2018,12,"064028",NA
