"Lon","Lat","Year","Month","Station","Rain"
147.63,-22.42,1960,1,"035058",NA
147.63,-22.42,1960,2,"035058",NA
147.63,-22.42,1960,3,"035058",NA
147.63,-22.42,1960,4,"035058",NA
147.63,-22.42,1960,5,"035058",NA
147.63,-22.42,1960,6,"035058",NA
147.63,-22.42,1960,7,"035058",20.3
147.63,-22.42,1960,8,"035058",4.6
147.63,-22.42,1960,9,"035058",19.3
147.63,-22.42,1960,10,"035058",12.6
147.63,-22.42,1960,11,"035058",35.5
147.63,-22.42,1960,12,"035058",94.9
147.63,-22.42,1961,1,"035058",56.7
147.63,-22.42,1961,2,"035058",177.9
147.63,-22.42,1961,3,"035058",35.9
147.63,-22.42,1961,4,"035058",0
147.63,-22.42,1961,5,"035058",6.4
147.63,-22.42,1961,6,"035058",11.2
147.63,-22.42,1961,7,"035058",0.8
147.63,-22.42,1961,8,"035058",0
147.63,-22.42,1961,9,"035058",1.3
147.63,-22.42,1961,10,"035058",11
147.63,-22.42,1961,11,"035058",98.9
147.63,-22.42,1961,12,"035058",55.1
147.63,-22.42,1962,1,"035058",152.2
147.63,-22.42,1962,2,"035058",88.7
147.63,-22.42,1962,3,"035058",146.7
147.63,-22.42,1962,4,"035058",72.7
147.63,-22.42,1962,5,"035058",70.8
147.63,-22.42,1962,6,"035058",28.3
147.63,-22.42,1962,7,"035058",0
147.63,-22.42,1962,8,"035058",0
147.63,-22.42,1962,9,"035058",41.6
147.63,-22.42,1962,10,"035058",4.4
147.63,-22.42,1962,11,"035058",23.9
147.63,-22.42,1962,12,"035058",52.5
147.63,-22.42,1963,1,"035058",122.2
147.63,-22.42,1963,2,"035058",85.1
147.63,-22.42,1963,3,"035058",242.4
147.63,-22.42,1963,4,"035058",59.5
147.63,-22.42,1963,5,"035058",0
147.63,-22.42,1963,6,"035058",0
147.63,-22.42,1963,7,"035058",0
147.63,-22.42,1963,8,"035058",72.6
147.63,-22.42,1963,9,"035058",0
147.63,-22.42,1963,10,"035058",0
147.63,-22.42,1963,11,"035058",53.4
147.63,-22.42,1963,12,"035058",21.6
147.63,-22.42,1964,1,"035058",31
147.63,-22.42,1964,2,"035058",19.8
147.63,-22.42,1964,3,"035058",99.9
147.63,-22.42,1964,4,"035058",0.3
147.63,-22.42,1964,5,"035058",40.9
147.63,-22.42,1964,6,"035058",26.6
147.63,-22.42,1964,7,"035058",73.4
147.63,-22.42,1964,8,"035058",4.8
147.63,-22.42,1964,9,"035058",27.7
147.63,-22.42,1964,10,"035058",69.4
147.63,-22.42,1964,11,"035058",22.1
147.63,-22.42,1964,12,"035058",96.1
147.63,-22.42,1965,1,"035058",26.9
147.63,-22.42,1965,2,"035058",10.2
147.63,-22.42,1965,3,"035058",83.6
147.63,-22.42,1965,4,"035058",75.5
147.63,-22.42,1965,5,"035058",0
147.63,-22.42,1965,6,"035058",4
147.63,-22.42,1965,7,"035058",3
147.63,-22.42,1965,8,"035058",13.5
147.63,-22.42,1965,9,"035058",10.4
147.63,-22.42,1965,10,"035058",12.2
147.63,-22.42,1965,11,"035058",0
147.63,-22.42,1965,12,"035058",155.7
147.63,-22.42,1966,1,"035058",117.9
147.63,-22.42,1966,2,"035058",6.8
147.63,-22.42,1966,3,"035058",40.8
147.63,-22.42,1966,4,"035058",2.1
147.63,-22.42,1966,5,"035058",14.2
147.63,-22.42,1966,6,"035058",16.5
147.63,-22.42,1966,7,"035058",0
147.63,-22.42,1966,8,"035058",69.6
147.63,-22.42,1966,9,"035058",39.2
147.63,-22.42,1966,10,"035058",19.3
147.63,-22.42,1966,11,"035058",60.7
147.63,-22.42,1966,12,"035058",25.9
147.63,-22.42,1967,1,"035058",42.2
147.63,-22.42,1967,2,"035058",76
147.63,-22.42,1967,3,"035058",30.8
147.63,-22.42,1967,4,"035058",0.8
147.63,-22.42,1967,5,"035058",0
147.63,-22.42,1967,6,"035058",102.6
147.63,-22.42,1967,7,"035058",20.3
147.63,-22.42,1967,8,"035058",12.7
147.63,-22.42,1967,9,"035058",0
147.63,-22.42,1967,10,"035058",37.8
147.63,-22.42,1967,11,"035058",58.7
147.63,-22.42,1967,12,"035058",85.7
147.63,-22.42,1968,1,"035058",56.3
147.63,-22.42,1968,2,"035058",221.9
147.63,-22.42,1968,3,"035058",47
147.63,-22.42,1968,4,"035058",62
147.63,-22.42,1968,5,"035058",46.9
147.63,-22.42,1968,6,"035058",0
147.63,-22.42,1968,7,"035058",0
147.63,-22.42,1968,8,"035058",19.8
147.63,-22.42,1968,9,"035058",12.4
147.63,-22.42,1968,10,"035058",26.1
147.63,-22.42,1968,11,"035058",0
147.63,-22.42,1968,12,"035058",29.5
147.63,-22.42,1969,1,"035058",6.4
147.63,-22.42,1969,2,"035058",5.5
147.63,-22.42,1969,3,"035058",46
147.63,-22.42,1969,4,"035058",0
147.63,-22.42,1969,5,"035058",99.7
147.63,-22.42,1969,6,"035058",6.3
147.63,-22.42,1969,7,"035058",0
147.63,-22.42,1969,8,"035058",0
147.63,-22.42,1969,9,"035058",0.8
147.63,-22.42,1969,10,"035058",67.5
147.63,-22.42,1969,11,"035058",0
147.63,-22.42,1969,12,"035058",148.7
147.63,-22.42,1970,1,"035058",87.6
147.63,-22.42,1970,2,"035058",106.9
147.63,-22.42,1970,3,"035058",19.6
147.63,-22.42,1970,4,"035058",0
147.63,-22.42,1970,5,"035058",0
147.63,-22.42,1970,6,"035058",0
147.63,-22.42,1970,7,"035058",0
147.63,-22.42,1970,8,"035058",1.3
147.63,-22.42,1970,9,"035058",57.7
147.63,-22.42,1970,10,"035058",8.6
147.63,-22.42,1970,11,"035058",137.9
147.63,-22.42,1970,12,"035058",111.6
147.63,-22.42,1971,1,"035058",66.5
147.63,-22.42,1971,2,"035058",200.4
147.63,-22.42,1971,3,"035058",11.4
147.63,-22.42,1971,4,"035058",27.9
147.63,-22.42,1971,5,"035058",17.8
147.63,-22.42,1971,6,"035058",26.7
147.63,-22.42,1971,7,"035058",2.5
147.63,-22.42,1971,8,"035058",101.1
147.63,-22.42,1971,9,"035058",0
147.63,-22.42,1971,10,"035058",23.4
147.63,-22.42,1971,11,"035058",30.9
147.63,-22.42,1971,12,"035058",93.3
147.63,-22.42,1972,1,"035058",58.7
147.63,-22.42,1972,2,"035058",183.9
147.63,-22.42,1972,3,"035058",55.4
147.63,-22.42,1972,4,"035058",0
147.63,-22.42,1972,5,"035058",54.6
147.63,-22.42,1972,6,"035058",7.6
147.63,-22.42,1972,7,"035058",0
147.63,-22.42,1972,8,"035058",0
147.63,-22.42,1972,9,"035058",0
147.63,-22.42,1972,10,"035058",41.1
147.63,-22.42,1972,11,"035058",29.8
147.63,-22.42,1972,12,"035058",0
147.63,-22.42,1973,1,"035058",142.4
147.63,-22.42,1973,2,"035058",119.6
147.63,-22.42,1973,3,"035058",70.4
147.63,-22.42,1973,4,"035058",9.4
147.63,-22.42,1973,5,"035058",6.6
147.63,-22.42,1973,6,"035058",19.9
147.63,-22.42,1973,7,"035058",6.9
147.63,-22.42,1973,8,"035058",10.7
147.63,-22.42,1973,9,"035058",73.6
147.63,-22.42,1973,10,"035058",14
147.63,-22.42,1973,11,"035058",64
147.63,-22.42,1973,12,"035058",226.5
147.63,-22.42,1974,1,"035058",315.4
147.63,-22.42,1974,2,"035058",21.8
147.63,-22.42,1974,3,"035058",66.4
147.63,-22.42,1974,4,"035058",89.2
147.63,-22.42,1974,5,"035058",119.4
147.63,-22.42,1974,6,"035058",0
147.63,-22.42,1974,7,"035058",0
147.63,-22.42,1974,8,"035058",105
147.63,-22.42,1974,9,"035058",7.2
147.63,-22.42,1974,10,"035058",19
147.63,-22.42,1974,11,"035058",50.2
147.63,-22.42,1974,12,"035058",197.4
147.63,-22.42,1975,1,"035058",284.8
147.63,-22.42,1975,2,"035058",87
147.63,-22.42,1975,3,"035058",170
147.63,-22.42,1975,4,"035058",8.7
147.63,-22.42,1975,5,"035058",0
147.63,-22.42,1975,6,"035058",56.2
147.63,-22.42,1975,7,"035058",2.8
147.63,-22.42,1975,8,"035058",24.2
147.63,-22.42,1975,9,"035058",3.2
147.63,-22.42,1975,10,"035058",121.4
147.63,-22.42,1975,11,"035058",28
147.63,-22.42,1975,12,"035058",252.6
147.63,-22.42,1976,1,"035058",148.2
147.63,-22.42,1976,2,"035058",103.6
147.63,-22.42,1976,3,"035058",53.6
147.63,-22.42,1976,4,"035058",4.4
147.63,-22.42,1976,5,"035058",0
147.63,-22.42,1976,6,"035058",5.4
147.63,-22.42,1976,7,"035058",1.6
147.63,-22.42,1976,8,"035058",0
147.63,-22.42,1976,9,"035058",17.4
147.63,-22.42,1976,10,"035058",45.4
147.63,-22.42,1976,11,"035058",109.4
147.63,-22.42,1976,12,"035058",134.2
147.63,-22.42,1977,1,"035058",22.6
147.63,-22.42,1977,2,"035058",105.4
147.63,-22.42,1977,3,"035058",78.2
147.63,-22.42,1977,4,"035058",42
147.63,-22.42,1977,5,"035058",131.8
147.63,-22.42,1977,6,"035058",0
147.63,-22.42,1977,7,"035058",20.2
147.63,-22.42,1977,8,"035058",0
147.63,-22.42,1977,9,"035058",0
147.63,-22.42,1977,10,"035058",0
147.63,-22.42,1977,11,"035058",68.8
147.63,-22.42,1977,12,"035058",89.6
147.63,-22.42,1978,1,"035058",67.4
147.63,-22.42,1978,2,"035058",170.4
147.63,-22.42,1978,3,"035058",0
147.63,-22.42,1978,4,"035058",18
147.63,-22.42,1978,5,"035058",73
147.63,-22.42,1978,6,"035058",26
147.63,-22.42,1978,7,"035058",82
147.63,-22.42,1978,8,"035058",30
147.63,-22.42,1978,9,"035058",57
147.63,-22.42,1978,10,"035058",7.2
147.63,-22.42,1978,11,"035058",35.6
147.63,-22.42,1978,12,"035058",177
147.63,-22.42,1979,1,"035058",6.4
147.63,-22.42,1979,2,"035058",75
147.63,-22.42,1979,3,"035058",162
147.63,-22.42,1979,4,"035058",3.6
147.63,-22.42,1979,5,"035058",12
147.63,-22.42,1979,6,"035058",0
147.63,-22.42,1979,7,"035058",0
147.63,-22.42,1979,8,"035058",2.4
147.63,-22.42,1979,9,"035058",6.2
147.63,-22.42,1979,10,"035058",6.8
147.63,-22.42,1979,11,"035058",53
147.63,-22.42,1979,12,"035058",63.6
147.63,-22.42,1980,1,"035058",94
147.63,-22.42,1980,2,"035058",23
147.63,-22.42,1980,3,"035058",28
147.63,-22.42,1980,4,"035058",3
147.63,-22.42,1980,5,"035058",25
147.63,-22.42,1980,6,"035058",0
147.63,-22.42,1980,7,"035058",12
147.63,-22.42,1980,8,"035058",6
147.63,-22.42,1980,9,"035058",0
147.63,-22.42,1980,10,"035058",0
147.63,-22.42,1980,11,"035058",4
147.63,-22.42,1980,12,"035058",82.2
147.63,-22.42,1982,1,"035058",90
147.63,-22.42,1982,2,"035058",39.4
147.63,-22.42,1982,3,"035058",79
147.63,-22.42,1982,4,"035058",3.2
147.63,-22.42,1982,5,"035058",2
147.63,-22.42,1982,6,"035058",1
147.63,-22.42,1982,7,"035058",3.6
147.63,-22.42,1982,8,"035058",0
147.63,-22.42,1982,9,"035058",1
147.63,-22.42,1982,10,"035058",1.6
147.63,-22.42,1982,11,"035058",3
147.63,-22.42,1982,12,"035058",35
147.63,-22.42,1983,1,"035058",163
147.63,-22.42,1983,2,"035058",36.4
147.63,-22.42,1983,3,"035058",51.8
147.63,-22.42,1983,4,"035058",160
147.63,-22.42,1983,5,"035058",293
147.63,-22.42,1983,6,"035058",35
147.63,-22.42,1983,7,"035058",0
147.63,-22.42,1983,8,"035058",7.2
147.63,-22.42,1983,9,"035058",0
147.63,-22.42,1983,10,"035058",10
147.63,-22.42,1983,11,"035058",226
147.63,-22.42,1983,12,"035058",48
147.63,-22.42,1984,1,"035058",206
147.63,-22.42,1984,2,"035058",59
147.63,-22.42,1984,3,"035058",44
147.63,-22.42,1984,4,"035058",2
147.63,-22.42,1984,5,"035058",0
147.63,-22.42,1984,6,"035058",0
147.63,-22.42,1984,7,"035058",98.6
147.63,-22.42,1984,8,"035058",3
147.63,-22.42,1984,9,"035058",28
147.63,-22.42,1984,10,"035058",69
147.63,-22.42,1984,11,"035058",70
147.63,-22.42,1984,12,"035058",145
147.63,-22.42,1985,1,"035058",16.6
147.63,-22.42,1985,2,"035058",234
147.63,-22.42,1985,3,"035058",42
147.63,-22.42,1985,4,"035058",25
147.63,-22.42,1985,5,"035058",101
147.63,-22.42,1985,6,"035058",36
147.63,-22.42,1985,7,"035058",38
147.63,-22.42,1985,8,"035058",5
147.63,-22.42,1985,9,"035058",4
147.63,-22.42,1985,10,"035058",101
147.63,-22.42,1985,11,"035058",86
147.63,-22.42,1985,12,"035058",75
147.63,-22.42,1986,1,"035058",22
147.63,-22.42,1986,2,"035058",137
147.63,-22.42,1986,3,"035058",5
147.63,-22.42,1986,4,"035058",12
147.63,-22.42,1986,5,"035058",52
147.63,-22.42,1986,6,"035058",61
147.63,-22.42,1986,7,"035058",14
147.63,-22.42,1986,8,"035058",44
147.63,-22.42,1986,9,"035058",5
147.63,-22.42,1986,10,"035058",64
147.63,-22.42,1986,11,"035058",10
147.63,-22.42,1986,12,"035058",74
147.63,-22.42,1987,1,"035058",122
147.63,-22.42,1987,2,"035058",8
147.63,-22.42,1987,3,"035058",2
147.63,-22.42,1987,4,"035058",64
147.63,-22.42,1987,5,"035058",9
147.63,-22.42,1987,6,"035058",48
147.63,-22.42,1987,7,"035058",44
147.63,-22.42,1987,8,"035058",15
147.63,-22.42,1987,9,"035058",11
147.63,-22.42,1987,10,"035058",76
147.63,-22.42,1987,11,"035058",80
147.63,-22.42,1987,12,"035058",87
147.63,-22.42,1988,1,"035058",5
147.63,-22.42,1988,2,"035058",72
147.63,-22.42,1988,3,"035058",93
147.63,-22.42,1988,4,"035058",66
147.63,-22.42,1988,5,"035058",54
147.63,-22.42,1988,6,"035058",41
147.63,-22.42,1988,7,"035058",49
147.63,-22.42,1988,8,"035058",85
147.63,-22.42,1988,9,"035058",0
147.63,-22.42,1988,10,"035058",7
147.63,-22.42,1988,11,"035058",58
147.63,-22.42,1988,12,"035058",111
147.63,-22.42,1990,1,"035058",19
147.63,-22.42,1990,2,"035058",0
147.63,-22.42,1990,3,"035058",263
147.63,-22.42,1990,4,"035058",NA
147.63,-22.42,1990,5,"035058",63
147.63,-22.42,1990,6,"035058",53
147.63,-22.42,1990,7,"035058",0
147.63,-22.42,1990,8,"035058",0
147.63,-22.42,1990,9,"035058",0
147.63,-22.42,1990,10,"035058",13
147.63,-22.42,1990,11,"035058",0
147.63,-22.42,1990,12,"035058",114.9
147.63,-22.42,1991,1,"035058",72.4
147.63,-22.42,1991,2,"035058",NA
147.63,-22.42,1991,3,"035058",0.8
147.63,-22.42,1991,4,"035058",1
147.63,-22.42,1991,5,"035058",13.5
147.63,-22.42,1991,6,"035058",4.6
147.63,-22.42,1991,7,"035058",0
147.63,-22.42,1991,8,"035058",0
147.63,-22.42,1991,9,"035058",0
147.63,-22.42,1991,10,"035058",4
147.63,-22.42,1991,11,"035058",147
147.63,-22.42,1991,12,"035058",95.3
147.63,-22.42,1992,1,"035058",73.5
147.63,-22.42,1992,2,"035058",21.4
147.63,-22.42,1992,3,"035058",0
147.63,-22.42,1992,4,"035058",7.7
147.63,-22.42,1992,5,"035058",42
147.63,-22.42,1992,6,"035058",1.2
147.63,-22.42,1992,7,"035058",0
147.63,-22.42,1992,8,"035058",12
147.63,-22.42,1992,9,"035058",11
147.63,-22.42,1992,10,"035058",5
147.63,-22.42,1992,11,"035058",20.4
147.63,-22.42,1992,12,"035058",123.2
147.63,-22.42,1993,1,"035058",74.6
147.63,-22.42,1993,2,"035058",11.4
147.63,-22.42,1993,3,"035058",7.4
147.63,-22.42,1993,4,"035058",0
147.63,-22.42,1993,5,"035058",0
147.63,-22.42,1993,6,"035058",3.5
147.63,-22.42,1993,7,"035058",17.6
147.63,-22.42,1993,8,"035058",44.4
147.63,-22.42,1993,9,"035058",13
147.63,-22.42,1993,10,"035058",0
147.63,-22.42,1993,11,"035058",92.2
147.63,-22.42,1993,12,"035058",0
147.63,-22.42,1994,1,"035058",0
147.63,-22.42,1994,2,"035058",33.4
147.63,-22.42,1994,3,"035058",193.4
147.63,-22.42,1994,4,"035058",1.5
147.63,-22.42,1994,5,"035058",4
147.63,-22.42,1994,6,"035058",0
147.63,-22.42,1994,7,"035058",0.4
147.63,-22.42,1994,8,"035058",0
147.63,-22.42,1994,9,"035058",0
147.63,-22.42,1994,10,"035058",36.2
147.63,-22.42,1994,11,"035058",12
147.63,-22.42,1994,12,"035058",21
147.63,-22.42,1995,1,"035058",78.2
147.63,-22.42,1995,2,"035058",157
147.63,-22.42,1995,3,"035058",9.8
147.63,-22.42,1995,4,"035058",12.9
147.63,-22.42,1995,5,"035058",27.3
147.63,-22.42,1995,6,"035058",0
147.63,-22.42,1995,7,"035058",0
147.63,-22.42,1995,8,"035058",49.8
147.63,-22.42,1995,9,"035058",11
147.63,-22.42,1995,10,"035058",78.6
147.63,-22.42,1995,11,"035058",70.8
147.63,-22.42,1995,12,"035058",56
147.63,-22.42,1996,1,"035058",140.4
147.63,-22.42,1996,2,"035058",14.2
147.63,-22.42,1996,3,"035058",1
147.63,-22.42,1996,4,"035058",73.2
147.63,-22.42,1996,5,"035058",5.8
147.63,-22.42,1996,6,"035058",26.2
147.63,-22.42,1996,7,"035058",8
147.63,-22.42,1996,8,"035058",21
147.63,-22.42,1996,9,"035058",13.4
147.63,-22.42,1996,10,"035058",27.9
147.63,-22.42,1996,11,"035058",48
147.63,-22.42,1996,12,"035058",24.2
147.63,-22.42,1997,1,"035058",13
147.63,-22.42,1997,2,"035058",245.4
147.63,-22.42,1997,3,"035058",34
147.63,-22.42,1997,4,"035058",0
147.63,-22.42,1997,5,"035058",40
147.63,-22.42,1997,6,"035058",37.5
147.63,-22.42,1997,7,"035058",0
147.63,-22.42,1997,8,"035058",19.8
147.63,-22.42,1997,9,"035058",8.2
147.63,-22.42,1997,10,"035058",0
147.63,-22.42,1997,11,"035058",91.5
147.63,-22.42,1997,12,"035058",98.1
147.63,-22.42,1998,1,"035058",47.7
147.63,-22.42,1998,2,"035058",12
147.63,-22.42,1998,3,"035058",4.5
147.63,-22.42,1998,4,"035058",NA
147.63,-22.42,1998,5,"035058",44
147.63,-22.42,1998,6,"035058",37
147.63,-22.42,1998,7,"035058",0
147.63,-22.42,1998,8,"035058",201
147.63,-22.42,1998,9,"035058",0
147.63,-22.42,1998,10,"035058",137
147.63,-22.42,1998,11,"035058",145
147.63,-22.42,1998,12,"035058",115
147.63,-22.42,1999,1,"035058",341.6
147.63,-22.42,1999,2,"035058",136.1
147.63,-22.42,1999,3,"035058",55
147.63,-22.42,1999,4,"035058",6
147.63,-22.42,1999,5,"035058",10
147.63,-22.42,1999,6,"035058",0
147.63,-22.42,1999,7,"035058",6
147.63,-22.42,1999,8,"035058",0
147.63,-22.42,1999,9,"035058",0
147.63,-22.42,1999,10,"035058",2
147.63,-22.42,1999,11,"035058",NA
147.63,-22.42,1999,12,"035058",35.4
147.63,-22.42,2000,1,"035058",143
147.63,-22.42,2000,2,"035058",134
147.63,-22.42,2000,3,"035058",0
147.63,-22.42,2000,4,"035058",126
147.63,-22.42,2000,5,"035058",11
147.63,-22.42,2000,6,"035058",44
147.63,-22.42,2000,7,"035058",0
147.63,-22.42,2000,8,"035058",9
147.63,-22.42,2000,9,"035058",0
147.63,-22.42,2000,10,"035058",78.5
147.63,-22.42,2000,11,"035058",127.2
147.63,-22.42,2000,12,"035058",172
147.63,-22.42,2001,1,"035058",13.5
147.63,-22.42,2001,2,"035058",74.5
147.63,-22.42,2001,3,"035058",73.6
147.63,-22.42,2001,4,"035058",2
147.63,-22.42,2001,5,"035058",0
147.63,-22.42,2001,6,"035058",0
147.63,-22.42,2001,7,"035058",15
147.63,-22.42,2001,8,"035058",0
147.63,-22.42,2001,9,"035058",9.6
147.63,-22.42,2001,10,"035058",NA
147.63,-22.42,2001,11,"035058",NA
147.63,-22.42,2001,12,"035058",NA
147.63,-22.42,2002,1,"035058",83.5
147.63,-22.42,2002,2,"035058",126.5
147.63,-22.42,2002,3,"035058",8
147.63,-22.42,2002,4,"035058",0
147.63,-22.42,2002,5,"035058",38
147.63,-22.42,2002,6,"035058",0
147.63,-22.42,2002,7,"035058",0
147.63,-22.42,2002,8,"035058",11
147.63,-22.42,2002,9,"035058",0
147.63,-22.42,2002,10,"035058",0
147.63,-22.42,2002,11,"035058",35
147.63,-22.42,2002,12,"035058",NA
147.63,-22.42,2003,1,"035058",7
147.63,-22.42,2003,2,"035058",187.6
147.63,-22.42,2003,3,"035058",92
147.63,-22.42,2003,4,"035058",8
147.63,-22.42,2003,5,"035058",12
147.63,-22.42,2003,6,"035058",42
147.63,-22.42,2003,7,"035058",0
147.63,-22.42,2003,8,"035058",45
147.63,-22.42,2003,9,"035058",0
147.63,-22.42,2003,10,"035058",24
147.63,-22.42,2003,11,"035058",2.5
147.63,-22.42,2003,12,"035058",121.2
147.63,-22.42,2004,1,"035058",234.4
147.63,-22.42,2004,2,"035058",118.2
147.63,-22.42,2004,3,"035058",0
147.63,-22.42,2004,4,"035058",23
147.63,-22.42,2004,5,"035058",0
147.63,-22.42,2004,6,"035058",0
147.63,-22.42,2004,7,"035058",0
147.63,-22.42,2004,8,"035058",0
147.63,-22.42,2004,9,"035058",NA
147.63,-22.42,2004,10,"035058",35
147.63,-22.42,2004,11,"035058",30.2
147.63,-22.42,2004,12,"035058",98.6
147.63,-22.42,2005,1,"035058",66
147.63,-22.42,2005,2,"035058",18.6
147.63,-22.42,2005,3,"035058",0
147.63,-22.42,2005,4,"035058",7
147.63,-22.42,2005,5,"035058",NA
147.63,-22.42,2005,6,"035058",22
147.63,-22.42,2005,7,"035058",NA
147.63,-22.42,2005,8,"035058",NA
147.63,-22.42,2005,9,"035058",0
147.63,-22.42,2005,10,"035058",NA
147.63,-22.42,2005,11,"035058",21
147.63,-22.42,2005,12,"035058",NA
147.63,-22.42,2007,1,"035058",65.5
147.63,-22.42,2007,2,"035058",NA
147.63,-22.42,2007,3,"035058",0
147.63,-22.42,2007,4,"035058",0
147.63,-22.42,2007,5,"035058",6
147.63,-22.42,2007,6,"035058",182.5
147.63,-22.42,2007,7,"035058",0
147.63,-22.42,2007,8,"035058",10
147.63,-22.42,2007,9,"035058",15.5
147.63,-22.42,2007,10,"035058",27
147.63,-22.42,2007,11,"035058",136.9
147.63,-22.42,2007,12,"035058",NA
147.63,-22.42,2008,1,"035058",133.1
147.63,-22.42,2008,2,"035058",NA
147.63,-22.42,2008,3,"035058",NA
147.63,-22.42,2008,4,"035058",NA
147.63,-22.42,2008,5,"035058",NA
147.63,-22.42,2008,6,"035058",NA
147.63,-22.42,2008,7,"035058",NA
147.63,-22.42,2008,8,"035058",NA
147.63,-22.42,2008,9,"035058",NA
147.63,-22.42,2008,10,"035058",NA
147.63,-22.42,2008,11,"035058",NA
147.63,-22.42,2008,12,"035058",NA
