"Lon","Lat","Year","Month","Station","Rain"
151.57,-28.1,1959,1,"041315",NA
151.57,-28.1,1959,2,"041315",105.7
151.57,-28.1,1959,3,"041315",66.7
151.57,-28.1,1959,4,"041315",39.1
151.57,-28.1,1959,5,"041315",31.6
151.57,-28.1,1959,6,"041315",1.1
151.57,-28.1,1959,7,"041315",29.3
151.57,-28.1,1959,8,"041315",0
151.57,-28.1,1959,9,"041315",19.4
151.57,-28.1,1959,10,"041315",96.8
151.57,-28.1,1959,11,"041315",122.3
151.57,-28.1,1959,12,"041315",125.8
151.57,-28.1,1960,1,"041315",38.9
151.57,-28.1,1960,2,"041315",67.7
151.57,-28.1,1960,3,"041315",44.5
151.57,-28.1,1960,4,"041315",11.7
151.57,-28.1,1960,5,"041315",45.7
151.57,-28.1,1960,6,"041315",30.5
151.57,-28.1,1960,7,"041315",27.9
151.57,-28.1,1960,8,"041315",42.7
151.57,-28.1,1960,9,"041315",6.4
151.57,-28.1,1960,10,"041315",69.9
151.57,-28.1,1960,11,"041315",61.2
151.57,-28.1,1960,12,"041315",86.6
151.57,-28.1,1961,1,"041315",35.4
151.57,-28.1,1961,2,"041315",112.7
151.57,-28.1,1961,3,"041315",30.4
151.57,-28.1,1961,4,"041315",8.4
151.57,-28.1,1961,5,"041315",23.4
151.57,-28.1,1961,6,"041315",7.1
151.57,-28.1,1961,7,"041315",87.8
151.57,-28.1,1961,8,"041315",41.6
151.57,-28.1,1961,9,"041315",26.2
151.57,-28.1,1961,10,"041315",42.5
151.57,-28.1,1961,11,"041315",137
151.57,-28.1,1961,12,"041315",119.1
151.57,-28.1,1962,1,"041315",226.3
151.57,-28.1,1962,2,"041315",43.6
151.57,-28.1,1962,3,"041315",141
151.57,-28.1,1962,4,"041315",41.8
151.57,-28.1,1962,5,"041315",17
151.57,-28.1,1962,6,"041315",7.7
151.57,-28.1,1962,7,"041315",46
151.57,-28.1,1962,8,"041315",43.7
151.57,-28.1,1962,9,"041315",50.3
151.57,-28.1,1962,10,"041315",46.8
151.57,-28.1,1962,11,"041315",57.3
151.57,-28.1,1962,12,"041315",90.4
151.57,-28.1,1963,1,"041315",36.2
151.57,-28.1,1963,2,"041315",29.5
151.57,-28.1,1963,3,"041315",151
151.57,-28.1,1963,4,"041315",27.4
151.57,-28.1,1963,5,"041315",45.5
151.57,-28.1,1963,6,"041315",26.5
151.57,-28.1,1963,7,"041315",6.8
151.57,-28.1,1963,8,"041315",35.2
151.57,-28.1,1963,9,"041315",5.6
151.57,-28.1,1963,10,"041315",19.3
151.57,-28.1,1963,11,"041315",79.7
151.57,-28.1,1963,12,"041315",74.5
151.57,-28.1,1964,1,"041315",41.7
151.57,-28.1,1964,2,"041315",107.2
151.57,-28.1,1964,3,"041315",113.2
151.57,-28.1,1964,4,"041315",87.4
151.57,-28.1,1964,5,"041315",68.3
151.57,-28.1,1964,6,"041315",26.4
151.57,-28.1,1964,7,"041315",38.6
151.57,-28.1,1964,8,"041315",17.3
151.57,-28.1,1964,9,"041315",41
151.57,-28.1,1964,10,"041315",76.9
151.57,-28.1,1964,11,"041315",28.5
151.57,-28.1,1964,12,"041315",63.8
151.57,-28.1,1965,1,"041315",45.8
151.57,-28.1,1965,2,"041315",22.8
151.57,-28.1,1965,3,"041315",0
151.57,-28.1,1965,4,"041315",52.6
151.57,-28.1,1965,5,"041315",0.3
151.57,-28.1,1965,6,"041315",28.2
151.57,-28.1,1965,7,"041315",122.8
151.57,-28.1,1965,8,"041315",41.1
151.57,-28.1,1965,9,"041315",46.4
151.57,-28.1,1965,10,"041315",22.1
151.57,-28.1,1965,11,"041315",21.6
151.57,-28.1,1965,12,"041315",122
151.57,-28.1,1966,1,"041315",41.6
151.57,-28.1,1966,2,"041315",71.7
151.57,-28.1,1966,3,"041315",64.3
151.57,-28.1,1966,4,"041315",47.4
151.57,-28.1,1966,5,"041315",1
151.57,-28.1,1966,6,"041315",43.2
151.57,-28.1,1966,7,"041315",2.6
151.57,-28.1,1966,8,"041315",110.2
151.57,-28.1,1966,9,"041315",44.5
151.57,-28.1,1966,10,"041315",49.5
151.57,-28.1,1966,11,"041315",48
151.57,-28.1,1966,12,"041315",82.7
151.57,-28.1,1967,1,"041315",55.1
151.57,-28.1,1967,2,"041315",57.2
151.57,-28.1,1967,3,"041315",93.5
151.57,-28.1,1967,4,"041315",6.9
151.57,-28.1,1967,5,"041315",44.7
151.57,-28.1,1967,6,"041315",102.6
151.57,-28.1,1967,7,"041315",16.8
151.57,-28.1,1967,8,"041315",21.6
151.57,-28.1,1967,9,"041315",10.9
151.57,-28.1,1967,10,"041315",55.5
151.57,-28.1,1967,11,"041315",36.1
151.57,-28.1,1967,12,"041315",37.5
151.57,-28.1,1968,1,"041315",106.6
151.57,-28.1,1968,2,"041315",48.8
151.57,-28.1,1968,3,"041315",61.8
151.57,-28.1,1968,4,"041315",75.4
151.57,-28.1,1968,5,"041315",54
151.57,-28.1,1968,6,"041315",10.9
151.57,-28.1,1968,7,"041315",68.3
151.57,-28.1,1968,8,"041315",62.7
151.57,-28.1,1968,9,"041315",16
151.57,-28.1,1968,10,"041315",18.3
151.57,-28.1,1968,11,"041315",71.9
151.57,-28.1,1968,12,"041315",98.6
151.57,-28.1,1969,1,"041315",40.2
151.57,-28.1,1969,2,"041315",47
151.57,-28.1,1969,3,"041315",15.3
151.57,-28.1,1969,4,"041315",7.6
151.57,-28.1,1969,5,"041315",116.6
151.57,-28.1,1969,6,"041315",23.1
151.57,-28.1,1969,7,"041315",11.7
151.57,-28.1,1969,8,"041315",58.3
151.57,-28.1,1969,9,"041315",31.9
151.57,-28.1,1969,10,"041315",98.7
151.57,-28.1,1969,11,"041315",58.3
151.57,-28.1,1969,12,"041315",18.2
151.57,-28.1,1970,1,"041315",75.3
151.57,-28.1,1970,2,"041315",27.2
151.57,-28.1,1970,3,"041315",35.8
151.57,-28.1,1970,4,"041315",33.1
151.57,-28.1,1970,5,"041315",8.7
151.57,-28.1,1970,6,"041315",9.4
151.57,-28.1,1970,7,"041315",2
151.57,-28.1,1970,8,"041315",8.6
151.57,-28.1,1970,9,"041315",83.8
151.57,-28.1,1970,10,"041315",118.1
151.57,-28.1,1970,11,"041315",53.5
151.57,-28.1,1970,12,"041315",168.1
151.57,-28.1,1971,1,"041315",131.4
151.57,-28.1,1971,2,"041315",141.4
151.57,-28.1,1971,3,"041315",3.6
151.57,-28.1,1971,4,"041315",14
151.57,-28.1,1971,5,"041315",22.2
151.57,-28.1,1971,6,"041315",12.4
151.57,-28.1,1971,7,"041315",45.3
151.57,-28.1,1971,8,"041315",64
151.57,-28.1,1971,9,"041315",46
151.57,-28.1,1971,10,"041315",44.7
151.57,-28.1,1971,11,"041315",101.7
151.57,-28.1,1971,12,"041315",96.4
151.57,-28.1,1972,1,"041315",107.8
151.57,-28.1,1972,2,"041315",36.6
151.57,-28.1,1972,3,"041315",42.3
151.57,-28.1,1972,4,"041315",19.9
151.57,-28.1,1972,5,"041315",15.5
151.57,-28.1,1972,6,"041315",5.6
151.57,-28.1,1972,7,"041315",0.3
151.57,-28.1,1972,8,"041315",54.6
151.57,-28.1,1972,9,"041315",26.2
151.57,-28.1,1972,10,"041315",253.7
151.57,-28.1,1972,11,"041315",83.4
151.57,-28.1,1972,12,"041315",100.6
151.57,-28.1,1973,1,"041315",81.7
151.57,-28.1,1973,2,"041315",124.5
151.57,-28.1,1973,3,"041315",29.2
151.57,-28.1,1973,4,"041315",0
151.57,-28.1,1973,5,"041315",12.7
151.57,-28.1,1973,6,"041315",24.2
151.57,-28.1,1973,7,"041315",82.3
151.57,-28.1,1973,8,"041315",40.5
151.57,-28.1,1973,9,"041315",49.9
151.57,-28.1,1973,10,"041315",55.3
151.57,-28.1,1973,11,"041315",131.7
151.57,-28.1,1973,12,"041315",41.9
151.57,-28.1,1974,1,"041315",84.6
151.57,-28.1,1974,2,"041315",1.8
151.57,-28.1,1974,3,"041315",24
151.57,-28.1,1974,4,"041315",21.2
151.57,-28.1,1974,5,"041315",49.2
151.57,-28.1,1974,6,"041315",40.8
151.57,-28.1,1974,7,"041315",2.4
151.57,-28.1,1974,8,"041315",63
151.57,-28.1,1974,9,"041315",48.2
151.57,-28.1,1974,10,"041315",91.2
151.57,-28.1,1974,11,"041315",139.6
151.57,-28.1,1974,12,"041315",81.8
151.57,-28.1,1975,1,"041315",65.8
151.57,-28.1,1975,2,"041315",155.6
151.57,-28.1,1975,3,"041315",124.8
151.57,-28.1,1975,4,"041315",26.8
151.57,-28.1,1975,5,"041315",0.6
151.57,-28.1,1975,6,"041315",30.6
151.57,-28.1,1975,7,"041315",51.8
151.57,-28.1,1975,8,"041315",27.4
151.57,-28.1,1975,9,"041315",45.8
151.57,-28.1,1975,10,"041315",93.4
151.57,-28.1,1975,11,"041315",73.8
151.57,-28.1,1975,12,"041315",169.6
151.57,-28.1,1976,1,"041315",78.2
151.57,-28.1,1976,2,"041315",196.4
151.57,-28.1,1976,3,"041315",27
151.57,-28.1,1976,4,"041315",6.8
151.57,-28.1,1976,5,"041315",44.2
151.57,-28.1,1976,6,"041315",34
151.57,-28.1,1976,7,"041315",52.6
151.57,-28.1,1976,8,"041315",19.6
151.57,-28.1,1976,9,"041315",84.8
151.57,-28.1,1976,10,"041315",67
151.57,-28.1,1976,11,"041315",130
151.57,-28.1,1976,12,"041315",26.2
151.57,-28.1,1977,1,"041315",42.4
151.57,-28.1,1977,2,"041315",55.6
151.57,-28.1,1977,3,"041315",64.8
151.57,-28.1,1977,4,"041315",24.6
151.57,-28.1,1977,5,"041315",60.4
151.57,-28.1,1977,6,"041315",5.4
151.57,-28.1,1977,7,"041315",0.6
151.57,-28.1,1977,8,"041315",4.8
151.57,-28.1,1977,9,"041315",8
151.57,-28.1,1977,10,"041315",41.8
151.57,-28.1,1977,11,"041315",59.2
151.57,-28.1,1977,12,"041315",26.2
151.57,-28.1,1978,1,"041315",105.2
151.57,-28.1,1978,2,"041315",8.6
151.57,-28.1,1978,3,"041315",43.2
151.57,-28.1,1978,4,"041315",50
151.57,-28.1,1978,5,"041315",54.8
151.57,-28.1,1978,6,"041315",33.6
151.57,-28.1,1978,7,"041315",75.4
151.57,-28.1,1978,8,"041315",43.4
151.57,-28.1,1978,9,"041315",90.4
151.57,-28.1,1978,10,"041315",55.4
151.57,-28.1,1978,11,"041315",90.2
151.57,-28.1,1978,12,"041315",73.8
151.57,-28.1,1979,1,"041315",76.2
151.57,-28.1,1979,2,"041315",20.8
151.57,-28.1,1979,3,"041315",69.8
151.57,-28.1,1979,4,"041315",19.4
151.57,-28.1,1979,5,"041315",44.2
151.57,-28.1,1979,6,"041315",39.4
151.57,-28.1,1979,7,"041315",18.2
151.57,-28.1,1979,8,"041315",9.2
151.57,-28.1,1979,9,"041315",11.8
151.57,-28.1,1979,10,"041315",112.4
151.57,-28.1,1979,11,"041315",102
151.57,-28.1,1979,12,"041315",61.6
151.57,-28.1,1980,1,"041315",36.2
151.57,-28.1,1980,2,"041315",38.6
151.57,-28.1,1980,3,"041315",3.8
151.57,-28.1,1980,4,"041315",1.4
151.57,-28.1,1980,5,"041315",60.6
151.57,-28.1,1980,6,"041315",10
151.57,-28.1,1980,7,"041315",23
151.57,-28.1,1980,8,"041315",22.6
151.57,-28.1,1980,9,"041315",0
151.57,-28.1,1980,10,"041315",78.8
151.57,-28.1,1980,11,"041315",24
151.57,-28.1,1980,12,"041315",124.2
151.57,-28.1,1981,1,"041315",33
151.57,-28.1,1981,2,"041315",79.6
151.57,-28.1,1981,3,"041315",61
151.57,-28.1,1981,4,"041315",63.8
151.57,-28.1,1981,5,"041315",58.2
151.57,-28.1,1981,6,"041315",43.6
151.57,-28.1,1981,7,"041315",57.4
151.57,-28.1,1981,8,"041315",21.4
151.57,-28.1,1981,9,"041315",7
151.57,-28.1,1981,10,"041315",27.4
151.57,-28.1,1981,11,"041315",94.2
151.57,-28.1,1981,12,"041315",178
151.57,-28.1,1982,1,"041315",65.6
151.57,-28.1,1982,2,"041315",106
151.57,-28.1,1982,3,"041315",193.6
151.57,-28.1,1982,4,"041315",25
151.57,-28.1,1982,5,"041315",10
151.57,-28.1,1982,6,"041315",0
151.57,-28.1,1982,7,"041315",19.4
151.57,-28.1,1982,8,"041315",1
151.57,-28.1,1982,9,"041315",66.6
151.57,-28.1,1982,10,"041315",53.4
151.57,-28.1,1982,11,"041315",18
151.57,-28.1,1982,12,"041315",196.8
151.57,-28.1,1983,1,"041315",49.8
151.57,-28.1,1983,2,"041315",23.4
151.57,-28.1,1983,3,"041315",80.6
151.57,-28.1,1983,4,"041315",79.8
151.57,-28.1,1983,5,"041315",235.6
151.57,-28.1,1983,6,"041315",91.6
151.57,-28.1,1983,7,"041315",51.4
151.57,-28.1,1983,8,"041315",27.6
151.57,-28.1,1983,9,"041315",59.2
151.57,-28.1,1983,10,"041315",129.6
151.57,-28.1,1983,11,"041315",83.2
151.57,-28.1,1983,12,"041315",78
151.57,-28.1,1984,1,"041315",109
151.57,-28.1,1984,2,"041315",12.6
151.57,-28.1,1984,3,"041315",59.8
151.57,-28.1,1984,4,"041315",146.6
151.57,-28.1,1984,5,"041315",8.8
151.57,-28.1,1984,6,"041315",13.8
151.57,-28.1,1984,7,"041315",129.8
151.57,-28.1,1984,8,"041315",22.4
151.57,-28.1,1984,9,"041315",48.4
151.57,-28.1,1984,10,"041315",12.6
151.57,-28.1,1984,11,"041315",96.2
151.57,-28.1,1984,12,"041315",20
151.57,-28.1,1985,1,"041315",49.4
151.57,-28.1,1985,2,"041315",42.2
151.57,-28.1,1985,3,"041315",8.4
151.57,-28.1,1985,4,"041315",29.2
151.57,-28.1,1985,5,"041315",30.8
151.57,-28.1,1985,6,"041315",46.4
151.57,-28.1,1985,7,"041315",33.2
151.57,-28.1,1985,8,"041315",62.2
151.57,-28.1,1985,9,"041315",36.2
151.57,-28.1,1985,10,"041315",29.6
151.57,-28.1,1985,11,"041315",27.4
151.57,-28.1,1985,12,"041315",112.8
151.57,-28.1,1986,1,"041315",63.8
151.57,-28.1,1986,2,"041315",117.4
151.57,-28.1,1986,3,"041315",7
151.57,-28.1,1986,4,"041315",0.8
151.57,-28.1,1986,5,"041315",92.8
151.57,-28.1,1986,6,"041315",0
151.57,-28.1,1986,7,"041315",40.2
151.57,-28.1,1986,8,"041315",51
151.57,-28.1,1986,9,"041315",11.6
151.57,-28.1,1986,10,"041315",57.2
151.57,-28.1,1986,11,"041315",76.4
151.57,-28.1,1986,12,"041315",26.2
151.57,-28.1,1987,1,"041315",79.6
151.57,-28.1,1987,2,"041315",22.4
151.57,-28.1,1987,3,"041315",65.4
151.57,-28.1,1987,4,"041315",1.6
151.57,-28.1,1987,5,"041315",72.6
151.57,-28.1,1987,6,"041315",25.4
151.57,-28.1,1987,7,"041315",38.8
151.57,-28.1,1987,8,"041315",91.2
151.57,-28.1,1987,9,"041315",16.6
151.57,-28.1,1987,10,"041315",149.6
151.57,-28.1,1987,11,"041315",17.4
151.57,-28.1,1987,12,"041315",126.6
151.57,-28.1,1988,1,"041315",118.8
151.57,-28.1,1988,2,"041315",139.2
151.57,-28.1,1988,3,"041315",25.8
151.57,-28.1,1988,4,"041315",291.2
151.57,-28.1,1988,5,"041315",17.4
151.57,-28.1,1988,6,"041315",27.8
151.57,-28.1,1988,7,"041315",90.8
151.57,-28.1,1988,8,"041315",40.2
151.57,-28.1,1988,9,"041315",38.8
151.57,-28.1,1988,10,"041315",19.8
151.57,-28.1,1988,11,"041315",40.6
151.57,-28.1,1988,12,"041315",106.6
151.57,-28.1,1989,1,"041315",44.4
151.57,-28.1,1989,2,"041315",23.4
151.57,-28.1,1989,3,"041315",172.6
151.57,-28.1,1989,4,"041315",53.4
151.57,-28.1,1989,5,"041315",24.2
151.57,-28.1,1989,6,"041315",25.4
151.57,-28.1,1989,7,"041315",35
151.57,-28.1,1989,8,"041315",9.8
151.57,-28.1,1989,9,"041315",10.2
151.57,-28.1,1989,10,"041315",82.2
151.57,-28.1,1989,11,"041315",89.8
151.57,-28.1,1989,12,"041315",119.4
151.57,-28.1,1990,1,"041315",51.8
151.57,-28.1,1990,2,"041315",106.6
151.57,-28.1,1990,3,"041315",24.4
151.57,-28.1,1990,4,"041315",128.4
151.57,-28.1,1990,5,"041315",95.4
151.57,-28.1,1990,6,"041315",36.8
151.57,-28.1,1990,7,"041315",23.8
151.57,-28.1,1990,8,"041315",13.6
151.57,-28.1,1990,9,"041315",20
151.57,-28.1,1990,10,"041315",13.4
151.57,-28.1,1990,11,"041315",49.6
151.57,-28.1,1990,12,"041315",18.6
151.57,-28.1,1991,1,"041315",98.2
151.57,-28.1,1991,2,"041315",49.8
151.57,-28.1,1991,3,"041315",7.8
151.57,-28.1,1991,4,"041315",0
151.57,-28.1,1991,5,"041315",31.4
151.57,-28.1,1991,6,"041315",8.4
151.57,-28.1,1991,7,"041315",25.6
151.57,-28.1,1991,8,"041315",0
151.57,-28.1,1991,9,"041315",4.8
151.57,-28.1,1991,10,"041315",35.2
151.57,-28.1,1991,11,"041315",67.6
151.57,-28.1,1991,12,"041315",86.4
151.57,-28.1,1992,1,"041315",90
151.57,-28.1,1992,2,"041315",113
151.57,-28.1,1992,3,"041315",11.6
151.57,-28.1,1992,4,"041315",16.8
151.57,-28.1,1992,5,"041315",67
151.57,-28.1,1992,6,"041315",7
151.57,-28.1,1992,7,"041315",43
151.57,-28.1,1992,8,"041315",41.2
151.57,-28.1,1992,9,"041315",36
151.57,-28.1,1992,10,"041315",30
151.57,-28.1,1992,11,"041315",39.6
151.57,-28.1,1992,12,"041315",76.6
151.57,-28.1,1993,1,"041315",36
151.57,-28.1,1993,2,"041315",31.4
151.57,-28.1,1993,3,"041315",16.8
151.57,-28.1,1993,4,"041315",0.2
151.57,-28.1,1993,5,"041315",38.4
151.57,-28.1,1993,6,"041315",43.8
151.57,-28.1,1993,7,"041315",63.4
151.57,-28.1,1993,8,"041315",11.4
151.57,-28.1,1993,9,"041315",27.8
151.57,-28.1,1993,10,"041315",91.2
151.57,-28.1,1993,11,"041315",4.6
151.57,-28.1,1993,12,"041315",75.2
151.57,-28.1,1994,1,"041315",51.4
151.57,-28.1,1994,2,"041315",70.6
151.57,-28.1,1994,3,"041315",75
151.57,-28.1,1994,4,"041315",2
151.57,-28.1,1994,5,"041315",14.4
151.57,-28.1,1994,6,"041315",9.8
151.57,-28.1,1994,7,"041315",2.8
151.57,-28.1,1994,8,"041315",2.4
151.57,-28.1,1994,9,"041315",6
151.57,-28.1,1994,10,"041315",32.2
151.57,-28.1,1994,11,"041315",38.6
151.57,-28.1,1994,12,"041315",37.2
151.57,-28.1,1995,1,"041315",94.4
151.57,-28.1,1995,2,"041315",79
151.57,-28.1,1995,3,"041315",31
151.57,-28.1,1995,4,"041315",1.4
151.57,-28.1,1995,5,"041315",41.2
151.57,-28.1,1995,6,"041315",19.8
151.57,-28.1,1995,7,"041315",2.8
151.57,-28.1,1995,8,"041315",0
151.57,-28.1,1995,9,"041315",59.8
151.57,-28.1,1995,10,"041315",45.6
151.57,-28.1,1995,11,"041315",138.6
151.57,-28.1,1995,12,"041315",126.4
151.57,-28.1,1996,1,"041315",150.6
151.57,-28.1,1996,2,"041315",56
151.57,-28.1,1996,3,"041315",64.6
151.57,-28.1,1996,4,"041315",26.6
151.57,-28.1,1996,5,"041315",240.8
151.57,-28.1,1996,6,"041315",4.6
151.57,-28.1,1996,7,"041315",29.6
151.57,-28.1,1996,8,"041315",52.6
151.57,-28.1,1996,9,"041315",43.6
151.57,-28.1,1996,10,"041315",109
151.57,-28.1,1996,11,"041315",49.6
151.57,-28.1,1996,12,"041315",121.4
151.57,-28.1,1997,1,"041315",12.2
151.57,-28.1,1997,2,"041315",61
151.57,-28.1,1997,3,"041315",2.6
151.57,-28.1,1997,4,"041315",2
151.57,-28.1,1997,5,"041315",79
151.57,-28.1,1997,6,"041315",11
151.57,-28.1,1997,7,"041315",4.2
151.57,-28.1,1997,8,"041315",3
151.57,-28.1,1997,9,"041315",67.6
151.57,-28.1,1997,10,"041315",81.8
151.57,-28.1,1997,11,"041315",71.4
151.57,-28.1,1997,12,"041315",85.6
151.57,-28.1,1998,1,"041315",60
151.57,-28.1,1998,2,"041315",82.8
151.57,-28.1,1998,3,"041315",1.4
151.57,-28.1,1998,4,"041315",40.4
151.57,-28.1,1998,5,"041315",42.4
151.57,-28.1,1998,6,"041315",54.8
151.57,-28.1,1998,7,"041315",88.6
151.57,-28.1,1998,8,"041315",64.8
151.57,-28.1,1998,9,"041315",72.2
151.57,-28.1,1998,10,"041315",62.8
151.57,-28.1,1998,11,"041315",47.6
151.57,-28.1,1998,12,"041315",69
151.57,-28.1,1999,1,"041315",59
151.57,-28.1,1999,2,"041315",43.2
151.57,-28.1,1999,3,"041315",180.6
151.57,-28.1,1999,4,"041315",29.2
151.57,-28.1,1999,5,"041315",33.4
151.57,-28.1,1999,6,"041315",12
151.57,-28.1,1999,7,"041315",51.2
151.57,-28.1,1999,8,"041315",15.6
151.57,-28.1,1999,9,"041315",7.2
151.57,-28.1,1999,10,"041315",107
151.57,-28.1,1999,11,"041315",106.8
151.57,-28.1,1999,12,"041315",136.2
151.57,-28.1,2000,1,"041315",65.4
151.57,-28.1,2000,2,"041315",25.4
151.57,-28.1,2000,3,"041315",38.8
151.57,-28.1,2000,4,"041315",3.2
151.57,-28.1,2000,5,"041315",30.2
151.57,-28.1,2000,6,"041315",28.2
151.57,-28.1,2000,7,"041315",13.2
151.57,-28.1,2000,8,"041315",2.4
151.57,-28.1,2000,9,"041315",6
151.57,-28.1,2000,10,"041315",42.6
151.57,-28.1,2000,11,"041315",32.2
151.57,-28.1,2000,12,"041315",70.4
151.57,-28.1,2001,1,"041315",25
151.57,-28.1,2001,2,"041315",77.4
151.57,-28.1,2001,3,"041315",53.4
151.57,-28.1,2001,4,"041315",35.4
151.57,-28.1,2001,5,"041315",52.2
151.57,-28.1,2001,6,"041315",5
151.57,-28.1,2001,7,"041315",33.8
151.57,-28.1,2001,8,"041315",13.8
151.57,-28.1,2001,9,"041315",34.8
151.57,-28.1,2001,10,"041315",84
151.57,-28.1,2001,11,"041315",131
151.57,-28.1,2001,12,"041315",39.8
151.57,-28.1,2002,1,"041315",16.8
151.57,-28.1,2002,2,"041315",11.4
151.57,-28.1,2002,3,"041315",122.2
151.57,-28.1,2002,4,"041315",0
151.57,-28.1,2002,5,"041315",7.6
151.57,-28.1,2002,6,"041315",40.8
151.57,-28.1,2002,7,"041315",3
151.57,-28.1,2002,8,"041315",31
151.57,-28.1,2002,9,"041315",8.6
151.57,-28.1,2002,10,"041315",32.4
151.57,-28.1,2002,11,"041315",23.6
151.57,-28.1,2002,12,"041315",67.8
151.57,-28.1,2003,1,"041315",98
151.57,-28.1,2003,2,"041315",101.8
151.57,-28.1,2003,3,"041315",50
151.57,-28.1,2003,4,"041315",34.4
151.57,-28.1,2003,5,"041315",12.2
151.57,-28.1,2003,6,"041315",31.2
151.57,-28.1,2003,7,"041315",26.4
151.57,-28.1,2003,8,"041315",13
151.57,-28.1,2003,9,"041315",1.8
151.57,-28.1,2003,10,"041315",91.2
151.57,-28.1,2003,11,"041315",25.6
151.57,-28.1,2003,12,"041315",145
151.57,-28.1,2004,1,"041315",136.4
151.57,-28.1,2004,2,"041315",57
151.57,-28.1,2004,3,"041315",38.8
151.57,-28.1,2004,4,"041315",56.2
151.57,-28.1,2004,5,"041315",5
151.57,-28.1,2004,6,"041315",3.2
151.57,-28.1,2004,7,"041315",13
151.57,-28.1,2004,8,"041315",22.2
151.57,-28.1,2004,9,"041315",36
151.57,-28.1,2004,10,"041315",51.8
151.57,-28.1,2004,11,"041315",91.6
151.57,-28.1,2004,12,"041315",94.8
151.57,-28.1,2005,1,"041315",36.4
151.57,-28.1,2005,2,"041315",14
151.57,-28.1,2005,3,"041315",16.8
151.57,-28.1,2005,4,"041315",4.6
151.57,-28.1,2005,5,"041315",25.8
151.57,-28.1,2005,6,"041315",80.6
151.57,-28.1,2005,7,"041315",3
151.57,-28.1,2005,8,"041315",8.6
151.57,-28.1,2005,9,"041315",33.6
151.57,-28.1,2005,10,"041315",101.6
151.57,-28.1,2005,11,"041315",104.4
151.57,-28.1,2005,12,"041315",69
151.57,-28.1,2006,1,"041315",89.2
151.57,-28.1,2006,2,"041315",36.8
151.57,-28.1,2006,3,"041315",18
151.57,-28.1,2006,4,"041315",30.6
151.57,-28.1,2006,5,"041315",12.4
151.57,-28.1,2006,6,"041315",8.8
151.57,-28.1,2006,7,"041315",55
151.57,-28.1,2006,8,"041315",3
151.57,-28.1,2006,9,"041315",73
151.57,-28.1,2006,10,"041315",7
151.57,-28.1,2006,11,"041315",63.8
151.57,-28.1,2006,12,"041315",29
151.57,-28.1,2007,1,"041315",19.8
151.57,-28.1,2007,2,"041315",38.6
151.57,-28.1,2007,3,"041315",38.8
151.57,-28.1,2007,4,"041315",23.4
151.57,-28.1,2007,5,"041315",4.4
151.57,-28.1,2007,6,"041315",64.4
151.57,-28.1,2007,7,"041315",1.4
151.57,-28.1,2007,8,"041315",70.6
151.57,-28.1,2007,9,"041315",23.6
151.57,-28.1,2007,10,"041315",96.4
151.57,-28.1,2007,11,"041315",122.4
151.57,-28.1,2007,12,"041315",72.8
151.57,-28.1,2008,1,"041315",45.2
151.57,-28.1,2008,2,"041315",136
151.57,-28.1,2008,3,"041315",21.8
151.57,-28.1,2008,4,"041315",20.6
151.57,-28.1,2008,5,"041315",4.6
151.57,-28.1,2008,6,"041315",40.6
151.57,-28.1,2008,7,"041315",39.2
151.57,-28.1,2008,8,"041315",31.8
151.57,-28.1,2008,9,"041315",46
151.57,-28.1,2008,10,"041315",28
151.57,-28.1,2008,11,"041315",149
151.57,-28.1,2008,12,"041315",86.4
151.57,-28.1,2009,1,"041315",32.6
151.57,-28.1,2009,2,"041315",76
151.57,-28.1,2009,3,"041315",5.6
151.57,-28.1,2009,4,"041315",22
151.57,-28.1,2009,5,"041315",40.2
151.57,-28.1,2009,6,"041315",38
151.57,-28.1,2009,7,"041315",6.2
151.57,-28.1,2009,8,"041315",0.6
151.57,-28.1,2009,9,"041315",14.2
151.57,-28.1,2009,10,"041315",18.2
151.57,-28.1,2009,11,"041315",79
151.57,-28.1,2009,12,"041315",65.6
151.57,-28.1,2010,1,"041315",90.4
151.57,-28.1,2010,2,"041315",55
151.57,-28.1,2010,3,"041315",110.6
151.57,-28.1,2010,4,"041315",5
151.57,-28.1,2010,5,"041315",35.8
151.57,-28.1,2010,6,"041315",12
151.57,-28.1,2010,7,"041315",53.8
151.57,-28.1,2010,8,"041315",89.8
151.57,-28.1,2010,9,"041315",101
151.57,-28.1,2010,10,"041315",77.8
151.57,-28.1,2010,11,"041315",107
151.57,-28.1,2010,12,"041315",222.4
151.57,-28.1,2011,1,"041315",172.2
151.57,-28.1,2011,2,"041315",36.8
151.57,-28.1,2011,3,"041315",118.4
151.57,-28.1,2011,4,"041315",47.6
151.57,-28.1,2011,5,"041315",70.8
151.57,-28.1,2011,6,"041315",15
151.57,-28.1,2011,7,"041315",10.6
151.57,-28.1,2011,8,"041315",49
151.57,-28.1,2011,9,"041315",32.8
151.57,-28.1,2011,10,"041315",99
151.57,-28.1,2011,11,"041315",33.4
151.57,-28.1,2011,12,"041315",138.2
151.57,-28.1,2012,1,"041315",57
151.57,-28.1,2012,2,"041315",44.4
151.57,-28.1,2012,3,"041315",17.4
151.57,-28.1,2012,4,"041315",57
151.57,-28.1,2012,5,"041315",44.6
151.57,-28.1,2012,6,"041315",58.2
151.57,-28.1,2012,7,"041315",24.4
151.57,-28.1,2012,8,"041315",6.2
151.57,-28.1,2012,9,"041315",17
151.57,-28.1,2012,10,"041315",42.8
151.57,-28.1,2012,11,"041315",62.8
151.57,-28.1,2012,12,"041315",106.4
151.57,-28.1,2013,1,"041315",133.8
151.57,-28.1,2013,2,"041315",46.6
151.57,-28.1,2013,3,"041315",72.4
151.57,-28.1,2013,4,"041315",44
151.57,-28.1,2013,5,"041315",26.6
151.57,-28.1,2013,6,"041315",79.4
151.57,-28.1,2013,7,"041315",48
151.57,-28.1,2013,8,"041315",2.4
151.57,-28.1,2013,9,"041315",32
151.57,-28.1,2013,10,"041315",48
151.57,-28.1,2013,11,"041315",59
151.57,-28.1,2013,12,"041315",15.4
151.57,-28.1,2014,1,"041315",44.4
151.57,-28.1,2014,2,"041315",17.6
151.57,-28.1,2014,3,"041315",146.8
151.57,-28.1,2014,4,"041315",1.4
151.57,-28.1,2014,5,"041315",26
151.57,-28.1,2014,6,"041315",13.2
151.57,-28.1,2014,7,"041315",4
151.57,-28.1,2014,8,"041315",58
151.57,-28.1,2014,9,"041315",13
151.57,-28.1,2014,10,"041315",10.6
151.57,-28.1,2014,11,"041315",41.2
151.57,-28.1,2014,12,"041315",186.8
151.57,-28.1,2015,1,"041315",98.2
151.57,-28.1,2015,2,"041315",60.8
151.57,-28.1,2015,3,"041315",22.8
151.57,-28.1,2015,4,"041315",45
151.57,-28.1,2015,5,"041315",93.2
151.57,-28.1,2015,6,"041315",23.2
151.57,-28.1,2015,7,"041315",24.6
151.57,-28.1,2015,8,"041315",13.6
151.57,-28.1,2015,9,"041315",35.6
151.57,-28.1,2015,10,"041315",39
151.57,-28.1,2015,11,"041315",87.2
151.57,-28.1,2015,12,"041315",68.6
151.57,-28.1,2016,1,"041315",80.6
151.57,-28.1,2016,2,"041315",83.4
151.57,-28.1,2016,3,"041315",28.6
151.57,-28.1,2016,4,"041315",39
151.57,-28.1,2016,5,"041315",24.6
151.57,-28.1,2016,6,"041315",54.2
151.57,-28.1,2016,7,"041315",15.4
151.57,-28.1,2016,8,"041315",84.6
151.57,-28.1,2016,9,"041315",104.6
151.57,-28.1,2016,10,"041315",44
151.57,-28.1,2016,11,"041315",33.6
151.57,-28.1,2016,12,"041315",49.2
151.57,-28.1,2017,1,"041315",46.4
151.57,-28.1,2017,2,"041315",33.8
151.57,-28.1,2017,3,"041315",165.8
151.57,-28.1,2017,4,"041315",10
151.57,-28.1,2017,5,"041315",11.2
151.57,-28.1,2017,6,"041315",37.4
151.57,-28.1,2017,7,"041315",28
151.57,-28.1,2017,8,"041315",NA
151.57,-28.1,2017,9,"041315",NA
151.57,-28.1,2017,10,"041315",NA
151.57,-28.1,2017,11,"041315",NA
151.57,-28.1,2017,12,"041315",NA
